No secret talks -
276
887,818,0
907,864,0
916,896,0
918,932,0
919,970,0
914,1001,0
915,1038,0
911,1065,0
909,1089,1
869,800,1
872,805,0
890,827,0
890,839,0
896,858,0
916,887,0
933,912,0
959,941,0
995,974,0
1036,1009,0
1083,1042,0
1133,1072,0
1176,1093,0
1219,1107,0
1254,1114,0
1288,1111,0
1315,1096,0
1336,1066,0
1350,1023,0
1357,975,0
1360,923,0
1360,875,0
1417,796,0
1397,752,0
1387,721,1
1738,933,0
1729,926,0
1713,918,0
1692,914,0
1663,912,0
1638,916,0
1609,923,0
1582,931,0
1570,948,0
1569,968,0
1575,987,0
1594,1008,0
1613,1025,0
1639,1037,0
1657,1039,0
1673,1034,0
1698,1025,0
1721,1008,0
1734,988,0
1742,972,0
1737,960,1
2543,937,0
2573,950,0
2610,965,0
2636,977,0
2660,991,0
2672,1002,0
2680,1013,0
2678,1025,0
2667,1037,0
2653,1047,0
2614,1049,0
2574,1046,0
2516,1035,0
2462,1017,0
2404,996,0
2348,972,0
2306,948,1
2737,979,0
2746,972,0
2759,963,0
2777,952,0
2784,936,0
2795,923,0
2796,911,0
2796,900,0
2786,892,0
2770,888,0
2753,890,0
2744,900,0
2732,915,0
2731,936,0
2742,960,0
2753,984,0
2773,1007,0
2802,1029,0
2834,1045,0
2869,1056,0
2911,1061,1
3240,887,0
3223,889,0
3204,895,0
3180,904,0
3163,919,0
3151,937,0
3139,957,0
3139,980,0
3147,1002,0
3165,1024,0
3188,1042,0
3213,1054,0
3249,1060,0
3279,1059,0
3313,1053,0
3339,1041,0
3370,1025,1
3443,925,0
3450,930,0
3455,942,0
3462,957,0
3465,974,0
3467,993,0
3474,1009,0
3483,1021,0
3481,1026,0
3484,1027,0
3482,1020,0
3479,1007,0
3472,989,0
3471,970,0
3474,948,0
3472,926,0
3479,904,0
3489,887,0
3505,875,0
3527,866,0
3553,866,0
3586,867,0
3619,870,0
3649,878,0
3679,890,1
3696,975,0
3706,972,0
3715,966,0
3731,957,0
3743,943,0
3756,928,0
3761,909,0
3766,892,0
3761,879,0
3750,871,0
3739,870,0
3724,876,0
3713,890,0
3703,909,0
3701,931,0
3702,955,0
3719,982,0
3737,1005,0
3764,1026,0
3796,1042,0
3831,1054,0
3867,1059,0
3905,1059,0
3945,1052,0
3986,1038,0
4022,1015,0
4051,986,0
4073,952,0
4095,914,1
4097,708,0
4106,728,0
4114,757,0
4114,790,0
4123,827,0
4126,866,0
4134,902,0
4143,936,0
4147,965,0
4155,987,0
4162,1002,0
4164,1010,0
4165,1008,1
4276,914,1
4249,904,0
4225,901,0
4193,901,0
4164,902,0
4134,903,0
4117,907,0
4100,909,0
4096,910,1
5054,672,0
5055,671,0
5054,670,0
5058,672,0
5054,675,0
5057,673,0
5065,680,0
5063,694,0
5064,714,0
5069,737,0
5074,767,0
5076,798,0
5083,830,0
5086,860,0
5086,887,0
5089,911,0
5089,932,1
5153,850,0
5105,847,0
5057,844,0
5004,839,0
4965,836,1
5487,844,0
5460,849,0
5424,856,0
5401,872,0
5378,885,0
5367,899,0
5366,913,0
5375,928,0
5397,938,1
5443,951,0
5464,950,0
5486,941,0
5508,931,1
5548,887,0
5554,880,0
5553,880,0
5557,883,0
5571,921,0
5588,941,0
5608,962,0
5630,979,0
5643,994,0
5658,1003,0
5670,1003,1
5808,704,0
5806,716,0
5803,738,0
5808,760,0
5805,784,0
5814,813,0
5818,844,0
5754,1230,0
5761,1254,0
5760,1274,0
5760,1292,0
5762,1305,0
5759,1311,1
5874,786,0
5875,813,0
5879,839,0
5875,866,0
5875,893,0
5871,916,0
5877,936,1
5923,844,0
5909,850,0
5901,859,0
5894,869,0
5901,884,0
5911,898,0
5937,912,0
5970,932,0
6285,1014,0
6312,1018,0
6329,1018,1
6367,958,0
6338,954,0
6305,943,0
6274,931,1
6688,817,0
6704,816,0
6728,815,0
6747,824,0
6789,847,0
6831,871,0
6873,890,0
6905,891,0
6917,880,1