Labour should not take any steps
620
1039,2069,0
1037,2068,0
1041,2080,0
1043,2096,0
1043,2121,0
1042,2153,0
1040,2197,0
1035,2232,0
1032,2276,0
1029,2309,0
1028,2332,0
1030,2344,0
1037,2352,0
1050,2357,0
1066,2349,0
1088,2337,0
1114,2333,0
1141,2328,0
1167,2331,0
1194,2330,0
1222,2328,1
1383,2202,0
1382,2207,0
1375,2199,0
1368,2204,0
1360,2218,0
1351,2243,0
1344,2277,0
1339,2297,0
1343,2317,0
1348,2324,0
1356,2323,0
1370,2321,0
1381,2303,0
1393,2285,0
1401,2256,0
1410,2234,0
1414,2234,0
1413,2230,0
1418,2249,0
1426,2281,0
1432,2300,0
1442,2314,0
1454,2325,0
1459,2323,0
1464,2315,1
1522,2107,0
1525,2111,0
1527,2122,0
1527,2147,0
1527,2183,0
1527,2221,0
1520,2247,0
1518,2276,0
1512,2294,0
1510,2302,0
1513,2305,0
1521,2303,0
1536,2297,0
1553,2277,0
1571,2256,0
1587,2244,0
1603,2235,0
1620,2235,0
1633,2236,0
1643,2241,0
1648,2248,0
1650,2260,0
1643,2275,0
1628,2283,0
1614,2294,0
1601,2306,0
1588,2314,0
1578,2323,0
1568,2326,1
1713,2251,0
1711,2251,0
1709,2252,0
1703,2258,0
1699,2272,0
1694,2289,0
1689,2303,0
1691,2315,0
1694,2319,0
1703,2324,0
1715,2321,0
1727,2314,0
1737,2302,0
1742,2283,0
1751,2273,0
1751,2255,0
1749,2244,0
1746,2240,0
1744,2237,0
1742,2237,0
1742,2238,1
1841,2237,0
1840,2237,0
1839,2246,0
1838,2263,0
1835,2282,0
1836,2298,0
1841,2310,0
1845,2312,0
1856,2313,0
1870,2304,0
1886,2293,0
1899,2280,0
1914,2265,0
1930,2254,0
1940,2246,0
1944,2244,0
1947,2247,0
1949,2255,0
1947,2264,0
1947,2282,0
1946,2295,0
1944,2305,0
1947,2312,0
1949,2316,0
1952,2315,0
1952,2314,0
1956,2317,0
1955,2313,0
1957,2312,0
1957,2312,0
1957,2312,0
1956,2313,0
1955,2313,0
1956,2312,0
1955,2313,0
1957,2316,0
1957,2316,1
2035,2261,0
2034,2275,0
2026,2283,0
2023,2293,0
2022,2298,0
2020,2299,0
2021,2298,0
2024,2297,0
2030,2290,0
2037,2273,0
2048,2256,0
2060,2241,0
2082,2239,0
2097,2231,0
2121,2237,0
2135,2235,0
2153,2239,1
2654,2213,0
2648,2208,0
2644,2207,0
2638,2205,0
2637,2206,0
2640,2215,0
2638,2225,0
2648,2244,0
2656,2257,0
2664,2271,0
2666,2280,0
2668,2289,0
2660,2294,0
2651,2301,0
2634,2308,0
2612,2309,0
2591,2314,0
2569,2315,0
2552,2313,0
2540,2311,0
2537,2308,1
2772,2106,0
2771,2108,0
2767,2116,0
2761,2132,0
2756,2157,0
2743,2178,0
2732,2203,0
2726,2224,0
2719,2239,0
2717,2245,0
2726,2253,0
2732,2254,0
2741,2252,0
2760,2248,0
2772,2243,0
2779,2242,0
2786,2246,0
2795,2255,0
2805,2268,0
2817,2278,0
2829,2289,1
2960,2239,0
2956,2236,0
2953,2239,0
2948,2251,0
2938,2265,0
2938,2286,0
2935,2299,0
2938,2307,0
2944,2312,0
2956,2311,0
2970,2305,0
2982,2294,0
2995,2282,0
3003,2265,0
3002,2248,0
2999,2241,0
2997,2238,0
2996,2239,0
2996,2239,0
2999,2236,0
3003,2232,1
3085,2210,0
3087,2213,0
3088,2228,0
3086,2246,0
3087,2263,0
3092,2275,0
3098,2280,0
3108,2281,0
3120,2275,0
3134,2268,0
3150,2263,0
3163,2256,0
3170,2255,0
3173,2257,0
3177,2265,0
3177,2275,0
3181,2283,1
3279,2096,0
3280,2102,0
3276,2118,0
3277,2142,0
3272,2164,0
3274,2186,0
3270,2203,0
3271,2219,0
3271,2229,1
3385,2182,0
3385,2183,0
3378,2183,0
3373,2195,0
3363,2213,0
3351,2231,0
3345,2245,0
3342,2253,0
3344,2257,0
3357,2261,0
3368,2254,0
3385,2244,0
3400,2225,0
3420,2203,0
3443,2176,0
3465,2151,0
3477,2128,0
3482,2116,0
3484,2115,0
3484,2115,0
3485,2119,0
3482,2135,0
3481,2162,0
3481,2187,0
3482,2210,0
3491,2230,0
3496,2244,0
3503,2253,0
3520,2258,1
3772,2167,0
3768,2173,0
3762,2187,0
3762,2207,0
3759,2224,0
3757,2239,0
3756,2246,0
3754,2250,0
3755,2249,0
3755,2248,0
3759,2244,0
3766,2229,0
3781,2208,0
3791,2181,0
3810,2164,0
3822,2152,0
3840,2149,0
3855,2148,0
3869,2157,0
3880,2169,0
3892,2186,0
3900,2202,0
3910,2216,0
3923,2231,0
3932,2239,1
4058,2200,0
4058,2200,0
4059,2198,0
4054,2198,0
4052,2201,0
4037,2209,0
4032,2224,0
4031,2239,0
4029,2248,0
4034,2254,0
4044,2256,0
4060,2253,0
4073,2241,0
4091,2230,0
4104,2217,0
4111,2200,0
4111,2184,0
4111,2172,0
4095,2159,0
4092,2157,0
4084,2154,0
4080,2152,0
4082,2157,0
4087,2156,0
4103,2147,1
4239,2080,0
4239,2080,0
4239,2081,0
4237,2091,0
4238,2113,0
4229,2135,0
4222,2161,0
4206,2178,0
4198,2198,0
4198,2214,0
4192,2222,0
4191,2225,0
4187,2223,1
4186,2208,0
4188,2207,0
4189,2205,0
4204,2205,0
4218,2205,0
4229,2203,0
4243,2203,0
4247,2197,1
4522,2063,0
4514,2075,0
4512,2097,0
4505,2118,0
4498,2137,0
4501,2157,0
4495,2166,0
4493,2177,0
4489,2184,0
4492,2188,0
4492,2188,0
4492,2188,0
4492,2186,1
4511,2140,0
4512,2139,0
4511,2140,0
4512,2139,0
4511,2140,1
4512,2139,0
4512,2139,0
4515,2141,0
4512,2139,0
4515,2141,0
4512,2137,0
4519,2141,0
4520,2139,0
4530,2139,0
4543,2140,0
4557,2140,0
4570,2140,1
4746,2154,0
4739,2151,0
4731,2147,0
4727,2147,0
4717,2147,0
4702,2151,0
4690,2164,0
4677,2178,0
4669,2193,0
4669,2203,0
4676,2212,0
4693,2215,0
4716,2207,0
4740,2196,0
4765,2186,0
4790,2173,0
4804,2154,0
4813,2147,0
4816,2148,0
4816,2149,0
4816,2165,0
4816,2182,0
4823,2195,0
4833,2203,0
4843,2200,1
4935,2048,0
4929,2060,0
4917,2084,0
4913,2109,0
4903,2130,0
4898,2149,0
4893,2159,0
4893,2166,0
4900,2170,0
4914,2171,0
4929,2167,0
4947,2159,0
4963,2144,1
4992,2123,0
4985,2126,0
4975,2139,0
4967,2154,0
4963,2169,0
4962,2181,0
4971,2190,0
4982,2194,0
4997,2192,0
5014,2185,0
5033,2174,0
5052,2162,1
5073,2130,0
5073,2130,0
5070,2136,0
5066,2154,0
5070,2173,0
5082,2192,0
5106,2206,0
5129,2214,1
5432,2070,0
5430,2065,0
5427,2060,0
5418,2061,0
5407,2067,0
5388,2079,0
5372,2104,0
5355,2133,0
5347,2159,0
5347,2179,0
5349,2186,0
5354,2191,0
5373,2198,0
5382,2189,0
5408,2180,0
5424,2164,0
5449,2149,0
5464,2125,0
5475,2111,0
5472,2108,0
5480,2109,0
5481,2116,0
5486,2136,0
5484,2159,0
5497,2178,0
5505,2190,0
5515,2198,0
5525,2196,0
5541,2188,1
5612,2108,0
5612,2108,0
5605,2111,0
5600,2134,0
5592,2162,0
5589,2178,0
5584,2190,0
5578,2194,0
5578,2194,0
5582,2194,0
5593,2190,0
5600,2175,0
5613,2153,0
5627,2130,0
5650,2109,0
5662,2100,0
5680,2100,0
5687,2104,0
5694,2117,0
5707,2137,0
5716,2157,0
5722,2174,0
5738,2188,0
5747,2197,0
5755,2199,1
5787,2092,0
5789,2097,0
5790,2116,0
5796,2142,0
5807,2159,0
5819,2171,0
5825,2177,0
5841,2179,0
5858,2173,1
5907,2136,0
5894,2157,0
5881,2189,0
5865,2226,0
5841,2262,0
5824,2292,0
5814,2321,0
5804,2344,0
5803,2355,1
6122,2060,0
6122,2058,0
6116,2052,0
6118,2048,0
6115,2043,0
6112,2040,0
6109,2037,0
6109,2036,0
6102,2034,0
6097,2036,0
6088,2036,0
6075,2038,0
6072,2045,0
6072,2056,0
6073,2067,0
6080,2079,0
6089,2090,0
6097,2102,0
6104,2117,0
6108,2130,0
6107,2142,0
6103,2152,0
6100,2159,0
6090,2164,0
6084,2169,0
6067,2169,0
6057,2170,0
6042,2167,0
6026,2163,0
6013,2153,0
6006,2146,0
6005,2138,0
6006,2126,1
6195,1953,0
6194,1954,0
6197,1956,0
6194,1967,0
6194,1990,0
6196,2018,0
6194,2048,0
6191,2070,0
6189,2087,0
6188,2100,0
6188,2110,0
6190,2116,0
6190,2116,1
6162,2076,0
6159,2075,0
6162,2078,0
6175,2087,0
6194,2095,0
6213,2100,0
6230,2101,0
6252,2100,1
6330,2051,0
6326,2048,0
6323,2044,0
6311,2042,0
6297,2046,0
6285,2057,0
6274,2076,0
6270,2097,0
6276,2116,0
6292,2132,0
6308,2142,0
6336,2149,0
6358,2146,1
6447,2066,0
6443,2067,0
6440,2075,0
6441,2096,0
6428,2122,0
6413,2147,0
6401,2170,0
6394,2186,0
6387,2195,0
6386,2199,0
6386,2199,0
6382,2197,0
6389,2190,0
6399,2175,0
6420,2154,0
6435,2125,0
6456,2101,0
6474,2085,0
6490,2077,0
6505,2071,0
6521,2072,0
6522,2070,0
6522,2070,0
6526,2072,0
6526,2072,0
6526,2072,0
6519,2080,0
6513,2096,0
6505,2108,0
6497,2118,0
6494,2126,0
6491,2133,0
6489,2140,0
6482,2145,0
6476,2149,0
6471,2154,0
6466,2156,1
6630,2087,0
6622,2087,0
6626,2089,0
6624,2095,0
6623,2108,0
6626,2125,0
6628,2143,0
6631,2157,0
6630,2171,0
6634,2174,0
6629,2176,0
6624,2177,0
6609,2173,0
6599,2166,0
6584,2159,0
6573,2152,0
6565,2142,1