went on :&quot; We are dealing
530
740,4543,0
738,4543,0
743,4555,0
745,4588,0
742,4632,0
739,4676,0
746,4704,0
760,4717,0
775,4714,0
791,4703,0
804,4684,0
815,4657,0
825,4637,0
837,4633,0
856,4647,0
878,4668,0
902,4705,0
928,4746,0
951,4775,0
970,4787,0
980,4784,0
986,4759,0
989,4707,0
987,4644,0
981,4571,0
972,4519,0
957,4487,0
942,4470,0
931,4470,0
926,4473,0
928,4485,0
938,4507,0
953,4531,1
1049,4669,0
1059,4676,0
1076,4668,0
1098,4664,0
1119,4652,0
1138,4640,0
1153,4628,0
1163,4616,0
1165,4608,0
1157,4591,0
1143,4584,0
1126,4584,0
1105,4592,0
1083,4613,0
1066,4644,0
1061,4672,0
1068,4705,0
1085,4729,0
1110,4740,0
1143,4736,0
1176,4719,0
1204,4695,0
1228,4666,0
1245,4637,0
1257,4597,0
1265,4577,0
1265,4577,0
1266,4580,0
1265,4596,0
1265,4629,0
1270,4668,0
1278,4704,0
1289,4724,0
1302,4731,0
1312,4722,0
1323,4698,0
1337,4657,0
1355,4616,0
1377,4578,0
1399,4557,0
1417,4543,0
1438,4554,0
1451,4573,0
1456,4601,0
1454,4641,0
1450,4677,0
1449,4710,0
1455,4733,0
1465,4748,1
1577,4355,0
1573,4336,0
1568,4316,0
1563,4304,0
1556,4305,0
1549,4322,0
1543,4355,0
1540,4408,0
1543,4476,0
1552,4555,0
1566,4630,0
1587,4704,0
1607,4758,0
1623,4792,0
1640,4806,0
1655,4804,0
1664,4780,1
1499,4617,0
1495,4617,0
1500,4620,0
1522,4618,0
1560,4607,0
1602,4598,0
1647,4584,0
1693,4574,0
1737,4567,0
1780,4565,0
1812,4572,0
1838,4572,1
2081,4572,0
2069,4579,0
2060,4605,0
2048,4649,0
2043,4695,0
2051,4730,0
2072,4746,0
2102,4748,0
2133,4741,0
2161,4726,0
2186,4699,0
2204,4657,0
2211,4611,0
2200,4577,0
2176,4558,0
2147,4544,0
2118,4543,0
2092,4541,0
2078,4544,0
2079,4548,0
2081,4547,0
2104,4562,0
2131,4569,0
2164,4572,0
2200,4572,1
2305,4524,0
2308,4522,0
2308,4522,0
2308,4526,0
2309,4543,0
2307,4572,0
2309,4613,0
2311,4650,0
2317,4690,0
2325,4717,0
2335,4731,0
2347,4736,0
2359,4724,0
2378,4702,0
2394,4668,0
2417,4637,0
2441,4612,0
2456,4604,0
2462,4610,0
2466,4625,0
2467,4646,0
2468,4671,0
2472,4695,0
2480,4718,0
2495,4734,0
2515,4736,0
2540,4732,0
2561,4713,1
2647,4497,0
2654,4503,0
2658,4506,0
2654,4504,0
2653,4504,1
2681,4698,0
2687,4700,0
2688,4700,0
2682,4693,0
2675,4690,0
2670,4685,0
2673,4688,0
2681,4689,0
2698,4696,1
3173,4328,0
3173,4328,0
3177,4335,0
3178,4352,0
3170,4382,0
3152,4413,0
3134,4444,0
3126,4471,0
3120,4478,1
3230,4316,0
3233,4314,0
3235,4323,0
3235,4350,0
3221,4384,0
3202,4430,0
3181,4471,0
3173,4510,0
3173,4536,1
3416,4507,0
3416,4507,0
3417,4516,0
3411,4546,0
3405,4613,0
3403,4691,0
3402,4767,0
3415,4828,0
3436,4866,0
3460,4878,0
3482,4875,0
3503,4859,0
3522,4818,0
3542,4767,0
3562,4729,0
3578,4715,0
3586,4720,0
3607,4745,0
3626,4780,0
3655,4824,0
3694,4871,0
3734,4907,0
3769,4920,0
3791,4908,0
3808,4880,0
3807,4806,0
3802,4721,0
3794,4637,0
3776,4558,0
3769,4506,0
3756,4476,0
3751,4471,0
3752,4476,0
3753,4484,0
3758,4513,0
3773,4556,0
3785,4595,1
3872,4809,0
3892,4812,0
3923,4806,0
3950,4794,0
3973,4776,0
3991,4749,0
4010,4724,0
4022,4702,0
4024,4685,0
4017,4681,0
3994,4677,0
3964,4691,0
3925,4711,0
3892,4746,0
3872,4786,0
3872,4828,0
3891,4858,0
3928,4883,0
3975,4891,0
4030,4895,0
4088,4883,0
4147,4864,0
4199,4838,0
4244,4813,0
4275,4782,1
4673,4690,0
4676,4693,0
4677,4693,0
4676,4694,0
4661,4690,0
4635,4700,0
4603,4725,0
4574,4763,0
4546,4814,0
4530,4865,0
4533,4903,0
4548,4927,0
4568,4932,0
4603,4936,0
4635,4927,0
4661,4907,0
4681,4877,0
4695,4836,0
4699,4788,0
4695,4746,0
4683,4714,0
4671,4697,0
4668,4695,0
4667,4695,0
4670,4704,0
4688,4740,0
4707,4775,0
4732,4807,0
4766,4831,0
4801,4844,0
4828,4838,0
4854,4833,0
4863,4815,1
4859,4746,0
4859,4741,0
4858,4742,0
4860,4746,0
4869,4769,0
4881,4796,0
4896,4835,0
4907,4877,0
4915,4912,0
4924,4930,0
4929,4932,0
4928,4928,0
4927,4902,0
4927,4855,0
4935,4802,0
4950,4759,0
4970,4731,0
4992,4713,0
5010,4707,0
5035,4712,0
5059,4718,0
5090,4728,0
5119,4734,0
5142,4741,1
5104,4838,0
5117,4847,0
5145,4850,0
5176,4844,0
5207,4827,0
5238,4810,0
5262,4789,0
5281,4766,0
5281,4745,0
5267,4736,0
5237,4736,0
5202,4746,0
5175,4760,0
5161,4777,0
5160,4805,0
5168,4840,0
5188,4876,0
5218,4903,0
5258,4922,0
5306,4932,0
5366,4932,1
5818,4803,0
5820,4801,0
5822,4799,0
5823,4798,0
5816,4794,0
5800,4792,0
5764,4802,0
5724,4825,0
5684,4852,0
5651,4891,0
5626,4943,0
5605,4994,0
5602,5047,0
5615,5084,0
5637,5107,0
5665,5120,0
5695,5124,0
5723,5109,0
5752,5072,0
5781,5015,0
5813,4939,0
5841,4848,0
5862,4758,0
5880,4669,0
5887,4579,0
5901,4511,0
5912,4468,0
5917,4456,0
5913,4462,0
5904,4490,0
5886,4551,0
5880,4634,0
5875,4734,0
5870,4830,0
5870,4922,0
5881,4996,0
5899,5046,0
5924,5077,0
5950,5086,0
5978,5080,0
6000,5058,1
5974,4963,0
5983,4966,0
6001,4965,0
6014,4952,0
6033,4932,0
6048,4905,0
6069,4883,0
6083,4857,0
6090,4831,0
6080,4812,0
6059,4799,0
6032,4799,0
6008,4820,0
5985,4850,0
5964,4888,0
5958,4934,0
5965,4985,0
5987,5031,0
6018,5074,0
6052,5102,0
6087,5112,0
6124,5103,0
6160,5078,0
6194,5043,0
6223,5004,1
6293,4847,0
6293,4847,0
6290,4850,0
6280,4854,0
6256,4863,0
6234,4888,0
6207,4923,0
6172,4961,0
6147,4999,0
6132,5031,0
6137,5061,0
6150,5076,0
6178,5082,0
6208,5074,0
6241,5056,0
6264,5026,0
6285,4992,0
6302,4956,0
6305,4917,0
6305,4893,0
6295,4880,0
6283,4876,0
6280,4884,0
6278,4904,0
6281,4936,0
6295,4975,0
6313,5015,0
6326,5047,0
6336,5066,0
6353,5083,0
6365,5088,0
6375,5084,1
6418,4635,0
6411,4642,0
6411,4668,0
6413,4708,0
6416,4767,0
6423,4838,0
6427,4912,0
6435,4982,0
6439,5043,0
6450,5084,0
6463,5111,0
6483,5120,0
6501,5111,1
6577,4966,0
6580,4987,0
6584,5012,0
6587,5039,0
6589,5067,0
6586,5094,0
6588,5110,0
6594,5115,0
6599,5098,1
6615,4836,0
6610,4835,0
6610,4835,0
6613,4838,0
6609,4842,0
6610,4859,0
6611,4879,0
6611,4895,1
6692,4949,0
6698,4967,0
6700,4988,0
6693,5010,0
6690,5037,0
6692,5072,0
6695,5098,0
6702,5114,0
6712,5120,0
6718,5115,0
6729,5096,0
6741,5069,0
6757,5033,0
6777,4998,0
6796,4969,0
6814,4946,0
6830,4941,0
6841,4945,0
6852,4964,0
6851,4990,0
6848,5032,0
6835,5076,0
6824,5120,0
6819,5164,0
6818,5189,1
6976,4982,0
6976,4982,0
6967,4982,0
6946,4989,0
6918,5009,0
6898,5046,0
6879,5081,0
6874,5117,0
6878,5144,0
6898,5157,0
6917,5159,0
6948,5142,0
6978,5119,0
7001,5079,0
7012,5040,0
7011,5003,0
7013,4982,0
7013,4970,0
7009,4968,0
7011,4979,0
7014,5018,0
7008,5076,0
7003,5158,0
6998,5243,0
6980,5338,0
6951,5430,0
6912,5515,0
6855,5588,0
6799,5641,0
6737,5660,0
6691,5656,0
6659,5631,0
6650,5595,0
6661,5548,0
6688,5502,0
6726,5469,0
6768,5446,0
6814,5444,0
6848,5449,0
6879,5468,0
6902,5491,1