of the health Service cuts was
619
1099,1804,0
1091,1797,0
1086,1789,0
1082,1780,0
1078,1769,0
1074,1761,0
1067,1753,0
1052,1744,0
1030,1744,0
1002,1751,0
973,1769,0
950,1800,0
933,1843,0
924,1882,0
923,1914,0
931,1935,0
944,1944,0
960,1941,0
977,1930,0
994,1911,0
1006,1875,0
1017,1840,0
1027,1804,0
1035,1780,0
1037,1760,0
1037,1749,0
1037,1744,0
1033,1740,0
1025,1736,1
1161,1578,0
1155,1570,0
1155,1566,0
1159,1566,0
1160,1566,0
1160,1567,0
1163,1578,0
1161,1602,0
1155,1639,0
1150,1687,0
1144,1739,0
1139,1795,0
1133,1848,0
1126,1900,0
1120,1940,0
1121,1976,0
1124,2000,0
1126,2008,0
1127,2008,0
1126,1996,0
1126,1984,1
1136,1792,0
1136,1788,0
1140,1788,0
1151,1788,0
1168,1786,0
1187,1781,0
1204,1772,0
1215,1759,0
1222,1751,1
1456,1604,0
1456,1604,0
1459,1604,0
1463,1603,0
1462,1599,0
1467,1605,0
1475,1621,0
1479,1639,0
1483,1672,0
1479,1706,0
1473,1744,0
1465,1783,0
1456,1822,0
1448,1861,0
1440,1891,0
1434,1913,0
1430,1923,0
1431,1922,0
1431,1918,0
1432,1901,0
1436,1880,0
1440,1859,0
1447,1837,0
1455,1810,0
1467,1787,0
1477,1768,0
1483,1754,0
1493,1748,0
1501,1737,0
1510,1722,0
1522,1706,0
1536,1686,0
1550,1664,0
1558,1637,0
1570,1612,0
1585,1599,0
1592,1592,0
1593,1592,0
1594,1594,0
1601,1614,0
1602,1635,0
1602,1664,0
1597,1704,0
1588,1749,0
1582,1797,0
1580,1836,0
1582,1864,0
1587,1879,0
1596,1889,0
1602,1887,0
1615,1879,0
1631,1853,0
1654,1824,0
1679,1798,0
1703,1776,0
1725,1763,0
1744,1760,0
1754,1764,0
1761,1783,0
1764,1808,0
1763,1835,0
1766,1858,0
1771,1874,0
1775,1877,0
1789,1875,0
1809,1858,0
1832,1826,0
1860,1788,0
1885,1748,0
1897,1719,0
1895,1711,0
1884,1713,0
1869,1729,0
1857,1757,0
1848,1784,0
1848,1814,0
1853,1843,0
1861,1865,0
1875,1885,0
1892,1895,0
1915,1898,1
2271,1577,0
2271,1577,0
2271,1577,0
2270,1578,0
2270,1584,0
2271,1604,0
2265,1633,0
2261,1673,0
2255,1713,0
2253,1754,0
2248,1788,0
2241,1818,0
2235,1841,0
2236,1855,0
2236,1855,0
2240,1853,0
2253,1838,0
2275,1813,0
2296,1787,0
2317,1766,0
2342,1751,0
2368,1746,0
2386,1746,0
2396,1754,0
2403,1774,0
2409,1805,0
2406,1833,0
2408,1862,0
2408,1883,0
2418,1901,0
2430,1911,0
2441,1913,0
2461,1908,0
2485,1893,0
2514,1864,0
2547,1830,0
2576,1794,0
2591,1763,0
2601,1742,0
2596,1730,0
2591,1724,0
2579,1725,0
2563,1734,0
2549,1759,0
2535,1792,0
2524,1829,0
2524,1861,0
2531,1882,0
2546,1894,0
2567,1897,0
2593,1891,0
2616,1875,0
2635,1859,1
2738,1804,0
2734,1797,0
2733,1792,0
2736,1790,0
2733,1781,0
2727,1768,0
2731,1759,0
2726,1746,0
2726,1742,0
2717,1739,0
2713,1743,0
2702,1755,0
2688,1775,0
2676,1804,0
2660,1830,0
2658,1853,0
2665,1869,0
2676,1874,0
2695,1874,0
2713,1862,0
2738,1843,0
2763,1813,0
2788,1781,0
2814,1759,0
2831,1752,0
2838,1756,0
2841,1771,0
2840,1796,0
2840,1820,0
2840,1837,0
2845,1848,0
2846,1848,1
2930,1597,0
2929,1590,0
2931,1589,0
2931,1589,0
2931,1596,0
2936,1614,0
2937,1639,0
2937,1672,0
2936,1711,0
2934,1750,0
2936,1790,0
2940,1829,0
2942,1862,0
2944,1889,0
2946,1910,0
2950,1918,0
2958,1920,1
3054,1597,0
3048,1592,0
3052,1593,0
3048,1592,0
3056,1602,0
3060,1623,0
3062,1654,0
3061,1688,0
3067,1727,0
3067,1765,0
3066,1799,0
3060,1824,0
3058,1845,0
3052,1852,0
3052,1852,0
3054,1849,0
3053,1838,0
3057,1828,0
3057,1815,0
3062,1802,0
3063,1783,0
3071,1766,0
3082,1753,0
3092,1740,0
3097,1727,0
3104,1711,0
3113,1692,0
3119,1670,0
3128,1645,0
3136,1619,0
3142,1598,0
3153,1589,0
3156,1586,0
3158,1590,0
3164,1609,0
3162,1639,0
3157,1679,0
3150,1716,0
3146,1755,0
3144,1790,0
3146,1819,0
3154,1842,0
3161,1852,0
3170,1855,0
3181,1846,0
3197,1821,0
3226,1789,0
3252,1759,0
3276,1741,0
3293,1732,0
3306,1732,0
3320,1749,0
3327,1773,0
3332,1800,0
3335,1822,0
3338,1839,0
3340,1850,0
3348,1853,0
3358,1853,0
3373,1845,0
3388,1838,1
3781,1566,0
3782,1565,0
3776,1558,0
3769,1553,0
3766,1551,0
3753,1550,0
3732,1555,0
3701,1562,0
3675,1578,0
3642,1596,0
3618,1614,0
3613,1631,0
3619,1644,0
3636,1656,0
3661,1669,0
3690,1681,0
3728,1696,0
3764,1713,0
3795,1731,0
3817,1751,0
3828,1771,0
3817,1790,0
3798,1813,0
3770,1837,0
3730,1854,0
3704,1866,0
3686,1872,0
3681,1872,0
3685,1872,1
3877,1790,0
3877,1791,0
3880,1794,0
3886,1797,0
3892,1795,0
3909,1792,0
3925,1786,0
3935,1776,0
3945,1766,0
3952,1754,0
3956,1740,0
3954,1726,0
3945,1717,0
3933,1715,0
3908,1719,0
3879,1731,0
3853,1751,0
3834,1775,0
3829,1801,0
3837,1825,0
3850,1843,0
3870,1855,0
3892,1860,0
3917,1855,0
3942,1844,0
3976,1826,0
4005,1798,0
4034,1772,0
4057,1754,0
4070,1746,0
4080,1745,0
4087,1749,0
4093,1764,0
4096,1784,0
4099,1802,0
4102,1814,0
4104,1818,0
4109,1817,0
4121,1804,0
4143,1780,0
4166,1752,0
4193,1734,0
4214,1720,0
4222,1713,0
4229,1708,1
4258,1710,0
4258,1710,0
4258,1710,0
4258,1712,0
4263,1720,0
4266,1733,0
4270,1751,0
4273,1772,0
4276,1792,0
4280,1810,0
4288,1822,0
4295,1827,0
4299,1827,0
4302,1821,0
4308,1800,0
4331,1773,0
4353,1744,0
4379,1719,0
4399,1704,0
4415,1698,0
4421,1693,0
4426,1694,0
4436,1700,0
4447,1716,0
4449,1737,0
4459,1764,0
4463,1784,0
4466,1795,0
4472,1802,0
4480,1804,0
4485,1792,0
4495,1772,0
4499,1746,1
4474,1633,0
4469,1626,0
4471,1623,0
4467,1619,1
4613,1687,0
4613,1687,0
4612,1688,0
4601,1691,0
4589,1701,0
4570,1716,0
4561,1734,0
4552,1754,0
4548,1771,0
4550,1786,0
4558,1797,0
4574,1802,0
4598,1807,0
4621,1804,0
4641,1800,0
4657,1794,0
4678,1785,0
4700,1775,0
4717,1756,0
4739,1739,0
4754,1722,0
4763,1710,0
4763,1703,0
4760,1698,0
4752,1695,0
4746,1700,0
4730,1717,0
4723,1744,0
4719,1771,0
4727,1795,0
4742,1809,0
4772,1822,0
4801,1822,1
5310,1657,0
5298,1655,0
5291,1654,0
5278,1652,0
5265,1654,0
5248,1655,0
5229,1659,0
5201,1667,0
5169,1685,0
5144,1706,0
5132,1728,0
5134,1743,0
5147,1752,0
5171,1758,0
5201,1758,0
5232,1756,0
5266,1755,0
5305,1756,0
5333,1749,0
5361,1740,0
5384,1726,1
5438,1671,0
5441,1662,0
5446,1658,0
5448,1652,0
5456,1652,0
5460,1652,0
5462,1660,0
5466,1675,0
5466,1699,0
5466,1722,0
5468,1739,0
5477,1750,0
5488,1755,0
5494,1751,0
5511,1739,0
5529,1711,0
5557,1681,0
5588,1650,0
5614,1631,0
5629,1625,0
5637,1627,0
5648,1635,0
5658,1652,0
5668,1675,0
5676,1701,0
5682,1722,0
5685,1737,0
5683,1742,1
5735,1470,0
5733,1460,0
5725,1457,0
5725,1458,0
5726,1470,0
5728,1493,0
5733,1520,0
5733,1550,0
5728,1579,0
5726,1610,0
5724,1643,0
5728,1671,0
5730,1693,0
5734,1705,0
5737,1708,0
5737,1708,0
5740,1700,1
5726,1613,0
5726,1611,0
5727,1609,0
5744,1609,0
5766,1606,0
5795,1604,0
5812,1602,0
5826,1601,1
5982,1594,0
5981,1594,0
5982,1593,0
5982,1594,0
5981,1595,0
5974,1594,0
5964,1598,0
5946,1604,0
5928,1609,0
5904,1617,0
5889,1626,0
5882,1633,0
5880,1642,0
5886,1650,0
5897,1656,0
5919,1663,0
5947,1669,0
5974,1677,0
5996,1689,0
6005,1697,0
6006,1706,0
5999,1716,0
5988,1725,0
5969,1732,0
5950,1738,0
5932,1742,0
5920,1743,0
5915,1742,0
5913,1736,1
6283,1586,0
6277,1580,0
6281,1578,0
6282,1578,0
6281,1578,0
6283,1588,0
6285,1608,0
6287,1635,0
6290,1664,0
6296,1689,0
6298,1708,0
6307,1720,0
6313,1729,0
6318,1727,0
6329,1720,0
6342,1703,0
6357,1678,0
6380,1655,0
6396,1643,0
6397,1640,0
6399,1647,0
6403,1663,0
6413,1685,0
6422,1699,0
6427,1710,0
6435,1712,0
6436,1710,0
6437,1703,0
6451,1686,0
6467,1657,0
6495,1630,0
6515,1605,0
6521,1594,0
6535,1590,1
6604,1592,0
6603,1582,0
6609,1575,0
6613,1571,0
6611,1568,0
6611,1570,0
6577,1600,0
6560,1622,0
6544,1648,0
6542,1671,0
6541,1689,0
6551,1702,0
6560,1710,0
6569,1708,0
6584,1700,0
6597,1682,0
6613,1655,0
6630,1622,0
6646,1605,0
6652,1597,0
6652,1599,0
6659,1606,0
6667,1623,0
6670,1643,0
6672,1664,0
6673,1677,0
6679,1687,1
6831,1592,0
6833,1586,0
6838,1581,0
6835,1577,0
6835,1575,0
6828,1575,0
6820,1573,0
6804,1573,1