about Weaver&apos;s loyalty.
507
1032,5908,0
1033,5904,0
1033,5900,0
1028,5892,0
1021,5884,0
1009,5880,0
994,5880,0
971,5892,0
949,5911,0
926,5935,0
907,5957,0
892,5993,0
885,6025,0
884,6041,0
890,6049,0
901,6054,0
921,6046,0
939,6027,0
957,5999,0
974,5971,0
986,5943,0
996,5919,0
998,5912,0
1001,5911,0
1000,5912,0
1005,5920,0
1009,5940,0
1016,5964,0
1023,5988,0
1035,6012,0
1044,6032,0
1054,6044,0
1064,6048,1
1114,5769,1
1113,5776,0
1112,5780,0
1114,5781,0
1117,5792,0
1121,5804,0
1126,5832,0
1131,5860,0
1136,5896,0
1141,5932,0
1146,5976,0
1150,6004,0
1151,6028,0
1153,6032,0
1153,6028,0
1152,6023,0
1149,6012,0
1147,5984,0
1153,5956,0
1161,5928,0
1177,5911,0
1193,5903,0
1208,5903,0
1223,5911,0
1235,5934,0
1242,5966,0
1240,6002,0
1233,6034,0
1221,6058,0
1211,6071,0
1199,6075,0
1188,6075,0
1175,6063,0
1165,6048,0
1160,6027,0
1162,6003,0
1171,5980,1
1387,5920,0
1385,5912,0
1384,5904,0
1377,5897,0
1367,5893,0
1351,5894,0
1334,5906,0
1319,5931,0
1306,5960,0
1298,5992,0
1295,6029,0
1299,6060,0
1310,6076,0
1324,6079,0
1343,6078,0
1363,6061,0
1383,6037,0
1398,6003,0
1409,5962,0
1417,5931,0
1420,5911,0
1417,5902,0
1415,5899,0
1414,5898,0
1416,5899,0
1420,5898,0
1433,5897,0
1454,5888,0
1482,5878,0
1504,5872,0
1523,5867,0
1541,5874,0
1552,5889,0
1556,5904,0
1557,5929,0
1550,5953,0
1542,5986,0
1537,6015,0
1539,6027,0
1542,6030,0
1553,6025,0
1566,6013,0
1583,5991,0
1599,5957,0
1613,5931,0
1626,5919,0
1632,5909,0
1634,5917,0
1639,5933,0
1638,5957,0
1636,5990,0
1632,6034,0
1631,6075,0
1636,6106,0
1643,6121,0
1652,6125,0
1661,6119,1
1730,5783,0
1729,5783,0
1731,5782,0
1732,5786,0
1737,5793,0
1742,5817,0
1743,5853,0
1742,5902,0
1742,5947,0
1742,5987,0
1748,6018,0
1752,6042,0
1759,6061,0
1761,6069,0
1763,6068,0
1759,6066,0
1752,6042,1
1686,5920,0
1689,5920,0
1697,5923,0
1715,5917,0
1742,5914,0
1771,5906,0
1801,5903,0
1831,5899,1
2090,5786,0
2092,5786,0
2094,5793,0
2096,5805,0
2100,5837,0
2101,5877,0
2100,5922,0
2102,5971,0
2101,6003,0
2105,6032,0
2111,6050,0
2114,6054,0
2117,6058,0
2118,6054,0
2123,6040,0
2128,6007,0
2134,5969,0
2142,5935,0
2148,5914,0
2152,5909,0
2154,5912,0
2159,5916,0
2166,5935,0
2172,5962,0
2177,5993,0
2186,6029,0
2193,6052,0
2205,6074,0
2217,6084,0
2227,6082,0
2237,6072,0
2245,6046,0
2252,6003,0
2256,5946,0
2257,5892,0
2256,5835,0
2258,5794,0
2257,5762,0
2255,5746,0
2256,5742,0
2255,5738,1
2352,6039,0
2358,6026,0
2371,6008,0
2379,5976,0
2388,5950,0
2393,5933,0
2392,5920,0
2386,5921,0
2375,5928,0
2361,5944,0
2351,5967,0
2340,5998,0
2333,6036,0
2330,6073,0
2339,6100,0
2350,6114,0
2366,6119,1
2522,5947,0
2526,5938,0
2525,5938,0
2523,5934,0
2523,5938,0
2514,5949,0
2501,5972,0
2488,6009,0
2478,6036,0
2475,6053,0
2479,6052,0
2489,6049,0
2499,6039,0
2511,6020,0
2523,5992,0
2534,5960,0
2542,5934,0
2547,5928,0
2547,5932,0
2548,5945,0
2548,5964,0
2549,5993,0
2555,6021,0
2565,6044,0
2578,6056,1
2666,5913,0
2668,5913,0
2668,5912,0
2671,5916,0
2680,5930,0
2685,5949,0
2693,5972,0
2704,6003,0
2714,6025,0
2726,6042,0
2741,6050,0
2755,6050,0
2771,6037,0
2782,6017,0
2794,5980,0
2801,5937,0
2807,5902,0
2807,5873,0
2808,5863,0
2806,5861,0
2804,5857,1
2854,6059,0
2863,6047,0
2874,6027,0
2888,6003,0
2897,5974,0
2909,5946,0
2914,5923,0
2918,5917,0
2915,5914,0
2912,5915,0
2905,5926,0
2897,5945,0
2891,5985,1
3026,5957,0
3025,5958,0
3030,5974,0
3027,5995,0
3027,6025,1
3037,6080,0
3043,6083,0
3045,6078,0
3045,6066,0
3041,6042,0
3037,6005,0
3034,5968,0
3034,5930,0
3040,5898,0
3051,5882,0
3059,5870,0
3072,5862,1
3221,5743,0
3225,5750,0
3225,5750,0
3226,5758,0
3230,5783,1
3363,5928,0
3369,5913,0
3373,5890,0
3371,5868,0
3363,5855,0
3346,5849,0
3327,5852,0
3310,5859,0
3300,5871,0
3298,5893,0
3304,5917,0
3318,5937,0
3339,5960,0
3361,5980,0
3383,6002,0
3404,6032,0
3412,6055,0
3416,6079,0
3409,6095,0
3399,6108,0
3383,6118,0
3366,6112,0
3351,6109,0
3338,6092,0
3332,6078,0
3328,6053,0
3330,6035,0
3337,6016,0
3346,5999,1
3689,5788,0
3689,5792,0
3693,5812,0
3699,5845,0
3699,5880,0
3707,5926,0
3713,5967,0
3720,6007,0
3724,6044,0
3728,6069,0
3734,6084,0
3740,6085,0
3749,6085,1
3909,5940,0
3906,5941,0
3906,5942,0
3903,5943,0
3897,5946,0
3887,5964,0
3875,5992,0
3868,6030,0
3865,6067,0
3872,6100,0
3882,6117,0
3894,6125,0
3910,6126,0
3927,6123,0
3942,6102,0
3952,6080,0
3950,6044,0
3947,6019,0
3940,5996,0
3935,5990,0
3926,5981,0
3921,5979,0
3921,5979,0
3922,5978,0
3926,5981,1
4016,5945,0
4017,5944,0
4020,5952,0
4021,5965,0
4025,5989,0
4031,6017,0
4040,6054,0
4051,6075,0
4070,6087,1
4150,5979,0
4152,5983,0
4147,5990,0
4141,6010,0
4133,6042,0
4126,6087,0
4115,6137,0
4106,6195,0
4101,6256,0
4094,6308,0
4089,6350,0
4088,6373,0
4092,6385,1
4304,6010,0
4314,5999,0
4314,5991,0
4312,5991,0
4306,5990,0
4296,6000,0
4278,6019,0
4264,6050,0
4251,6084,0
4248,6113,0
4251,6124,0
4258,6125,0
4273,6121,0
4289,6104,0
4301,6080,0
4308,6049,0
4317,6025,0
4319,6011,0
4318,6010,0
4317,6011,0
4320,6024,0
4318,6043,0
4320,6069,0
4328,6092,0
4340,6109,0
4355,6113,0
4373,6108,0
4391,6094,0
4410,6070,0
4426,6032,0
4442,5987,0
4454,5938,0
4462,5896,0
4466,5865,0
4470,5850,0
4469,5845,0
4466,5842,0
4468,5851,0
4469,5883,0
4471,5928,0
4474,5981,0
4481,6038,0
4484,6087,0
4490,6126,0
4499,6152,0
4500,6160,0
4506,6162,0
4508,6151,0
4510,6136,1
4649,5848,0
4645,5832,0
4642,5820,0
4640,5816,0
4639,5817,0
4640,5829,0
4641,5853,0
4645,5892,0
4646,5940,0
4647,5995,0
4649,6050,0
4656,6102,0
4659,6133,0
4664,6153,0
4665,6153,0
4661,6145,0
4657,6134,1
4594,6013,0
4594,6018,0
4601,6023,0
4611,6031,0
4629,6043,0
4654,6052,0
4680,6054,0
4714,6052,0
4745,6043,0
4772,6030,0
4791,6014,0
4805,6000,0
4813,5985,0
4818,5983,0
4814,5979,0
4816,5984,0
4816,5993,0
4816,6007,0
4817,6030,0
4820,6061,0
4825,6087,0
4838,6103,0
4853,6107,0
4875,6102,0
4895,6085,0
4911,6061,0
4924,6032,0
4932,5998,0
4938,5980,0
4941,5979,0
4937,5981,0
4934,5988,0
4927,6007,0
4918,6041,0
4910,6090,0
4894,6143,0
4875,6197,0
4866,6259,0
4859,6311,0
4857,6354,0
4857,6378,0
4858,6391,0
4857,6391,0
4854,6384,1
5044,6097,0
5043,6098,0
5044,6097,0
5047,6100,0
5044,6097,0
5044,6097,0
5041,6095,0
5043,6097,0
5042,6098,0
5043,6097,0
5043,6098,0
5043,6098,0
5043,6098,0
5043,6098,0
5044,6097,0
5042,6094,0
5042,6088,1