pay more than 357million without
659
816,3711,0
815,3711,0
815,3711,0
815,3711,0
815,3715,0
815,3731,0
809,3759,0
796,3790,0
778,3828,0
759,3858,0
747,3886,0
744,3901,0
745,3910,0
748,3910,0
754,3903,0
762,3887,0
769,3851,1
802,3718,0
812,3715,0
830,3712,0
851,3709,0
871,3711,0
887,3720,0
893,3728,0
892,3744,0
877,3763,0
853,3777,0
826,3804,0
803,3819,0
789,3822,0
782,3817,0
781,3805,0
792,3785,0
811,3762,1
1013,3696,0
1011,3692,0
1007,3703,0
998,3715,0
989,3735,0
980,3752,0
974,3771,0
974,3775,0
977,3779,0
982,3783,0
989,3779,0
998,3772,0
1006,3764,0
1013,3748,0
1020,3736,0
1025,3720,0
1027,3696,0
1028,3692,0
1028,3692,0
1028,3692,0
1028,3696,0
1027,3704,0
1030,3725,0
1033,3732,0
1041,3744,0
1052,3753,0
1068,3756,0
1085,3753,0
1103,3749,1
1126,3700,0
1128,3704,0
1132,3713,0
1138,3720,0
1146,3724,1
1225,3694,0
1215,3698,0
1198,3715,0
1175,3740,0
1148,3772,0
1118,3800,0
1090,3841,0
1064,3872,0
1041,3904,0
1023,3924,0
1008,3944,0
1003,3968,0
999,3976,1
1604,3609,0
1597,3626,0
1589,3648,0
1577,3670,0
1565,3687,0
1557,3709,0
1553,3718,0
1553,3721,0
1552,3717,0
1553,3717,0
1556,3713,0
1563,3708,0
1570,3694,0
1579,3677,0
1591,3660,0
1606,3641,0
1620,3626,0
1629,3617,0
1630,3612,0
1631,3617,0
1628,3621,0
1621,3643,0
1613,3660,0
1608,3677,0
1607,3685,0
1607,3681,0
1614,3680,0
1632,3674,0
1652,3650,0
1681,3637,0
1707,3616,0
1729,3612,0
1737,3610,0
1740,3618,0
1739,3631,0
1734,3652,0
1728,3670,0
1724,3687,0
1724,3698,0
1731,3705,0
1744,3703,1
1903,3603,0
1899,3604,0
1894,3605,0
1883,3600,0
1872,3610,0
1858,3630,0
1845,3658,0
1837,3684,0
1839,3700,0
1848,3706,0
1867,3702,0
1917,3670,0
1937,3644,0
1945,3614,0
1941,3590,0
1933,3579,0
1921,3574,0
1907,3574,0
1901,3583,0
1903,3591,1
2010,3580,0
2005,3593,0
1999,3612,0
1978,3659,0
1970,3674,0
1966,3674,0
1966,3674,0
1969,3669,0
1982,3662,0
2044,3591,0
2058,3588,0
2070,3588,0
2079,3594,1
2141,3613,0
2149,3602,0
2157,3591,0
2162,3585,0
2161,3582,0
2153,3580,0
2137,3585,0
2122,3602,0
2115,3621,0
2115,3638,0
2122,3652,0
2137,3660,0
2160,3662,1
2556,3501,0
2555,3514,0
2550,3534,0
2546,3566,0
2540,3599,0
2531,3624,0
2526,3648,0
2518,3660,0
2519,3677,0
2516,3678,0
2514,3674,0
2519,3681,0
2511,3671,1
2456,3595,0
2457,3594,0
2462,3596,0
2473,3601,0
2486,3604,0
2502,3602,0
2524,3602,0
2552,3598,1
2644,3513,0
2633,3527,0
2621,3550,0
2605,3579,0
2588,3613,0
2570,3633,0
2564,3650,0
2564,3653,0
2569,3652,0
2584,3645,0
2603,3629,0
2625,3605,0
2642,3588,0
2654,3592,0
2658,3595,0
2656,3604,0
2656,3622,0
2657,3634,0
2666,3644,0
2676,3643,0
2690,3637,1
2794,3569,0
2791,3571,0
2786,3573,0
2774,3579,0
2765,3597,0
2753,3621,0
2746,3645,0
2742,3653,0
2749,3662,0
2757,3663,0
2770,3657,0
2792,3655,0
2805,3635,0
2818,3619,0
2823,3600,0
2826,3584,0
2822,3577,0
2819,3578,0
2815,3585,0
2813,3600,0
2814,3617,0
2816,3629,0
2820,3636,0
2828,3641,0
2842,3643,1
2923,3602,0
2921,3611,0
2910,3622,0
2905,3638,0
2900,3649,0
2897,3656,0
2900,3658,0
2909,3658,0
2924,3650,0
2942,3636,0
2961,3626,0
2972,3620,0
2981,3624,0
2985,3636,0
2983,3650,0
2982,3669,0
2984,3682,0
2993,3690,0
3011,3699,0
3039,3706,0
3060,3703,1
3336,3515,0
3341,3521,0
3341,3521,0
3343,3520,0
3351,3520,0
3368,3522,0
3382,3522,0
3400,3529,0
3414,3539,0
3421,3549,0
3418,3561,0
3411,3580,0
3395,3601,0
3369,3618,0
3351,3635,0
3334,3636,0
3332,3638,0
3337,3639,0
3354,3648,0
3374,3653,0
3391,3657,0
3407,3670,0
3412,3681,0
3412,3695,0
3403,3711,0
3388,3730,0
3366,3754,0
3339,3771,0
3321,3782,0
3302,3780,0
3289,3778,0
3275,3773,0
3273,3759,1
3623,3542,0
3621,3542,0
3622,3542,0
3621,3542,0
3621,3542,0
3619,3544,0
3614,3548,0
3609,3558,0
3602,3567,0
3597,3581,0
3593,3593,0
3590,3601,0
3591,3609,0
3595,3617,0
3609,3627,0
3619,3634,0
3626,3638,0
3631,3650,0
3633,3663,0
3627,3678,0
3617,3695,0
3604,3714,0
3586,3732,0
3564,3742,0
3544,3752,0
3527,3753,0
3513,3748,0
3517,3736,0
3515,3708,1
3619,3535,0
3623,3537,0
3627,3538,0
3632,3540,0
3641,3542,0
3653,3544,0
3668,3548,0
3682,3547,0
3697,3546,1
3778,3501,0
3779,3501,0
3790,3503,0
3805,3506,0
3820,3509,0
3827,3508,0
3836,3511,0
3845,3520,0
3844,3525,0
3848,3538,0
3841,3549,0
3836,3568,0
3824,3588,0
3809,3611,0
3793,3638,0
3775,3667,0
3761,3688,0
3754,3704,0
3751,3715,0
3748,3723,0
3745,3720,1
3747,3614,0
3748,3612,0
3755,3612,0
3769,3617,0
3779,3618,0
3793,3622,0
3804,3624,0
3811,3624,0
3819,3628,0
3828,3631,0
3829,3630,0
3834,3631,0
3838,3629,1
3966,3601,0
3963,3614,0
3954,3626,0
3945,3639,0
3941,3658,0
3933,3670,0
3929,3677,0
3928,3678,0
3928,3678,0
3928,3678,0
3933,3681,0
3935,3679,0
3936,3667,0
3946,3659,0
3957,3645,0
3973,3636,0
3982,3634,0
3984,3632,0
3983,3633,0
3981,3636,0
3980,3646,0
3978,3653,0
3978,3658,0
3981,3661,0
3982,3660,0
3995,3655,0
4012,3645,0
4024,3624,0
4053,3615,0
4068,3604,0
4085,3604,0
4085,3604,0
4094,3612,0
4091,3620,0
4087,3633,0
4085,3651,0
4082,3670,0
4075,3687,0
4079,3704,0
4075,3703,0
4086,3708,1
4171,3641,0
4158,3646,0
4157,3662,0
4155,3676,0
4148,3682,1
4199,3556,0
4202,3559,0
4196,3554,0
4195,3554,0
4194,3555,1
4316,3539,0
4315,3546,0
4311,3554,0
4308,3568,0
4305,3583,0
4294,3598,0
4286,3621,0
4280,3645,0
4275,3665,0
4275,3681,0
4274,3687,0
4278,3694,0
4280,3692,0
4290,3694,0
4304,3692,0
4314,3684,0
4327,3671,0
4342,3658,0
4358,3643,0
4370,3625,0
4383,3608,1
4443,3510,0
4453,3528,0
4449,3543,0
4443,3561,0
4437,3584,0
4421,3604,0
4413,3629,0
4415,3649,0
4410,3659,0
4415,3670,0
4415,3671,0
4426,3677,0
4439,3677,0
4445,3665,0
4461,3655,0
4480,3647,0
4491,3637,1
4549,3619,0
4545,3629,0
4543,3642,0
4540,3656,0
4535,3667,0
4534,3673,0
4536,3677,0
4536,3671,0
4546,3656,1
4594,3525,0
4591,3523,0
4590,3524,0
4588,3527,1
4711,3590,0
4710,3590,0
4705,3590,0
4696,3593,0
4686,3603,0
4675,3621,0
4664,3643,0
4659,3665,0
4662,3679,0
4669,3684,0
4689,3687,0
4709,3678,0
4729,3664,0
4741,3644,0
4748,3624,0
4745,3605,0
4740,3593,0
4731,3585,0
4724,3581,0
4717,3583,0
4713,3586,1
4865,3587,0
4864,3588,0
4864,3588,0
4865,3592,0
4859,3600,0
4854,3610,0
4851,3621,0
4845,3633,0
4836,3643,0
4831,3653,0
4832,3658,0
4833,3658,0
4835,3655,0
4842,3648,0
4857,3638,0
4876,3629,0
4886,3618,0
4895,3614,0
4905,3615,0
4911,3620,0
4914,3629,0
4919,3646,0
4922,3661,0
4925,3675,0
4930,3689,1
5248,3578,0
5244,3588,0
5241,3604,0
5240,3624,0
5242,3641,0
5243,3653,0
5248,3660,0
5251,3660,0
5257,3660,0
5264,3659,0
5270,3651,0
5278,3642,0
5285,3626,0
5296,3613,0
5301,3601,0
5303,3599,0
5303,3599,0
5301,3600,0
5302,3605,0
5301,3621,0
5297,3637,0
5295,3652,0
5298,3661,0
5301,3665,0
5311,3664,0
5325,3660,0
5340,3648,0
5355,3630,0
5365,3610,0
5378,3595,0
5385,3585,0
5387,3577,0
5393,3575,1
5476,3587,0
5473,3590,0
5472,3604,0
5469,3622,0
5468,3641,0
5462,3650,0
5463,3655,0
5465,3652,0
5470,3639,1
5506,3502,0
5501,3501,0
5496,3502,0
5491,3506,0
5489,3510,1
5613,3471,0
5610,3495,0
5605,3521,0
5603,3551,0
5598,3578,0
5588,3597,0
5581,3613,0
5580,3623,0
5578,3624,1
5540,3549,0
5542,3553,0
5542,3554,0
5548,3559,0
5560,3562,0
5574,3563,0
5590,3563,0
5607,3560,0
5623,3551,1
5722,3469,0
5715,3481,0
5707,3497,0
5701,3520,0
5690,3548,0
5679,3578,0
5664,3597,0
5661,3608,0
5665,3609,0
5662,3606,0
5674,3604,0
5685,3588,0
5702,3573,0
5718,3563,0
5726,3560,0
5731,3566,0
5736,3574,0
5735,3588,0
5738,3605,0
5739,3617,0
5748,3624,1
5882,3548,0
5884,3547,0
5877,3542,0
5870,3538,0
5863,3541,0
5858,3549,0
5847,3563,0
5837,3585,0
5833,3603,0
5835,3614,0
5842,3618,0
5857,3619,0
5873,3610,0
5886,3598,0
5894,3580,0
5898,3561,0
5897,3542,0
5891,3522,0
5883,3512,0
5879,3512,0
5872,3515,1
5969,3522,0
5972,3525,0
5968,3530,0
5964,3542,0
5962,3561,0
5958,3580,0
5958,3592,0
5964,3600,0
5970,3604,0
5977,3600,0
5989,3591,0
6003,3578,0
6017,3565,0
6018,3555,0
6015,3552,0
6019,3556,0
6013,3556,0
6012,3571,0
6009,3583,0
6015,3589,0
6027,3592,0
6039,3597,0
6054,3596,0
6070,3594,0
6080,3587,1
6208,3465,0
6209,3486,0
6205,3507,0
6205,3537,0
6201,3563,0
6193,3583,0
6191,3600,0
6184,3611,0
6184,3619,1
6160,3547,0
6165,3547,0
6174,3546,0
6184,3547,0
6196,3543,0
6209,3545,0
6226,3548,0
6242,3553,0
6251,3553,1