by 20 per cent..
323
910,4537,0
906,4537,0
906,4541,0
906,4541,0
906,4541,0
905,4541,0
905,4545,0
904,4557,0
907,4573,0
905,4589,0
908,4617,0
907,4641,0
903,4677,0
898,4713,0
895,4753,0
895,4785,0
900,4805,0
900,4817,0
902,4821,0
904,4821,0
904,4821,0
915,4813,0
931,4790,0
953,4767,0
981,4748,0
1009,4728,0
1035,4716,0
1061,4712,0
1083,4716,0
1093,4721,0
1094,4732,0
1086,4757,0
1068,4780,0
1042,4809,0
1010,4832,0
971,4851,0
928,4866,0
896,4876,0
875,4880,0
871,4876,0
871,4867,1
1164,4716,0
1165,4724,0
1168,4731,0
1175,4743,0
1183,4763,0
1194,4775,0
1206,4791,0
1218,4802,0
1227,4814,0
1235,4826,0
1243,4833,0
1257,4841,0
1270,4840,1
1369,4699,0
1369,4703,0
1369,4703,0
1368,4712,0
1365,4724,0
1361,4743,0
1355,4768,0
1344,4801,0
1331,4833,0
1319,4870,0
1310,4907,0
1300,4944,0
1294,4976,0
1286,5008,0
1282,5036,0
1276,5052,0
1278,5060,1
1674,4564,0
1676,4565,0
1681,4551,0
1692,4541,0
1711,4526,0
1734,4512,0
1763,4502,0
1798,4502,0
1833,4503,0
1863,4514,0
1882,4536,0
1885,4563,0
1873,4598,0
1853,4637,0
1827,4675,0
1802,4716,0
1780,4747,0
1768,4777,0
1768,4801,0
1779,4816,0
1800,4821,0
1835,4824,0
1874,4817,0
1920,4809,0
1957,4802,1
2125,4739,0
2128,4738,0
2128,4734,0
2123,4727,0
2118,4723,0
2106,4718,0
2094,4721,0
2076,4729,0
2060,4748,0
2048,4764,0
2041,4785,0
2041,4802,0
2048,4816,0
2064,4825,0
2088,4828,0
2114,4823,0
2143,4811,0
2166,4794,0
2182,4774,0
2187,4769,0
2183,4761,0
2167,4749,0
2149,4745,0
2130,4746,0
2113,4745,1
2588,4688,0
2584,4684,0
2582,4681,0
2582,4681,0
2582,4685,0
2581,4690,0
2582,4706,0
2579,4724,0
2577,4746,0
2575,4767,0
2577,4792,0
2574,4810,0
2572,4835,0
2565,4863,0
2561,4890,0
2552,4909,0
2550,4918,0
2548,4918,0
2548,4914,0
2550,4910,0
2549,4885,0
2555,4850,0
2564,4822,0
2570,4782,0
2583,4752,0
2597,4714,0
2616,4682,0
2639,4653,0
2668,4635,0
2694,4625,0
2717,4630,0
2733,4641,0
2738,4652,0
2734,4670,0
2722,4692,0
2701,4707,0
2678,4728,0
2647,4739,0
2620,4753,0
2603,4763,0
2593,4762,1
2784,4685,0
2788,4688,0
2797,4689,0
2808,4689,0
2815,4683,0
2822,4676,0
2833,4671,0
2841,4659,0
2848,4644,0
2855,4632,0
2859,4618,0
2856,4606,0
2849,4601,0
2837,4601,0
2816,4609,0
2791,4623,0
2767,4645,0
2750,4673,0
2743,4697,0
2744,4718,0
2755,4735,0
2772,4749,0
2794,4755,0
2816,4755,0
2842,4749,0
2864,4736,0
2886,4714,0
2911,4691,0
2931,4671,0
2948,4664,0
2954,4657,0
2956,4656,0
2961,4658,0
2972,4676,0
2982,4688,0
2992,4698,0
3002,4702,0
3012,4702,0
3024,4693,0
3047,4678,0
3075,4653,1
3487,4591,0
3489,4591,0
3491,4589,0
3490,4590,0
3489,4591,0
3489,4591,0
3486,4593,0
3484,4594,0
3469,4596,0
3452,4611,0
3430,4628,0
3404,4645,0
3382,4665,0
3367,4686,0
3361,4707,0
3358,4722,0
3368,4740,0
3385,4749,0
3409,4755,0
3436,4754,0
3467,4748,1
3559,4666,0
3559,4666,0
3564,4669,0
3577,4670,0
3592,4666,0
3609,4661,0
3623,4649,0
3641,4639,0
3655,4622,0
3667,4605,0
3674,4587,0
3678,4576,0
3675,4573,0
3663,4571,0
3643,4578,0
3630,4594,0
3607,4612,0
3592,4639,0
3582,4668,0
3576,4694,0
3578,4715,0
3585,4729,0
3601,4739,0
3621,4738,0
3646,4728,0
3677,4710,0
3711,4681,0
3747,4652,0
3773,4627,0
3795,4613,0
3805,4611,0
3811,4613,0
3812,4616,0
3821,4640,0
3820,4659,0
3819,4678,0
3818,4692,0
3822,4699,0
3831,4703,0
3845,4699,0
3866,4686,0
3901,4664,0
3939,4636,0
3984,4616,0
4017,4604,0
4040,4603,0
4054,4608,0
4063,4622,0
4066,4643,0
4068,4671,0
4070,4699,0
4072,4717,0
4073,4726,0
4073,4726,0
4078,4722,0
4087,4707,1
4160,4427,0
4160,4418,0
4164,4409,0
4162,4406,0
4162,4406,0
4164,4415,0
4170,4435,0
4173,4457,0
4175,4490,0
4174,4526,0
4171,4557,0
4170,4587,0
4174,4619,0
4175,4642,0
4179,4664,0
4179,4678,0
4181,4687,0
4179,4688,0
4180,4688,0
4178,4674,0
4177,4655,1
4147,4589,0
4147,4584,0
4162,4588,0
4175,4584,0
4193,4585,0
4213,4587,0
4232,4587,0
4251,4588,1
4378,4724,0
4375,4731,0
4379,4734,0
4378,4734,0
4381,4736,0
4381,4737,0
4381,4737,0
4376,4731,0
4377,4729,1
4531,4719,0
4533,4724,0
4536,4726,0
4536,4726,0
4532,4724,1