negotiations in a fortnight&apos;s
649
313,2945,0
307,2943,0
306,2943,0
305,2939,0
304,2930,0
307,2910,0
311,2882,0
318,2847,0
326,2812,0
333,2785,0
337,2770,0
340,2766,0
341,2762,0
342,2774,0
340,2799,0
337,2818,0
332,2842,0
328,2861,0
324,2878,0
324,2878,0
324,2878,0
326,2874,0
337,2856,0
357,2837,0
382,2818,0
410,2809,0
434,2803,0
446,2810,0
448,2823,0
444,2847,0
434,2873,0
423,2903,0
418,2922,1
586,2888,0
592,2894,0
607,2892,0
622,2887,0
637,2877,0
653,2863,0
665,2841,0
673,2826,0
674,2806,0
669,2793,0
659,2791,0
641,2792,0
620,2809,0
598,2834,0
581,2863,1
937,2796,0
929,2789,0
919,2784,0
903,2779,0
883,2782,0
860,2791,0
837,2814,0
818,2840,0
808,2871,0
805,2890,0
808,2904,0
817,2908,0
828,2910,0
844,2902,0
859,2884,0
876,2861,0
894,2838,0
907,2815,0
919,2808,0
921,2800,0
919,2800,0
919,2816,0
910,2847,0
893,2887,0
870,2933,0
844,2983,0
818,3033,0
793,3071,0
769,3112,0
745,3141,0
720,3163,0
702,3177,0
694,3180,0
694,3168,0
704,3141,0
731,3093,0
769,3040,1
1118,2917,0
1106,2924,0
1095,2932,0
1083,2933,0
1068,2921,0
1054,2912,0
1041,2896,0
1030,2881,0
1024,2868,0
1023,2856,0
1027,2840,0
1039,2824,0
1059,2808,0
1085,2804,0
1112,2801,0
1138,2801,0
1159,2808,0
1170,2815,0
1174,2831,0
1166,2847,0
1149,2871,0
1128,2888,0
1107,2905,0
1095,2921,0
1095,2924,1
1321,2963,0
1321,2963,0
1322,2954,0
1324,2934,0
1327,2902,0
1331,2869,0
1336,2832,0
1343,2803,0
1348,2774,0
1353,2758,0
1355,2742,0
1352,2731,0
1345,2726,1
1265,2826,0
1268,2826,0
1288,2832,0
1310,2827,0
1336,2820,0
1368,2817,0
1394,2806,0
1423,2802,0
1446,2799,1
1524,2961,0
1524,2958,0
1524,2946,0
1526,2929,0
1527,2905,0
1530,2875,0
1534,2847,0
1540,2821,0
1548,2803,1
1801,2803,0
1799,2800,0
1788,2791,0
1774,2786,0
1756,2786,0
1734,2792,0
1715,2805,0
1694,2818,0
1679,2842,0
1667,2866,0
1666,2890,0
1670,2902,0
1684,2911,0
1704,2910,0
1731,2900,0
1758,2881,0
1783,2858,0
1805,2836,0
1821,2819,0
1827,2813,0
1829,2816,0
1827,2825,0
1824,2852,0
1812,2875,0
1804,2897,1
1544,2649,0
1537,2643,0
1539,2638,0
1544,2634,0
1553,2635,1
2012,2907,0
2014,2910,0
2017,2896,0
2021,2873,0
2027,2842,0
2040,2812,0
2045,2776,0
2051,2748,0
2048,2727,1
1952,2800,0
1952,2803,0
1968,2807,0
1992,2808,0
2021,2806,1
2275,2964,0
2276,2959,0
2274,2943,0
2275,2929,0
2275,2912,0
2278,2893,0
2283,2873,0
2287,2849,0
2292,2835,1
2286,2647,0
2288,2646,0
2292,2635,0
2292,2617,0
2297,2601,1
2525,2921,0
2513,2936,0
2498,2939,0
2478,2939,0
2458,2937,0
2433,2926,0
2417,2921,0
2405,2913,0
2395,2897,0
2398,2885,0
2408,2868,0
2427,2845,0
2451,2823,0
2481,2808,0
2514,2799,0
2538,2795,0
2556,2799,0
2565,2807,0
2567,2825,0
2558,2848,0
2535,2874,0
2509,2901,0
2483,2924,0
2468,2945,0
2463,2951,1
2640,2940,0
2633,2948,0
2636,2951,0
2634,2948,0
2635,2938,0
2638,2918,0
2640,2893,0
2645,2873,0
2644,2849,0
2649,2833,0
2647,2820,0
2650,2818,0
2651,2818,0
2651,2823,0
2647,2830,0
2642,2846,0
2641,2861,0
2639,2876,0
2640,2885,0
2639,2885,0
2646,2886,0
2656,2881,0
2675,2873,0
2692,2859,0
2713,2846,0
2736,2837,0
2757,2837,0
2768,2840,0
2775,2850,0
2779,2866,0
2779,2890,0
2772,2912,0
2769,2938,1
2891,2970,0
2895,2982,0
2902,2987,0
2911,2996,0
2923,3002,0
2935,3004,0
2946,3006,0
2959,3007,0
2969,3006,0
2977,3000,0
2984,2990,0
2991,2981,0
2997,2967,0
3000,2951,0
2999,2932,0
2996,2919,0
2990,2904,0
2981,2890,0
2975,2881,0
2965,2869,0
2953,2856,0
2942,2844,0
2931,2832,0
2926,2822,0
2926,2813,0
2927,2801,0
2935,2786,0
2949,2771,0
2972,2760,0
2994,2748,0
3019,2745,0
3045,2750,0
3060,2759,1
3409,3002,0
3409,3003,0
3407,2999,0
3407,2995,0
3406,2984,0
3404,2965,0
3404,2939,0
3402,2909,0
3410,2881,0
3411,2855,0
3414,2836,0
3417,2828,0
3419,2826,1
3481,2994,0
3482,2994,0
3479,2986,0
3475,2973,0
3477,2961,0
3472,2939,0
3469,2915,0
3467,2891,0
3463,2868,0
3467,2853,0
3469,2841,0
3467,2831,0
3472,2832,0
3471,2833,0
3475,2840,0
3476,2851,0
3481,2863,0
3491,2876,0
3496,2881,0
3505,2884,0
3516,2884,0
3532,2881,0
3549,2876,0
3569,2873,0
3583,2873,0
3595,2878,0
3606,2889,0
3612,2906,0
3619,2931,0
3619,2954,0
3618,2982,0
3611,3004,0
3609,3027,1
3416,2683,0
3411,2676,0
3411,2666,0
3412,2654,0
3420,2652,1
3952,2866,0
3935,2867,0
3918,2867,0
3903,2872,0
3887,2882,0
3871,2893,0
3865,2911,0
3864,2929,0
3867,2949,0
3868,2959,0
3880,2970,0
3893,2974,0
3907,2971,0
3925,2963,0
3945,2949,0
3964,2929,0
3981,2906,0
3995,2884,0
4008,2871,0
4010,2863,0
4014,2864,0
4011,2867,0
4006,2885,0
3995,2909,0
3986,2942,0
3975,2970,0
3977,2996,0
3984,3011,0
3998,3020,1
4348,3169,0
4347,3165,0
4348,3157,0
4343,3133,0
4339,3102,0
4338,3066,0
4337,3026,0
4331,2977,0
4328,2932,0
4321,2885,0
4319,2844,0
4310,2797,0
4309,2760,0
4307,2724,0
4306,2692,0
4311,2666,0
4321,2641,0
4336,2627,0
4350,2616,0
4372,2614,0
4390,2615,0
4413,2625,0
4431,2641,0
4444,2657,0
4451,2674,1
4246,2873,0
4248,2878,0
4258,2878,0
4273,2880,0
4292,2876,0
4322,2870,0
4359,2864,0
4396,2856,0
4433,2855,1
4596,2996,0
4578,2993,0
4565,2991,0
4543,2985,0
4523,2979,0
4504,2971,0
4490,2962,0
4485,2951,0
4483,2934,0
4491,2917,0
4505,2900,0
4528,2883,0
4558,2872,0
4584,2864,0
4611,2861,0
4633,2866,0
4649,2877,0
4654,2890,0
4654,2910,0
4644,2930,0
4630,2948,0
4608,2963,0
4594,2980,0
4578,2987,0
4572,2995,1
4755,3047,0
4756,3047,0
4757,3045,0
4756,3040,0
4755,3033,0
4758,3018,0
4755,2995,0
4760,2970,0
4764,2944,0
4768,2919,0
4772,2900,0
4772,2887,0
4776,2881,0
4772,2879,0
4776,2881,0
4775,2883,0
4780,2888,0
4782,2892,0
4787,2893,0
4787,2893,0
4788,2892,0
4792,2893,0
4795,2889,0
4807,2885,0
4820,2876,1
4953,3038,0
4951,3035,0
4953,3025,0
4948,3005,0
4951,2988,0
4956,2965,0
4957,2938,0
4966,2912,0
4969,2886,0
4977,2866,0
4983,2852,0
4985,2842,0
4982,2839,1
4905,2908,0
4910,2914,0
4915,2913,0
4932,2917,0
4954,2914,0
4985,2912,0
5009,2905,0
5034,2905,0
5055,2904,1
5089,3090,0
5087,3086,0
5093,3084,0
5092,3073,0
5097,3058,0
5096,3033,0
5105,3013,0
5103,2987,0
5108,2967,0
5110,2950,0
5116,2941,0
5115,2936,0
5114,2938,0
5113,2944,0
5108,2953,0
5101,2969,0
5098,2982,0
5098,2994,0
5099,2999,0
5101,2997,0
5108,2995,0
5122,2987,0
5139,2971,0
5163,2958,0
5188,2948,0
5206,2943,0
5214,2946,0
5221,2958,0
5217,2977,0
5211,3001,0
5199,3023,0
5180,3044,0
5174,3067,0
5168,3083,0
5167,3091,0
5173,3097,0
5180,3094,1
5286,3102,0
5283,3100,0
5286,3097,0
5283,3087,0
5284,3070,0
5294,3049,0
5298,3023,0
5304,2998,0
5313,2978,0
5323,2963,0
5330,2953,0
5336,2951,0
5338,2947,1
5473,3062,0
5466,3072,0
5452,3079,0
5437,3087,0
5430,3091,0
5405,3085,0
5390,3079,0
5384,3074,0
5376,3063,0
5372,3049,0
5378,3032,0
5387,3011,0
5404,2993,0
5431,2973,0
5451,2955,0
5478,2944,0
5497,2936,0
5518,2939,0
5531,2949,0
5535,2966,0
5528,2992,0
5514,3021,0
5494,3051,0
5473,3076,0
5454,3098,0
5441,3110,0
5429,3114,0
5432,3116,0
5438,3109,1
5529,2960,0
5529,2960,0
5533,2961,0
5532,2970,0
5535,2989,0
5528,3008,0
5523,3036,0
5513,3067,0
5500,3100,0
5489,3133,0
5476,3165,0
5470,3203,0
5451,3230,0
5443,3262,0
5417,3278,0
5397,3292,0
5377,3298,0
5361,3300,0
5359,3297,0
5359,3284,0
5361,3261,1
5619,3108,0
5607,3105,0
5606,3100,0
5600,3088,0
5598,3067,0
5600,3035,0
5602,3003,0
5614,2961,0
5619,2920,0
5633,2883,0
5644,2856,0
5655,2821,0
5631,2910,0
5617,2948,0
5604,3015,0
5605,3020,0
5606,3018,0
5618,3013,0
5640,3008,0
5660,2999,0
5687,2994,0
5707,2992,0
5720,2994,0
5732,3004,0
5719,3064,0
5696,3117,0
5683,3142,1
5822,3141,0
5818,3139,0
5824,3137,0
5828,3123,0
5832,3102,0
5836,3072,0
5846,3040,0
5861,2984,0
5868,2965,0
5872,2949,0
5873,2940,1
5799,3026,0
5803,3026,0
5817,3027,0
5842,3031,0
5882,3028,0
5897,3025,0
5911,3026,0
5916,3025,1
6109,2758,0
6107,2764,0
6102,2773,0
6085,2796,0
6064,2826,1
6075,3127,0
6077,3139,0
6085,3148,0
6112,3164,0
6134,3166,0
6150,3163,0
6165,3154,0
6179,3146,0
6187,3100,0
6173,3076,0
6159,3059,0
6132,3010,0
6132,3001,0
6187,2986,0
6206,2984,0
6227,2987,0
6248,2999,1
5309,2859,0
5315,2856,0
5328,2844,0
5341,2831,0
5347,2813,1