Welensky to any suggestion that
712
513,4713,0
509,4713,0
511,4705,0
516,4698,0
528,4683,0
545,4661,0
564,4647,0
587,4625,0
611,4608,0
632,4590,0
650,4584,0
656,4580,0
654,4584,0
638,4603,0
614,4632,0
585,4673,0
560,4723,0
540,4777,0
531,4828,0
534,4861,0
549,4879,0
571,4885,0
603,4868,0
641,4840,0
682,4795,0
719,4746,0
748,4693,0
764,4649,0
771,4614,0
768,4593,0
757,4585,0
740,4588,0
720,4610,0
701,4649,0
685,4695,0
678,4743,0
677,4787,0
688,4828,0
708,4850,0
733,4856,0
760,4845,0
787,4820,0
813,4777,0
834,4722,0
850,4666,0
861,4607,0
875,4556,0
885,4508,0
893,4480,0
893,4468,0
892,4468,0
886,4476,0
880,4492,0
880,4512,0
884,4524,0
897,4536,0
913,4541,1
822,4725,0
822,4737,0
827,4738,0
838,4742,0
851,4743,0
868,4743,0
887,4740,0
905,4733,0
922,4722,0
929,4710,0
933,4698,0
930,4690,0
923,4681,0
913,4685,0
901,4693,0
887,4712,0
878,4744,0
875,4772,0
883,4800,0
899,4821,0
921,4830,0
950,4823,0
984,4799,0
1019,4756,0
1054,4704,0
1085,4649,0
1117,4592,0
1138,4552,0
1149,4516,0
1150,4496,0
1145,4496,0
1130,4512,0
1107,4541,0
1086,4580,0
1065,4632,0
1049,4688,0
1038,4740,0
1038,4792,0
1047,4825,0
1061,4845,0
1080,4852,0
1105,4852,0
1133,4836,0
1158,4812,0
1182,4783,0
1199,4751,0
1212,4730,0
1214,4707,0
1207,4694,0
1194,4691,0
1177,4704,0
1159,4732,0
1145,4763,0
1138,4804,0
1141,4836,0
1153,4860,0
1175,4875,1
1245,4857,0
1245,4857,0
1246,4857,0
1252,4857,0
1259,4853,0
1270,4840,0
1285,4820,0
1310,4802,0
1334,4770,0
1360,4752,0
1380,4714,0
1399,4697,0
1411,4684,0
1416,4684,0
1413,4676,0
1406,4693,0
1388,4714,0
1366,4747,0
1341,4781,0
1320,4818,0
1307,4839,0
1304,4843,0
1310,4839,0
1328,4818,0
1359,4792,0
1394,4765,0
1428,4731,0
1456,4712,0
1473,4707,0
1479,4711,0
1475,4719,0
1467,4740,0
1457,4765,0
1448,4789,0
1440,4810,0
1442,4818,0
1451,4818,0
1471,4804,0
1499,4785,0
1535,4762,0
1572,4734,0
1600,4702,0
1622,4688,0
1634,4683,0
1638,4690,0
1631,4707,0
1614,4733,0
1590,4768,0
1562,4807,0
1537,4830,0
1515,4856,0
1504,4865,0
1503,4873,0
1510,4864,0
1529,4847,0
1561,4811,0
1602,4779,0
1708,4693,0
1757,4633,0
1792,4596,0
1824,4546,0
1845,4514,0
1855,4483,0
1852,4463,0
1845,4456,0
1831,4468,0
1810,4495,0
1784,4536,0
1756,4589,0
1705,4710,0
1691,4760,0
1684,4797,0
1683,4813,0
1686,4813,0
1697,4804,0
1714,4777,0
1742,4745,0
1767,4712,0
1851,4683,0
1846,4700,0
1833,4722,0
1817,4741,0
1797,4753,0
1781,4759,0
1766,4753,0
1913,4737,0
1919,4720,0
1920,4715,0
1918,4716,0
1915,4729,0
1911,4746,0
1912,4761,0
1920,4768,0
1940,4773,0
1964,4768,0
1995,4763,0
2024,4748,0
2049,4734,0
2068,4722,0
2079,4716,0
2082,4716,0
2081,4719,0
2076,4741,0
2065,4768,0
2054,4803,0
2039,4839,0
2026,4886,0
2004,4931,0
1983,4968,0
1962,5012,0
1914,5029,0
1947,4982,0
1984,4935,0
2029,4894,0
2070,4853,0
2110,4819,1
2275,4640,0
2274,4640,0
2275,4635,0
2289,4628,0
2309,4605,0
2335,4572,0
2369,4538,0
2406,4502,0
2441,4470,0
2468,4444,0
2481,4432,0
2480,4437,0
2465,4454,0
2435,4488,0
2400,4538,0
2362,4590,0
2325,4642,0
2294,4683,0
2268,4712,0
2253,4728,0
2244,4730,0
2243,4730,0
2242,4718,0
2251,4707,0
2268,4690,0
2295,4679,0
2326,4662,0
2362,4644,0
2401,4632,0
2435,4623,0
2460,4619,0
2469,4621,0
2470,4625,0
2459,4632,0
2439,4642,0
2415,4650,0
2391,4661,0
2376,4669,0
2371,4675,0
2376,4677,0
2386,4675,0
2400,4679,0
2420,4678,0
2440,4667,0
2458,4649,0
2479,4638,0
2488,4623,0
2490,4614,0
2485,4603,0
2482,4603,0
2476,4597,0
2478,4601,0
2480,4605,1
2940,4502,0
2929,4498,0
2914,4500,0
2892,4509,0
2867,4529,0
2808,4577,0
2787,4603,0
2773,4621,0
2772,4635,0
2777,4641,0
2791,4636,0
2810,4620,0
2841,4594,0
2893,4539,0
2914,4509,0
2907,4498,0
2902,4509,0
2890,4519,0
2900,4584,0
2922,4588,0
2949,4577,0
2980,4558,0
3014,4536,0
3052,4514,0
3076,4502,0
3078,4484,0
3067,4498,0
3045,4526,0
3013,4553,0
2987,4578,0
2963,4601,0
2955,4609,0
2960,4607,0
2977,4595,0
3008,4568,0
3047,4547,0
3115,4516,0
3126,4506,0
3122,4521,0
3108,4541,0
3097,4567,0
3081,4584,0
3078,4599,0
3085,4605,0
3094,4596,0
3115,4587,0
3139,4570,0
3168,4562,0
3184,4550,0
3191,4546,0
3190,4550,0
3184,4562,0
3173,4581,0
3165,4602,0
3160,4609,0
3169,4614,0
3185,4611,0
3212,4602,0
3247,4586,0
3276,4566,0
3310,4550,0
3342,4551,0
3355,4540,0
3366,4547,0
3367,4560,0
3363,4586,0
3349,4619,0
3332,4664,0
3310,4706,0
3286,4745,0
3256,4776,0
3228,4803,0
3206,4821,0
3191,4824,0
3188,4817,0
3193,4796,0
3212,4766,0
3247,4727,0
3290,4694,1
3595,4550,0
3591,4547,0
3597,4535,0
3619,4522,0
3640,4501,0
3667,4485,0
3720,4466,0
3735,4476,1
3727,4509,0
3706,4531,0
3688,4556,0
3668,4572,0
3643,4587,0
3629,4595,0
3623,4599,0
3622,4599,0
3630,4599,0
3643,4591,0
3670,4585,0
3699,4567,0
3730,4549,0
3761,4531,0
3786,4514,0
3805,4498,0
3819,4485,0
3826,4476,0
3826,4476,0
3821,4484,0
3806,4507,0
3786,4538,0
3778,4567,0
3774,4583,0
3783,4587,0
3805,4579,0
3831,4558,0
3860,4534,0
3886,4514,0
3905,4496,0
3916,4490,0
3918,4492,0
3919,4506,0
3916,4521,0
3916,4536,0
3923,4546,0
3939,4550,0
3962,4545,0
3988,4527,0
4022,4509,0
4050,4485,0
4071,4466,0
4076,4452,0
4073,4446,0
4048,4443,0
4030,4456,0
3996,4464,0
3983,4487,0
3973,4499,0
3974,4504,0
3986,4500,0
4010,4493,0
4036,4481,0
4061,4468,0
4081,4464,0
4089,4463,0
4091,4471,0
4084,4487,0
4077,4511,0
4063,4535,0
4048,4569,0
4026,4603,0
4003,4637,0
3978,4668,0
3955,4692,0
3937,4708,0
3923,4717,0
3913,4714,0
3915,4708,0
3925,4692,0
3946,4670,0
3975,4641,0
4015,4611,0
4057,4573,0
4097,4531,0
4134,4505,0
4170,4494,0
4191,4485,0
4194,4481,0
4193,4488,0
4183,4495,0
4162,4505,0
4141,4524,0
4118,4541,0
4104,4555,0
4104,4560,0
4110,4555,0
4128,4543,0
4162,4534,0
4196,4515,0
4227,4497,0
4251,4479,0
4258,4469,0
4267,4473,0
4263,4481,0
4253,4503,0
4234,4531,0
4213,4571,0
4197,4617,0
4176,4651,0
4152,4673,0
4131,4687,0
4114,4689,0
4111,4695,0
4101,4673,0
4110,4653,0
4125,4628,0
4144,4601,0
4167,4579,0
4196,4559,0
4232,4548,0
4263,4535,0
4287,4523,0
4297,4516,0
4301,4517,0
4297,4516,0
4287,4513,0
4280,4519,0
4265,4519,0
4258,4529,0
4257,4540,0
4256,4541,0
4282,4546,0
4311,4535,0
4350,4520,0
4385,4500,0
4428,4492,0
4459,4483,0
4477,4478,0
4487,4487,0
4483,4500,0
4465,4519,0
4442,4541,0
4417,4565,0
4396,4582,0
4386,4594,0
4379,4589,0
4389,4582,0
4415,4567,0
4458,4544,0
4509,4510,0
4560,4474,0
4618,4432,0
4673,4391,0
4726,4351,0
4769,4312,0
4806,4285,0
4819,4268,0
4820,4267,0
4800,4280,0
4760,4310,0
4709,4355,0
4652,4404,0
4601,4462,0
4555,4509,0
4530,4550,0
4525,4569,0
4530,4570,0
4562,4564,0
4591,4536,0
4645,4514,0
4695,4488,0
4731,4461,0
4755,4447,0
4763,4445,0
4765,4449,0
4751,4461,0
4728,4480,0
4708,4507,0
4686,4531,0
4677,4548,0
4678,4558,0
4694,4561,0
4724,4552,0
4767,4536,0
4811,4514,0
4855,4497,0
4893,4480,0
4917,4464,0
4929,4459,0
4925,4457,0
4903,4466,0
4870,4485,0
4828,4511,0
4795,4539,0
4782,4561,0
4776,4571,0
4796,4575,0
4815,4565,0
4855,4555,0
4893,4538,0
4925,4517,0
4947,4502,0
4956,4494,0
4955,4490,0
4957,4488,0
4953,4485,0
4956,4483,0
4960,4475,0
4977,4471,0
4995,4463,0
5020,4463,0
5046,4461,0
5069,4461,0
5094,4465,0
5105,4471,0
5115,4484,0
5115,4500,0
5103,4511,0
5090,4524,0
5074,4533,0
5061,4539,0
5050,4538,0
5057,4543,0
5067,4538,0
5090,4534,0
5113,4536,0
5134,4542,0
5148,4557,0
5151,4570,0
5140,4586,0
5130,4601,0
5118,4595,0
5111,4570,1
4892,4266,0
4887,4270,0
4878,4278,0
4864,4287,0
4840,4297,1
5452,4394,0
5444,4396,0
5444,4402,0
5442,4404,0
5443,4403,0
5458,4406,0
5476,4391,0
5506,4373,0
5540,4355,0
5577,4331,0
5617,4306,0
5650,4294,0
5670,4283,0
5673,4279,0
5669,4290,0
5642,4320,0
5612,4359,0
5572,4401,0
5530,4451,0
5494,4494,0
5460,4535,0
5438,4562,0
5426,4574,0
5424,4576,0
5428,4567,0
5442,4547,0
5460,4524,0
5479,4498,0
5494,4483,0
5511,4476,0
5528,4471,0
5549,4467,0
5579,4458,0
5611,4436,0
5648,4408,0
5684,4369,0
5717,4326,0
5748,4279,0
5766,4234,0
5771,4203,0
5760,4186,0
5737,4196,0
5707,4222,0
5667,4263,0
5633,4318,0
5602,4376,0
5581,4432,0
5565,4485,0
5563,4521,0
5569,4543,0
5587,4553,0
5608,4549,0
5643,4536,0
5681,4519,0
5717,4504,0
5757,4485,0
5793,4463,0
5822,4449,0
5839,4436,0
5846,4435,0
5836,4438,0
5812,4448,0
5786,4465,0
5753,4489,0
5725,4512,0
5710,4535,0
5710,4541,0
5721,4541,0
5742,4530,0
5764,4518,0
5786,4505,0
5802,4495,0
5805,4490,0
5803,4495,0
5791,4501,0
5776,4517,0
5763,4537,0
5757,4554,0
5764,4566,0
5774,4566,0
5799,4569,0
5827,4557,0
5856,4541,0
5892,4521,0
5924,4496,0
5962,4466,0
5996,4432,0
6029,4396,0
6065,4360,0
6092,4319,0
6118,4288,0
6138,4264,0
6146,4247,0
6148,4251,0
6134,4262,0
6113,4289,0
6081,4328,0
6042,4374,0
6010,4430,0
5975,4475,0
5952,4519,0
5935,4550,0
5922,4559,0
5924,4562,0
5925,4549,0
5943,4529,0
5958,4495,0
5985,4471,0
6017,4451,0
6046,4436,0
6085,4429,0
6114,4425,0
6148,4415,1