Ghana&apos;s Strong man
624
928,1125,0
991,1141,0
1024,1127,0
935,1143,0
926,1150,0
917,1160,0
899,1177,0
773,1176,0
783,1216,0
782,1232,0
786,1246,0
794,1252,0
810,1257,0
828,1252,0
842,1235,0
896,1128,0
875,1143,0
878,1153,0
995,1186,0
876,1201,0
892,1249,0
896,1290,0
899,1331,0
900,1372,0
904,1425,0
902,1469,0
905,1526,0
904,1578,0
902,1626,0
901,1674,0
897,1714,0
890,1746,0
883,1773,0
873,1792,0
865,1807,0
858,1814,0
846,1809,0
831,1798,0
817,1788,0
801,1768,0
791,1746,0
785,1717,0
787,1685,0
796,1650,0
810,1616,0
832,1580,0
859,1539,0
895,1500,0
932,1452,0
974,1409,0
1014,1359,0
1053,1313,0
1081,1261,0
1106,1216,0
1121,1176,0
1133,1147,0
1097,1097,0
1115,1132,0
1116,1168,0
1111,1208,0
1109,1261,0
1107,1317,0
1103,1369,0
1108,1425,0
1109,1469,0
1110,1500,0
1116,1524,0
1124,1537,0
1129,1537,0
1131,1516,0
1138,1483,0
1153,1442,0
1172,1397,0
1191,1352,0
1207,1317,0
1218,1296,0
1230,1290,0
1234,1290,0
1243,1305,0
1248,1329,0
1254,1364,0
1258,1408,0
1259,1445,0
1268,1476,0
1278,1490,0
1293,1496,0
1309,1488,0
1332,1472,0
1362,1442,0
1396,1406,0
1428,1372,0
1457,1351,0
1483,1342,0
1500,1336,0
1519,1338,0
1531,1337,0
1538,1339,0
1544,1341,0
1543,1341,0
1542,1341,0
1535,1336,0
1523,1332,0
1508,1333,0
1490,1340,0
1467,1351,0
1445,1371,0
1423,1398,0
1406,1427,0
1397,1458,0
1397,1483,0
1404,1498,0
1419,1507,0
1442,1509,0
1464,1495,0
1488,1474,0
1517,1449,0
1541,1418,0
1559,1391,0
1565,1367,0
1570,1356,0
1568,1353,0
1565,1354,0
1564,1363,0
1569,1387,0
1566,1410,0
1570,1442,0
1578,1469,0
1590,1491,0
1605,1502,0
1623,1503,0
1646,1498,0
1667,1479,0
1689,1452,0
1711,1418,0
1731,1386,0
1749,1358,0
1762,1336,0
1776,1328,0
1779,1327,0
1784,1333,0
1787,1350,0
1788,1377,0
1789,1409,0
1791,1445,0
1789,1478,0
1790,1504,0
1785,1516,0
1787,1524,0
1791,1527,0
1790,1517,0
1798,1496,0
1809,1462,0
1824,1426,0
1838,1389,0
1856,1358,0
1872,1334,0
1883,1316,0
1899,1315,0
1911,1321,0
1916,1336,0
1922,1362,0
1923,1391,0
1930,1425,0
1934,1456,0
1940,1481,0
1954,1496,0
1973,1501,0
1998,1495,0
2026,1474,0
2063,1447,0
2101,1417,0
2140,1390,0
2174,1370,0
2200,1356,0
2222,1351,0
2236,1350,0
2249,1354,0
2256,1359,0
2258,1363,0
2256,1364,0
2256,1365,0
2253,1362,0
2241,1356,0
2225,1348,0
2206,1345,0
2183,1346,0
2157,1353,0
2130,1365,0
2109,1389,0
2087,1418,0
2079,1449,0
2076,1472,0
2084,1491,0
2100,1505,0
2119,1510,0
2137,1505,0
2157,1490,0
2183,1468,0
2210,1440,0
2228,1406,0
2246,1378,0
2250,1353,0
2252,1340,0
2251,1336,0
2252,1340,0
2245,1353,0
2240,1379,0
2240,1413,0
2246,1445,0
2252,1466,0
2277,1481,0
2306,1483,0
2341,1476,0
2371,1458,0
2405,1435,0
2432,1406,0
2453,1376,1
2494,1100,0
2491,1097,0
2495,1099,0
2497,1111,0
2499,1128,0
2495,1148,0
2487,1172,0
2480,1196,0
2476,1215,1
2628,1423,0
2634,1403,0
2642,1380,0
2658,1353,0
2673,1324,0
2695,1302,0
2716,1286,0
2738,1281,0
2755,1283,0
2779,1299,0
2794,1320,0
2803,1348,0
2803,1379,0
2791,1407,0
2774,1430,0
2759,1445,0
2737,1447,0
2724,1445,0
2713,1439,0
2704,1430,0
2704,1424,1
3225,1238,0
3229,1238,0
3240,1236,0
3252,1229,0
3289,1216,0
3317,1194,0
3353,1164,0
3385,1129,0
3418,1092,0
3442,1051,0
3456,1013,0
3463,979,0
3460,953,0
3444,937,0
3420,933,0
3395,943,0
3368,972,0
3350,1011,0
3332,1067,0
3323,1131,0
3318,1201,0
3315,1273,0
3305,1338,0
3296,1397,0
3288,1449,0
3271,1486,0
3258,1508,0
3249,1515,0
3235,1506,0
3226,1485,0
3216,1453,0
3211,1423,0
3215,1401,0
3213,1389,0
3212,1389,0
3217,1397,0
3223,1418,0
3234,1447,0
3250,1476,0
3268,1500,0
3296,1515,0
3325,1515,0
3358,1497,0
3394,1467,0
3428,1419,0
3467,1364,0
3506,1300,0
3536,1234,0
3556,1166,0
3572,1103,0
3588,1008,0
3595,986,0
3601,982,0
3599,991,0
3595,1025,0
3590,1078,0
3586,1144,0
3578,1218,0
3570,1296,0
3562,1369,0
3555,1428,0
3554,1473,0
3554,1499,0
3554,1508,0
3555,1506,0
3547,1486,0
3539,1452,0
3527,1412,0
3518,1377,0
3508,1351,0
3499,1334,0
3488,1329,0
3474,1331,0
3470,1348,0
3474,1375,0
3481,1406,0
3500,1430,0
3526,1442,0
3558,1440,0
3593,1424,0
3636,1401,0
3677,1368,0
3713,1329,0
3748,1288,0
3776,1252,0
3790,1226,0
3800,1213,0
3804,1212,0
3805,1220,0
3804,1246,0
3805,1284,0
3800,1329,0
3793,1376,0
3787,1417,0
3781,1448,0
3787,1464,0
3791,1465,0
3795,1457,0
3803,1429,0
3812,1390,0
3819,1344,0
3830,1299,0
3836,1261,0
3838,1237,0
3838,1226,0
3837,1227,0
3841,1240,0
3843,1266,0
3853,1298,0
3864,1322,0
3889,1335,0
3918,1335,0
3953,1324,0
3996,1304,0
4044,1281,0
4077,1258,0
4113,1242,0
4131,1237,0
4140,1238,0
4145,1245,0
4151,1254,0
4153,1261,0
4149,1261,0
4149,1259,0
4140,1249,0
4140,1238,0
4130,1230,0
4114,1227,0
4099,1233,0
4080,1252,0
4057,1277,0
4039,1315,0
4032,1353,0
4031,1389,0
4036,1418,0
4049,1439,0
4062,1449,0
4079,1450,0
4097,1438,0
4119,1416,0
4140,1385,0
4149,1352,0
4155,1325,0
4150,1305,0
4149,1295,0
4145,1293,0
4149,1297,0
4150,1305,0
4164,1313,0
4183,1318,0
4210,1315,0
4235,1304,0
4261,1291,0
4279,1276,0
4296,1264,0
4302,1259,0
4302,1260,0
4298,1271,0
4294,1295,0
4283,1324,0
4280,1357,0
4273,1388,0
4267,1414,0
4264,1430,0
4267,1433,0
4267,1433,0
4270,1426,0
4278,1407,0
4280,1377,0
4295,1348,0
4310,1319,0
4327,1295,0
4343,1274,0
4368,1263,0
4383,1257,0
4406,1261,0
4415,1272,0
4426,1290,0
4435,1315,0
4429,1344,0
4430,1375,0
4430,1400,0
4437,1416,0
4447,1423,0
4453,1418,0
4472,1402,0
4502,1377,0
4534,1346,0
4574,1316,0
4602,1293,0
4631,1280,0
4659,1274,0
4685,1270,0
4702,1270,0
4717,1273,0
4724,1276,0
4724,1279,0
4718,1283,0
4705,1287,0
4679,1287,0
4657,1290,0
4626,1298,0
4604,1312,0
4585,1331,0
4571,1348,0
4570,1364,0
4579,1375,0
4600,1376,0
4623,1368,0
4649,1353,0
4675,1339,0
4690,1320,0
4694,1307,0
4705,1300,0
4694,1296,0
4688,1300,0
4681,1322,0
4671,1352,0
4670,1392,0
4671,1440,0
4677,1493,0
4678,1546,0
4684,1599,0
4678,1654,0
4676,1702,0
4666,1744,0
4657,1776,0
4638,1797,0
4611,1808,0
4584,1809,0
4560,1795,0
4545,1771,0
4534,1734,0
4532,1691,0
4547,1647,0
4574,1602,0
4607,1564,0
4646,1529,0
4686,1503,0
4731,1485,0
4762,1470,0
4795,1461,0
4818,1455,0
4841,1450,1
5099,1496,0
5118,1479,0
5134,1455,0
5148,1422,0
5168,1383,0
5180,1344,0
5191,1307,0
5204,1274,0
5207,1247,0
5214,1233,0
5215,1229,0
5218,1235,0
5220,1258,0
5218,1297,0
5214,1344,0
5213,1389,0
5199,1433,0
5198,1464,0
5193,1480,0
5192,1482,0
5197,1469,0
5198,1437,0
5206,1398,0
5218,1358,0
5222,1314,0
5237,1275,0
5250,1242,0
5270,1225,0
5289,1219,0
5308,1225,0
5327,1245,0
5344,1274,0
5361,1307,0
5366,1346,0
5368,1382,0
5368,1414,0
5366,1434,0
5361,1440,0
5361,1438,0
5366,1422,0
5368,1397,0
5378,1364,0
5388,1329,0
5397,1296,0
5407,1269,0
5417,1251,0
5422,1242,0
5430,1246,0
5439,1258,0
5446,1281,0
5449,1317,0
5453,1361,0
5455,1400,0
5463,1429,0
5476,1445,0
5496,1444,0
5530,1427,0
5572,1397,0
5614,1363,0
5660,1329,0
5697,1297,0
5731,1277,0
5753,1268,0
5766,1266,0
5782,1267,0
5786,1269,0
5786,1269,0
5778,1270,0
5759,1274,0
5734,1277,0
5705,1282,0
5670,1292,0
5642,1304,0
5600,1324,0
5576,1351,0
5557,1380,0
5549,1402,0
5558,1418,0
5576,1427,0
5597,1427,0
5629,1416,0
5668,1397,0
5699,1371,0
5723,1343,0
5745,1319,0
5754,1301,0
5756,1293,0
5752,1290,0
5756,1293,0
5756,1309,0
5754,1335,0
5747,1365,0
5751,1393,0
5759,1410,0
5774,1420,0
5791,1417,0
5815,1404,0
5838,1380,0
5861,1353,0
5880,1324,0
5890,1299,0
5898,1283,0
5899,1276,0
5900,1276,0
5905,1288,0
5908,1310,0
5905,1338,0
5902,1368,0
5899,1398,0
5893,1421,0
5894,1433,0
5890,1435,0
5891,1427,0
5897,1404,0
5913,1374,0
5933,1341,0
5954,1307,0
5972,1286,0
5991,1272,0
6000,1269,0
6010,1275,0
6023,1293,0
6033,1320,0
6042,1352,0
6043,1382,0
6045,1406,0
6054,1421,0
6065,1426,0
6084,1415,0
6114,1395,0
6140,1372,0
6149,1348,0
6154,1329,1