Watford at 5.30 p.m. - none was planned
971
896,1488,0
900,1497,0
899,1497,0
897,1496,0
892,1504,0
888,1532,0
897,1590,0
904,1634,0
912,1672,0
919,1696,0
926,1718,0
934,1734,0
943,1747,0
946,1744,0
952,1739,0
956,1724,0
957,1688,0
959,1648,0
960,1604,0
966,1568,0
976,1533,0
984,1502,0
991,1474,0
996,1462,0
998,1467,0
997,1467,0
997,1482,0
999,1522,0
995,1570,0
991,1631,0
993,1698,0
999,1747,0
1006,1763,0
1017,1763,0
1033,1756,0
1051,1737,0
1066,1697,0
1085,1652,0
1102,1605,0
1119,1568,0
1136,1551,0
1138,1536,0
1139,1535,0
1128,1520,0
1136,1536,1
1264,1585,0
1248,1575,0
1234,1576,0
1213,1582,0
1188,1597,0
1165,1626,0
1143,1655,0
1138,1679,0
1141,1696,0
1154,1703,0
1172,1703,0
1197,1692,0
1222,1674,0
1248,1647,0
1274,1611,0
1299,1576,0
1319,1544,0
1326,1527,0
1326,1527,0
1328,1534,0
1313,1553,0
1299,1596,0
1284,1635,0
1275,1668,0
1273,1689,0
1274,1697,0
1278,1691,0
1293,1681,0
1305,1648,1
1463,1440,0
1462,1445,0
1459,1446,0
1449,1457,0
1433,1478,0
1414,1508,0
1404,1547,0
1397,1582,0
1391,1603,0
1393,1623,0
1399,1635,0
1403,1638,0
1404,1634,1
1345,1556,0
1340,1556,0
1345,1560,0
1353,1558,0
1372,1558,0
1392,1558,0
1412,1558,0
1442,1559,0
1467,1548,1
1648,1467,0
1643,1459,0
1631,1448,0
1623,1447,0
1609,1444,0
1600,1452,0
1583,1459,0
1570,1476,0
1556,1507,0
1546,1548,0
1537,1597,0
1531,1650,0
1532,1696,0
1537,1727,0
1539,1743,0
1537,1744,0
1541,1746,1
1478,1619,0
1480,1619,0
1493,1615,0
1516,1608,0
1544,1599,0
1572,1586,0
1603,1575,0
1637,1566,0
1659,1553,0
1672,1548,0
1673,1547,0
1672,1548,0
1669,1553,0
1651,1569,0
1627,1592,0
1607,1616,0
1600,1644,0
1596,1658,0
1604,1668,0
1618,1672,0
1634,1669,0
1647,1661,0
1661,1651,0
1667,1632,0
1676,1615,0
1679,1597,0
1674,1573,0
1671,1556,0
1667,1550,0
1667,1550,0
1667,1550,0
1666,1550,0
1668,1558,0
1672,1574,0
1679,1588,0
1689,1597,0
1703,1604,0
1719,1606,0
1732,1599,0
1746,1589,0
1758,1574,0
1766,1557,0
1773,1544,0
1776,1539,0
1773,1535,0
1772,1536,0
1773,1540,0
1775,1544,0
1772,1554,0
1775,1579,0
1775,1602,0
1775,1619,0
1778,1631,0
1779,1635,0
1779,1635,0
1780,1635,0
1780,1631,0
1780,1609,0
1786,1582,0
1793,1566,0
1800,1558,0
1800,1549,0
1810,1543,0
1821,1537,0
1838,1533,0
1858,1530,0
1875,1526,0
1889,1522,0
1899,1520,0
1900,1520,0
1899,1521,0
1892,1520,0
1880,1527,0
1865,1541,0
1845,1556,0
1838,1574,0
1835,1589,0
1836,1598,0
1841,1604,0
1846,1606,0
1850,1603,0
1856,1592,0
1868,1571,0
1884,1539,0
1907,1497,0
1935,1455,0
1955,1412,0
1969,1382,0
1978,1371,0
1978,1370,0
1978,1377,0
1963,1407,0
1940,1457,0
1917,1510,0
1908,1556,0
1910,1579,0
1913,1587,0
1919,1588,0
1925,1584,0
1931,1576,0
1937,1567,1
2308,1475,0
2288,1476,0
2269,1488,0
2244,1505,0
2217,1533,0
2198,1565,0
2190,1591,0
2193,1604,0
2203,1612,0
2217,1611,0
2235,1602,0
2258,1582,0
2287,1553,0
2314,1518,0
2338,1484,0
2369,1461,0
2378,1440,0
2385,1439,0
2380,1438,0
2381,1449,0
2364,1477,0
2340,1516,0
2328,1559,0
2314,1587,0
2309,1603,0
2310,1607,0
2313,1604,0
2331,1594,0
2350,1566,1
2516,1365,0
2516,1365,0
2511,1364,0
2509,1368,0
2502,1376,0
2491,1406,0
2475,1448,0
2458,1494,0
2446,1536,0
2444,1566,0
2444,1577,0
2447,1579,0
2445,1575,0
2448,1563,0
2453,1541,0
2450,1515,0
2453,1500,1
2425,1484,0
2420,1483,0
2424,1485,0
2426,1483,0
2444,1486,0
2460,1487,0
2479,1491,0
2499,1493,0
2527,1492,0
2545,1484,0
2566,1479,0
2586,1474,1
2877,1375,0
2869,1374,0
2864,1375,0
2851,1379,0
2837,1392,0
2812,1414,0
2790,1444,0
2776,1475,0
2764,1497,0
2760,1508,0
2759,1509,0
2759,1509,0
2773,1512,0
2784,1503,0
2806,1495,0
2828,1486,0
2846,1481,0
2864,1484,0
2871,1488,0
2881,1502,0
2879,1517,0
2867,1534,0
2858,1553,0
2841,1567,0
2828,1577,0
2820,1580,0
2812,1578,0
2808,1570,0
2809,1549,1
2863,1382,0
2859,1382,0
2859,1381,0
2858,1382,0
2865,1380,0
2882,1376,0
2909,1372,0
2942,1364,0
2980,1357,0
3011,1351,0
3035,1350,0
3049,1350,0
3061,1363,1
3049,1598,0
3045,1609,0
3041,1609,0
3035,1609,0
3036,1608,0
3035,1604,0
3040,1602,0
3040,1597,0
3047,1585,1
3192,1409,0
3189,1412,0
3189,1413,0
3194,1413,0
3221,1414,0
3254,1413,0
3287,1411,0
3324,1411,0
3350,1413,0
3361,1417,0
3359,1422,0
3345,1439,0
3315,1459,0
3283,1483,0
3254,1499,0
3241,1513,0
3236,1521,0
3241,1527,0
3255,1537,0
3274,1543,0
3297,1551,0
3316,1558,0
3325,1566,0
3325,1575,0
3313,1586,0
3298,1602,0
3265,1616,0
3235,1632,0
3213,1643,0
3199,1648,0
3195,1647,0
3200,1648,0
3203,1643,1
3474,1438,0
3465,1428,0
3462,1423,0
3452,1416,0
3450,1413,0
3433,1410,0
3422,1416,0
3406,1428,0
3387,1447,0
3369,1470,0
3354,1497,0
3341,1527,0
3332,1555,0
3334,1583,0
3326,1602,0
3334,1619,0
3344,1627,0
3357,1629,0
3378,1625,0
3399,1614,0
3422,1599,0
3447,1582,0
3462,1557,0
3477,1530,0
3484,1500,0
3487,1471,0
3481,1448,0
3472,1430,0
3457,1417,0
3440,1408,0
3431,1406,0
3422,1406,0
3414,1412,1
3636,1523,0
3631,1523,0
3638,1527,0
3622,1541,0
3620,1570,0
3610,1604,0
3597,1642,0
3584,1681,0
3571,1717,0
3560,1750,0
3550,1780,0
3543,1805,0
3533,1819,0
3535,1825,0
3535,1824,0
3538,1819,0
3542,1799,0
3554,1766,0
3568,1727,0
3584,1688,0
3607,1649,0
3630,1609,0
3658,1575,0
3687,1549,0
3701,1528,0
3722,1523,0
3730,1524,0
3733,1536,0
3735,1558,0
3731,1583,0
3722,1609,0
3715,1629,0
3707,1644,0
3691,1649,0
3676,1650,0
3663,1648,0
3655,1646,0
3641,1638,0
3636,1632,0
3633,1628,0
3636,1625,0
3642,1620,0
3658,1619,0
3674,1620,0
3691,1623,1
3812,1635,0
3812,1635,0
3812,1635,0
3809,1633,0
3806,1630,0
3802,1628,0
3799,1626,0
3795,1625,1
3952,1527,0
3952,1526,0
3952,1526,0
3952,1527,0
3943,1537,0
3927,1551,0
3918,1570,0
3909,1588,0
3904,1607,0
3890,1625,0
3886,1642,0
3882,1649,0
3877,1649,0
3882,1649,0
3884,1645,0
3892,1631,0
3899,1609,0
3907,1591,0
3921,1573,0
3933,1557,0
3940,1544,0
3950,1539,0
3951,1539,0
3954,1541,0
3960,1548,0
3962,1560,0
3959,1578,0
3949,1597,0
3940,1614,0
3935,1633,0
3928,1648,0
3924,1655,0
3920,1655,0
3920,1653,0
3922,1650,0
3929,1635,0
3942,1611,0
3953,1589,0
3981,1568,0
4004,1548,0
4028,1534,0
4044,1527,0
4053,1527,0
4055,1534,0
4058,1554,0
4047,1580,0
4037,1608,0
4030,1631,0
4032,1646,0
4027,1657,0
4034,1661,0
4042,1662,0
4047,1660,1
4169,1655,0
4172,1660,0
4176,1660,0
4177,1659,0
4177,1657,0
4174,1656,0
4179,1656,0
4171,1652,0
4176,1653,0
4176,1653,0
4179,1654,0
4180,1653,0
4184,1653,1
4281,1597,0
4276,1598,0
4272,1598,0
4272,1598,0
4275,1599,0
4274,1602,0
4289,1608,0
4318,1613,0
4339,1613,0
4365,1616,0
4374,1615,0
4382,1615,0
4383,1614,0
4379,1613,0
4383,1614,0
4382,1615,0
4382,1615,0
4386,1616,0
4381,1616,0
4389,1620,0
4388,1622,1
4492,1518,0
4492,1518,0
4492,1517,0
4492,1517,0
4495,1521,0
4490,1534,0
4483,1551,0
4475,1570,0
4471,1590,0
4469,1606,0
4465,1614,0
4459,1617,0
4463,1619,0
4463,1619,0
4465,1614,0
4476,1599,0
4495,1575,0
4523,1548,0
4545,1524,0
4572,1510,0
4585,1500,0
4594,1500,0
4596,1504,0
4599,1520,0
4589,1542,0
4583,1571,0
4572,1597,0
4562,1620,0
4558,1640,0
4553,1652,0
4555,1659,0
4558,1661,0
4563,1660,1
4696,1510,0
4688,1507,0
4677,1505,0
4663,1508,0
4646,1518,0
4624,1533,0
4603,1553,0
4590,1574,0
4586,1595,0
4587,1612,0
4599,1626,0
4613,1634,0
4634,1636,0
4653,1633,0
4669,1623,0
4683,1613,0
4688,1599,0
4690,1582,0
4692,1567,0
4683,1554,0
4674,1545,0
4664,1538,0
4653,1535,0
4640,1534,0
4636,1535,1
4783,1528,0
4784,1527,0
4779,1528,0
4782,1532,0
4774,1543,0
4766,1563,0
4756,1587,0
4748,1610,0
4741,1628,0
4735,1641,0
4734,1645,0
4734,1645,0
4734,1643,0
4736,1640,0
4740,1619,0
4755,1590,0
4776,1561,0
4794,1534,0
4806,1514,0
4827,1503,0
4828,1497,0
4833,1498,0
4835,1505,0
4833,1521,0
4838,1544,0
4841,1569,0
4842,1588,0
4857,1607,0
4873,1619,0
4895,1628,0
4913,1627,0
4945,1622,0
4963,1610,0
4981,1593,0
4988,1573,0
4995,1553,0
4984,1538,0
4975,1527,0
4951,1523,0
4924,1527,0
4885,1542,0
4872,1566,0
4862,1590,0
4877,1621,0
4890,1643,0
4908,1660,0
4928,1667,0
4951,1663,0
4982,1648,1
5178,1514,0
5182,1515,0
5178,1517,0
5180,1522,0
5173,1539,0
5166,1562,0
5163,1584,0
5164,1604,0
5166,1623,0
5173,1637,0
5180,1645,0
5179,1645,0
5180,1643,0
5189,1631,0
5197,1609,0
5197,1582,0
5205,1558,0
5209,1537,0
5214,1519,0
5221,1511,0
5221,1510,0
5221,1511,0
5217,1522,0
5218,1547,0
5220,1576,0
5222,1607,0
5217,1634,0
5221,1657,0
5229,1672,0
5240,1678,0
5249,1674,0
5262,1662,0
5274,1640,0
5287,1616,0
5296,1590,0
5303,1566,0
5312,1542,1
5404,1518,0
5393,1524,0
5377,1535,0
5356,1547,0
5338,1566,0
5319,1585,0
5317,1604,0
5309,1613,0
5315,1621,0
5326,1624,0
5340,1621,0
5352,1609,0
5371,1592,0
5383,1567,0
5396,1540,0
5404,1517,0
5412,1506,0
5412,1504,0
5412,1506,0
5413,1515,0
5402,1537,0
5383,1566,0
5371,1594,0
5360,1613,0
5360,1624,0
5370,1631,0
5388,1631,0
5407,1622,0
5431,1602,1
5525,1501,0
5489,1512,0
5464,1524,0
5452,1537,0
5452,1549,0
5464,1564,0
5482,1576,0
5503,1587,0
5521,1596,0
5524,1600,0
5518,1604,0
5504,1610,0
5477,1614,0
5451,1616,0
5438,1619,0
5430,1618,0
5426,1614,0
5431,1615,0
5435,1614,0
5445,1611,0
5458,1610,1
5849,1521,0
5849,1521,0
5841,1520,0
5844,1527,0
5832,1551,0
5818,1583,0
5812,1619,0
5795,1659,0
5793,1704,0
5780,1743,0
5769,1777,0
5757,1800,0
5737,1809,0
5735,1812,0
5736,1809,0
5740,1800,0
5749,1774,0
5762,1735,0
5784,1692,0
5810,1650,0
5836,1607,0
5864,1570,0
5890,1537,0
5918,1513,0
5941,1503,0
5950,1499,0
5958,1503,0
5959,1515,0
5957,1535,0
5942,1560,0
5935,1587,0
5908,1607,0
5891,1621,0
5871,1631,0
5865,1635,0
5853,1635,0
5857,1633,0
5853,1633,0
5858,1631,0
5865,1621,0
5886,1609,1
6095,1371,0
6086,1373,0
6085,1380,0
6080,1397,0
6071,1420,0
6058,1452,0
6051,1481,0
6034,1513,0
6008,1547,0
5990,1581,0
5978,1607,0
5969,1625,0
5963,1631,0
5967,1631,0
5986,1623,0
6013,1600,0
6063,1573,0
6104,1544,0
6141,1516,0
6172,1494,0
6189,1474,0
6195,1468,0
6195,1465,0
6183,1466,0
6160,1475,0
6128,1502,0
6095,1536,0
6073,1567,0
6061,1592,0
6060,1611,0
6070,1621,0
6082,1623,0
6109,1615,0
6139,1597,0
6167,1570,0
6191,1544,0
6210,1517,0
6224,1498,0
6227,1487,0
6224,1481,0
6211,1481,0
6198,1489,0
6179,1512,0
6150,1542,0
6128,1575,0
6126,1599,0
6126,1615,0
6136,1623,0
6151,1628,0
6174,1621,0
6199,1607,0
6230,1586,0
6256,1563,0
6283,1541,0
6306,1515,0
6332,1495,0
6348,1480,0
6355,1472,0
6351,1469,0
6355,1470,0
6355,1471,0
6349,1478,0
6340,1498,0
6330,1521,0
6314,1546,0
6300,1571,0
6290,1594,0
6285,1610,0
6286,1620,0
6287,1619,0
6283,1618,0
6288,1614,0
6300,1600,0
6314,1578,0
6334,1553,0
6357,1528,0
6375,1505,0
6396,1484,0
6411,1474,0
6421,1468,0
6425,1470,0
6420,1474,0
6420,1492,0
6409,1517,0
6393,1546,0
6383,1570,0
6381,1593,0
6380,1612,0
6386,1622,0
6388,1628,0
6392,1630,0
6396,1629,0
6396,1628,0
6396,1626,0
6399,1621,0
6406,1608,0
6419,1590,0
6441,1568,0
6469,1544,0
6495,1520,0
6520,1502,0
6540,1486,0
6554,1478,0
6560,1474,0
6560,1474,0
6560,1475,0
6548,1488,0
6538,1514,0
6523,1541,0
6507,1572,0
6494,1603,0
6479,1628,0
6478,1649,0
6475,1659,0
6478,1661,0
6487,1660,0
6499,1646,0
6510,1621,0
6526,1592,0
6541,1564,0
6558,1530,0
6572,1508,0
6581,1489,0
6587,1483,0
6587,1480,0
6590,1486,0
6587,1498,0
6580,1525,0
6569,1553,0
6570,1580,0
6573,1603,0
6580,1621,0
6594,1632,0
6610,1637,0
6631,1634,0
6649,1626,0
6664,1615,0
6678,1596,0
6687,1577,0
6705,1555,0
6710,1532,0
6719,1512,0
6720,1496,0
6717,1488,0
6710,1481,0
6703,1481,0
6679,1490,0
6667,1508,0
6656,1534,0
6645,1562,0
6642,1589,0
6643,1619,0
6645,1643,0
6653,1659,0
6671,1669,0
6687,1670,0
6705,1666,0
6729,1655,0
6753,1638,0
6775,1617,0
6798,1594,0
6820,1570,0
6845,1553,0
6858,1533,0
6869,1524,0
6869,1519,0
6870,1520,0
6866,1518,0
6856,1525,0
6843,1542,0
6826,1564,0
6811,1592,0
6793,1614,0
6779,1638,0
6773,1659,0
6768,1679,0
6773,1692,0
6782,1701,0
6791,1702,0
6808,1698,0
6823,1688,0
6840,1673,0
6855,1650,0
6873,1624,0
6892,1598,0
6903,1569,0
6915,1534,0
6927,1465,0
6938,1433,0
6947,1409,0
6954,1398,0
6956,1388,0
6956,1387,0
6951,1390,0
6940,1423,0
6908,1515,0
6889,1562,0
6873,1609,0
6867,1647,0
6872,1676,0
6875,1694,0
6882,1701,0
6886,1703,0
6888,1697,0
6895,1684,0
6894,1668,0
6893,1656,1