conduct. His secretary, American
761
789,5016,0
786,5020,0
785,5016,0
781,5015,0
776,5015,0
766,5018,0
748,5021,0
726,5040,0
702,5057,0
675,5076,0
653,5106,0
638,5137,0
627,5168,0
624,5200,0
629,5233,0
640,5261,0
656,5283,0
677,5301,0
702,5310,0
728,5313,0
763,5310,1
962,5139,0
958,5127,0
943,5115,0
927,5114,0
908,5117,0
886,5113,0
866,5116,0
846,5123,0
822,5137,0
801,5161,0
786,5180,0
781,5207,0
786,5232,0
803,5253,0
832,5270,0
864,5276,0
900,5277,0
933,5274,0
959,5259,0
976,5243,0
985,5212,0
989,5179,0
986,5144,0
982,5112,0
972,5096,0
962,5083,0
957,5079,0
955,5079,0
964,5079,1
1076,5093,0
1071,5092,0
1066,5101,0
1063,5108,0
1061,5124,0
1063,5152,0
1068,5185,0
1076,5213,0
1083,5237,0
1090,5253,0
1093,5260,0
1096,5256,0
1094,5248,0
1100,5236,0
1104,5204,0
1112,5177,0
1122,5160,0
1132,5148,0
1143,5144,0
1155,5152,0
1163,5163,0
1168,5180,0
1169,5212,0
1166,5236,0
1163,5263,0
1162,5284,0
1163,5291,0
1168,5291,0
1180,5275,1
1322,5122,0
1318,5115,0
1310,5115,0
1294,5112,0
1279,5113,0
1266,5121,0
1256,5133,0
1248,5149,0
1245,5170,0
1245,5190,0
1249,5205,0
1257,5217,0
1267,5225,0
1280,5225,0
1293,5212,0
1311,5191,0
1328,5154,0
1347,5101,0
1366,5044,0
1384,4987,0
1399,4938,0
1403,4901,0
1402,4889,0
1393,4886,0
1382,4895,0
1373,4920,0
1365,4952,0
1365,4996,0
1369,5040,0
1377,5091,0
1389,5143,0
1401,5194,0
1414,5238,0
1426,5277,0
1436,5296,0
1445,5308,0
1451,5307,0
1455,5294,0
1461,5266,0
1468,5225,0
1476,5189,0
1483,5156,0
1488,5139,0
1491,5131,0
1492,5136,0
1492,5143,0
1492,5171,0
1493,5212,0
1497,5251,0
1505,5282,0
1520,5309,0
1535,5320,0
1552,5319,0
1570,5308,0
1587,5283,0
1606,5253,0
1623,5216,0
1638,5181,0
1648,5160,0
1650,5152,0
1649,5156,0
1648,5164,0
1645,5192,0
1643,5221,0
1647,5253,0
1658,5284,0
1674,5302,0
1696,5315,1
1838,5204,0
1838,5199,0
1833,5192,0
1825,5185,0
1814,5183,0
1803,5184,0
1790,5190,0
1774,5200,0
1754,5224,0
1734,5258,0
1719,5292,0
1712,5326,0
1715,5353,0
1725,5368,0
1744,5378,0
1768,5379,0
1797,5371,0
1829,5354,0
1860,5330,0
1888,5293,0
1914,5253,1
1923,5028,0
1923,5028,0
1923,5032,0
1922,5035,0
1920,5040,0
1919,5048,0
1919,5061,0
1920,5073,0
1921,5093,0
1924,5113,0
1920,5142,0
1922,5166,0
1925,5202,0
1927,5242,0
1930,5281,0
1934,5322,0
1934,5359,0
1937,5395,0
1935,5411,0
1937,5411,0
1937,5407,1
1904,5278,0
1902,5274,0
1905,5274,0
1914,5272,0
1931,5274,0
1954,5278,0
1979,5274,0
2013,5268,1
2092,5350,0
2084,5364,0
2084,5364,0
2082,5365,0
2080,5361,0
2079,5356,0
2080,5356,0
2082,5352,0
2084,5348,1
2413,5070,0
2406,5060,0
2407,5068,0
2401,5065,0
2400,5074,0
2398,5086,0
2399,5120,0
2393,5150,0
2390,5205,0
2381,5252,0
2378,5319,0
2372,5387,0
2364,5446,0
2359,5497,0
2357,5535,0
2359,5558,0
2367,5557,1
2495,5146,0
2492,5144,0
2492,5156,0
2487,5170,0
2482,5201,0
2478,5247,0
2482,5304,0
2486,5345,0
2498,5400,0
2508,5446,0
2519,5494,0
2522,5517,0
2527,5532,0
2526,5529,0
2524,5516,0
2518,5489,0
2504,5452,1
2421,5366,0
2415,5364,0
2417,5367,0
2429,5380,0
2447,5380,0
2474,5377,0
2507,5368,0
2555,5359,1
2681,5296,0
2659,5320,0
2649,5335,0
2649,5361,0
2656,5392,0
2661,5424,0
2668,5455,0
2678,5477,0
2694,5494,1
2693,5141,0
2685,5123,0
2678,5113,0
2668,5111,0
2662,5114,1
2847,5228,0
2852,5231,0
2849,5233,0
2843,5238,0
2830,5238,0
2817,5243,0
2802,5253,0
2791,5265,0
2786,5279,0
2791,5294,0
2803,5307,0
2824,5330,0
2849,5347,0
2878,5366,0
2900,5388,0
2916,5412,0
2919,5437,0
2905,5462,0
2878,5484,0
2852,5510,0
2824,5519,0
2804,5522,0
2794,5517,0
2792,5513,0
2799,5498,1
3269,5270,0
3264,5268,0
3257,5267,0
3247,5267,0
3233,5268,0
3218,5275,0
3194,5284,0
3170,5303,0
3146,5325,0
3131,5354,0
3127,5376,0
3135,5395,0
3153,5417,0
3178,5438,0
3207,5453,0
3231,5472,0
3250,5486,0
3260,5508,0
3257,5523,0
3240,5542,0
3213,5557,0
3180,5574,0
3146,5583,0
3114,5587,0
3093,5590,0
3082,5586,0
3083,5581,0
3094,5573,0
3118,5560,1
3356,5411,0
3358,5410,0
3359,5405,0
3362,5400,0
3373,5392,0
3392,5383,0
3413,5364,0
3434,5346,0
3452,5325,0
3464,5306,0
3465,5293,0
3455,5292,0
3437,5296,0
3407,5315,0
3371,5339,0
3340,5375,0
3315,5416,0
3296,5450,0
3289,5484,0
3296,5511,0
3310,5527,0
3332,5539,0
3367,5542,0
3402,5535,0
3438,5520,1
3570,5367,0
3563,5361,0
3561,5358,0
3552,5358,0
3540,5363,0
3530,5377,0
3517,5396,0
3506,5419,0
3503,5446,0
3503,5469,0
3508,5484,0
3522,5503,0
3539,5513,0
3562,5516,0
3586,5513,0
3612,5506,0
3637,5494,1
3681,5455,0
3682,5463,0
3678,5474,0
3681,5491,0
3683,5503,0
3689,5518,0
3696,5532,0
3703,5537,0
3708,5540,0
3707,5535,0
3701,5521,0
3694,5497,0
3686,5470,0
3674,5441,0
3667,5413,0
3668,5390,0
3672,5366,0
3683,5351,0
3696,5340,0
3712,5332,0
3729,5328,0
3748,5332,0
3768,5339,0
3790,5351,0
3813,5370,0
3831,5383,0
3846,5398,0
3860,5404,0
3870,5408,0
3876,5405,0
3880,5398,0
3884,5386,0
3889,5370,0
3889,5351,0
3888,5339,0
3885,5332,0
3880,5330,0
3867,5332,0
3852,5345,0
3833,5368,0
3819,5394,0
3809,5426,0
3809,5458,0
3817,5485,0
3832,5509,0
3853,5530,0
3880,5538,0
3906,5538,1
3987,5210,0
3984,5212,0
3983,5217,0
3981,5232,0
3984,5262,0
3988,5297,0
3994,5340,0
4000,5387,0
4003,5431,0
4007,5470,0
4005,5507,0
4006,5539,0
4005,5558,1
3945,5431,0
3946,5431,0
3953,5431,0
3965,5429,0
3988,5435,0
4016,5433,0
4053,5435,0
4089,5433,0
4124,5426,0
4158,5421,0
4183,5416,0
4191,5406,0
4193,5396,0
4176,5377,0
4155,5367,0
4129,5364,0
4100,5367,0
4076,5376,0
4061,5394,0
4053,5412,0
4057,5433,0
4073,5451,0
4094,5472,0
4119,5485,0
4143,5489,0
4167,5489,0
4184,5479,0
4193,5461,0
4195,5441,0
4196,5426,0
4192,5415,0
4190,5412,0
4191,5411,0
4192,5419,0
4198,5435,0
4205,5458,0
4220,5482,0
4243,5506,0
4266,5525,0
4292,5537,0
4311,5543,0
4332,5555,0
4337,5556,0
4338,5556,0
4337,5556,0
4337,5556,0
4337,5552,0
4336,5543,0
4336,5529,0
4336,5510,0
4333,5483,0
4331,5457,0
4326,5423,0
4323,5396,0
4325,5376,0
4328,5365,0
4333,5356,0
4341,5356,0
4352,5359,0
4367,5369,0
4384,5381,0
4406,5396,0
4428,5405,0
4449,5407,0
4471,5406,1
4485,5378,0
4474,5376,0
4461,5379,0
4452,5390,0
4438,5404,0
4435,5425,0
4434,5449,0
4436,5467,0
4448,5493,0
4463,5511,0
4478,5520,0
4502,5529,0
4526,5528,0
4546,5515,0
4571,5499,0
4594,5478,0
4613,5453,0
4625,5425,0
4635,5404,0
4637,5388,0
4639,5381,0
4635,5380,0
4634,5385,0
4627,5395,0
4625,5414,0
4626,5443,0
4625,5472,0
4625,5511,0
4621,5547,0
4616,5589,0
4609,5636,0
4595,5684,0
4582,5729,0
4568,5771,0
4558,5805,0
4552,5819,1
4749,5524,0
4743,5523,0
4741,5530,0
4732,5535,0
4731,5550,0
4732,5569,0
4734,5592,0
4732,5617,0
4725,5641,0
4721,5664,0
4718,5680,0
4719,5684,0
4724,5676,1
4997,5143,0
4994,5146,0
4987,5151,0
4985,5168,0
4979,5188,0
4973,5218,0
4963,5256,0
4956,5302,0
4946,5349,0
4935,5402,0
4925,5454,0
4916,5504,0
4903,5548,0
4895,5578,0
4895,5593,0
4899,5590,0
4910,5569,1
5016,5180,0
5016,5170,0
5013,5167,0
5013,5177,0
5013,5197,0
5018,5228,0
5027,5267,0
5036,5310,0
5051,5365,0
5063,5411,0
5072,5455,0
5079,5494,0
5084,5526,0
5088,5547,0
5088,5557,0
5087,5558,0
5088,5552,1
4951,5385,0
4951,5385,0
4949,5382,0
4956,5386,0
4970,5385,0
4991,5390,0
5021,5392,0
5052,5389,0
5091,5385,1
5166,5402,0
5165,5414,0
5164,5419,0
5166,5432,0
5170,5449,0
5175,5472,0
5179,5499,0
5178,5530,0
5179,5564,0
5180,5594,0
5178,5610,0
5176,5616,0
5175,5617,0
5175,5607,0
5178,5590,0
5183,5561,0
5188,5526,0
5199,5499,0
5209,5479,0
5219,5467,0
5228,5465,0
5234,5466,0
5241,5480,0
5245,5503,0
5250,5535,0
5252,5563,0
5257,5590,0
5257,5600,0
5260,5603,0
5265,5600,0
5269,5581,0
5282,5549,0
5298,5507,0
5318,5465,0
5341,5431,0
5358,5413,0
5368,5410,0
5368,5419,0
5364,5439,0
5356,5471,0
5353,5504,0
5351,5532,0
5359,5560,0
5370,5572,0
5382,5569,1
5431,5487,0
5437,5488,0
5446,5486,0
5457,5482,0
5473,5473,0
5491,5459,0
5516,5443,0
5535,5421,0
5546,5402,0
5551,5387,0
5545,5376,0
5532,5371,0
5511,5369,0
5494,5378,0
5478,5392,0
5471,5413,0
5470,5445,0
5473,5473,0
5486,5504,0
5507,5534,0
5539,5559,0
5568,5572,0
5602,5584,0
5637,5592,0
5663,5592,0
5681,5592,0
5688,5586,0
5689,5580,0
5682,5564,0
5676,5543,0
5666,5520,0
5655,5494,0
5648,5467,0
5646,5443,0
5649,5419,0
5660,5404,0
5671,5394,0
5688,5390,0
5705,5385,0
5728,5387,0
5750,5383,1
5815,5378,0
5815,5383,0
5810,5382,0
5805,5381,0
5806,5386,0
5809,5400,0
5808,5423,0
5805,5453,0
5805,5484,0
5805,5516,0
5806,5542,0
5807,5562,0
5812,5573,0
5813,5567,0
5820,5551,0
5824,5520,1
5827,5263,0
5824,5245,0
5823,5235,0
5820,5232,0
5816,5231,0
5819,5239,0
5825,5254,0
5836,5271,1
6011,5376,0
6007,5375,0
5999,5377,0
5981,5377,0
5957,5384,0
5929,5399,0
5904,5421,0
5877,5451,0
5862,5487,0
5852,5517,0
5861,5547,0
5881,5571,0
5910,5589,0
5944,5596,0
5986,5595,0
6023,5583,0
6051,5564,1
6142,5428,0
6141,5417,0
6136,5411,0
6124,5412,0
6107,5423,0
6090,5445,0
6072,5478,0
6063,5514,0
6057,5552,0
6057,5579,0
6067,5598,0
6089,5604,0
6107,5593,0
6135,5573,0
6157,5547,0
6176,5513,0
6191,5481,0
6203,5453,0
6209,5430,0
6210,5417,0
6213,5421,0
6209,5424,0
6210,5446,0
6206,5472,0
6210,5507,0
6213,5538,0
6223,5566,0
6236,5581,1
6325,5406,0
6317,5402,0
6317,5403,0
6318,5407,0
6316,5421,0
6313,5446,0
6314,5473,0
6311,5498,0
6314,5523,0
6317,5537,0
6320,5540,0
6326,5534,0
6338,5516,0
6355,5489,0
6380,5453,0
6408,5424,0
6431,5406,0
6449,5400,0
6455,5405,0
6455,5421,0
6445,5449,0
6436,5482,0
6425,5515,0
6421,5542,0
6423,5557,1
6519,5431,0
6522,5434,0
6533,5434,0
6551,5431,0
6578,5427,1