with the political and mili-
397
1198,3258,0
1190,3279,0
1182,3311,0
1177,3351,0
1173,3387,0
1172,3411,0
1176,3431,0
1185,3435,0
1196,3431,0
1211,3426,0
1220,3418,0
1233,3421,0
1246,3432,0
1265,3451,0
1290,3466,0
1319,3476,0
1348,3477,0
1375,3476,0
1395,3461,0
1409,3440,0
1417,3415,0
1420,3378,0
1422,3338,0
1424,3302,0
1421,3282,1
1556,3069,0
1544,3120,0
1529,3187,0
1510,3251,0
1500,3296,0
1502,3333,0
1513,3347,0
1532,3349,0
1560,3344,0
1586,3337,0
1610,3332,0
1631,3341,0
1649,3354,0
1669,3371,0
1689,3392,0
1713,3415,0
1736,3431,0
1754,3436,0
1771,3440,0
1783,3433,0
1789,3416,1
1732,3158,0
1719,3148,0
1719,3148,0
1719,3144,0
1728,3155,1
1896,3043,0
1899,3047,0
1903,3066,0
1909,3105,0
1911,3151,0
1909,3206,0
1903,3264,0
1891,3322,0
1874,3359,1
1813,3329,0
1811,3329,0
1822,3331,0
1842,3338,0
1874,3330,0
1911,3329,0
1949,3315,0
1981,3301,1
2376,3028,0
2374,3029,0
2373,3043,0
2372,3088,0
2369,3146,0
2371,3210,0
2368,3267,0
2367,3320,0
2359,3354,1
2232,3291,0
2229,3291,0
2237,3293,0
2256,3286,0
2290,3277,0
2334,3260,0
2376,3238,0
2408,3211,0
2432,3187,1
2516,3006,0
2514,3006,0
2516,3024,0
2516,3068,0
2515,3123,0
2505,3171,0
2493,3209,0
2483,3240,0
2475,3257,0
2476,3264,0
2483,3265,0
2499,3258,0
2523,3243,0
2543,3233,0
2564,3245,0
2576,3266,0
2584,3293,0
2591,3317,0
2598,3331,0
2613,3341,0
2629,3339,0
2651,3328,0
2670,3305,0
2690,3276,0
2701,3252,0
2697,3241,0
2683,3243,0
2661,3255,0
2642,3284,0
2629,3308,0
2626,3326,0
2637,3344,0
2656,3356,0
2680,3363,0
2700,3361,0
2717,3356,0
2729,3346,1
3065,3187,0
3063,3183,0
3064,3182,0
3064,3182,0
3064,3192,0
3068,3232,0
3062,3269,0
3057,3315,0
3059,3370,0
3060,3421,0
3062,3462,0
3069,3491,0
3066,3506,1
3030,3233,0
3050,3216,0
3074,3195,0
3107,3182,0
3143,3173,0
3181,3181,0
3202,3199,0
3205,3222,0
3193,3250,0
3175,3276,0
3153,3291,0
3141,3299,0
3141,3299,1
3344,3187,0
3323,3182,0
3307,3194,0
3286,3219,0
3267,3247,0
3264,3273,0
3266,3281,0
3276,3285,0
3294,3281,0
3313,3264,0
3334,3243,0
3351,3220,0
3363,3197,1
3498,2959,0
3484,2965,0
3471,2999,0
3457,3052,0
3445,3108,0
3433,3158,0
3428,3197,0
3440,3229,0
3459,3250,0
3489,3257,0
3522,3251,0
3558,3237,0
3590,3227,0
3608,3222,0
3616,3231,0
3620,3248,0
3620,3264,0
3625,3276,0
3623,3272,0
3621,3258,0
3614,3228,1
3593,3035,0
3587,3030,0
3588,3029,0
3595,3029,0
3598,3016,1
3755,2924,0
3758,2926,0
3768,2956,0
3775,2999,0
3772,3051,1
3692,3172,0
3706,3171,0
3724,3165,0
3760,3170,0
3795,3176,0
3833,3191,0
3861,3204,0
3886,3224,0
3896,3236,1
3916,3057,0
3914,3053,0
3919,3054,0
3933,3057,0
3944,3057,1
4105,3163,0
4088,3163,0
4069,3171,0
4048,3192,0
4028,3216,0
4020,3242,0
4017,3259,0
4033,3278,0
4058,3288,1
4242,3206,0
4225,3201,0
4213,3206,0
4196,3218,0
4169,3230,0
4142,3245,0
4121,3255,0
4116,3259,0
4123,3264,0
4142,3262,0
4167,3260,0
4194,3255,0
4226,3257,0
4245,3254,0
4264,3263,0
4273,3277,0
4278,3300,0
4283,3320,0
4285,3334,0
4282,3332,0
4287,3320,1
4439,2967,0
4437,2965,0
4438,2969,0
4433,2994,0
4427,3038,0
4416,3087,0
4401,3135,0
4391,3187,0
4386,3234,0
4388,3272,0
4398,3297,0
4405,3308,0
4418,3312,1
4893,3214,0
4887,3197,0
4891,3185,0
4895,3173,0
4895,3161,0
4886,3153,0
4864,3155,0
4827,3175,0
4787,3200,0
4759,3228,0
4748,3240,0
4756,3249,0
4778,3248,0
4811,3240,0
4845,3229,0
4879,3220,0
4902,3211,0
4920,3207,0
4925,3207,0
4926,3218,0
4920,3238,0
4919,3259,0
4929,3272,0
4950,3279,0
4977,3269,0
5014,3248,0
5053,3230,0
5084,3209,0
5111,3194,0
5129,3190,0
5147,3200,0
5160,3210,0
5177,3227,0
5190,3242,0
5202,3252,0
5216,3262,0
5227,3266,1
5382,3196,0
5368,3187,0
5358,3182,0
5337,3175,0
5313,3176,0
5286,3193,0
5256,3214,0
5238,3238,0
5226,3255,0
5232,3267,0
5251,3267,0
5284,3257,0
5324,3228,0
5356,3198,0
5388,3160,0
5411,3112,0
5430,3069,0
5441,3033,0
5446,3016,0
5441,3010,0
5440,3011,0
5434,3027,0
5421,3060,0
5412,3097,0
5398,3130,0
5389,3158,0
5384,3180,0
5387,3197,0
5392,3203,1
5640,3173,0
5643,3175,0
5643,3175,0
5648,3176,0
5643,3175,0
5639,3182,0
5629,3204,0
5623,3226,0
5617,3244,0
5613,3256,0
5617,3264,0
5629,3268,0
5650,3266,0
5670,3257,0
5692,3247,0
5706,3240,0
5711,3238,0
5718,3243,0
5715,3255,0
5716,3275,0
5715,3290,0
5723,3300,0
5735,3304,0
5751,3302,0
5779,3296,0
5806,3284,0
5837,3272,0
5860,3259,0
5873,3262,0
5882,3270,0
5889,3288,0
5892,3306,0
5902,3321,0
5914,3332,0
5922,3333,0
5938,3329,0
5946,3317,1
6036,3229,0
6034,3231,0
6036,3243,0
6044,3267,0
6045,3289,0
6044,3308,0
6046,3327,0
6044,3336,0
6044,3336,1
6081,3123,0
6075,3111,0
6066,3100,0
6068,3098,0
6069,3095,1
6232,2978,0
6231,2989,0
6225,3025,0
6203,3080,0
6183,3139,0
6155,3194,0
6138,3238,0
6136,3271,0
6144,3296,0
6168,3310,0
6208,3314,0
6248,3303,0
6290,3288,0
6310,3277,0
6314,3279,0
6313,3280,0
6309,3288,0
6299,3296,0
6295,3293,0
6287,3278,0
6283,3252,1
6321,3049,0
6322,3047,0
6326,3048,0
6331,3055,1
6517,3149,0
6533,3145,0
6563,3149,0
6597,3161,0
6638,3179,1