days.
154
658,5263,0
652,5270,0
642,5266,0
629,5269,0
612,5279,0
594,5297,0
574,5328,0
551,5366,0
533,5412,0
522,5447,0
520,5467,0
526,5472,0
540,5469,0
556,5450,0
576,5416,0
593,5382,0
610,5339,0
629,5289,0
652,5226,0
678,5173,0
702,5126,0
716,5103,0
721,5096,0
721,5095,0
721,5096,0
710,5123,0
688,5165,0
661,5224,0
634,5289,0
616,5351,0
608,5391,0
609,5395,0
618,5400,0
629,5393,0
644,5386,0
665,5368,0
690,5334,0
721,5296,0
746,5274,0
754,5270,0
751,5270,0
736,5285,0
719,5304,0
698,5330,0
682,5353,0
669,5376,0
661,5404,0
662,5407,0
672,5400,0
684,5390,0
704,5363,0
721,5339,0
740,5309,0
756,5278,0
767,5259,0
767,5255,0
760,5267,0
746,5294,0
733,5325,0
726,5349,0
728,5364,0
730,5380,0
737,5393,0
747,5397,0
764,5386,0
781,5371,0
801,5345,0
815,5325,0
822,5318,0
820,5318,0
813,5334,0
806,5354,0
804,5373,0
807,5385,0
817,5390,0
837,5379,0
856,5356,0
877,5332,0
897,5313,0
909,5298,0
912,5290,0
912,5289,0
907,5294,0
894,5317,0
881,5348,0
871,5372,0
867,5388,0
868,5396,0
880,5396,0
899,5381,0
923,5350,0
946,5327,0
968,5299,0
982,5284,0
986,5284,0
984,5284,0
975,5303,0
960,5339,0
947,5367,0
929,5410,0
912,5470,0
892,5537,0
865,5616,0
843,5679,0
816,5734,0
794,5773,0
773,5791,0
752,5803,0
736,5814,0
723,5821,0
715,5817,0
705,5808,0
699,5779,0
709,5748,0
720,5713,0
734,5682,0
757,5646,0
786,5605,0
818,5558,0
859,5503,0
902,5449,0
946,5399,0
994,5352,0
1036,5316,0
1068,5284,0
1083,5272,0
1084,5272,0
1077,5272,0
1062,5284,0
1035,5304,0
1015,5320,0
1003,5328,0
1001,5340,0
1004,5339,0
1021,5344,0
1042,5348,0
1061,5348,0
1069,5352,0
1073,5356,0
1069,5368,0
1049,5385,0
1028,5405,0
1009,5404,0
986,5407,0
965,5399,1
1168,5403,0
1167,5403,0
1167,5403,0
1167,5403,0
1164,5412,0
1163,5412,0
1159,5404,0
1145,5384,0
1131,5351,1