Quebec and new Brunswick, and in
819
939,2124,0
930,2119,0
921,2106,0
910,2094,0
899,2096,0
878,2090,0
859,2100,0
835,2118,0
808,2142,0
784,2176,0
769,2201,0
764,2236,0
774,2279,0
793,2301,0
823,2322,0
864,2326,0
908,2322,0
947,2313,0
978,2286,0
998,2247,0
1008,2207,0
1001,2167,0
980,2134,0
950,2108,0
917,2106,0
884,2111,0
862,2125,0
853,2135,0
859,2149,1
904,2210,0
904,2209,0
906,2214,0
914,2222,0
933,2248,0
957,2273,0
984,2315,0
1003,2335,0
1017,2352,1
1085,2217,0
1083,2217,0
1083,2221,0
1082,2237,0
1078,2253,0
1079,2277,0
1085,2297,0
1097,2313,0
1114,2328,0
1130,2328,0
1150,2328,0
1167,2319,0
1179,2310,0
1185,2298,0
1185,2278,0
1184,2258,0
1181,2234,0
1175,2215,0
1167,2207,0
1162,2211,0
1157,2212,1
1206,2229,0
1205,2233,0
1207,2236,0
1213,2236,0
1227,2239,0
1248,2242,0
1269,2236,0
1290,2234,0
1303,2233,0
1309,2232,0
1307,2228,0
1303,2220,0
1294,2213,0
1282,2207,0
1268,2204,0
1252,2205,0
1237,2207,0
1227,2219,0
1215,2229,0
1207,2245,0
1208,2269,0
1217,2289,0
1237,2311,0
1264,2329,0
1292,2338,0
1317,2340,0
1338,2329,0
1354,2307,0
1370,2277,1
1370,2156,0
1368,2160,0
1368,2176,0
1392,2197,0
1374,2232,0
1378,2268,0
1380,2292,0
1385,2311,0
1387,2319,0
1389,2318,0
1392,2318,0
1392,2306,0
1393,2285,0
1395,2265,0
1395,2245,0
1398,2232,0
1404,2228,0
1413,2226,0
1424,2224,0
1436,2227,0
1453,2239,0
1467,2253,0
1478,2271,0
1482,2287,0
1483,2307,0
1477,2320,0
1469,2334,0
1454,2340,0
1438,2344,0
1423,2338,0
1415,2331,0
1412,2323,0
1420,2322,1
1543,2258,0
1541,2258,0
1543,2258,0
1551,2260,0
1562,2258,0
1582,2261,0
1601,2261,0
1617,2260,0
1628,2258,0
1634,2256,0
1633,2253,0
1629,2246,0
1618,2236,0
1602,2228,0
1585,2223,0
1573,2227,0
1560,2226,0
1548,2224,0
1543,2233,0
1537,2247,0
1534,2268,0
1538,2287,0
1551,2309,0
1567,2326,0
1585,2339,0
1603,2342,0
1623,2342,0
1645,2336,0
1663,2328,1
1788,2248,0
1786,2248,0
1780,2241,0
1778,2243,0
1768,2241,0
1752,2247,0
1736,2260,0
1717,2278,0
1705,2303,0
1701,2321,0
1709,2344,0
1725,2359,0
1736,2352,0
1763,2356,0
1792,2351,0
1817,2339,0
1833,2325,1
2224,2246,0
2217,2241,0
2212,2239,0
2207,2238,0
2199,2237,0
2189,2239,0
2178,2244,0
2162,2253,0
2149,2277,0
2139,2304,0
2138,2328,0
2140,2340,0
2157,2354,0
2174,2354,0
2191,2345,0
2205,2329,0
2219,2314,0
2225,2292,0
2230,2275,0
2234,2269,0
2229,2262,0
2224,2260,0
2222,2257,0
2219,2254,0
2222,2257,0
2224,2265,0
2224,2283,0
2219,2304,0
2220,2330,0
2224,2351,0
2220,2353,0
2224,2351,0
2235,2341,1
2275,2260,0
2270,2258,0
2265,2256,0
2265,2260,0
2260,2268,0
2263,2285,0
2266,2306,0
2274,2329,0
2282,2347,0
2288,2357,0
2288,2357,0
2290,2357,0
2288,2349,0
2283,2328,0
2275,2301,0
2275,2282,0
2271,2267,0
2268,2254,0
2269,2249,0
2270,2244,0
2280,2243,0
2297,2246,0
2314,2251,0
2331,2259,0
2347,2273,0
2359,2293,0
2364,2314,0
2366,2332,0
2363,2343,0
2362,2348,0
2364,2352,0
2364,2347,0
2369,2339,1
2487,2285,0
2485,2280,0
2486,2275,0
2483,2267,0
2474,2259,0
2466,2255,0
2453,2253,0
2439,2253,0
2422,2259,0
2407,2274,0
2390,2289,0
2389,2313,0
2395,2333,0
2404,2346,0
2422,2359,0
2439,2362,0
2456,2357,0
2469,2343,0
2480,2323,0
2490,2297,0
2499,2270,0
2500,2246,0
2495,2226,0
2487,2212,0
2476,2199,0
2472,2193,0
2468,2190,0
2473,2193,0
2473,2193,0
2473,2196,0
2477,2214,0
2480,2240,0
2486,2275,0
2488,2311,0
2492,2342,0
2495,2360,0
2501,2371,1
2814,2254,0
2813,2255,0
2813,2255,0
2810,2253,0
2809,2253,0
2808,2254,0
2815,2265,0
2817,2278,0
2821,2295,0
2825,2313,0
2826,2327,0
2834,2342,0
2835,2347,0
2837,2350,0
2837,2350,0
2838,2349,0
2835,2340,0
2837,2328,0
2831,2308,0
2820,2286,0
2817,2273,0
2816,2263,0
2818,2256,0
2820,2249,0
2830,2246,0
2841,2243,0
2856,2244,0
2873,2251,0
2893,2265,0
2906,2281,0
2911,2299,0
2922,2321,0
2916,2330,0
2913,2339,0
2912,2344,0
2919,2349,0
2926,2349,1
2951,2289,0
2951,2289,0
2956,2290,0
2960,2288,0
2970,2289,0
2984,2288,0
3001,2287,0
3019,2288,0
3027,2286,0
3033,2285,0
3034,2285,0
3031,2282,0
3025,2276,0
3018,2272,0
3004,2264,0
2996,2260,0
2991,2260,0
2983,2256,0
2983,2256,0
2982,2257,0
2982,2261,0
2975,2269,0
2967,2286,0
2960,2304,0
2954,2319,0
2958,2336,0
2963,2348,0
2974,2355,0
2996,2357,0
3021,2352,0
3051,2345,0
3072,2342,0
3091,2341,1
3098,2274,0
3098,2275,0
3098,2275,0
3094,2273,0
3095,2277,0
3094,2289,0
3094,2311,0
3097,2336,0
3097,2352,0
3103,2363,0
3109,2368,0
3114,2369,0
3123,2367,0
3135,2360,0
3142,2343,0
3147,2327,0
3151,2317,0
3151,2312,0
3147,2310,0
3147,2310,0
3146,2311,0
3146,2316,0
3148,2331,0
3154,2348,0
3163,2362,0
3173,2369,0
3189,2376,0
3203,2373,0
3216,2366,0
3234,2355,0
3250,2333,0
3255,2305,0
3245,2280,0
3232,2265,0
3207,2251,0
3185,2246,0
3172,2247,1
3737,2152,0
3737,2154,0
3739,2158,0
3740,2170,0
3740,2190,0
3746,2222,0
3751,2260,0
3751,2299,0
3758,2335,0
3756,2357,0
3760,2370,0
3761,2369,0
3762,2362,1
3704,2203,0
3703,2198,0
3703,2190,0
3714,2184,0
3726,2175,0
3747,2166,0
3773,2164,0
3797,2166,0
3818,2172,0
3838,2186,0
3847,2200,0
3846,2215,0
3840,2229,0
3824,2239,0
3807,2246,0
3789,2251,0
3778,2252,0
3776,2253,0
3776,2253,0
3781,2254,0
3798,2253,0
3817,2253,0
3846,2256,0
3866,2261,0
3891,2275,0
3906,2289,0
3920,2309,0
3927,2328,0
3924,2345,0
3916,2361,0
3904,2376,0
3882,2391,0
3854,2400,0
3824,2407,0
3794,2405,0
3777,2400,0
3756,2388,1
3985,2268,0
3981,2268,0
3983,2277,0
3987,2293,0
3983,2312,0
3990,2337,0
3995,2357,0
3996,2369,0
4000,2376,0
4003,2379,0
4004,2378,0
4003,2374,0
3998,2358,0
3988,2332,0
3986,2309,0
3979,2291,0
3972,2280,0
3969,2270,0
3969,2263,0
3974,2257,0
3995,2256,0
4012,2251,0
4036,2252,0
4058,2256,0
4075,2259,1
4123,2274,0
4126,2277,0
4122,2277,0
4123,2289,0
4118,2309,0
4113,2331,0
4109,2356,0
4116,2380,0
4121,2394,0
4135,2403,0
4157,2406,0
4178,2398,0
4200,2387,0
4217,2370,0
4230,2352,0
4226,2330,0
4225,2310,0
4213,2292,0
4203,2285,0
4198,2285,0
4196,2287,1
4259,2302,0
4248,2298,0
4244,2297,0
4244,2297,0
4247,2306,0
4251,2322,0
4256,2342,0
4261,2364,0
4260,2379,0
4260,2392,0
4263,2403,0
4263,2410,0
4268,2416,0
4268,2416,0
4269,2415,0
4271,2412,0
4269,2394,0
4271,2369,0
4261,2343,0
4261,2329,0
4251,2314,0
4257,2306,0
4260,2294,0
4270,2285,0
4287,2281,0
4310,2282,0
4331,2289,0
4355,2302,0
4369,2316,0
4379,2338,0
4382,2363,0
4380,2388,0
4379,2410,0
4375,2424,0
4379,2432,0
4378,2432,0
4384,2432,1
4552,2321,0
4548,2319,0
4541,2316,0
4533,2313,0
4526,2309,0
4518,2306,0
4506,2304,0
4499,2307,0
4487,2312,0
4478,2318,0
4472,2320,0
4471,2321,0
4480,2330,0
4492,2340,0
4508,2352,0
4524,2364,0
4540,2378,0
4555,2391,0
4562,2400,0
4567,2407,0
4566,2410,0
4554,2413,0
4533,2417,0
4502,2422,0
4468,2422,0
4442,2416,0
4437,2410,0
4432,2396,0
4443,2386,1
4643,2317,0
4643,2317,0
4640,2321,0
4642,2334,0
4635,2352,0
4635,2374,0
4632,2395,0
4641,2412,0
4648,2422,0
4655,2427,0
4661,2425,0
4665,2418,0
4673,2405,0
4679,2388,0
4681,2378,0
4678,2375,0
4681,2378,0
4681,2376,0
4683,2382,0
4691,2399,0
4702,2419,0
4718,2432,0
4734,2437,0
4748,2437,0
4764,2434,0
4773,2419,0
4784,2400,0
4782,2374,0
4780,2355,0
4765,2339,0
4752,2330,0
4742,2323,0
4735,2320,1
4814,2341,0
4815,2340,0
4811,2340,0
4811,2338,0
4814,2342,0
4818,2360,0
4821,2386,0
4825,2409,0
4830,2425,0
4824,2434,0
4830,2441,0
4826,2439,0
4828,2437,1
4796,2292,0
4795,2288,0
4792,2285,0
4796,2286,0
4796,2286,1
4981,2340,0
4981,2340,0
4978,2337,0
4975,2335,0
4971,2334,0
4956,2335,0
4936,2338,0
4922,2348,0
4900,2362,0
4886,2378,0
4881,2394,0
4881,2410,0
4895,2426,0
4915,2440,0
4941,2449,0
4968,2450,0
4993,2448,0
5021,2449,0
5032,2446,0
5042,2443,0
5049,2439,1
5042,2287,0
5039,2285,0
5035,2282,0
5034,2284,0
5038,2296,0
5039,2318,0
5042,2347,0
5045,2381,0
5045,2415,0
5047,2442,0
5047,2459,0
5049,2464,0
5055,2461,1
5117,2340,0
5110,2338,0
5115,2345,0
5103,2351,0
5105,2371,0
5087,2389,0
5071,2410,0
5067,2425,0
5063,2432,0
5062,2432,0
5063,2432,0
5063,2430,0
5059,2428,0
5060,2427,0
5059,2428,0
5064,2429,0
5074,2434,0
5090,2440,0
5109,2446,0
5132,2456,0
5142,2461,0
5146,2463,0
5154,2466,0
5151,2463,0
5152,2460,1
5214,2439,0
5217,2441,0
5216,2451,0
5218,2465,0
5216,2485,0
5212,2502,0
5209,2515,0
5209,2523,0
5207,2525,1
5666,2336,0
5664,2333,0
5651,2322,0
5648,2317,0
5646,2314,0
5639,2310,0
5629,2311,0
5619,2316,0
5602,2330,0
5578,2353,0
5564,2384,0
5552,2406,0
5559,2428,0
5558,2439,0
5572,2447,0
5590,2446,0
5608,2438,0
5632,2424,0
5644,2400,0
5653,2375,0
5657,2357,0
5651,2342,0
5647,2338,0
5640,2335,0
5640,2335,0
5651,2340,0
5656,2350,0
5659,2370,0
5663,2398,0
5672,2425,0
5674,2440,0
5671,2454,0
5683,2456,1
5735,2341,0
5734,2342,0
5730,2341,0
5733,2345,0
5729,2354,0
5730,2370,0
5733,2391,0
5743,2416,0
5747,2436,0
5753,2451,0
5758,2459,0
5754,2459,0
5754,2457,0
5753,2450,0
5742,2429,0
5739,2406,0
5739,2388,0
5736,2375,0
5735,2367,0
5734,2362,0
5741,2356,0
5752,2352,0
5774,2351,0
5798,2357,0
5805,2362,0
5814,2379,0
5818,2399,0
5823,2425,0
5823,2444,0
5822,2456,0
5821,2458,0
5825,2458,0
5839,2456,1
5971,2372,0
5968,2369,0
5965,2365,0
5964,2359,0
5957,2355,0
5942,2350,0
5923,2352,0
5904,2357,0
5887,2372,0
5866,2389,0
5861,2412,0
5863,2433,0
5876,2453,0
5896,2467,0
5914,2468,0
5924,2464,0
5939,2451,0
5964,2427,0
5973,2398,0
5980,2373,0
5976,2352,0
5972,2332,0
5971,2316,0
5964,2299,0
5956,2288,0
5953,2284,0
5953,2284,0
5953,2284,0
5953,2285,0
5956,2298,0
5962,2324,0
5969,2357,0
5974,2396,0
5974,2432,0
5974,2461,0
5979,2479,0
5988,2490,1
6264,2372,0
6268,2374,0
6270,2379,0
6268,2391,0
6264,2412,0
6266,2437,0
6267,2455,0
6266,2466,0
6273,2472,0
6273,2472,0
6277,2472,0
6283,2468,0
6281,2452,1
6244,2328,0
6242,2321,0
6239,2317,0
6239,2317,0
6239,2316,0
6247,2319,0
6259,2322,0
6270,2326,0
6281,2332,1
6321,2380,0
6322,2379,0
6321,2379,0
6319,2384,0
6324,2402,0
6333,2425,0
6340,2447,0
6347,2463,0
6350,2473,0
6353,2478,0
6356,2480,0
6353,2480,0
6356,2482,0
6355,2475,0
6352,2462,0
6351,2443,0
6350,2425,0
6349,2397,0
6351,2392,0
6350,2385,0
6360,2381,0
6371,2375,0
6390,2371,0
6411,2374,0
6434,2380,0
6450,2393,0
6461,2409,0
6465,2431,0
6471,2449,0
6472,2465,0
6470,2480,0
6472,2496,0
6471,2507,0
6464,2514,0
6475,2519,0
6487,2521,1