be undertaken on a variety of bases.
887
323,4141,1
322,4141,0
326,4154,0
332,4175,0
336,4205,0
340,4246,0
341,4283,0
337,4319,0
335,4355,0
333,4379,0
335,4400,0
335,4412,0
335,4420,0
335,4420,0
333,4415,0
332,4407,0
332,4383,0
335,4360,0
343,4328,0
352,4302,0
364,4278,0
376,4264,0
387,4254,0
399,4248,0
412,4255,0
426,4261,0
442,4280,0
455,4298,0
465,4319,0
467,4348,0
462,4367,0
451,4390,0
436,4404,0
420,4413,0
401,4427,0
382,4432,0
364,4433,0
347,4430,0
338,4425,0
332,4412,0
332,4398,1
591,4308,0
605,4290,0
610,4278,0
612,4270,0
610,4266,0
605,4261,0
597,4256,0
586,4263,0
573,4273,0
562,4288,0
554,4311,0
552,4348,0
559,4373,0
572,4394,0
590,4405,0
611,4406,0
635,4413,0
662,4408,0
687,4395,0
711,4381,0
731,4354,1
979,4211,0
979,4211,0
980,4211,0
984,4223,0
989,4247,0
996,4275,0
1002,4304,0
1008,4332,0
1016,4356,0
1025,4368,0
1036,4384,0
1044,4384,0
1053,4384,0
1064,4377,0
1075,4357,0
1086,4333,0
1095,4300,0
1105,4276,0
1110,4261,0
1111,4253,0
1112,4252,0
1111,4253,0
1112,4261,0
1114,4280,0
1121,4308,0
1130,4340,0
1139,4356,0
1148,4368,0
1156,4372,0
1165,4372,0
1171,4368,0
1178,4351,0
1187,4327,0
1194,4299,0
1199,4270,0
1201,4246,0
1199,4239,0
1199,4239,0
1199,4239,0
1201,4246,0
1206,4266,0
1215,4290,0
1223,4314,0
1229,4330,0
1234,4338,0
1239,4345,0
1241,4349,0
1242,4345,0
1247,4337,0
1255,4321,0
1266,4292,0
1282,4267,0
1299,4239,0
1312,4217,0
1322,4213,0
1327,4217,0
1334,4220,0
1344,4236,0
1353,4259,0
1365,4279,0
1375,4298,0
1386,4313,0
1396,4324,0
1408,4332,0
1421,4326,1
1577,4227,0
1574,4227,0
1573,4218,0
1566,4208,0
1561,4203,0
1552,4205,0
1539,4203,0
1522,4208,0
1503,4218,0
1485,4232,0
1474,4254,0
1463,4278,0
1461,4303,0
1464,4319,0
1471,4333,0
1481,4337,0
1495,4340,0
1508,4335,0
1522,4321,0
1537,4304,0
1549,4274,0
1562,4240,0
1574,4203,0
1580,4165,0
1585,4128,0
1587,4099,0
1585,4080,0
1582,4065,0
1579,4061,0
1580,4061,0
1582,4068,0
1582,4084,0
1585,4120,0
1582,4164,0
1584,4205,0
1592,4244,0
1604,4275,0
1618,4297,0
1635,4315,0
1652,4321,0
1670,4323,0
1687,4316,0
1704,4293,0
1719,4267,0
1731,4237,0
1739,4207,0
1741,4187,0
1735,4176,0
1729,4176,0
1718,4178,0
1705,4188,0
1693,4206,0
1687,4235,0
1685,4260,0
1693,4287,0
1708,4305,0
1729,4318,0
1752,4323,0
1775,4314,0
1800,4307,0
1821,4286,0
1841,4263,0
1856,4239,0
1865,4213,0
1868,4196,0
1867,4184,0
1869,4184,0
1869,4188,0
1870,4196,0
1872,4211,0
1877,4234,0
1882,4254,0
1885,4270,0
1889,4286,0
1894,4293,0
1894,4289,0
1895,4289,0
1896,4284,0
1891,4268,0
1886,4246,0
1881,4222,0
1879,4198,0
1882,4181,0
1887,4168,0
1894,4155,0
1903,4148,0
1916,4142,0
1932,4142,0
1948,4143,1
2028,4009,0
2027,4014,0
2030,4021,0
2034,4041,0
2038,4073,0
2043,4109,0
2051,4144,0
2059,4174,0
2066,4210,0
2077,4244,0
2084,4275,0
2088,4295,0
2092,4311,1
2007,4195,0
2004,4191,0
2006,4195,0
2007,4191,0
2016,4189,0
2031,4186,0
2051,4184,0
2075,4187,0
2101,4188,1
2288,4179,0
2282,4176,0
2270,4172,0
2256,4167,0
2240,4172,0
2220,4181,0
2199,4196,0
2180,4213,0
2169,4242,0
2164,4268,0
2166,4284,0
2176,4298,0
2190,4302,0
2206,4297,0
2226,4292,0
2244,4279,0
2258,4258,0
2275,4237,0
2285,4213,0
2292,4190,0
2297,4176,0
2297,4167,0
2294,4164,0
2292,4164,0
2292,4165,0
2293,4176,0
2298,4200,0
2304,4232,0
2315,4262,0
2329,4279,0
2341,4284,0
2354,4284,0
2364,4281,0
2374,4273,0
2383,4254,0
2391,4226,0
2398,4190,0
2406,4154,0
2409,4114,0
2412,4080,0
2410,4051,0
2406,4031,0
2400,4020,0
2392,4015,0
2386,4012,0
2384,4022,0
2384,4043,0
2383,4077,0
2379,4111,0
2375,4143,0
2377,4176,0
2379,4200,0
2382,4216,0
2388,4227,0
2391,4230,0
2391,4230,0
2391,4226,0
2392,4217,0
2396,4199,0
2403,4176,0
2415,4155,0
2429,4138,0
2441,4121,0
2451,4109,0
2461,4102,0
2469,4098,0
2479,4099,0
2485,4092,0
2492,4094,1
2437,4172,0
2439,4176,0
2438,4177,0
2439,4180,0
2441,4184,0
2448,4190,0
2457,4203,0
2468,4217,0
2476,4222,0
2490,4235,0
2504,4247,0
2511,4248,0
2526,4261,1
2573,4226,0
2574,4226,0
2577,4221,0
2585,4218,0
2596,4209,0
2608,4196,0
2625,4186,0
2639,4171,0
2652,4158,0
2658,4143,0
2660,4133,0
2657,4126,0
2654,4123,0
2647,4116,0
2642,4118,0
2635,4121,0
2620,4123,0
2611,4140,0
2606,4158,0
2603,4181,0
2604,4202,0
2614,4229,0
2626,4241,0
2644,4251,0
2662,4249,0
2684,4248,0
2700,4238,0
2717,4227,0
2729,4209,0
2738,4192,0
2744,4172,0
2746,4155,0
2745,4141,0
2744,4133,0
2743,4134,0
2738,4131,0
2737,4137,0
2736,4150,0
2734,4172,0
2730,4186,0
2729,4200,0
2726,4205,0
2727,4209,0
2729,4209,0
2731,4208,0
2733,4203,0
2739,4191,0
2750,4174,0
2762,4152,0
2773,4129,0
2783,4116,0
2791,4114,0
2793,4112,0
2798,4114,0
2807,4123,0
2816,4137,0
2827,4155,1
3279,4126,0
3276,4123,0
3269,4114,0
3261,4105,0
3253,4100,0
3240,4098,0
3225,4102,0
3206,4111,0
3191,4134,0
3176,4155,0
3169,4181,0
3168,4209,0
3177,4232,0
3187,4244,0
3203,4249,0
3217,4246,0
3232,4234,0
3244,4218,0
3250,4197,0
3252,4173,0
3252,4151,0
3244,4132,0
3231,4116,0
3222,4113,0
3217,4115,0
3217,4115,0
3218,4114,0
3230,4126,0
3243,4133,0
3257,4134,0
3274,4134,0
3287,4131,0
3298,4125,0
3307,4120,0
3311,4113,0
3313,4112,0
3314,4116,0
3313,4117,0
3312,4126,0
3310,4146,0
3313,4172,0
3313,4191,0
3313,4208,0
3317,4225,0
3322,4231,0
3324,4230,0
3326,4224,0
3334,4215,0
3344,4196,0
3355,4175,0
3369,4154,0
3378,4131,0
3390,4123,0
3397,4124,0
3402,4125,0
3414,4138,0
3427,4157,0
3445,4179,0
3457,4196,0
3474,4213,0
3491,4222,1
3881,4150,0
3887,4140,0
3893,4126,0
3889,4104,0
3886,4088,0
3875,4076,0
3860,4071,0
3841,4071,0
3813,4076,0
3790,4092,0
3771,4114,0
3759,4141,0
3754,4169,0
3755,4188,0
3766,4199,0
3784,4207,0
3807,4205,0
3829,4196,0
3849,4177,0
3867,4155,0
3881,4130,0
3889,4104,0
3896,4085,0
3898,4075,0
3898,4075,0
3898,4075,0
3899,4083,0
3908,4102,0
3921,4127,0
3940,4153,0
3954,4171,0
3976,4190,0
3995,4201,1
4189,4069,0
4188,4064,0
4193,4066,0
4190,4064,0
4196,4069,0
4204,4078,0
4215,4094,0
4227,4116,0
4245,4138,0
4261,4155,0
4273,4166,0
4287,4175,0
4297,4178,0
4298,4176,0
4302,4174,0
4304,4167,0
4307,4150,0
4309,4127,0
4312,4103,0
4314,4082,0
4312,4062,0
4313,4051,0
4315,4049,0
4314,4045,0
4320,4046,1
4536,4070,0
4532,4063,0
4531,4053,0
4524,4044,0
4512,4034,1
4475,4034,0
4455,4045,0
4437,4062,0
4420,4086,0
4407,4113,0
4402,4138,0
4410,4158,0
4421,4169,0
4433,4174,0
4447,4173,0
4469,4171,0
4485,4156,0
4501,4138,0
4514,4116,0
4523,4093,0
4526,4074,0
4527,4062,0
4521,4057,0
4520,4058,0
4518,4065,0
4520,4079,0
4524,4102,0
4531,4127,0
4546,4147,0
4560,4156,0
4579,4160,0
4595,4157,0
4611,4148,0
4629,4137,0
4640,4117,0
4651,4097,0
4655,4075,0
4654,4061,0
4650,4053,0
4649,4054,0
4647,4051,0
4646,4052,0
4648,4061,0
4649,4076,0
4652,4096,0
4657,4111,0
4660,4120,0
4666,4126,0
4666,4126,0
4671,4126,0
4669,4118,0
4669,4102,0
4668,4081,0
4669,4063,0
4671,4051,0
4672,4044,0
4674,4042,0
4676,4040,0
4683,4039,0
4690,4038,0
4702,4038,0
4717,4040,0
4728,4041,0
4736,4044,0
4743,4048,0
4747,4056,0
4746,4062,0
4755,4081,0
4757,4097,0
4760,4114,0
4766,4131,0
4768,4141,0
4768,4146,1
4745,3930,0
4740,3924,0
4743,3921,0
4741,3918,0
4743,3921,1
4830,4115,0
4833,4113,0
4842,4109,0
4852,4104,0
4864,4094,0
4882,4082,0
4898,4065,0
4907,4046,0
4909,4028,0
4907,4018,0
4902,4012,0
4891,4012,0
4876,4015,0
4864,4027,0
4852,4044,0
4850,4069,0
4850,4091,0
4859,4115,0
4874,4134,0
4891,4145,0
4911,4149,0
4936,4147,0
4959,4135,0
4984,4117,0
5001,4089,0
5012,4055,0
5021,4022,0
5022,3987,0
5027,3959,0
5021,3930,0
5011,3911,0
5004,3901,0
4993,3896,0
4990,3899,0
4986,3909,0
4988,3930,0
4987,3960,0
4990,3996,0
4993,4029,0
5006,4061,0
5016,4085,0
5028,4107,0
5033,4118,0
5039,4124,0
5043,4121,1
4949,4033,0
4945,4032,0
4949,4034,0
4957,4036,0
4975,4036,0
4997,4036,0
5016,4027,0
5038,4022,0
5057,4015,0
5067,4010,0
5075,4007,0
5077,4005,0
5076,4006,0
5076,4006,0
5076,4012,0
5079,4027,0
5076,4046,0
5076,4063,0
5082,4074,0
5088,4079,0
5101,4084,0
5106,4078,0
5122,4074,0
5134,4061,0
5149,4046,0
5160,4029,0
5166,4010,0
5171,3999,0
5175,3995,0
5172,3993,0
5171,3993,0
5173,3998,0
5177,4010,0
5188,4033,0
5193,4058,0
5202,4089,0
5212,4123,0
5221,4156,0
5225,4186,0
5224,4209,0
5224,4232,0
5216,4252,0
5207,4262,0
5193,4270,0
5175,4270,0
5156,4268,0
5132,4257,0
5115,4246,0
5103,4229,1
5549,3971,0
5544,3966,0
5537,3962,0
5527,3960,0
5517,3966,0
5505,3981,0
5489,3998,0
5478,4023,0
5475,4044,0
5482,4067,0
5496,4081,0
5516,4089,0
5540,4092,0
5559,4082,0
5579,4066,0
5593,4044,0
5599,4018,0
5598,3995,0
5591,3971,0
5582,3957,0
5564,3948,0
5550,3945,0
5542,3950,0
5540,3951,0
5538,3953,0
5547,3955,0
5564,3954,0
5584,3942,0
5616,3929,0
5648,3909,0
5674,3884,0
5689,3858,0
5705,3839,0
5711,3819,0
5705,3800,0
5694,3788,0
5679,3781,0
5663,3783,0
5645,3793,0
5628,3807,0
5624,3832,0
5614,3862,0
5616,3904,0
5620,3949,0
5631,3999,0
5643,4046,0
5653,4089,0
5664,4133,0
5672,4165,0
5680,4188,0
5682,4196,0
5683,4196,0
5682,4191,0
5681,4181,0
5672,4159,0
5660,4131,0
5653,4108,0
5649,4095,0
5646,4086,0
5648,4083,0
5656,4080,0
5670,4070,0
5695,4065,0
5722,4058,0
5749,4051,1
6009,3810,0
6009,3810,0
6008,3811,0
6005,3815,0
6007,3834,0
6007,3866,0
6008,3904,0
6010,3942,0
6013,3977,0
6018,4010,0
6020,4039,0
6023,4062,0
6025,4078,0
6034,4087,0
6036,4085,0
6041,4078,0
6050,4066,0
6062,4039,0
6078,4010,0
6097,3980,0
6117,3952,0
6136,3933,0
6152,3919,0
6167,3913,0
6179,3916,0
6188,3924,0
6194,3943,0
6188,3965,0
6174,3990,0
6156,4014,0
6133,4036,0
6111,4053,0
6085,4067,0
6066,4073,0
6051,4073,0
6037,4064,0
6032,4057,1
6298,3964,0
6305,3961,0
6312,3958,0
6314,3955,0
6311,3952,0
6308,3950,0
6300,3948,0
6284,3948,0
6266,3954,0
6247,3966,0
6228,3984,0
6208,4004,0
6205,4029,0
6200,4042,0
6203,4051,0
6213,4057,0
6227,4058,0
6239,4049,0
6261,4041,0
6278,4024,0
6295,4007,0
6311,3993,0
6312,3978,0
6311,3974,0
6314,3976,0
6309,3975,0
6312,3978,0
6315,3988,0
6321,4000,0
6334,4017,0
6342,4033,0
6357,4046,0
6370,4054,1
6494,3950,0
6495,3942,0
6494,3930,0
6492,3918,0
6486,3906,0
6473,3898,0
6457,3891,0
6434,3890,0
6412,3894,0
6396,3902,0
6391,3916,0
6391,3930,0
6401,3944,0
6417,3955,0
6441,3971,0
6466,3984,0
6491,4003,0
6515,4019,0
6534,4034,0
6540,4046,0
6543,4053,0
6534,4060,0
6517,4065,0
6494,4069,0
6465,4067,0
6437,4065,0
6408,4057,0
6389,4049,0
6378,4036,1
6535,4018,0
6542,4015,0
6556,4009,0
6574,3996,0
6594,3982,0
6615,3966,0
6627,3947,0
6633,3933,0
6633,3924,0
6627,3919,0
6618,3918,0
6603,3919,0
6584,3925,0
6568,3942,0
6553,3957,0
6553,3979,0
6556,4002,0
6563,4020,0
6577,4034,0
6599,4045,0
6620,4049,1
6775,3972,0
6778,3968,0
6783,3959,0
6783,3952,0
6779,3944,0
6769,3937,0
6750,3930,0
6730,3930,0
6708,3934,0
6698,3942,0
6696,3953,0
6695,3962,0
6703,3971,0
6716,3981,0
6737,3993,0
6762,4006,0
6787,4019,0
6802,4031,0
6814,4043,0
6813,4051,0
6808,4059,0
6796,4063,0
6780,4065,0
6758,4061,0
6735,4058,0
6711,4051,0
6695,4046,0
6686,4039,0
6686,4033,1
6874,4046,0
6884,4053,0
6886,4057,0
6893,4068,0
6895,4080,1