industry will not be
550
733,5541,0
711,5560,0
701,5571,0
696,5578,0
698,5575,0
698,5575,0
703,5571,0
719,5557,0
742,5530,0
762,5503,0
791,5464,0
822,5418,0
845,5371,0
859,5335,0
864,5311,0
862,5308,0
861,5312,0
851,5331,0
839,5366,0
820,5418,0
820,5486,0
829,5550,0
845,5612,0
863,5656,0
880,5677,0
897,5673,0
914,5650,0
933,5606,0
950,5547,0
964,5483,0
977,5424,0
981,5371,0
983,5344,0
982,5339,0
982,5347,0
978,5376,0
973,5431,0
970,5495,0
971,5559,0
973,5611,0
976,5639,0
973,5639,0
974,5636,0
975,5619,0
984,5567,0
1000,5508,0
1023,5444,0
1039,5392,0
1056,5361,0
1066,5348,0
1071,5356,0
1080,5368,0
1085,5400,0
1085,5444,0
1088,5500,0
1090,5552,0
1094,5600,0
1098,5636,0
1106,5656,0
1114,5664,0
1126,5648,1
1302,5452,0
1306,5443,0
1304,5420,0
1298,5408,0
1283,5396,0
1265,5392,0
1240,5393,0
1213,5407,0
1185,5431,0
1163,5463,0
1148,5500,0
1143,5547,0
1145,5596,0
1158,5639,0
1174,5672,0
1192,5687,0
1208,5691,0
1228,5670,0
1248,5630,0
1266,5565,0
1278,5493,0
1288,5420,0
1291,5348,0
1292,5288,0
1286,5244,0
1282,5228,0
1281,5232,0
1283,5240,0
1281,5284,0
1286,5352,0
1293,5420,0
1302,5491,0
1317,5563,0
1331,5619,0
1349,5653,0
1361,5657,0
1374,5644,0
1390,5607,0
1399,5551,0
1409,5490,0
1415,5429,0
1419,5390,0
1417,5369,0
1419,5373,0
1421,5385,0
1427,5424,0
1435,5480,0
1444,5536,0
1458,5595,0
1471,5634,0
1484,5657,0
1491,5661,0
1500,5648,0
1511,5612,0
1515,5562,0
1529,5509,0
1534,5448,0
1539,5412,0
1543,5388,0
1542,5384,0
1546,5388,0
1550,5407,0
1555,5446,0
1561,5503,0
1573,5557,0
1584,5605,0
1598,5648,0
1615,5679,0
1633,5697,1
1794,5472,0
1791,5465,0
1783,5454,0
1771,5443,0
1751,5438,0
1731,5440,0
1708,5448,0
1685,5453,0
1666,5468,0
1655,5477,0
1652,5489,0
1655,5501,0
1666,5516,0
1690,5533,0
1720,5554,0
1753,5571,0
1785,5590,0
1813,5615,0
1834,5641,0
1843,5664,0
1842,5684,0
1835,5701,0
1816,5720,0
1789,5731,0
1761,5739,0
1736,5746,0
1710,5745,0
1694,5742,0
1681,5735,0
1676,5720,0
1680,5700,0
1696,5674,0
1719,5647,1
1917,5288,0
1916,5280,0
1916,5280,0
1918,5284,0
1924,5308,0
1930,5347,0
1937,5403,0
1944,5466,0
1949,5538,0
1953,5611,0
1950,5680,0
1945,5733,0
1937,5767,0
1927,5776,0
1914,5774,0
1900,5760,0
1886,5735,0
1881,5699,0
1879,5663,0
1886,5629,0
1899,5599,0
1916,5576,0
1939,5556,0
1965,5540,0
1995,5531,0
2021,5513,0
2043,5498,0
2060,5483,0
2070,5472,0
2075,5467,0
2073,5464,0
2073,5472,0
2070,5481,0
2064,5510,0
2063,5555,0
2063,5608,0
2059,5662,0
2055,5711,0
2053,5748,0
2053,5768,0
2053,5769,0
2055,5759,0
2057,5752,0
2065,5713,0
2076,5670,0
2087,5624,0
2104,5581,0
2118,5537,0
2134,5505,0
2149,5494,0
2160,5487,0
2169,5494,0
2178,5501,0
2183,5528,0
2185,5569,0
2181,5614,0
2178,5663,0
2177,5712,0
2177,5745,0
2182,5765,0
2188,5768,0
2192,5762,0
2210,5738,0
2228,5698,0
2244,5654,0
2258,5606,0
2267,5559,0
2276,5528,0
2287,5518,0
2288,5518,0
2299,5527,0
2311,5554,0
2327,5599,0
2338,5650,0
2354,5704,0
2369,5750,0
2381,5775,0
2387,5774,0
2397,5759,0
2401,5721,0
2403,5671,0
2400,5627,0
2399,5590,0
2400,5582,0
2403,5585,0
2415,5602,0
2431,5652,0
2444,5719,0
2459,5802,0
2465,5887,0
2467,5976,0
2459,6065,0
2444,6151,0
2423,6221,0
2396,6284,0
2359,6324,0
2319,6345,0
2277,6358,0
2227,6355,0
2175,6348,0
2119,6329,1
873,5060,0
875,5056,0
875,5052,0
876,5056,0
878,5052,0
879,5056,0
880,5056,0
880,5056,0
881,5061,0
884,5061,0
881,5061,0
879,5064,0
877,5064,1
2913,5434,0
2914,5438,0
2912,5447,0
2914,5468,0
2918,5500,0
2924,5545,0
2929,5602,0
2936,5659,0
2946,5719,0
2956,5766,0
2967,5796,0
2977,5805,0
2983,5795,0
2999,5764,0
3009,5718,0
3021,5659,0
3031,5609,0
3037,5560,0
3043,5540,0
3047,5539,0
3060,5552,0
3074,5576,0
3087,5627,0
3102,5685,0
3117,5747,0
3132,5798,0
3141,5824,0
3152,5833,0
3154,5828,0
3163,5808,0
3173,5769,0
3182,5720,0
3192,5665,0
3202,5614,0
3208,5564,0
3216,5530,0
3218,5508,1
3238,5788,0
3247,5788,0
3265,5774,0
3289,5742,0
3310,5704,0
3332,5660,0
3345,5612,0
3358,5571,0
3364,5539,0
3367,5525,0
3368,5524,0
3366,5530,0
3368,5559,0
3367,5598,0
3373,5652,0
3384,5709,0
3402,5770,0
3423,5814,0
3446,5843,0
3466,5847,0
3492,5836,0
3516,5804,0
3542,5759,0
3563,5696,0
3585,5629,0
3595,5558,0
3596,5487,0
3595,5430,0
3584,5383,0
3571,5353,0
3559,5342,0
3549,5350,0
3533,5376,0
3523,5419,0
3518,5480,0
3516,5551,0
3523,5626,0
3537,5704,0
3559,5769,0
3579,5812,0
3609,5838,0
3638,5834,0
3667,5808,0
3692,5755,0
3714,5688,0
3729,5605,0
3741,5524,0
3740,5443,0
3735,5375,0
3721,5323,0
3708,5298,0
3700,5294,0
3690,5308,0
3682,5342,0
3682,5397,0
3684,5466,0
3685,5537,0
3694,5609,0
3704,5680,0
3715,5741,0
3728,5791,0
3744,5828,0
3759,5857,0
3775,5876,0
3787,5888,0
3798,5896,0
3809,5900,0
3813,5889,0
3810,5864,1
3414,5298,0
3411,5295,0
3411,5296,0
3414,5298,0
3414,5298,0
3416,5298,0
3416,5298,0
3414,5298,0
3413,5299,0
3409,5296,0
3409,5296,0
3406,5294,0
3407,5288,1
4166,5509,0
4171,5516,0
4176,5521,0
4178,5534,0
4184,5563,0
4187,5598,0
4191,5647,0
4197,5703,0
4198,5762,0
4197,5822,0
4200,5875,0
4201,5915,0
4203,5933,0
4204,5928,0
4208,5921,0
4223,5835,0
4236,5781,0
4253,5722,0
4270,5665,0
4288,5623,0
4309,5597,0
4324,5587,0
4345,5593,0
4362,5612,0
4378,5653,0
4391,5705,0
4403,5764,0
4413,5824,0
4419,5880,0
4432,5923,0
4444,5948,0
4462,5961,1
4611,5716,0
4608,5675,0
4594,5637,0
4576,5610,0
4560,5602,0
4539,5610,0
4516,5624,0
4498,5659,0
4483,5701,0
4473,5750,0
4471,5798,0
4477,5846,0
4492,5883,0
4508,5906,0
4524,5910,0
4541,5900,0
4560,5875,0
4568,5832,0
4570,5783,0
4570,5737,0
4567,5696,0
4562,5661,0
4559,5635,0
4560,5630,0
4561,5629,0
4565,5631,0
4577,5639,0
4589,5648,0
4612,5658,0
4630,5656,0
4656,5644,0
4677,5616,0
4698,5583,0
4713,5539,0
4720,5495,0
4724,5455,0
4721,5422,0
4717,5400,0
4718,5400,0
4716,5402,0
4719,5428,0
4724,5473,0
4727,5529,0
4731,5599,0
4731,5676,0
4733,5761,0
4728,5841,0
4720,5902,0
4708,5938,0
4694,5952,0
4679,5947,0
4663,5924,0
4659,5893,0
4654,5849,0
4659,5808,0
4669,5774,0
4683,5746,0
4710,5729,0
4739,5713,0
4776,5708,0
4812,5709,1
5151,5439,0
5151,5444,0
5151,5460,0
5146,5489,0
5146,5538,0
5138,5595,0
5129,5662,0
5125,5734,0
5117,5798,0
5111,5862,0
5113,5923,0
5121,5972,0
5132,6008,0
5153,6028,0
5175,6037,0
5202,6032,0
5233,6016,0
5260,5991,0
5284,5955,0
5298,5914,0
5306,5873,0
5305,5835,0
5295,5803,0
5284,5780,0
5272,5769,0
5265,5769,0
5260,5768,0
5262,5771,0
5266,5774,0
5280,5778,0
5301,5782,0
5326,5779,0
5356,5771,0
5390,5765,0
5416,5745,0
5441,5726,0
5453,5701,0
5461,5679,0
5458,5656,0
5448,5639,0
5431,5627,0
5415,5623,0
5395,5629,0
5380,5646,0
5363,5670,0
5354,5707,0
5346,5749,0
5343,5795,0
5354,5849,0
5364,5890,0
5383,5926,0
5407,5958,0
5431,5975,0
5457,5986,0
5482,5986,0
5505,5984,0
5528,5972,0
5546,5957,0
5559,5947,0
5564,5940,0
5566,5938,1