There were no other attacks
806
765,1464,0
765,1451,0
767,1447,0
766,1443,0
766,1443,0
767,1447,0
765,1459,0
760,1491,0
751,1530,0
743,1573,0
737,1629,0
732,1702,0
722,1770,0
711,1832,0
697,1875,0
687,1901,0
682,1908,0
682,1908,0
680,1895,0
675,1870,0
672,1840,1
623,1463,0
616,1456,0
612,1450,0
612,1450,0
612,1447,0
616,1447,0
622,1450,0
636,1455,0
654,1453,0
680,1457,0
707,1457,0
735,1452,0
762,1442,0
790,1432,0
817,1421,0
842,1406,0
862,1389,0
877,1380,0
885,1373,0
887,1366,0
887,1365,0
885,1365,0
884,1369,0
886,1378,0
879,1392,0
871,1435,0
858,1483,0
842,1537,0
828,1599,0
816,1666,0
806,1721,0
801,1769,0
796,1804,0
795,1824,0
795,1829,0
796,1829,0
797,1825,0
800,1801,0
808,1762,0
821,1712,0
842,1666,0
863,1617,0
892,1585,0
919,1560,0
945,1542,0
966,1536,0
982,1545,0
988,1562,0
992,1602,0
983,1642,0
975,1689,0
970,1733,0
970,1773,0
980,1797,0
999,1807,0
1027,1804,0
1062,1785,0
1102,1756,0
1138,1715,0
1173,1678,0
1203,1640,0
1223,1602,0
1237,1572,0
1241,1544,0
1240,1527,0
1232,1516,0
1220,1514,0
1205,1523,0
1180,1545,0
1153,1579,0
1134,1623,0
1116,1660,0
1109,1705,0
1109,1740,0
1119,1768,0
1138,1784,0
1163,1787,0
1196,1776,0
1232,1749,0
1268,1718,0
1300,1681,0
1324,1640,0
1344,1609,0
1358,1578,0
1370,1555,0
1375,1541,0
1373,1537,0
1370,1539,0
1371,1546,0
1364,1572,0
1353,1611,0
1339,1654,0
1329,1705,0
1322,1746,0
1322,1771,0
1328,1782,0
1334,1780,0
1341,1771,0
1355,1749,0
1367,1710,0
1381,1667,0
1392,1623,0
1401,1593,0
1404,1575,0
1405,1572,0
1403,1568,0
1405,1572,0
1406,1575,0
1412,1590,0
1420,1609,0
1435,1626,0
1455,1633,0
1485,1633,0
1519,1623,0
1550,1602,0
1584,1582,0
1609,1556,0
1630,1535,0
1635,1520,0
1631,1517,0
1628,1518,0
1623,1524,0
1605,1540,0
1585,1573,0
1561,1607,0
1546,1645,0
1537,1686,0
1543,1721,0
1566,1744,0
1602,1749,0
1647,1737,0
1702,1720,0
1749,1697,1
1976,1652,0
1973,1653,0
1977,1656,0
1977,1656,0
1981,1657,0
1983,1652,0
1993,1636,0
2012,1605,0
2039,1568,0
2063,1522,0
2089,1478,0
2112,1445,0
2127,1431,0
2128,1431,0
2125,1433,0
2123,1445,0
2104,1481,0
2076,1527,0
2058,1585,0
2039,1640,0
2026,1681,0
2024,1697,0
2026,1700,0
2035,1700,0
2050,1691,0
2074,1669,0
2095,1637,0
2124,1607,0
2148,1568,0
2165,1534,0
2177,1515,0
2178,1508,0
2177,1510,0
2178,1515,0
2175,1527,0
2169,1558,0
2162,1592,0
2161,1619,0
2176,1642,0
2198,1651,0
2229,1652,0
2259,1638,0
2291,1618,0
2317,1596,0
2335,1575,0
2345,1550,0
2350,1523,0
2350,1496,0
2345,1472,0
2341,1460,0
2333,1452,0
2333,1451,0
2333,1451,0
2337,1453,0
2343,1458,0
2352,1466,0
2374,1479,0
2398,1488,0
2421,1488,0
2451,1485,0
2478,1475,0
2498,1459,0
2518,1442,0
2529,1423,0
2526,1409,0
2518,1405,0
2499,1408,0
2478,1427,0
2445,1457,0
2415,1493,0
2393,1537,0
2376,1581,0
2371,1622,0
2379,1648,0
2396,1660,0
2425,1660,0
2460,1644,0
2504,1619,0
2543,1585,0
2581,1551,0
2610,1512,0
2639,1479,0
2663,1450,0
2678,1425,0
2683,1412,0
2684,1411,0
2678,1411,0
2683,1418,0
2671,1440,0
2666,1477,0
2656,1515,0
2650,1553,0
2643,1584,0
2639,1606,0
2641,1616,0
2649,1619,0
2647,1615,0
2652,1604,0
2661,1575,0
2666,1540,0
2676,1503,0
2685,1467,0
2685,1435,0
2687,1420,0
2689,1418,0
2689,1418,0
2692,1421,0
2695,1423,0
2702,1440,0
2717,1461,0
2734,1477,0
2767,1487,0
2794,1486,0
2830,1476,0
2871,1462,0
2909,1442,0
2938,1420,0
2957,1400,0
2972,1390,0
2968,1390,0
2958,1390,0
2937,1401,0
2908,1423,0
2885,1455,0
2861,1488,0
2849,1524,0
2849,1558,0
2860,1587,0
2878,1605,0
2912,1614,0
2950,1609,0
2993,1599,0
3039,1584,1
3310,1553,0
3308,1555,0
3309,1554,0
3314,1555,0
3315,1552,0
3322,1541,0
3334,1522,0
3351,1494,0
3370,1459,0
3394,1417,0
3416,1375,0
3435,1346,0
3443,1338,0
3443,1338,0
3442,1341,0
3438,1358,0
3434,1391,0
3422,1433,0
3417,1483,0
3411,1526,0
3406,1549,0
3418,1560,0
3426,1563,0
3438,1558,0
3447,1542,0
3466,1517,0
3481,1483,0
3498,1442,0
3513,1406,0
3527,1385,0
3539,1377,0
3554,1375,0
3559,1375,0
3566,1379,0
3572,1394,0
3573,1421,0
3569,1454,0
3572,1482,0
3578,1506,0
3591,1522,0
3614,1531,0
3634,1527,0
3658,1518,0
3684,1500,0
3709,1476,0
3737,1449,0
3764,1418,0
3787,1389,0
3814,1367,0
3835,1349,0
3857,1339,0
3876,1334,0
3886,1331,0
3894,1331,0
3899,1332,0
3894,1331,0
3890,1331,0
3890,1332,0
3886,1331,0
3877,1331,0
3867,1335,0
3854,1344,0
3843,1360,0
3820,1382,0
3802,1413,0
3790,1447,0
3781,1476,0
3785,1497,0
3793,1508,0
3803,1512,0
3825,1515,0
3837,1508,0
3855,1497,0
3870,1475,0
3884,1444,0
3895,1411,0
3898,1384,0
3895,1370,0
3894,1362,0
3888,1357,0
3888,1357,0
3892,1358,0
3892,1357,0
3900,1359,0
3913,1360,0
3937,1353,0
3974,1336,0
4012,1317,0
4041,1298,1
4592,1336,0
4599,1329,0
4605,1312,0
4613,1300,0
4613,1283,0
4614,1269,0
4611,1252,0
4607,1236,0
4594,1223,0
4584,1215,0
4568,1211,0
4548,1213,0
4524,1222,0
4489,1238,0
4460,1264,0
4435,1302,0
4415,1347,0
4403,1394,0
4402,1430,0
4412,1448,0
4431,1455,0
4458,1452,0
4488,1438,0
4521,1416,0
4553,1387,0
4584,1359,0
4602,1333,0
4618,1310,0
4625,1288,0
4625,1271,0
4622,1271,0
4621,1271,0
4625,1274,0
4628,1278,0
4636,1279,0
4649,1276,0
4671,1261,0
4696,1232,0
4728,1194,0
4753,1150,0
4782,1100,0
4803,1047,0
4822,1000,0
4835,958,0
4841,930,0
4840,912,0
4838,907,0
4833,907,0
4820,916,0
4803,940,0
4786,979,0
4765,1032,0
4741,1098,0
4722,1170,0
4709,1246,0
4694,1309,0
4690,1360,0
4679,1403,0
4681,1437,0
4682,1457,0
4684,1462,1
4673,1280,0
4676,1283,0
4675,1288,0
4679,1303,0
4686,1307,0
4695,1307,0
4711,1307,0
4729,1305,0
4753,1295,0
4775,1276,0
4809,1247,0
4840,1210,0
4868,1165,0
4899,1112,0
4924,1056,0
4953,1002,0
4969,963,0
4977,942,0
4982,938,0
4982,940,0
4977,945,0
4963,972,0
4938,1015,0
4911,1078,0
4883,1155,0
4863,1229,0
4842,1290,0
4832,1336,0
4825,1372,0
4820,1387,0
4820,1388,0
4824,1387,0
4832,1376,0
4850,1347,0
4877,1311,0
4904,1277,0
4934,1244,0
4962,1216,0
4990,1204,0
5012,1201,0
5031,1210,0
5045,1230,0
5050,1261,0
5052,1298,0
5054,1334,0
5059,1361,0
5070,1378,0
5089,1383,0
5112,1377,0
5147,1358,0
5177,1325,0
5209,1285,0
5241,1242,0
5263,1204,0
5283,1174,0
5289,1150,0
5287,1136,0
5281,1131,0
5267,1131,0
5248,1145,0
5222,1170,0
5201,1206,0
5178,1249,0
5166,1289,0
5166,1319,0
5183,1336,0
5205,1342,0
5236,1339,0
5273,1324,0
5308,1301,0
5340,1272,0
5369,1242,0
5388,1214,0
5400,1196,0
5406,1191,0
5402,1191,0
5397,1194,0
5390,1210,0
5373,1241,0
5355,1280,0
5340,1320,0
5337,1348,0
5339,1357,0
5342,1358,0
5344,1353,0
5357,1334,0
5367,1299,0
5381,1261,0
5383,1216,0
5388,1182,0
5387,1166,0
5388,1164,0
5388,1164,0
5388,1164,0
5399,1168,0
5415,1170,0
5449,1165,1
6026,1102,0
6026,1100,0
6026,1100,0
6027,1097,0
6024,1092,0
6017,1086,0
6014,1081,0
6011,1072,0
6005,1062,0
5998,1054,0
5991,1049,0
5975,1044,0
5959,1045,0
5941,1052,0
5919,1066,0
5894,1090,0
5866,1125,0
5841,1169,0
5828,1211,0
5815,1254,0
5816,1283,0
5820,1300,0
5839,1308,0
5859,1309,0
5882,1294,0
5910,1268,0
5942,1232,0
5967,1194,0
5986,1160,0
5993,1143,0
5995,1138,0
5995,1138,0
5994,1137,0
5990,1140,0
5988,1150,0
5981,1184,0
5979,1213,0
5970,1235,0
5980,1249,0
5991,1254,0
6011,1254,0
6039,1241,0
6065,1216,0
6087,1185,0
6110,1151,0
6129,1115,0
6152,1081,0
6162,1041,0
6182,999,0
6197,955,0
6220,909,0
6230,870,0
6238,841,0
6236,823,0
6237,814,0
6233,815,0
6228,818,0
6222,839,0
6200,879,0
6180,936,0
6155,998,0
6136,1059,0
6133,1117,0
6128,1161,0
6130,1195,0
6133,1222,0
6133,1242,0
6143,1253,0
6150,1254,1
6073,1133,0
6069,1133,0
6073,1134,0
6080,1138,0
6099,1143,0
6119,1147,0
6141,1138,0
6167,1128,0
6195,1113,0
6222,1099,0
6244,1087,0
6259,1075,0
6273,1061,1
6373,819,0
6370,813,0
6366,812,0
6370,812,0
6370,812,0
6369,823,0
6359,842,0
6346,874,0
6325,912,0
6306,957,0
6285,1011,0
6277,1064,0
6262,1102,0
6250,1143,0
6244,1176,0
6243,1199,0
6244,1215,0
6247,1220,0
6247,1223,0
6243,1219,0
6241,1213,0
6236,1194,0
6228,1173,0
6220,1150,0
6212,1133,0
6201,1119,0
6203,1113,0
6203,1109,0
6209,1103,0
6222,1096,0
6239,1088,0
6262,1080,0
6288,1073,0
6317,1061,0
6353,1045,0
6380,1027,0
6411,1010,0
6433,999,0
6446,994,0
6447,993,0
6446,995,0
6446,994,0
6442,995,0
6438,996,0
6425,998,0
6412,1006,0
6394,1020,0
6383,1037,0
6364,1054,0
6351,1080,0
6338,1105,0
6324,1139,0
6314,1170,0
6314,1194,0
6316,1201,0
6328,1206,0
6344,1204,0
6358,1194,0
6375,1173,0
6391,1147,0
6406,1119,0
6418,1093,0
6426,1070,0
6432,1055,0
6433,1047,0
6438,1045,0
6434,1047,0
6434,1048,0
6428,1056,0
6425,1080,0
6409,1117,0
6399,1157,0
6391,1192,0
6399,1219,0
6404,1237,0
6420,1249,0
6436,1255,1
6683,1035,0
6683,1029,0
6689,1019,0
6691,1009,0
6685,995,0
6682,985,0
6674,980,0
6667,976,0
6647,973,0
6622,977,0
6597,986,0
6566,1003,0
6538,1029,0
6512,1061,0
6490,1098,0
6478,1139,0
6478,1168,0
6485,1194,0
6502,1210,0
6525,1218,0
6554,1218,0
6584,1207,0
6616,1189,0
6641,1163,0
6664,1129,0
6691,1087,0
6714,1041,0
6729,996,0
6746,957,0
6764,919,0
6781,879,0
6798,842,0
6813,813,0
6816,791,0
6816,784,0
6821,783,0
6812,787,0
6803,802,0
6791,832,0
6774,875,0
6755,926,0
6735,984,0
6718,1041,0
6706,1090,0
6703,1131,0
6703,1160,0
6699,1179,0
6701,1191,0
6704,1196,0
6704,1196,0
6709,1194,0
6710,1183,0
6719,1159,0
6724,1126,0
6738,1097,0
6748,1062,0
6764,1030,0
6772,1006,0
6787,986,0
6801,974,0
6814,967,0
6822,967,0
6830,972,0
6824,984,0
6820,1007,0
6809,1032,0
6788,1059,0
6761,1078,0
6738,1095,0
6720,1104,0
6708,1108,0
6703,1107,0
6703,1108,0
6708,1108,0
6720,1106,0
6732,1107,0
6748,1110,0
6766,1119,0
6781,1131,0
6790,1147,0
6799,1167,0
6808,1183,0
6821,1198,0
6832,1208,0
6834,1216,0
6842,1221,0
6842,1218,0
6846,1218,0
6853,1206,0
6857,1182,0
6870,1150,0
6879,1119,0
6898,1085,0
6910,1055,0
6930,1032,0
6949,1011,0
6968,993,0
6981,983,0
6990,980,0
6997,984,0
7004,992,0
7012,1002,0
7013,1016,0
7006,1036,0
6995,1059,0
6979,1084,0
6971,1111,0
6950,1140,0
6932,1167,0
6917,1184,0
6895,1196,0
6874,1200,0
6855,1197,1