Refugess are pouring out of
619
1294,3293,0
1296,3310,0
1297,3325,0
1298,3357,0
1298,3393,0
1300,3449,0
1303,3509,0
1309,3577,0
1318,3648,0
1329,3708,0
1340,3747,0
1352,3774,0
1358,3778,1
1281,3362,0
1282,3346,0
1286,3338,0
1294,3329,0
1302,3317,0
1310,3305,0
1318,3288,0
1328,3271,0
1341,3262,0
1356,3256,0
1372,3259,0
1391,3269,0
1410,3299,0
1425,3342,0
1431,3390,0
1428,3433,0
1416,3472,0
1395,3498,0
1372,3516,0
1350,3522,0
1332,3522,0
1322,3524,0
1322,3524,0
1329,3532,0
1344,3538,0
1367,3564,0
1396,3610,0
1428,3667,0
1461,3732,0
1487,3802,0
1505,3852,0
1518,3878,0
1521,3878,1
1567,3671,0
1578,3674,0
1589,3676,0
1602,3678,0
1614,3672,0
1625,3662,0
1633,3645,0
1639,3620,0
1635,3596,0
1623,3573,0
1610,3563,0
1594,3561,0
1573,3573,0
1565,3607,0
1563,3648,0
1572,3690,0
1596,3748,0
1619,3789,0
1648,3821,0
1677,3832,0
1698,3813,1
1808,3457,0
1813,3439,0
1812,3411,0
1809,3378,0
1802,3348,0
1789,3317,0
1775,3296,0
1760,3287,0
1749,3293,0
1737,3305,0
1731,3339,0
1727,3388,0
1727,3457,0
1738,3537,0
1752,3612,0
1768,3682,0
1788,3743,0
1806,3801,0
1817,3839,0
1820,3867,0
1824,3879,1
1804,3613,0
1804,3609,0
1797,3610,0
1781,3618,0
1760,3618,0
1739,3626,0
1722,3633,0
1708,3641,0
1698,3645,1
1899,3547,0
1898,3551,0
1900,3571,0
1901,3600,0
1905,3640,0
1911,3683,0
1923,3714,0
1938,3727,0
1958,3725,0
1977,3709,0
1990,3677,0
2002,3640,0
2010,3605,0
2012,3575,0
2013,3559,0
2017,3561,0
2025,3576,0
2033,3611,0
2044,3649,0
2063,3690,0
2084,3725,0
2101,3742,0
2116,3742,0
2126,3721,0
2130,3687,1
2244,3508,0
2244,3499,0
2239,3489,0
2233,3486,0
2224,3489,0
2213,3501,0
2202,3522,0
2194,3550,0
2188,3585,0
2185,3616,0
2189,3640,0
2202,3657,0
2219,3664,0
2239,3657,0
2257,3638,0
2266,3609,0
2271,3579,0
2270,3549,0
2261,3522,0
2250,3506,0
2243,3504,0
2239,3522,0
2240,3555,0
2247,3603,0
2260,3654,0
2275,3713,0
2287,3776,0
2295,3832,0
2294,3883,0
2286,3923,0
2269,3950,0
2241,3971,0
2210,3981,0
2177,3977,0
2139,3963,0
2111,3950,0
2092,3927,1
2385,3614,0
2388,3608,0
2398,3604,0
2410,3595,0
2422,3583,0
2429,3562,0
2437,3542,0
2438,3524,0
2436,3512,0
2427,3498,0
2414,3491,0
2393,3486,0
2380,3504,0
2364,3532,0
2365,3578,0
2374,3622,0
2391,3672,0
2412,3711,0
2439,3730,0
2468,3727,1
2591,3489,0
2595,3491,0
2593,3492,0
2585,3496,0
2571,3498,0
2555,3501,0
2544,3514,0
2536,3530,0
2535,3553,0
2544,3579,0
2560,3603,0
2576,3618,0
2600,3633,0
2622,3650,0
2639,3665,0
2655,3689,0
2661,3703,0
2663,3715,0
2654,3715,0
2639,3721,0
2615,3719,0
2595,3723,0
2572,3715,0
2551,3702,0
2535,3687,0
2528,3673,0
2526,3657,0
2531,3641,0
2543,3628,1
2758,3515,0
2762,3514,0
2758,3503,0
2751,3492,0
2738,3485,0
2724,3484,0
2709,3486,0
2700,3500,0
2693,3512,0
2696,3537,0
2704,3564,0
2714,3585,0
2730,3605,0
2750,3621,0
2770,3638,0
2792,3659,0
2811,3681,0
2828,3700,0
2835,3714,0
2833,3724,0
2819,3731,0
2798,3737,0
2773,3735,0
2744,3727,0
2697,3708,1
3239,3474,0
3245,3471,0
3247,3468,0
3245,3461,0
3239,3455,0
3226,3444,0
3213,3443,0
3189,3440,0
3165,3450,0
3146,3476,0
3125,3508,0
3103,3544,0
3092,3588,0
3085,3617,0
3094,3643,0
3113,3665,0
3138,3682,0
3168,3692,0
3195,3690,0
3218,3667,0
3235,3637,0
3245,3593,0
3250,3548,0
3250,3519,0
3243,3505,0
3237,3504,0
3230,3522,0
3229,3566,0
3245,3608,0
3264,3638,0
3286,3662,0
3300,3677,0
3312,3674,1
3345,3455,0
3349,3458,0
3352,3461,0
3353,3470,0
3356,3492,0
3357,3520,0
3361,3551,0
3365,3587,0
3375,3624,0
3387,3650,0
3394,3664,0
3390,3658,0
3385,3626,0
3375,3580,0
3366,3530,0
3356,3477,0
3349,3439,0
3343,3414,0
3345,3407,0
3353,3407,0
3366,3422,0
3382,3450,0
3399,3481,0
3422,3510,0
3442,3530,0
3460,3542,0
3478,3547,0
3493,3542,0
3512,3535,0
3521,3518,0
3533,3498,0
3541,3477,0
3544,3456,0
3541,3438,0
3537,3426,0
3527,3419,0
3515,3417,0
3502,3427,0
3498,3455,0
3496,3491,0
3497,3539,0
3516,3590,0
3542,3630,0
3574,3662,0
3606,3678,0
3641,3683,0
3662,3657,0
3688,3613,0
3676,3567,1
3867,3469,0
3875,3474,0
3879,3476,0
3877,3477,0
3880,3490,0
3885,3512,0
3886,3542,0
3894,3588,0
3907,3650,0
3920,3716,0
3936,3785,0
3949,3851,0
3959,3909,0
3969,3952,0
3974,3974,0
3979,3979,0
3972,3965,0
3963,3932,0
3956,3887,0
3944,3829,0
3933,3772,0
3918,3702,0
3907,3634,0
3901,3571,0
3899,3516,0
3905,3474,0
3917,3443,0
3929,3421,0
3951,3414,0
3978,3421,0
4004,3441,0
4031,3471,0
4049,3508,0
4052,3537,0
4042,3567,0
4018,3598,0
3983,3624,0
3949,3641,0
3919,3639,0
3900,3619,0
3893,3589,1
4253,3461,0
4261,3458,0
4261,3452,0
4254,3448,0
4234,3445,0
4213,3444,0
4189,3444,0
4167,3450,0
4147,3462,0
4138,3486,0
4131,3515,0
4134,3556,0
4142,3592,0
4159,3618,0
4188,3636,0
4218,3641,0
4246,3637,0
4271,3619,0
4285,3590,0
4288,3554,0
4278,3514,0
4261,3481,0
4239,3452,0
4215,3431,0
4193,3419,1
4343,3400,0
4345,3416,0
4343,3440,0
4343,3474,0
4339,3510,0
4345,3550,0
4357,3595,0
4375,3631,0
4391,3644,0
4407,3641,0
4423,3619,0
4442,3585,0
4455,3537,0
4459,3499,0
4465,3469,0
4466,3451,0
4467,3450,0
4473,3455,0
4479,3489,0
4490,3525,0
4502,3563,0
4517,3605,0
4533,3640,0
4546,3661,0
4558,3667,1
4594,3468,0
4603,3493,0
4611,3525,0
4616,3544,0
4616,3568,0
4615,3585,0
4610,3602,0
4616,3613,0
4617,3612,0
4613,3609,0
4611,3595,0
4610,3573,0
4608,3547,0
4601,3518,0
4603,3494,0
4606,3478,0
4626,3457,0
4645,3455,0
4667,3448,0
4689,3453,0
4708,3457,0
4721,3467,0
4738,3471,0
4745,3475,1
4799,3445,0
4801,3448,0
4804,3445,0
4803,3440,0
4807,3441,0
4806,3444,0
4801,3460,0
4806,3485,0
4804,3518,0
4813,3555,0
4828,3586,0
4842,3607,0
4860,3616,0
4877,3616,0
4895,3608,0
4912,3590,0
4920,3556,1
4821,3271,0
4832,3278,0
4838,3288,0
4838,3294,0
4830,3298,1
4881,3467,0
4883,3493,0
4892,3527,0
4893,3556,0
4893,3575,0
4900,3584,0
4900,3578,0
4908,3508,0
4910,3470,0
4916,3433,0
4919,3404,0
4930,3385,0
4943,3382,0
4994,3464,0
5006,3518,0
5018,3571,0
5028,3614,0
5038,3641,0
5040,3644,0
5045,3632,0
5056,3601,0
5062,3556,1
5207,3476,0
5212,3474,0
5214,3467,0
5207,3455,0
5195,3440,0
5178,3428,0
5158,3428,0
5139,3446,0
5115,3512,0
5121,3549,0
5142,3580,0
5158,3592,0
5175,3591,0
5189,3574,0
5201,3547,0
5216,3522,0
5219,3492,0
5215,3472,0
5216,3464,0
5215,3465,0
5214,3486,0
5215,3522,0
5221,3572,0
5231,3629,0
5243,3690,0
5238,3807,0
5225,3814,0
5201,3818,0
5175,3810,0
5151,3795,0
5121,3775,0
5091,3749,0
5081,3718,0
5072,3667,1
5598,3390,0
5598,3390,0
5593,3389,0
5581,3385,0
5567,3384,0
5547,3384,0
5528,3391,0
5505,3408,0
5488,3438,0
5479,3464,0
5477,3499,0
5488,3538,0
5508,3572,0
5537,3585,0
5571,3586,0
5605,3570,0
5629,3544,0
5640,3515,0
5639,3483,0
5625,3448,0
5602,3418,0
5516,3402,0
5518,3417,1
5715,3403,0
5715,3410,0
5716,3424,0
5716,3438,0
5716,3466,0
5717,3498,0
5713,3538,0
5720,3575,0
5735,3602,0
5755,3616,0
5775,3616,0
5791,3600,0
5807,3564,0
5820,3519,0
5827,3475,0
5825,3448,0
5830,3435,0
5830,3435,0
5837,3452,0
5843,3500,0
5859,3560,0
5879,3608,0
5911,3647,0
5922,3637,1
5937,3182,0
5938,3189,0
5942,3197,0
5944,3211,0
5943,3235,0
5945,3269,0
6014,3590,0
6018,3619,0
6022,3628,1
5944,3416,0
5944,3416,0
5949,3422,0
5954,3423,0
5965,3427,0
5979,3427,0
6001,3424,0
6024,3418,0
6036,3414,1
6378,3413,0
6387,3423,0
6389,3426,0
6386,3422,0
6383,3421,0
6369,3412,0
6355,3403,0
6338,3402,0
6319,3409,0
6306,3423,0
6293,3452,0
6288,3489,0
6290,3529,0
6306,3557,0
6326,3570,0
6353,3579,0
6378,3578,0
6401,3564,0
6418,3538,0
6426,3502,0
6421,3457,0
6410,3429,0
6361,3387,0
6336,3374,1
6522,3165,0
6513,3165,0
6500,3173,0
6493,3192,0
6483,3219,0
6479,3258,0
6479,3305,0
6484,3361,0
6494,3430,0
6502,3510,0
6514,3581,0
6527,3650,0
6536,3711,0
6542,3758,0
6543,3786,0
6537,3795,0
6532,3788,1
6501,3510,0
6517,3507,0
6528,3520,0
6539,3525,0
6558,3524,1