faces he &apos; es. By Mike Langley.
687
1206,2646,0
1194,2686,0
1179,2746,0
1161,2815,0
1143,2896,0
1125,2980,0
1109,3064,0
1095,3145,0
1082,3217,0
1070,3273,0
1061,3317,0
1054,3337,0
1054,3333,1
1057,3004,0
1064,3028,0
1083,3048,0
1108,3057,0
1139,3048,1
1299,2860,0
1286,2861,0
1263,2858,0
1237,2868,0
1212,2893,0
1187,2926,0
1170,2963,0
1165,2996,0
1170,3019,0
1183,3031,0
1203,3034,0
1228,3021,0
1256,3004,0
1281,2977,0
1302,2948,0
1316,2926,0
1303,2948,0
1295,2984,0
1290,3008,0
1293,3033,0
1299,3044,0
1312,3055,0
1327,3050,0
1349,3045,1
1369,2906,0
1351,2939,0
1337,2973,0
1333,3001,0
1341,3025,0
1358,3043,0
1384,3048,0
1416,3045,0
1450,3029,0
1483,3004,0
1519,2982,0
1549,2958,0
1570,2925,0
1582,2899,0
1582,2878,0
1573,2864,0
1557,2862,0
1532,2871,0
1503,2888,0
1478,2920,0
1452,2948,0
1440,2982,0
1442,3014,0
1453,3037,0
1474,3045,1
1716,2846,0
1693,2847,0
1667,2853,0
1642,2871,0
1620,2887,0
1610,2910,0
1611,2929,0
1624,2948,0
1648,2964,0
1678,2977,0
1707,2988,0
1730,3003,0
1739,3008,0
1734,3018,0
1717,3026,0
1686,3029,0
1652,3032,0
1625,3033,0
1602,3033,0
1592,3035,0
1587,3028,1
2043,2610,0
2030,2649,0
2014,2698,0
1992,2753,0
1971,2814,0
1954,2871,0
1943,2924,0
1935,2965,0
1935,2999,0
1940,3018,0
1951,3023,0
1964,3006,0
1991,2985,0
2024,2953,0
2060,2915,0
2099,2883,0
2130,2854,0
2154,2837,0
2169,2835,0
2176,2845,0
2181,2869,0
2176,2897,0
2172,2937,0
2167,2973,0
2171,3010,0
2179,3029,0
2195,3040,0
2214,3037,0
2238,3023,0
2265,2994,0
2293,2952,0
2314,2898,0
2496,2714,0
2498,2656,0
2502,2608,0
2497,2560,0
2495,2533,0
2493,2521,0
2490,2523,0
2490,2538,1
2320,2878,0
2306,2911,0
2306,2942,0
2326,2982,0
2343,3004,0
2367,3016,0
2396,3020,0
2424,3011,0
2455,3001,0
2474,2977,1
2811,2794,0
2806,2786,0
2802,2785,0
2801,2786,0
2799,2792,0
2801,2800,0
2799,2801,0
2803,2813,0
2804,2813,0
2804,2813,0
2802,2809,0
2805,2812,0
2805,2812,0
2802,2809,0
2803,2808,0
2803,2808,0
2803,2808,0
2803,2808,0
2806,2811,0
2803,2808,0
2803,2808,0
2803,2808,0
2807,2810,0
2804,2807,0
2804,2807,0
2808,2810,0
2806,2806,0
2806,2806,0
2807,2806,0
2808,2805,0
2809,2805,0
2810,2804,0
2817,2808,0
2826,2812,0
2829,2811,0
2832,2808,0
2834,2803,0
2840,2799,0
2842,2791,0
2846,2785,0
2849,2777,0
2854,2770,0
2862,2765,0
2869,2760,0
2875,2755,0
2883,2755,0
2884,2748,0
2885,2743,0
2886,2738,0
2888,2732,0
2893,2729,0
2895,2726,0
2895,2722,0
2897,2720,0
2897,2716,0
2897,2710,0
2900,2709,0
2896,2701,0
2897,2696,0
2900,2693,0
2900,2689,0
2899,2684,0
2901,2683,0
2900,2679,0
2900,2679,0
2900,2679,0
2900,2679,0
2900,2679,0
2899,2680,0
2898,2680,0
2898,2680,0
2899,2680,0
2898,2680,0
2898,2680,0
2900,2684,0
2900,2683,0
2900,2683,0
2897,2680,0
2897,2680,0
2897,2680,0
2897,2680,0
2897,2680,0
2900,2684,0
2896,2681,1
2945,2931,0
2980,2888,0
3013,2854,0
3037,2822,0
3056,2803,0
3062,2793,0
3061,2798,1
3057,3008,0
3098,2984,0
3133,2955,0
3158,2916,0
3182,2882,0
3195,2852,0
3204,2828,0
3197,2809,0
3188,2806,0
3170,2811,0
3143,2826,0
3112,2850,0
3078,2881,0
3050,2916,0
3039,2953,0
3040,2982,0
3049,3008,0
3069,3024,0
3103,3035,0
3140,3033,0
3187,3024,1
3404,2803,0
3385,2791,0
3366,2789,0
3339,2790,0
3309,2800,0
3280,2813,0
3257,2832,0
3237,2849,0
3230,2874,0
3234,2897,0
3248,2917,0
3274,2936,0
3309,2955,0
3347,2975,0
3385,2997,0
3413,3016,0
3436,3033,0
3442,3049,0
3444,3062,0
3432,3071,0
3411,3078,0
3382,3081,0
3351,3081,0
3320,3074,0
3292,3070,0
3269,3067,0
3246,3059,0
3233,3054,0
3224,3046,1
4027,2661,0
4022,2693,0
4010,2731,0
3995,2778,0
3984,2832,0
3969,2884,1
3933,2631,1
4029,2547,0
4075,2540,0
4129,2543,0
4173,2551,0
4208,2565,0
4237,2586,0
4256,2614,0
4256,2641,0
4246,2671,0
4226,2703,0
4196,2734,0
4163,2762,0
4131,2787,0
4105,2811,0
4089,2834,0
4073,2847,0
4070,2861,0
4078,2871,0
4096,2881,0
4119,2890,0
4143,2901,0
4167,2917,0
4176,2930,0
4178,2946,0
4169,2963,0
4147,2980,0
4118,2999,0
4081,3015,0
4040,3029,0
4000,3042,0
3958,3049,0
3914,3047,1
4244,2901,0
4243,2914,0
4249,2926,0
4262,2936,0
4278,2936,0
4297,2932,0
4321,2922,0
4348,2908,0
4374,2890,0
4393,2873,0
4401,2856,0
4409,2847,0
4409,2840,0
4409,2840,0
4403,2842,0
4396,2855,0
4389,2878,0
4379,2907,0
4369,2944,0
4359,2989,0
4354,3036,0
4351,3088,0
4341,3135,0
4334,3185,0
4297,3212,0
4279,3248,0
4258,3275,0
4235,3293,0
4211,3300,0
4196,3298,0
4187,3285,0
4184,3260,0
4188,3227,0
4198,3188,0
4213,3148,0
4233,3110,0
4252,3073,1
4828,2615,0
4804,2652,0
4795,2702,0
4771,2750,0
4751,2806,0
4727,2859,0
4713,2912,0
4694,2956,0
4688,2998,0
4678,3028,0
4673,3048,0
4673,3055,0
4671,3050,0
4678,3035,0
4691,3013,0
4702,2979,0
4729,2944,0
4745,2902,0
4767,2859,0
4779,2816,0
4790,2772,0
4808,2733,0
4823,2697,0
4832,2661,0
4842,2632,0
4849,2606,0
4857,2585,0
4869,2574,0
4871,2564,0
4876,2565,0
4874,2567,0
4871,2580,0
4867,2601,0
4855,2627,0
4847,2660,0
4835,2701,0
4828,2746,0
4819,2787,0
4822,2831,0
4820,2869,0
4838,2904,0
4859,2929,0
4877,2938,0
4901,2940,0
4932,2931,0
4968,2915,0
5001,2890,0
5030,2862,0
5055,2831,0
5070,2802,0
5085,2779,0
5089,2765,0
5074,2751,0
5060,2751,0
5054,2767,0
5031,2789,0
5021,2825,0
4997,2861,0
4984,2907,0
4960,2948,0
4949,2996,0
4936,3040,0
4927,3074,0
4924,3103,0
4929,3122,0
4936,3134,0
4952,3132,0
4966,3121,0
4985,3097,1
5083,2975,0
5069,3001,0
5064,3029,0
5065,3054,0
5060,3068,1
5180,2712,0
5187,2700,0
5202,2700,0
5210,2709,0
5212,2713,1
5286,2668,0
5276,2700,0
5262,2739,0
5257,2791,0
5243,2844,0
5237,2897,0
5226,2943,0
5224,2987,0
5205,3016,0
5197,3041,0
5190,3052,0
5193,3055,0
5193,3047,0
5202,3028,0
5214,3004,0
5225,2972,0
5258,2945,0
5287,2916,0
5310,2888,0
5333,2866,0
5348,2849,0
5361,2845,0
5358,2842,0
5353,2850,0
5334,2865,0
5313,2890,0
5286,2917,0
5265,2950,0
5240,2978,0
5231,3008,0
5233,3032,0
5243,3053,0
5262,3066,0
5291,3074,0
5323,3071,0
5362,3063,0
5405,3048,0
5444,3026,0
5479,3001,0
5508,2972,0
5531,2942,0
5543,2914,0
5547,2893,0
5543,2878,0
5529,2869,0
5507,2867,0
5478,2875,0
5446,2890,0
5414,2911,0
5396,2938,0
5383,2967,0
5383,2995,0
5400,3021,0
5431,3047,0
5462,3064,0
5501,3078,0
5542,3088,1
5858,2721,0
5837,2767,0
5818,2818,0
5801,2871,0
5783,2921,0
5773,2969,0
5771,3008,0
5780,3041,0
5803,3065,0
5834,3083,0
5877,3089,0
5928,3091,0
5983,3091,0
6028,3087,0
6067,3083,0
6097,3080,0
6114,3075,1
6120,2892,0
6110,2885,0
6097,2884,0
6083,2894,0
6060,2910,0
6042,2935,0
6015,2964,0
5997,2996,0
5987,3029,0
5986,3055,0
5993,3075,0
6010,3087,0
6027,3088,0
6045,3081,0
6066,3069,0
6090,3052,0
6112,3030,0
6126,3004,0
6139,2973,0
6147,2943,0
6154,2920,0
6157,2905,0
6157,2899,0
6160,2901,0
6155,2911,0
6149,2929,0
6141,2953,0
6138,2982,0
6136,3012,0
6136,3035,0
6143,3055,0
6151,3066,0
6167,3069,0
6181,3063,0
6194,3047,0
6208,3023,0
6223,2995,0
6234,2959,0
6247,2926,0
6252,2899,0
6256,2883,0
6255,2876,0
6255,2876,0
6254,2886,0
6248,2907,0
6235,2931,0
6231,2965,0
6230,2992,0
6239,3016,0
6249,3032,0
6261,3042,0
6274,3043,0
6291,3037,0
6312,3023,0
6328,3002,0
6342,2977,0
6356,2950,0
6365,2924,0
6371,2905,0
6372,2894,0
6369,2892,0
6361,2898,0
6352,2916,0
6336,2938,0
6326,2964,1
6452,2887,0
6440,2885,0
6423,2890,0
6409,2901,0
6396,2917,0
6389,2939,0
6387,2960,0
6388,2984,0
6391,3013,0
6388,3042,0
6391,3080,0
6387,3119,0
6389,3166,0
6378,3216,0
6372,3268,0
6366,3325,0
6347,3372,0
6331,3413,0
6312,3443,0
6287,3460,0
6264,3467,0
6249,3460,0
6244,3440,0
6245,3407,0
6256,3367,0
6279,3322,0
6304,3272,0
6339,3220,0
6375,3165,0
6411,3108,0
6447,3052,0
6481,2998,0
6510,2942,0
6541,2897,0
6560,2849,0
6580,2810,0
6594,2770,0
6609,2738,0
6616,2714,0
6616,2702,0
6613,2698,0
6611,2713,0
6601,2734,0
6592,2765,0
6569,2802,0
6556,2847,0
6541,2896,0
6531,2935,0
6529,2973,0
6539,3006,0
6550,3028,0
6575,3040,0
6601,3042,0
6631,3037,0
6657,3021,0
6681,3001,0
6700,2980,0
6715,2960,0
6720,2941,0
6718,2927,0
6709,2917,0
6694,2912,0
6675,2915,0
6655,2926,0
6634,2943,0
6618,2966,0
6610,2990,0
6611,3015,0
6626,3031,0
6637,3042,0
6661,3049,0
6685,3047,0
6715,3039,1
6778,2922,0
6777,2915,0
6776,2917,0
6775,2928,0
6776,2946,0
6764,2960,0
6773,2980,0
6775,2992,0
6787,3004,0
6798,3008,0
6811,3009,0
6826,3006,0
6838,3001,0
6844,2998,0
6846,3001,0
6850,3012,0
6840,3031,0
6837,3066,0
6828,3109,0
6820,3159,0
6809,3206,0
6794,3251,0
6771,3293,0
6740,3325,0
6708,3349,0
6684,3358,0
6667,3356,0
6660,3343,0
6663,3315,0
6676,3275,0
6697,3228,0
6720,3177,1
6998,3036,0
6991,3033,0
6984,3030,0
6983,3031,0
6980,3029,0
6982,3033,0
6981,3035,0
6989,3037,0
7009,3040,1