to waste time.
287
988,5347,0
987,5355,0
984,5371,0
976,5399,0
974,5436,0
974,5472,0
977,5511,0
980,5543,0
987,5571,0
995,5592,0
1001,5608,0
1011,5624,0
1015,5628,0
1023,5628,0
1026,5624,0
1035,5616,0
1044,5596,1
853,5503,0
851,5508,0
850,5503,0
855,5500,0
873,5492,1
1127,5464,0
1128,5467,0
1126,5464,0
1118,5460,0
1107,5460,0
1089,5468,0
1073,5472,0
1056,5492,0
1044,5520,0
1036,5548,0
1036,5572,0
1042,5588,0
1058,5604,0
1083,5612,0
1112,5612,0
1135,5612,0
1155,5600,0
1160,5583,0
1165,5564,0
1163,5536,0
1159,5504,0
1151,5479,0
1143,5467,0
1136,5460,0
1133,5455,1
1476,5434,0
1478,5437,0
1475,5446,0
1475,5470,0
1475,5498,0
1481,5533,0
1481,5561,0
1487,5585,0
1494,5600,0
1503,5607,0
1508,5607,0
1510,5600,0
1516,5583,0
1519,5554,0
1522,5522,0
1526,5489,0
1532,5465,0
1539,5448,0
1545,5443,0
1551,5448,0
1559,5466,0
1573,5497,0
1588,5536,0
1603,5575,0
1616,5605,0
1627,5624,0
1632,5636,0
1631,5632,0
1635,5628,0
1638,5604,0
1643,5571,0
1648,5530,0
1664,5496,0
1682,5470,0
1702,5448,0
1724,5437,0
1746,5435,0
1766,5436,0
1785,5450,0
1806,5471,0
1815,5501,0
1825,5532,0
1824,5553,0
1821,5573,0
1816,5582,0
1815,5590,0
1810,5587,0
1804,5576,0
1794,5561,0
1774,5544,0
1756,5530,0
1735,5529,0
1713,5531,0
1694,5542,0
1685,5551,0
1680,5563,0
1692,5578,0
1709,5592,0
1728,5605,0
1751,5607,0
1776,5604,1
1973,5453,0
1976,5449,0
1975,5445,0
1969,5438,0
1954,5436,0
1940,5438,0
1922,5446,0
1911,5455,0
1903,5469,0
1903,5477,0
1908,5488,0
1925,5498,0
1944,5511,0
1965,5520,0
1981,5529,0
1995,5547,0
2000,5562,0
1998,5571,0
1991,5584,0
1976,5599,0
1961,5601,0
1939,5597,0
1925,5587,0
1918,5568,0
1917,5540,1
2082,5340,0
2087,5356,0
2088,5380,0
2079,5393,0
2080,5434,0
2084,5470,0
2087,5506,0
2044,5486,0
2046,5485,0
2055,5484,0
2069,5481,0
2093,5481,0
2120,5479,0
2147,5478,0
2182,5475,0
2203,5471,0
2217,5467,0
2220,5462,0
2222,5455,0
2219,5446,0
2210,5436,0
2198,5431,0
2187,5429,0
2179,5434,0
2169,5445,0
2158,5460,0
2159,5484,0
2153,5510,0
2161,5536,0
2175,5554,0
2200,5573,0
2228,5588,0
2249,5592,0
2275,5590,0
2297,5577,0
2326,5558,0
2350,5536,1
2621,5351,0
2625,5380,0
2622,5419,0
2621,5456,0
2624,5497,0
2625,5535,0
2630,5570,0
2628,5596,0
2634,5614,1
2531,5477,0
2533,5473,0
2538,5472,0
2546,5465,0
2561,5461,0
2585,5454,0
2619,5453,0
2663,5448,0
2704,5439,0
2738,5437,0
2762,5434,0
2776,5426,0
2779,5424,0
2779,5424,0
2780,5429,0
2782,5436,0
2779,5453,0
2783,5482,0
2794,5512,0
2795,5541,0
2799,5561,0
2800,5581,0
2804,5593,0
2801,5590,0
2799,5586,1
2818,5382,0
2825,5380,0
2828,5375,0
2829,5370,0
2830,5366,1
2906,5450,0
2908,5445,0
2910,5457,0
2909,5478,0
2906,5492,0
2907,5517,0
2907,5542,0
2910,5566,0
2910,5579,0
2908,5592,0
2910,5596,0
2911,5592,0
2918,5581,0
2916,5556,0
2929,5534,0
2943,5492,0
2957,5465,0
2975,5442,0
2989,5433,0
3004,5423,0
3018,5426,0
3028,5439,0
3034,5463,0
3039,5491,0
3045,5523,0
3051,5547,0
3056,5561,0
3054,5562,0
3055,5558,0
3057,5552,0
3063,5533,0
3074,5517,0
3081,5488,0
3094,5462,0
3111,5451,0
3123,5446,0
3129,5445,0
3136,5454,0
3141,5470,0
3142,5491,0
3151,5518,0
3148,5535,0
3157,5558,0
3173,5581,0
3182,5590,0
3199,5597,0
3221,5602,0
3240,5589,0
3263,5576,0
3283,5551,0
3301,5521,0
3316,5498,0
3322,5469,0
3323,5451,0
3323,5438,0
3314,5425,0
3312,5426,0
3306,5433,0
3294,5442,0
3286,5463,0
3269,5487,0
3262,5516,0
3265,5554,0
3272,5581,0
3279,5600,0
3299,5622,0
3317,5632,0
3342,5639,0
3361,5631,0
3380,5624,0
3389,5602,0
3398,5590,0
3405,5577,1
3485,5595,0
3487,5594,0
3484,5592,0
3487,5594,0
3487,5594,1