players&apos; leaders are keen to tell
722
305,2555,0
303,2550,0
307,2551,0
313,2562,0
323,2581,0
338,2623,0
354,2678,0
369,2732,0
379,2780,0
384,2823,0
386,2853,0
382,2872,0
376,2879,0
371,2882,0
361,2862,0
349,2835,0
337,2798,0
328,2754,0
325,2707,0
331,2650,0
343,2604,0
364,2564,0
393,2526,0
426,2511,0
458,2516,0
487,2536,0
504,2573,0
506,2602,0
492,2640,0
425,2706,0
388,2729,0
359,2742,0
344,2746,0
340,2745,0
341,2736,0
356,2729,1
610,2506,0
608,2538,0
607,2571,0
610,2608,0
613,2641,0
617,2666,0
622,2688,0
628,2701,0
634,2714,0
641,2719,0
651,2729,0
662,2735,0
673,2729,0
688,2719,0
704,2705,0
781,2610,0
800,2589,0
817,2566,0
832,2556,0
846,2549,0
855,2542,0
857,2543,0
853,2554,0
839,2569,0
819,2591,0
801,2625,0
783,2655,0
773,2682,0
796,2701,0
815,2679,0
833,2657,0
849,2630,0
864,2608,0
878,2580,0
890,2561,0
898,2550,0
902,2554,0
904,2562,0
904,2586,0
902,2610,0
905,2634,0
914,2647,0
928,2656,0
945,2649,0
964,2638,0
982,2619,0
998,2596,0
1015,2576,0
1029,2556,0
1038,2548,0
1042,2548,0
1042,2561,0
1037,2589,0
1031,2625,0
1028,2644,0
1036,2661,0
1049,2668,0
1064,2661,0
1082,2649,0
1099,2625,0
1117,2596,0
1135,2564,0
1151,2540,0
1163,2523,0
1168,2523,0
1172,2535,0
1173,2559,0
1175,2595,0
1178,2639,0
1181,2678,0
1189,2730,0
1199,2782,0
1202,2814,0
1201,2842,0
1194,2858,0
1181,2859,0
1162,2856,0
1136,2836,0
1112,2812,0
1092,2797,0
1080,2785,0
1073,2772,0
1073,2765,0
1079,2753,0
1093,2733,0
1116,2717,0
1176,2679,0
1204,2649,0
1231,2624,0
1257,2603,0
1276,2577,0
1288,2552,0
1295,2531,0
1297,2523,0
1294,2523,0
1287,2536,0
1274,2549,0
1266,2574,0
1261,2598,0
1264,2626,0
1276,2649,0
1296,2663,0
1319,2661,0
1343,2651,0
1365,2632,0
1386,2613,0
1403,2588,0
1419,2560,0
1436,2542,0
1450,2531,0
1459,2535,0
1464,2546,0
1466,2566,0
1467,2593,0
1469,2614,0
1475,2629,0
1482,2632,0
1490,2627,0
1500,2620,0
1509,2603,0
1520,2584,0
1531,2574,0
1542,2569,0
1552,2570,0
1557,2569,0
1565,2572,0
1580,2577,0
1594,2566,0
1609,2555,0
1621,2543,0
1631,2533,0
1635,2520,0
1636,2516,0
1634,2516,0
1635,2520,0
1633,2521,0
1633,2525,0
1631,2526,0
1633,2529,0
1637,2532,0
1639,2531,0
1641,2531,0
1645,2534,0
1645,2534,0
1645,2534,0
1645,2534,0
1645,2534,0
1645,2534,0
1645,2533,0
1645,2533,0
1648,2538,0
1652,2540,0
1660,2551,0
1668,2566,0
1679,2588,0
1686,2610,0
1688,2627,0
1685,2648,0
1672,2668,0
1650,2681,0
1621,2687,0
1594,2697,0
1566,2698,1
1806,2418,0
1802,2412,0
1802,2411,0
1801,2425,0
1791,2457,0
1774,2499,0
1763,2552,0
1758,2596,0
1757,2617,1
2060,2732,0
2064,2734,0
2077,2733,0
2091,2729,0
2106,2714,0
2130,2700,0
2155,2675,0
2178,2644,0
2201,2611,0
2221,2576,0
2234,2534,0
2248,2497,0
2254,2466,0
2251,2449,0
2245,2449,0
2229,2461,0
2204,2478,0
2185,2509,0
2171,2542,0
2162,2581,0
2154,2620,0
2160,2661,0
2174,2681,0
2204,2699,0
2236,2697,0
2273,2689,0
2309,2680,0
2342,2664,0
2371,2644,0
2400,2624,0
2418,2596,0
2431,2571,0
2432,2548,0
2425,2542,0
2411,2550,0
2389,2572,0
2364,2603,0
2341,2632,0
2328,2662,0
2321,2683,0
2332,2709,0
2347,2724,0
2368,2727,0
2403,2732,0
2436,2719,0
2475,2702,0
2511,2678,0
2545,2657,0
2571,2633,0
2588,2613,0
2596,2604,0
2594,2604,0
2579,2604,0
2566,2631,0
2549,2665,0
2531,2698,0
2521,2722,0
2522,2736,0
2534,2742,0
2546,2736,0
2560,2719,0
2580,2697,0
2597,2673,0
2613,2645,0
2628,2621,0
2642,2608,0
2647,2605,0
2649,2608,0
2651,2620,0
2658,2641,0
2662,2652,0
2677,2666,0
2696,2673,0
2712,2671,0
2733,2667,0
2755,2658,0
2774,2645,0
2795,2635,0
2812,2624,0
2819,2608,0
2828,2603,0
2824,2601,0
2813,2608,0
2800,2637,0
2782,2663,0
2774,2699,0
2765,2724,0
2767,2741,0
2772,2748,0
2785,2748,0
2801,2742,0
2816,2723,0
2835,2700,0
2851,2674,0
2861,2637,0
2871,2596,0
2885,2555,0
2895,2528,0
2902,2513,0
2900,2503,0
2898,2499,0
2902,2502,0
2901,2508,0
2901,2533,0
2895,2563,0
2898,2606,0
2899,2640,0
2909,2667,0
2925,2685,0
2946,2695,0
2965,2690,0
2992,2680,0
3018,2659,0
3043,2630,0
3069,2598,0
3086,2569,0
3095,2551,0
3097,2550,0
3088,2557,0
3070,2578,0
3055,2606,0
3039,2629,0
3035,2657,0
3037,2676,0
3048,2688,0
3066,2693,0
3083,2685,0
3107,2671,0
3129,2647,0
3151,2624,0
3169,2599,0
3187,2582,0
3200,2582,0
3204,2589,0
3205,2615,0
3204,2647,0
3206,2673,0
3209,2685,0
3216,2690,0
3227,2685,0
3243,2673,0
3250,2649,0
3265,2632,0
3276,2622,0
3283,2621,0
3291,2625,0
3300,2626,0
3315,2624,0
3332,2615,0
3350,2598,0
3370,2584,0
3382,2567,0
3392,2551,0
3401,2538,0
3405,2534,0
3409,2536,0
3412,2544,0
3423,2566,0
3433,2590,0
3448,2620,0
3467,2646,0
3488,2671,0
3499,2688,0
3499,2699,0
3493,2714,0
3475,2733,0
3450,2750,0
3425,2767,0
3390,2772,1
3931,2627,0
3918,2618,0
3904,2610,0
3884,2603,0
3864,2607,0
3836,2619,0
3809,2644,0
3784,2677,0
3756,2714,0
3744,2753,0
3741,2775,0
3742,2779,0
3757,2774,0
3771,2755,0
3785,2723,0
3804,2691,0
3820,2655,0
3841,2620,0
3857,2596,0
3874,2589,0
3881,2593,0
3890,2613,0
3894,2644,0
3899,2680,0
3912,2709,0
3926,2723,0
3942,2729,0
3958,2724,0
3978,2706,0
3993,2672,0
4012,2637,0
4032,2593,0
4049,2553,0
4068,2538,0
4073,2531,0
4077,2538,0
4082,2557,0
4087,2591,0
4091,2629,0
4094,2662,0
4102,2684,0
4106,2692,0
4111,2692,0
4114,2682,0
4126,2663,0
4131,2637,0
4140,2612,0
4150,2601,0
4164,2602,0
4176,2613,0
4193,2630,0
4213,2644,0
4241,2653,0
4273,2652,0
4311,2641,0
4341,2620,0
4364,2598,0
4380,2574,0
4391,2547,0
4397,2531,0
4389,2529,0
4373,2545,0
4350,2584,0
4319,2630,0
4295,2675,0
4289,2714,0
4297,2737,0
4317,2756,0
4346,2771,1
4637,2425,0
4632,2419,0
4636,2420,0
4640,2427,0
4640,2451,0
4649,2495,0
4658,2547,0
4662,2599,0
4669,2654,0
4661,2698,0
4662,2731,0
4667,2751,0
4669,2756,0
4673,2757,0
4676,2747,0
4682,2731,0
4678,2709,1
4658,2640,0
4666,2642,0
4674,2644,0
4683,2647,0
4702,2654,0
4736,2661,0
4758,2658,0
4794,2652,0
4825,2643,0
4852,2631,0
4867,2615,0
4887,2599,0
4897,2575,0
4907,2561,0
4908,2558,0
4903,2559,0
4895,2564,0
4877,2578,0
4857,2594,0
4836,2610,0
4817,2625,0
4815,2643,0
4805,2651,0
4810,2658,0
4813,2661,0
4817,2662,0
4829,2666,0
4835,2671,0
4840,2670,0
4847,2674,0
4853,2680,0
4852,2683,0
4850,2685,0
4859,2694,0
4860,2698,0
4865,2706,0
4863,2708,0
4874,2714,0
4876,2717,0
4883,2722,0
4880,2719,0
4887,2724,0
4883,2721,0
4891,2726,0
4892,2723,0
4893,2721,0
4894,2719,0
4903,2721,0
4905,2718,0
4915,2717,0
4920,2709,0
4934,2704,0
4939,2696,0
4948,2690,0
4956,2683,0
4977,2682,0
4985,2668,0
5002,2657,0
5021,2642,0
5038,2620,0
5057,2599,0
5067,2575,0
5073,2557,0
5073,2540,0
5075,2537,0
5067,2535,0
5052,2544,0
5033,2569,0
5014,2606,0
4996,2644,0
4980,2683,0
4976,2718,0
4990,2742,0
5006,2753,0
5045,2759,0
5079,2745,0
5124,2726,0
5163,2700,0
5197,2668,0
5231,2635,0
5256,2601,0
5272,2567,0
5284,2543,0
5288,2538,0
5291,2538,0
5291,2540,0
5290,2557,0
5289,2583,0
5289,2616,0
5286,2653,0
5289,2678,0
5296,2690,0
5304,2692,0
5320,2689,0
5339,2673,0
5366,2644,0
5391,2607,0
5418,2583,0
5446,2573,0
5467,2576,0
5484,2594,0
5505,2632,0
5525,2671,0
5561,2702,1
5849,2475,0
5857,2476,0
5849,2475,0
5858,2480,0
5853,2491,0
5859,2525,0
5854,2572,0
5859,2631,0
5863,2693,0
5870,2758,0
5877,2796,0
5881,2813,0
5890,2812,1
5813,2634,0
5802,2630,0
5799,2626,0
5808,2627,0
5820,2619,0
5844,2609,0
5873,2596,0
5900,2587,0
5922,2578,0
5945,2576,0
5954,2579,0
5960,2593,0
5950,2620,0
5950,2656,0
5940,2692,0
5945,2718,0
5956,2731,0
5970,2731,0
5983,2722,0
5993,2704,0
5996,2683,0
5994,2657,0
6003,2632,0
5996,2610,0
5983,2601,0
5983,2601,0
5986,2601,0
5989,2606,0
5998,2606,0
6040,2601,0
6074,2586,0
6125,2573,0
6157,2552,1
6319,2477,0
6316,2482,0
6324,2504,0
6316,2533,0
6314,2584,0
6305,2642,0
6304,2691,0
6309,2733,0
6314,2760,0
6319,2777,0
6318,2780,0
6323,2778,0
6318,2762,1
6270,2668,0
6277,2673,0
6283,2678,0
6297,2685,0
6313,2689,0
6335,2690,0
6363,2689,0
6389,2688,0
6416,2686,0
6433,2679,0
6454,2672,0
6473,2659,0
6486,2642,0
6498,2624,0
6503,2603,0
6504,2591,0
6493,2586,0
6476,2586,0
6456,2593,0
6431,2606,0
6416,2620,0
6396,2644,0
6379,2664,0
6374,2693,0
6372,2713,0
6377,2732,0
6396,2745,0
6418,2756,0
6441,2756,0
6489,2748,0
6519,2741,0
6550,2722,0
6577,2702,0
6606,2675,0
6629,2654,0
6654,2627,0
6681,2596,0
6696,2562,0
6715,2528,0
6719,2497,0
6721,2482,0
6717,2470,0
6705,2468,0
6691,2469,0
6679,2478,0
6671,2487,0
6670,2500,0
6667,2508,0
6669,2514,0
6664,2515,0
6667,2517,0
6667,2516,0
6667,2519,0
6667,2519,0
6669,2522,0
6669,2522,0
6671,2527,0
6668,2536,0
6664,2555,0
6660,2575,0
6659,2607,0
6655,2635,0
6653,2660,0
6658,2688,0
6656,2711,0
6658,2736,0
6656,2760,0
6658,2784,0
6668,2799,0
6678,2806,0
6693,2812,0
6708,2811,0
6722,2807,0
6741,2796,0
6758,2777,0
6783,2750,0
6799,2717,0
6815,2680,0
6823,2649,0
6837,2609,0
6848,2572,0
6853,2538,0
6859,2515,0
6856,2498,0
6848,2497,0
6833,2502,0
6815,2525,0
6798,2557,0
6785,2607,0
6780,2659,0
6784,2710,0
6799,2754,0
6831,2781,0
6893,2781,0
6971,2750,0
7035,2725,1