in the mud.
135
955,6387,0
953,6383,0
951,6395,0
948,6411,0
950,6451,0
941,6487,0
945,6531,0
1048,6520,0
1095,6529,0
1127,6540,0
1153,6551,0
1172,6563,0
1182,6575,0
1188,6571,0
1179,6555,0
1160,6519,1
974,6163,0
943,6167,0
940,6174,0
935,6178,0
944,6183,1
1552,6258,0
1574,6288,0
1580,6324,0
1582,6380,0
1575,6457,0
1578,6517,0
1573,6549,0
1566,6565,0
1561,6562,0
1558,6558,0
1551,6542,0
1552,6535,0
1558,6526,0
1581,6524,0
1607,6519,0
1623,6513,0
1641,6500,0
1660,6482,0
1674,6464,0
1680,6440,0
1686,6403,0
1693,6362,0
1703,6324,0
1713,6304,0
1719,6299,0
1727,6306,0
1739,6329,0
1745,6365,0
1757,6408,0
1773,6454,0
1793,6492,0
1816,6517,0
1843,6531,0
1871,6527,0
1902,6519,0
1923,6496,0
1945,6469,0
1946,6441,0
1937,6410,0
1925,6399,0
1920,6399,0
1917,6425,0
1920,6461,0
1928,6495,0
1939,6526,0
1951,6545,0
1968,6546,0
1990,6531,0
2015,6507,0
2041,6471,0
2063,6440,1
2263,6486,0
2263,6511,0
2263,6527,0
2265,6539,0
2265,6539,0
2270,6534,0
2274,6517,0
2278,6483,0
2287,6458,0
2294,6440,0
2299,6430,0
2299,6430,0
2307,6457,0
2315,6485,0
2323,6511,0
2332,6530,0
2338,6533,0
2348,6535,0
2357,6524,0
2369,6515,0
2379,6508,0
2392,6505,0
2412,6518,0
2426,6515,0
2441,6524,0
2447,6514,0
2459,6516,0
2464,6502,0
2469,6502,0
2470,6493,0
2484,6515,0
2495,6524,0
2512,6549,0
2521,6552,0
2531,6561,0
2536,6548,0
2546,6529,1
2664,6526,0
2685,6533,0
2695,6534,0
2700,6529,0
2695,6517,0
2688,6499,0
2656,6466,0
2650,6464,0
2651,6475,0
2656,6499,0
2667,6537,0
2678,6575,0
2763,6389,0
2762,6330,0
2751,6326,0
2758,6344,0
2753,6346,1
2881,6601,0
2891,6618,0
2896,6638,0
2892,6643,0
2894,6642,0
2888,6640,0
2883,6629,0
2856,6583,0
2823,6484,1