and followed up. Beating Sinclair and
714
859,3153,0
832,3170,0
807,3197,0
785,3223,0
770,3253,0
768,3265,0
776,3270,0
790,3267,0
811,3253,0
837,3231,0
866,3205,0
891,3179,0
906,3160,0
909,3156,0
908,3152,0
906,3160,0
894,3175,0
880,3206,0
874,3226,0
876,3242,0
888,3255,0
906,3252,0
932,3241,0
964,3226,0
998,3199,0
1037,3176,0
1068,3153,0
1087,3144,0
1094,3144,0
1100,3156,0
1102,3181,0
1101,3205,0
1094,3225,0
1083,3245,0
1073,3257,0
1068,3261,0
1068,3261,0
1066,3257,0
1068,3241,0
1072,3213,0
1088,3185,0
1109,3148,0
1132,3120,0
1152,3107,0
1167,3112,0
1177,3115,0
1187,3130,0
1194,3151,0
1195,3166,0
1193,3178,0
1187,3195,0
1182,3203,0
1186,3206,1
1326,3086,0
1208,3150,0
1189,3175,0
1189,3190,0
1198,3199,0
1212,3197,0
1237,3189,0
1274,3170,0
1303,3140,0
1349,3047,0
1307,3148,0
1312,3160,0
1324,3175,0
1343,3185,0
1355,3180,0
1370,3179,1
1794,3049,1
1826,2975,0
1841,2951,0
1846,2928,0
1845,2920,0
1842,2921,0
1836,2922,0
1824,2938,0
1806,2972,0
1782,3019,0
1758,3083,0
1736,3141,0
1718,3182,0
1708,3216,0
1696,3240,0
1689,3253,0
1689,3253,0
1690,3252,0
1689,3245,0
1688,3221,0
1686,3189,1
1699,3124,0
1720,3107,0
1756,3083,0
1804,3055,0
1853,3034,0
1891,3015,0
1908,3010,0
1911,3013,0
1903,3020,0
1879,3052,0
1847,3086,0
1821,3117,0
1807,3141,0
1808,3148,0
1816,3151,0
1830,3144,0
1853,3129,0
1877,3103,0
1894,3073,0
1901,3054,0
1900,3042,0
1893,3031,0
1886,3016,0
1889,3007,1
2046,2958,0
2045,2958,0
2041,2964,0
2030,2997,0
2007,3042,0
1985,3091,0
1970,3125,0
1962,3140,0
1962,3144,0
1966,3148,0
1969,3139,0
1980,3114,0
1999,3079,1
2106,2958,0
2100,2972,0
2089,3006,0
2075,3045,0
2060,3084,0
2053,3116,0
2049,3129,0
2054,3141,1
2180,3011,0
2178,3007,0
2174,3013,0
2157,3037,0
2130,3076,0
2104,3124,0
2084,3156,0
2082,3170,0
2094,3174,0
2114,3163,0
2139,3133,0
2174,3104,0
2198,3068,0
2213,3046,0
2214,3033,0
2208,3025,0
2203,3024,1
2301,2992,0
2299,2992,0
2296,2999,0
2285,3029,0
2267,3063,0
2253,3094,0
2246,3110,0
2251,3117,0
2257,3114,0
2268,3105,0
2282,3083,0
2301,3053,0
2324,3025,0
2335,3003,0
2342,3005,0
2338,3006,0
2332,3030,0
2329,3063,0
2328,3081,0
2335,3095,0
2347,3103,0
2363,3095,0
2388,3081,0
2410,3053,0
2429,3031,0
2438,3013,0
2440,3003,0
2436,2992,0
2437,2987,1
2483,3013,0
2471,3024,0
2470,3033,0
2476,3035,0
2489,3033,0
2506,3025,0
2526,3011,0
2542,2993,0
2555,2977,0
2560,2965,0
2560,2961,0
2552,2965,0
2530,2981,0
2504,3012,0
2478,3038,0
2466,3062,0
2471,3076,0
2487,3083,0
2507,3073,0
2540,3057,0
2572,3023,0
2608,2994,0
2631,2967,0
2641,2953,0
2639,2950,0
2630,2950,0
2615,2972,0
2589,3000,0
2567,3029,0
2555,3049,0
2554,3054,0
2563,3054,0
2584,3038,0
2617,3007,0
2658,2976,0
2693,2942,0
2719,2912,0
2728,2889,0
2727,2884,0
2720,2888,0
2698,2910,0
2672,2935,0
2656,2963,0
2647,2995,0
2646,3023,1
2948,2971,0
2946,2982,0
2934,3013,0
2919,3042,0
2914,3065,0
2914,3074,0
2924,3082,0
2931,3077,0
2947,3063,0
2970,3038,0
2995,3008,0
3022,2984,0
3042,2970,0
3045,2967,0
3045,2978,0
3039,3006,0
3028,3039,0
3017,3069,0
3011,3088,0
3007,3091,0
3010,3089,0
3023,3081,0
3041,3054,0
3065,3023,0
3089,2996,0
3106,2983,0
3109,2982,0
3108,2992,0
3101,3026,0
3084,3067,0
3063,3115,0
3040,3160,0
3021,3192,0
3013,3206,0
3013,3206,0
3011,3203,0
3013,3186,0
3024,3146,0
3042,3091,0
3063,3033,0
3087,2988,0
3103,2956,0
3114,2938,0
3124,2931,0
3138,2936,0
3153,2944,0
3165,2955,0
3175,2967,0
3182,2982,0
3176,2996,0
3165,3015,0
3144,3026,0
3117,3030,0
3099,3038,0
3081,3035,0
3070,3029,0
3066,3017,1
3228,3053,0
3218,3051,0
3218,3051,0
3216,3052,0
3215,3052,0
3214,3054,0
3211,3051,0
3210,3052,0
3214,3054,1
3510,2869,0
3504,2864,0
3503,2869,0
3498,2890,0
3491,2923,0
3483,2957,0
3473,2985,0
3468,3011,0
3469,3026,0
3468,3027,0
3466,3023,0
3468,3021,0
3472,3008,1
3485,2864,0
3477,2856,0
3474,2852,0
3475,2852,0
3480,2852,0
3494,2845,0
3525,2839,0
3566,2838,0
3594,2840,0
3612,2851,0
3619,2866,0
3607,2883,0
3590,2903,0
3573,2919,0
3557,2934,0
3541,2937,0
3537,2941,0
3537,2941,0
3548,2947,0
3563,2955,0
3586,2967,0
3609,2977,0
3633,2994,0
3644,3012,0
3647,3030,0
3636,3045,0
3617,3057,0
3593,3067,0
3564,3076,0
3537,3090,0
3518,3089,0
3507,3088,0
3498,3084,1
3718,2998,0
3720,3001,0
3725,3001,0
3742,3004,0
3758,2993,0
3778,2975,0
3805,2953,0
3825,2929,0
3837,2905,0
3843,2893,0
3841,2890,0
3834,2891,0
3815,2899,0
3792,2928,0
3764,2966,0
3744,3007,0
3744,3045,0
3754,3067,0
3777,3080,0
3805,3080,0
3841,3064,1
3982,2910,0
3981,2905,0
3981,2906,0
3975,2906,0
3959,2924,0
3932,2962,0
3899,3001,0
3883,3033,0
3877,3045,0
3886,3053,0
3899,3051,0
3920,3036,0
3947,3008,0
3980,2976,0
4003,2946,0
4005,2933,0
4004,2934,0
4001,2936,0
3988,2956,0
3974,2988,0
3957,3021,0
3947,3048,0
3950,3069,0
3956,3074,0
3969,3074,1
4172,2825,0
4161,2825,0
4150,2839,0
4137,2871,0
4119,2909,0
4105,2948,0
4091,2987,0
4084,3018,0
4077,3032,0
4080,3040,0
4080,3040,0
4076,3033,0
4073,3017,1
4047,2981,0
4046,2982,0
4048,2980,0
4061,2979,0
4083,2972,0
4122,2960,0
4162,2939,0
4196,2920,0
4213,2913,0
4214,2912,0
4214,2912,0
4213,2918,0
4205,2945,0
4188,2970,0
4180,2991,0
4174,3004,0
4173,3005,0
4174,3004,0
4174,2992,0
4177,2970,1
4229,2808,0
4222,2801,0
4222,2801,0
4226,2803,0
4227,2809,0
4236,2825,0
4246,2842,0
4254,2864,1
4298,2900,0
4292,2900,0
4284,2915,0
4267,2942,0
4248,2964,0
4237,2982,0
4225,2996,0
4223,3003,0
4219,3001,0
4224,3002,0
4228,2992,0
4251,2972,0
4283,2948,0
4312,2925,0
4337,2916,0
4343,2914,0
4350,2919,0
4354,2926,0
4356,2942,0
4357,2965,0
4352,2984,0
4347,2996,0
4345,3010,0
4345,3022,0
4352,3027,1
4504,2920,0
4502,2909,0
4499,2907,0
4488,2908,0
4462,2921,0
4437,2939,0
4421,2958,0
4415,2972,0
4411,2976,0
4418,2981,0
4422,2982,0
4435,2974,0
4455,2960,0
4468,2946,0
4467,2946,0
4471,2948,0
4463,2958,0
4449,2981,0
4430,3009,0
4410,3040,0
4386,3066,0
4369,3091,0
4357,3105,0
4350,3113,0
4345,3119,0
4338,3120,0
4330,3118,0
4327,3115,0
4322,3109,0
4323,3095,0
4321,3067,0
4332,3037,1
4990,2755,0
4983,2745,0
4975,2741,0
4964,2744,0
4946,2757,0
4926,2779,0
4912,2807,0
4899,2826,0
4909,2853,0
4911,2871,0
4934,2895,0
4951,2911,0
4975,2927,0
4976,2931,0
4978,2943,0
4964,2955,0
4949,2970,0
4925,2982,0
4895,2989,0
4867,2994,0
4851,2994,0
4845,2989,0
4844,2970,0
4857,2941,0
4879,2915,1
5071,2851,0
5057,2863,0
5045,2890,0
5033,2920,0
5018,2942,0
5012,2958,0
5009,2968,0
5004,2974,1
5067,2777,0
5064,2774,0
5061,2772,0
5059,2773,0
5065,2780,1
5140,2862,0
5123,2873,0
5110,2899,0
5101,2922,0
5087,2934,0
5077,2941,0
5069,2944,0
5073,2946,0
5067,2941,0
5083,2932,0
5101,2907,0
5125,2877,0
5152,2859,0
5165,2854,0
5170,2860,0
5169,2869,0
5174,2890,0
5166,2910,0
5161,2932,0
5152,2945,0
5159,2949,1
5383,2840,0
5380,2837,0
5372,2834,0
5361,2836,0
5346,2846,0
5330,2872,0
5306,2902,0
5295,2932,0
5290,2947,0
5298,2957,0
5310,2961,0
5323,2957,0
5341,2943,0
5370,2921,0
5405,2887,0
5445,2837,0
5479,2789,0
5497,2751,0
5510,2730,0
5512,2718,0
5513,2716,0
5513,2716,0
5512,2718,0
5496,2737,0
5470,2789,0
5446,2852,0
5422,2897,0
5414,2925,0
5418,2942,0
5433,2948,0
5453,2946,0
5486,2932,0
5529,2907,1
5655,2799,0
5639,2800,0
5629,2811,0
5607,2832,0
5579,2856,0
5552,2878,0
5545,2897,0
5545,2906,0
5550,2912,0
5559,2912,0
5573,2904,0
5598,2886,0
5624,2859,0
5645,2831,0
5654,2815,0
5651,2812,0
5646,2813,0
5634,2827,0
5611,2856,0
5593,2878,0
5588,2895,0
5590,2907,0
5600,2914,0
5611,2912,0
5631,2902,0
5663,2886,0
5692,2861,0
5718,2840,0
5733,2823,0
5733,2823,0
5733,2823,0
5729,2829,0
5714,2855,0
5697,2876,0
5694,2890,0
5691,2895,0
5694,2896,1
5764,2742,0
5760,2733,0
5764,2733,0
5761,2732,0
5767,2737,1
5832,2801,0
5825,2805,0
5817,2820,0
5800,2841,0
5786,2859,0
5773,2873,0
5762,2883,0
5758,2892,0
5757,2893,0
5761,2895,0
5758,2892,0
5763,2890,0
5779,2871,0
5803,2844,0
5831,2819,0
5858,2796,0
5879,2774,1
6182,2790,0
6197,2771,0
6201,2761,0
6206,2762,0
6202,2760,0
6185,2776,0
6156,2806,0
6134,2848,0
6125,2883,0
6125,2900,0
6135,2907,0
6145,2905,0
6161,2892,0
6187,2867,0
6215,2832,0
6240,2801,0
6247,2787,0
6247,2788,0
6243,2794,0
6227,2818,0
6215,2847,0
6205,2878,0
6202,2900,0
6208,2912,0
6220,2916,0
6238,2908,0
6261,2889,0
6285,2863,0
6312,2834,0
6329,2811,0
6334,2801,0
6334,2803,0
6336,2806,0
6323,2832,0
6315,2865,0
6305,2883,0
6299,2895,0
6298,2897,0
6298,2897,0
6296,2893,0
6302,2872,0
6312,2844,0
6331,2808,0
6354,2779,0
6375,2765,0
6387,2766,0
6396,2774,0
6398,2789,0
6400,2821,0
6396,2854,0
6386,2875,0
6389,2888,0
6406,2897,1
6535,2781,0
6522,2773,0
6516,2776,0
6484,2786,0
6456,2816,0
6418,2847,0
6415,2871,0
6416,2878,0
6427,2883,0
6448,2885,0
6475,2868,0
6512,2847,0
6547,2813,0
6580,2772,0
6613,2730,0
6635,2701,0
6634,2693,0
6634,2693,0
6628,2697,0
6606,2714,0
6587,2745,0
6564,2786,0
6541,2832,0
6531,2871,0
6531,2898,0
6539,2918,0
6543,2929,0
6548,2946,1