playing for Northampton at
667
554,2322,0
550,2333,0
545,2369,0
543,2418,0
542,2467,0
547,2538,0
557,2598,0
568,2637,0
575,2675,0
576,2712,0
575,2731,0
572,2740,0
568,2734,1
443,2450,0
431,2430,0
423,2411,0
425,2386,0
438,2361,0
463,2339,0
499,2320,0
540,2310,0
578,2307,0
614,2315,0
645,2329,0
671,2351,0
688,2378,0
694,2408,0
691,2432,0
678,2454,0
659,2470,0
637,2483,0
610,2486,0
581,2484,0
553,2482,1
752,2166,0
753,2174,0
755,2203,0
761,2253,0
767,2298,0
775,2347,0
784,2393,0
790,2434,0
796,2475,1
936,2308,0
934,2287,0
925,2275,0
912,2274,0
892,2281,0
870,2302,0
846,2336,0
825,2374,0
813,2417,0
813,2453,0
822,2470,0
838,2477,0
861,2475,0
887,2465,0
907,2438,0
921,2407,0
926,2371,0
928,2340,0
930,2311,0
934,2300,0
934,2296,0
937,2309,0
943,2340,0
952,2381,0
959,2414,0
970,2442,0
983,2459,0
996,2459,0
1011,2456,1
1014,2288,0
1012,2287,0
1011,2296,0
1015,2328,0
1023,2364,0
1033,2400,0
1045,2432,0
1057,2449,0
1068,2453,0
1081,2452,0
1091,2429,0
1105,2400,1
1130,2321,0
1137,2288,0
1138,2276,0
1138,2280,0
1135,2304,0
1131,2356,0
1124,2420,0
1114,2488,0
1107,2560,0
1103,2625,0
1108,2685,0
1104,2713,0
1105,2733,0
1108,2733,0
1112,2712,0
1114,2680,1
1257,2241,0
1261,2249,0
1281,2259,0
1278,2299,0
1269,2352,1
1260,2185,0
1257,2165,0
1255,2162,0
1260,2157,0
1264,2164,1
1339,2309,0
1334,2366,0
1336,2402,0
1345,2441,0
1354,2468,0
1362,2483,0
1365,2487,0
1363,2487,0
1360,2480,0
1353,2465,0
1344,2437,0
1338,2398,0
1339,2353,0
1365,2306,0
1370,2277,0
1395,2249,0
1423,2241,0
1444,2241,0
1463,2266,0
1477,2304,0
1485,2352,0
1489,2396,0
1492,2435,0
1495,2463,1
1663,2315,0
1661,2299,0
1655,2292,0
1643,2292,0
1623,2293,0
1604,2314,0
1585,2351,0
1566,2392,0
1561,2438,0
1565,2466,0
1574,2476,0
1596,2484,0
1618,2475,0
1643,2457,0
1666,2434,0
1678,2398,0
1684,2363,0
1686,2338,0
1681,2322,0
1684,2326,0
1683,2326,0
1684,2338,0
1689,2366,0
1697,2401,0
1710,2447,0
1723,2490,0
1742,2542,0
1754,2593,0
1759,2641,0
1754,2684,0
1735,2718,0
1710,2749,0
1675,2770,0
1638,2786,0
1598,2786,0
1564,2784,0
1531,2765,0
1505,2745,0
1488,2732,0
1471,2719,0
1458,2717,1
2174,2408,0
2178,2393,0
2188,2365,0
2208,2333,0
2226,2291,0
2246,2248,0
2260,2204,0
2273,2159,0
2280,2123,0
2280,2094,0
2273,2079,0
2269,2077,0
2263,2081,0
2256,2094,0
2251,2130,0
2247,2179,0
2239,2234,0
2241,2297,0
2239,2357,0
2246,2425,0
2248,2487,0
2252,2552,0
2249,2607,0
2246,2656,0
2240,2691,0
2234,2703,0
2232,2703,0
2223,2681,0
2207,2649,1
2143,2480,0
2138,2473,0
2141,2472,0
2142,2467,0
2149,2455,0
2166,2443,0
2185,2429,0
2208,2417,0
2228,2403,0
2248,2393,0
2262,2376,0
2273,2361,1
2355,2254,0
2339,2254,0
2323,2259,0
2309,2277,0
2293,2304,0
2282,2338,0
2278,2381,0
2278,2427,0
2283,2460,0
2297,2480,0
2318,2487,0
2350,2484,0
2383,2465,0
2411,2435,0
2431,2400,0
2445,2367,0
2455,2338,0
2453,2311,0
2451,2297,0
2447,2286,0
2443,2275,0
2443,2265,0
2446,2253,0
2456,2241,0
2476,2239,1
2538,2269,0
2549,2300,0
2556,2338,0
2557,2371,0
2558,2400,0
2563,2420,0
2569,2432,0
2573,2433,0
2576,2432,0
2576,2426,0
2575,2412,0
2571,2387,0
2561,2355,0
2552,2326,0
2547,2306,0
2540,2292,0
2543,2285,0
2541,2281,0
2545,2278,0
2558,2274,0
2583,2272,0
2618,2271,0
2653,2270,0
2684,2271,1
3149,2172,0
3145,2195,0
3137,2225,0
3138,2264,0
3132,2303,0
3128,2345,0
3128,2394,0
3126,2444,0
3117,2490,0
3110,2528,0
3105,2553,0
3095,2561,0
3091,2560,1
3103,2152,0
3108,2152,0
3107,2153,0
3120,2169,0
3136,2198,0
3156,2241,0
3177,2292,0
3194,2347,0
3214,2408,0
3230,2458,0
3238,2494,0
3249,2522,0
3259,2540,0
3263,2548,0
3267,2550,0
3264,2546,0
3266,2545,0
3267,2538,0
3261,2511,0
3259,2473,0
3257,2415,0
3262,2350,0
3269,2284,0
3275,2226,0
3281,2184,0
3284,2157,0
3287,2142,0
3291,2138,0
3292,2137,0
3293,2136,0
3296,2138,0
3296,2144,0
3304,2159,1
3402,2283,0
3377,2292,0
3353,2312,0
3334,2343,0
3317,2379,0
3309,2421,0
3303,2459,0
3308,2495,0
3316,2514,0
3334,2525,0
3354,2527,0
3376,2522,0
3404,2512,0
3426,2491,0
3441,2463,0
3455,2432,0
3455,2397,0
3448,2369,0
3438,2350,0
3433,2338,0
3429,2330,1
3543,2317,0
3546,2320,0
3551,2333,0
3557,2355,0
3564,2391,0
3570,2426,0
3576,2461,0
3576,2483,0
3574,2498,0
3573,2504,0
3576,2507,0
3573,2505,0
3571,2502,0
3573,2499,0
3573,2481,0
3565,2449,0
3565,2420,0
3555,2388,0
3551,2369,0
3547,2355,0
3547,2350,0
3547,2348,0
3548,2347,0
3556,2345,0
3577,2345,0
3595,2342,0
3619,2340,0
3642,2337,0
3660,2328,1
3766,2182,0
3762,2187,0
3769,2211,0
3773,2245,0
3777,2285,0
3790,2333,0
3798,2382,0
3802,2427,0
3811,2466,0
3806,2490,0
3807,2507,0
3807,2514,0
3806,2515,1
3712,2421,0
3713,2420,0
3721,2417,0
3741,2412,0
3762,2399,0
3788,2380,0
3813,2355,0
3842,2332,0
3856,2301,1
3881,2235,0
3895,2203,0
3918,2177,0
3927,2151,0
3939,2133,0
3940,2124,0
3944,2125,0
3947,2128,0
3945,2137,0
3952,2163,0
3960,2201,0
3973,2252,0
3979,2304,0
3982,2353,0
3980,2396,0
3976,2434,0
3974,2462,0
3973,2482,0
3974,2494,0
3973,2495,0
3974,2494,0
3974,2487,0
3968,2463,0
3961,2427,0
3964,2391,0
3968,2353,0
3981,2322,0
4000,2296,0
4023,2277,0
4046,2267,0
4068,2268,0
4092,2284,0
4106,2312,0
4125,2355,0
4138,2400,0
4143,2438,0
4145,2470,0
4145,2495,0
4147,2514,0
4147,2519,1
4289,2322,0
4290,2306,0
4290,2293,0
4290,2285,0
4285,2278,0
4268,2273,0
4251,2277,0
4227,2294,0
4198,2321,0
4179,2361,0
4169,2403,0
4166,2442,0
4175,2475,0
4193,2498,0
4215,2509,0
4240,2509,0
4268,2498,0
4289,2476,0
4304,2448,0
4320,2418,0
4329,2385,0
4333,2350,0
4344,2326,0
4343,2314,0
4346,2316,0
4350,2324,0
4348,2350,0
4345,2388,0
4348,2434,0
4349,2467,0
4357,2491,0
4371,2506,0
4383,2509,0
4404,2507,0
4422,2489,0
4441,2461,0
4447,2417,0
4454,2377,0
4454,2341,0
4457,2321,0
4456,2316,0
4459,2318,0
4460,2330,0
4462,2358,0
4470,2397,0
4473,2434,0
4483,2470,0
4485,2495,0
4492,2514,0
4492,2520,0
4493,2519,0
4495,2516,0
4496,2501,0
4497,2472,0
4493,2433,0
4503,2398,0
4507,2362,0
4518,2336,0
4526,2324,0
4538,2328,0
4548,2341,0
4560,2367,0
4571,2402,0
4584,2441,0
4591,2473,0
4593,2493,0
4600,2504,0
4601,2504,0
4601,2502,0
4606,2489,0
4614,2461,0
4630,2422,0
4638,2377,0
4647,2340,0
4660,2318,0
4669,2313,0
4673,2321,0
4686,2346,0
4700,2386,0
4712,2433,0
4727,2478,1
4843,2332,0
4843,2332,0
4844,2338,0
4848,2364,0
4852,2403,0
4857,2449,0
4867,2503,0
4869,2554,0
4874,2606,0
4873,2650,0
4873,2687,0
4871,2711,0
4869,2720,1
4798,2362,0
4797,2331,0
4806,2301,0
4828,2276,0
4864,2261,0
4907,2258,0
4945,2264,0
4989,2285,0
5026,2318,0
5050,2356,0
5064,2397,0
5065,2435,0
5053,2464,0
5036,2485,0
5004,2499,0
4976,2509,0
4943,2509,0
4911,2500,0
4893,2482,0
4887,2455,0
4894,2420,1
5159,2126,0
5158,2137,0
5156,2160,0
5159,2200,0
5167,2247,0
5183,2295,0
5188,2336,0
5195,2374,0
5204,2408,0
5202,2435,0
5202,2461,0
5205,2480,0
5203,2492,1
5086,2358,0
5089,2359,0
5096,2357,0
5119,2355,0
5154,2356,1
5393,2349,0
5393,2349,0
5392,2350,0
5388,2350,0
5378,2362,0
5354,2381,0
5339,2410,0
5322,2443,0
5313,2474,0
5325,2497,0
5344,2509,0
5381,2516,0
5427,2517,0
5466,2502,0
5509,2489,0
5542,2470,0
5564,2446,0
5568,2419,0
5574,2398,0
5569,2383,0
5559,2375,0
5536,2367,0
5509,2367,0
5479,2373,0
5453,2383,1
5589,2350,0
5593,2360,0
5588,2379,0
5595,2410,0
5601,2442,0
5608,2473,0
5622,2499,0
5629,2519,0
5634,2528,0
5636,2531,0
5638,2530,0
5634,2526,0
5633,2512,0
5631,2488,0
5631,2454,0
5635,2418,0
5642,2386,0
5655,2360,0
5672,2342,0
5698,2334,0
5721,2332,0
5743,2342,0
5770,2369,0
5792,2407,0
5809,2446,0
5820,2478,0
5831,2502,0
5836,2519,0
5841,2526,1
6350,2405,0
6357,2389,0
6358,2366,0
6356,2347,0
6349,2333,0
6340,2326,0
6314,2323,0
6282,2328,0
6244,2347,0
6206,2375,0
6173,2410,0
6161,2446,0
6168,2470,0
6184,2484,0
6211,2492,0
6242,2491,0
6276,2482,0
6311,2465,0
6331,2438,0
6348,2408,0
6364,2382,0
6370,2366,0
6372,2363,0
6375,2366,0
6377,2382,0
6377,2411,0
6383,2449,0
6388,2478,0
6401,2497,0
6411,2505,0
6420,2504,0
6435,2491,0
6446,2464,1
6489,2254,0
6486,2227,0
6488,2213,0
6481,2205,0
6481,2205,0
6481,2218,0
6475,2246,0
6472,2285,0
6479,2333,0
6490,2381,0
6508,2430,0
6524,2467,0
6530,2493,0
6534,2514,0
6531,2521,0
6515,2515,1
6431,2438,0
6414,2428,0
6405,2419,0
6415,2416,0
6433,2403,0
6465,2388,0
6508,2379,0
6540,2374,1