who complained that he
559
854,2164,0
851,2172,0
849,2183,0
844,2207,0
839,2235,0
834,2266,0
827,2298,0
820,2325,0
815,2349,0
815,2369,0
819,2377,0
824,2378,0
834,2367,0
849,2337,0
864,2302,0
880,2259,0
897,2224,0
908,2198,0
913,2194,0
916,2195,0
919,2210,0
920,2251,0
922,2291,0
931,2328,0
943,2357,0
959,2377,0
979,2391,0
1003,2392,0
1031,2380,0
1057,2357,0
1083,2321,0
1105,2277,0
1119,2224,0
1126,2172,0
1124,2124,0
1119,2084,0
1115,2057,0
1116,2041,0
1122,2032,0
1133,2028,0
1136,2029,1
1182,2318,0
1192,2301,0
1212,2277,0
1233,2243,0
1257,2205,0
1277,2155,0
1298,2104,0
1315,2046,0
1327,1996,0
1329,1956,0
1324,1940,0
1313,1941,0
1299,1964,0
1276,2006,0
1253,2060,0
1234,2123,0
1216,2176,0
1208,2225,0
1204,2253,0
1204,2269,0
1215,2277,0
1233,2271,0
1263,2248,0
1298,2213,0
1335,2176,0
1363,2157,0
1377,2159,0
1383,2174,0
1387,2205,0
1387,2238,0
1390,2270,0
1395,2293,0
1404,2309,1
1522,2164,0
1521,2164,0
1521,2164,0
1523,2176,0
1520,2202,0
1518,2239,0
1517,2268,0
1522,2291,0
1529,2302,0
1539,2308,0
1547,2302,0
1562,2286,0
1580,2258,0
1597,2217,0
1608,2172,0
1607,2135,0
1596,2113,0
1584,2108,0
1567,2117,0
1540,2144,0
1515,2190,1
1964,2100,0
1965,2095,0
1959,2094,0
1966,2104,0
1960,2101,0
1949,2111,0
1925,2126,0
1894,2143,0
1857,2167,0
1826,2192,0
1804,2224,0
1798,2265,0
1792,2288,0
1792,2297,0
1807,2304,0
1833,2303,0
1878,2292,0
1918,2268,0
1962,2249,0
2009,2229,0
2046,2207,0
2074,2190,0
2089,2178,0
2091,2177,0
2094,2184,0
2086,2202,0
2070,2227,0
2059,2258,0
2046,2287,0
2036,2318,0
2031,2338,0
2037,2352,0
2048,2356,0
2067,2352,0
2094,2335,0
2124,2312,0
2151,2277,0
2166,2237,0
2172,2202,0
2170,2171,0
2159,2146,0
2146,2130,0
2125,2119,0
2107,2118,0
2092,2127,0
2082,2141,0
2085,2162,0
2096,2174,0
2113,2178,0
2145,2181,0
2184,2173,0
2230,2161,0
2278,2147,0
2326,2136,0
2360,2128,0
2380,2124,0
2394,2130,0
2399,2140,0
2393,2159,0
2386,2187,0
2373,2215,0
2358,2244,0
2345,2265,0
2338,2279,0
2342,2285,0
2345,2284,0
2357,2272,0
2381,2248,0
2433,2186,0
2456,2159,0
2475,2146,0
2488,2142,0
2501,2147,0
2510,2161,0
2509,2176,0
2515,2201,0
2514,2222,0
2514,2236,0
2515,2245,0
2548,2241,0
2566,2229,0
2585,2216,0
2603,2202,0
2625,2190,0
2644,2181,0
2657,2171,0
2668,2167,0
2674,2168,0
2681,2172,0
2686,2178,0
2690,2186,0
2695,2196,0
2698,2209,0
2701,2223,0
2700,2234,0
2705,2244,0
2709,2252,0
2714,2258,0
2721,2262,0
2730,2266,0
2733,2263,0
2745,2263,0
2757,2255,0
2770,2239,0
2791,2222,0
2808,2202,0
2827,2181,0
2841,2158,0
2859,2136,0
2871,2114,0
2884,2102,0
2890,2096,0
2888,2093,0
2890,2096,0
2889,2108,0
2888,2137,0
2885,2172,0
2874,2214,0
2861,2267,0
2842,2326,0
2821,2383,0
2803,2436,0
2794,2483,0
2787,2513,0
2784,2526,0
2784,2526,0
2786,2519,0
2797,2486,0
2897,2258,0
2921,2210,0
2943,2174,0
2958,2149,0
2963,2137,0
2969,2137,0
2974,2144,0
2977,2164,0
2987,2192,0
3000,2218,0
3011,2235,0
3028,2246,0
3054,2251,0
3079,2236,0
3119,2215,0
3160,2183,0
3192,2145,0
3221,2107,0
3246,2074,0
3253,2041,0
3255,2014,0
3249,1997,0
3238,1991,0
3214,1994,0
3189,2018,0
3155,2056,0
3124,2101,0
3103,2152,0
3091,2198,0
3091,2236,0
3102,2265,0
3129,2282,0
3165,2287,0
3208,2279,0
3257,2257,1
3410,2153,0
3413,2137,0
3410,2129,0
3407,2126,0
3394,2128,0
3366,2143,0
3339,2173,0
3315,2207,0
3293,2236,0
3286,2262,0
3283,2276,0
3295,2287,0
3313,2285,0
3344,2270,0
3375,2242,0
3406,2207,0
3427,2170,0
3444,2143,0
3452,2128,0
3450,2124,0
3450,2124,0
3442,2134,0
3427,2164,0
3412,2199,0
3395,2232,0
3392,2264,0
3395,2285,0
3410,2299,0
3431,2299,0
3466,2289,0
3503,2265,0
3542,2239,0
3571,2210,0
3597,2184,0
3609,2162,0
3619,2150,0
3624,2150,0
3620,2149,0
3617,2166,0
3604,2195,0
3601,2224,0
3598,2246,0
3609,2263,0
3625,2270,0
3648,2267,0
3679,2254,0
3710,2235,0
3742,2213,0
3764,2183,0
3792,2160,0
3812,2145,0
3826,2140,0
3836,2140,0
3841,2146,0
3848,2165,0
3846,2188,0
3845,2209,0
3843,2227,0
3843,2239,0
3846,2248,0
3849,2251,0
3863,2251,0
3886,2241,0
3907,2220,0
3933,2197,0
3959,2174,0
3976,2157,0
3995,2150,0
4011,2147,0
4024,2149,0
4034,2157,0
4044,2169,0
4053,2186,0
4058,2199,0
4064,2212,0
4066,2222,0
4073,2234,0
4073,2243,0
4073,2248,0
4072,2244,1
3637,2060,0
3629,2057,0
3632,2060,0
3645,2069,0
3667,2079,1
4135,2265,0
4134,2266,0
4139,2265,0
4150,2263,0
4169,2256,0
4187,2244,0
4212,2229,0
4229,2209,0
4249,2186,0
4268,2164,0
4287,2142,0
4292,2117,0
4297,2102,0
4292,2092,0
4294,2091,0
4279,2092,0
4270,2114,0
4251,2145,0
4241,2185,0
4232,2219,0
4235,2251,0
4242,2270,0
4268,2282,0
4295,2276,0
4336,2265,1
4489,2193,0
4495,2174,0
4499,2160,0
4497,2147,0
4493,2137,0
4483,2132,0
4459,2134,0
4422,2147,0
4395,2171,0
4370,2195,0
4361,2219,0
4361,2241,0
4361,2256,0
4374,2265,0
4394,2264,0
4424,2253,0
4454,2228,0
4490,2199,0
4522,2161,0
4543,2115,0
4567,2072,0
4582,2036,0
4591,2012,0
4599,1995,0
4604,1985,0
4604,1984,0
4608,1986,0
4603,1996,0
4595,2029,0
4588,2068,0
4581,2105,0
4571,2140,0
4565,2173,0
4562,2201,0
4570,2227,0
4579,2246,0
4590,2257,0
4605,2265,0
4615,2263,0
4633,2256,1
4967,2027,0
4963,2027,0
4965,2038,0
4965,2067,0
4966,2111,0
4961,2158,0
4945,2206,0
4927,2255,0
4920,2302,0
4909,2337,0
4905,2361,0
4907,2374,0
4910,2375,1
4864,2204,0
4857,2200,0
4861,2201,0
4873,2213,0
4898,2227,0
4925,2234,0
4953,2233,0
4985,2222,0
5022,2204,0
5050,2176,0
5080,2143,0
5103,2098,0
5126,2046,0
5154,1995,0
5168,1953,0
5170,1927,0
5171,1918,0
5170,1918,0
5166,1930,0
5152,1969,0
5134,2030,0
5110,2101,0
5091,2175,0
5082,2246,0
5081,2299,0
5082,2330,0
5091,2349,0
5105,2347,0
5132,2330,0
5161,2292,0
5196,2242,0
5219,2205,0
5226,2200,0
5232,2205,0
5233,2231,0
5240,2270,0
5250,2296,0
5265,2309,0
5282,2310,0
5302,2299,0
5325,2280,1
5477,2135,0
5476,2128,0
5472,2125,0
5472,2127,0
5459,2146,0
5441,2186,0
5414,2224,0
5393,2258,0
5380,2284,0
5379,2297,0
5385,2300,0
5402,2294,0
5420,2277,0
5437,2250,0
5454,2215,0
5468,2185,0
5472,2177,0
5472,2176,0
5472,2186,0
5475,2218,0
5481,2251,0
5493,2273,0
5499,2280,0
5511,2280,0
5530,2268,0
5556,2243,0
5583,2212,0
5610,2170,1
5759,1934,0
5759,1933,0
5761,1940,0
5752,1973,0
5738,2023,0
5723,2078,0
5704,2124,0
5684,2173,0
5668,2227,0
5653,2268,0
5647,2301,0
5643,2318,1
5635,2213,0
5635,2213,0
5646,2217,0
5667,2221,0
5699,2227,0
5725,2226,0
5749,2224,0
5771,2221,1
5952,2287,0
5981,2268,0
6013,2245,0
6044,2215,0
6073,2174,1
6135,2082,0
6161,2034,0
6176,1993,0
6184,1960,0
6186,1941,0
6184,1935,0
6179,1936,0
6165,1955,0
6147,1991,0
6135,2036,0
6121,2084,0
6100,2127,0
6092,2170,0
6089,2210,0
6090,2239,0
6097,2251,0
6109,2257,0
6116,2248,0
6137,2229,0
6149,2200,0
6163,2176,0
6166,2167,0
6169,2170,0
6174,2178,0
6184,2198,0
6193,2219,0
6208,2237,0
6224,2249,0
6243,2256,0
6261,2255,0
6290,2247,0
6324,2226,0
6357,2197,0
6382,2163,0
6396,2127,0
6402,2098,0
6401,2089,0
6397,2087,0
6392,2102,0
6384,2133,0
6386,2165,0
6397,2190,0
6418,2215,0
6442,2231,1