seamen and they lost by two
528
1223,2649,0
1213,2641,0
1203,2634,0
1192,2630,0
1177,2627,0
1160,2631,0
1140,2644,0
1121,2661,0
1108,2676,0
1107,2692,0
1117,2709,0
1135,2724,0
1158,2743,0
1181,2759,0
1203,2778,0
1220,2797,0
1229,2804,0
1233,2816,0
1227,2825,0
1213,2833,0
1189,2842,0
1163,2847,0
1136,2844,0
1119,2844,0
1109,2840,1
1279,2741,0
1286,2741,0
1296,2736,0
1310,2731,0
1324,2721,0
1336,2707,0
1348,2698,0
1355,2685,0
1357,2678,0
1353,2673,0
1341,2675,0
1324,2685,0
1309,2706,0
1295,2728,0
1288,2753,0
1286,2777,0
1291,2800,0
1305,2819,0
1325,2825,0
1354,2826,0
1385,2819,1
1520,2699,0
1510,2692,0
1500,2694,0
1483,2685,0
1464,2688,0
1443,2695,0
1421,2709,0
1401,2729,0
1389,2754,0
1385,2774,0
1389,2799,0
1399,2813,0
1416,2823,0
1436,2820,0
1459,2813,0
1476,2799,0
1488,2781,0
1494,2755,0
1498,2735,0
1498,2719,0
1498,2711,0
1496,2711,0
1496,2711,0
1499,2726,0
1507,2750,0
1512,2769,0
1522,2791,0
1529,2806,0
1541,2817,1
1584,2739,0
1582,2740,0
1584,2752,0
1587,2768,0
1592,2787,0
1595,2807,0
1599,2826,0
1600,2835,0
1600,2835,0
1600,2830,0
1599,2810,0
1598,2782,0
1598,2758,0
1599,2737,0
1600,2720,0
1604,2711,0
1608,2711,0
1619,2720,0
1630,2734,0
1643,2756,0
1657,2774,0
1669,2783,0
1680,2784,0
1696,2782,0
1709,2765,0
1722,2750,0
1729,2740,0
1730,2740,0
1729,2740,0
1730,2748,0
1734,2767,0
1736,2784,0
1743,2806,0
1751,2821,0
1757,2828,0
1768,2833,0
1780,2834,1
1823,2797,0
1824,2797,0
1834,2803,0
1852,2811,0
1872,2808,0
1894,2806,0
1914,2803,0
1926,2791,0
1934,2781,0
1942,2774,0
1944,2760,0
1939,2749,0
1923,2742,0
1902,2741,0
1879,2743,0
1857,2750,0
1845,2767,0
1836,2777,0
1836,2798,0
1845,2820,0
1859,2837,0
1879,2844,0
1910,2852,0
1938,2846,0
1964,2838,1
1983,2760,0
1981,2765,0
1982,2777,0
1988,2796,0
1994,2820,0
1994,2832,0
1998,2844,0
2000,2847,0
2002,2847,0
2003,2833,0
2007,2815,0
2010,2789,0
2021,2767,0
2034,2746,0
2048,2732,0
2067,2729,0
2085,2726,0
2107,2739,0
2125,2758,0
2134,2776,0
2143,2798,0
2149,2817,0
2152,2825,0
2154,2828,0
2159,2821,1
2599,2746,0
2589,2738,0
2577,2731,0
2560,2723,0
2540,2720,0
2512,2719,0
2483,2725,0
2453,2736,0
2433,2757,0
2422,2775,0
2420,2794,0
2427,2813,0
2442,2832,0
2462,2849,0
2484,2856,0
2502,2851,0
2519,2837,0
2531,2817,0
2542,2794,0
2546,2768,0
2549,2748,0
2552,2736,0
2555,2736,0
2552,2736,0
2559,2755,0
2562,2777,0
2566,2802,0
2569,2824,0
2572,2832,1
2603,2758,0
2605,2762,0
2612,2776,0
2612,2790,0
2607,2806,0
2606,2821,0
2606,2826,0
2606,2825,0
2608,2820,0
2610,2801,0
2620,2781,0
2639,2765,0
2656,2750,0
2671,2741,0
2685,2741,0
2700,2750,0
2717,2768,0
2726,2786,0
2735,2804,0
2745,2826,0
2750,2832,0
2763,2838,0
2774,2831,0
2794,2824,1
2871,2743,0
2864,2733,0
2856,2730,0
2839,2727,0
2815,2728,0
2794,2738,0
2775,2755,0
2763,2777,0
2758,2800,0
2760,2821,0
2772,2838,0
2790,2849,0
2812,2854,0
2836,2849,0
2855,2831,0
2873,2805,0
2884,2768,0
2896,2735,0
2895,2697,0
2891,2665,0
2883,2636,0
2877,2621,0
2871,2615,0
2872,2620,0
2876,2642,0
2886,2674,0
2897,2710,0
2912,2754,0
2925,2794,0
2940,2827,0
2949,2844,0
2964,2859,1
3168,2642,0
3172,2649,0
3185,2673,0
3194,2698,0
3197,2727,0
3199,2756,0
3209,2789,0
3220,2821,0
3225,2843,0
3226,2857,0
3227,2862,0
3224,2854,0
3218,2838,1
3173,2762,0
3174,2761,0
3177,2754,0
3194,2755,0
3216,2758,0
3235,2758,0
3253,2753,0
3274,2746,1
3291,2663,0
3289,2674,0
3298,2704,0
3303,2736,0
3313,2775,0
3318,2808,0
3327,2832,0
3330,2845,0
3333,2848,0
3332,2844,0
3337,2828,0
3351,2812,0
3361,2792,0
3378,2782,0
3387,2774,0
3402,2778,0
3414,2789,0
3430,2806,0
3448,2828,0
3461,2847,0
3470,2861,1
3525,2823,0
3530,2824,0
3548,2828,0
3564,2825,0
3575,2820,0
3584,2811,0
3587,2798,0
3586,2787,0
3574,2777,0
3561,2773,0
3538,2772,0
3523,2781,0
3509,2794,0
3503,2809,0
3505,2825,0
3516,2842,0
3537,2855,0
3563,2864,0
3592,2863,0
3619,2854,0
3653,2845,1
3768,2770,0
3762,2781,0
3752,2803,0
3738,2835,0
3719,2864,0
3704,2895,0
3685,2924,0
3674,2951,0
3659,2966,0
3648,2970,0
3636,2959,0
3633,2936,1
3636,2794,0
3640,2780,0
3648,2778,0
3660,2789,0
3672,2805,0
3683,2822,0
3699,2840,0
3715,2856,1
4140,2632,0
4141,2631,0
4141,2631,0
4143,2635,0
4158,2655,0
4161,2676,0
4168,2712,0
4167,2750,0
4164,2790,0
4168,2829,0
4176,2856,0
4176,2869,0
4178,2873,1
4235,2825,0
4222,2827,0
4215,2824,0
4208,2813,0
4205,2797,0
4211,2779,0
4222,2760,0
4237,2747,0
4254,2739,0
4282,2742,0
4311,2751,0
4330,2766,0
4340,2785,0
4340,2811,0
4326,2835,0
4304,2854,0
4283,2869,0
4263,2878,0
4241,2881,0
4225,2879,0
4220,2873,1
4472,2767,0
4464,2763,0
4449,2765,0
4427,2766,0
4406,2774,0
4384,2782,0
4375,2793,0
4376,2805,0
4387,2816,0
4408,2829,0
4434,2842,0
4459,2854,0
4476,2866,0
4487,2878,0
4486,2885,0
4477,2889,0
4460,2892,0
4439,2893,0
4418,2888,0
4400,2877,0
4394,2859,1
4507,2687,0
4512,2687,0
4524,2696,0
4536,2714,0
4540,2743,0
4537,2774,0
4538,2806,0
4530,2835,0
4530,2861,0
4527,2878,0
4529,2888,0
4526,2887,0
4519,2875,1
4500,2803,0
4503,2791,0
4517,2786,0
4540,2784,0
4565,2782,0
4594,2783,0
4620,2783,0
4642,2786,1
4919,2652,0
4927,2656,0
4931,2664,0
4938,2683,0
4952,2712,0
4955,2743,0
4959,2780,0
4958,2818,0
4949,2851,0
4949,2879,0
4936,2890,0
4934,2895,0
4932,2891,0
4927,2876,0
4930,2859,0
4943,2840,0
4954,2816,0
4982,2797,0
5016,2783,0
5048,2777,0
5077,2784,0
5096,2799,0
5105,2814,0
5110,2836,0
5096,2856,0
5080,2880,0
5045,2896,0
5015,2911,0
4991,2918,0
4973,2917,0
4962,2910,0
4966,2897,0
4990,2883,1
5246,2801,0
5240,2803,0
5239,2821,0
5231,2847,0
5210,2880,0
5190,2917,0
5165,2955,0
5147,2988,0
5136,3018,0
5129,3034,0
5122,3037,0
5123,3029,1
5157,2814,0
5159,2819,0
5175,2838,0
5195,2860,0
5209,2881,1
5537,2666,0
5540,2668,0
5548,2679,0
5555,2697,0
5562,2727,0
5563,2758,0
5569,2795,0
5575,2832,0
5579,2864,0
5591,2890,0
5598,2910,0
5598,2917,0
5599,2917,1
5507,2796,0
5515,2800,0
5530,2798,0
5569,2804,0
5595,2804,0
5623,2805,0
5646,2804,0
5666,2803,0
5677,2799,1
5683,2804,0
5682,2807,0
5682,2824,0
5689,2844,0
5687,2863,0
5689,2882,0
5694,2898,0
5697,2907,0
5701,2910,0
5707,2906,0
5711,2893,0
5724,2878,0
5736,2866,0
5745,2857,0
5747,2853,0
5755,2856,0
5768,2866,0
5783,2880,0
5802,2896,0
5819,2906,0
5827,2908,0
5840,2909,0
5849,2902,0
5853,2888,0
5856,2871,0
5855,2859,0
5852,2847,0
5849,2837,0
5852,2832,1
5928,2900,0
5922,2895,0
5915,2882,0
5908,2862,0
5908,2847,0
5911,2832,0
5923,2818,0
5940,2813,0
5967,2813,0
5989,2822,0
6017,2837,0
6039,2856,0
6042,2875,0
6040,2895,0
6027,2911,0
6008,2920,0
5976,2919,0
5952,2914,0
5931,2896,0
5917,2870,0
5921,2847,1