and all were present at Rodney
522
1105,2157,0
1108,2160,0
1112,2161,0
1115,2160,0
1118,2164,0
1116,2161,0
1115,2160,0
1110,2148,0
1102,2133,0
1091,2121,0
1085,2125,0
1075,2128,0
1065,2157,0
1056,2193,0
1052,2229,0
1050,2265,0
1049,2292,0
1051,2301,0
1059,2301,0
1077,2289,0
1100,2253,0
1125,2217,0
1146,2191,0
1160,2187,0
1168,2199,0
1171,2219,0
1175,2243,0
1179,2254,0
1189,2270,0
1204,2277,0
1220,2276,0
1240,2267,0
1278,2256,0
1317,2236,0
1340,2241,0
1317,2260,0
1337,2260,0
1364,2258,0
1392,2245,0
1414,2226,0
1440,2217,1
1587,2203,0
1594,2197,0
1599,2191,0
1598,2183,0
1590,2169,0
1584,2166,0
1570,2165,0
1557,2185,0
1546,2224,0
1537,2259,0
1549,2302,0
1556,2316,0
1565,2318,0
1577,2312,0
1585,2286,0
1595,2250,0
1602,2199,0
1607,2144,0
1615,2096,0
1623,2044,0
1637,2006,0
1647,1978,0
1650,1964,0
1652,1968,1
1922,2231,0
1930,2228,0
1933,2223,0
1931,2215,0
1925,2204,0
1914,2191,0
1900,2184,0
1883,2191,0
1867,2218,0
1859,2256,0
1857,2287,0
1860,2303,0
1872,2307,0
1889,2304,0
1906,2289,0
1923,2270,0
1929,2254,0
1929,2258,0
1932,2283,0
1932,2305,0
1939,2315,0
1947,2312,0
1959,2294,0
1974,2261,0
1990,2211,0
2014,2160,0
2039,2104,0
2063,2053,0
2083,2010,0
2100,1991,0
2098,1992,0
2099,2015,0
2088,2057,0
2075,2108,0
2061,2160,0
2055,2203,0
2056,2224,0
2066,2229,0
2077,2223,0
2096,2215,0
2096,2183,1
2130,2024,0
2128,2044,0
2129,2089,0
2129,2139,0
2127,2195,0
2128,2252,0
2126,2285,0
2134,2302,0
2143,2311,0
2150,2313,0
2145,2297,0
2145,2288,1
2617,2162,0
2614,2163,0
2613,2164,0
2616,2166,0
2620,2174,0
2620,2189,0
2627,2229,0
2627,2264,0
2630,2281,0
2639,2285,0
2650,2281,0
2659,2265,0
2668,2238,0
2679,2210,0
2688,2193,0
2689,2191,0
2685,2194,0
2687,2219,0
2688,2247,0
2688,2263,0
2692,2270,0
2702,2273,0
2718,2275,0
2741,2277,0
2765,2273,0
2783,2264,0
2798,2252,0
2807,2234,0
2809,2211,0
2807,2192,0
2803,2174,0
2799,2162,0
2794,2161,0
2791,2169,0
2785,2195,0
2782,2229,0
2785,2258,0
2789,2275,0
2805,2287,0
2827,2291,0
2856,2287,0
2887,2272,0
2914,2247,0
2939,2225,0
2956,2215,0
2964,2219,0
2972,2233,0
2975,2252,0
2974,2270,0
2973,2280,0
2972,2281,0
2975,2280,0
2977,2277,0
2975,2269,0
2975,2253,0
2978,2244,0
2975,2242,0
2977,2246,0
2981,2247,0
2989,2250,0
2999,2246,0
3018,2245,0
3036,2240,0
3061,2238,0
3082,2234,0
3103,2231,0
3127,2229,0
3143,2219,0
3156,2207,0
3165,2190,0
3165,2178,0
3165,2179,0
3161,2183,0
3151,2187,0
3142,2198,0
3130,2215,0
3124,2244,0
3124,2270,0
3133,2290,0
3146,2300,0
3170,2309,0
3189,2309,0
3201,2303,0
3214,2301,0
3221,2299,1
3639,2468,0
3638,2470,0
3632,2464,0
3622,2451,0
3611,2427,0
3612,2396,0
3621,2355,0
3629,2309,0
3649,2272,0
3673,2244,0
3695,2222,0
3718,2206,0
3736,2195,0
3752,2193,0
3752,2193,0
3751,2195,0
3747,2201,0
3735,2203,0
3733,2212,0
3728,2225,0
3724,2244,0
3726,2260,0
3730,2268,0
3740,2274,0
3761,2280,0
3788,2284,0
3815,2288,0
3843,2292,0
3858,2292,0
3873,2292,0
3880,2290,0
3879,2291,0
3875,2284,0
3867,2273,0
3861,2268,0
3861,2268,0
3858,2265,0
3860,2263,0
3865,2263,0
3873,2258,0
3893,2258,0
3916,2256,0
3940,2248,0
3969,2236,0
3986,2212,0
4014,2193,0
4027,2174,0
4038,2166,0
4034,2164,0
4029,2170,0
4017,2190,0
4006,2219,0
4002,2246,0
4000,2269,0
4010,2288,0
4024,2297,0
4041,2294,0
4064,2282,0
4097,2262,0
4130,2244,0
4167,2237,0
4188,2234,0
4208,2241,0
4228,2256,0
4223,2263,0
4218,2277,0
4204,2291,0
4186,2301,0
4177,2309,0
4175,2311,0
4171,2311,0
4172,2311,0
4176,2310,1
4309,2262,0
4318,2272,0
4319,2276,0
4331,2280,0
4329,2276,0
4335,2268,0
4333,2248,0
4342,2234,0
4332,2219,0
4331,2220,0
4319,2226,0
4307,2244,0
4293,2273,0
4299,2300,0
4303,2315,0
4319,2320,0
4337,2315,0
4364,2304,0
4379,2280,0
4408,2263,0
4421,2251,0
4433,2254,0
4432,2264,0
4437,2286,0
4437,2299,0
4450,2309,0
4454,2311,0
4471,2314,0
4485,2314,0
4502,2316,0
4529,2319,0
4546,2309,0
4562,2289,1
4650,2044,0
4646,2043,0
4647,2048,0
4641,2070,0
4631,2113,0
4621,2164,0
4611,2215,0
4613,2258,0
4617,2282,0
4623,2288,0
4620,2287,0
4619,2286,0
4622,2282,0
4616,2263,0
4613,2243,0
4609,2234,0
4613,2234,0
4613,2236,0
4616,2236,0
4630,2237,0
4648,2239,0
4662,2237,0
4676,2237,0
4678,2234,0
4683,2234,0
4683,2234,0
4687,2235,0
4687,2234,0
4684,2232,1
5121,2292,0
5122,2289,0
5125,2283,0
5129,2268,0
5134,2241,0
5129,2216,0
5126,2203,0
5098,2233,0
5076,2291,0
5067,2341,0
5064,2364,0
5073,2372,0
5086,2374,0
5101,2364,0
5115,2345,0
5126,2325,0
5124,2320,0
5123,2329,0
5144,2374,0
5156,2362,0
5170,2336,0
5187,2301,0
5207,2255,0
5237,2205,0
5290,2111,0
5308,2082,0
5314,2067,0
5315,2067,0
5315,2084,0
5314,2127,0
5306,2180,0
5306,2235,0
5304,2285,0
5307,2323,0
5315,2342,0
5322,2347,0
5327,2347,0
5323,2344,0
5318,2338,0
5307,2316,0
5293,2289,0
5288,2273,0
5289,2271,0
5285,2270,0
5292,2273,0
5309,2275,0
5329,2270,0
5348,2268,0
5367,2266,0
5378,2262,0
5383,2261,0
5379,2260,0
5377,2263,0
5380,2268,0
5371,2266,1
5759,2316,0
5759,2318,0
5743,2217,0
5748,2174,0
5754,2121,0
5786,2039,0
5800,2015,0
5813,2004,0
5838,2006,0
5847,2017,0
5844,2034,0
5844,2058,0
5833,2084,0
5827,2089,0
5815,2098,0
5813,2101,0
5808,2104,0
5805,2111,0
5805,2123,0
5835,2174,0
5847,2188,0
5868,2201,0
5926,2215,0
5936,2212,0
5955,2210,0
5954,2211,0
5955,2210,0
5947,2218,0
5919,2275,0
5919,2292,0
5936,2314,0
5955,2312,0
5962,2304,0
5984,2284,0
5991,2257,0
5994,2239,0
5993,2244,0
6001,2256,0
6048,2247,0
6080,2222,0
6087,2214,0
6091,2215,0
6087,2215,0
6083,2233,0
6075,2265,0
6063,2293,0
6057,2317,0
6058,2326,0
6073,2320,0
6085,2292,0
6098,2249,0
6109,2203,0
6116,2154,0
6125,2108,0
6126,2082,0
6126,2072,0
6123,2069,0
6117,2072,0
6117,2082,0
6119,2101,0
6127,2125,0
6136,2146,1
6198,2281,0
6195,2287,0
6196,2287,0
6195,2288,0
6191,2287,0
6195,2278,0
6194,2259,0
6206,2239,0
6211,2227,0
6218,2223,0
6216,2224,0
6220,2237,0
6217,2256,0
6223,2273,0
6231,2285,0
6246,2289,0
6266,2293,0
6283,2285,0
6308,2275,0
6329,2258,0
6349,2239,0
6368,2222,0
6377,2211,0
6379,2204,0
6379,2205,0
6375,2204,0
6368,2211,0
6360,2234,0
6347,2263,0
6346,2288,0
6356,2306,0
6372,2320,0
6390,2329,0
6411,2329,0
6430,2314,0
6454,2287,0
6475,2256,0
6496,2223,0
6508,2204,0
6517,2200,0
6512,2203,0
6517,2214,0
6519,2230,0
6526,2247,0
6534,2258,0
6543,2268,0
6558,2276,0
6573,2280,0
6589,2283,0
6602,2282,0
6616,2280,0
6628,2271,1
6657,2228,0
6655,2231,0
6655,2232,0
6650,2233,0
6648,2251,0
6628,2292,0
6598,2349,0
6573,2399,0
6556,2442,0
6539,2471,0
6532,2487,0
6530,2493,0
6531,2490,0
6536,2488,0
6539,2481,1