Katharine. &apos; This is one of the most
653
634,3632,0
627,3631,0
627,3635,0
631,3636,0
637,3653,0
643,3677,0
646,3706,0
649,3742,0
649,3783,0
651,3824,0
653,3860,0
659,3884,0
667,3902,1
763,3666,0
755,3665,0
748,3665,0
739,3672,0
729,3687,0
716,3706,0
702,3733,0
688,3759,0
680,3790,0
680,3819,0
688,3840,0
704,3853,0
727,3863,0
754,3862,0
781,3856,0
808,3835,0
830,3808,1
878,3723,0
875,3723,0
875,3727,0
875,3727,0
874,3739,0
871,3747,0
865,3762,0
861,3782,0
855,3798,0
854,3817,0
853,3829,0
854,3842,0
856,3841,0
861,3846,0
869,3834,0
878,3819,0
887,3795,0
894,3771,0
900,3748,0
902,3732,0
901,3720,0
899,3720,0
897,3716,0
897,3716,0
897,3724,0
900,3732,0
903,3752,0
907,3772,0
915,3793,0
924,3813,0
936,3822,0
948,3826,0
962,3822,1
1047,3573,0
1045,3572,0
1045,3576,0
1047,3592,0
1047,3612,0
1048,3633,0
1047,3660,0
1048,3688,0
1051,3716,0
1055,3749,0
1061,3773,0
1067,3789,0
1083,3805,0
1097,3809,0
1112,3805,0
1127,3800,0
1138,3788,1
1047,3716,0
1048,3720,0
1055,3725,0
1072,3725,0
1093,3720,0
1114,3716,0
1129,3704,0
1141,3688,0
1149,3656,1
1164,3555,0
1155,3568,0
1151,3592,0
1153,3619,0
1157,3651,0
1160,3688,0
1162,3720,0
1166,3744,0
1172,3752,0
1183,3755,0
1193,3742,0
1207,3723,0
1219,3689,0
1232,3661,0
1242,3641,0
1252,3633,0
1254,3624,0
1254,3624,0
1254,3629,0
1259,3644,0
1265,3672,0
1274,3699,0
1285,3718,0
1301,3742,0
1318,3749,1
1409,3633,0
1399,3633,0
1392,3635,0
1387,3635,0
1380,3636,0
1372,3644,0
1363,3653,0
1356,3674,0
1352,3698,0
1351,3718,0
1353,3738,0
1358,3750,0
1366,3757,0
1377,3760,0
1389,3751,0
1404,3737,0
1417,3712,0
1427,3684,0
1434,3662,0
1436,3642,0
1433,3630,0
1428,3627,0
1422,3624,0
1418,3624,0
1417,3629,0
1418,3641,0
1421,3660,0
1428,3679,0
1438,3698,0
1451,3713,0
1468,3728,0
1484,3730,0
1501,3720,1
1556,3624,0
1553,3629,0
1551,3641,0
1550,3661,0
1550,3681,0
1554,3709,0
1559,3728,0
1566,3744,0
1573,3747,0
1581,3742,0
1591,3732,0
1602,3706,0
1612,3672,0
1623,3646,0
1633,3629,0
1639,3612,1
1696,3585,0
1697,3589,0
1698,3597,0
1699,3614,0
1698,3629,0
1698,3654,0
1696,3679,0
1696,3695,0
1696,3707,1
1704,3494,0
1700,3487,0
1698,3484,0
1699,3471,0
1701,3462,1
1747,3556,0
1748,3559,0
1750,3571,0
1751,3583,0
1756,3607,0
1756,3631,0
1756,3660,0
1756,3688,0
1759,3708,0
1764,3720,0
1772,3726,0
1778,3720,0
1786,3715,0
1791,3693,0
1798,3672,0
1804,3650,0
1811,3632,0
1814,3619,0
1816,3607,0
1819,3602,0
1816,3598,0
1819,3602,0
1821,3609,0
1825,3625,0
1830,3644,0
1838,3663,0
1849,3682,0
1862,3695,0
1876,3700,0
1889,3697,0
1901,3690,0
1913,3674,0
1924,3656,0
1931,3633,0
1936,3616,0
1936,3603,0
1933,3596,0
1932,3592,0
1930,3592,0
1928,3597,0
1926,3602,0
1928,3626,0
1932,3650,0
1938,3677,0
1954,3706,0
1978,3729,0
2011,3742,0
2054,3751,0
2099,3750,1
2230,3719,0
2231,3723,0
2232,3723,0
2231,3718,0
2233,3722,1
2382,3335,0
2381,3337,0
2383,3353,0
2384,3378,0
2388,3411,1
2621,3502,0
2621,3506,0
2621,3506,0
2618,3508,0
2620,3525,0
2622,3545,0
2620,3563,0
2619,3586,0
2620,3608,0
2622,3629,0
2624,3641,0
2633,3658,0
2643,3667,0
2659,3674,0
2674,3671,0
2690,3663,0
2704,3652,1
2584,3509,0
2589,3512,0
2603,3514,0
2624,3513,0
2645,3508,1
2753,3447,0
2749,3453,0
2750,3471,0
2755,3494,0
2757,3516,0
2764,3544,0
2766,3569,0
2771,3590,0
2773,3602,0
2779,3608,0
2786,3608,0
2793,3596,0
2805,3581,0
2813,3559,0
2820,3542,0
2825,3531,0
2825,3521,0
2827,3521,0
2827,3521,0
2828,3525,0
2827,3530,0
2831,3545,0
2839,3564,0
2847,3578,0
2859,3590,0
2873,3596,0
2888,3593,0
2906,3588,0
2922,3575,0
2939,3560,0
2951,3540,0
2964,3528,0
2968,3521,0
2970,3525,0
2970,3529,0
2970,3543,0
2972,3566,0
2974,3588,0
2975,3604,0
2982,3619,0
2985,3621,1
2942,3421,0
2937,3419,0
2936,3416,0
2943,3412,0
2956,3409,1
3092,3472,0
3088,3474,0
3090,3479,0
3087,3480,0
3077,3481,0
3070,3490,0
3062,3495,0
3057,3503,0
3058,3516,0
3059,3529,0
3068,3547,0
3073,3563,0
3083,3580,0
3085,3588,0
3086,3597,0
3087,3606,0
3083,3612,0
3070,3616,0
3059,3617,0
3047,3619,0
3040,3619,1
3287,3509,0
3286,3510,0
3289,3513,0
3295,3528,0
3303,3547,0
3311,3570,0
3309,3586,0
3303,3599,0
3298,3603,1
3306,3425,0
3305,3420,0
3303,3416,0
3308,3419,0
3315,3419,1
3438,3474,0
3436,3475,0
3433,3478,0
3426,3482,0
3418,3489,0
3411,3498,0
3407,3506,0
3404,3513,0
3405,3521,0
3412,3535,0
3419,3545,0
3425,3556,0
3428,3563,0
3430,3567,0
3426,3569,0
3425,3575,0
3416,3576,1
3734,3471,0
3725,3467,0
3718,3468,0
3713,3467,0
3707,3467,0
3703,3469,0
3695,3470,0
3686,3478,0
3677,3495,0
3672,3520,0
3666,3539,0
3671,3561,0
3679,3574,0
3687,3578,0
3698,3580,0
3708,3578,0
3713,3568,0
3718,3554,0
3726,3538,0
3728,3516,0
3730,3499,0
3727,3486,0
3723,3479,0
3719,3472,0
3718,3468,1
3796,3436,0
3792,3444,0
3790,3465,0
3794,3489,0
3795,3508,0
3802,3528,0
3804,3538,0
3805,3537,0
3808,3534,0
3814,3520,0
3824,3495,0
3837,3468,0
3845,3446,0
3853,3434,0
3856,3432,0
3856,3432,0
3855,3433,0
3861,3448,0
3861,3464,0
3872,3486,0
3881,3499,0
3901,3514,0
3917,3517,0
3933,3513,0
3955,3510,0
3971,3496,0
3985,3479,0
3993,3460,0
3997,3447,0
3995,3438,0
3983,3433,0
3974,3436,0
3959,3444,0
3950,3461,0
3943,3478,0
3953,3502,0
3962,3515,0
3987,3530,0
4015,3532,0
4053,3530,0
4087,3516,1
4226,3454,0
4227,3453,0
4227,3453,0
4222,3446,0
4220,3443,0
4213,3444,0
4202,3443,0
4193,3446,0
4187,3452,0
4187,3463,0
4184,3476,0
4186,3491,0
4193,3507,0
4197,3514,0
4207,3521,0
4215,3519,0
4227,3513,0
4234,3496,0
4243,3477,0
4246,3457,0
4252,3445,0
4252,3439,0
4249,3437,0
4248,3438,0
4248,3443,0
4246,3450,0
4250,3469,0
4252,3484,0
4260,3498,0
4272,3504,0
4291,3508,0
4307,3497,0
4325,3479,0
4345,3455,0
4362,3426,0
4378,3398,0
4385,3368,0
4394,3348,0
4393,3331,0
4389,3324,0
4389,3324,0
4385,3329,0
4384,3341,0
4375,3361,0
4376,3395,0
4376,3430,0
4378,3467,0
4383,3502,0
4390,3535,0
4393,3553,0
4398,3565,0
4397,3566,0
4395,3562,1
4345,3504,0
4348,3502,0
4352,3498,0
4377,3497,0
4405,3491,0
4430,3484,0
4454,3481,0
4472,3479,1
4647,3381,0
4643,3379,0
4644,3378,0
4644,3378,0
4643,3379,0
4644,3384,0
4643,3397,0
4641,3418,0
4636,3447,0
4633,3474,0
4635,3500,0
4639,3519,0
4650,3537,0
4664,3546,0
4683,3554,0
4703,3556,0
4721,3554,0
4736,3551,0
4739,3542,0
4739,3535,0
4729,3522,1
4630,3500,0
4629,3501,0
4637,3503,0
4652,3506,0
4673,3506,0
4698,3504,0
4717,3494,0
4732,3478,0
4742,3455,1
4784,3363,0
4782,3367,0
4787,3387,0
4790,3406,0
4802,3435,0
4811,3462,0
4819,3489,0
4830,3513,0
4835,3525,0
4843,3528,0
4856,3525,0
4866,3508,0
4877,3483,0
4884,3457,0
4888,3439,0
4892,3430,0
4893,3427,0
4893,3428,0
4895,3432,0
4895,3438,0
4900,3457,0
4907,3473,0
4917,3492,0
4933,3505,0
4953,3512,0
4970,3510,0
4991,3505,0
5007,3491,0
5026,3476,0
5039,3454,0
5043,3436,0
5040,3427,0
5033,3423,0
5031,3426,0
5026,3432,0
5020,3445,0
5023,3465,0
5033,3486,0
5054,3504,0
5076,3514,1
5207,3410,0
5210,3413,0
5215,3419,0
5217,3430,0
5231,3451,0
5233,3467,0
5236,3484,0
5240,3498,0
5242,3501,0
5243,3501,0
5245,3492,0
5257,3476,0
5267,3451,0
5284,3430,0
5296,3414,0
5303,3405,0
5308,3404,0
5308,3406,0
5311,3414,0
5315,3428,0
5313,3450,0
5315,3473,0
5315,3488,0
5323,3497,0
5330,3501,0
5338,3497,0
5351,3487,0
5362,3466,0
5375,3442,0
5388,3426,0
5396,3421,0
5402,3421,0
5401,3421,0
5404,3431,0
5407,3446,0
5412,3465,0
5419,3484,0
5429,3496,0
5448,3504,0
5462,3498,0
5483,3485,1
5548,3417,0
5537,3418,0
5525,3422,0
5508,3431,0
5491,3441,0
5479,3456,0
5467,3467,0
5466,3488,0
5470,3503,0
5481,3514,0
5496,3520,0
5513,3518,0
5526,3507,0
5543,3491,0
5550,3469,0
5557,3447,0
5556,3433,0
5551,3427,0
5545,3421,0
5537,3418,1
5666,3404,0
5655,3407,0
5651,3410,0
5647,3410,0
5640,3413,0
5637,3417,0
5636,3425,0
5637,3437,0
5639,3450,0
5651,3467,0
5658,3484,0
5663,3498,0
5663,3510,0
5660,3521,0
5656,3527,0
5651,3535,0
5636,3535,1
5740,3340,0
5734,3347,0
5732,3358,0
5727,3373,0
5729,3390,0
5723,3407,0
5723,3427,0
5720,3446,0
5725,3466,0
5732,3484,0
5747,3497,0
5759,3507,0
5778,3515,0
5793,3516,0
5805,3513,0
5817,3509,0
5815,3498,1
5701,3450,0
5700,3452,0
5707,3449,0
5730,3445,0
5768,3440,1