Wanted: a star. Through it
654
972,1054,0
968,1050,0
972,1055,0
972,1058,0
972,1071,0
974,1091,0
968,1111,0
967,1143,0
968,1179,0
978,1216,0
974,1248,0
977,1280,0
991,1330,0
990,1358,0
1000,1394,0
1008,1423,0
1019,1447,0
1029,1460,0
1041,1468,0
1050,1464,0
1061,1453,0
1079,1437,0
1091,1401,0
1112,1365,0
1129,1319,0
1146,1279,0
1164,1242,0
1177,1204,0
1194,1175,0
1206,1149,0
1217,1132,0
1228,1126,0
1229,1122,0
1236,1129,0
1240,1141,0
1240,1156,0
1247,1188,0
1247,1220,0
1249,1259,0
1248,1300,0
1251,1344,0
1253,1385,0
1259,1424,0
1263,1452,0
1271,1471,0
1282,1481,0
1290,1481,0
1302,1474,0
1317,1459,0
1331,1428,0
1351,1391,0
1368,1347,0
1387,1300,0
1405,1254,0
1423,1206,0
1442,1161,0
1463,1119,0
1474,1080,0
1489,1051,0
1503,1031,0
1508,1015,1
1611,1303,0
1602,1299,0
1587,1297,0
1566,1297,0
1546,1305,0
1518,1316,0
1491,1339,0
1458,1363,0
1435,1394,0
1416,1421,0
1406,1448,0
1401,1470,0
1406,1493,0
1416,1507,0
1436,1518,0
1461,1520,0
1493,1515,0
1523,1498,0
1552,1470,0
1585,1440,0
1616,1410,0
1640,1378,0
1652,1350,0
1664,1335,0
1665,1326,0
1660,1319,0
1664,1322,0
1655,1317,0
1657,1325,0
1661,1346,0
1660,1373,0
1660,1404,0
1668,1440,1
1729,1341,0
1727,1348,0
1725,1363,0
1722,1387,0
1723,1418,0
1720,1442,0
1727,1464,0
1727,1473,0
1734,1479,0
1739,1477,0
1746,1468,0
1758,1444,0
1771,1410,0
1788,1373,0
1808,1341,0
1831,1312,0
1859,1289,0
1879,1271,0
1896,1261,0
1915,1263,0
1927,1269,0
1940,1284,0
1949,1308,0
1959,1340,0
1961,1368,0
1960,1394,0
1962,1422,0
1966,1448,0
1965,1464,1
2073,1069,0
2065,1084,0
2066,1112,0
2065,1148,0
2064,1193,0
2051,1233,0
2054,1279,0
2049,1314,0
2053,1348,0
2050,1365,0
2057,1381,0
2058,1389,0
2055,1393,1
2014,1333,0
2026,1334,0
2046,1333,0
2072,1332,0
2101,1328,0
2130,1324,0
2152,1320,0
2164,1319,0
2169,1319,1
2214,1388,0
2229,1384,0
2251,1379,0
2273,1370,0
2294,1360,0
2318,1346,0
2346,1334,0
2370,1319,0
2388,1304,0
2401,1290,0
2406,1278,0
2404,1267,0
2396,1259,0
2384,1254,0
2365,1252,0
2337,1254,0
2304,1261,0
2270,1276,0
2235,1295,0
2202,1317,0
2171,1340,0
2149,1365,0
2133,1385,0
2125,1402,0
2126,1416,0
2137,1428,0
2150,1433,0
2174,1434,0
2210,1435,0
2248,1431,0
2289,1426,0
2335,1421,0
2376,1412,1
2585,1349,0
2590,1343,0
2593,1333,0
2594,1324,0
2586,1316,0
2567,1307,0
2544,1304,0
2518,1305,0
2490,1308,0
2463,1315,0
2439,1325,0
2420,1341,0
2400,1358,0
2386,1373,0
2387,1390,0
2392,1402,0
2405,1412,0
2427,1417,0
2452,1414,0
2482,1404,0
2509,1386,0
2545,1366,0
2577,1340,0
2605,1310,0
2620,1276,0
2642,1244,0
2654,1213,0
2658,1186,0
2663,1163,0
2660,1144,0
2662,1134,0
2666,1126,0
2661,1120,0
2660,1122,0
2659,1123,0
2659,1129,0
2656,1143,0
2651,1166,0
2644,1199,0
2639,1241,0
2644,1290,0
2642,1333,0
2647,1374,0
2653,1406,0
2661,1427,1
2803,1284,0
2803,1285,0
2799,1283,0
2803,1284,0
2803,1284,0
2803,1286,0
2802,1286,0
2801,1287,0
2800,1290,1
2809,1404,0
2813,1405,0
2810,1403,0
2810,1403,0
2814,1404,1
3252,1290,0
3247,1282,0
3243,1274,0
3238,1266,0
3228,1257,0
3215,1249,0
3200,1245,0
3175,1240,0
3151,1242,0
3126,1248,0
3102,1259,0
3083,1276,0
3074,1300,0
3059,1328,0
3053,1360,0
3055,1388,0
3062,1407,0
3078,1418,0
3105,1421,0
3134,1413,0
3163,1395,0
3198,1374,0
3230,1348,0
3266,1324,0
3293,1299,0
3313,1278,0
3323,1266,0
3325,1261,0
3330,1261,0
3325,1261,0
3325,1263,0
3323,1266,0
3323,1276,0
3322,1295,0
3320,1317,0
3317,1339,0
3321,1367,0
3327,1389,0
3340,1406,0
3358,1414,0
3368,1413,1
3799,1279,0
3799,1269,0
3790,1258,0
3778,1248,0
3759,1240,0
3735,1236,0
3713,1237,0
3686,1240,0
3662,1245,0
3650,1253,0
3638,1261,0
3638,1270,0
3642,1281,0
3647,1290,0
3667,1304,0
3696,1317,0
3730,1330,0
3764,1341,0
3795,1349,0
3818,1358,0
3831,1368,0
3837,1375,0
3838,1382,0
3827,1388,0
3806,1394,0
3774,1397,0
3746,1401,0
3706,1402,0
3666,1402,0
3631,1402,0
3605,1398,0
3588,1388,0
3576,1370,1
3962,976,0
3962,977,0
3961,980,0
3961,996,0
3957,1022,0
3953,1052,0
3942,1085,0
3933,1124,0
3926,1169,0
3920,1211,0
3913,1252,0
3907,1288,0
3907,1322,0
3901,1346,0
3896,1358,0
3894,1362,0
3899,1363,0
3895,1361,0
3892,1356,0
3888,1347,0
3887,1338,0
3886,1331,0
3885,1322,0
3884,1315,0
3882,1310,0
3877,1308,0
3874,1307,0
3874,1307,0
3874,1307,0
3882,1310,0
3895,1309,0
3917,1308,0
3944,1305,0
3964,1300,0
3991,1293,0
4012,1286,0
4032,1278,1
4150,1258,0
4138,1255,0
4116,1256,0
4097,1261,0
4072,1274,0
4051,1294,0
4030,1315,0
4011,1341,0
4005,1367,0
4003,1383,0
4008,1391,0
4022,1390,0
4046,1381,0
4073,1362,0
4103,1337,0
4134,1312,0
4161,1286,0
4177,1263,0
4192,1245,0
4195,1238,0
4191,1237,0
4186,1239,0
4183,1247,0
4181,1266,0
4179,1297,0
4171,1327,0
4177,1358,0
4182,1378,0
4195,1388,1
4246,1275,0
4246,1274,0
4242,1273,0
4246,1275,0
4242,1283,0
4246,1297,0
4247,1316,0
4243,1340,0
4249,1361,0
4251,1375,0
4254,1380,0
4254,1378,0
4257,1371,0
4258,1356,0
4258,1333,0
4256,1306,0
4258,1285,0
4261,1269,0
4270,1255,0
4281,1244,0
4297,1237,0
4319,1233,0
4345,1231,0
4366,1230,0
4383,1228,1
4406,1348,0
4402,1349,0
4398,1348,0
4401,1348,0
4398,1347,0
4398,1348,0
4394,1346,0
4395,1344,0
4396,1339,1
4792,1073,0
4788,1076,0
4786,1084,0
4782,1101,0
4779,1129,0
4778,1163,0
4777,1196,0
4777,1226,0
4780,1259,0
4780,1286,0
4782,1307,0
4776,1326,0
4768,1336,1
4664,1077,0
4670,1068,0
4676,1061,0
4694,1057,0
4715,1054,0
4744,1054,0
4773,1053,0
4806,1052,0
4838,1054,0
4871,1055,0
4900,1056,0
4924,1059,0
4939,1066,1
4950,1071,0
4946,1071,0
4949,1073,0
4947,1081,0
4946,1102,0
4944,1130,0
4939,1164,0
4937,1201,0
4939,1244,0
4936,1281,0
4932,1307,0
4932,1324,0
4933,1334,0
4936,1336,0
4941,1336,0
4948,1327,0
4954,1305,0
4967,1275,0
4995,1247,0
5015,1221,0
5035,1204,0
5052,1192,0
5059,1191,0
5059,1196,0
5067,1210,0
5069,1233,0
5071,1261,0
5066,1290,0
5064,1314,1
5144,1218,0
5144,1218,0
5144,1218,0
5143,1222,0
5144,1234,0
5138,1255,0
5136,1280,0
5139,1298,0
5136,1310,0
5139,1315,0
5138,1315,0
5135,1312,0
5134,1298,0
5137,1278,0
5135,1252,0
5140,1233,0
5131,1221,0
5137,1211,0
5144,1199,0
5159,1189,0
5170,1182,1
5446,1196,0
5443,1191,0
5432,1184,0
5413,1181,0
5388,1182,0
5362,1185,0
5339,1195,0
5308,1207,0
5282,1224,0
5260,1246,0
5243,1269,0
5231,1292,0
5231,1309,0
5245,1319,0
5269,1325,0
5294,1322,0
5326,1312,0
5351,1293,0
5386,1271,0
5405,1247,0
5423,1223,0
5424,1202,0
5426,1192,0
5412,1185,0
5404,1183,1
5490,1200,0
5484,1206,0
5479,1213,0
5467,1228,0
5454,1249,0
5439,1275,0
5431,1304,0
5429,1329,0
5434,1343,0
5441,1348,0
5458,1346,0
5477,1336,0
5503,1316,0
5522,1288,0
5551,1258,0
5566,1229,0
5576,1203,0
5583,1189,0
5585,1180,0
5586,1177,0
5585,1179,0
5590,1179,0
5579,1187,0
5583,1209,0
5576,1239,0
5576,1271,0
5576,1291,0
5585,1300,0
5593,1299,1
5783,1173,0
5771,1167,0
5757,1165,0
5726,1170,0
5707,1184,0
5678,1201,0
5665,1224,0
5653,1242,0
5657,1258,0
5668,1269,0
5678,1272,0
5696,1269,0
5715,1259,0
5722,1242,0
5742,1228,0
5755,1205,0
5764,1182,0
5776,1172,0
5775,1172,0
5771,1172,0
5774,1175,0
5769,1179,0
5769,1196,0
5773,1220,0
5770,1248,0
5771,1281,0
5772,1312,0
5773,1341,0
5779,1367,0
5776,1392,0
5779,1416,0
5777,1435,0
5778,1450,0
5766,1459,0
5760,1469,0
5747,1471,0
5735,1471,0
5718,1467,0
5701,1455,0
5681,1439,0
5663,1426,1
5843,990,0
5843,990,0
5839,990,0
5839,990,0
5838,996,0
5839,1014,0
5834,1039,0
5832,1074,0
5828,1114,0
5823,1155,0
5818,1197,0
5819,1233,0
5825,1261,0
5830,1274,0
5829,1280,0
5833,1280,0
5838,1278,0
5841,1265,0
5853,1245,0
5870,1224,0
5887,1206,0
5906,1193,0
5925,1181,0
5938,1172,0
5952,1168,0
5964,1167,0
5971,1173,0
5985,1183,0
5995,1199,0
6010,1218,0
6017,1242,0
6030,1263,0
6039,1276,1
6355,1126,0
6351,1126,0
6355,1129,0
6350,1132,0
6351,1149,0
6346,1176,0
6348,1209,0
6354,1237,0
6358,1258,1
6380,1031,0
6369,1023,0
6365,1020,0
6365,1021,0
6364,1029,1
6461,919,0
6465,918,0
6465,921,0
6464,931,0
6461,955,0
6450,994,0
6439,1040,0
6422,1094,0
6408,1147,0
6404,1192,0
6406,1226,0
6409,1248,0
6412,1252,0
6412,1254,0
6408,1249,0
6408,1233,0
6413,1208,1
6400,1171,0
6400,1170,0
6400,1168,0
6404,1170,0
6412,1169,0
6428,1168,0
6453,1166,0
6478,1165,1