holidays separately. No special significance
1068
480,2789,0
482,2789,0
490,2788,0
504,2778,0
522,2758,0
543,2725,0
564,2681,0
583,2627,0
591,2572,0
588,2535,0
581,2504,0
575,2482,0
572,2482,0
571,2494,0
569,2530,0
566,2599,0
563,2688,0
559,2770,0
557,2850,0
552,2902,0
549,2934,0
549,2938,0
551,2922,0
562,2883,0
578,2826,0
595,2764,0
603,2721,0
602,2700,0
602,2704,0
601,2717,0
603,2749,0
606,2782,0
617,2816,0
634,2844,0
657,2864,0
688,2869,0
721,2861,1
735,2717,0
721,2719,0
709,2742,0
701,2770,0
702,2802,0
709,2831,0
722,2853,0
737,2859,0
754,2856,0
769,2835,0
774,2808,0
769,2782,0
757,2761,0
745,2748,0
740,2746,0
740,2746,0
745,2760,0
755,2769,0
774,2779,0
796,2782,0
818,2764,0
842,2741,0
859,2707,0
870,2664,0
874,2620,0
872,2576,0
868,2543,0
863,2523,0
861,2519,0
861,2526,0
857,2558,0
854,2607,0
854,2663,0
859,2723,0
869,2772,0
884,2814,0
901,2831,0
919,2828,0
938,2809,0
957,2774,0
964,2734,0
962,2702,0
957,2678,0
952,2670,0
953,2678,0
950,2697,0
952,2729,0
961,2762,0
974,2786,0
991,2808,0
1013,2812,0
1041,2808,1
1092,2725,0
1092,2721,0
1092,2721,0
1086,2717,0
1074,2713,0
1056,2712,0
1037,2717,0
1023,2728,0
1018,2752,0
1018,2772,0
1024,2796,0
1035,2808,0
1048,2813,0
1065,2804,0
1085,2777,0
1103,2741,0
1113,2692,0
1118,2641,0
1119,2588,0
1116,2548,0
1112,2533,0
1111,2532,0
1107,2549,0
1100,2585,0
1097,2637,0
1100,2692,0
1110,2745,0
1127,2784,1
1244,2747,0
1240,2727,0
1235,2712,0
1223,2692,0
1212,2685,0
1199,2682,0
1187,2687,0
1177,2699,0
1173,2719,0
1175,2743,0
1184,2771,0
1199,2790,0
1216,2797,0
1238,2792,0
1255,2779,0
1263,2755,0
1265,2730,0
1262,2706,0
1259,2698,0
1258,2695,0
1257,2702,0
1259,2722,0
1265,2750,0
1275,2774,0
1288,2793,0
1303,2795,0
1320,2794,0
1338,2767,0
1351,2738,0
1353,2710,0
1345,2683,0
1338,2671,0
1335,2671,0
1332,2684,0
1331,2709,0
1337,2740,0
1346,2767,0
1363,2794,0
1377,2800,0
1397,2794,0
1421,2774,0
1442,2747,0
1448,2722,0
1447,2707,0
1443,2699,0
1443,2703,0
1436,2712,0
1433,2733,0
1437,2760,0
1445,2783,0
1457,2798,0
1471,2803,0
1491,2805,0
1514,2785,0
1532,2761,0
1539,2736,0
1541,2716,0
1543,2702,0
1544,2702,0
1543,2702,0
1543,2715,0
1544,2743,0
1545,2788,0
1544,2844,0
1540,2906,0
1533,2964,0
1524,3014,0
1510,3052,0
1493,3080,0
1475,3086,0
1462,3071,0
1456,3044,0
1458,3008,0
1469,2958,0
1485,2903,0
1508,2842,0
1535,2789,0
1558,2741,0
1578,2708,0
1594,2688,0
1609,2690,0
1623,2700,0
1636,2725,0
1644,2760,0
1647,2801,0
1642,2834,0
1631,2857,0
1618,2864,0
1602,2859,0
1585,2846,0
1568,2820,0
1558,2789,1
968,2511,0
965,2514,0
968,2518,0
970,2523,0
977,2526,1
1815,2688,0
1832,2649,0
1852,2618,0
1872,2591,0
1935,2612,0
1932,2647,0
1924,2688,0
1907,2721,0
1892,2752,0
1877,2761,0
1868,2759,0
1857,2745,0
1853,2731,0
1852,2710,0
1858,2695,0
1874,2691,0
1893,2689,0
1918,2689,0
1946,2688,0
1974,2683,0
1997,2673,0
2014,2659,0
2024,2639,0
2026,2616,0
2024,2600,0
2019,2593,0
2009,2593,0
1995,2602,0
1984,2623,0
1975,2648,0
1974,2678,0
1979,2706,0
1988,2724,0
2005,2735,0
2030,2734,0
2060,2719,0
2086,2695,0
2100,2668,0
2111,2642,0
2118,2614,0
2123,2589,0
2123,2572,0
2125,2571,0
2125,2572,0
2126,2580,0
2125,2598,0
2123,2628,0
2117,2666,0
2108,2717,0
2094,2774,0
2080,2840,0
2064,2901,0
2048,2962,0
2035,3016,0
2029,3040,0
2031,3040,0
2031,3022,0
2038,2982,0
2050,2922,0
2058,2847,0
2075,2769,0
2092,2693,0
2115,2624,0
2140,2582,0
2158,2565,0
2170,2569,0
2185,2598,0
2190,2639,0
2183,2681,0
2172,2708,0
2164,2720,0
2154,2715,0
2149,2704,1
2304,2611,0
2313,2607,0
2318,2600,0
2318,2586,0
2311,2572,0
2297,2560,0
2277,2562,0
2252,2570,0
2231,2589,0
2220,2620,0
2215,2654,0
2215,2685,0
2227,2709,0
2241,2721,0
2255,2719,0
2277,2709,0
2292,2688,0
2301,2661,0
2304,2642,0
2301,2630,0
2297,2629,0
2299,2637,0
2289,2650,0
2293,2679,0
2296,2700,0
2306,2712,0
2319,2715,0
2338,2710,0
2364,2688,0
2387,2659,0
2395,2627,0
2397,2599,0
2398,2585,0
2395,2581,0
2398,2589,0
2396,2608,0
2390,2639,0
2384,2673,0
2378,2699,0
2374,2714,0
2366,2709,0
2366,2697,0
2358,2678,0
2360,2646,0
2362,2618,0
2364,2602,0
2367,2596,0
2368,2591,0
2379,2594,1
2466,2579,0
2472,2571,0
2476,2564,0
2478,2557,0
2473,2551,0
2470,2552,0
2462,2558,0
2452,2578,0
2438,2599,0
2434,2624,0
2436,2651,0
2441,2671,0
2452,2683,0
2463,2686,0
2480,2681,0
2495,2663,0
2504,2634,0
2505,2611,0
2502,2591,0
2498,2579,0
2495,2577,0
2497,2588,0
2497,2607,0
2502,2641,0
2510,2668,0
2518,2696,0
2532,2712,0
2542,2706,0
2561,2690,0
2585,2653,0
2598,2602,0
2603,2551,0
2608,2502,0
2608,2453,0
2604,2408,0
2604,2388,0
2606,2388,0
2608,2400,0
2612,2437,0
2613,2488,0
2610,2552,0
2605,2612,0
2603,2661,0
2597,2682,0
2597,2688,0
2596,2679,0
2591,2659,0
2588,2632,0
2596,2608,0
2605,2593,0
2625,2595,0
2641,2604,0
2666,2621,0
2684,2633,0
2704,2639,0
2714,2632,0
2722,2622,0
2724,2602,0
2719,2581,0
2709,2568,0
2696,2567,0
2689,2577,0
2683,2600,0
2679,2631,0
2683,2666,0
2694,2698,0
2707,2717,0
2724,2722,0
2743,2709,0
2771,2676,0
2800,2637,0
2818,2579,0
2827,2528,0
2828,2483,0
2826,2454,0
2825,2446,0
2828,2448,0
2826,2460,0
2823,2492,0
2815,2537,0
2816,2591,0
2811,2649,0
2813,2700,0
2822,2733,0
2832,2745,0
2838,2742,0
2856,2680,0
2863,2641,0
2864,2615,0
2859,2600,0
2858,2601,0
2857,2611,0
2857,2631,0
2865,2664,0
2868,2687,0
2881,2712,0
2893,2728,0
2928,2737,0
2945,2726,0
2958,2705,0
2967,2683,0
2974,2664,0
2977,2651,0
2976,2647,0
2980,2649,0
2981,2653,0
2983,2666,0
2985,2690,0
2983,2727,0
2980,2774,0
2972,2829,0
2958,2883,0
2937,2926,0
2919,2947,0
2909,2944,0
2898,2928,0
2897,2890,0
2911,2837,0
2929,2781,0
2954,2728,0
2983,2682,0
3006,2655,1
3160,2731,1
3146,2743,0
3148,2745,0
3145,2743,0
3144,2744,0
3144,2744,0
3145,2743,0
3149,2745,0
3151,2743,0
3154,2741,0
3166,2726,0
3180,2704,0
3199,2678,1
3425,2637,0
3430,2632,0
3445,2618,0
3474,2601,0
3503,2577,0
3534,2551,0
3561,2524,0
3576,2491,0
3578,2446,0
3585,2403,0
3592,2371,0
3591,2341,0
3591,2330,0
3590,2330,0
3585,2336,0
3588,2363,0
3581,2408,0
3574,2457,0
3570,2514,0
3565,2571,0
3561,2632,0
3555,2684,0
3545,2721,0
3543,2745,0
3536,2757,0
3533,2760,0
3532,2760,0
3528,2759,0
3527,2760,0
3527,2760,0
3527,2760,0
3530,2763,0
3529,2764,0
3529,2764,0
3528,2765,0
3532,2767,0
3532,2766,0
3534,2765,0
3537,2762,0
3543,2757,0
3552,2748,0
3563,2731,0
3580,2709,0
3600,2679,0
3619,2642,0
3633,2593,0
3653,2543,0
3684,2496,0
3704,2443,0
3718,2396,0
3730,2356,0
3735,2318,0
3743,2297,0
3749,2289,0
3748,2290,0
3749,2301,0
3748,2328,0
3738,2372,0
3728,2433,0
3711,2501,0
3696,2579,0
3679,2649,0
3661,2708,0
3644,2742,0
3641,2751,0
3636,2744,0
3636,2721,0
3648,2675,0
3666,2610,0
3696,2536,0
3731,2461,0
3768,2386,0
3806,2333,0
3834,2296,0
3846,2274,0
3862,2274,0
3872,2288,1
3820,2529,0
3819,2525,0
3811,2521,0
3788,2523,0
3761,2536,0
3745,2560,0
3732,2591,0
3735,2630,0
3738,2668,0
3751,2695,0
3761,2707,0
3781,2704,0
3800,2683,0
3819,2644,0
3829,2604,0
3824,2568,0
3814,2548,0
3811,2545,0
3808,2548,0
3810,2564,0
3813,2586,0
3819,2603,0
3830,2614,0
3854,2618,0
3874,2607,0
3898,2586,0
3922,2557,0
3956,2560,0
3957,2577,0
3962,2591,0
3958,2595,0
3962,2597,0
3959,2594,0
3963,2596,0
3960,2593,0
3962,2591,0
3962,2591,0
3959,2589,0
3952,2590,0
3939,2598,0
3924,2605,0
3912,2613,0
3907,2618,0
3902,2617,0
3906,2618,0
3906,2618,0
3907,2618,1
4120,2644,0
4126,2638,0
4146,2625,0
4164,2602,0
4188,2577,0
4212,2553,0
4229,2543,0
4239,2545,0
4249,2557,0
4256,2581,0
4261,2620,0
4260,2661,0
4251,2697,0
4237,2721,0
4220,2731,0
4204,2731,0
4190,2717,0
4183,2700,0
4181,2683,0
4188,2668,0
4202,2663,0
4227,2663,0
4253,2663,0
4278,2664,0
4294,2656,0
4304,2644,0
4320,2623,0
4324,2596,0
4331,2574,0
4329,2557,0
4331,2554,0
4331,2554,0
4331,2568,0
4331,2601,0
4326,2654,0
4321,2719,0
4319,2792,0
4309,2855,0
4302,2900,0
4297,2919,0
4299,2917,0
4291,2895,0
4288,2856,0
4292,2800,0
4299,2733,0
4313,2664,0
4330,2596,0
4343,2550,0
4357,2539,0
4367,2540,0
4373,2550,0
4379,2577,0
4363,2663,0
4355,2675,0
4349,2676,0
4343,2671,0
4345,2669,0
4347,2666,0
4349,2663,0
4371,2660,0
4400,2656,0
4434,2658,0
4459,2657,0
4485,2649,0
4500,2628,0
4509,2596,0
4515,2558,0
4509,2523,0
4500,2509,0
4461,2648,0
4473,2678,0
4500,2696,0
4518,2698,0
4555,2690,1
4650,2566,0
4649,2561,0
4648,2555,0
4642,2550,0
4635,2553,0
4613,2563,0
4593,2579,0
4579,2601,0
4572,2623,0
4574,2648,0
4577,2671,0
4587,2686,0
4607,2698,0
4630,2700,0
4669,2687,0
4695,2664,0
4710,2642,0
4724,2613,0
4733,2586,0
4739,2562,0
4745,2546,0
4751,2544,0
4752,2542,0
4748,2549,0
4738,2572,0
4725,2598,0
4719,2629,0
4719,2657,0
4740,2690,1
4848,2563,0
4852,2565,0
4854,2562,0
4853,2555,0
4846,2551,0
4826,2568,0
4809,2589,0
4795,2609,0
4787,2628,0
4796,2650,0
4801,2671,0
4810,2688,0
4965,2456,0
4984,2447,0
4996,2427,0
5004,2397,0
5008,2367,0
5006,2338,0
4997,2328,0
5000,2322,0
4996,2329,0
4994,2349,0
4997,2378,0
5007,2408,0
5024,2434,0
5043,2449,0
5060,2444,0
5085,2425,0
5115,2386,0
5142,2328,0
5159,2270,0
5163,2218,0
5156,2170,0
5153,2130,0
5143,2104,0
5139,2095,0
5005,2354,0
4998,2367,0
4992,2403,0
4982,2452,0
4973,2507,0
4969,2565,0
4967,2614,0
4976,2653,0
4987,2673,0
5006,2680,0
5028,2668,0
5060,2639,0
5083,2610,1
4787,2411,0
4784,2415,0
4784,2416,0
4780,2415,0
4786,2413,1
5276,2637,0
5277,2636,0
5274,2632,0
5277,2627,0
5281,2614,0
5289,2591,0
5307,2568,0
5330,2552,0
5344,2551,0
5356,2555,0
5366,2562,0
5376,2577,0
5381,2600,0
5381,2624,0
5374,2645,0
5371,2667,0
5356,2675,0
5349,2680,0
5338,2674,0
5326,2663,0
5324,2651,0
5325,2640,0
5336,2631,0
5354,2622,0
5378,2615,0
5394,2601,0
5412,2595,0
5424,2581,0
5426,2567,0
5431,2558,0
5431,2551,0
5431,2551,0
5429,2555,0
5420,2571,0
5409,2598,0
5409,2625,0
5412,2643,0
5422,2656,0
5440,2666,0
5460,2671,0
5483,2672,1
5511,2570,0
5493,2563,0
5472,2569,0
5449,2577,0
5438,2589,0
5434,2603,0
5437,2623,0
5439,2635,0
5451,2646,0
5467,2651,0
5487,2649,0
5503,2637,0
5508,2625,0
5512,2612,0
5511,2596,0
5508,2578,0
5509,2567,0
5506,2564,0
5508,2569,0
5511,2579,0
5511,2604,0
5511,2638,0
5512,2684,0
5516,2736,0
5508,2788,0
5505,2840,0
5489,2881,0
5477,2907,0
5461,2912,0
5448,2902,0
5446,2883,0
5444,2854,0
5462,2818,0
5479,2774,0
5502,2735,0
5539,2695,0
5569,2659,1
5612,2578,0
5608,2610,0
5604,2643,0
5600,2675,0
5594,2695,0
5588,2705,0
5588,2704,0
5588,2697,0
5587,2674,0
5600,2651,0
5614,2624,0
5637,2598,0
5658,2585,0
5675,2579,0
5677,2582,0
5680,2595,0
5680,2612,0
5673,2633,0
5670,2656,0
5673,2674,0
5682,2683,0
5684,2680,0
5700,2675,0
5718,2659,0
5733,2631,0
5747,2605,0
5754,2584,0
5752,2570,0
5754,2564,0
5749,2566,0
5737,2599,0
5735,2627,0
5733,2649,0
5738,2666,0
5746,2675,0
5751,2674,0
5762,2671,0
5781,2660,0
5824,2614,0
5844,2574,0
5861,2531,0
5867,2483,0
5877,2422,0
5877,2365,0
5887,2326,0
5889,2303,0
5888,2302,0
5883,2314,0
5884,2353,0
5871,2418,0
5866,2502,0
5853,2591,0
5839,2686,0
5816,2772,0
5800,2834,0
5788,2870,0
5784,2877,0
5790,2869,0
5794,2829,0
5806,2783,0
5812,2739,0
5814,2700,0
5812,2678,0
5815,2672,0
5817,2669,0
5829,2673,0
5846,2673,0
5870,2673,0
5893,2662,0
5916,2644,0
5935,2624,0
5943,2601,0
5940,2586,0
5940,2577,0
5941,2576,0
5940,2579,0
5938,2592,0
5938,2608,0
5931,2632,0
5941,2648,0
5947,2662,0
5962,2668,0
5980,2668,0
6001,2662,0
6022,2648,0
6039,2630,0
6046,2616,1
6080,2582,0
6085,2584,0
6085,2582,0
6081,2581,0
6071,2574,0
6056,2570,0
6039,2575,0
6020,2588,0
6018,2609,0
6015,2635,0
6021,2657,0
6027,2673,0
6041,2680,0
6059,2680,0
6082,2670,0
6088,2649,0
6094,2628,0
6091,2606,0
6093,2592,0
6094,2591,0
6092,2596,0
6095,2607,0
6097,2622,0
6097,2639,0
6099,2654,0
6102,2665,0
6100,2677,0
6101,2678,0
6104,2678,0
6104,2678,0
6104,2680,0
6104,2678,0
6110,2677,0
6116,2674,0
6123,2670,0
6131,2661,1
6141,2603,0
6137,2603,0
6124,2603,0
6112,2601,0
6097,2603,0
6080,2619,0
6074,2632,0
6076,2646,0
6083,2659,0
6095,2671,0
6116,2684,0
6136,2688,0
6156,2683,0
6173,2668,0
6182,2647,0
6185,2623,0
6184,2598,0
6187,2581,0
6186,2574,0
6185,2578,0
6182,2584,0
6179,2600,0
6174,2619,0
6179,2647,0
6182,2668,0
6192,2683,0
6199,2685,0
6210,2680,0
6223,2665,0
6238,2644,0
6249,2620,0
6253,2602,0
6255,2589,0
6251,2587,0
6254,2591,0
6256,2604,0
6254,2620,0
6252,2641,0
6248,2659,0
6248,2668,0
6249,2667,0
6252,2658,0
6262,2638,0
6278,2614,0
6289,2591,0
6303,2580,0
6312,2578,0
6318,2585,0
6324,2600,0
6325,2618,0
6335,2643,0
6335,2663,0
6350,2675,1
6432,2603,0
6436,2596,0
6441,2595,0
6442,2592,0
6443,2591,0
6443,2590,0
6435,2590,0
6426,2589,0
6386,2619,0
6375,2642,0
6372,2666,0
6371,2689,0
6380,2707,0
6394,2716,0
6420,2724,0
6448,2722,0
6478,2715,0
6502,2702,0
6519,2684,0
6530,2660,0
6534,2632,0
6530,2612,0
6519,2598,0
6512,2593,0
6498,2596,0
6487,2611,0
6479,2637,0
6474,2668,0
6479,2704,0
6493,2731,0
6519,2748,0
6548,2755,0
6585,2750,0
6625,2732,0
6645,2708,1
5996,2395,0
5999,2399,0
6002,2410,0
5998,2410,0
6003,2410,1
5460,2411,0
5458,2414,0
5461,2418,0
5461,2417,0
5465,2412,0
5463,2413,0
5460,2410,0
5466,2409,0
5469,2402,1
5775,2397,0
5770,2396,0
5775,2396,0
5775,2396,0
5775,2397,0
5774,2400,0
5776,2403,0
5776,2403,0
5776,2403,0
5777,2402,0
5780,2395,0
5784,2386,0
5786,2381,1