performance. The Earl of Harewood was
708
1264,4000,0
1253,4005,0
1245,4021,0
1238,4049,0
1227,4077,0
1219,4118,0
1208,4158,0
1196,4194,0
1185,4231,0
1175,4259,0
1169,4280,0
1167,4279,0
1167,4275,0
1176,4256,0
1187,4219,0
1205,4179,0
1225,4134,0
1247,4097,0
1268,4063,0
1287,4047,0
1299,4038,0
1305,4041,0
1306,4053,0
1304,4078,0
1295,4103,0
1281,4127,0
1265,4148,0
1250,4164,0
1237,4174,0
1225,4174,0
1220,4170,0
1220,4167,0
1225,4154,1
1331,4120,0
1340,4124,0
1349,4119,0
1356,4115,0
1363,4111,0
1367,4102,0
1367,4094,0
1363,4087,0
1358,4082,0
1351,4083,0
1346,4091,0
1341,4104,0
1339,4116,0
1341,4136,0
1346,4144,0
1354,4155,0
1364,4158,0
1377,4157,0
1392,4152,0
1406,4140,0
1417,4118,0
1428,4101,0
1437,4092,0
1441,4088,0
1441,4092,0
1436,4104,0
1428,4125,0
1418,4142,0
1412,4151,0
1411,4151,0
1411,4147,0
1419,4134,0
1430,4113,0
1445,4083,0
1462,4065,0
1479,4052,1
1533,4058,0
1537,4050,0
1546,4040,0
1554,4019,0
1565,3994,0
1573,3969,0
1579,3947,0
1582,3931,0
1581,3923,0
1579,3923,0
1573,3932,0
1564,3958,0
1551,4000,0
1534,4050,0
1516,4097,0
1501,4143,0
1487,4179,1
1532,4143,0
1550,4116,0
1566,4094,0
1578,4085,0
1582,4072,0
1583,4076,0
1578,4085,0
1568,4102,0
1560,4132,0
1555,4152,0
1555,4172,0
1560,4180,0
1567,4179,0
1578,4174,0
1587,4160,0
1597,4143,0
1602,4122,0
1607,4101,0
1610,4085,0
1612,4073,0
1612,4068,0
1610,4065,0
1611,4068,0
1609,4064,0
1611,4064,0
1617,4072,0
1624,4070,0
1635,4069,0
1647,4063,0
1658,4058,0
1667,4053,0
1675,4059,0
1677,4071,0
1677,4096,0
1672,4116,0
1669,4133,0
1667,4137,0
1667,4138,0
1667,4133,0
1672,4125,0
1678,4107,0
1687,4089,0
1700,4071,0
1713,4057,0
1722,4047,0
1730,4046,0
1732,4046,0
1733,4053,0
1732,4070,0
1729,4092,0
1726,4111,0
1723,4124,0
1723,4133,0
1723,4133,0
1727,4128,0
1734,4115,0
1745,4097,0
1756,4074,0
1767,4061,0
1774,4055,0
1778,4058,0
1775,4070,0
1768,4092,0
1762,4122,0
1756,4140,0
1755,4147,0
1757,4147,0
1766,4133,0
1780,4111,0
1796,4080,0
1814,4063,0
1824,4058,0
1829,4065,0
1828,4077,0
1821,4099,0
1814,4125,0
1808,4143,1
1930,4065,0
1925,4066,0
1894,4089,0
1884,4107,0
1877,4129,0
1872,4146,0
1870,4159,0
1874,4166,0
1879,4166,0
1889,4159,0
1899,4141,0
1909,4118,0
1920,4095,0
1930,4077,0
1933,4060,0
1936,4064,0
1934,4068,0
1928,4077,0
1924,4103,0
1921,4120,0
1923,4135,0
1925,4140,0
1935,4137,0
1945,4123,0
1959,4103,0
1972,4085,0
1981,4070,0
1985,4069,0
1987,4077,0
1985,4089,0
1982,4099,0
1983,4106,0
1986,4102,0
1995,4092,0
2010,4084,0
2021,4073,0
2032,4070,0
2038,4077,0
2041,4092,1
2157,4050,0
2151,4056,0
2140,4066,0
2125,4079,0
2113,4099,0
2103,4118,0
2099,4136,0
2101,4152,0
2109,4162,0
2121,4163,0
2140,4162,0
2164,4160,0
2183,4146,0
2201,4124,0
2214,4104,0
2221,4086,0
2220,4081,0
2212,4080,0
2199,4092,0
2186,4108,0
2181,4134,0
2181,4151,0
2189,4166,0
2205,4169,0
2228,4167,1
2425,4159,0
2423,4161,0
2422,4161,0
2421,4162,0
2421,4162,1
2772,3965,0
2767,3962,0
2765,3971,0
2762,3986,0
2760,4014,0
2753,4039,0
2750,4070,0
2744,4099,0
2738,4123,0
2731,4143,0
2726,4162,0
2718,4166,0
2712,4169,1
2685,3963,0
2684,3964,0
2685,3963,0
2697,3966,0
2717,3971,0
2741,3969,0
2767,3962,0
2796,3958,0
2819,3952,1
2888,3955,0
2880,3967,0
2873,3993,0
2864,4028,0
2851,4056,0
2841,4091,0
2830,4113,0
2828,4132,0
2826,4133,0
2832,4134,0
2840,4122,0
2856,4106,0
2878,4087,0
2900,4069,0
2918,4061,0
2926,4061,0
2929,4072,0
2925,4096,0
2921,4130,0
2910,4152,0
2901,4169,0
2900,4183,0
2902,4186,0
2910,4188,0
2923,4186,0
2941,4178,0
2963,4167,0
2984,4144,0
3002,4118,0
3020,4096,0
3027,4075,0
3029,4064,0
3023,4063,0
3011,4073,0
2996,4094,0
2987,4121,0
2983,4144,0
2989,4159,0
3004,4170,0
3025,4173,0
3052,4169,1
3347,4019,0
3347,4023,0
3339,4029,0
3335,4049,0
3326,4073,0
3315,4102,0
3306,4135,0
3293,4160,0
3286,4182,0
3289,4198,0
3289,4198,0
3301,4206,0
3316,4207,0
3335,4205,0
3354,4199,0
3375,4192,0
3399,4188,1
3323,4106,0
3323,4106,0
3327,4104,0
3341,4105,0
3354,4098,0
3370,4093,0
3385,4085,0
3387,4069,0
3388,4060,1
3357,4013,0
3356,4009,0
3360,4012,0
3373,4013,0
3390,4017,0
3408,4015,0
3426,4014,0
3444,4017,1
3514,4105,0
3508,4109,0
3498,4115,0
3489,4125,0
3475,4138,0
3466,4157,0
3456,4173,0
3456,4191,0
3457,4200,0
3465,4209,0
3474,4208,0
3488,4205,0
3500,4188,0
3514,4166,0
3530,4147,0
3537,4123,0
3545,4114,0
3545,4109,0
3543,4110,0
3536,4114,0
3531,4132,0
3525,4150,0
3525,4174,0
3525,4187,0
3527,4196,0
3534,4196,0
3547,4192,0
3563,4183,0
3580,4168,0
3592,4150,0
3601,4140,0
3607,4137,0
3608,4140,0
3602,4148,0
3595,4163,0
3583,4174,0
3578,4183,0
3580,4186,0
3582,4180,0
3590,4166,0
3604,4152,0
3617,4135,0
3631,4121,0
3645,4116,0
3653,4111,0
3659,4107,0
3662,4106,0
3667,4107,0
3670,4104,0
3674,4098,0
3678,4085,0
3689,4069,0
3698,4048,0
3703,4025,0
3711,4015,0
3709,4006,0
3704,4010,0
3694,4022,0
3685,4051,0
3674,4087,0
3665,4128,0
3657,4162,0
3658,4189,0
3663,4205,0
3675,4211,1
3928,4151,0
3917,4159,0
3903,4169,0
3893,4186,0
3887,4204,0
3887,4224,0
3896,4242,0
3901,4248,0
3916,4257,0
3926,4256,0
3935,4249,0
3947,4240,0
3955,4225,0
3962,4205,0
3967,4186,0
3971,4170,0
3966,4153,0
3966,4147,0
3962,4146,0
3964,4150,0
3964,4150,0
3969,4157,0
3978,4164,0
3987,4168,0
3999,4169,0
4011,4165,0
4024,4155,0
4040,4139,0
4051,4116,0
4062,4092,0
4070,4070,0
4078,4054,0
4082,4042,0
4078,4034,0
4077,4035,0
4072,4034,0
4068,4047,0
4060,4064,0
4049,4092,0
4036,4126,0
4023,4166,0
4010,4206,0
3991,4239,0
3981,4270,0
3965,4286,1
3950,4277,0
3968,4265,0
3984,4249,0
4003,4235,0
4021,4227,0
4032,4219,0
4042,4216,0
4052,4215,1
4408,4038,0
4407,4039,0
4407,4045,0
4408,4065,0
4403,4089,0
4401,4123,0
4389,4154,0
4377,4189,0
4365,4225,0
4354,4255,0
4340,4271,0
4336,4280,0
4329,4280,1
4381,4187,0
4394,4176,0
4405,4167,0
4418,4167,0
4429,4167,0
4437,4172,0
4445,4175,0
4447,4174,1
4530,4028,0
4528,4029,0
4521,4041,0
4510,4066,0
4494,4102,0
4478,4143,0
4459,4180,0
4447,4216,0
4435,4240,1
4583,4152,0
4582,4147,0
4587,4154,0
4575,4158,0
4565,4178,0
4548,4198,0
4538,4228,0
4525,4249,0
4522,4272,0
4525,4286,0
4533,4295,0
4543,4290,0
4558,4279,0
4572,4262,0
4589,4242,0
4604,4218,0
4614,4193,0
4625,4173,0
4633,4161,0
4639,4155,0
4640,4160,0
4635,4164,0
4632,4184,0
4623,4206,0
4620,4231,0
4616,4250,0
4616,4266,0
4620,4273,0
4629,4275,0
4640,4271,0
4652,4261,0
4665,4245,0
4680,4226,0
4692,4210,0
4704,4199,0
4707,4191,0
4712,4192,0
4710,4193,0
4707,4201,0
4705,4219,0
4695,4234,0
4692,4252,0
4687,4263,0
4687,4268,0
4687,4268,0
4689,4261,0
4702,4255,0
4711,4242,0
4722,4232,0
4737,4228,0
4749,4223,0
4755,4217,0
4765,4214,0
4776,4209,0
4784,4203,0
4792,4195,0
4791,4184,0
4795,4181,0
4788,4181,0
4780,4190,0
4772,4208,0
4768,4227,0
4771,4246,0
4784,4262,0
4796,4266,1
4940,4182,0
4940,4182,0
4941,4187,0
4925,4218,0
4919,4263,0
4917,4275,0
4915,4277,0
4923,4280,0
4982,4219,0
4995,4200,0
5004,4191,0
5006,4196,0
5004,4214,0
4996,4239,0
4985,4266,0
4982,4285,0
4983,4290,0
4987,4287,0
4997,4277,0
5014,4261,0
5029,4234,0
5047,4210,0
5064,4190,0
5081,4173,1
5086,4219,0
5079,4232,0
5072,4243,0
5065,4255,0
5064,4273,0
5063,4285,0
5069,4297,0
5080,4302,0
5090,4304,0
5099,4300,0
5110,4295,0
5114,4280,0
5125,4265,0
5125,4247,0
5128,4233,0
5126,4224,0
5125,4220,0
5120,4218,0
5122,4222,0
5126,4224,0
5132,4229,0
5148,4236,0
5161,4239,0
5180,4243,0
5192,4243,0
5199,4241,0
5204,4242,0
5203,4243,0
5202,4244,0
5195,4251,0
5186,4260,0
5185,4278,0
5181,4304,0
5187,4309,0
5192,4311,0
5197,4311,0
5200,4308,0
5203,4299,0
5210,4287,0
5212,4274,0
5213,4256,0
5216,4246,0
5215,4237,0
5212,4234,0
5212,4234,0
5216,4236,0
5222,4239,0
5237,4242,0
5273,4245,0
5297,4238,0
5303,4237,0
5306,4240,0
5305,4242,0
5296,4250,0
5278,4315,0
5282,4322,0
5286,4324,0
5296,4326,0
5303,4316,0
5316,4309,0
5325,4289,0
5373,4145,0
5373,4145,0
5364,4150,0
5350,4171,0
5341,4204,0
5330,4238,0
5323,4274,0
5325,4306,0
5332,4333,1
5705,4232,0
5701,4248,0
5697,4266,0
5692,4289,0
5693,4317,0
5693,4336,0
5697,4343,0
5706,4350,0
5716,4345,0
5727,4333,0
5742,4321,0
5753,4304,0
5769,4287,0
5781,4272,0
5788,4264,0
5796,4268,0
5794,4275,0
5792,4296,0
5788,4319,0
5786,4339,0
5785,4352,0
5791,4358,0
5798,4356,0
5815,4349,0
5831,4336,0
5845,4321,0
5864,4304,0
5882,4290,1
5946,4295,0
5944,4298,0
5937,4299,0
5928,4304,0
5917,4311,0
5906,4323,0
5899,4337,0
5898,4351,0
5899,4362,0
5902,4366,0
5913,4365,0
5928,4354,0
5944,4335,0
5960,4316,0
5981,4285,0
5986,4285,0
5982,4290,0
5975,4304,0
5967,4326,0
5960,4348,0
5950,4365,0
5947,4374,0
5948,4379,1
6070,4304,0
6085,4292,0
6095,4286,0
6092,4283,0
6037,4324,0
6030,4338,0
6027,4348,0
6033,4359,0
6043,4366,0
6052,4374,0
6059,4378,0
6062,4381,0
6061,4381,0
6057,4387,0
6048,4391,0
6037,4397,0
6022,4402,0
6013,4402,0
6005,4404,0
5998,4401,0
5993,4394,1