eligible bachelor Nicholas Eden, 30-year-old
767
670,3584,0
670,3580,0
673,3573,0
680,3558,0
694,3526,0
707,3503,0
711,3484,0
710,3472,0
702,3467,0
691,3474,0
680,3481,0
668,3508,0
659,3542,0
653,3582,0
651,3618,0
656,3643,0
668,3657,0
687,3667,0
707,3653,0
728,3643,0
748,3613,1
766,3397,0
762,3393,0
762,3389,0
762,3385,0
766,3397,0
773,3430,0
778,3479,0
783,3532,0
787,3568,0
791,3585,0
799,3593,0
813,3598,0
827,3600,0
838,3588,0
850,3565,0
861,3538,0
872,3522,0
878,3518,0
884,3527,0
890,3547,0
895,3576,0
904,3600,0
911,3609,0
916,3617,0
918,3609,1
866,3402,0
860,3401,0
859,3397,0
859,3397,0
866,3398,1
998,3491,0
998,3491,0
996,3487,0
991,3487,0
981,3479,0
972,3479,0
962,3479,0
956,3494,0
949,3518,0
944,3546,0
946,3562,0
955,3571,0
965,3563,0
979,3555,0
988,3547,0
996,3535,0
998,3532,0
999,3536,0
1000,3539,0
1009,3571,0
1018,3604,0
1018,3629,0
1015,3660,0
1006,3680,0
996,3700,0
987,3708,0
982,3715,0
979,3711,0
978,3703,0
979,3684,0
984,3655,0
993,3620,0
1010,3572,0
1029,3529,0
1048,3504,0
1064,3496,0
1073,3496,0
1083,3513,0
1090,3533,0
1095,3553,0
1098,3564,1
1085,3433,1
1133,3384,0
1136,3411,0
1140,3440,0
1144,3476,0
1146,3500,0
1145,3520,0
1145,3532,0
1145,3532,0
1146,3532,0
1149,3532,0
1155,3508,0
1169,3479,0
1192,3458,0
1214,3454,0
1228,3457,0
1237,3473,0
1238,3485,0
1233,3506,0
1222,3521,0
1207,3535,0
1192,3547,0
1180,3556,0
1170,3556,0
1166,3551,0
1169,3539,1
1303,3341,0
1303,3337,0
1304,3344,0
1306,3376,0
1304,3412,0
1306,3452,0
1308,3484,0
1315,3501,0
1325,3511,0
1339,3510,0
1357,3509,0
1373,3491,0
1387,3462,0
1399,3438,0
1400,3412,0
1399,3405,0
1394,3409,0
1385,3418,0
1383,3446,0
1394,3474,0
1414,3484,0
1449,3484,0
1486,3476,0
1522,3467,0
1559,3462,1
1759,3243,0
1761,3246,0
1761,3243,0
1765,3250,0
1771,3269,0
1778,3296,0
1786,3339,0
1796,3390,0
1799,3435,0
1796,3472,0
1790,3493,0
1786,3507,0
1785,3503,0
1786,3503,0
1790,3493,0
1801,3467,0
1820,3438,0
1845,3411,0
1871,3397,0
1891,3396,0
1906,3401,0
1916,3415,0
1921,3434,0
1919,3455,0
1912,3477,0
1899,3493,0
1883,3509,0
1865,3522,0
1846,3530,0
1828,3526,0
1816,3520,0
1810,3501,0
1816,3484,1
2007,3397,0
1990,3436,0
1975,3478,0
1968,3504,0
1966,3505,0
1972,3508,0
1986,3503,0
2002,3491,0
2014,3467,0
2028,3442,0
2043,3425,0
2060,3424,0
2070,3430,0
2084,3455,0
2092,3477,0
2100,3491,1
2135,3430,0
2130,3465,0
2137,3489,0
2147,3489,0
2169,3486,0
2191,3471,0
2209,3443,1
2235,3294,0
2231,3299,0
2235,3324,0
2239,3352,0
2246,3383,0
2250,3404,0
2252,3420,0
2253,3428,0
2252,3428,0
2254,3428,0
2257,3426,0
2265,3411,0
2282,3392,0
2304,3388,0
2317,3392,0
2326,3401,0
2335,3424,0
2336,3443,0
2340,3472,0
2344,3488,0
2353,3493,0
2366,3493,0
2381,3482,0
2396,3460,0
2414,3435,0
2425,3404,0
2435,3378,0
2436,3361,0
2434,3357,0
2428,3360,0
2418,3373,0
2412,3401,0
2411,3428,0
2414,3439,0
2430,3445,0
2453,3444,0
2478,3438,0
2502,3428,0
2523,3414,0
2536,3390,1
2490,3271,0
2492,3287,0
2497,3308,0
2510,3341,0
2517,3368,1
2632,3333,0
2628,3334,0
2617,3335,0
2604,3346,0
2593,3368,0
2586,3395,0
2583,3413,0
2591,3428,0
2601,3432,0
2615,3434,0
2627,3428,0
2638,3419,0
2644,3407,0
2645,3389,0
2643,3367,0
2642,3349,0
2642,3341,0
2641,3337,0
2643,3336,0
2650,3341,0
2653,3344,1
2726,3370,0
2727,3383,0
2732,3398,0
2736,3414,0
2736,3428,0
2738,3436,0
2738,3436,0
2736,3432,0
2738,3432,0
2731,3421,0
2728,3401,0
2726,3379,0
2730,3355,0
2743,3339,0
2759,3326,0
2781,3324,0
2805,3320,1
3056,3448,0
3052,3450,0
3054,3453,0
3056,3452,0
3056,3448,0
3063,3438,0
3071,3410,0
3083,3379,0
3094,3339,0
3106,3298,0
3117,3262,0
3127,3237,0
3131,3224,0
3134,3222,0
3138,3224,0
3140,3238,0
3144,3269,0
3148,3305,0
3158,3346,0
3168,3382,0
3177,3409,0
3188,3421,0
3201,3427,0
3214,3419,0
3230,3399,0
3243,3361,0
3254,3315,0
3266,3267,0
3269,3226,0
3271,3199,0
3271,3189,0
3274,3188,0
3274,3188,1
3358,3305,0
3361,3308,0
3363,3311,0
3367,3323,0
3371,3340,0
3377,3366,0
3380,3387,0
3379,3403,0
3382,3416,0
3383,3420,0
3382,3416,0
3385,3408,0
3380,3382,1
3360,3254,0
3361,3253,0
3361,3252,0
3356,3247,1
3474,3303,0
3465,3300,0
3455,3307,0
3442,3317,0
3431,3336,0
3424,3361,0
3421,3387,0
3428,3408,0
3436,3411,0
3454,3409,0
3469,3392,0
3491,3370,0
3504,3340,1
3513,3217,0
3510,3219,0
3514,3237,0
3519,3263,0
3523,3290,0
3527,3313,0
3532,3329,0
3528,3337,0
3532,3345,0
3532,3344,0
3534,3343,0
3537,3329,0
3550,3315,0
3566,3302,0
3590,3309,0
3606,3322,0
3622,3345,0
3629,3365,0
3636,3380,0
3639,3382,1
3724,3281,0
3711,3297,0
3697,3320,0
3696,3346,0
3698,3361,0
3703,3367,0
3713,3369,0
3723,3366,0
3733,3363,0
3741,3351,0
3747,3335,0
3749,3313,0
3744,3290,0
3744,3280,0
3741,3277,0
3740,3278,0
3739,3279,1
3776,3162,0
3773,3170,0
3772,3181,0
3781,3210,0
3790,3240,0
3800,3274,0
3800,3300,0
3799,3328,0
3798,3351,0
3799,3370,0
3802,3378,0
3812,3380,0
3822,3372,1
3919,3270,0
3917,3271,0
3911,3271,0
3904,3272,0
3894,3276,0
3882,3292,0
3872,3323,0
3863,3352,0
3858,3373,0
3858,3378,0
3864,3378,0
3879,3375,0
3894,3367,0
3910,3347,0
3925,3329,0
3938,3312,0
3952,3310,0
3962,3317,0
3972,3329,0
3978,3340,0
3987,3348,1
4095,3235,0
4099,3238,0
4090,3235,0
4079,3233,0
4059,3236,0
4036,3243,0
4011,3249,0
3995,3259,0
3992,3262,0
4005,3272,0
4024,3281,0
4054,3291,0
4089,3303,0
4118,3313,0
4138,3322,0
4149,3333,0
4152,3346,0
4142,3363,0
4125,3384,0
4100,3402,0
4080,3415,0
4060,3422,0
4054,3428,0
4054,3422,0
4067,3411,1
4532,3081,0
4528,3080,0
4523,3079,0
4517,3080,0
4502,3086,0
4483,3095,0
4459,3116,0
4437,3148,0
4413,3180,0
4403,3216,0
4400,3249,0
4406,3276,0
4422,3300,0
4439,3317,0
4472,3329,0
4502,3332,0
4532,3329,0
4558,3318,0
4577,3304,0
4590,3289,0
4589,3272,1
4435,3240,0
4425,3245,0
4422,3242,0
4426,3237,0
4447,3233,0
4480,3233,0
4510,3228,0
4538,3221,1
4708,3206,0
4708,3206,0
4704,3206,0
4691,3208,0
4673,3212,0
4648,3223,0
4626,3242,0
4610,3272,0
4595,3296,0
4598,3315,0
4603,3321,0
4613,3323,0
4627,3319,0
4644,3311,0
4661,3293,0
4678,3267,0
4690,3228,0
4702,3188,0
4716,3153,0
4720,3124,0
4723,3107,0
4721,3103,0
4717,3101,0
4712,3108,0
4707,3127,0
4703,3156,0
4702,3195,0
4712,3233,0
4727,3259,0
4747,3279,0
4765,3288,0
4789,3291,0
4809,3286,0
4826,3272,0
4839,3250,0
4850,3223,0
4849,3199,0
4848,3188,0
4843,3187,0
4831,3195,0
4823,3218,0
4815,3248,0
4810,3271,0
4816,3284,0
4831,3290,0
4846,3285,0
4864,3275,0
4881,3255,0
4897,3230,0
4908,3202,0
4914,3182,0
4917,3177,0
4922,3185,0
4926,3205,0
4922,3230,0
4920,3252,0
4912,3261,0
4913,3266,0
4913,3266,0
4915,3264,0
4915,3258,0
4926,3243,0
4944,3221,0
4973,3211,0
4999,3217,0
5020,3234,0
5033,3256,0
5038,3276,1
5131,3281,0
5130,3282,0
5130,3282,0
5130,3282,0
5127,3280,0
5124,3283,0
5122,3286,0
5121,3294,0
5110,3314,0
5096,3344,0
5076,3375,0
5065,3402,0
5062,3419,1
5327,3106,0
5323,3105,0
5325,3103,0
5325,3103,0
5335,3096,0
5350,3088,0
5373,3083,0
5391,3085,0
5403,3088,0
5408,3095,0
5407,3105,0
5397,3118,0
5383,3131,0
5370,3144,0
5359,3153,0
5361,3163,0
5366,3170,0
5379,3179,0
5397,3187,0
5413,3194,0
5426,3202,0
5431,3210,0
5436,3217,0
5431,3230,0
5417,3245,0
5394,3262,0
5370,3274,0
5349,3284,0
5335,3283,0
5336,3281,0
5337,3266,0
5354,3250,0
5373,3229,1
5545,3105,0
5542,3103,0
5542,3104,0
5534,3100,0
5528,3103,0
5521,3120,0
5511,3148,0
5504,3181,0
5501,3207,0
5496,3220,0
5501,3228,0
5516,3234,0
5530,3234,0
5554,3229,0
5576,3218,0
5595,3197,0
5613,3177,0
5614,3153,0
5612,3129,0
5603,3112,0
5583,3098,0
5565,3091,0
5547,3094,0
5525,3101,0
5510,3116,1
5669,3187,0
5668,3188,0
5669,3186,0
5674,3187,0
5682,3188,0
5696,3189,0
5711,3189,0
5725,3189,0
5742,3183,1
5899,3152,0
5904,3153,0
5904,3153,0
5902,3156,0
5903,3170,0
5896,3188,0
5880,3214,0
5865,3244,0
5839,3271,0
5812,3296,0
5791,3313,0
5787,3327,0
5782,3334,1
5798,3165,0
5793,3165,0
5803,3177,0
5824,3189,1
5943,3210,0
5957,3205,0
5975,3197,0
5998,3184,0
6016,3168,0
6039,3154,0
6052,3141,0
6061,3133,0
6061,3132,0
6062,3132,0
6048,3132,0
6030,3137,0
6008,3151,0
5984,3168,0
5965,3184,0
5959,3200,0
5960,3214,0
5974,3223,0
5992,3230,0
6020,3231,0
6050,3228,1
6155,3138,0
6149,3133,0
6142,3130,0
6129,3127,0
6115,3136,0
6100,3153,0
6080,3170,0
6071,3187,0
6071,3194,0
6074,3197,0
6087,3199,0
6099,3194,0
6121,3181,0
6136,3163,0
6149,3148,0
6160,3146,0
6166,3153,0
6169,3171,0
6174,3192,0
6181,3206,0
6186,3211,0
6194,3214,0
6204,3214,0
6212,3207,0
6220,3193,0
6230,3176,0
6237,3156,0
6244,3145,0
6243,3139,0
6244,3139,0
6241,3134,0
6248,3130,0
6268,3118,0
6301,3101,0
6342,3086,0
6387,3078,0
6428,3079,1
6377,3186,0
6374,3184,0
6379,3185,0
6383,3183,0
6394,3181,0
6409,3178,0
6420,3175,0
6440,3173,0
6459,3170,1
6598,3108,0
6594,3106,0
6599,3107,0
6599,3107,0
6592,3111,0
6582,3130,0
6572,3158,0
6565,3185,0
6565,3203,0
6566,3209,0
6578,3213,0
6597,3211,0
6621,3201,0
6648,3184,0
6667,3158,0
6679,3134,0
6679,3117,0
6672,3113,0
6665,3110,0
6648,3107,0
6633,3112,0
6623,3121,0
6623,3129,0
6626,3132,0
6642,3129,1
6720,2987,0
6724,2988,0
6723,2989,0
6727,2999,0
6732,3024,0
6737,3059,0
6736,3095,0
6737,3129,0
6733,3153,0
6733,3170,0
6739,3183,0
6741,3188,0
6755,3189,1
6900,3144,0
6898,3139,0
6898,3130,0
6893,3121,0
6887,3107,0
6872,3103,0
6850,3103,0
6826,3114,0
6797,3136,0
6775,3158,0
6767,3175,0
6782,3188,0
6799,3181,0
6826,3175,0
6841,3153,0
6860,3126,0
6873,3092,0
6876,3057,0
6889,3023,0
6888,2999,0
6879,2988,0
6874,2989,0
6862,3006,0
6852,3043,0
6847,3090,0
6854,3128,0
6862,3157,1