must go. The best news for the
529
820,2784,0
815,2788,0
803,2806,0
790,2837,0
778,2872,0
773,2900,0
771,2912,0
772,2908,0
772,2912,0
774,2904,0
784,2877,0
801,2847,0
821,2808,0
844,2778,0
861,2767,0
871,2772,0
879,2781,0
883,2797,0
880,2830,0
870,2861,0
863,2881,0
860,2892,0
860,2896,0
861,2896,0
866,2892,0
882,2866,0
904,2835,0
926,2804,0
943,2785,0
950,2785,0
950,2786,0
946,2801,0
933,2825,0
921,2860,0
922,2881,0
931,2889,0
947,2894,0
967,2898,0
986,2891,1
1052,2784,0
1047,2784,0
1044,2788,0
1037,2796,0
1033,2820,0
1030,2840,0
1035,2861,0
1040,2869,0
1049,2881,0
1058,2881,0
1072,2876,0
1088,2864,0
1104,2844,0
1119,2825,1
1216,2770,0
1213,2765,0
1208,2765,0
1199,2766,0
1186,2767,0
1175,2771,0
1174,2779,0
1179,2787,0
1193,2802,0
1209,2810,0
1223,2816,0
1232,2828,0
1232,2837,0
1226,2845,0
1216,2857,0
1198,2862,0
1175,2867,0
1148,2856,0
1167,2835,0
1199,2811,0
1235,2776,1
1358,2689,0
1356,2690,0
1351,2694,0
1340,2707,0
1327,2733,0
1309,2767,0
1295,2796,0
1286,2817,0
1281,2829,0
1280,2841,0
1276,2837,0
1275,2833,0
1273,2821,0
1270,2806,0
1270,2790,0
1271,2790,0
1271,2786,0
1274,2789,0
1281,2785,0
1301,2787,0
1328,2789,0
1354,2786,0
1382,2783,0
1417,2783,1
1847,2845,0
1852,2839,0
1857,2825,0
1861,2820,0
1850,2807,0
1835,2806,0
1809,2809,0
1788,2820,0
1780,2834,0
1782,2842,0
1798,2854,0
1819,2857,0
1837,2852,0
1848,2844,0
1855,2834,0
1861,2824,0
1860,2820,0
1858,2821,0
1853,2831,0
1844,2854,0
1838,2881,0
1837,2910,0
1836,2936,0
1833,2956,0
1826,2975,0
1815,2990,0
1800,2999,0
1777,3000,0
1746,2992,0
1715,2974,0
1698,2948,0
1696,2920,0
1708,2897,0
1734,2878,0
1773,2869,0
1822,2864,0
1877,2856,1
1984,2823,0
1977,2817,0
1965,2816,0
1943,2815,0
1915,2820,0
1891,2832,0
1884,2842,0
1892,2856,0
1911,2867,0
1935,2869,0
1956,2866,0
1975,2860,0
1990,2850,0
2001,2830,0
2001,2808,0
1990,2796,0
1966,2791,0
1949,2801,0
1944,2819,0
1948,2839,1
2053,2871,0
2051,2867,0
2051,2867,0
2051,2868,0
2051,2867,1
2688,2701,0
2688,2697,0
2690,2700,0
2685,2699,0
2681,2711,0
2673,2738,0
2662,2774,0
2646,2811,0
2639,2848,0
2634,2873,0
2637,2886,0
2637,2887,0
2632,2880,1
2557,2697,0
2554,2690,0
2567,2687,0
2587,2675,0
2619,2660,0
2664,2646,0
2717,2630,0
2765,2618,0
2798,2614,0
2806,2613,0
2806,2613,0
2796,2625,0
2779,2651,0
2758,2700,0
2739,2755,0
2726,2796,0
2724,2820,0
2719,2832,0
2717,2835,0
2720,2837,0
2721,2832,0
2738,2816,0
2755,2791,0
2772,2775,0
2779,2777,0
2783,2783,0
2783,2793,0
2778,2811,0
2784,2835,0
2790,2845,0
2807,2854,0
2834,2855,0
2864,2850,0
2892,2835,0
2917,2818,0
2936,2796,0
2943,2775,0
2942,2771,0
2921,2767,0
2890,2779,0
2873,2795,0
2864,2811,0
2865,2830,0
2878,2844,0
2907,2859,0
2945,2873,0
2979,2873,0
3013,2864,0
3055,2853,1
3298,2871,0
3296,2869,0
3298,2866,0
3304,2856,0
3321,2832,0
3344,2802,0
3373,2772,0
3395,2735,0
3407,2697,0
3408,2674,0
3404,2666,0
3395,2670,0
3370,2693,0
3339,2737,0
3313,2786,0
3303,2825,0
3312,2849,0
3329,2866,0
3353,2872,0
3380,2870,0
3406,2859,0
3427,2846,0
3433,2830,0
3432,2820,0
3424,2816,0
3419,2816,0
3418,2817,0
3424,2823,0
3433,2830,0
3454,2833,0
3482,2829,0
3515,2825,0
3540,2819,0
3557,2809,0
3561,2794,0
3559,2785,0
3544,2783,0
3509,2788,0
3479,2805,0
3463,2820,0
3462,2836,0
3476,2851,0
3501,2856,0
3540,2857,0
3571,2851,1
3701,2776,0
3694,2772,0
3678,2770,0
3661,2776,0
3643,2782,0
3638,2786,0
3636,2794,0
3645,2802,0
3663,2812,0
3688,2823,0
3703,2830,0
3715,2840,0
3714,2842,0
3710,2846,0
3694,2849,0
3662,2847,0
3642,2850,0
3628,2847,0
3625,2849,0
3626,2844,0
3639,2830,1
3874,2692,0
3862,2705,0
3845,2724,0
3826,2750,0
3810,2784,0
3795,2805,0
3794,2823,0
3791,2832,0
3793,2836,1
3772,2771,0
3773,2770,0
3774,2769,0
3795,2771,0
3820,2767,0
3852,2769,0
3884,2763,0
3921,2760,1
4227,2809,0
4229,2808,0
4225,2805,0
4229,2807,0
4225,2806,0
4227,2823,0
4217,2846,0
4206,2866,0
4208,2881,0
4207,2883,0
4206,2884,0
4207,2883,0
4208,2876,0
4217,2852,0
4231,2824,0
4249,2796,0
4264,2784,0
4280,2784,0
4290,2790,0
4290,2803,0
4284,2829,0
4275,2857,0
4272,2875,0
4277,2887,0
4295,2897,0
4315,2898,0
4346,2891,0
4378,2878,0
4406,2857,0
4428,2836,0
4437,2819,0
4438,2811,0
4427,2805,0
4399,2807,0
4376,2825,0
4364,2838,0
4366,2856,0
4379,2871,0
4406,2883,0
4435,2890,0
4466,2890,0
4490,2885,0
4511,2873,0
4530,2854,0
4543,2832,1
4551,2788,0
4550,2789,0
4538,2798,0
4522,2813,0
4514,2836,0
4510,2854,0
4512,2866,0
4525,2873,0
4540,2874,0
4557,2866,0
4572,2854,0
4586,2835,0
4596,2820,0
4592,2819,0
4585,2822,0
4574,2837,0
4570,2855,0
4580,2875,0
4596,2888,0
4617,2893,0
4642,2892,0
4669,2883,0
4691,2869,0
4707,2847,0
4710,2828,0
4702,2813,0
4692,2806,0
4688,2805,1
4816,2833,0
4811,2825,0
4803,2816,0
4792,2812,0
4763,2809,0
4744,2815,0
4736,2827,0
4739,2838,0
4751,2849,0
4772,2858,0
4793,2864,0
4810,2869,0
4816,2874,0
4814,2876,0
4807,2880,0
4789,2884,0
4765,2889,0
4740,2889,0
4728,2893,0
4719,2890,0
4721,2888,1
5392,2801,0
5400,2780,0
5414,2750,0
5424,2717,0
5431,2681,0
5431,2656,0
5428,2647,0
5422,2648,0
5402,2661,0
5374,2700,0
5349,2758,0
5332,2832,0
5311,2900,0
5307,2951,0
5306,2980,0
5298,2999,0
5298,3007,0
5302,3008,0
5301,3004,0
5296,2982,0
5296,2952,0
5298,2921,0
5301,2900,0
5310,2888,0
5327,2876,0
5354,2863,0
5390,2852,0
5429,2842,0
5470,2836,0
5495,2824,0
5515,2815,0
5520,2814,0
5513,2812,0
5499,2818,0
5467,2834,0
5444,2855,0
5438,2872,0
5437,2881,0
5452,2887,0
5473,2884,0
5499,2879,0
5514,2870,0
5527,2857,0
5534,2837,0
5532,2825,0
5521,2820,0
5503,2819,0
5496,2823,0
5492,2830,0
5500,2840,0
5521,2852,0
5545,2857,0
5569,2857,0
5595,2859,0
5605,2859,0
5610,2859,0
5610,2859,0
5605,2853,0
5600,2845,0
5597,2834,0
5591,2820,0
5593,2810,0
5600,2805,0
5622,2799,0
5648,2792,1
6087,2623,0
6087,2623,0
6085,2629,0
6071,2656,0
6051,2696,0
6031,2743,0
6011,2782,0
6002,2808,0
6000,2820,0
5999,2829,0
5996,2827,0
5996,2826,0
5993,2807,0
5992,2784,0
5993,2764,0
5988,2756,0
5988,2755,0
5989,2754,0
6002,2755,0
6023,2760,0
6051,2755,0
6092,2748,0
6133,2737,0
6165,2719,0
6190,2696,0
6201,2664,0
6209,2637,0
6203,2622,0
6190,2621,0
6167,2634,0
6144,2661,0
6124,2703,0
6110,2746,0
6109,2776,0
6112,2795,0
6119,2808,0
6119,2808,0
6119,2808,0
6126,2803,0
6139,2786,0
6148,2770,0
6148,2769,0
6148,2769,0
6151,2772,0
6155,2782,0
6167,2794,0
6181,2803,0
6206,2806,0
6237,2806,0
6257,2803,0
6288,2796,0
6309,2779,0
6336,2762,0
6348,2745,0
6348,2737,0
6336,2733,0
6312,2738,0
6294,2748,0
6285,2765,0
6282,2779,0
6293,2794,0
6309,2806,0
6338,2820,0
6366,2825,0
6392,2828,1