to correct Germany&apos;s
453
1117,3824,0
1107,3821,0
1107,3820,0
1107,3836,0
1107,3860,0
1107,3900,0
1110,3957,0
1108,4012,0
1105,4065,0
1102,4116,0
1098,4152,0
1093,4180,0
1088,4200,0
1083,4213,0
1076,4213,0
1063,4196,0
1048,4173,0
1035,4145,0
1027,4120,0
1023,4097,0
1020,4076,0
1024,4064,0
1034,4044,0
1052,4032,0
1079,4020,0
1115,4012,0
1158,3995,0
1199,3974,0
1239,3961,0
1272,3943,0
1295,3930,0
1305,3926,0
1305,3925,0
1293,3935,0
1268,3960,0
1242,3997,0
1221,4038,0
1206,4078,0
1201,4114,0
1211,4146,0
1229,4166,0
1256,4173,0
1289,4167,0
1353,4091,0
1379,4053,0
1394,4016,0
1397,3979,0
1391,3947,0
1380,3928,0
1365,3918,0
1350,3915,0
1339,3916,0
1334,3916,0
1333,3916,0
1336,3920,0
1351,3918,0
1375,3921,0
1408,3922,0
1448,3918,0
1493,3913,1
1809,3877,0
1808,3870,0
1807,3861,0
1804,3858,0
1800,3855,0
1792,3852,0
1783,3858,0
1766,3865,0
1749,3877,0
1732,3900,0
1715,3927,0
1703,3962,0
1697,3999,0
1698,4035,0
1708,4070,0
1724,4092,0
1749,4108,0
1778,4107,0
1813,4101,0
1849,4082,0
1886,4053,0
1920,4018,0
1950,3978,0
1971,3937,0
1990,3907,0
1997,3881,0
1997,3865,0
1988,3858,0
1972,3858,0
1950,3872,0
1923,3891,0
1899,3928,0
1879,3969,0
1870,4008,0
1872,4040,0
1887,4062,0
1908,4070,0
1932,4068,0
1955,4055,0
1976,4029,0
1999,4004,0
2012,3972,0
2019,3937,0
2025,3911,0
2027,3894,0
2030,3885,0
2031,3880,0
2036,3880,0
2049,3884,0
2067,3896,0
2089,3915,0
2110,3930,0
2133,3949,0
2152,3968,0
2167,3993,0
2176,4019,0
2178,4048,0
2176,4070,0
2174,4082,0
2174,4087,0
2172,4082,0
2166,4060,0
2167,4027,0
2174,3987,0
2186,3954,0
2200,3925,0
2215,3899,0
2235,3881,0
2253,3867,0
2270,3861,0
2285,3861,0
2295,3870,0
2303,3884,0
2305,3900,0
2306,3925,0
2307,3950,0
2307,3980,0
2309,4008,0
2311,4029,0
2310,4042,0
2311,4049,0
2311,4050,0
2310,4046,0
2309,4038,0
2308,4017,0
2310,3995,0
2314,3969,0
2320,3946,0
2332,3930,0
2347,3921,0
2364,3914,0
2386,3907,0
2416,3905,0
2443,3899,0
2474,3896,0
2502,3890,0
2526,3881,0
2545,3873,0
2557,3865,0
2556,3855,0
2551,3853,0
2537,3855,0
2518,3867,0
2499,3887,0
2479,3907,0
2470,3936,0
2471,3966,0
2480,3992,0
2497,4015,0
2520,4033,0
2552,4042,0
2588,4041,0
2625,4027,1
2786,3857,0
2779,3848,0
2767,3843,0
2747,3844,0
2730,3865,0
2712,3895,0
2700,3930,0
2697,3966,0
2705,3998,0
2723,4021,0
2747,4032,0
2777,4032,0
2813,4016,0
2847,3978,0
2876,3930,0
2900,3877,0
2915,3822,0
2917,3761,0
2917,3713,0
2915,3677,0
2911,3658,0
2910,3653,0
2909,3654,0
2910,3672,0
2919,3712,0
2925,3758,0
2936,3815,0
2950,3880,0
2960,3933,0
2971,3981,0
2977,4014,0
2986,4041,0
2989,4048,0
2989,4048,0
2984,4033,0
2975,4006,1
2897,3844,0
2911,3833,0
2938,3823,0
2974,3818,0
3008,3819,0
3041,3819,0
3076,3824,0
3107,3829,1
3872,3723,0
3864,3710,0
3857,3694,0
3845,3678,0
3831,3664,0
3815,3657,0
3789,3646,0
3765,3649,0
3732,3659,0
3699,3680,0
3666,3708,0
3641,3752,0
3623,3804,0
3612,3860,0
3610,3914,0
3617,3962,0
3634,3999,0
3655,4023,0
3684,4039,0
3716,4046,0
3747,4044,0
3773,4029,0
3797,4013,0
3811,3993,0
3808,3966,1
3740,3872,0
3745,3848,0
3766,3834,0
3791,3825,0
3819,3820,0
3841,3823,0
3865,3840,0
3878,3865,0
3887,3904,0
3882,3947,0
3876,3996,0
3868,4046,0
3853,4081,0
3843,4104,0
3843,4113,0
3844,4103,1
3910,4016,0
3924,4010,0
3936,4001,0
3950,3992,0
3965,3979,0
3982,3962,0
3995,3936,0
4009,3906,0
4028,3875,0
4040,3841,0
4046,3805,0
4051,3784,0
4046,3773,0
4039,3773,0
4023,3787,0
4005,3822,0
3988,3861,0
3980,3908,0
3980,3943,0
3986,3964,0
4000,3978,0
4019,3985,0
4041,3976,0
4063,3955,0
4089,3929,0
4103,3892,0
4116,3860,0
4133,3837,0
4142,3818,0
4145,3805,0
4148,3807,0
4150,3822,0
4148,3855,0
4139,3889,0
4132,3920,0
4128,3944,0
4124,3952,0
4125,3951,0
4127,3945,0
4135,3918,0
4155,3881,0
4181,3848,0
4208,3816,0
4239,3793,0
4267,3775,0
4296,3764,0
4314,3754,0
4334,3752,1
4359,3789,0
4352,3800,0
4354,3825,0
4352,3859,0
4344,3893,0
4333,3923,0
4327,3950,0
4319,3962,0
4316,3964,0
4318,3963,0
4321,3944,0
4332,3913,0
4349,3872,0
4374,3835,0
4410,3807,0
4435,3789,0
4462,3786,0
4481,3790,0
4495,3804,0
4500,3822,0
4501,3848,0
4497,3868,0
4495,3886,0
4495,3892,0
4496,3891,0
4501,3886,0
4514,3863,0
4531,3830,0
4562,3802,0
4595,3781,0
4625,3774,0
4647,3781,0
4666,3795,0
4678,3817,0
4680,3837,0
4683,3863,0
4682,3880,0
4686,3893,0
4690,3895,0
4702,3889,0
4714,3870,1
4834,3768,0
4836,3759,0
4833,3756,0
4820,3754,0
4802,3760,0
4781,3781,0
4752,3806,0
4735,3840,0
4729,3869,0
4730,3883,0
4741,3890,0
4758,3890,0
4774,3880,0
4792,3868,0
4809,3846,0
4823,3819,0
4833,3791,0
4844,3775,0
4845,3766,0
4852,3771,0
4854,3787,0
4858,3812,0
4859,3833,0
4874,3858,0
4883,3872,0
4895,3876,0
4907,3875,0
4913,3864,0
4922,3848,0
4929,3824,0
4929,3802,0
4935,3794,0
4929,3794,0
4931,3811,0
4929,3835,0
4924,3846,0
4923,3854,0
4924,3853,0
4925,3845,0
4943,3827,0
4958,3793,0
4981,3756,0
5010,3730,0
5032,3718,0
5052,3720,0
5072,3733,0
5088,3752,0
5097,3778,0
5100,3805,0
5096,3827,0
5095,3852,0
5092,3866,1
5183,3766,0
5185,3769,0
5192,3779,0
5201,3800,0
5214,3826,0
5231,3851,0
5248,3867,0
5277,3877,0
5298,3877,0
5325,3870,0
5347,3857,0
5368,3839,0
5395,3819,0
5410,3795,0
5421,3782,0
5423,3780,0
5424,3785,0
5422,3806,0
5410,3839,0
5392,3879,0
5378,3925,0
5366,3970,0
5351,4010,0
5340,4039,0
5338,4060,1
5470,3554,0
5467,3564,0
5477,3591,0
5485,3627,0
5486,3658,1
5661,3732,0
5660,3728,0
5651,3720,0
5641,3719,0
5627,3719,0
5604,3722,0
5591,3732,0
5576,3737,0
5576,3750,0
5577,3761,0
5590,3776,0
5625,3811,0
5644,3824,0
5656,3835,0
5668,3846,0
5668,3853,0
5669,3858,0
5659,3863,0
5647,3872,0
5628,3877,0
5608,3882,0
5587,3883,0
5564,3879,0
5550,3877,1