It is impossible to make contact with
820
841,4554,0
842,4554,0
841,4558,0
841,4554,0
839,4546,0
836,4533,0
830,4517,0
826,4505,0
817,4492,0
812,4497,0
806,4495,0
801,4500,0
796,4515,0
803,4531,0
815,4553,0
836,4562,0
860,4563,0
884,4556,0
899,4548,0
907,4537,0
911,4525,0
912,4521,0
912,4521,0
911,4529,0
914,4533,0
922,4558,0
931,4590,0
932,4634,0
936,4674,0
948,4718,0
957,4755,0
962,4795,0
960,4827,0
953,4858,0
937,4882,0
916,4898,0
892,4909,0
866,4916,0
840,4914,0
818,4909,0
813,4893,1
1035,4540,0
1039,4529,0
1039,4524,0
1039,4529,0
1037,4532,0
1037,4548,0
1041,4576,0
1049,4608,0
1058,4648,0
1059,4688,0
1061,4732,0
1067,4776,0
1070,4809,0
1071,4837,0
1068,4852,0
1066,4857,0
1063,4848,0
1055,4836,0
1051,4816,0
1043,4789,0
1037,4768,0
1032,4752,0
1032,4748,0
1033,4748,0
1043,4748,0
1057,4752,0
1077,4752,0
1098,4748,0
1122,4748,1
1338,4713,0
1337,4717,0
1336,4721,0
1335,4717,0
1336,4721,0
1338,4737,0
1341,4748,0
1344,4765,0
1350,4789,0
1351,4813,0
1353,4833,0
1354,4844,0
1357,4844,1
1326,4657,0
1324,4654,0
1320,4646,0
1319,4646,0
1320,4646,1
1464,4717,0
1463,4708,0
1459,4705,0
1457,4705,0
1445,4705,0
1427,4712,0
1412,4732,0
1398,4749,0
1392,4770,0
1392,4777,0
1398,4782,0
1410,4781,0
1430,4780,0
1455,4777,0
1478,4771,0
1496,4770,0
1510,4777,0
1517,4780,0
1520,4787,0
1518,4796,0
1515,4812,0
1504,4821,0
1488,4830,0
1469,4844,0
1449,4850,0
1437,4850,0
1430,4847,0
1426,4839,0
1423,4820,1
1780,4678,0
1780,4690,0
1783,4710,0
1781,4731,0
1785,4755,0
1789,4774,0
1790,4782,0
1788,4774,0
1786,4758,1
1795,4599,0
1792,4596,0
1790,4596,0
1792,4596,1
1867,4647,0
1870,4651,0
1870,4663,0
1870,4683,0
1871,4700,0
1874,4720,0
1882,4739,0
1890,4749,0
1892,4748,0
1896,4752,0
1896,4740,0
1899,4727,0
1905,4706,0
1911,4688,0
1921,4678,0
1929,4673,0
1933,4676,0
1935,4680,0
1941,4695,0
1949,4714,0
1961,4728,0
1968,4743,0
1973,4746,0
1980,4744,0
1987,4736,0
1995,4722,0
1999,4704,0
2005,4690,0
2012,4685,0
2017,4684,0
2023,4691,0
2033,4705,0
2048,4722,0
2065,4735,0
2079,4741,0
2094,4737,0
2106,4726,1
2144,4676,0
2144,4685,0
2145,4693,0
2147,4705,0
2151,4720,0
2159,4739,0
2174,4760,0
2185,4785,0
2195,4811,0
2196,4832,0
2194,4837,0
2194,4833,0
2188,4825,0
2184,4818,0
2168,4798,0
2149,4770,0
2145,4738,0
2147,4708,0
2155,4682,0
2166,4667,0
2175,4657,0
2182,4655,0
2190,4657,0
2196,4668,0
2203,4678,0
2205,4690,0
2205,4707,0
2202,4724,0
2193,4739,0
2181,4750,0
2166,4753,0
2157,4755,0
2154,4748,1
2328,4666,0
2326,4662,0
2326,4663,0
2322,4655,0
2314,4645,0
2305,4644,0
2293,4639,0
2284,4641,0
2274,4648,0
2268,4661,0
2261,4676,0
2258,4693,0
2262,4717,0
2270,4736,0
2285,4748,0
2303,4748,0
2318,4736,0
2331,4728,0
2336,4719,0
2338,4709,0
2333,4698,0
2329,4690,0
2323,4684,0
2318,4681,0
2321,4681,1
2464,4639,0
2464,4639,0
2461,4636,0
2458,4632,0
2453,4634,0
2444,4632,0
2432,4641,0
2415,4645,0
2403,4658,0
2391,4673,0
2387,4679,0
2391,4686,0
2400,4687,0
2414,4688,0
2432,4686,0
2451,4684,0
2465,4681,0
2478,4688,0
2485,4695,0
2487,4703,0
2484,4708,0
2480,4717,0
2470,4729,0
2456,4741,0
2439,4751,0
2426,4755,0
2414,4754,0
2403,4745,0
2403,4733,1
2603,4619,0
2602,4616,0
2603,4623,0
2596,4625,0
2583,4626,0
2569,4635,0
2556,4647,0
2543,4660,0
2535,4671,0
2533,4684,0
2535,4688,0
2544,4693,0
2560,4697,0
2577,4695,0
2610,4701,0
2617,4702,0
2625,4713,0
2625,4717,0
2625,4726,0
2618,4732,0
2608,4743,0
2597,4752,0
2584,4752,0
2577,4750,0
2572,4747,0
2573,4739,0
2578,4724,0
2586,4705,1
2697,4628,0
2701,4635,0
2699,4644,0
2697,4666,0
2692,4723,0
2692,4732,1
2702,4515,0
2707,4518,0
2706,4514,0
2705,4514,0
2706,4514,1
2777,4534,0
2784,4548,0
2793,4566,0
2799,4589,0
2802,4606,0
2811,4628,0
2813,4644,0
2815,4670,0
2813,4700,0
2811,4709,0
2814,4713,0
2814,4709,0
2823,4701,0
2828,4690,0
2832,4671,0
2842,4659,0
2851,4647,0
2866,4645,0
2878,4644,0
2890,4649,0
2898,4659,0
2900,4666,0
2902,4682,0
2898,4701,0
2881,4721,0
2863,4732,0
2844,4743,0
2828,4746,0
2819,4741,1
2925,4664,0
2931,4671,0
2932,4670,0
2937,4672,0
2946,4669,0
2953,4653,0
2963,4636,0
2972,4615,0
2975,4591,0
2980,4572,0
2980,4554,0
2980,4546,0
2980,4542,0
2980,4546,0
2975,4552,0
2967,4556,0
2961,4576,0
2955,4600,0
2954,4631,0
2947,4664,0
2949,4690,0
2959,4707,0
2971,4719,0
2992,4727,0
3013,4723,0
3034,4714,0
3049,4694,0
3068,4677,0
3078,4652,0
3087,4634,0
3088,4616,0
3088,4611,0
3086,4613,0
3081,4624,0
3076,4640,0
3072,4663,0
3071,4685,0
3083,4710,0
3100,4720,0
3118,4722,0
3139,4712,1
3416,4480,0
3419,4479,0
3422,4481,0
3430,4496,0
3436,4519,0
3447,4554,0
3453,4587,0
3457,4622,0
3461,4660,0
3460,4693,0
3460,4715,0
3457,4726,0
3453,4727,0
3444,4719,0
3434,4711,0
3415,4685,0
3399,4661,0
3390,4643,0
3388,4635,0
3390,4639,0
3391,4638,0
3395,4636,0
3407,4639,0
3424,4644,0
3442,4648,1
3606,4604,0
3607,4603,0
3604,4605,0
3592,4602,0
3583,4608,0
3570,4615,0
3559,4630,0
3546,4646,0
3538,4669,0
3532,4695,0
3540,4718,0
3549,4727,0
3568,4729,0
3592,4726,0
3613,4714,0
3627,4702,0
3638,4691,0
3645,4678,0
3645,4660,0
3648,4649,0
3643,4642,0
3638,4640,0
3632,4635,0
3635,4637,0
3636,4632,1
3937,4566,0
3937,4566,0
3935,4567,0
3935,4572,0
3939,4584,0
3940,4597,0
3942,4615,0
3945,4632,0
3946,4646,0
3950,4657,0
3950,4657,0
3951,4652,0
3954,4645,0
3959,4632,0
3962,4612,0
3973,4599,0
3982,4589,0
3991,4583,0
4003,4585,0
4012,4589,0
4023,4600,0
4034,4618,0
4041,4636,0
4046,4652,0
4048,4655,0
4053,4658,0
4058,4654,0
4063,4641,0
4073,4625,0
4087,4606,0
4100,4592,0
4116,4590,0
4130,4591,0
4138,4595,0
4144,4601,0
4150,4616,0
4152,4630,0
4159,4647,0
4168,4657,0
4176,4656,0
4193,4649,1
4300,4583,0
4297,4574,0
4292,4568,0
4288,4567,0
4270,4560,0
4256,4561,0
4241,4572,0
4224,4583,0
4207,4600,0
4198,4622,0
4197,4641,0
4199,4654,0
4209,4667,0
4224,4672,0
4236,4669,0
4246,4655,0
4258,4642,0
4268,4625,0
4277,4615,0
4280,4607,0
4285,4608,0
4287,4611,0
4291,4619,0
4295,4631,0
4296,4649,0
4309,4665,0
4320,4672,0
4333,4667,0
4348,4662,0
4360,4643,0
4370,4620,0
4383,4596,0
4391,4565,0
4396,4531,0
4397,4500,0
4394,4478,0
4389,4466,0
4386,4463,0
4384,4465,0
4381,4467,0
4381,4477,0
4379,4494,0
4380,4519,0
4384,4555,0
4389,4592,0
4392,4614,0
4393,4629,0
4395,4637,0
4394,4637,0
4396,4637,0
4395,4627,0
4396,4606,0
4403,4586,0
4415,4572,0
4426,4563,0
4438,4560,0
4449,4561,0
4457,4560,0
4465,4570,0
4466,4574,0
4461,4582,0
4456,4591,0
4444,4601,0
4433,4608,0
4424,4611,0
4424,4611,0
4425,4610,0
4426,4608,0
4437,4616,0
4447,4623,0
4452,4629,0
4470,4647,0
4484,4661,0
4493,4663,0
4504,4665,0
4515,4662,0
4525,4659,0
4533,4648,0
4541,4632,0
4545,4608,0
4553,4591,0
4557,4579,0
4555,4576,0
4552,4577,0
4551,4588,0
4551,4603,0
4558,4624,0
4571,4639,0
4587,4647,1
4904,4572,0
4900,4570,0
4895,4564,0
4883,4558,0
4871,4552,0
4864,4553,0
4854,4557,0
4842,4567,0
4835,4584,0
4832,4607,0
4830,4624,0
4838,4639,0
4852,4647,0
4872,4652,0
4890,4648,0
4914,4642,0
4940,4636,1
5038,4588,0
5029,4584,0
5021,4581,0
5005,4579,0
4991,4581,0
4981,4589,0
4967,4596,0
4958,4609,0
4956,4622,0
4956,4638,0
4963,4653,0
4973,4661,0
4990,4661,0
5011,4659,0
5027,4651,0
5038,4635,0
5049,4620,0
5055,4604,0
5054,4589,0
5052,4585,0
5045,4587,0
5038,4592,0
5034,4601,0
5033,4608,0
5036,4611,0
5043,4610,0
5052,4607,0
5064,4601,0
5076,4596,0
5089,4590,0
5101,4584,0
5115,4587,0
5123,4591,0
5128,4598,0
5131,4611,0
5131,4628,0
5127,4642,0
5129,4657,0
5128,4657,0
5127,4653,0
5133,4647,0
5140,4635,0
5149,4623,0
5159,4612,0
5173,4606,0
5183,4601,0
5192,4603,0
5202,4610,0
5205,4618,0
5209,4632,0
5215,4654,0
5218,4666,1
5307,4511,0
5313,4499,0
5313,4494,0
5313,4499,0
5310,4502,0
5303,4515,0
5303,4538,0
5305,4568,0
5305,4602,0
5308,4631,0
5307,4649,0
5306,4657,0
5305,4657,0
5303,4654,0
5298,4647,0
5289,4633,0
5273,4616,0
5262,4603,0
5259,4601,0
5262,4603,0
5259,4601,0
5269,4603,0
5289,4607,0
5308,4605,0
5330,4600,1
5404,4646,0
5411,4639,0
5417,4628,0
5419,4613,0
5421,4601,0
5419,4591,0
5414,4585,0
5403,4579,0
5391,4579,0
5379,4586,0
5366,4599,0
5357,4618,0
5355,4637,0
5358,4657,0
5366,4666,0
5377,4666,0
5394,4660,0
5410,4651,0
5421,4640,0
5429,4626,0
5434,4616,0
5436,4613,0
5430,4614,0
5430,4625,0
5423,4638,0
5427,4657,0
5429,4666,0
5437,4669,0
5451,4666,1
5572,4592,0
5568,4591,0
5556,4586,0
5545,4585,0
5531,4588,0
5521,4592,0
5513,4600,0
5509,4610,0
5508,4623,0
5513,4640,0
5523,4658,0
5539,4665,0
5555,4660,1
5665,4501,0
5672,4488,0
5672,4483,0
5670,4484,0
5669,4485,0
5665,4495,0
5665,4512,0
5665,4541,0
5669,4577,0
5666,4604,0
5670,4628,0
5668,4637,0
5668,4642,0
5668,4642,0
5667,4637,0
5663,4630,0
5653,4617,0
5641,4601,0
5637,4594,0
5637,4594,0
5636,4594,0
5641,4596,0
5653,4601,0
5735,4596,0
5765,4582,0
5788,4568,0
5806,4560,1
6042,4546,0
6042,4550,0
6037,4558,0
6030,4570,0
6029,4589,0
6025,4606,0
6026,4623,0
6028,4632,0
6032,4640,0
6040,4643,0
6046,4642,0
6051,4636,0
6057,4625,0
6061,4614,0
6065,4603,0
6066,4596,0
6068,4594,0
6066,4596,0
6066,4601,0
6063,4606,0
6069,4623,0
6073,4635,0
6078,4643,0
6086,4645,0
6096,4652,0
6106,4648,0
6116,4642,0
6126,4637,0
6132,4630,0
6141,4620,0
6145,4603,0
6149,4592,0
6151,4584,0
6150,4585,0
6149,4587,0
6147,4589,0
6144,4591,0
6147,4601,0
6153,4612,0
6160,4616,0
6167,4616,0
6181,4611,0
6192,4604,0
6203,4598,0
6213,4591,0
6220,4590,0
6225,4591,0
6225,4597,0
6222,4606,0
6215,4621,0
6213,4634,0
6216,4649,0
6226,4657,0
6239,4659,0
6252,4657,0
6258,4644,0
6268,4633,1
6273,4509,0
6268,4508,0
6266,4505,0
6269,4507,1
6326,4509,0
6331,4515,0
6337,4526,0
6341,4546,0
6343,4567,0
6342,4589,0
6342,4613,0
6340,4635,0
6342,4657,0
6339,4672,0
6336,4682,0
6338,4685,0
6338,4680,0
6336,4669,0
6335,4652,0
6331,4632,0
6325,4616,0
6323,4611,0
6323,4611,0
6323,4611,0
6330,4615,0
6341,4621,0
6353,4626,0
6364,4625,0
6377,4616,0
6392,4603,0
6406,4587,0
6416,4569,0
6428,4554,0
6432,4536,0
6435,4526,0
6435,4527,0
6430,4531,0
6428,4541,0
6423,4560,0
6422,4587,0
6424,4621,0
6420,4645,0
6420,4658,0
6425,4664,0
6430,4664,0
6442,4663,0
6452,4657,0
6464,4649,0
6476,4647,0
6488,4650,0
6502,4665,0
6510,4681,0
6517,4703,0
6528,4721,0
6546,4736,0
6568,4736,0
6587,4733,1