already had a bad press before
777
1679,4241,0
1677,4242,0
1675,4233,0
1677,4221,0
1685,4199,0
1701,4168,0
1722,4133,0
1751,4108,0
1780,4090,0
1807,4089,0
1829,4098,0
1844,4119,0
1853,4150,0
1855,4186,0
1856,4223,0
1858,4259,0
1856,4275,0
1856,4275,0
1858,4279,0
1858,4279,0
1853,4261,0
1840,4238,0
1826,4220,0
1814,4210,0
1798,4209,0
1779,4221,0
1754,4242,0
1730,4273,0
1708,4317,0
1693,4364,0
1686,4409,0
1685,4442,0
1692,4461,0
1703,4463,0
1720,4453,0
1739,4425,0
1761,4386,0
1783,4333,0
1805,4290,0
1821,4250,0
1831,4232,0
1832,4232,0
1831,4232,0
1826,4253,0
1819,4287,0
1814,4328,0
1809,4370,0
1811,4410,0
1816,4437,0
1821,4457,0
1826,4460,0
1829,4456,0
1831,4439,1
1920,4059,0
1923,4058,0
1923,4058,0
1924,4062,0
1925,4082,0
1926,4111,0
1925,4152,0
1922,4201,0
1921,4254,0
1920,4304,0
1919,4345,0
1921,4386,0
1921,4410,0
1925,4425,0
1927,4429,0
1932,4428,0
1940,4418,1
2021,4155,0
2022,4155,0
2022,4155,0
2024,4174,0
2025,4211,0
2025,4256,0
2024,4310,0
2020,4360,0
2014,4403,0
2008,4425,0
2005,4433,0
2006,4432,0
2006,4413,0
2006,4372,0
2010,4317,0
2019,4266,0
2031,4222,0
2041,4196,0
2048,4181,0
2048,4177,0
2046,4177,0
2047,4198,0
2046,4231,0
2047,4264,0
2055,4299,0
2065,4316,0
2082,4325,0
2104,4320,0
2129,4301,0
2156,4270,0
2176,4232,0
2190,4194,0
2193,4156,0
2190,4140,0
2183,4138,0
2166,4138,0
2144,4162,0
2123,4204,0
2108,4253,0
2102,4304,0
2106,4348,0
2120,4378,0
2135,4395,0
2152,4403,0
2171,4402,1
2242,4175,0
2246,4166,0
2257,4155,0
2270,4146,0
2287,4145,0
2306,4148,0
2320,4157,0
2335,4169,0
2342,4179,0
2346,4190,0
2349,4197,0
2347,4202,0
2337,4209,0
2322,4222,0
2298,4238,0
2272,4258,0
2248,4290,0
2227,4329,0
2208,4372,0
2196,4412,0
2195,4442,0
2202,4460,0
2217,4465,0
2237,4454,0
2260,4428,0
2287,4384,0
2313,4325,0
2335,4264,0
2355,4225,0
2367,4205,0
2369,4203,0
2368,4208,0
2364,4234,0
2359,4286,0
2351,4339,0
2348,4390,0
2353,4435,0
2360,4466,0
2369,4476,0
2381,4480,0
2394,4468,1
2528,4230,0
2532,4208,0
2532,4191,0
2530,4179,0
2519,4174,0
2506,4179,0
2486,4194,0
2467,4222,0
2444,4267,0
2439,4328,0
2432,4368,0
2431,4394,0
2434,4405,0
2439,4408,0
2448,4401,0
2458,4368,0
2474,4321,0
2490,4256,0
2506,4191,0
2519,4140,0
2528,4102,0
2534,4082,0
2533,4079,0
2531,4080,0
2526,4104,0
2521,4157,0
2521,4229,0
2518,4288,0
2517,4340,0
2522,4384,0
2529,4420,0
2536,4430,0
2544,4432,0
2553,4420,0
2569,4394,0
2581,4346,0
2597,4290,0
2617,4244,0
2633,4204,0
2650,4180,0
2654,4174,0
2652,4175,0
2649,4203,0
2646,4251,0
2643,4303,0
2639,4342,0
2642,4375,0
2647,4391,0
2656,4396,0
2672,4386,0
2691,4361,0
2712,4319,0
2738,4274,0
2760,4230,0
2777,4201,0
2789,4193,0
2787,4188,0
2786,4193,0
2784,4220,0
2779,4258,0
2774,4307,0
2767,4352,0
2762,4403,0
2764,4454,0
2760,4489,0
2761,4536,0
2760,4575,0
2752,4600,0
2741,4616,0
2729,4630,0
2712,4640,0
2694,4647,0
2676,4653,0
2659,4654,0
2647,4654,0
2637,4654,0
2635,4654,1
2936,4082,0
2931,4098,0
2930,4125,0
2931,4165,0
2934,4211,0
2940,4262,0
2946,4320,0
2944,4365,0
2941,4396,0
2937,4408,0
2940,4410,0
2942,4406,0
2948,4381,0
2959,4336,0
2974,4286,0
2988,4235,0
3006,4204,0
3025,4187,0
3031,4179,0
3040,4188,0
3050,4214,0
3057,4251,0
3053,4279,0
3057,4318,0
3055,4345,0
3054,4355,0
3054,4354,0
3054,4354,0
3058,4343,0
3060,4307,0
3069,4258,0
3089,4213,0
3114,4179,0
3141,4159,0
3163,4153,0
3182,4161,0
3195,4172,0
3203,4186,0
3206,4198,0
3201,4205,0
3193,4218,0
3181,4229,0
3164,4237,0
3153,4257,0
3134,4275,0
3119,4301,0
3105,4326,0
3099,4355,0
3094,4371,0
3097,4382,0
3100,4386,0
3109,4381,0
3122,4375,0
3134,4346,0
3151,4311,0
3163,4265,0
3180,4239,0
3192,4228,0
3192,4227,0
3194,4236,0
3194,4268,0
3194,4307,0
3194,4348,0
3194,4380,0
3197,4409,0
3204,4428,0
3209,4430,0
3216,4422,0
3220,4394,1
3335,4215,0
3339,4208,0
3343,4205,0
3339,4203,0
3335,4196,0
3322,4190,0
3312,4196,0
3296,4204,0
3285,4228,0
3272,4258,0
3262,4295,0
3257,4329,0
3256,4357,0
3256,4366,0
3264,4367,0
3276,4355,0
3293,4324,0
3312,4278,0
3327,4219,0
3348,4167,0
3365,4124,0
3375,4094,0
3378,4085,0
3376,4085,0
3374,4091,0
3366,4114,0
3357,4156,0
3358,4210,0
3358,4257,0
3365,4298,0
3380,4331,0
3402,4365,0
3421,4381,0
3441,4384,0
3462,4381,0
3477,4364,1
3611,4181,0
3615,4174,0
3623,4159,0
3640,4153,0
3659,4145,0
3681,4146,0
3703,4151,0
3725,4164,0
3738,4175,0
3743,4181,0
3742,4182,0
3741,4182,0
3736,4186,0
3715,4190,0
3687,4204,0
3660,4231,0
3631,4258,0
3612,4293,0
3595,4326,0
3592,4362,0
3597,4386,0
3607,4394,0
3620,4396,0
3638,4390,0
3657,4369,0
3674,4335,0
3687,4289,0
3702,4246,0
3710,4217,0
3717,4208,0
3715,4204,0
3713,4205,0
3714,4215,0
3716,4242,0
3717,4280,0
3717,4318,0
3715,4352,0
3718,4383,0
3722,4403,0
3725,4412,0
3725,4411,1
3882,4081,0
3884,4085,0
3884,4089,0
3883,4109,0
3885,4147,0
3889,4188,0
3890,4237,0
3892,4283,0
3890,4323,0
3888,4353,0
3891,4376,0
3890,4377,0
3890,4377,0
3892,4370,0
3895,4345,0
3901,4302,0
3911,4251,0
3932,4208,0
3954,4171,0
3976,4151,0
3993,4144,0
4010,4151,0
4024,4174,0
4036,4211,0
4036,4251,0
4025,4288,0
4008,4329,0
3986,4365,0
3959,4393,0
3932,4411,0
3906,4423,0
3883,4425,0
3869,4419,0
3864,4413,0
3869,4395,0
3882,4372,0
3901,4345,1
4048,4152,0
4066,4144,0
4087,4139,0
4109,4137,0
4130,4141,0
4147,4147,0
4163,4160,0
4169,4171,0
4170,4186,0
4168,4198,0
4159,4210,0
4141,4223,0
4121,4247,0
4094,4273,0
4074,4307,0
4057,4338,0
4048,4365,0
4046,4376,0
4051,4378,0
4062,4374,0
4080,4362,0
4097,4330,0
4118,4290,0
4135,4247,0
4155,4222,0
4162,4212,0
4163,4211,0
4165,4219,0
4164,4240,0
4164,4275,0
4161,4308,0
4159,4339,0
4161,4363,0
4164,4379,0
4172,4389,0
4179,4389,0
4188,4377,1
4297,4187,0
4304,4172,0
4305,4155,0
4298,4145,0
4287,4145,0
4271,4152,0
4247,4171,0
4227,4208,0
4211,4255,0
4203,4301,0
4198,4335,0
4201,4358,0
4209,4372,0
4217,4370,0
4237,4367,0
4253,4343,0
4272,4304,0
4287,4251,0
4294,4195,0
4304,4147,0
4309,4116,0
4316,4100,0
4312,4093,0
4309,4090,0
4309,4096,0
4309,4112,0
4306,4145,0
4306,4191,0
4309,4245,0
4310,4295,0
4311,4339,0
4321,4386,0
4323,4422,0
4329,4452,0
4336,4476,0
4337,4476,1
4503,4193,0
4499,4213,0
4496,4242,0
4495,4285,0
4495,4336,0
4491,4391,0
4488,4445,0
4484,4494,0
4483,4541,0
4485,4579,0
4488,4602,0
4490,4606,0
4496,4606,1
4480,4275,0
4479,4251,0
4482,4223,0
4496,4200,0
4508,4174,0
4526,4159,0
4548,4150,0
4569,4147,0
4591,4155,0
4605,4169,0
4610,4191,0
4609,4225,0
4601,4268,0
4589,4316,0
4576,4358,0
4560,4391,0
4549,4416,0
4542,4427,0
4536,4427,0
4531,4420,0
4525,4405,1
4672,4142,0
4672,4142,0
4672,4142,0
4673,4156,0
4674,4188,0
4678,4227,0
4675,4268,0
4671,4308,0
4672,4344,0
4667,4365,0
4667,4374,0
4668,4374,0
4671,4372,0
4667,4349,0
4667,4312,0
4671,4272,0
4681,4241,0
4685,4217,0
4690,4211,0
4695,4213,0
4700,4219,0
4710,4242,0
4724,4267,0
4739,4286,0
4756,4297,0
4772,4294,0
4793,4285,0
4810,4266,0
4821,4234,0
4828,4200,0
4827,4162,0
4821,4140,0
4807,4131,0
4792,4135,0
4772,4153,0
4754,4191,0
4739,4237,0
4730,4283,0
4731,4325,0
4739,4355,0
4755,4379,0
4768,4388,0
4789,4391,0
4808,4385,0
4828,4362,1
4916,4155,0
4910,4144,0
4902,4141,0
4894,4143,0
4884,4152,0
4871,4176,0
4866,4213,0
4861,4251,0
4861,4294,0
4864,4329,0
4866,4360,0
4868,4386,0
4859,4399,0
4850,4407,0
4840,4410,0
4830,4408,0
4821,4406,0
4811,4382,0
4816,4367,1
4996,4155,0
4990,4155,0
4980,4159,0
4968,4166,0
4956,4184,0
4946,4208,0
4944,4239,0
4949,4272,0
4956,4304,0
4962,4331,0
4965,4356,0
4964,4379,0
4958,4394,0
4945,4408,0
4928,4418,0
4908,4425,0
4895,4431,0
4881,4432,0
4878,4430,0
4880,4427,0
4886,4422,1
5206,3997,0
5200,3991,0
5202,3990,0
5198,3988,0
5202,3995,0
5198,4010,0
5203,4041,0
5199,4080,0
5194,4126,0
5188,4172,0
5185,4215,0
5178,4251,0
5173,4279,0
5172,4302,0
5170,4304,0
5173,4307,0
5175,4299,0
5183,4280,0
5191,4238,0
5210,4200,0
5235,4170,0
5258,4145,0
5284,4135,0
5300,4136,0
5318,4147,0
5332,4166,0
5342,4196,0
5345,4228,0
5342,4259,0
5332,4299,0
5312,4325,0
5294,4350,0
5269,4364,0
5243,4372,0
5220,4373,0
5196,4367,0
5175,4355,0
5164,4343,0
5155,4324,0
5153,4304,0
5158,4282,1
5335,4268,0
5341,4273,0
5360,4275,0
5385,4273,0
5406,4256,0
5434,4233,0
5450,4203,0
5467,4174,0
5479,4142,0
5483,4114,0
5482,4097,0
5473,4089,0
5458,4089,0
5436,4101,0
5417,4128,0
5396,4167,0
5383,4212,0
5380,4261,0
5385,4302,0
5393,4334,0
5412,4361,0
5432,4380,0
5450,4391,0
5471,4392,0
5491,4388,1
5548,4077,0
5546,4073,0
5542,4072,0
5540,4075,0
5534,4087,0
5529,4116,0
5523,4159,0
5520,4215,0
5518,4277,0
5512,4343,0
5513,4406,0
5515,4461,0
5518,4514,0
5520,4554,0
5521,4581,0
5523,4591,0
5523,4590,1
5511,4262,0
5519,4259,0
5543,4256,0
5564,4246,0
5596,4233,0
5619,4214,0
5641,4190,0
5660,4168,0
5672,4147,0
5680,4132,0
5680,4126,0
5678,4128,0
5659,4126,0
5638,4132,0
5616,4151,0
5593,4182,0
5579,4223,0
5569,4263,0
5571,4309,0
5581,4344,0
5597,4369,0
5613,4381,0
5634,4381,0
5653,4372,0
5673,4351,0
5679,4314,0
5688,4275,0
5691,4242,0
5693,4208,0
5689,4182,0
5689,4164,0
5677,4147,0
5668,4134,1
5732,4109,0
5738,4114,0
5745,4123,0
5750,4148,0
5754,4181,0
5757,4215,0
5757,4250,0
5757,4324,0
5755,4355,0
5756,4373,0
5762,4378,0
5759,4376,0
5757,4354,0
5752,4312,0
5757,4268,0
5764,4225,0
5779,4189,0
5791,4155,0
5808,4135,0
5822,4118,0
5838,4106,0
5850,4098,0
5860,4098,0
5870,4099,0
5876,4104,0
5873,4108,0
5870,4117,1
5876,4278,0
5885,4280,0
5902,4279,0
5919,4271,0
5933,4255,0
5956,4234,0
5985,4179,0
5996,4153,0
5998,4132,0
5998,4120,0
5988,4113,0
5974,4111,0
5957,4120,0
5934,4141,0
5912,4173,0
5899,4214,0
5887,4258,0
5888,4302,0
5897,4341,0
5914,4363,0
5934,4376,0
5963,4379,0
6044,4321,0
6066,4290,0
6081,4264,0
6094,4242,1