effects. Although the Roman
567
776,3245,0
769,3245,0
771,3250,0
774,3250,0
782,3247,0
802,3244,0
822,3226,0
844,3211,0
868,3193,0
887,3178,0
905,3168,0
919,3153,0
922,3136,0
921,3129,0
916,3120,0
902,3115,0
886,3119,0
863,3121,0
837,3131,0
810,3140,0
782,3158,0
763,3184,0
750,3206,0
745,3226,0
747,3251,0
757,3272,0
776,3286,0
799,3296,0
828,3298,1
1076,2949,0
1065,2953,0
1054,2953,0
1043,2965,0
1030,2980,0
1020,3008,0
1011,3040,0
1008,3080,0
1011,3119,0
1018,3160,0
1025,3204,0
1034,3244,0
1041,3281,0
1047,3308,0
1052,3328,0
1054,3340,0
1052,3340,1
987,3179,0
988,3175,0
998,3180,0
1011,3175,0
1028,3180,1
1252,2983,0
1245,2972,0
1238,2965,0
1228,2957,0
1213,2950,1
1180,2975,0
1167,2991,0
1158,3019,0
1153,3047,0
1153,3083,0
1158,3116,0
1165,3156,0
1172,3187,0
1181,3223,0
1189,3259,0
1193,3283,0
1199,3310,1
1110,3185,0
1112,3185,0
1113,3185,0
1116,3180,0
1129,3185,0
1148,3184,0
1168,3179,0
1191,3175,0
1213,3170,1
1298,3168,1
1307,3164,0
1318,3159,0
1333,3150,0
1348,3136,1
1380,3098,0
1381,3089,0
1380,3081,0
1375,3074,0
1368,3070,0
1356,3067,0
1341,3069,0
1324,3078,0
1308,3095,0
1290,3110,0
1275,3126,0
1265,3147,0
1261,3168,0
1265,3191,0
1275,3206,0
1293,3221,0
1316,3232,0
1345,3241,0
1376,3238,0
1411,3235,1
1541,3040,0
1529,3037,0
1515,3040,0
1457,3096,0
1450,3113,0
1451,3134,0
1459,3152,0
1474,3171,0
1492,3176,0
1517,3185,0
1539,3182,0
1599,3163,1
1633,2967,0
1640,2977,0
1647,2996,0
1652,3016,0
1659,3043,0
1662,3066,0
1667,3090,0
1673,3110,0
1680,3128,1
1602,3037,1
1814,2987,0
1794,2992,0
1777,3000,0
1767,3011,0
1763,3020,0
1768,3035,0
1778,3045,0
1795,3062,0
1814,3074,0
1836,3084,0
1859,3099,0
1879,3110,0
1898,3129,0
1908,3139,0
1913,3150,0
1914,3163,0
1908,3168,0
1896,3172,0
1878,3172,0
1857,3173,0
1831,3168,0
1806,3162,0
1789,3158,0
1775,3148,0
1769,3142,1
2080,3098,0
2080,3098,0
2079,3095,0
2079,3095,0
2079,3095,0
2082,3098,0
2079,3095,0
2079,3095,0
2079,3095,1
2338,3103,1
2337,3099,0
2335,3091,0
2340,3084,0
2343,3066,0
2349,3040,0
2357,3011,0
2367,2980,0
2376,2945,0
2387,2913,0
2393,2875,0
2401,2840,0
2413,2812,0
2420,2786,0
2427,2773,0
2429,2772,0
2434,2779,0
2439,2794,0
2444,2818,0
2449,2847,0
2456,2875,0
2469,2905,0
2478,2931,0
2489,2957,0
2497,2975,1
2357,2972,0
2355,2967,0
2359,2970,0
2364,2968,0
2379,2970,0
2397,2967,0
2417,2961,0
2437,2956,0
2453,2948,1
2573,2794,0
2575,2815,0
2577,2842,0
2576,2870,0
2579,2905,0
2577,2938,0
2579,2969,0
2584,2993,0
2591,3008,1
2665,2772,1
2667,2780,0
2675,2799,0
2680,2819,0
2683,2841,0
2685,2862,0
2690,2888,0
2692,2910,0
2697,2935,0
2703,2959,0
2707,2975,0
2702,2982,0
2700,2989,1
2673,2871,0
2674,2869,0
2683,2869,0
2698,2869,0
2717,2868,1
2828,2764,1
2839,2894,0
2838,2929,0
2836,2953,0
2839,2966,0
2841,2970,0
2842,2968,0
2843,2967,0
2844,2963,0
2847,2951,0
2847,2927,0
2853,2900,0
2866,2873,0
2878,2845,0
2895,2824,0
2914,2811,0
2930,2804,0
2948,2806,0
2960,2813,0
2972,2829,0
2981,2852,0
2987,2881,0
2992,2907,0
2999,2931,0
3004,2948,0
3016,2965,1
3068,2869,0
3072,2890,0
3078,2910,0
3093,2929,0
3111,2946,0
3127,2948,0
3145,2950,0
3160,2944,0
3170,2936,0
3175,2923,0
3179,2910,0
3175,2888,0
3174,2869,1
3268,2813,1
3275,2849,0
3281,2870,0
3288,2890,1
3306,2916,0
3315,2919,0
3324,2918,0
3330,2912,0
3340,2905,0
3346,2888,0
3355,2871,0
3362,2849,0
3367,2824,0
3375,2806,0
3378,2794,0
3378,2793,0
3378,2794,0
3377,2794,0
3378,2804,0
3383,2820,0
3389,2842,0
3397,2861,0
3406,2874,0
3419,2885,0
3429,2886,1
3550,2805,0
3550,2805,0
3542,2796,0
3534,2787,0
3524,2780,1
3469,2787,0
3463,2808,0
3462,2831,0
3465,2849,0
3474,2863,0
3486,2869,0
3495,2866,0
3506,2861,0
3511,2851,0
3520,2844,0
3522,2830,0
3523,2813,0
3521,2799,0
3519,2789,0
3521,2793,0
3522,2798,0
3526,2816,0
3528,2841,0
3539,2880,0
3544,2918,0
3544,2960,0
3544,2999,0
3542,3033,0
3537,3057,0
3525,3073,0
3515,3086,0
3493,3090,0
3472,3091,0
3454,3085,0
3440,3070,0
3430,3042,0
3436,3006,1
3609,2687,1
3626,2810,0
3626,2820,0
3626,2821,0
3630,2823,0
3633,2820,0
3636,2811,0
3640,2796,0
3652,2779,0
3660,2760,0
3672,2748,0
3681,2745,0
3683,2743,0
3689,2748,0
3694,2760,0
3699,2777,0
3701,2799,0
3703,2818,0
3699,2829,0
3699,2840,0
3699,2844,1
4056,2591,1
4054,2605,0
4055,2630,0
4054,2661,0
4056,2697,0
4055,2729,0
4054,2753,0
4057,2774,0
4063,2793,1
3928,2702,0
3928,2702,0
3940,2708,0
3953,2712,0
3974,2718,1
4154,2563,0
4157,2565,0
4159,2569,0
4168,2584,0
4176,2606,0
4176,2632,0
4179,2661,0
4178,2688,0
4184,2712,0
4188,2726,0
4193,2731,0
4202,2733,0
4210,2729,0
4220,2717,0
4230,2699,0
4238,2675,0
4251,2652,0
4261,2634,0
4271,2627,0
4277,2627,0
4284,2631,0
4292,2640,0
4299,2655,0
4309,2669,0
4324,2683,0
4334,2688,0
4352,2693,0
4371,2694,0
4386,2688,0
4406,2682,0
4420,2671,0
4435,2656,0
4444,2636,0
4453,2618,0
4456,2600,0
4447,2584,0
4444,2576,0
4432,2572,0
4422,2572,0
4412,2578,0
4400,2589,0
4396,2608,0
4393,2631,0
4391,2654,0
4395,2677,0
4408,2697,0
4423,2712,0
4445,2723,0
4466,2727,1
4770,2536,1
4775,2552,0
4783,2569,0
4789,2588,0
4794,2610,0
4787,2627,0
4789,2647,0
4795,2666,0
4792,2677,1
4714,2511,1
4850,2407,0
4871,2411,0
4887,2422,0
4896,2439,0
4895,2457,0
4891,2478,0
4876,2495,0
4862,2511,0
4852,2527,0
4833,2536,0
4827,2545,0
4828,2550,0
4828,2557,0
4832,2567,0
4841,2581,0
4855,2597,0
4869,2612,0
4888,2627,0
4911,2643,0
4924,2652,0
4937,2662,1
5098,2490,0
5088,2483,0
5076,2479,0
5060,2475,0
5046,2477,1
4982,2514,0
4976,2538,0
4967,2562,0
4967,2584,0
4980,2608,0
4998,2625,0
5012,2632,0
5041,2640,0
5065,2639,0
5079,2630,0
5096,2620,0
5108,2607,0
5114,2589,0
5119,2567,0
5119,2541,0
5115,2516,1
5178,2463,0
5181,2465,0
5185,2468,0
5192,2478,0
5195,2490,0
5201,2513,0
5202,2535,0
5206,2559,0
5209,2572,0
5213,2580,0
5216,2581,0
5213,2579,0
5219,2577,0
5221,2565,0
5227,2548,0
5231,2524,0
5240,2499,0
5257,2478,0
5271,2460,0
5289,2453,0
5299,2451,0
5306,2455,0
5313,2466,0
5322,2484,0
5328,2506,0
5337,2524,0
5344,2536,0
5349,2541,0
5354,2541,0
5364,2541,0
5368,2533,0
5378,2522,0
5391,2507,0
5399,2485,0
5406,2462,0
5424,2445,0
5431,2432,0
5438,2427,0
5451,2429,0
5462,2434,0
5470,2444,0
5483,2461,0
5491,2483,0
5502,2504,0
5513,2524,1
5550,2480,0
5548,2475,0
5547,2470,0
5550,2463,0
5557,2449,0
5567,2438,0
5579,2423,0
5594,2411,0
5616,2403,0
5631,2401,0
5647,2403,0
5661,2412,0
5670,2421,0
5675,2438,0
5679,2458,0
5672,2478,0
5669,2503,0
5658,2524,0
5644,2542,0
5630,2553,0
5617,2559,0
5609,2557,0
5604,2551,0
5597,2538,0
5596,2523,0
5598,2509,0
5607,2499,0
5607,2492,0
5616,2492,0
5624,2495,0
5634,2502,0
5646,2513,0
5664,2531,0
5680,2543,0
5688,2553,0
5699,2557,0
5707,2560,1
5777,2420,1
5801,2443,0
5804,2464,0
5811,2487,0
5815,2507,0
5812,2521,0
5821,2531,0
5820,2533,0
5828,2533,0
5830,2530,0
5835,2521,0
5841,2508,0
5846,2487,0
5856,2467,0
5870,2448,0
5887,2431,0
5903,2416,0
5925,2407,0
5944,2402,0
5960,2399,0
5976,2401,0
5991,2408,0
6000,2417,0
6015,2430,0
6020,2448,0
6027,2463,0
6036,2481,0
6042,2495,0
6043,2504,1