Some problems of such a World
562
1256,1211,0
1252,1207,0
1249,1204,0
1237,1201,0
1213,1201,0
1189,1211,0
1155,1226,0
1121,1244,0
1092,1269,0
1071,1297,0
1056,1325,0
1050,1348,0
1056,1377,0
1072,1404,0
1095,1433,0
1116,1457,0
1132,1476,0
1149,1507,0
1154,1534,0
1146,1560,0
1131,1587,0
1106,1616,0
1071,1640,0
1028,1660,0
994,1691,0
958,1701,0
938,1710,0
931,1710,0
937,1698,1
1362,1508,0
1369,1498,0
1372,1485,0
1363,1470,0
1346,1462,1
1245,1515,0
1230,1544,0
1222,1570,0
1222,1590,0
1233,1601,0
1257,1606,0
1288,1602,0
1320,1585,0
1351,1558,0
1376,1533,0
1392,1512,0
1393,1496,0
1381,1487,0
1356,1484,0
1329,1493,0
1299,1503,1
1505,1453,0
1506,1457,0
1508,1465,0
1503,1483,0
1493,1506,0
1481,1527,0
1470,1546,0
1467,1560,0
1467,1560,0
1476,1557,0
1492,1540,0
1512,1517,0
1539,1496,0
1565,1483,0
1579,1473,0
1595,1479,0
1599,1491,0
1597,1509,0
1591,1529,0
1590,1546,0
1587,1551,0
1590,1550,0
1604,1549,0
1619,1535,0
1638,1518,0
1657,1506,0
1679,1505,0
1687,1506,0
1687,1515,0
1689,1535,0
1683,1551,0
1681,1566,0
1686,1576,1
1816,1517,0
1820,1520,0
1831,1523,0
1843,1525,0
1856,1522,0
1874,1517,0
1887,1504,0
1898,1493,0
1901,1481,0
1900,1473,0
1889,1465,0
1875,1465,0
1854,1478,0
1829,1502,0
1809,1530,0
1800,1562,0
1800,1585,0
1816,1599,0
1846,1606,0
1886,1602,0
1931,1590,1
2265,1582,0
2256,1636,0
2229,1692,0
2223,1727,0
2217,1751,1
2224,1443,0
2228,1439,0
2241,1433,0
2258,1423,0
2283,1421,0
2307,1421,0
2336,1426,0
2362,1433,0
2389,1446,0
2405,1459,0
2418,1474,0
2417,1486,0
2412,1502,0
2397,1517,0
2381,1532,0
2357,1544,0
2331,1551,1
2557,1439,0
2557,1440,0
2557,1440,0
2558,1444,0
2559,1456,0
2557,1476,0
2553,1498,0
2553,1517,0
2550,1525,0
2555,1527,0
2567,1524,0
2586,1509,0
2610,1488,1
2782,1460,0
2784,1458,0
2791,1449,0
2788,1439,0
2782,1433,0
2772,1433,0
2758,1440,0
2738,1452,0
2729,1471,0
2719,1490,0
2718,1509,0
2720,1520,0
2736,1525,0
2757,1525,0
2784,1517,0
2811,1502,0
2836,1481,0
2852,1462,0
2854,1443,0
2854,1431,0
2843,1425,0
2829,1425,0
2807,1427,0
2794,1432,0
2782,1434,1
2989,1264,0
2997,1258,0
3003,1255,0
3005,1260,0
3001,1276,0
2989,1303,0
2984,1343,0
2964,1389,0
2946,1438,0
2935,1476,0
2923,1499,0
2923,1512,0
2926,1515,0
2933,1512,0
2955,1503,0
2975,1488,0
2992,1479,0
3015,1479,0
3025,1484,0
3033,1496,0
3028,1508,0
3023,1523,0
3011,1539,0
2997,1553,0
2976,1562,0
2961,1568,0
2951,1568,0
2947,1560,0
2953,1545,1
3194,1263,0
3199,1247,0
3206,1240,0
3206,1242,0
3195,1254,0
3180,1283,0
3161,1324,0
3144,1373,0
3125,1427,0
3107,1478,0
3099,1520,0
3096,1545,0
3105,1560,1
3216,1500,0
3215,1501,0
3221,1500,0
3231,1498,0
3235,1491,0
3243,1479,0
3255,1467,0
3255,1452,0
3252,1442,0
3240,1438,0
3227,1444,0
3214,1459,0
3195,1480,0
3183,1508,0
3175,1534,0
3182,1559,0
3190,1570,0
3207,1573,0
3230,1568,0
3259,1559,0
3280,1541,1
3354,1457,0
3349,1457,0
3348,1457,0
3343,1459,0
3341,1471,0
3329,1490,0
3325,1513,0
3316,1529,0
3320,1537,0
3325,1537,0
3339,1528,0
3360,1509,0
3384,1483,0
3414,1464,0
3430,1450,0
3445,1448,0
3451,1453,0
3455,1464,0
3452,1478,0
3448,1491,0
3448,1500,0
3455,1504,0
3465,1503,0
3481,1491,0
3510,1479,0
3536,1464,0
3557,1459,0
3571,1459,0
3576,1467,0
3578,1479,0
3578,1496,0
3571,1508,0
3576,1517,1
3750,1411,0
3751,1409,0
3756,1406,0
3754,1404,0
3742,1401,0
3727,1405,0
3710,1414,0
3691,1424,0
3680,1436,0
3676,1445,0
3678,1451,0
3689,1456,0
3709,1459,0
3733,1465,0
3753,1469,0
3768,1476,0
3773,1483,0
3769,1492,0
3752,1507,0
3732,1522,0
3711,1537,0
3687,1547,0
3670,1553,0
3665,1554,0
3668,1549,1
4176,1393,0
4176,1393,0
4180,1392,0
4177,1389,0
4181,1389,0
4179,1385,0
4172,1380,0
4160,1377,0
4138,1380,0
4115,1393,0
4089,1414,0
4070,1440,0
4059,1466,0
4061,1491,0
4068,1503,0
4087,1510,0
4119,1508,0
4155,1494,0
4186,1474,0
4214,1448,0
4229,1422,0
4232,1401,0
4222,1385,0
4208,1377,0
4182,1377,0
4157,1385,0
4131,1397,0
4117,1411,0
4114,1418,1
4386,1232,0
4392,1216,0
4394,1207,0
4387,1204,0
4377,1208,0
4369,1223,0
4355,1251,0
4340,1295,0
4327,1355,0
4319,1423,0
4316,1493,0
4314,1551,0
4312,1594,0
4316,1626,0
4314,1640,0
4312,1643,0
4304,1633,1
4271,1435,0
4276,1433,0
4290,1430,0
4311,1432,0
4333,1433,1
4697,1339,0
4689,1336,0
4685,1335,0
4672,1335,0
4654,1341,0
4633,1351,0
4616,1365,0
4602,1381,0
4597,1396,0
4601,1409,0
4610,1420,0
4628,1430,0
4649,1442,0
4675,1452,0
4688,1462,0
4702,1471,0
4707,1481,0
4700,1490,0
4678,1501,0
4653,1511,0
4625,1518,0
4601,1524,0
4579,1525,0
4567,1522,0
4570,1515,1
4787,1370,0
4789,1367,0
4788,1369,0
4782,1372,0
4772,1377,0
4765,1386,0
4758,1395,0
4753,1408,0
4753,1422,0
4753,1435,0
4756,1450,0
4765,1463,0
4775,1470,0
4782,1472,0
4796,1470,0
4811,1462,0
4829,1447,0
4848,1428,0
4868,1408,0
4885,1394,0
4892,1385,0
4896,1384,0
4896,1385,0
4889,1394,0
4880,1409,1
5087,1363,0
5087,1361,0
5092,1359,0
5093,1357,0
5081,1355,0
5072,1356,0
5050,1362,0
5024,1376,0
5002,1394,0
4984,1411,0
4977,1431,0
4972,1450,0
4976,1462,0
4994,1471,0
5018,1475,0
5036,1471,0
5063,1464,1
5222,1250,0
5219,1249,0
5218,1250,0
5220,1258,0
5211,1277,0
5199,1306,0
5185,1343,0
5174,1380,0
5165,1411,0
5163,1431,0
5167,1444,0
5178,1449,0
5196,1445,0
5228,1438,0
5249,1434,0
5265,1436,0
5275,1446,0
5283,1461,0
5282,1477,0
5281,1492,0
5282,1504,1
5533,1431,0
5535,1426,0
5537,1418,0
5535,1413,0
5528,1407,0
5519,1407,0
5510,1412,0
5494,1422,0
5487,1437,0
5482,1453,0
5482,1465,0
5489,1471,0
5501,1471,0
5518,1469,0
5537,1462,0
5552,1452,0
5571,1444,0
5577,1438,0
5585,1440,0
5583,1447,0
5574,1462,0
5573,1481,0
5571,1491,0
5573,1494,0
5588,1488,1
5788,1221,0
5799,1212,0
5804,1207,0
5804,1208,0
5802,1216,0
5797,1238,0
5789,1276,0
5777,1326,0
5767,1380,0
5764,1423,0
5766,1444,0
5776,1454,0
5793,1456,0
5815,1449,0
5836,1430,0
5858,1411,0
5875,1397,0
5887,1394,0
5894,1398,0
5899,1414,0
5897,1435,0
5897,1455,0
5902,1467,0
5913,1470,0
5928,1461,0
5959,1438,0
5990,1397,0
6025,1351,0
6054,1300,0
6078,1262,0
6105,1237,0
6124,1225,0
6137,1222,1
6141,1385,0
6146,1382,0
6148,1372,0
6152,1358,0
6150,1346,0
6143,1340,0
6131,1343,0
6107,1355,0
6085,1377,0
6071,1403,0
6061,1427,0
6061,1442,0
6068,1450,0
6079,1450,0
6102,1442,0
6122,1426,0
6141,1402,0
6155,1377,0
6160,1354,0
6157,1336,0
6150,1331,0
6142,1329,0
6128,1334,0
6114,1342,0
6107,1357,1
6218,1354,0
6218,1356,0
6221,1358,0
6223,1369,0
6219,1385,0
6210,1404,0
6203,1421,0
6196,1430,0
6200,1432,0
6208,1430,0
6227,1417,0
6249,1395,0
6277,1366,1
6459,1202,0
6464,1196,0
6469,1196,0
6459,1198,0
6449,1211,0
6428,1235,0
6409,1268,0
6384,1307,0
6359,1349,0
6349,1390,0
6347,1418,0
6351,1435,0
6366,1441,0
6386,1442,0
6408,1436,0
6423,1428,0
6437,1418,1
6563,1393,0
6560,1386,0
6553,1374,0
6553,1362,0
6546,1353,0
6535,1350,0
6522,1350,0
6512,1360,0
6500,1378,0
6490,1400,0
6486,1421,0
6495,1435,0
6506,1442,0
6531,1442,0
6558,1430,0
6587,1410,0
6618,1380,0
6650,1346,0
6671,1304,0
6688,1254,0
6700,1218,0
6709,1192,0
6711,1177,0
6709,1170,0
6697,1168,1