questions, such as birth control
776
792,2821,0
788,2817,0
785,2804,0
781,2796,0
774,2783,0
763,2774,0
749,2760,0
735,2754,0
717,2739,0
699,2733,0
681,2730,0
661,2735,0
641,2752,0
625,2777,0
613,2803,0
607,2831,0
606,2856,0
612,2869,0
622,2875,0
638,2869,0
657,2856,0
675,2835,0
692,2808,0
704,2786,0
714,2767,0
720,2748,0
723,2729,0
725,2720,0
725,2720,0
723,2720,0
723,2724,0
723,2748,0
724,2773,0
726,2805,0
728,2837,0
728,2882,0
728,2935,0
728,2975,0
731,3011,0
733,3040,0
735,3052,0
738,3057,0
743,3045,0
748,3021,0
755,2982,1
818,2760,0
817,2763,0
815,2764,0
813,2771,0
809,2787,0
806,2807,0
805,2830,0
806,2851,0
812,2872,0
823,2885,0
836,2882,0
850,2871,0
864,2852,0
877,2832,0
886,2809,0
894,2786,0
898,2774,0
897,2767,0
897,2770,0
893,2778,0
887,2789,0
885,2810,0
888,2825,0
896,2835,0
909,2843,0
926,2844,0
945,2842,0
967,2835,0
986,2823,0
1005,2803,0
1019,2788,0
1027,2768,0
1029,2753,0
1026,2740,0
1020,2728,0
1011,2728,0
1002,2731,0
993,2748,0
984,2767,0
981,2795,0
985,2823,0
994,2840,0
1011,2852,0
1034,2852,0
1059,2841,0
1087,2825,0
1114,2801,0
1139,2768,0
1161,2743,0
1177,2719,0
1187,2702,0
1189,2698,0
1189,2698,0
1189,2707,0
1191,2722,0
1193,2738,0
1197,2758,0
1203,2782,0
1206,2794,0
1210,2809,0
1212,2817,0
1213,2825,0
1211,2821,0
1208,2822,0
1206,2818,0
1204,2809,0
1207,2798,0
1213,2773,0
1229,2752,0
1252,2727,0
1276,2693,0
1303,2659,0
1327,2620,0
1345,2582,0
1358,2544,0
1367,2515,0
1372,2499,0
1370,2495,0
1370,2502,0
1358,2516,0
1348,2554,0
1339,2599,0
1333,2644,0
1331,2688,0
1328,2725,0
1324,2749,0
1319,2765,0
1312,2774,0
1307,2770,0
1301,2772,0
1293,2768,0
1288,2764,0
1283,2757,0
1285,2753,0
1291,2741,0
1309,2734,0
1331,2732,0
1353,2730,0
1376,2732,0
1398,2733,0
1420,2731,0
1440,2727,0
1455,2725,0
1465,2728,0
1471,2731,0
1472,2735,0
1471,2735,0
1474,2739,0
1474,2734,1
1543,2536,0
1541,2536,0
1541,2536,0
1541,2540,0
1543,2544,1
1618,2643,0
1609,2641,0
1596,2644,0
1580,2647,0
1572,2661,0
1564,2670,0
1563,2687,0
1565,2699,0
1572,2713,0
1584,2724,0
1599,2724,0
1616,2721,0
1633,2705,0
1648,2689,0
1656,2671,0
1660,2658,0
1659,2650,0
1657,2647,0
1652,2648,0
1650,2656,0
1645,2666,0
1644,2682,0
1650,2697,0
1662,2711,0
1674,2712,0
1693,2712,0
1713,2702,0
1734,2693,0
1749,2673,0
1767,2659,0
1778,2644,0
1787,2634,0
1790,2632,0
1788,2633,0
1783,2639,0
1782,2656,0
1780,2668,0
1786,2680,0
1795,2685,0
1809,2685,0
1824,2676,0
1843,2671,0
1857,2658,0
1869,2647,0
1878,2639,0
1882,2634,0
1882,2634,0
1880,2634,0
1882,2642,0
1882,2659,0
1884,2675,0
1886,2687,0
1900,2703,0
1917,2710,0
1944,2714,0
1972,2704,0
2002,2690,0
2033,2673,0
2059,2650,0
2084,2627,0
2104,2603,0
2119,2583,0
2125,2567,0
2125,2567,0
2123,2568,0
2121,2569,0
2122,2573,0
2122,2581,0
2126,2597,0
2130,2613,0
2133,2628,0
2137,2644,0
2139,2656,0
2143,2668,0
2142,2673,0
2140,2678,0
2130,2682,0
2122,2690,0
2113,2693,0
2104,2688,0
2100,2681,1
2272,2689,0
2272,2693,0
2268,2700,0
2254,2719,0
2234,2746,0
2213,2773,0
2203,2795,0
2200,2801,0
2204,2789,1
2509,2673,0
2506,2675,0
2506,2675,0
2507,2675,0
2508,2675,0
2515,2671,0
2526,2659,0
2543,2640,0
2563,2614,0
2580,2580,0
2598,2555,0
2613,2532,0
2620,2518,0
2622,2511,0
2622,2511,0
2622,2515,0
2619,2523,0
2616,2544,0
2609,2572,0
2603,2603,0
2603,2632,0
2603,2656,0
2604,2669,0
2601,2671,0
2600,2672,0
2596,2669,0
2592,2667,0
2590,2663,0
2593,2662,0
2598,2658,0
2612,2646,0
2632,2632,0
2654,2614,0
2675,2596,0
2700,2579,0
2724,2558,0
2745,2538,0
2759,2524,0
2767,2523,0
2765,2524,0
2760,2533,0
2751,2549,0
2745,2568,0
2740,2586,0
2739,2601,0
2740,2610,0
2749,2619,0
2761,2620,0
2773,2612,0
2791,2600,0
2806,2579,0
2818,2560,0
2828,2543,0
2832,2530,0
2832,2524,0
2832,2525,0
2828,2528,0
2821,2538,0
2820,2559,0
2819,2574,0
2824,2591,0
2834,2603,0
2848,2608,0
2868,2608,0
2884,2596,0
2909,2588,0
2926,2569,0
2946,2554,0
2962,2536,0
2972,2518,0
2984,2509,0
2988,2500,0
2991,2497,0
2990,2498,0
2993,2501,0
2992,2502,0
2992,2502,0
2992,2502,0
2992,2502,0
2992,2502,0
2988,2500,0
2982,2499,0
2980,2502,0
2968,2506,0
2956,2521,0
2946,2544,0
2931,2565,0
2924,2586,0
2926,2605,0
2929,2613,0
2939,2614,0
2956,2611,0
2982,2603,0
3008,2586,0
3040,2565,0
3074,2537,0
3108,2509,0
3134,2475,0
3160,2446,0
3175,2417,0
3182,2388,0
3188,2365,0
3180,2350,0
3167,2341,0
3155,2342,0
3135,2349,0
3117,2366,0
3105,2393,0
3088,2420,0
3080,2453,0
3078,2492,0
3079,2528,0
3088,2557,0
3105,2574,0
3127,2577,0
3158,2566,0
3192,2546,0
3218,2523,0
3241,2513,0
3252,2508,0
3255,2510,0
3255,2522,0
3250,2542,0
3246,2563,0
3249,2581,1
3577,2482,0
3571,2478,0
3563,2474,0
3548,2473,0
3527,2472,0
3512,2477,0
3495,2482,0
3480,2492,0
3463,2504,0
3450,2523,0
3442,2543,0
3443,2558,0
3448,2564,0
3460,2564,0
3480,2561,0
3496,2545,0
3519,2526,0
3536,2509,0
3547,2492,0
3556,2482,0
3560,2478,0
3559,2480,0
3558,2486,0
3548,2502,0
3538,2524,0
3539,2545,0
3540,2556,0
3546,2562,0
3564,2566,0
3585,2562,0
3607,2550,0
3629,2533,0
3652,2514,0
3675,2495,0
3688,2473,0
3696,2458,0
3699,2448,0
3697,2444,0
3696,2446,0
3695,2448,0
3694,2449,0
3696,2453,0
3700,2460,0
3708,2469,0
3721,2484,0
3730,2497,0
3741,2511,0
3748,2521,0
3755,2531,0
3753,2538,0
3744,2549,0
3729,2560,0
3718,2567,0
3712,2567,0
3712,2561,0
3723,2549,0
3740,2523,1
4129,2510,0
4134,2497,0
4154,2478,0
4173,2452,0
4193,2425,0
4206,2392,0
4220,2360,0
4232,2328,0
4235,2295,0
4233,2269,0
4232,2256,0
4216,2252,0
4192,2258,0
4169,2280,0
4142,2311,0
4117,2352,0
4097,2400,0
4082,2446,0
4082,2487,0
4091,2514,0
4110,2528,0
4135,2528,0
4158,2518,0
4182,2499,0
4205,2477,0
4222,2453,0
4231,2434,0
4231,2420,0
4229,2416,0
4228,2417,0
4221,2420,0
4217,2427,0
4215,2436,0
4227,2453,0
4238,2465,0
4256,2474,0
4279,2476,0
4307,2473,0
4334,2461,0
4360,2446,0
4378,2432,0
4391,2420,0
4400,2416,0
4400,2415,0
4398,2417,0
4396,2422,0
4386,2435,0
4381,2451,0
4377,2463,0
4384,2473,0
4387,2475,0
4396,2471,0
4403,2459,1
4406,2289,0
4407,2289,0
4407,2289,0
4406,2289,0
4410,2292,1
4478,2369,0
4483,2377,0
4487,2386,0
4488,2398,0
4483,2413,0
4476,2430,0
4474,2448,0
4478,2464,0
4474,2469,0
4477,2472,0
4479,2470,0
4483,2465,0
4483,2449,0
4484,2432,0
4483,2414,0
4483,2399,0
4482,2386,0
4478,2376,0
4480,2372,0
4481,2371,0
4490,2374,0
4497,2376,0
4509,2380,0
4526,2384,0
4542,2381,0
4565,2374,0
4589,2360,0
4614,2340,0
4638,2318,0
4656,2296,0
4666,2277,0
4671,2262,0
4671,2246,0
4669,2234,0
4668,2227,0
4664,2225,0
4664,2227,0
4660,2234,0
4661,2256,0
4659,2282,0
4658,2315,0
4657,2354,0
4649,2391,0
4645,2427,0
4637,2455,0
4629,2475,0
4622,2485,0
4618,2485,0
4618,2478,0
4618,2464,0
4620,2451,0
4624,2439,0
4625,2429,0
4637,2425,0
4649,2415,0
4670,2403,0
4698,2390,0
4728,2369,0
4753,2343,0
4784,2314,0
4803,2282,0
4821,2250,0
4831,2222,0
4830,2198,0
4824,2184,0
4809,2179,0
4792,2185,0
4775,2201,0
4753,2224,0
4739,2255,0
4734,2289,0
4734,2321,0
4741,2347,0
4754,2366,0
4778,2380,0
4804,2384,0
4832,2383,0
4859,2376,0
4876,2363,0
4892,2351,0
4898,2341,0
4900,2338,0
4898,2340,0
4897,2342,0
4891,2353,0
4890,2371,0
4889,2388,0
4902,2406,0
4915,2414,1
5330,2323,0
5327,2321,0
5322,2313,0
5315,2306,0
5308,2304,0
5298,2306,0
5279,2318,0
5255,2337,0
5234,2359,0
5224,2380,0
5217,2392,0
5228,2407,0
5238,2412,0
5261,2412,0
5289,2409,0
5313,2398,0
5341,2380,0
5375,2359,0
5405,2335,0
5426,2311,0
5441,2297,0
5448,2292,0
5444,2291,0
5448,2292,0
5446,2296,0
5446,2294,0
5450,2297,0
5450,2296,0
5450,2296,0
5449,2290,0
5443,2285,0
5431,2281,0
5419,2278,0
5400,2280,0
5380,2294,0
5364,2309,0
5351,2333,0
5346,2354,0
5345,2373,0
5351,2385,0
5366,2393,0
5383,2394,0
5405,2387,0
5424,2374,0
5443,2355,0
5455,2332,0
5461,2311,0
5463,2296,0
5463,2287,0
5463,2287,0
5459,2287,0
5457,2292,0
5459,2307,0
5458,2325,0
5461,2339,0
5473,2350,0
5488,2356,0
5508,2351,0
5532,2338,0
5550,2319,0
5568,2300,0
5580,2285,0
5583,2278,0
5583,2277,0
5580,2277,0
5581,2282,0
5576,2292,0
5573,2309,0
5571,2323,0
5583,2335,0
5595,2337,0
5610,2334,0
5637,2323,0
5663,2307,0
5684,2290,0
5699,2277,0
5706,2269,0
5711,2269,0
5709,2272,0
5705,2280,0
5698,2297,0
5692,2321,0
5686,2342,0
5691,2359,0
5700,2367,0
5718,2368,0
5746,2354,0
5775,2330,0
5809,2295,0
5838,2259,0
5868,2219,0
5890,2179,0
5908,2144,0
5920,2116,0
5927,2099,0
5923,2097,0
5917,2101,0
5903,2116,0
5890,2145,0
5876,2181,0
5865,2216,0
5856,2246,0
5847,2268,0
5840,2284,0
5836,2294,0
5826,2297,0
5815,2301,0
5805,2303,0
5793,2301,0
5788,2301,0
5792,2302,0
5793,2301,0
5809,2305,0
5824,2309,0
5839,2315,0
5859,2320,0
5882,2326,0
5900,2335,0
5919,2344,0
5933,2350,0
5943,2356,0
5947,2358,0
5951,2359,0
5947,2357,0
5948,2355,0
5945,2345,0
5938,2328,0
5941,2313,0
5940,2296,0
5938,2279,0
5940,2266,0
5940,2256,0
5937,2252,0
5941,2252,0
5941,2252,0
5952,2257,0
5960,2260,0
5962,2263,0
5970,2265,0
5978,2268,0
5990,2270,0
5995,2269,0
6003,2271,0
6006,2273,0
6005,2275,1
6116,2271,0
6113,2267,0
6107,2260,0
6105,2253,0
6095,2247,0
6088,2244,0
6075,2244,0
6064,2248,0
6053,2255,0
6049,2264,0
6047,2277,0
6050,2293,0
6057,2307,0
6065,2318,0
6084,2324,0
6102,2325,0
6126,2317,0
6141,2304,0
6155,2289,0
6157,2275,0
6158,2263,0
6150,2249,0
6136,2241,0
6124,2239,0
6107,2239,0
6101,2244,0
6099,2248,0
6101,2255,0
6112,2259,0
6133,2260,0
6158,2251,0
6190,2236,0
6225,2214,0
6256,2190,0
6280,2162,0
6300,2133,0
6317,2108,0
6324,2089,0
6321,2076,0
6309,2070,0
6292,2074,0
6270,2086,0
6256,2111,0
6236,2142,0
6225,2183,0
6217,2224,0
6220,2258,0
6242,2291,0
6271,2314,0
6306,2334,0
6338,2352,0
6363,2363,0
6386,2370,1