Summons to the unknown.
461
704,1543,0
702,1542,0
694,1536,0
686,1537,0
670,1537,0
651,1544,0
625,1557,0
597,1573,0
571,1593,0
550,1615,0
539,1636,0
535,1657,0
540,1679,0
551,1705,0
567,1727,0
586,1754,0
602,1780,0
614,1804,0
620,1831,0
617,1850,0
604,1868,0
598,1895,0
577,1906,0
612,1940,0
586,1958,0
571,1962,0
562,1964,0
559,1959,0
557,1954,1
721,1716,0
719,1720,0
714,1727,0
704,1741,0
694,1767,0
678,1792,0
668,1826,0
662,1850,0
665,1867,0
676,1874,0
693,1874,0
716,1859,0
747,1836,0
781,1814,0
813,1787,0
839,1771,0
854,1761,0
858,1766,0
856,1773,0
853,1793,0
846,1809,0
839,1827,0
836,1847,0
837,1855,0
844,1853,1
982,1738,0
977,1754,0
971,1777,0
961,1797,0
949,1820,0
940,1848,0
932,1858,0
932,1862,0
936,1859,0
945,1848,0
964,1821,0
991,1790,0
1024,1759,0
1055,1728,0
1080,1709,0
1095,1705,0
1099,1713,0
1093,1729,0
1079,1761,0
1060,1797,0
1039,1829,0
1029,1856,0
1027,1867,0
1037,1872,0
1050,1860,0
1076,1841,0
1106,1809,0
1142,1780,0
1178,1749,0
1212,1731,0
1235,1721,0
1246,1724,0
1249,1732,0
1245,1744,0
1237,1766,0
1227,1794,0
1211,1816,1
1341,1727,0
1334,1744,0
1322,1766,0
1317,1792,0
1305,1809,0
1298,1830,0
1293,1836,0
1293,1835,0
1300,1834,0
1310,1821,0
1329,1802,0
1350,1774,0
1380,1753,0
1405,1727,0
1427,1710,0
1442,1707,0
1447,1713,0
1443,1727,0
1432,1750,0
1414,1778,0
1399,1810,0
1389,1828,0
1392,1836,0
1400,1834,0
1422,1826,0
1450,1804,0
1488,1778,0
1525,1747,0
1561,1728,0
1585,1720,0
1592,1723,0
1592,1735,0
1582,1751,0
1571,1775,0
1560,1800,0
1557,1821,0
1561,1833,1
1797,1706,0
1782,1704,0
1766,1711,0
1746,1725,0
1718,1740,0
1693,1767,0
1671,1792,0
1659,1819,0
1657,1836,0
1667,1845,0
1686,1847,0
1706,1835,0
1735,1820,0
1757,1798,0
1770,1775,0
1775,1764,0
1775,1760,0
1767,1754,0
1754,1751,0
1744,1751,0
1740,1753,1
1887,1706,0
1881,1718,0
1874,1740,0
1865,1762,0
1853,1781,0
1846,1798,0
1845,1807,0
1844,1803,0
1852,1800,0
1868,1788,0
1890,1763,0
1925,1741,0
1956,1713,0
1986,1696,0
2002,1691,0
2009,1698,0
2003,1710,0
1996,1737,0
1978,1766,0
1961,1794,0
1959,1822,1
2198,1675,0
2188,1678,0
2177,1686,0
2171,1696,0
2161,1707,0
2159,1729,0
2155,1745,0
2163,1764,0
2170,1778,0
2171,1788,0
2169,1794,0
2162,1799,0
2145,1804,0
2126,1812,0
2106,1815,0
2094,1814,0
2091,1811,1
2680,1504,0
2675,1505,0
2675,1510,0
2667,1526,0
2649,1554,0
2622,1590,0
2591,1633,0
2563,1679,0
2536,1717,0
2516,1744,0
2507,1764,0
2496,1769,0
2487,1765,1
2520,1681,0
2522,1679,0
2531,1681,0
2537,1681,0
2554,1687,0
2574,1691,0
2591,1691,0
2612,1693,1
2805,1648,0
2780,1653,0
2755,1668,0
2728,1687,0
2707,1715,0
2690,1744,0
2673,1768,0
2673,1790,0
2685,1801,0
2700,1803,0
2724,1795,0
2743,1775,0
2768,1756,0
2786,1737,0
2789,1721,0
2786,1713,0
2782,1710,1
3296,1522,0
3291,1529,0
3285,1547,0
3269,1573,0
3247,1606,0
3228,1643,0
3202,1679,0
3182,1713,0
3163,1739,1
3173,1665,0
3177,1666,0
3182,1665,0
3200,1669,0
3214,1669,0
3235,1666,0
3259,1660,0
3281,1650,0
3305,1634,1
3450,1521,0
3438,1536,0
3423,1561,0
3401,1590,0
3376,1621,0
3350,1653,0
3332,1681,0
3321,1698,0
3322,1704,0
3327,1703,0
3340,1697,0
3357,1680,0
3383,1662,0
3411,1647,0
3428,1636,0
3441,1638,0
3445,1645,0
3450,1662,0
3446,1683,0
3445,1707,0
3443,1730,0
3456,1748,0
3473,1758,0
3492,1759,0
3516,1750,0
3549,1737,0
3578,1714,0
3608,1686,0
3634,1659,0
3650,1638,0
3649,1624,0
3642,1621,0
3621,1626,0
3593,1642,0
3568,1667,0
3547,1695,0
3543,1723,0
3553,1744,0
3574,1757,0
3607,1756,0
3658,1749,1
4028,1627,0
4018,1637,0
4007,1651,0
3998,1668,0
3992,1689,0
3986,1708,0
3987,1725,0
3998,1737,0
4005,1742,0
4027,1743,0
4044,1735,0
4070,1722,0
4100,1706,0
4127,1688,0
4154,1669,0
4176,1660,0
4186,1657,0
4182,1658,0
4179,1662,0
4174,1674,0
4162,1688,0
4155,1705,0
4151,1720,0
4145,1724,0
4152,1720,1
4278,1640,0
4267,1657,0
4256,1681,0
4244,1704,0
4234,1725,0
4222,1738,0
4225,1742,0
4231,1739,0
4249,1732,0
4266,1714,0
4294,1692,0
4325,1672,0
4357,1652,0
4385,1639,0
4404,1634,0
4408,1635,0
4413,1644,0
4407,1657,0
4399,1676,0
4385,1697,0
4370,1719,1
4540,1505,0
4543,1506,0
4538,1510,0
4533,1524,0
4519,1547,0
4498,1577,0
4476,1609,0
4454,1639,0
4442,1667,1
4591,1591,0
4567,1599,0
4538,1616,0
4513,1635,0
4483,1656,0
4468,1678,0
4452,1695,0
4454,1710,0
4461,1721,0
4478,1723,0
4502,1718,0
4535,1704,0
4566,1684,1
4681,1593,0
4673,1601,0
4673,1616,0
4659,1630,0
4650,1648,0
4634,1667,0
4623,1683,0
4618,1694,0
4618,1695,0
4626,1695,0
4635,1686,0
4658,1672,0
4691,1655,0
4719,1638,0
4741,1627,0
4760,1625,0
4763,1626,0
4763,1635,0
4762,1651,0
4753,1671,0
4740,1694,1
4912,1619,0
4904,1618,0
4888,1623,0
4871,1635,0
4854,1655,0
4833,1677,0
4824,1699,0
4824,1710,0
4830,1716,0
4852,1715,0
4871,1702,0
4900,1683,0
4926,1661,0
4943,1638,0
4953,1622,0
4949,1611,0
4938,1607,0
4922,1604,0
4908,1607,0
4893,1611,0
4890,1619,1
5026,1596,0
5025,1602,0
5025,1613,0
5018,1629,0
5014,1652,0
5008,1671,0
5005,1689,0
5004,1700,0
5011,1706,0
5016,1703,0
5033,1696,0
5059,1682,0
5082,1666,0
5100,1652,0
5114,1648,0
5117,1652,0
5115,1659,0
5113,1674,0
5107,1691,0
5104,1710,0
5101,1716,0
5110,1718,0
5126,1708,0
5154,1689,0
5181,1663,0
5205,1643,0
5223,1630,0
5229,1625,0
5234,1623,1
5270,1602,0
5265,1604,0
5267,1614,0
5262,1627,0
5253,1641,0
5244,1655,0
5240,1665,0
5239,1669,0
5247,1669,0
5262,1663,0
5280,1649,0
5310,1634,0
5341,1618,0
5370,1607,0
5383,1607,0
5385,1611,0
5390,1623,0
5385,1635,0
5380,1652,0
5369,1672,0
5368,1687,1
5627,1710,0
5621,1715,0
5614,1722,0
5615,1732,0
5614,1737,0
5617,1739,0
5622,1737,0
5633,1729,0
5646,1718,0
5649,1705,0
5648,1697,0
5646,1693,0
5638,1690,0
5633,1692,0
5628,1694,0
5626,1702,0
5631,1711,1