was rushed out to Rhodesia. And
692
1256,2586,0
1257,2578,0
1266,2573,0
1270,2569,0
1269,2569,0
1267,2574,0
1263,2598,0
1250,2634,0
1241,2683,0
1240,2724,0
1248,2751,0
1261,2758,0
1276,2753,0
1298,2740,0
1317,2717,0
1333,2696,0
1341,2691,0
1339,2692,0
1336,2700,0
1331,2717,0
1331,2736,0
1339,2751,0
1353,2758,0
1375,2752,0
1405,2744,0
1436,2724,0
1464,2704,0
1477,2678,0
1479,2657,0
1472,2637,0
1462,2623,0
1448,2613,0
1432,2607,0
1414,2602,0
1399,2608,0
1386,2613,0
1386,2622,1
1618,2593,0
1619,2593,0
1624,2589,0
1625,2579,0
1620,2573,0
1609,2567,0
1592,2567,0
1572,2579,0
1549,2596,0
1532,2620,0
1523,2633,0
1527,2649,0
1540,2659,0
1558,2663,0
1577,2656,0
1600,2647,0
1620,2630,0
1635,2614,0
1648,2603,0
1652,2598,0
1651,2598,0
1650,2603,0
1644,2613,0
1641,2638,0
1635,2659,0
1636,2684,0
1633,2692,0
1639,2700,0
1649,2701,0
1665,2697,0
1686,2689,0
1705,2667,0
1730,2644,1
1795,2581,0
1790,2579,0
1782,2572,0
1771,2567,0
1756,2563,0
1742,2559,0
1732,2561,0
1727,2562,0
1726,2567,0
1725,2567,0
1732,2574,0
1751,2585,0
1778,2591,0
1814,2596,0
1850,2601,0
1872,2603,0
1878,2605,0
1878,2609,0
1873,2620,0
1861,2632,0
1848,2644,0
1836,2661,0
1819,2670,0
1803,2678,0
1792,2678,0
1788,2671,0
1785,2659,0
1785,2642,1
2063,2514,0
2059,2513,0
2055,2518,0
2052,2537,0
2046,2561,0
2043,2588,0
2042,2615,0
2041,2632,0
2040,2637,0
2045,2639,0
2046,2634,0
2047,2625,0
2049,2612,0
2048,2586,0
2047,2560,0
2048,2538,0
2055,2531,0
2059,2526,0
2071,2525,0
2084,2523,0
2103,2528,0
2115,2528,0
2130,2534,0
2140,2533,1
2170,2525,0
2162,2528,0
2154,2537,0
2139,2552,0
2129,2579,0
2128,2606,0
2137,2623,0
2157,2632,0
2188,2635,0
2217,2622,0
2247,2608,0
2267,2589,0
2278,2575,0
2277,2562,0
2263,2547,0
2254,2543,0
2241,2536,0
2232,2531,0
2230,2531,0
2231,2531,0
2234,2530,1
2420,2513,0
2417,2509,0
2417,2505,0
2417,2505,0
2408,2501,0
2394,2500,0
2379,2504,0
2365,2507,0
2360,2510,0
2362,2514,0
2369,2518,0
2387,2527,0
2409,2538,0
2435,2555,0
2446,2567,0
2451,2582,0
2439,2593,0
2422,2608,0
2399,2615,0
2379,2622,0
2359,2618,0
2351,2614,0
2345,2595,0
2347,2572,0
2351,2538,1
2440,2417,0
2439,2419,0
2440,2432,0
2439,2451,0
2440,2482,0
2445,2526,0
2449,2565,0
2457,2597,0
2460,2610,0
2465,2612,0
2467,2606,0
2473,2598,0
2478,2581,0
2480,2557,0
2485,2531,0
2492,2508,0
2496,2496,0
2502,2497,0
2511,2506,0
2522,2518,0
2533,2530,0
2543,2543,0
2551,2551,0
2555,2554,0
2564,2558,1
2620,2518,0
2622,2521,0
2632,2523,0
2643,2521,0
2662,2518,0
2681,2514,0
2690,2509,0
2694,2506,0
2691,2503,0
2683,2499,0
2666,2495,0
2648,2498,0
2633,2509,0
2614,2516,0
2606,2531,0
2601,2544,0
2606,2560,0
2613,2569,0
2633,2581,0
2657,2584,0
2697,2581,1
2902,2497,0
2896,2492,0
2891,2485,0
2883,2477,0
2871,2470,0
2860,2468,0
2844,2471,0
2828,2478,0
2811,2491,0
2797,2506,0
2790,2521,0
2794,2538,0
2803,2550,0
2819,2559,0
2842,2567,0
2861,2563,0
2881,2559,1
2883,2420,0
2878,2420,0
2878,2424,0
2876,2435,0
2874,2453,0
2874,2478,0
2880,2509,0
2881,2533,0
2888,2557,0
2893,2574,0
2894,2579,0
2897,2581,0
2898,2580,1
3208,2467,0
3206,2463,0
3206,2463,0
3204,2459,0
3197,2450,0
3186,2444,0
3168,2439,0
3148,2446,0
3121,2455,0
3100,2473,0
3083,2492,0
3076,2516,0
3084,2540,0
3102,2550,0
3136,2553,0
3180,2547,0
3219,2533,0
3248,2517,0
3266,2501,0
3273,2488,0
3268,2478,0
3257,2470,0
3240,2465,0
3222,2466,0
3210,2470,0
3201,2474,0
3204,2482,0
3211,2492,0
3220,2495,1
3332,2443,0
3325,2439,0
3313,2439,0
3299,2446,0
3286,2459,0
3284,2479,0
3291,2499,0
3305,2514,0
3324,2518,0
3352,2518,0
3378,2511,0
3399,2500,0
3413,2487,0
3418,2470,0
3414,2450,0
3411,2436,0
3403,2427,0
3398,2427,0
3396,2429,0
3395,2429,0
3401,2429,1
3506,2287,0
3499,2283,0
3498,2285,0
3493,2289,0
3491,2304,0
3491,2328,0
3489,2359,0
3493,2396,0
3495,2430,0
3497,2456,0
3501,2476,0
3502,2487,0
3503,2491,1
3430,2400,0
3431,2400,0
3438,2397,0
3445,2396,0
3457,2395,0
3474,2395,0
3487,2391,0
3500,2390,0
3506,2388,1
3732,2291,0
3732,2290,0
3729,2288,0
3728,2289,0
3734,2301,0
3732,2323,0
3729,2352,0
3725,2388,0
3724,2426,0
3730,2462,0
3732,2484,0
3737,2497,0
3742,2502,0
3744,2501,0
3741,2492,0
3735,2480,0
3720,2456,1
3669,2398,0
3677,2395,0
3699,2393,0
3729,2390,0
3758,2385,0
3795,2385,0
3818,2381,0
3836,2384,1
3918,2410,0
3921,2405,0
3923,2396,0
3921,2387,0
3912,2379,0
3903,2379,0
3885,2381,0
3863,2388,0
3846,2404,0
3836,2422,0
3833,2439,0
3843,2453,0
3863,2465,0
3885,2470,0
3911,2469,0
3935,2466,0
3950,2460,0
3957,2452,0
3955,2441,0
3947,2425,0
3935,2414,0
3922,2405,0
3911,2400,0
3907,2398,0
3906,2399,0
3906,2399,0
3906,2399,0
3906,2400,0
3909,2402,1
4186,2253,0
4182,2252,0
4180,2254,0
4178,2265,0
4181,2290,0
4174,2321,0
4170,2360,0
4168,2405,0
4172,2448,0
4172,2480,0
4179,2504,0
4183,2513,0
4188,2512,0
4195,2509,0
4199,2498,0
4199,2477,0
4195,2450,1
4169,2256,0
4190,2247,0
4209,2241,0
4230,2238,0
4246,2241,0
4255,2251,0
4259,2265,0
4260,2286,0
4257,2311,0
4239,2332,0
4226,2351,0
4208,2362,0
4190,2367,0
4179,2369,0
4172,2365,0
4167,2358,0
4165,2354,0
4165,2354,0
4171,2359,0
4184,2376,0
4203,2404,0
4222,2439,0
4237,2473,0
4253,2499,0
4265,2516,0
4275,2523,0
4283,2519,0
4294,2511,0
4312,2499,1
4337,2294,0
4333,2292,0
4333,2292,0
4331,2294,0
4331,2302,0
4328,2321,0
4328,2349,0
4322,2381,0
4323,2415,0
4325,2439,0
4331,2451,0
4336,2452,0
4336,2451,0
4338,2448,0
4345,2439,0
4352,2422,0
4361,2401,0
4372,2385,0
4380,2381,0
4386,2384,0
4393,2396,0
4400,2416,0
4403,2438,0
4409,2459,0
4410,2471,0
4412,2476,0
4417,2475,0
4422,2474,0
4430,2470,1
4536,2390,0
4540,2385,0
4543,2381,0
4538,2373,0
4540,2369,0
4531,2362,0
4523,2359,0
4507,2361,0
4491,2371,0
4476,2388,0
4466,2410,0
4468,2429,0
4478,2443,0
4501,2451,0
4530,2450,0
4562,2445,0
4591,2437,0
4611,2428,0
4618,2419,0
4619,2409,0
4608,2396,0
4594,2388,0
4574,2381,0
4560,2382,0
4549,2384,1
4721,2382,0
4718,2378,0
4715,2375,0
4715,2375,0
4709,2370,0
4707,2367,0
4699,2363,0
4691,2361,0
4685,2364,0
4674,2367,0
4664,2374,0
4657,2387,0
4651,2404,0
4654,2421,0
4657,2432,0
4673,2442,0
4691,2444,0
4717,2441,0
4734,2428,0
4757,2415,0
4763,2397,1
4746,2292,0
4741,2292,0
4739,2297,0
4737,2308,0
4730,2328,0
4728,2354,0
4724,2384,0
4725,2413,0
4722,2434,0
4737,2455,0
4756,2468,0
4780,2475,0
4805,2475,1
4862,2417,0
4861,2413,0
4869,2406,0
4876,2395,0
4888,2382,0
4891,2369,0
4891,2361,0
4888,2357,0
4876,2355,0
4861,2358,0
4842,2366,0
4821,2379,0
4800,2398,0
4789,2416,0
4789,2429,0
4807,2440,0
4837,2444,0
4871,2443,0
4907,2438,0
4935,2428,0
4956,2415,1
4998,2359,0
4987,2354,0
4980,2350,0
4968,2347,0
4951,2345,0
4945,2347,0
4935,2347,0
4934,2350,0
4936,2355,0
4945,2363,0
4958,2374,0
4974,2386,0
4992,2400,0
5013,2414,0
5020,2425,0
5018,2430,0
5010,2435,0
4998,2440,0
4981,2444,0
4958,2446,0
4943,2447,0
4932,2443,0
4927,2435,0
4926,2420,1
5057,2326,0
5062,2325,0
5069,2329,0
5076,2340,0
5081,2359,0
5082,2380,0
5083,2403,0
5083,2420,0
5079,2427,0
5081,2430,0
5087,2429,0
5092,2421,0
5093,2402,1
5079,2251,0
5072,2247,0
5076,2248,0
5076,2247,0
5087,2252,1
5200,2365,0
5198,2359,0
5197,2345,0
5203,2333,0
5201,2319,0
5200,2313,0
5194,2308,0
5183,2304,0
5173,2303,0
5158,2306,0
5138,2318,0
5119,2339,0
5108,2358,0
5113,2375,0
5121,2385,0
5132,2389,0
5151,2389,0
5170,2386,0
5185,2374,0
5200,2365,0
5212,2351,0
5213,2340,0
5209,2338,0
5209,2339,0
5205,2338,0
5207,2345,0
5199,2357,0
5194,2376,0
5197,2396,0
5197,2410,0
5202,2420,0
5207,2428,0
5209,2432,1
5334,2420,0
5347,2421,0
5347,2420,0
5344,2416,0
5345,2415,0
5346,2413,0
5347,2412,0
5351,2412,0
5355,2414,1
5505,2401,0
5505,2403,0
5513,2396,0
5528,2384,0
5554,2366,0
5577,2338,0
5599,2300,0
5613,2262,0
5626,2232,0
5623,2210,0
5623,2201,0
5613,2194,0
5602,2189,0
5602,2190,0
5605,2190,0
5603,2195,0
5599,2205,0
5602,2227,0
5607,2253,0
5618,2288,0
5634,2328,0
5642,2367,0
5654,2399,0
5662,2418,0
5665,2422,0
5668,2425,0
5670,2420,0
5662,2410,0
5652,2393,1
5550,2346,0
5568,2347,0
5587,2345,0
5619,2344,1
5747,2265,0
5752,2266,0
5753,2273,0
5764,2287,0
5759,2306,0
5747,2333,0
5737,2356,0
5738,2372,0
5743,2379,0
5753,2378,0
5761,2370,0
5771,2358,0
5779,2340,0
5786,2317,0
5801,2292,0
5820,2280,0
5825,2277,0
5845,2292,0
5855,2309,0
5863,2330,0
5875,2350,0
5888,2362,0
5907,2368,0
5923,2362,0
5935,2354,1
6000,2278,0
6001,2275,0
6003,2269,0
6002,2262,0
6001,2255,0
5998,2251,0
5984,2245,0
5966,2246,0
5940,2253,0
5917,2268,0
5904,2288,0
5911,2311,0
5921,2328,0
5939,2338,0
5971,2344,0
6001,2343,1
6059,2166,0
6059,2166,0
6061,2174,0
6054,2189,0
6054,2221,0
6044,2265,0
6039,2318,0
6039,2378,0
6029,2420,1