Grissom, Alan Shepard. One of these
952
712,5219,0
702,5214,0
690,5206,0
672,5204,0
651,5202,0
627,5209,0
601,5214,0
573,5235,0
545,5260,0
517,5289,0
494,5323,0
479,5346,0
472,5373,0
472,5409,0
480,5442,0
495,5472,0
516,5506,0
542,5525,0
572,5552,0
605,5559,0
640,5571,0
669,5573,0
701,5571,0
728,5561,0
749,5542,0
765,5523,0
778,5499,0
784,5472,0
784,5444,0
779,5428,0
769,5407,0
753,5394,0
739,5381,0
722,5380,0
709,5379,0
696,5386,0
687,5393,0
682,5405,0
682,5409,0
686,5413,0
696,5410,1
842,5387,0
844,5387,0
844,5395,0
843,5414,0
841,5439,0
842,5471,0
840,5495,0
842,5523,0
842,5535,0
846,5543,0
846,5543,0
846,5540,0
845,5511,0
844,5491,0
842,5467,0
842,5443,0
840,5419,0
840,5403,0
841,5391,0
844,5379,0
852,5371,0
866,5372,0
886,5368,0
913,5370,0
945,5367,0
979,5371,0
1009,5380,0
1033,5384,0
1049,5388,0
1059,5405,0
1061,5420,0
1059,5444,0
1054,5460,0
1054,5460,0
1054,5460,0
1054,5452,0
1052,5432,1
1047,5204,0
1047,5208,0
1049,5204,0
1052,5209,0
1056,5216,1
1213,5363,0
1206,5363,0
1192,5351,0
1177,5356,0
1162,5356,0
1146,5368,0
1132,5376,0
1124,5392,0
1120,5396,0
1126,5412,0
1137,5420,0
1157,5436,0
1177,5439,0
1201,5455,0
1222,5467,0
1240,5482,0
1250,5489,0
1257,5510,0
1253,5513,0
1247,5530,0
1231,5530,0
1209,5535,0
1182,5532,0
1155,5532,0
1127,5528,0
1105,5528,0
1088,5524,0
1081,5520,0
1078,5513,1
1388,5351,0
1384,5347,0
1378,5347,0
1367,5344,0
1353,5353,0
1336,5362,0
1322,5378,0
1310,5395,0
1305,5407,0
1307,5423,0
1317,5439,0
1333,5446,0
1356,5453,0
1380,5464,0
1406,5470,0
1429,5484,0
1446,5496,0
1456,5503,0
1460,5514,0
1457,5523,0
1448,5528,0
1432,5537,0
1413,5537,0
1390,5543,0
1366,5545,0
1344,5549,0
1327,5547,0
1316,5547,0
1314,5543,1
1584,5383,0
1580,5380,0
1572,5377,0
1562,5378,0
1548,5387,0
1532,5397,0
1517,5414,0
1505,5439,0
1495,5455,0
1494,5480,0
1496,5496,0
1507,5507,0
1524,5518,0
1546,5516,0
1570,5510,0
1593,5500,0
1619,5493,0
1638,5471,0
1649,5450,0
1653,5433,0
1648,5417,0
1636,5403,0
1619,5392,0
1603,5385,0
1589,5380,1
1713,5382,0
1713,5390,0
1715,5402,0
1715,5422,0
1713,5442,0
1715,5470,0
1715,5494,0
1715,5515,0
1718,5530,0
1720,5538,0
1724,5537,0
1727,5537,0
1734,5520,0
1742,5503,0
1754,5482,0
1766,5460,0
1781,5442,0
1795,5432,0
1809,5426,0
1819,5425,0
1828,5424,0
1836,5438,0
1842,5458,0
1845,5481,0
1848,5509,0
1850,5532,0
1854,5545,0
1859,5552,0
1865,5551,0
1871,5546,0
1879,5525,0
1891,5503,0
1906,5476,0
1920,5450,0
1940,5431,0
1955,5412,0
1971,5401,0
1986,5398,0
2000,5404,0
2011,5410,0
2023,5432,0
2029,5456,0
2034,5484,0
2036,5511,0
2036,5532,0
2034,5552,0
2030,5561,0
2028,5561,0
2025,5566,1
2131,5559,0
2137,5566,0
2140,5573,0
2140,5581,0
2137,5594,0
2130,5608,0
2121,5630,0
2109,5648,0
2098,5663,0
2090,5672,0
2084,5677,0
2083,5682,0
2084,5673,1
2244,5576,0
2248,5571,0
2251,5550,0
2277,5511,0
2296,5479,0
2313,5446,0
2331,5405,0
2349,5364,0
2369,5322,0
2384,5289,0
2400,5255,0
2411,5219,0
2422,5196,0
2428,5174,0
2436,5168,0
2435,5164,0
2439,5167,0
2440,5175,0
2443,5199,0
2446,5231,0
2449,5272,0
2451,5320,0
2456,5377,0
2455,5431,0
2456,5485,0
2453,5535,0
2447,5578,0
2443,5607,0
2441,5629,0
2438,5638,0
2437,5639,0
2433,5631,1
2325,5427,0
2326,5426,0
2338,5429,0
2355,5429,0
2376,5427,0
2400,5429,0
2428,5434,0
2451,5432,0
2474,5435,0
2492,5438,0
2499,5436,0
2497,5437,0
2490,5422,1
2561,5178,0
2565,5173,0
2566,5172,0
2565,5173,0
2568,5192,0
2564,5214,0
2563,5244,0
2562,5286,0
2565,5331,0
2567,5372,0
2572,5417,0
2575,5457,0
2581,5489,0
2587,5516,0
2591,5531,0
2595,5543,0
2597,5547,0
2596,5542,0
2598,5542,0
2598,5530,0
2607,5510,1
2753,5395,0
2753,5391,0
2748,5388,0
2738,5388,0
2720,5388,0
2697,5400,0
2677,5423,0
2656,5446,0
2642,5471,0
2634,5494,0
2639,5518,0
2649,5532,0
2669,5534,0
2695,5530,0
2721,5513,0
2742,5491,0
2758,5465,0
2772,5443,0
2774,5417,0
2777,5404,0
2772,5393,0
2762,5388,0
2755,5386,0
2750,5388,0
2753,5399,0
2759,5414,0
2771,5435,0
2785,5460,0
2802,5489,0
2817,5513,0
2826,5535,0
2830,5551,0
2835,5562,1
2877,5404,0
2878,5408,0
2877,5412,0
2878,5426,0
2878,5442,0
2879,5462,0
2877,5480,0
2883,5508,0
2885,5529,0
2890,5552,0
2893,5564,0
2898,5575,0
2901,5578,0
2902,5577,0
2903,5569,0
2905,5556,0
2903,5535,0
2905,5513,0
2908,5487,0
2914,5460,0
2926,5438,0
2938,5417,0
2953,5395,0
2970,5380,0
2988,5369,0
3004,5364,0
3022,5369,0
3035,5373,0
3044,5387,0
3054,5413,0
3055,5434,0
3060,5467,0
3057,5489,0
3057,5510,0
3058,5527,0
3056,5532,0
3054,5532,1
3605,5197,0
3604,5190,0
3601,5178,0
3592,5160,0
3577,5145,0
3559,5136,0
3534,5130,0
3508,5139,0
3474,5146,0
3439,5158,0
3406,5175,0
3380,5199,0
3354,5216,0
3346,5245,0
3339,5257,0
3350,5279,0
3370,5296,0
3402,5313,0
3440,5330,0
3481,5347,0
3521,5368,0
3554,5383,0
3585,5409,0
3602,5431,0
3606,5451,0
3609,5481,0
3596,5505,0
3573,5525,0
3541,5539,0
3508,5559,0
3468,5564,0
3424,5565,0
3380,5562,0
3346,5564,0
3311,5557,0
3287,5554,0
3269,5543,0
3264,5537,0
3264,5532,0
3279,5527,0
3303,5520,1
3625,5202,0
3628,5231,0
3628,5262,0
3630,5301,0
3631,5345,0
3629,5387,0
3633,5438,0
3633,5488,0
3631,5528,0
3630,5564,0
3631,5594,0
3629,5605,0
3636,5614,0
3641,5612,0
3648,5600,0
3656,5578,0
3670,5554,0
3684,5529,0
3703,5507,0
3720,5484,0
3740,5470,0
3757,5461,0
3771,5459,0
3783,5466,0
3793,5479,0
3796,5496,0
3799,5517,0
3804,5542,0
3803,5559,0
3804,5577,0
3806,5589,0
3805,5594,0
3807,5598,0
3805,5594,0
3809,5588,0
3811,5569,0
3817,5549,1
3843,5494,0
3846,5497,0
3850,5500,0
3858,5505,0
3869,5508,0
3884,5513,0
3899,5510,0
3919,5508,0
3938,5508,0
3952,5499,0
3961,5491,0
3966,5482,0
3966,5474,0
3964,5466,0
3954,5458,0
3940,5452,0
3925,5450,0
3906,5452,0
3884,5454,0
3866,5464,0
3848,5473,0
3835,5485,0
3820,5493,0
3819,5515,0
3819,5529,0
3826,5544,0
3839,5559,0
3855,5569,0
3878,5579,0
3897,5583,0
3916,5587,0
3935,5595,0
3950,5600,0
3954,5598,0
3955,5598,0
3958,5601,0
3957,5592,1
4022,5434,0
4023,5438,0
4020,5444,0
4018,5459,0
4017,5478,0
4022,5508,0
4017,5533,0
4019,5569,0
4016,5601,0
4013,5639,0
4012,5671,0
4012,5694,0
4010,5709,0
4009,5714,0
4010,5713,0
4012,5704,0
4013,5680,1
4007,5488,0
4010,5472,0
4015,5457,0
4022,5443,0
4037,5434,0
4058,5427,0
4081,5419,0
4109,5422,0
4138,5428,0
4164,5440,0
4185,5456,0
4199,5480,0
4199,5503,0
4193,5530,0
4179,5557,0
4158,5573,0
4141,5592,0
4120,5599,0
4102,5600,0
4085,5596,0
4070,5590,0
4061,5581,0
4054,5571,0
4052,5564,1
4332,5460,0
4322,5458,0
4312,5455,0
4295,5455,0
4276,5462,0
4256,5475,0
4240,5493,0
4224,5512,0
4208,5530,0
4201,5549,0
4197,5564,0
4205,5583,0
4213,5592,0
4224,5595,0
4240,5595,0
4260,5593,0
4278,5583,0
4292,5564,0
4304,5544,0
4309,5522,0
4316,5508,0
4316,5489,0
4314,5477,0
4306,5462,0
4308,5462,0
4303,5455,0
4306,5462,0
4311,5474,0
4318,5489,0
4328,5515,0
4337,5537,0
4344,5561,0
4350,5581,0
4350,5591,0
4357,5605,0
4355,5602,0
4360,5598,1
4402,5512,0
4403,5521,0
4406,5537,0
4408,5555,0
4410,5568,0
4408,5578,0
4410,5587,0
4412,5590,0
4408,5583,0
4409,5578,0
4404,5562,0
4400,5541,0
4393,5517,0
4396,5501,0
4390,5477,0
4392,5461,0
4399,5453,0
4403,5440,0
4409,5431,0
4427,5434,0
4440,5431,0
4464,5440,0
4481,5447,0
4492,5450,0
4505,5465,1
4627,5501,0
4616,5498,0
4600,5494,0
4584,5499,0
4564,5508,0
4545,5520,0
4530,5540,0
4517,5558,0
4516,5582,0
4513,5593,0
4520,5607,0
4532,5614,0
4548,5618,0
4562,5609,0
4579,5598,0
4593,5576,0
4609,5555,0
4618,5520,0
4630,5489,0
4635,5452,0
4641,5419,0
4641,5385,0
4642,5359,0
4640,5332,0
4637,5315,0
4641,5307,0
4638,5304,0
4643,5310,0
4646,5323,0
4649,5346,0
4649,5374,0
4648,5409,0
4645,5450,0
4642,5490,0
4644,5537,0
4644,5571,0
4650,5600,0
4654,5612,0
4658,5624,0
4661,5626,0
4661,5626,1
4751,5590,0
4750,5591,0
4750,5591,0
4752,5595,0
4751,5590,0
4749,5592,0
4750,5591,0
4751,5590,0
4751,5586,0
4751,5586,0
4752,5585,0
4751,5586,0
4753,5590,0
4752,5595,0
4754,5598,0
4756,5596,0
4765,5581,1
5052,5227,0
5026,5233,0
5001,5247,0
4968,5262,0
4936,5286,0
4908,5313,0
4884,5339,0
4868,5367,0
4860,5402,0
4856,5424,0
4869,5459,0
4880,5477,0
4907,5496,0
4929,5505,0
4961,5517,0
4995,5521,0
5028,5517,0
5059,5508,0
5083,5491,0
5106,5474,0
5122,5447,0
5133,5417,0
5139,5383,0
5138,5343,0
5134,5310,0
5127,5281,0
5114,5255,0
5098,5238,0
5084,5228,0
5070,5223,0
5059,5222,0
5052,5223,0
5048,5225,1
5186,5422,0
5188,5426,0
5184,5429,0
5187,5447,0
5183,5460,0
5190,5491,0
5186,5508,0
5188,5526,0
5192,5539,0
5199,5544,0
5204,5545,0
5210,5535,0
5220,5523,0
5230,5500,0
5244,5483,0
5256,5464,0
5267,5450,0
5279,5441,0
5289,5442,0
5295,5443,0
5302,5453,0
5306,5470,0
5308,5489,0
5309,5514,0
5313,5532,0
5320,5546,0
5325,5552,0
5330,5552,0
5332,5546,1
5388,5491,0
5394,5491,0
5405,5493,0
5414,5491,0
5425,5487,0
5437,5482,0
5450,5472,0
5459,5459,0
5462,5446,0
5465,5434,0
5460,5423,0
5452,5418,0
5432,5414,0
5416,5417,0
5397,5427,0
5377,5439,0
5355,5451,0
5343,5472,0
5332,5485,0
5335,5503,0
5344,5522,0
5351,5532,0
5368,5542,0
5388,5552,0
5417,5560,0
5446,5569,0
5469,5571,0
5487,5576,0
5496,5578,0
5499,5581,0
5499,5582,0
5494,5581,0
5490,5573,1
5771,5471,0
5758,5461,0
5745,5458,0
5728,5456,0
5704,5456,0
5680,5465,0
5654,5473,0
5638,5492,0
5621,5506,0
5612,5520,0
5614,5533,0
5621,5543,0
5636,5551,0
5657,5549,0
5685,5547,0
5711,5540,0
5734,5530,0
5750,5521,0
5755,5506,0
5756,5496,0
5747,5482,0
5740,5472,0
5734,5467,0
5727,5462,0
5722,5462,1
5977,5293,0
5976,5266,0
5972,5237,0
5965,5210,0
5950,5186,0
5937,5170,0
5919,5155,0
5898,5147,0
5878,5144,0
5861,5149,0
5853,5168,0
5843,5188,0
5836,5217,0
5834,5252,0
5836,5294,0
5842,5343,0
5846,5393,0
5846,5443,0
5856,5503,0
5859,5548,0
5863,5588,0
5870,5619,0
5873,5638,0
5874,5648,0
5873,5648,1
5774,5431,0
5769,5424,0
5767,5421,0
5762,5415,0
5771,5413,0
5786,5414,0
5807,5418,0
5829,5420,0
5858,5426,0
5891,5438,0
5915,5444,0
5938,5455,0
5952,5460,1
6255,5186,0
6254,5187,0
6253,5194,0
6256,5213,0
6256,5236,0
6254,5267,0
6249,5301,0
6245,5344,0
6242,5392,0
6239,5439,0
6233,5479,0
6235,5516,0
6235,5545,0
6235,5566,0
6238,5581,0
6235,5583,0
6232,5579,1
6119,5434,0
6121,5431,0
6125,5428,0
6141,5429,0
6164,5430,0
6189,5433,0
6223,5438,0
6254,5442,0
6284,5447,0
6310,5449,0
6329,5453,0
6338,5455,0
6339,5454,1
6362,5202,0
6360,5209,0
6362,5231,0
6354,5257,0
6350,5289,0
6346,5327,0
6343,5371,0
6343,5417,0
6338,5461,0
6342,5502,0
6343,5533,0
6340,5554,0
6344,5566,0
6346,5570,0
6347,5569,0
6346,5564,0
6352,5553,0
6360,5533,0
6370,5514,0
6376,5496,0
6385,5487,0
6391,5482,0
6395,5477,0
6403,5481,0
6406,5489,0
6411,5501,0
6416,5519,0
6416,5536,0
6413,5555,0
6413,5567,0
6411,5579,0
6409,5586,0
6408,5588,1
6432,5542,0
6435,5545,0
6436,5544,0
6445,5547,0
6454,5543,0
6464,5538,0
6479,5535,0
6495,5530,0
6510,5520,0
6520,5509,0
6528,5501,0
6526,5492,0
6520,5487,0
6507,5483,0
6488,5479,0
6467,5484,0
6452,5494,0
6436,5504,0
6428,5518,0
6426,5531,0
6430,5544,0
6443,5554,0
6461,5564,0
6481,5573,0
6498,5578,0
6516,5583,0
6534,5588,0
6538,5583,0
6542,5579,1
6622,5474,0
6622,5474,0
6621,5475,0
6607,5472,0
6586,5476,0
6567,5479,0
6551,5489,0
6539,5496,0
6536,5505,0
6542,5510,0
6558,5517,0
6583,5525,0
6608,5529,0
6633,5537,0
6654,5543,0
6669,5552,0
6674,5557,0
6673,5571,0
6662,5582,0
6647,5591,0
6628,5600,0
6609,5601,0
6594,5607,0
6580,5604,0
6569,5603,0
6565,5602,0
6558,5598,0
6559,5596,0
6563,5592,1
6702,5541,0
6703,5540,0
6707,5542,0
6713,5541,0
6724,5540,0
6737,5539,0
6755,5537,0
6770,5532,0
6787,5527,0
6802,5521,0
6809,5515,0
6806,5506,0
6801,5500,0
6787,5496,0
6769,5492,0
6747,5493,0
6730,5499,0
6711,5508,0
6699,5520,0
6690,5536,0
6683,5549,0
6684,5564,0
6688,5577,0
6700,5593,0
6717,5605,0
6741,5615,0
6758,5621,0
6773,5623,0
6782,5625,0
6786,5627,0
6787,5626,0
6784,5623,0
6771,5613,1