Too often lacking in officialdom.
855
1327,2797,0
1324,2801,0
1322,2813,0
1318,2834,0
1311,2851,0
1305,2876,0
1298,2904,0
1290,2929,0
1284,2961,0
1278,2990,0
1273,3022,0
1269,3059,0
1261,3087,0
1255,3116,0
1250,3148,0
1242,3172,0
1235,3197,0
1228,3217,0
1223,3233,0
1220,3238,0
1220,3242,0
1220,3241,0
1221,3238,0
1218,3221,0
1216,3202,1
1242,2776,0
1239,2780,0
1240,2779,0
1243,2780,0
1253,2783,0
1268,2782,0
1288,2781,0
1312,2774,0
1342,2772,0
1370,2760,0
1401,2753,0
1430,2745,0
1454,2738,0
1472,2735,0
1486,2737,0
1490,2736,0
1489,2736,1
1537,2984,0
1525,2986,0
1508,2988,0
1489,3004,0
1466,3018,0
1445,3041,0
1428,3068,0
1416,3102,0
1409,3130,0
1408,3158,0
1414,3182,0
1424,3193,0
1440,3199,0
1459,3193,0
1481,3182,0
1503,3158,0
1525,3132,0
1544,3100,0
1561,3069,0
1575,3046,0
1581,3021,0
1580,2996,0
1579,2993,0
1571,2982,0
1566,2983,0
1565,2983,0
1568,2995,0
1571,3002,0
1582,3013,0
1599,3022,0
1623,3030,0
1645,3025,0
1673,3023,0
1697,3011,0
1725,3004,0
1744,2987,0
1764,2979,0
1773,2964,0
1781,2966,0
1778,2963,0
1775,2964,0
1763,2975,0
1750,3003,0
1729,3024,0
1710,3057,0
1692,3089,0
1679,3120,0
1672,3146,0
1671,3163,0
1678,3174,0
1689,3176,0
1705,3173,0
1722,3152,0
1744,3127,0
1768,3097,0
1790,3066,0
1805,3034,0
1815,3007,0
1814,2987,0
1806,2972,0
1795,2967,0
1785,2961,0
1780,2963,0
1780,2963,0
1791,2963,1
2240,2982,0
2239,2975,0
2237,2963,0
2234,2955,0
2226,2950,0
2216,2950,0
2204,2955,0
2188,2965,0
2166,2978,0
2151,3005,0
2133,3033,0
2117,3064,0
2108,3098,0
2106,3119,0
2113,3134,0
2124,3138,0
2134,3131,0
2152,3124,0
2170,3100,0
2195,3074,0
2216,3040,0
2231,3012,0
2244,2994,0
2246,2985,0
2247,2984,0
2248,2984,0
2250,2988,0
2251,2991,0
2255,2994,0
2260,2996,0
2269,2993,0
2282,2983,0
2301,2966,0
2323,2938,0
2349,2909,0
2371,2873,0
2396,2838,0
2415,2806,0
2432,2779,0
2442,2756,0
2446,2741,0
2447,2740,0
2447,2744,0
2439,2753,0
2427,2786,0
2408,2827,0
2391,2881,0
2370,2938,0
2350,3001,0
2335,3068,0
2317,3124,0
2299,3171,0
2284,3207,0
2279,3239,0
2272,3246,0
2272,3246,0
2275,3240,1
2281,3005,0
2285,3003,0
2300,3006,0
2320,3001,0
2341,2987,0
2370,2978,0
2396,2967,0
2422,2963,0
2440,2959,1
2545,2786,0
2544,2787,0
2539,2785,0
2540,2803,0
2532,2826,0
2522,2854,0
2513,2890,0
2499,2929,0
2486,2967,0
2474,3000,0
2472,3032,0
2473,3054,0
2476,3070,1
2466,2941,0
2466,2941,0
2470,2944,0
2476,2946,0
2487,2948,0
2502,2946,0
2518,2938,0
2538,2932,0
2551,2924,1
2585,3033,0
2599,3030,0
2613,3018,0
2629,3001,0
2646,2982,0
2661,2964,0
2678,2946,0
2688,2922,0
2700,2905,0
2704,2889,0
2700,2877,0
2692,2869,0
2683,2869,0
2670,2872,0
2656,2885,0
2643,2906,0
2628,2932,0
2613,2959,0
2604,2992,0
2601,3021,0
2603,3042,0
2612,3056,0
2626,3062,0
2646,3060,0
2664,3040,0
2690,3018,0
2714,2984,0
2743,2949,0
2773,2917,0
2794,2885,0
2811,2865,0
2823,2857,0
2825,2856,0
2824,2856,0
2821,2868,0
2812,2888,0
2803,2917,0
2794,2942,0
2789,2964,0
2789,2977,0
2799,2986,0
2807,2981,0
2825,2974,0
2848,2960,0
2874,2943,0
2894,2931,0
2911,2929,0
2913,2927,0
2915,2931,0
2920,2941,0
2921,2956,0
2924,2977,0
2927,2999,1
3288,3078,0
3289,3077,0
3295,3067,0
3308,3052,0
3327,3033,0
3351,3008,0
3376,2983,0
3404,2955,0
3431,2926,0
3456,2895,0
3477,2861,0
3499,2830,0
3516,2803,0
3529,2781,0
3536,2762,0
3536,2753,0
3534,2749,0
3522,2748,0
3512,2758,0
3491,2778,0
3465,2807,0
3443,2848,0
3419,2889,0
3401,2937,0
3387,2980,0
3381,3021,0
3385,3054,0
3395,3076,0
3407,3086,0
3430,3089,0
3454,3079,0
3483,3062,0
3515,3034,0
3546,3003,0
3572,2968,0
3595,2936,0
3612,2911,0
3621,2891,0
3621,2881,0
3621,2881,0
3624,2884,0
3617,2889,0
3612,2911,0
3598,2935,0
3591,2962,0
3583,2986,0
3580,3009,0
3584,3027,0
3585,3031,0
3600,3035,0
3614,3028,0
3636,3013,0
3660,2992,0
3684,2970,0
3706,2954,0
3720,2941,0
3730,2937,0
3730,2937,0
3732,2941,0
3730,2948,0
3728,2966,0
3723,2988,0
3713,3008,0
3706,3031,0
3703,3049,0
3703,3066,0
3700,3074,0
3695,3067,0
3696,3057,1
3837,2928,0
3824,2929,0
3808,2934,0
3793,2948,0
3780,2967,0
3762,2984,0
3754,3008,0
3753,3030,0
3749,3040,0
3761,3051,0
3773,3056,0
3790,3057,0
3812,3057,0
3837,3051,0
3859,3040,0
3887,3030,0
3909,3015,1
3973,2802,0
3974,2820,0
3972,2840,0
3967,2861,0
3964,2889,0
3959,2917,0
3950,2944,0
3939,2966,0
3941,2994,0
3931,3004,0
3934,3012,0
3940,3017,0
3942,3015,0
3945,3006,0
3951,2994,0
3955,2972,0
3969,2953,0
3974,2931,0
3985,2913,0
3997,2901,0
4005,2891,0
4007,2883,0
4015,2881,0
4017,2878,0
4020,2881,1
3970,2958,0
3969,2959,0
3971,2962,0
3981,2969,0
3984,2972,0
3995,2978,0
4008,2987,0
4016,2991,0
4019,2992,1
4095,2900,0
4094,2900,0
4095,2899,0
4098,2902,0
4101,2912,0
4097,2926,0
4094,2943,0
4092,2963,0
4082,2973,0
4080,2987,0
4075,2993,0
4076,2997,0
4075,2993,1
4104,2824,0
4097,2820,0
4101,2821,0
4097,2819,0
4099,2823,1
4147,2920,0
4155,2924,0
4155,2924,0
4157,2927,0
4156,2929,0
4151,2939,0
4153,2961,0
4147,2980,0
4138,2996,0
4135,3011,0
4140,3022,0
4144,3024,0
4152,3021,0
4163,3009,0
4185,2992,0
4207,2967,0
4237,2951,0
4261,2942,0
4273,2935,0
4283,2936,0
4286,2937,0
4298,2949,0
4298,2955,0
4304,2960,0
4304,2960,0
4309,2960,0
4316,2952,0
4324,2936,0
4333,2920,0
4340,2906,0
4337,2896,0
4329,2887,0
4320,2886,0
4308,2887,0
4291,2895,0
4281,2912,0
4272,2930,0
4271,2942,0
4277,2949,0
4286,2950,0
4299,2946,0
4322,2939,0
4331,2922,0
4355,2912,0
4360,2900,0
4362,2898,0
4362,2898,0
4362,2904,0
4357,2922,0
4360,2950,0
4345,2973,0
4343,3006,0
4341,3039,0
4330,3064,0
4324,3089,0
4314,3105,0
4303,3117,0
4296,3119,0
4284,3109,0
4278,3086,0
4295,3025,0
4316,3000,0
4352,2977,0
4389,2953,0
4422,2933,0
4449,2924,0
4466,2929,0
4469,2931,1
4696,3039,0
4700,3040,0
4700,3039,0
4710,3041,0
4710,3034,0
4715,3020,0
4730,3008,0
4743,2990,0
4758,2971,0
4777,2953,0
4796,2934,0
4809,2916,0
4824,2902,0
4835,2895,0
4845,2896,0
4840,2895,0
4838,2898,0
4833,2912,0
4823,2931,0
4808,2953,0
4796,2975,0
4782,2992,0
4782,3006,0
4787,3013,0
4787,3013,0
4796,3008,0
4808,2992,0
4828,2972,0
4850,2949,0
4865,2928,0
4889,2915,0
4893,2905,0
4903,2905,0
4898,2904,0
4903,2910,0
4900,2922,0
4894,2936,0
4893,2958,0
4897,2980,0
4895,2990,0
4907,3001,0
4911,3001,0
4939,3004,0
4953,2992,0
4973,2977,0
4997,2965,0
5019,2960,0
5027,2957,0
5035,2959,0
5035,2960,0
5043,2969,0
5050,2979,0
5062,2989,0
5068,2996,0
5080,3006,0
5084,3007,0
5084,3002,1
4850,2806,0
4831,2803,0
4838,2808,0
4834,2806,0
4837,2809,1
5345,2906,0
5336,2907,0
5320,2909,0
5302,2915,0
5293,2929,0
5274,2941,0
5267,2960,0
5256,2977,0
5255,2992,0
5257,3004,0
5267,3011,0
5276,3012,0
5291,3011,0
5302,3001,0
5323,2992,0
5332,2978,0
5353,2969,0
5359,2959,0
5358,2947,0
5354,2936,0
5346,2928,0
5343,2925,0
5344,2924,0
5343,2925,0
5349,2931,0
5342,2933,0
5351,2941,0
5358,2946,0
5367,2946,0
5380,2942,0
5399,2934,0
5419,2919,0
5441,2898,0
5459,2877,0
5473,2853,0
5485,2834,0
5495,2817,0
5501,2808,0
5499,2803,0
5499,2803,0
5496,2808,0
5486,2825,0
5475,2852,0
5464,2883,0
5450,2919,0
5431,2957,0
5429,3004,0
5416,3047,0
5409,3086,0
5403,3117,0
5405,3141,0
5398,3151,0
5402,3153,1
5405,2960,0
5415,2967,0
5422,2972,0
5431,2973,0
5445,2973,0
5459,2966,0
5472,2953,0
5496,2938,0
5517,2919,0
5538,2900,0
5554,2881,0
5573,2866,0
5582,2850,0
5585,2839,0
5587,2834,0
5581,2830,0
5578,2835,0
5569,2842,0
5557,2863,0
5539,2883,0
5526,2913,0
5515,2946,0
5503,2979,0
5495,3013,0
5478,3040,0
5485,3073,0
5479,3089,0
5486,3102,0
5484,3104,1
5480,2970,0
5475,2972,0
5475,2971,0
5478,2967,0
5494,2964,0
5506,2960,0
5520,2952,0
5537,2947,0
5552,2938,0
5569,2934,0
5575,2924,0
5586,2923,0
5586,2921,0
5585,2924,0
5585,2931,0
5583,2941,0
5577,2951,0
5575,2963,0
5573,2972,0
5576,2977,0
5576,2976,1
5608,2862,0
5605,2860,0
5605,2860,0
5602,2857,0
5604,2861,1
5677,2902,0
5675,2897,0
5670,2891,0
5658,2888,0
5647,2890,0
5635,2895,0
5619,2905,0
5606,2919,0
5593,2934,0
5589,2955,0
5588,2971,0
5590,2983,0
5602,2994,0
5619,2999,0
5639,2995,0
5666,2989,0
5694,2975,0
5717,2960,0
5741,2944,0
5759,2929,0
5773,2914,0
5780,2901,0
5779,2895,0
5787,2897,0
5786,2897,0
5786,2897,0
5777,2907,0
5781,2923,0
5774,2936,0
5776,2954,0
5779,2966,0
5783,2975,0
5779,2975,1
5784,2854,0
5774,2847,0
5781,2850,0
5778,2848,0
5781,2850,1
5916,2912,0
5915,2906,0
5906,2898,0
5904,2894,0
5892,2890,0
5887,2891,0
5873,2893,0
5867,2903,0
5856,2914,0
5851,2929,0
5838,2945,0
5841,2963,0
5837,2977,0
5844,2988,0
5855,2994,0
5873,2996,0
5887,2988,0
5906,2978,0
5919,2964,0
5936,2950,0
5936,2934,0
5944,2929,0
5937,2925,0
5945,2927,0
5936,2926,0
5941,2934,0
5931,2944,0
5935,2959,0
5931,2975,0
5936,2991,0
5940,2999,0
5955,3006,0
5961,3004,0
5984,2997,0
6001,2983,0
6026,2963,0
6044,2938,0
6074,2918,0
6083,2893,0
6097,2873,0
6099,2853,0
6107,2840,0
6095,2830,0
6096,2827,0
6086,2828,0
6082,2835,0
6066,2849,0
6050,2870,0
6040,2895,0
6034,2924,0
6028,2950,0
6039,2971,0
6049,2987,0
6073,3001,0
6096,3002,0
6112,2996,0
6136,2988,1
6195,2922,0
6189,2915,0
6177,2913,0
6163,2912,0
6136,2919,0
6121,2930,0
6096,2944,0
6089,2964,0
6077,2977,0
6079,2991,0
6088,2999,0
6101,3000,0
6122,2996,0
6143,2984,0
6168,2971,0
6189,2951,0
6205,2929,0
6216,2906,0
6223,2885,0
6228,2867,0
6227,2851,0
6227,2842,0
6225,2838,0
6227,2843,0
6225,2847,0
6218,2860,0
6207,2881,0
6199,2905,0
6195,2929,0
6196,2953,0
6209,2971,0
6215,2985,0
6225,2992,0
6240,2996,0
6261,2991,0
6273,2980,0
6288,2969,0
6296,2953,0
6308,2938,0
6310,2926,0
6315,2916,0
6305,2909,0
6307,2905,0
6294,2906,0
6285,2913,0
6282,2928,0
6272,2938,0
6266,2949,0
6266,2967,0
6269,2977,0
6278,2986,0
6294,2991,0
6306,2986,0
6314,2978,0
6329,2967,0
6335,2955,0
6335,2940,0
6333,2926,0
6324,2915,0
6319,2909,0
6320,2907,0
6310,2901,0
6309,2902,0
6309,2904,0
6308,2913,0
6321,2921,0
6321,2922,0
6328,2926,0
6346,2926,0
6356,2924,0
6372,2919,0
6384,2914,0
6394,2912,0
6399,2912,0
6395,2910,0
6399,2911,0
6394,2920,0
6391,2928,0
6384,2941,0
6380,2957,0
6372,2971,0
6377,2987,0
6377,2996,0
6379,3000,0
6383,3002,0
6379,3000,0
6382,2996,0
6389,2982,0
6398,2966,0
6403,2948,0
6409,2935,0
6428,2926,0
6438,2914,0
6448,2912,0
6447,2914,0
6453,2919,0
6457,2931,0
6458,2946,0
6459,2960,0
6460,2967,0
6467,2980,0
6477,2987,0
6481,2988,0
6486,2987,0
6485,2980,0
6486,2970,0
6500,2958,0
6499,2944,0
6510,2931,0
6521,2919,0
6525,2911,0
6531,2908,0
6539,2910,0
6546,2914,0
6554,2924,0
6560,2940,0
6565,2956,0
6570,2974,0
6566,2989,0
6570,3007,0
6577,3021,0
6585,3030,0
6587,3027,1
6626,3021,0
6626,3023,0
6625,3023,0
6621,3022,0
6617,3021,0
6617,3021,0
6613,3019,0
6610,3017,0
6609,3018,0
6611,3015,0
6606,3015,0
6589,3004,0
6576,2977,1