trade.
166
910,7734,0
904,7742,0
903,7754,0
905,7770,0
906,7798,0
909,7834,0
916,7878,0
930,7926,0
944,7979,0
961,8031,0
977,8088,0
991,8139,0
1003,8184,0
1013,8220,0
1019,8243,0
1023,8271,0
1020,8268,1
893,8010,0
912,8006,0
934,7998,0
950,7991,0
968,7991,0
984,7987,0
996,7979,1
1052,7912,0
1059,7919,0
1058,7936,0
1066,7956,0
1081,7992,0
1096,8032,0
1114,8072,0
1122,8112,0
1130,8143,0
1138,8160,0
1141,8167,0
1143,8168,0
1145,8164,0
1141,8148,0
1131,8124,0
1119,8096,0
1089,8060,0
1070,8024,0
1049,7988,0
1035,7952,0
1027,7915,0
1030,7883,0
1031,7863,0
1038,7848,0
1045,7848,0
1054,7848,0
1068,7856,0
1085,7868,0
1105,7876,0
1124,7884,0
1148,7884,0
1173,7875,0
1199,7867,1
1335,7844,0
1332,7844,0
1329,7848,0
1321,7856,0
1310,7861,0
1300,7869,0
1286,7877,0
1276,7885,0
1260,7886,0
1252,7902,0
1241,7926,0
1235,7958,0
1232,7986,0
1245,8014,0
1258,8038,0
1278,8058,0
1296,8065,0
1313,8061,0
1326,8052,0
1336,8032,0
1348,8007,0
1358,7979,0
1363,7947,0
1368,7922,0
1370,7898,0
1376,7882,0
1376,7866,0
1377,7866,0
1380,7866,0
1382,7874,0
1380,7898,0
1378,7926,0
1373,7962,0
1380,7998,0
1383,8026,0
1391,8042,0
1399,8053,1
1571,7852,0
1570,7856,0
1564,7861,0
1551,7869,0
1534,7883,0
1516,7896,0
1500,7916,0
1491,7937,0
1481,7966,0
1481,7994,0
1478,8022,0
1481,8045,0
1488,8057,0
1505,8068,0
1524,8071,0
1545,8071,0
1569,8052,0
1590,8032,0
1605,8006,0
1616,7974,0
1630,7936,0
1636,7896,0
1647,7851,0
1650,7818,0
1652,7786,0
1650,7762,0
1648,7755,0
1642,7748,0
1643,7755,0
1642,7767,0
1640,7795,0
1634,7836,0
1633,7880,0
1634,7928,0
1638,7972,0
1643,8012,0
1658,8042,0
1674,8062,0
1692,8072,0
1710,8075,0
1729,8069,0
1745,8056,0
1759,8039,0
1772,8018,0
1783,7992,0
1794,7963,0
1798,7931,0
1800,7907,0
1793,7883,0
1783,7868,0
1771,7861,0
1758,7858,0
1744,7863,0
1733,7873,0
1722,7897,0
1714,7930,0
1707,7967,0
1709,8007,0
1717,8046,0
1735,8077,0
1763,8107,0
1795,8128,0
1828,8141,0
1853,8151,0
1877,8148,0
1896,8142,0
1916,8132,0
1934,8110,0
1952,8088,1
2080,7996,0
2076,8009,0
2061,8027,1