Eric says: &quot;We believe in the cinema.
803
616,2564,0
610,2592,0
610,2625,0
612,2657,0
615,2699,0
616,2736,0
616,2764,0
617,2792,0
619,2813,0
620,2821,0
622,2822,0
628,2823,0
641,2817,0
658,2815,0
680,2811,0
703,2814,0
726,2818,0
745,2824,0
758,2821,0
765,2818,0
769,2819,0
769,2815,0
768,2814,0
762,2810,0
753,2796,1
629,2689,1
619,2683,0
620,2687,0
624,2692,0
633,2697,0
649,2704,0
669,2708,0
694,2707,0
718,2707,0
738,2698,0
754,2692,0
763,2685,0
766,2673,1
591,2564,0
588,2559,0
595,2552,0
611,2543,0
631,2543,0
654,2548,0
681,2548,0
707,2552,0
731,2551,0
753,2555,0
774,2561,0
789,2564,0
803,2569,1
842,2637,0
842,2642,0
844,2646,0
849,2658,0
851,2678,0
851,2702,0
851,2726,0
853,2759,0
853,2779,0
853,2779,0
854,2775,0
856,2748,0
860,2695,0
869,2652,0
876,2632,0
883,2617,0
894,2613,0
902,2610,0
909,2615,0
915,2619,0
923,2635,1
979,2623,0
978,2622,0
979,2623,0
981,2635,0
981,2651,0
981,2679,0
982,2707,0
986,2731,0
991,2751,0
994,2759,0
996,2759,0
996,2751,0
1000,2748,1
982,2559,0
981,2559,0
978,2555,0
979,2559,0
979,2559,1
1100,2668,1
1105,2632,0
1092,2640,0
1078,2664,0
1062,2688,0
1049,2712,0
1048,2736,0
1056,2760,0
1074,2777,0
1096,2789,0
1121,2792,0
1142,2784,0
1166,2775,1
1485,2647,0
1483,2640,0
1485,2632,0
1481,2620,0
1476,2617,0
1462,2610,0
1444,2613,0
1419,2621,0
1394,2633,0
1374,2639,0
1365,2652,0
1363,2665,0
1369,2680,0
1381,2699,0
1390,2709,0
1401,2724,0
1411,2739,0
1418,2746,0
1422,2750,0
1423,2754,0
1414,2759,0
1398,2765,0
1382,2767,0
1370,2765,0
1362,2758,1
1563,2597,0
1542,2601,0
1525,2617,0
1508,2631,0
1491,2651,0
1482,2677,0
1480,2697,0
1483,2709,0
1495,2719,0
1509,2721,0
1527,2714,0
1547,2694,0
1569,2673,0
1591,2649,0
1610,2628,0
1620,2614,0
1623,2613,0
1622,2613,0
1619,2613,0
1619,2631,0
1616,2651,0
1616,2668,0
1618,2684,0
1621,2695,0
1628,2707,1
1667,2578,0
1667,2578,0
1667,2578,0
1667,2578,0
1667,2578,0
1667,2578,0
1667,2578,0
1667,2578,0
1667,2578,0
1667,2578,0
1667,2578,0
1667,2578,0
1667,2578,0
1667,2578,0
1667,2579,0
1667,2579,0
1667,2578,0
1667,2578,0
1667,2578,0
1667,2578,0
1667,2578,0
1667,2578,0
1667,2578,0
1665,2574,0
1667,2578,0
1667,2578,0
1667,2578,0
1667,2579,0
1667,2579,0
1666,2578,0
1668,2581,0
1669,2586,0
1674,2596,0
1679,2604,0
1687,2615,0
1695,2625,0
1701,2632,0
1708,2642,0
1714,2653,0
1718,2660,0
1720,2663,0
1722,2663,0
1722,2663,0
1725,2667,0
1724,2663,1
1739,2555,0
1737,2552,0
1739,2555,0
1739,2555,0
1740,2555,0
1739,2555,0
1737,2552,0
1737,2552,0
1739,2560,0
1738,2568,0
1733,2586,0
1728,2616,0
1718,2656,0
1704,2697,0
1689,2729,0
1675,2761,0
1665,2784,0
1660,2797,0
1660,2801,0
1660,2797,0
1664,2796,1
1855,2521,0
1853,2517,0
1853,2521,0
1847,2519,0
1837,2526,0
1819,2536,0
1806,2552,0
1802,2571,0
1800,2584,0
1810,2602,0
1819,2612,0
1827,2622,0
1835,2631,0
1838,2639,0
1837,2643,0
1831,2654,0
1819,2661,0
1802,2667,0
1789,2670,0
1781,2663,0
1785,2659,1
1944,2536,0
1946,2540,0
1944,2536,0
1944,2536,0
1944,2536,0
1944,2536,0
1944,2536,0
1942,2536,0
1942,2545,1
1922,2633,0
1923,2632,0
1924,2632,0
1922,2629,0
1922,2629,0
1920,2629,0
1922,2633,0
1920,2633,0
1918,2638,1
2234,2386,0
2233,2391,0
2231,2397,0
2230,2411,0
2231,2433,0
2231,2451,0
2239,2464,0
2241,2459,0
2251,2450,1
2284,2387,0
2280,2393,0
2280,2416,0
2277,2436,0
2273,2452,0
2277,2473,0
2282,2483,0
2293,2487,1
2403,2426,0
2398,2420,0
2403,2421,0
2402,2417,0
2407,2424,0
2408,2437,0
2407,2461,0
2408,2496,0
2410,2536,0
2410,2573,0
2415,2613,0
2420,2645,0
2430,2672,0
2437,2686,0
2447,2695,0
2456,2695,0
2463,2685,0
2471,2668,0
2480,2640,0
2485,2604,0
2494,2581,0
2496,2571,0
2497,2570,0
2497,2570,0
2496,2571,0
2499,2591,0
2505,2621,0
2511,2644,0
2519,2663,0
2526,2678,0
2532,2683,0
2543,2686,0
2555,2680,0
2562,2661,0
2571,2637,0
2577,2606,0
2582,2569,0
2586,2530,0
2583,2484,0
2583,2450,0
2581,2432,0
2579,2429,0
2575,2427,0
2574,2428,0
2574,2432,1
2607,2601,1
2608,2624,0
2620,2622,0
2634,2618,0
2650,2608,0
2661,2591,0
2671,2574,0
2678,2555,0
2678,2536,0
2673,2529,0
2664,2531,0
2649,2541,0
2632,2566,0
2620,2598,0
2614,2625,0
2612,2650,0
2623,2671,0
2647,2675,0
2682,2668,0
2720,2658,0
2757,2652,1
3026,2400,0
3021,2394,0
3013,2384,0
3018,2386,0
3014,2384,0
3015,2388,0
3014,2405,0
3016,2440,0
3014,2484,0
3021,2535,0
3023,2574,0
3031,2608,0
3042,2626,0
3052,2628,0
3074,2626,0
3093,2616,0
3112,2600,0
3129,2580,0
3139,2555,0
3144,2535,0
3134,2518,0
3119,2514,0
3100,2516,0
3079,2522,0
3063,2531,0
3053,2540,0
3049,2542,0
3060,2550,0
3076,2557,1
3144,2577,0
3146,2581,0
3146,2581,0
3158,2587,0
3174,2584,0
3192,2574,0
3209,2558,0
3223,2541,0
3234,2524,0
3239,2509,0
3235,2502,0
3230,2502,0
3214,2505,0
3192,2519,0
3177,2544,0
3167,2569,0
3169,2593,0
3183,2613,0
3206,2624,0
3239,2628,0
3264,2616,1
3319,2394,0
3322,2397,0
3322,2397,0
3317,2396,0
3317,2396,0
3318,2400,0
3318,2412,0
3318,2434,0
3321,2464,0
3332,2498,0
3339,2525,0
3348,2545,0
3357,2558,0
3362,2570,0
3369,2584,0
3370,2595,0
3369,2601,1
3407,2493,0
3406,2494,0
3409,2496,0
3410,2495,0
3409,2496,0
3410,2495,0
3406,2494,0
3409,2497,0
3408,2497,0
3409,2502,0
3408,2514,0
3409,2531,0
3409,2547,0
3411,2561,0
3414,2569,0
3421,2579,0
3421,2584,1
3387,2415,0
3386,2416,0
3386,2416,0
3387,2415,0
3387,2415,1
3485,2584,1
3482,2587,0
3479,2584,0
3486,2584,0
3499,2581,0
3515,2572,0
3527,2557,0
3539,2540,0
3549,2525,0
3551,2511,0
3549,2507,0
3536,2504,0
3521,2507,0
3505,2518,0
3496,2539,0
3486,2561,0
3486,2584,0
3500,2603,0
3520,2611,0
3547,2608,0
3575,2595,1
3609,2507,0
3609,2507,0
3610,2506,0
3607,2503,0
3610,2506,0
3615,2518,0
3625,2538,0
3631,2555,0
3633,2564,0
3645,2574,0
3659,2577,0
3672,2574,0
3686,2559,0
3701,2542,0
3710,2521,0
3714,2504,0
3713,2493,0
3713,2494,0
3711,2495,0
3705,2496,0
3706,2502,0
3711,2509,0
3710,2509,0
3717,2514,0
3724,2518,0
3729,2517,0
3740,2518,0
3750,2517,0
3759,2514,0
3766,2511,0
3778,2505,0
3785,2491,0
3795,2478,0
3797,2463,0
3795,2460,0
3789,2460,0
3775,2464,0
3756,2480,0
3738,2501,0
3727,2521,0
3718,2543,0
3714,2564,0
3722,2579,0
3741,2589,0
3770,2592,0
3806,2587,0
3848,2577,0
3892,2562,0
3925,2547,1
4073,2427,1
4077,2428,0
4079,2437,0
4079,2457,0
4078,2485,0
4078,2511,0
4080,2536,0
4079,2549,0
4083,2550,1
4076,2347,0
4076,2347,0
4077,2345,0
4078,2345,0
4078,2345,1
4135,2444,0
4132,2461,0
4131,2476,0
4131,2488,0
4134,2497,0
4138,2499,0
4140,2496,0
4147,2487,0
4157,2467,1
4191,2407,0
4197,2405,0
4200,2408,0
4204,2417,0
4210,2434,0
4214,2456,0
4221,2480,0
4227,2499,0
4237,2514,0
4250,2522,0
4266,2521,0
4280,2509,1
4409,2336,0
4412,2339,0
4413,2345,0
4416,2362,0
4417,2389,0
4418,2425,0
4422,2461,0
4426,2490,0
4427,2509,0
4432,2522,0
4438,2529,0
4444,2527,0
4449,2519,1
4384,2439,0
4381,2437,0
4384,2437,0
4386,2436,0
4393,2433,0
4406,2428,0
4424,2423,0
4441,2419,0
4448,2416,1
4470,2330,1
4475,2352,0
4476,2374,0
4478,2405,0
4477,2437,0
4476,2466,0
4480,2489,0
4482,2507,0
4487,2514,0
4490,2516,0
4492,2514,0
4494,2511,0
4492,2499,0
4497,2479,0
4497,2449,0
4502,2421,0
4509,2403,0
4512,2397,0
4514,2395,0
4522,2397,0
4524,2403,0
4531,2419,0
4531,2434,0
4538,2451,0
4543,2467,0
4550,2478,0
4556,2485,0
4565,2486,0
4577,2482,0
4588,2473,0
4601,2459,0
4613,2447,0
4621,2435,0
4635,2428,0
4648,2422,0
4657,2416,0
4669,2412,0
4678,2407,0
4678,2398,0
4679,2388,0
4678,2383,0
4661,2379,0
4642,2386,0
4626,2405,0
4612,2427,0
4607,2449,0
4610,2468,0
4628,2490,0
4655,2500,0
4698,2501,0
4739,2489,0
4779,2478,0
4807,2463,1
5069,2364,0
5069,2362,0
5072,2357,0
5075,2352,0
5069,2347,0
5058,2342,0
5038,2345,0
5014,2357,0
4988,2376,0
4970,2400,0
4965,2425,0
4965,2447,0
4977,2466,0
4999,2479,0
5023,2484,0
5045,2486,0
5069,2485,0
5090,2481,0
5107,2475,0
5127,2472,0
5127,2463,1
5176,2367,0
5174,2370,0
5174,2387,0
5173,2407,0
5176,2426,0
5175,2444,0
5177,2456,0
5183,2463,0
5190,2466,1
5196,2286,0
5197,2285,0
5197,2284,0
5197,2283,0
5197,2284,1
5271,2358,0
5271,2358,0
5272,2357,0
5276,2359,0
5275,2358,0
5274,2361,0
5272,2365,0
5267,2384,0
5263,2408,0
5265,2429,0
5266,2444,0
5269,2454,0
5274,2455,0
5274,2453,0
5277,2448,0
5282,2432,0
5291,2407,0
5301,2379,0
5317,2357,0
5332,2345,0
5341,2345,0
5348,2349,0
5351,2359,0
5354,2381,0
5352,2411,0
5348,2435,0
5344,2451,0
5348,2461,0
5348,2461,1
5385,2425,0
5381,2425,0
5388,2427,0
5395,2430,0
5412,2434,0
5431,2433,0
5452,2426,0
5477,2412,0
5496,2393,0
5505,2376,0
5512,2362,0
5510,2348,0
5497,2338,0
5479,2338,0
5455,2349,0
5431,2370,0
5415,2402,0
5404,2432,0
5406,2455,0
5428,2464,0
5465,2463,0
5508,2449,0
5547,2434,0
5567,2421,0
5596,2416,1
5642,2340,1
5623,2344,0
5607,2349,0
5599,2365,0
5590,2384,0
5586,2400,0
5591,2408,0
5602,2412,0
5615,2414,0
5630,2410,0
5643,2405,0
5652,2393,0
5663,2380,0
5670,2364,0
5677,2350,0
5676,2333,0
5677,2330,0
5677,2333,0
5675,2335,0
5678,2350,0
5675,2374,0
5678,2393,0
5686,2407,0
5691,2413,0
5698,2417,0
5706,2419,0
5713,2415,0
5721,2405,0
5729,2389,0
5740,2375,0
5743,2361,0
5751,2355,0
5751,2355,0
5750,2356,0
5749,2358,0
5750,2364,0
5754,2374,0
5755,2381,0
5761,2388,0
5767,2393,0
5766,2396,0
5771,2396,0
5771,2395,0
5771,2395,0
5771,2396,0
5771,2395,0
5771,2396,0
5771,2396,0
5770,2398,0
5771,2397,0
5770,2398,0
5773,2400,0
5769,2400,1
5783,2379,1
5781,2393,0
5777,2392,0
5778,2390,0
5785,2386,0
5793,2376,0
5804,2362,0
5810,2349,0
5826,2343,0
5833,2338,0
5842,2337,0
5850,2339,0
5855,2347,0
5861,2363,0
5863,2387,0
5863,2408,0
5863,2415,1
5969,2339,0
5966,2335,0
5968,2330,0
5967,2323,0
5969,2318,0
5961,2317,0
5951,2320,0
5937,2331,0
5915,2352,0
5902,2379,0
5897,2400,0
5901,2411,0
5912,2415,0
5936,2411,0
5960,2396,0
5980,2371,0
5995,2350,0
6007,2330,0
6009,2326,0
6008,2328,0
6011,2332,0
6015,2354,0
6017,2377,0
6018,2396,0
6027,2414,1
6182,2432,0
6182,2432,0
6177,2430,0
6173,2430,0
6169,2429,0
6172,2432,0
6169,2429,0
6173,2430,0
6169,2428,1