prepared to accept him on such
646
466,3915,0
453,3953,0
441,4008,0
425,4066,0
410,4128,0
396,4179,0
386,4217,0
377,4244,0
374,4248,0
371,4243,0
371,4223,0
412,4060,0
436,4003,0
462,3946,0
489,3903,0
518,3866,0
544,3841,0
564,3824,0
578,3830,0
586,3843,0
584,3872,0
574,3906,0
557,3945,0
534,3986,0
507,4018,0
462,4035,1
591,3986,0
601,3986,0
614,3976,0
629,3966,0
644,3940,0
661,3906,0
678,3875,0
697,3845,0
714,3822,0
728,3807,0
735,3800,0
736,3800,0
733,3816,0
718,3843,0
701,3881,0
685,3921,0
676,3955,0
678,3983,0
687,3996,0
707,4003,0
731,3996,0
760,3979,0
791,3957,0
815,3919,0
836,3893,0
849,3870,0
856,3849,0
856,3838,0
850,3834,0
839,3832,0
824,3840,0
809,3859,0
795,3886,0
784,3917,0
781,3949,0
786,3974,0
798,3990,0
817,3991,0
839,3986,0
864,3962,0
889,3932,0
912,3901,0
931,3870,0
948,3842,0
957,3826,0
962,3826,0
958,3830,0
948,3858,0
934,3898,0
919,3950,0
902,4000,0
887,4051,0
873,4099,0
863,4134,0
859,4146,0
859,4143,0
862,4123,0
873,4082,0
890,4028,0
916,3973,0
945,3922,0
976,3879,0
1005,3844,0
1030,3820,0
1053,3809,0
1069,3812,0
1077,3824,0
1077,3848,0
1065,3876,0
1047,3909,0
1023,3940,0
998,3960,0
974,3971,1
1234,3813,0
1229,3810,0
1220,3806,0
1205,3814,0
1184,3827,0
1161,3848,0
1136,3876,0
1112,3909,0
1094,3949,0
1086,3976,0
1090,3993,0
1101,3988,0
1119,3972,0
1140,3944,0
1163,3916,0
1184,3879,0
1201,3846,0
1213,3826,0
1216,3818,0
1177,3931,0
1173,3967,0
1177,3987,0
1187,3987,0
1200,3978,0
1225,3958,0
1247,3925,0
1268,3892,0
1287,3863,0
1301,3834,0
1310,3817,0
1315,3813,0
1315,3813,0
1315,3813,0
1317,3817,0
1324,3820,0
1335,3819,0
1348,3814,0
1362,3814,0
1373,3812,0
1382,3817,0
1385,3824,0
1381,3840,0
1370,3865,0
1357,3898,0
1344,3931,0
1337,3960,0
1341,3980,0
1353,3987,0
1371,3981,0
1393,3964,0
1417,3945,0
1439,3923,0
1459,3901,0
1473,3880,0
1483,3863,0
1485,3846,0
1483,3839,0
1479,3839,0
1471,3839,0
1462,3844,0
1452,3858,0
1444,3879,0
1437,3907,0
1432,3936,0
1433,3964,0
1442,3979,0
1460,3990,0
1485,3983,0
1512,3964,1
1616,3858,0
1604,3851,0
1593,3848,0
1581,3846,0
1571,3852,0
1561,3861,0
1549,3879,0
1537,3901,0
1527,3930,0
1521,3959,0
1524,3983,0
1532,3994,0
1547,3992,0
1566,3978,0
1590,3950,0
1616,3910,0
1644,3870,0
1672,3824,0
1695,3776,0
1717,3736,0
1732,3705,0
1742,3682,0
1745,3678,0
1739,3679,0
1727,3698,0
1705,3730,0
1681,3775,0
1655,3831,0
1635,3891,0
1625,3945,0
1631,3989,0
1649,4010,0
1681,4018,0
1722,4007,0
1768,3983,0
1819,3961,1
2262,3615,0
2256,3622,0
2245,3625,0
2230,3643,0
2209,3671,0
2185,3703,0
2159,3745,0
2129,3788,0
2104,3845,0
2083,3896,0
2070,3937,0
2070,3969,0
2079,3983,1
2304,3829,0
2301,3826,0
2293,3820,0
2281,3819,0
2264,3825,0
2245,3840,0
2227,3863,0
2213,3896,0
2202,3924,0
2202,3950,0
2212,3964,0
2224,3960,0
2240,3947,0
2260,3923,0
2282,3896,0
2302,3863,0
2318,3833,0
2334,3814,0
2348,3806,0
2362,3805,0
2372,3798,1
2072,3774,0
2072,3774,0
2079,3777,0
2095,3781,0
2117,3783,1
2795,3817,0
2784,3814,0
2769,3812,0
2751,3816,0
2729,3822,0
2703,3833,0
2678,3857,0
2653,3890,0
2626,3923,0
2608,3960,0
2598,3994,0
2596,4016,0
2604,4027,0
2618,4025,0
2640,4012,0
2667,3988,0
2692,3951,0
2721,3917,0
2745,3880,0
2765,3849,0
2779,3829,0
2784,3823,0
2783,3824,0
2777,3839,0
2761,3868,0
2741,3899,0
2729,3940,0
2721,3969,0
2727,3988,1
2940,3804,0
2926,3802,0
2914,3809,0
2894,3814,0
2872,3829,0
2852,3852,0
2830,3876,0
2812,3911,0
2799,3944,0
2791,3974,0
2799,3996,0
2818,4010,0
2843,4007,1
3098,3802,0
3088,3802,0
3076,3800,0
3065,3802,0
3057,3810,0
3041,3814,0
3025,3827,0
3008,3846,0
2991,3873,0
2970,3901,0
2958,3934,0
2953,3967,0
2958,3996,0
2969,4008,0
2989,4012,0
3017,4003,0
3049,3986,0
3081,3966,0
3109,3942,0
3129,3917,0
3147,3894,0
3158,3873,0
3164,3855,0
3163,3843,0
3158,3836,0
3148,3834,0
3138,3839,0
3125,3846,0
3112,3862,0
3101,3877,0
3093,3899,0
3085,3922,0
3085,3949,0
3089,3974,0
3098,3993,0
3115,4006,0
3138,4007,1
3334,3901,0
3319,3928,0
3306,3968,0
3286,4012,0
3265,4061,0
3245,4109,0
3225,4147,0
3209,4174,0
3198,4179,0
3197,4176,0
3194,4150,0
3204,4113,0
3219,4063,0
3242,4010,0
3271,3956,0
3303,3910,0
3335,3867,0
3368,3833,0
3399,3808,0
3426,3796,0
3444,3799,0
3451,3813,0
3452,3836,0
3444,3870,0
3430,3908,0
3409,3945,0
3385,3972,0
3366,3988,0
3356,3995,0
3350,3989,0
3349,3976,0
3360,3965,0
3374,3957,0
3393,3953,0
3411,3952,0
3428,3956,0
3452,3965,0
3475,3969,0
3497,3959,0
3522,3944,0
3551,3915,0
3580,3876,0
3607,3824,0
3636,3770,0
3666,3718,0
3688,3672,0
3706,3638,0
3717,3621,0
3720,3619,0
3716,3631,0
3705,3665,0
3678,3715,0
3644,3774,0
3610,3832,0
3576,3879,0
3547,3909,0
3518,3923,0
3493,3924,0
3469,3911,0
3461,3892,0
3464,3871,0
3478,3848,0
3502,3827,0
3537,3809,0
3577,3792,1
4153,3592,0
4147,3613,0
4132,3648,0
4109,3694,0
4086,3751,0
4057,3805,0
4027,3855,0
3998,3904,0
3969,3947,0
3945,3980,0
3930,4002,0
3925,4010,0
3922,4003,0
3931,3991,0
3945,3960,0
3971,3930,0
3998,3894,0
4027,3860,0
4060,3835,0
4080,3817,0
4098,3814,0
4106,3817,0
4109,3826,0
4100,3843,0
4089,3872,0
4073,3906,0
4061,3941,0
4053,3967,0
4058,3984,0
4070,3990,0
4089,3985,0
4111,3967,0
4139,3945,0
4165,3919,0
4184,3893,0
4203,3872,0
4216,3855,0
4222,3846,0
4224,3849,0
4220,3852,0
4208,3867,0
4195,3889,0
4184,3919,0
4172,3949,0
4162,3974,0
4158,3981,0
4167,3990,0
4174,3984,0
4186,3969,0
4204,3944,0
4225,3916,0
4246,3888,0
4266,3865,0
4279,3849,0
4287,3842,0
4288,3841,0
4288,3851,0
4287,3868,0
4278,3892,0
4266,3918,0
4256,3947,0
4243,3969,0
4236,3990,0
4228,3996,0
4229,4001,0
4229,3995,0
4237,3985,0
4248,3959,0
4269,3931,0
4292,3901,0
4315,3875,0
4334,3853,0
4355,3841,0
4370,3833,0
4379,3830,0
4385,3835,0
4389,3848,0
4384,3868,0
4372,3894,0
4360,3921,0
4347,3948,0
4337,3968,0
4334,3981,0
4334,3981,0
4333,3976,0
4342,3963,0
4357,3940,0
4378,3911,0
4398,3882,0
4421,3857,0
4443,3836,0
4461,3820,0
4475,3813,0
4482,3812,0
4483,3816,0
4481,3828,0
4475,3851,0
4459,3876,0
4442,3908,0
4430,3940,0
4418,3961,0
4418,3977,0
4426,3981,0
4436,3972,0
4452,3952,1
4285,3720,0
4278,3728,0
4272,3737,0
4270,3755,0
4264,3761,1
4892,3823,0
4889,3820,0
4888,3814,0
4881,3811,0
4873,3808,0
4857,3807,0
4836,3811,0
4809,3821,0
4784,3848,0
4755,3882,0
4734,3918,0
4724,3951,0
4728,3974,0
4741,3986,0
4763,3981,0
4787,3962,0
4817,3933,0
4847,3903,0
4871,3872,0
4891,3846,0
4907,3824,0
4915,3810,0
4920,3805,0
4922,3808,0
4922,3814,0
4915,3826,0
4917,3849,0
4907,3870,0
4900,3899,0
4891,3933,0
4878,3957,0
4871,3975,0
4866,3980,0
4866,3975,0
4870,3965,0
4885,3945,0
4900,3911,0
4923,3877,0
4951,3847,0
4977,3820,0
5002,3800,0
5021,3790,0
5032,3783,0
5038,3788,0
5044,3801,0
5037,3819,0
5023,3846,0
5005,3878,0
4991,3909,0
4987,3937,0
4991,3956,0
5002,3967,0
5026,3971,1
5359,3940,0
5356,3945,0
5353,3942,0
5358,3942,0
5361,3932,0
5373,3913,0
5391,3885,0
5417,3855,0
5444,3824,0
5476,3798,0
5507,3778,0
5532,3766,0
5559,3765,0
5575,3771,0
5585,3785,0
5587,3814,0
5573,3849,0
5554,3892,0
5527,3930,0
5502,3959,0
5476,3977,1
5667,3771,0
5662,3777,0
5657,3789,0
5650,3805,0
5639,3826,0
5631,3854,0
5620,3887,0
5615,3918,0
5610,3942,0
5611,3954,0
5619,3957,0
5631,3950,0
5646,3932,0
5662,3906,0
5677,3879,0
5696,3851,0
5712,3823,0
5725,3800,0
5738,3784,0
5740,3775,0
5740,3775,0
5740,3781,0
5730,3793,0
5723,3822,0
5712,3855,0
5697,3887,0
5692,3918,0
5692,3937,0
5706,3947,1
5864,3797,0
5856,3795,0
5844,3797,0
5834,3803,0
5818,3817,0
5804,3836,0
5792,3865,0
5780,3892,0
5774,3920,0
5781,3942,0
5790,3950,0
5811,3943,0
5840,3920,1
6028,3590,0
6029,3583,0
6028,3583,0
6023,3591,0
6010,3610,0
5997,3648,0
5976,3694,0
5950,3749,0
5923,3804,0
5894,3850,0
5873,3890,0
5855,3919,0
5845,3932,0
5849,3934,0
5855,3926,0
5876,3906,0
5904,3876,0
5935,3848,0
5973,3818,0
6000,3795,0
6024,3783,0
6037,3780,0
6043,3783,0
6045,3795,0
6037,3812,0
6025,3842,0
6013,3872,0
5998,3904,0
5996,3934,0
6005,3956,0
6025,3969,0
6054,3971,0
6095,3962,1