Go ahead. &quot;This is colour day,&quot;
491
745,3259,0
740,3245,0
739,3218,0
743,3186,0
747,3138,0
755,3091,0
757,3039,0
748,2998,0
726,2970,0
697,2958,0
661,2974,0
622,3020,0
591,3092,0
576,3143,0
582,3164,0
600,3170,0
622,3170,0
645,3149,0
665,3120,0
684,3086,0
699,3060,0
703,3056,0
707,3077,0
712,3126,0
724,3204,0
748,3308,0
778,3402,0
793,3476,0
790,3536,0
777,3591,0
752,3637,0
719,3666,0
680,3686,0
641,3689,0
610,3681,0
591,3667,0
584,3633,0
592,3574,0
620,3505,0
661,3438,0
708,3363,1
882,3126,0
869,3133,0
849,3168,0
825,3226,0
811,3288,0
813,3329,0
830,3343,0
862,3349,0
900,3335,0
938,3309,0
967,3275,0
983,3223,0
983,3175,0
970,3135,0
949,3110,0
921,3108,1
1334,3126,0
1312,3127,0
1278,3146,0
1245,3188,0
1218,3238,0
1205,3278,0
1207,3298,0
1220,3302,0
1242,3300,0
1266,3279,0
1290,3245,0
1312,3204,0
1329,3154,0
1341,3122,0
1341,3117,0
1342,3129,0
1343,3185,0
1344,3253,0
1356,3308,0
1374,3327,0
1399,3329,0
1428,3317,0
1457,3291,0
1486,3245,0
1515,3185,0
1536,3110,0
1546,3035,0
1546,2982,0
1527,2965,0
1500,2981,0
1474,3021,0
1453,3089,0
1442,3175,0
1449,3250,0
1471,3292,0
1501,3304,0
1539,3299,0
1576,3277,0
1607,3244,0
1630,3208,0
1647,3184,0
1650,3183,0
1655,3194,0
1662,3238,0
1672,3276,0
1684,3286,0
1704,3295,0
1727,3295,0
1750,3286,0
1775,3267,0
1802,3233,0
1826,3194,0
1844,3152,0
1847,3110,0
1831,3086,0
1803,3093,0
1771,3124,0
1746,3175,0
1735,3235,0
1749,3281,0
1783,3303,0
1836,3307,0
1898,3299,0
1957,3284,0
2007,3257,0
2047,3228,0
2075,3193,0
2091,3163,0
2090,3138,0
2073,3122,0
2046,3118,0
2010,3130,0
1973,3170,0
1942,3217,0
1929,3254,0
1933,3265,0
1954,3276,0
1985,3276,0
2017,3257,0
2049,3231,0
2077,3204,0
2094,3174,0
2100,3151,0
2099,3151,0
2097,3160,0
2093,3213,0
2093,3267,0
2105,3297,0
2129,3310,1
2318,3228,0
2336,3190,0
2347,3156,0
2347,3120,0
2329,3093,0
2303,3082,0
2267,3088,0
2230,3129,0
2201,3191,0
2188,3243,0
2195,3266,0
2214,3276,0
2242,3279,0
2276,3270,0
2310,3247,0
2345,3221,0
2371,3180,0
2386,3129,0
2396,3077,0
2394,3021,0
2387,2980,0
2377,2963,0
2373,2960,0
2370,2965,0
2364,3004,0
2355,3059,0
2352,3122,0
2355,3182,1
2596,3305,0
2597,3305,0
2598,3305,0
2601,3308,0
2601,3308,0
2600,3304,0
2601,3303,0
2606,3305,0
2614,3301,1
2929,2902,0
2933,2905,0
2933,2914,0
2936,2941,0
2939,2967,1
3038,2884,0
3042,2887,0
3040,2893,0
3040,2927,0
3044,2969,1
3371,2899,0
3368,2927,0
3372,2987,0
3378,3059,0
3385,3119,0
3393,3158,0
3400,3184,0
3404,3195,0
3406,3199,0
3404,3196,0
3395,3178,0
3387,3153,0
3370,3116,1
3296,2940,0
3306,2927,0
3333,2920,0
3375,2912,0
3424,2895,0
3484,2886,0
3532,2881,0
3566,2894,0
3582,2933,0
3581,2987,0
3580,3057,0
3585,3122,0
3587,3151,0
3599,3168,0
3611,3173,0
3631,3172,0
3654,3158,0
3680,3134,0
3705,3103,0
3725,3073,0
3734,3065,0
3736,3069,0
3740,3103,0
3738,3147,0
3748,3175,0
3756,3184,0
3773,3186,0
3798,3179,0
3822,3158,0
3846,3135,0
3870,3113,0
3884,3098,0
3889,3099,0
3898,3119,0
3904,3158,0
3909,3181,1
3894,2934,0
3887,2935,0
3883,2944,0
3896,2971,0
3922,2996,1
4100,3030,0
4089,3030,0
4082,3038,0
4076,3061,0
4083,3093,0
4091,3119,0
4104,3148,0
4104,3165,0
4110,3181,0
4105,3186,0
4102,3189,0
4099,3192,0
4085,3189,0
4070,3182,0
4056,3173,0
4048,3163,1
4383,3021,0
4385,3025,0
4389,3050,0
4392,3084,0
4393,3102,1
4355,2906,1
4536,2983,0
4531,2982,0
4527,2986,0
4532,3012,0
4537,3037,0
4550,3066,0
4559,3093,0
4559,3111,0
4559,3129,0
4553,3137,0
4544,3141,0
4536,3144,0
4526,3144,0
4527,3143,0
4528,3141,0
4536,3138,0
4558,3136,1
4883,3025,0
4873,3032,0
4856,3062,0
4840,3102,0
4837,3137,1
5007,3032,0
4997,3027,0
4982,3033,0
4964,3051,0
4948,3086,0
4939,3117,0
4944,3137,0
4953,3146,0
4965,3149,0
4979,3144,0
4994,3136,0
5003,3118,0
5006,3088,0
5010,3056,0
5004,3036,0
4997,3034,0
4982,3040,0
4975,3049,0
4975,3055,0
4987,3061,0
5002,3059,0
5037,3053,0
5065,3035,0
5096,3011,0
5122,2980,0
5135,2942,0
5138,2908,0
5126,2890,0
5116,2899,0
5093,2932,0
5072,2989,0
5061,3054,0
5068,3105,1
5149,3150,0
5178,3144,0
5207,3125,0
5231,3091,1
5253,2990,0
5233,2997,0
5201,3022,0
5173,3062,0
5158,3095,0
5162,3119,0
5178,3131,0
5213,3137,0
5245,3134,0
5266,3124,0
5277,3108,0
5285,3091,0
5286,3066,0
5285,3041,0
5286,3011,0
5286,2982,0
5287,2960,0
5284,2955,0
5297,2958,0
5312,2972,0
5330,3004,0
5349,3046,0
5359,3081,0
5364,3111,0
5364,3125,0
5373,3133,0
5376,3134,0
5383,3132,0
5395,3121,0
5412,3097,0
5436,3067,0
5449,3048,0
5452,3051,0
5450,3066,0
5458,3100,0
5472,3129,0
5499,3147,0
5526,3155,0
5559,3157,0
5577,3152,0
5585,3140,0
5596,3116,0
5603,3082,0
5605,3042,0
5600,3006,0
5590,2984,0
5588,2978,0
5588,2980,1
5911,2995,0
5899,2983,0
5880,2984,0
5850,3002,0
5825,3044,0
5809,3078,0
5808,3095,0
5816,3104,0
5826,3104,0
5841,3103,0
5859,3089,0
5885,3062,0
5914,3020,0
5947,2971,0
5967,2912,0
5972,2870,0
5958,2854,0
5956,2858,0
5943,2889,0
5929,2946,0
5921,3008,0
5928,3060,0
5950,3086,0
5981,3103,0
6014,3103,0
6049,3097,0
6087,3081,0
6112,3054,0
6135,3023,0
6146,2993,0
6138,2967,0
6116,2957,0
6077,2962,0
6041,2984,0
6017,3019,0
6004,3049,0
6008,3066,0
6022,3080,0
6048,3084,0
6068,3081,0
6094,3069,0
6120,3049,0
6142,3017,0
6169,2986,0
6174,2959,0
6178,2961,0
6173,2970,0
6160,3008,0
6158,3046,0
6159,3069,0
6165,3082,0
6182,3093,0
6196,3091,0
6213,3087,0
6230,3073,0
6254,3053,0
6273,3027,0
6288,3009,0
6281,3006,0
6275,3017,0
6261,3049,0
6258,3072,0
6261,3090,0
6277,3104,0
6296,3110,0
6320,3109,0
6349,3097,0
6388,3076,0
6421,3050,0
6459,3021,0
6482,2995,0
6483,2994,0
6477,3004,0
6454,3047,0
6430,3107,0
6406,3168,0
6382,3218,0
6368,3266,0
6356,3309,0
6353,3346,0
6356,3371,0
6357,3378,0
6360,3380,0
6362,3385,0
6361,3387,0
6365,3387,0
6366,3387,0
6363,3382,0
6367,3377,1
6575,3110,0
6577,3113,0
6577,3114,0
6572,3123,0
6557,3160,0
6541,3197,0
6531,3223,0
6524,3234,0
6516,3233,1
6829,2676,0
6833,2678,0
6836,2682,0
6840,2710,0
6838,2746,0
6833,2767,0
6844,2782,0
6852,2784,0
6863,2778,1
6881,2749,0
6884,2732,0
6891,2706,0
6901,2692,0
6901,2692,0
6895,2705,0
6888,2752,0
6880,2799,1