that idea is. The biggest group of
743
847,3019,0
844,3031,0
841,3038,0
837,3050,0
834,3074,0
832,3094,0
828,3110,0
825,3122,0
823,3138,0
822,3150,0
820,3158,0
820,3165,0
819,3165,1
864,2872,0
868,2869,0
872,2873,0
873,2876,0
871,2885,0
867,2889,0
866,2897,0
868,2900,0
875,2909,1
1003,3008,0
989,3011,0
975,3023,0
961,3034,0
948,3054,0
936,3069,0
928,3093,0
924,3113,0
926,3133,0
933,3145,0
948,3153,0
965,3150,0
986,3143,0
1008,3132,0
1029,3120,0
1049,3100,0
1066,3081,0
1081,3053,0
1093,3013,0
1085,3037,0
1080,3065,0
1076,3097,0
1075,3121,0
1078,3144,0
1087,3157,0
1100,3164,0
1116,3172,0
1132,3168,0
1148,3163,0
1164,3152,0
1179,3135,0
1206,3090,0
1217,3069,0
1223,3049,0
1223,3029,0
1222,3013,0
1218,3005,0
1208,3001,0
1196,3002,0
1185,3015,0
1150,3071,0
1138,3088,0
1131,3108,0
1131,3128,0
1138,3140,0
1155,3156,0
1177,3159,0
1201,3158,0
1227,3153,1
1389,3016,0
1389,3012,0
1387,3004,0
1385,3000,0
1380,2993,0
1334,2981,0
1319,2982,0
1310,2995,0
1300,3012,0
1290,3033,0
1281,3054,0
1283,3098,0
1283,3126,0
1288,3150,0
1295,3168,0
1303,3177,0
1317,3183,0
1334,3186,0
1352,3180,0
1370,3163,0
1386,3145,0
1401,3123,0
1412,3098,0
1420,3077,0
1425,3057,0
1426,3040,0
1426,3036,0
1425,3035,0
1424,3036,0
1425,3048,0
1427,3064,0
1430,3083,0
1435,3107,0
1438,3127,0
1440,3139,0
1447,3154,1
1793,2980,0
1791,2980,0
1791,2980,0
1790,2980,0
1792,2984,0
1789,2981,0
1790,2989,0
1788,2997,0
1790,3013,0
1791,3030,0
1790,3046,0
1790,3066,0
1788,3088,0
1788,3108,0
1785,3122,0
1786,3138,0
1787,3150,0
1787,3154,0
1789,3158,0
1792,3153,0
1797,3139,1
1740,2832,0
1734,2825,0
1735,2825,0
1737,2829,0
1740,2832,1
1976,2981,0
1967,2967,0
1960,2961,0
1943,2954,0
1923,2948,0
1908,2948,0
1899,2951,0
1890,2953,0
1888,2958,0
1888,2963,0
1895,2972,0
1906,2982,0
1924,3001,0
1939,3013,0
1951,3027,0
1966,3047,0
1975,3065,0
1981,3081,0
1983,3096,0
1980,3105,0
1973,3116,0
1967,3127,0
1954,3127,0
1942,3129,0
1925,3130,0
1909,3127,0
1894,3122,0
1881,3118,0
1867,3109,0
1862,3106,0
1857,3099,0
1861,3098,0
1870,3095,1
2123,3148,0
2124,3151,0
2123,3151,0
2123,3152,0
2119,3148,0
2121,3152,0
2121,3152,0
2121,3148,0
2121,3148,0
2124,3151,0
2121,3144,0
2123,3147,0
2125,3147,1
2419,2884,0
2414,2900,0
2412,2919,0
2409,2938,0
2405,2963,0
2399,2983,0
2398,3005,0
2398,3028,0
2398,3045,0
2398,3059,0
2405,3072,0
2404,3073,0
2406,3072,1
2260,2835,0
2261,2835,0
2268,2828,0
2277,2823,0
2296,2823,0
2318,2826,0
2345,2827,0
2372,2828,0
2407,2832,0
2442,2837,0
2479,2845,0
2507,2844,0
2530,2845,0
2548,2844,0
2560,2842,0
2572,2840,0
2577,2833,1
2587,2818,0
2587,2828,0
2586,2842,0
2585,2861,0
2579,2878,0
2572,2900,0
2564,2926,0
2560,2957,0
2552,2982,0
2550,3011,0
2545,3032,0
2547,3053,0
2546,3066,0
2546,3076,0
2543,3073,0
2545,3076,0
2545,3071,0
2550,3060,0
2558,3043,0
2569,3024,0
2583,3003,0
2594,2979,0
2604,2955,0
2618,2938,0
2633,2930,0
2639,2917,0
2646,2913,0
2654,2918,0
2657,2926,0
2658,2939,0
2655,2959,0
2654,2983,0
2651,3007,0
2649,3031,0
2651,3052,0
2656,3073,0
2660,3088,1
2762,3049,0
2770,3041,0
2782,3028,0
2789,3011,0
2803,2998,0
2812,2977,0
2824,2961,0
2831,2943,0
2840,2932,0
2842,2921,0
2837,2914,0
2826,2912,0
2810,2917,0
2790,2926,0
2768,2939,0
2744,2958,0
2729,2981,0
2719,3001,0
2719,3020,0
2736,3042,0
2760,3051,0
2799,3060,0
2839,3059,0
2886,3063,0
2930,3054,1
3110,2837,0
3109,2837,0
3109,2837,0
3110,2842,0
3105,2845,0
3106,2860,0
3104,2876,0
3099,2895,0
3103,2927,0
3100,2953,0
3101,2982,0
3105,3014,0
3104,3039,0
3101,3060,0
3095,3074,0
3092,3086,0
3091,3092,0
3086,3091,0
3083,3088,0
3079,3076,0
3081,3060,0
3086,3042,0
3088,3016,0
3091,2990,0
3104,2971,0
3115,2947,0
3133,2929,0
3152,2914,0
3171,2901,0
3195,2897,0
3211,2895,0
3229,2901,0
3242,2911,0
3253,2928,0
3259,2948,0
3262,2971,0
3255,2992,0
3249,3017,0
3235,3037,0
3219,3055,0
3206,3070,0
3189,3077,0
3171,3079,0
3160,3083,0
3147,3078,0
3140,3072,0
3140,3068,0
3141,3057,0
3153,3048,1
3332,2936,0
3332,2931,0
3334,2934,0
3331,2932,0
3331,2938,0
3332,2953,0
3329,2969,0
3331,2989,0
3332,3009,0
3337,3030,0
3339,3044,0
3343,3056,0
3344,3060,1
3314,2801,0
3311,2798,0
3312,2797,0
3313,2801,0
3319,2813,1
3542,3006,0
3540,2997,0
3539,2987,0
3530,2973,0
3518,2963,0
3501,2951,0
3480,2943,0
3463,2941,0
3445,2941,0
3425,2948,0
3404,2960,0
3385,2971,0
3378,2992,0
3376,3008,0
3385,3028,0
3397,3039,0
3414,3045,0
3437,3047,0
3465,3045,0
3489,3040,0
3509,3028,0
3527,3018,0
3543,3010,0
3549,2999,0
3551,2992,0
3554,2994,0
3554,2994,0
3549,2999,0
3551,3019,0
3544,3041,0
3538,3067,0
3535,3101,0
3531,3135,0
3529,3174,0
3525,3208,0
3512,3233,0
3501,3257,0
3485,3270,0
3463,3276,0
3434,3273,0
3407,3264,0
3385,3255,0
3363,3237,0
3350,3217,0
3342,3192,1
3734,2983,0
3737,2980,0
3740,2972,0
3741,2965,0
3735,2955,0
3726,2947,0
3717,2949,0
3694,2949,0
3678,2958,0
3656,2963,0
3648,2975,0
3641,2982,0
3647,2992,0
3658,2999,0
3677,3003,0
3701,3004,0
3723,2999,0
3747,2993,0
3771,2992,0
3778,2980,0
3789,2975,0
3793,2970,0
3793,2970,0
3793,2971,0
3789,2975,0
3784,2985,0
3781,2999,0
3785,3023,0
3785,3050,0
3784,3078,0
3788,3113,0
3785,3148,0
3779,3180,0
3776,3216,0
3762,3243,0
3748,3271,0
3725,3291,0
3701,3305,0
3676,3317,0
3643,3317,0
3617,3313,0
3607,3305,0
3597,3278,0
3603,3247,0
3614,3211,1
3898,3047,0
3910,3040,0
3926,3031,0
3943,3020,0
3957,3004,0
3973,2989,0
3984,2972,0
3991,2954,0
3998,2939,0
3997,2924,0
3993,2910,0
3991,2907,0
3973,2897,0
3962,2902,0
3937,2905,0
3921,2922,0
3897,2941,0
3882,2967,0
3872,2994,0
3869,3019,0
3880,3042,0
3893,3057,0
3919,3071,0
3952,3077,0
3988,3077,1
4162,2903,0
4157,2897,0
4153,2896,0
4138,2893,0
4125,2896,0
4109,2902,0
4092,2909,0
4082,2919,0
4074,2929,0
4074,2940,0
4075,2950,0
4088,2967,0
4104,2985,0
4118,2999,0
4131,3014,0
4143,3030,0
4148,3044,0
4145,3052,0
4133,3059,0
4114,3063,0
4093,3066,0
4073,3064,0
4051,3058,0
4032,3048,0
4022,3036,1
4251,2837,0
4256,2831,0
4268,2829,0
4273,2830,0
4277,2837,0
4279,2854,0
4278,2873,0
4276,2900,0
4277,2931,0
4283,2966,0
4283,2996,0
4287,3028,0
4295,3055,0
4295,3072,0
4297,3081,0
4301,3083,0
4299,3074,1
4229,2942,0
4232,2926,0
4242,2915,0
4258,2903,0
4280,2895,0
4306,2890,0
4332,2890,0
4359,2890,1
4854,2958,0
4856,2954,0
4860,2948,0
4866,2941,0
4863,2931,0
4862,2925,0
4860,2922,0
4857,2919,0
4842,2919,0
4830,2922,0
4818,2931,0
4797,2939,0
4782,2953,0
4761,2968,0
4748,2991,0
4739,3016,0
4736,3040,0
4737,3057,0
4747,3077,0
4766,3092,0
4789,3102,0
4810,3100,0
4844,3103,0
4869,3090,0
4893,3078,0
4908,3059,0
4921,3042,0
4925,3022,0
4925,3002,0
4916,2980,0
4910,2967,0
4903,2958,0
4898,2952,1
4909,3024,0
4907,3040,0
4905,3057,0
4909,3083,0
4900,3103,0
4902,3133,0
4895,3160,0
4886,3192,0
4878,3221,0
4874,3252,0
4869,3284,0
4859,3313,0
4850,3337,0
4830,3355,0
4814,3372,0
4788,3378,0
4772,3379,0
4757,3371,0
4748,3358,0
4744,3337,0
4743,3308,1
5018,3050,0
5016,3047,0
5014,3043,0
5016,3035,0
5014,3017,0
5016,3001,0
5019,2982,0
5026,2965,0
5041,2951,0
5051,2937,0
5063,2926,0
5072,2920,0
5086,2921,1
5245,2951,0
5236,2943,0
5223,2939,0
5202,2934,0
5185,2938,0
5161,2946,0
5139,2958,0
5125,2976,0
5113,2994,0
5117,3016,0
5118,3035,0
5134,3055,0
5154,3069,0
5175,3073,0
5200,3072,0
5218,3062,0
5238,3046,0
5255,3028,0
5267,3011,0
5269,2994,0
5268,2980,0
5265,2970,0
5264,2965,0
5258,2959,0
5255,2958,1
5328,2933,0
5332,2935,0
5327,2935,0
5330,2945,0
5327,2957,0
5318,2972,0
5320,2996,0
5311,3016,0
5319,3041,0
5321,3059,0
5335,3075,0
5344,3083,0
5364,3090,0
5373,3081,0
5397,3075,0
5417,3061,0
5434,3042,0
5451,3022,0
5465,3001,0
5471,2977,0
5476,2955,0
5477,2938,0
5479,2928,0
5478,2922,0
5479,2919,0
5479,2921,0
5477,2929,0
5476,2946,0
5478,2967,0
5483,2989,0
5489,3008,0
5493,3024,0
5499,3038,0
5506,3049,0
5514,3058,0
5518,3060,0
5524,3058,1
5566,2924,0
5571,2931,0
5569,2941,0
5571,2960,0
5571,2982,0
5570,3008,0
5569,3040,0
5570,3076,0
5568,3107,0
5574,3142,0
5580,3169,0
5593,3192,0
5600,3209,0
5604,3213,0
5606,3216,0
5604,3211,0
5607,3199,0
5617,3170,0
5615,3145,0
5614,3116,0
5614,3088,0
5608,3053,0
5607,3024,0
5607,2993,0
5605,2967,0
5610,2944,0
5617,2926,0
5624,2912,0
5638,2906,0
5666,2905,0
5676,2920,0
5682,2932,0
5687,2949,0
5687,2965,0
5676,2981,0
5663,2994,0
5647,3006,0
5604,3022,0
5598,3024,0
5600,3028,1
6068,2963,0
6061,2958,0
6058,2955,0
6053,2955,0
6044,2953,0
6032,2952,0
6021,2955,0
6005,2957,0
5990,2961,0
5976,2970,0
5956,2980,0
5940,2992,0
5930,3008,0
5920,3025,0
5915,3042,0
5920,3058,0
5931,3071,0
5947,3082,0
5967,3087,0
5990,3088,0
6015,3085,0
6037,3080,0
6055,3073,0
6068,3059,0
6077,3042,0
6080,3029,0
6077,3011,0
6068,2993,0
6061,2980,0
6053,2972,0
6044,2963,0
6037,2959,0
6037,2960,1
6197,2959,0
6202,2941,0
6203,2922,0
6203,2898,0
6205,2878,0
6208,2855,0
6200,2835,0
6195,2818,0
6188,2806,0
6183,2798,0
6179,2796,0
6170,2796,0
6161,2806,0
6157,2823,0
6155,2844,0
6145,2869,0
6145,2903,0
6141,2936,0
6145,2970,0
6145,3002,0
6151,3035,0
6153,3062,0
6152,3089,0
6156,3113,0
6158,3134,0
6158,3149,0
6156,3161,0
6157,3167,0
6160,3170,1
6120,3016,0
6126,3004,0
6138,2993,0
6152,2984,0
6169,2977,0
6190,2973,0
6209,2970,0
6230,2966,0
6249,2963,1