already been after him, demanding
750
913,1635,0
909,1635,0
910,1635,0
912,1635,0
909,1627,0
904,1619,0
897,1609,0
885,1608,0
862,1604,0
839,1617,0
818,1638,0
802,1667,0
787,1693,0
781,1725,0
781,1745,0
788,1762,0
800,1768,0
818,1771,0
839,1759,0
859,1733,0
881,1704,0
897,1678,0
905,1663,0
908,1659,0
907,1655,0
905,1655,0
906,1671,0
902,1695,0
903,1723,0
909,1748,0
921,1765,0
935,1766,0
960,1765,1
1026,1447,0
1023,1447,0
1023,1448,0
1025,1468,0
1027,1496,0
1033,1537,0
1030,1573,0
1026,1620,0
1022,1668,0
1025,1716,0
1031,1752,0
1044,1780,0
1058,1793,1
1182,1669,0
1179,1662,0
1175,1657,0
1174,1662,0
1170,1682,0
1165,1710,0
1160,1739,0
1156,1763,0
1155,1779,0
1157,1788,0
1158,1787,0
1158,1783,0
1157,1755,0
1160,1731,0
1160,1707,0
1163,1686,0
1170,1662,0
1182,1645,0
1196,1633,0
1211,1623,0
1233,1625,1
1317,1715,0
1321,1714,0
1328,1701,0
1345,1686,0
1366,1670,0
1378,1647,0
1388,1633,0
1392,1628,0
1389,1624,0
1384,1626,0
1363,1633,0
1340,1658,0
1312,1683,0
1292,1706,0
1286,1727,0
1290,1743,0
1305,1753,0
1331,1756,0
1371,1759,0
1409,1747,0
1446,1730,1
1553,1643,0
1546,1636,0
1540,1635,0
1530,1638,0
1511,1651,0
1488,1674,0
1462,1698,0
1440,1715,0
1433,1730,0
1435,1737,0
1444,1739,0
1462,1730,0
1491,1719,0
1523,1703,0
1546,1682,0
1558,1667,0
1562,1661,0
1559,1658,0
1560,1662,0
1555,1668,0
1547,1687,0
1540,1710,0
1544,1734,0
1555,1751,0
1572,1763,0
1597,1771,0
1624,1771,0
1655,1768,1
1753,1669,0
1739,1662,0
1733,1665,0
1716,1672,0
1695,1685,0
1680,1708,0
1664,1732,0
1652,1752,0
1646,1768,0
1647,1771,0
1660,1775,0
1678,1764,0
1703,1742,0
1725,1707,0
1744,1660,0
1763,1616,0
1768,1578,0
1771,1545,0
1776,1516,0
1779,1492,0
1783,1481,0
1783,1481,0
1780,1483,0
1774,1504,0
1766,1539,0
1760,1578,0
1755,1619,0
1754,1660,0
1762,1696,0
1773,1722,0
1786,1738,0
1802,1744,0
1820,1739,0
1842,1725,0
1865,1704,0
1879,1679,0
1890,1660,0
1903,1648,0
1903,1638,0
1904,1638,0
1903,1643,0
1893,1662,0
1891,1695,0
1891,1718,0
1900,1736,0
1920,1747,0
1944,1748,0
1968,1735,0
1995,1715,0
2013,1699,0
2019,1696,0
2020,1695,0
2017,1693,0
2015,1693,0
2013,1699,0
2012,1723,0
2012,1755,0
2014,1792,0
2015,1833,0
2013,1874,0
2004,1920,0
1983,1963,0
1950,1997,0
1909,2019,0
1862,2035,0
1811,2038,0
1763,2036,0
1725,2020,0
1699,1995,1
2340,1527,0
2338,1529,0
2340,1532,0
2345,1549,0
2352,1575,0
2353,1607,0
2345,1640,0
2328,1675,0
2309,1712,0
2289,1742,0
2273,1759,0
2270,1767,0
2266,1764,0
2272,1760,0
2289,1737,0
2321,1712,0
2357,1687,0
2393,1667,0
2425,1660,0
2445,1663,0
2456,1675,0
2453,1694,0
2444,1718,0
2427,1744,0
2400,1766,0
2368,1783,0
2341,1792,0
2323,1792,0
2317,1787,1
2501,1726,0
2511,1728,0
2521,1719,0
2540,1707,0
2550,1686,0
2563,1668,0
2564,1656,0
2562,1652,0
2557,1651,0
2547,1656,0
2533,1674,0
2514,1698,0
2499,1722,0
2497,1746,0
2497,1762,0
2509,1773,0
2529,1777,0
2559,1771,0
2593,1756,0
2630,1737,0
2654,1713,0
2669,1696,0
2672,1682,0
2671,1672,0
2663,1663,0
2645,1664,0
2625,1679,0
2607,1703,0
2591,1723,0
2593,1744,0
2605,1761,0
2627,1766,0
2669,1766,1
2765,1659,0
2757,1661,0
2758,1672,0
2755,1692,0
2745,1709,0
2743,1730,0
2742,1742,0
2741,1749,0
2748,1754,0
2750,1751,0
2755,1740,0
2767,1715,0
2789,1696,0
2811,1678,0
2834,1663,0
2858,1655,0
2874,1652,0
2893,1662,0
2899,1673,0
2905,1691,0
2910,1710,0
2910,1723,0
2915,1734,0
2927,1739,0
2947,1735,1
3186,1667,0
3185,1663,0
3188,1657,0
3179,1649,0
3175,1649,0
3151,1654,0
3124,1671,0
3095,1690,0
3073,1713,0
3062,1732,0
3063,1744,0
3069,1749,0
3089,1750,0
3112,1739,0
3142,1720,0
3168,1698,0
3189,1691,0
3186,1689,0
3182,1692,0
3173,1706,0
3158,1719,0
3153,1733,0
3154,1744,0
3164,1751,0
3189,1752,0
3222,1740,0
3264,1722,0
3300,1691,0
3329,1657,0
3352,1621,0
3366,1585,0
3375,1546,0
3376,1505,0
3374,1469,0
3366,1444,0
3357,1434,0
3349,1433,0
3341,1447,0
3325,1475,0
3310,1515,0
3291,1561,0
3274,1611,0
3262,1664,0
3249,1718,0
3243,1773,0
3233,1826,0
3227,1872,0
3224,1908,0
3225,1932,0
3226,1943,0
3226,1943,0
3228,1935,0
3230,1908,1
3203,1664,0
3200,1667,0
3215,1682,0
3228,1691,0
3252,1699,0
3268,1704,0
3293,1708,0
3318,1709,0
3344,1706,0
3369,1698,0
3392,1685,0
3416,1671,0
3425,1649,1
3443,1486,0
3443,1477,0
3443,1476,0
3442,1479,0
3439,1492,0
3433,1519,0
3424,1551,0
3416,1587,0
3409,1621,0
3406,1655,0
3402,1684,0
3400,1709,0
3398,1727,0
3396,1737,0
3390,1738,0
3384,1732,1
3357,1687,0
3356,1681,0
3359,1677,0
3369,1669,0
3389,1661,0
3424,1657,0
3454,1648,0
3483,1638,0
3516,1630,0
3537,1619,0
3549,1614,0
3549,1612,0
3545,1612,0
3532,1620,0
3503,1635,0
3481,1658,0
3462,1679,0
3460,1697,0
3470,1711,0
3490,1717,0
3523,1718,0
3559,1713,0
3585,1702,0
3609,1692,0
3621,1682,0
3622,1671,0
3617,1657,0
3606,1643,0
3595,1630,0
3593,1616,0
3597,1602,0
3611,1586,0
3632,1572,0
3661,1561,0
3692,1554,0
3722,1550,1
4029,1455,0
4026,1452,0
4027,1450,0
4034,1451,0
4042,1455,0
4057,1471,0
4059,1494,0
4057,1529,0
4048,1566,0
4042,1599,0
4039,1633,0
4037,1662,0
4034,1686,0
4032,1700,0
4028,1706,0
4032,1708,0
4029,1703,0
4028,1689,0
4038,1669,0
4045,1647,0
4059,1627,0
4071,1611,0
4090,1599,0
4101,1595,0
4109,1597,0
4114,1604,0
4120,1620,0
4115,1640,0
4121,1664,0
4121,1683,0
4121,1699,0
4124,1710,0
4135,1718,1
4240,1599,0
4240,1600,0
4239,1602,0
4241,1618,0
4238,1633,0
4234,1650,0
4231,1667,0
4230,1686,0
4228,1701,0
4231,1714,0
4231,1722,0
4240,1722,0
4241,1710,1
4251,1534,0
4249,1530,0
4246,1528,0
4247,1525,0
4256,1525,1
4309,1640,0
4309,1652,0
4306,1667,0
4309,1689,0
4307,1703,0
4304,1718,0
4305,1726,0
4308,1727,0
4309,1726,0
4312,1720,0
4321,1702,0
4336,1678,0
4350,1657,0
4360,1644,0
4370,1631,0
4378,1625,0
4379,1623,0
4380,1628,0
4381,1645,0
4377,1664,0
4379,1680,0
4384,1690,0
4391,1694,0
4404,1693,0
4426,1684,0
4454,1670,0
4480,1662,0
4492,1662,0
4503,1668,0
4519,1682,0
4530,1696,0
4543,1714,0
4557,1734,0
4566,1754,0
4570,1773,0
4568,1785,0
4572,1797,1
4701,1794,0
4701,1792,0
4705,1792,0
4705,1794,0
4703,1799,0
4701,1814,0
4696,1833,0
4684,1850,0
4676,1867,0
4669,1881,0
4661,1891,0
4661,1898,0
4667,1894,1
4908,1660,0
4912,1654,0
4915,1644,0
4917,1638,0
4915,1632,0
4913,1627,0
4902,1623,0
4884,1625,0
4864,1633,0
4845,1647,0
4829,1664,0
4822,1684,0
4815,1701,0
4813,1715,0
4813,1726,0
4818,1733,0
4835,1737,0
4851,1730,0
4878,1716,0
4905,1692,0
4922,1659,0
4933,1620,0
4944,1578,0
4955,1537,0
4958,1503,0
4965,1480,0
4964,1460,0
4963,1450,0
4960,1449,0
4961,1455,0
4955,1475,0
4956,1510,0
4951,1545,0
4946,1584,0
4944,1623,0
4941,1656,0
4941,1685,0
4945,1710,0
4951,1727,0
4961,1735,0
4969,1735,1
5032,1685,0
5031,1677,0
5040,1664,0
5050,1649,0
5061,1631,0
5067,1616,0
5064,1611,0
5056,1609,0
5047,1612,0
5034,1623,0
5015,1641,0
4997,1664,0
4994,1693,0
4998,1716,0
5009,1733,0
5031,1743,0
5052,1744,0
5081,1738,0
5103,1723,0
5124,1702,0
5145,1679,0
5160,1664,0
5161,1650,0
5160,1640,0
5160,1639,0
5154,1642,0
5142,1654,0
5132,1672,0
5127,1684,0
5131,1695,0
5134,1698,0
5138,1699,0
5145,1692,0
5157,1672,0
5178,1648,0
5187,1634,0
5190,1627,0
5190,1626,0
5195,1626,0
5201,1633,0
5199,1648,0
5203,1662,0
5204,1672,0
5214,1677,0
5223,1677,0
5251,1669,0
5291,1653,0
5330,1639,0
5347,1637,0
5354,1641,0
5356,1650,0
5358,1666,0
5361,1684,0
5368,1699,0
5377,1710,0
5387,1716,0
5405,1715,1
5484,1606,0
5480,1607,0
5470,1610,0
5464,1618,0
5446,1631,0
5428,1650,0
5417,1667,0
5412,1683,0
5407,1696,0
5409,1704,0
5419,1709,0
5433,1707,0
5454,1697,0
5476,1681,0
5497,1658,0
5511,1638,0
5520,1627,0
5520,1623,0
5521,1623,0
5516,1623,0
5513,1637,0
5506,1657,0
5508,1674,0
5520,1691,0
5537,1700,0
5566,1701,0
5589,1696,0
5611,1683,0
5629,1664,0
5638,1652,0
5639,1648,0
5636,1645,0
5635,1648,0
5629,1653,0
5615,1669,0
5611,1681,0
5616,1691,0
5628,1696,0
5641,1694,0
5657,1682,0
5679,1666,0
5699,1646,0
5715,1634,0
5725,1628,0
5738,1628,0
5745,1631,0
5750,1640,0
5754,1655,0
5757,1674,0
5756,1689,0
5760,1702,0
5766,1710,0
5781,1715,1
5853,1619,0
5855,1616,0
5852,1611,0
5848,1610,0
5839,1614,0
5826,1628,0
5808,1644,0
5795,1658,0
5791,1671,0
5793,1681,0
5804,1685,0
5812,1686,0
5830,1680,0
5852,1665,0
5868,1639,0
5885,1612,0
5892,1588,0
5891,1566,0
5893,1541,0
5895,1519,0
5902,1497,0
5904,1487,0
5904,1486,0
5908,1489,0
5904,1505,0
5896,1532,0
5883,1561,0
5879,1592,0
5882,1621,0
5896,1645,0
5906,1665,0
5931,1679,0
5954,1689,1
6016,1607,0
6015,1613,0
6010,1629,0
6007,1650,0
5998,1667,0
5993,1683,0
5997,1697,0
5999,1703,0
6007,1705,1
6025,1543,0
6023,1537,0
6025,1532,0
6026,1528,0
6027,1523,1
6101,1655,0
6097,1667,0
6095,1679,0
6094,1682,0
6093,1683,0
6095,1680,0
6095,1677,0
6099,1663,0
6108,1647,0
6118,1628,0
6130,1614,0
6146,1603,0
6165,1594,0
6186,1592,0
6206,1597,0
6215,1606,0
6227,1622,0
6234,1644,0
6240,1666,0
6247,1685,0
6255,1701,0
6268,1713,0
6287,1720,0
6312,1717,0
6340,1709,1
6384,1643,0
6379,1633,0
6363,1628,0
6338,1631,0
6314,1642,0
6293,1657,0
6276,1669,0
6278,1681,0
6280,1689,0
6295,1693,0
6323,1695,0
6346,1689,0
6373,1681,0
6389,1669,0
6394,1665,0
6394,1663,0
6391,1662,0
6391,1662,0
6390,1664,0
6391,1674,0
6397,1697,0
6400,1718,0
6401,1743,0
6406,1771,0
6409,1798,0
6413,1827,0
6409,1852,0
6398,1874,0
6377,1889,0
6344,1897,0
6299,1896,0
6254,1891,0
6210,1884,0
6171,1872,0
6134,1857,0
6111,1841,1