last week walking down
456
988,2631,0
979,2622,0
979,2627,0
981,2631,0
986,2651,0
992,2683,0
995,2731,0
996,2787,0
992,2843,0
992,2895,0
987,2923,0
988,2943,0
991,2948,1
1050,2729,0
1057,2713,0
1071,2704,0
1089,2697,0
1113,2697,0
1134,2700,0
1150,2716,0
1157,2743,0
1150,2779,0
1134,2820,0
1115,2860,0
1092,2889,0
1073,2905,0
1064,2900,0
1063,2884,0
1070,2849,0
1088,2821,0
1107,2808,0
1123,2808,0
1135,2820,0
1147,2835,0
1156,2852,0
1165,2863,0
1175,2867,0
1182,2859,1
1266,2658,0
1264,2658,0
1259,2654,0
1252,2654,0
1242,2663,0
1232,2680,0
1220,2697,0
1218,2717,0
1223,2729,0
1235,2736,0
1254,2743,0
1276,2757,0
1297,2767,0
1310,2782,0
1312,2794,0
1310,2815,0
1300,2835,0
1278,2856,0
1254,2875,0
1233,2876,0
1219,2865,1
1349,2550,0
1349,2550,0
1351,2554,0
1356,2577,0
1363,2608,0
1365,2644,0
1367,2689,0
1365,2733,0
1363,2773,0
1361,2798,0
1360,2813,0
1357,2822,0
1355,2823,1
1358,2709,0
1359,2705,0
1369,2704,0
1391,2697,1
1632,2673,0
1625,2694,0
1623,2724,0
1628,2755,0
1639,2782,0
1652,2791,0
1667,2787,0
1679,2777,0
1691,2765,0
1698,2752,0
1703,2734,0
1708,2720,0
1709,2716,0
1710,2720,0
1712,2731,0
1715,2748,0
1726,2774,0
1740,2791,0
1760,2798,0
1783,2796,0
1804,2786,0
1824,2772,0
1836,2757,0
1841,2734,0
1843,2712,1
1888,2745,0
1896,2751,0
1907,2751,0
1926,2745,0
1947,2733,0
1966,2719,0
1978,2707,0
1985,2696,0
1983,2679,0
1983,2667,0
1977,2656,0
1966,2647,0
1949,2649,0
1935,2663,0
1923,2683,0
1918,2710,0
1921,2730,0
1935,2742,0
1958,2747,0
1988,2745,0
2017,2735,0
2043,2721,0
2063,2704,0
2075,2692,0
2087,2687,0
2092,2676,0
2100,2673,0
2109,2669,0
2117,2661,0
2122,2651,0
2128,2644,0
2129,2635,0
2124,2625,0
2116,2615,0
2104,2611,0
2088,2613,0
2077,2627,0
2068,2647,0
2068,2673,0
2079,2694,0
2098,2704,0
2122,2707,0
2145,2702,0
2166,2693,0
2179,2678,1
2213,2544,0
2213,2544,0
2218,2550,0
2220,2554,0
2229,2568,0
2238,2586,0
2248,2607,0
2258,2629,0
2272,2654,0
2288,2677,0
2301,2692,0
2309,2702,0
2314,2709,1
2344,2631,0
2342,2632,0
2339,2629,0
2330,2625,0
2322,2625,0
2306,2624,0
2287,2625,0
2265,2630,0
2250,2642,0
2237,2657,0
2229,2673,0
2231,2685,0
2241,2695,0
2260,2700,0
2286,2700,0
2311,2697,0
2332,2691,1
2636,2564,0
2636,2564,0
2634,2566,0
2632,2581,0
2633,2609,0
2631,2638,0
2633,2670,0
2639,2689,0
2656,2698,0
2671,2693,0
2690,2681,0
2709,2659,0
2726,2634,0
2738,2607,0
2743,2579,0
2741,2560,0
2741,2561,0
2741,2567,0
2740,2581,0
2743,2603,0
2748,2625,0
2760,2640,0
2779,2647,0
2805,2648,0
2830,2640,0
2848,2627,0
2861,2613,0
2859,2596,0
2860,2584,0
2846,2564,0
2830,2547,0
2818,2540,0
2806,2534,1
2856,2502,0
2859,2495,0
2875,2487,0
2898,2480,0
2924,2474,1
2958,2483,0
2965,2498,0
2960,2513,0
2954,2533,0
2945,2555,0
2923,2572,0
2905,2591,0
2889,2602,0
2881,2598,0
2886,2589,0
2904,2572,0
2925,2545,0
2951,2531,0
2970,2529,0
2981,2537,0
2991,2554,0
2994,2572,0
2999,2594,0
3003,2611,0
3002,2616,1
3043,2390,0
3040,2388,0
3047,2398,0
3053,2418,0
3062,2447,0
3070,2478,0
3080,2511,0
3090,2545,0
3098,2576,0
3105,2600,0
3110,2618,0
3112,2625,0
3119,2630,1
3160,2381,0
3159,2381,0
3165,2387,0
3165,2398,0
3170,2421,0
3174,2450,0
3177,2485,0
3185,2521,0
3190,2554,0
3197,2574,0
3206,2581,0
3216,2579,0
3228,2568,1
3279,2494,0
3274,2493,0
3263,2492,0
3244,2495,0
3225,2507,0
3204,2524,0
3191,2548,0
3184,2564,0
3190,2575,0
3205,2577,0
3233,2575,0
3267,2564,0
3303,2548,0
3337,2528,0
3364,2511,0
3380,2491,0
3401,2476,0
3409,2463,0
3412,2465,0
3412,2476,0
3411,2499,0
3411,2522,0
3411,2539,0
3414,2548,1
3429,2401,0
3433,2403,0
3434,2402,0
3442,2404,0
3450,2407,1
3489,2447,0
3497,2469,0
3503,2497,0
3508,2521,0
3511,2540,0
3513,2550,0
3520,2555,0
3521,2552,0
3531,2548,0
3543,2531,0
3560,2507,0
3578,2482,0
3595,2474,0
3607,2473,0
3622,2481,0
3633,2492,0
3646,2508,0
3654,2523,0
3661,2533,0
3669,2536,1
3766,2474,0
3771,2470,0
3773,2462,0
3771,2451,0
3769,2442,0
3760,2434,0
3744,2427,0
3723,2422,0
3708,2427,0
3698,2438,0
3686,2451,0
3689,2473,0
3694,2484,0
3708,2487,0
3725,2485,0
3744,2476,0
3762,2467,0
3773,2460,0
3780,2453,0
3781,2446,0
3785,2441,0
3783,2437,0
3782,2437,0
3783,2438,0
3782,2437,0
3782,2439,0
3785,2441,0
3785,2446,0
3786,2458,0
3790,2479,0
3790,2502,0
3793,2537,0
3794,2577,0
3794,2619,0
3795,2659,0
3792,2692,0
3784,2718,0
3773,2736,0
3758,2751,0
3733,2753,0
3716,2755,0
3697,2740,0
3682,2714,0
3684,2673,1
4208,2485,0
4204,2483,0
4200,2475,0
4195,2463,0
4189,2444,1
4157,2399,0
4147,2400,0
4135,2409,0
4128,2427,0
4123,2453,0
4117,2480,0
4118,2511,0
4124,2523,0
4129,2523,0
4141,2515,0
4152,2493,0
4162,2460,0
4172,2421,0
4173,2377,0
4173,2336,0
4169,2299,0
4165,2276,0
4163,2265,0
4162,2266,0
4161,2269,0
4163,2287,0
4167,2317,0
4169,2356,0
4179,2402,0
4192,2447,0
4203,2478,0
4213,2498,0
4221,2509,1
4326,2431,0
4328,2429,0
4325,2419,0
4324,2405,0
4321,2389,0
4307,2373,0
4287,2361,0
4261,2357,0
4240,2365,0
4227,2384,0
4220,2408,0
4220,2437,0
4224,2458,0
4237,2468,0
4254,2470,0
4275,2462,0
4295,2448,1
4342,2344,0
4340,2345,0
4340,2355,0
4344,2376,0
4347,2401,0
4350,2430,0
4359,2454,0
4362,2463,0
4374,2467,0
4384,2461,0
4393,2447,0
4404,2430,0
4415,2407,0
4419,2380,0
4420,2356,0
4423,2350,0
4427,2354,0
4431,2368,0
4437,2388,0
4451,2412,0
4466,2425,0
4485,2431,0
4507,2428,0
4528,2418,0
4543,2402,0
4546,2382,0
4552,2364,0
4548,2341,1
4600,2304,0
4602,2307,0
4605,2318,0
4608,2336,0
4613,2359,0
4612,2382,0
4613,2402,0
4616,2413,0
4619,2415,0
4627,2412,0
4635,2399,0
4647,2379,0
4669,2351,0
4690,2322,0
4714,2306,0
4736,2302,0
4760,2308,0
4777,2319,0
4789,2336,0
4799,2361,0
4806,2387,0
4804,2406,0
4804,2422,0
4804,2431,0
4801,2433,1