do this, you may have to pay
615
1074,4128,0
1075,4129,0
1076,4124,0
1074,4124,0
1073,4128,0
1071,4125,0
1068,4125,0
1062,4121,0
1054,4116,0
1038,4116,0
1018,4111,0
996,4123,0
974,4131,0
955,4147,0
943,4166,0
937,4186,0
936,4206,0
937,4226,0
942,4246,0
951,4258,0
965,4271,0
984,4280,0
1003,4280,0
1023,4272,0
1042,4256,0
1061,4233,0
1082,4204,0
1097,4173,0
1110,4136,0
1121,4100,0
1127,4064,0
1131,4036,0
1131,4020,0
1130,4012,0
1130,4012,0
1129,4012,0
1129,4017,0
1129,4032,0
1125,4061,0
1119,4100,0
1114,4140,0
1112,4184,0
1107,4220,0
1106,4261,0
1107,4292,0
1111,4316,0
1117,4333,0
1125,4336,0
1136,4336,1
1221,4178,0
1223,4178,0
1224,4178,0
1224,4178,0
1223,4178,0
1220,4186,0
1216,4206,0
1208,4222,0
1205,4242,0
1204,4263,0
1208,4275,0
1218,4286,0
1234,4290,0
1253,4293,0
1271,4284,0
1286,4267,0
1301,4255,0
1307,4239,0
1305,4222,0
1295,4203,0
1279,4192,0
1261,4188,0
1242,4185,0
1230,4186,0
1224,4186,1
1597,3998,0
1597,3998,0
1597,3998,0
1597,4002,0
1595,4006,0
1595,4015,0
1597,4034,0
1598,4054,0
1599,4082,0
1599,4106,0
1597,4131,0
1597,4159,0
1597,4184,0
1601,4211,0
1606,4230,0
1611,4246,0
1619,4261,0
1628,4272,0
1635,4275,0
1645,4282,0
1659,4283,0
1674,4282,0
1692,4280,0
1709,4273,0
1720,4258,1
1570,4167,0
1570,4162,0
1578,4158,0
1591,4152,0
1611,4141,1
1754,4039,0
1754,4038,0
1754,4038,0
1753,4038,0
1751,4043,0
1746,4060,0
1739,4081,0
1736,4106,0
1732,4131,0
1730,4152,0
1732,4172,0
1738,4187,0
1746,4193,0
1754,4196,0
1763,4195,0
1775,4188,0
1790,4178,0
1802,4168,0
1813,4162,0
1819,4161,0
1821,4161,0
1822,4168,0
1824,4184,0
1827,4204,0
1832,4227,0
1841,4250,0
1850,4261,0
1859,4267,0
1874,4272,1
1953,4174,0
1951,4175,0
1952,4179,0
1950,4179,0
1948,4192,0
1947,4213,0
1946,4229,0
1944,4246,0
1945,4266,0
1947,4278,0
1953,4289,0
1959,4292,0
1965,4287,1
1964,4103,0
1964,4106,0
1964,4102,0
1964,4102,0
1966,4106,0
1963,4098,0
1965,4102,0
1968,4105,0
1973,4112,1
2099,4172,0
2099,4172,0
2097,4173,0
2091,4175,0
2079,4178,0
2066,4181,0
2055,4184,0
2052,4188,0
2048,4190,0
2053,4205,0
2058,4212,0
2068,4222,0
2086,4234,0
2103,4246,0
2118,4259,0
2127,4269,0
2134,4283,0
2135,4292,0
2134,4300,0
2129,4309,0
2117,4313,0
2099,4317,0
2078,4318,0
2058,4314,0
2044,4314,0
2036,4311,0
2033,4312,0
2029,4309,0
2026,4309,1
2286,4325,0
2288,4328,0
2287,4328,0
2288,4333,0
2288,4345,0
2285,4359,0
2277,4378,0
2268,4396,0
2258,4420,0
2248,4439,0
2241,4458,0
2241,4471,0
2243,4474,1
2482,4216,0
2482,4225,0
2482,4242,0
2487,4261,0
2493,4276,0
2504,4289,0
2515,4298,0
2533,4309,0
2550,4311,0
2567,4305,0
2585,4295,0
2601,4275,0
2618,4261,0
2625,4249,0
2627,4249,0
2628,4249,0
2628,4249,0
2625,4250,0
2627,4266,0
2630,4295,0
2632,4328,0
2637,4365,0
2638,4398,0
2637,4433,0
2638,4466,0
2634,4494,0
2630,4516,0
2617,4526,0
2604,4538,0
2581,4541,0
2561,4541,0
2542,4530,0
2527,4514,1
2765,4246,0
2767,4249,0
2762,4246,0
2755,4254,0
2745,4267,0
2739,4286,0
2736,4301,0
2737,4318,0
2745,4327,0
2759,4340,0
2774,4342,0
2788,4336,0
2802,4326,0
2813,4309,0
2818,4289,0
2819,4271,0
2813,4256,0
2801,4244,0
2785,4229,0
2777,4223,0
2770,4222,1
2883,4222,0
2881,4218,0
2881,4222,0
2880,4227,0
2879,4245,0
2873,4253,0
2876,4268,0
2882,4279,0
2890,4284,0
2902,4287,0
2917,4281,0
2936,4268,0
2960,4253,0
2976,4236,0
2984,4228,0
2987,4231,0
2985,4232,0
2982,4234,0
2982,4255,0
2979,4280,0
2979,4301,0
2978,4319,0
2985,4333,0
2994,4338,0
3012,4334,1
3199,4210,0
3202,4214,0
3206,4220,0
3207,4229,0
3208,4247,0
3202,4263,0
3199,4287,0
3192,4299,0
3194,4312,0
3196,4320,0
3200,4323,0
3200,4319,0
3208,4305,0
3222,4284,0
3238,4262,0
3251,4246,0
3258,4238,0
3260,4237,0
3260,4237,0
3259,4242,0
3257,4253,0
3257,4266,0
3262,4277,0
3274,4285,0
3286,4286,0
3305,4281,0
3325,4270,0
3346,4263,0
3354,4263,0
3354,4263,0
3351,4265,0
3351,4279,0
3349,4294,0
3351,4311,0
3354,4324,0
3359,4329,0
3370,4332,1
3499,4230,0
3498,4231,0
3499,4230,0
3498,4232,0
3494,4238,0
3481,4246,0
3467,4263,0
3450,4278,0
3439,4293,0
3432,4302,0
3433,4311,0
3436,4314,0
3448,4316,0
3467,4314,0
3491,4304,0
3514,4292,0
3532,4277,0
3537,4268,0
3539,4268,0
3538,4268,0
3535,4270,0
3532,4277,0
3527,4293,0
3525,4314,0
3526,4331,0
3532,4342,0
3542,4350,0
3555,4347,0
3575,4340,1
3621,4259,0
3616,4258,0
3616,4263,0
3611,4275,0
3613,4293,0
3614,4307,0
3621,4320,0
3631,4333,0
3647,4343,0
3663,4346,0
3683,4343,0
3701,4333,0
3714,4319,0
3723,4313,0
3725,4307,0
3725,4307,0
3726,4307,0
3726,4311,0
3728,4325,0
3728,4348,0
3728,4377,0
3730,4413,0
3740,4454,0
3743,4490,0
3746,4525,0
3742,4552,0
3728,4574,0
3706,4587,0
3682,4596,0
3655,4599,0
3631,4594,0
3607,4585,1
4075,4032,0
4075,4032,0
4075,4032,0
4077,4040,0
4080,4053,0
4080,4078,0
4075,4106,0
4068,4138,0
4059,4169,0
4054,4203,0
4048,4232,0
4048,4257,0
4053,4277,0
4058,4290,0
4097,4270,0
4116,4256,0
4145,4245,0
4172,4235,0
4200,4233,0
4222,4237,0
4242,4251,0
4254,4273,0
4259,4299,0
4259,4328,0
4253,4359,0
4247,4389,0
4239,4410,0
4239,4430,0
4241,4437,1
4413,4264,0
4418,4265,0
4415,4261,0
4415,4262,0
4410,4267,0
4394,4275,0
4369,4293,0
4340,4307,0
4320,4327,0
4305,4339,0
4306,4348,0
4311,4350,0
4326,4348,0
4343,4336,0
4370,4324,0
4394,4310,0
4409,4297,0
4419,4290,0
4418,4286,0
4418,4286,0
4420,4290,0
4418,4296,0
4416,4313,0
4413,4336,0
4418,4358,0
4425,4377,0
4435,4391,0
4443,4394,0
4457,4392,1
4524,4292,0
4519,4291,0
4519,4291,0
4519,4301,0
4524,4323,0
4523,4339,0
4536,4360,0
4543,4374,0
4553,4386,0
4565,4394,0
4574,4395,0
4582,4389,0
4591,4376,0
4601,4357,0
4608,4341,0
4610,4319,0
4616,4302,0
4618,4285,0
4625,4274,0
4625,4268,0
4625,4268,1
4698,4365,0
4700,4362,0
4707,4352,0
4721,4339,0
4740,4323,0
4751,4302,0
4760,4288,0
4761,4276,0
4763,4270,0
4760,4268,0
4753,4268,0
4739,4270,0
4719,4282,0
4699,4300,0
4684,4324,0
4674,4342,0
4681,4364,0
4694,4383,0
4719,4398,0
4751,4413,0
4791,4426,1
5204,4034,0
5203,4035,0
5204,4040,0
5202,4047,0
5209,4063,0
5210,4080,0
5209,4104,0
5205,4132,0
5191,4163,0
5182,4195,0
5172,4234,0
5166,4274,0
5160,4309,0
5165,4342,0
5174,4372,0
5188,4398,0
5205,4415,0
5221,4427,0
5243,4433,0
5263,4430,0
5284,4417,1
5142,4292,0
5139,4290,0
5139,4290,0
5148,4292,0
5163,4288,0
5182,4287,0
5207,4285,0
5231,4283,0
5253,4278,1
5341,4290,0
5332,4294,0
5328,4303,0
5319,4318,0
5317,4338,0
5323,4355,0
5330,4370,0
5342,4381,0
5360,4391,0
5376,4391,0
5397,4386,0
5415,4374,0
5431,4358,0
5436,4336,0
5431,4317,0
5418,4302,0
5397,4290,0
5378,4285,0
5364,4284,0
5358,4285,0
5368,4292,1
5648,4272,0
5649,4276,0
5649,4289,0
5643,4313,0
5632,4343,0
5625,4374,0
5617,4401,0
5612,4429,0
5609,4455,0
5610,4473,0
5612,4481,0
5614,4480,0
5610,4467,0
5613,4439,0
5624,4404,0
5639,4364,0
5658,4326,0
5687,4293,0
5721,4268,0
5753,4250,0
5780,4249,0
5796,4255,0
5798,4270,0
5796,4292,0
5776,4314,0
5750,4331,0
5725,4342,0
5695,4345,0
5674,4339,0
5668,4326,0
5677,4311,0
5695,4291,0
5731,4275,1
5920,4258,0
5919,4260,0
5918,4261,0
5909,4258,0
5894,4263,0
5875,4273,0
5858,4288,0
5839,4303,0
5827,4317,0
5825,4331,0
5832,4340,0
5845,4345,0
5867,4344,0
5887,4333,0
5914,4319,0
5937,4305,0
5945,4297,0
5945,4296,0
5945,4297,0
5935,4301,0
5933,4316,0
5921,4337,0
5915,4355,0
5916,4373,1
6032,4286,0
6032,4287,0
6030,4288,0
6023,4302,0
6019,4321,0
6022,4335,0
6032,4348,0
6049,4359,0
6067,4363,0
6084,4360,0
6102,4352,0
6121,4341,0
6134,4331,0
6141,4325,0
6141,4324,0
6141,4325,0
6137,4328,0
6137,4347,0
6134,4377,0
6131,4411,0
6129,4451,0
6131,4492,0
6129,4530,0
6122,4568,0
6104,4595,0
6078,4618,0
6045,4625,0
6008,4624,0
5970,4618,0
5929,4604,0
5890,4589,0
5845,4560,0
5809,4528,1