as the press says they do,
523
1321,2609,0
1306,2614,0
1291,2623,0
1275,2641,0
1257,2659,0
1241,2683,0
1229,2708,0
1222,2725,0
1223,2732,0
1232,2728,0
1245,2712,0
1261,2686,0
1278,2661,0
1292,2639,0
1301,2619,0
1309,2610,0
1314,2609,0
1318,2613,0
1322,2621,0
1327,2636,0
1331,2656,0
1338,2680,0
1345,2691,0
1356,2702,0
1367,2704,0
1378,2703,0
1389,2702,0
1401,2692,0
1419,2678,1
1549,2616,0
1556,2607,0
1562,2597,0
1563,2589,0
1556,2578,0
1547,2575,0
1532,2574,0
1515,2578,0
1497,2589,0
1481,2600,0
1474,2609,0
1476,2620,0
1489,2634,0
1507,2644,0
1526,2653,0
1543,2661,0
1555,2668,0
1563,2678,0
1566,2690,0
1562,2699,0
1551,2714,0
1535,2724,0
1522,2735,0
1513,2745,0
1510,2750,0
1512,2753,0
1518,2755,0
1528,2754,1
2028,2486,0
2030,2494,0
2035,2514,0
2037,2539,0
2046,2574,0
2046,2600,0
2051,2632,0
2053,2658,0
2051,2675,0
2053,2691,0
2050,2697,0
2046,2699,0
2039,2692,0
2032,2678,0
2026,2663,0
2024,2647,0
2017,2632,0
2014,2625,0
2011,2622,0
2003,2617,0
2000,2618,0
2002,2621,0
1997,2614,0
2007,2619,0
2022,2622,0
2043,2627,0
2064,2627,0
2089,2626,0
2109,2617,1
2173,2488,0
2173,2488,0
2174,2487,0
2181,2502,0
2189,2524,0
2199,2555,0
2204,2584,0
2206,2609,0
2217,2639,0
2224,2654,0
2235,2666,0
2245,2666,0
2261,2667,0
2270,2654,0
2280,2645,0
2286,2638,0
2288,2637,0
2285,2634,0
2288,2642,0
2289,2650,0
2298,2663,0
2312,2674,0
2330,2683,0
2350,2692,0
2369,2695,0
2388,2690,0
2406,2680,0
2420,2668,0
2436,2655,0
2446,2641,0
2449,2629,0
2449,2620,0
2444,2615,0
2438,2613,0
2429,2613,0
2429,2622,0
2429,2636,0
2433,2652,0
2439,2668,0
2451,2683,0
2470,2691,1
2767,2616,0
2769,2615,0
2779,2627,0
2786,2647,0
2789,2668,0
2796,2697,0
2803,2731,0
2805,2764,0
2806,2797,0
2809,2828,0
2814,2854,0
2817,2866,0
2820,2869,0
2819,2864,0
2813,2840,0
2806,2807,0
2796,2770,0
2794,2738,0
2791,2702,0
2794,2670,0
2799,2637,0
2807,2612,0
2819,2594,0
2833,2589,0
2840,2589,0
2849,2602,0
2849,2616,0
2848,2637,0
2844,2659,0
2833,2678,0
2819,2692,0
2808,2704,0
2799,2711,1
2939,2620,0
2945,2615,0
2953,2618,0
2957,2626,0
2963,2642,0
2965,2655,0
2964,2666,0
2965,2675,0
2968,2683,0
2968,2683,0
2970,2682,0
2976,2678,0
2980,2664,0
2981,2649,0
2982,2637,0
2981,2627,0
2982,2627,0
2982,2627,0
2983,2627,0
2996,2636,0
3011,2640,0
3026,2643,0
3045,2644,0
3064,2644,0
3083,2639,0
3103,2633,0
3119,2625,0
3129,2617,0
3132,2609,0
3129,2601,0
3123,2596,0
3117,2596,0
3107,2598,0
3098,2601,0
3095,2608,0
3099,2621,0
3103,2632,0
3116,2648,0
3131,2661,0
3146,2670,0
3170,2675,0
3199,2678,0
3220,2671,0
3245,2664,0
3269,2654,1
3318,2594,0
3317,2590,0
3312,2584,0
3303,2581,0
3289,2578,0
3278,2582,0
3265,2588,0
3255,2598,0
3246,2606,0
3247,2616,0
3255,2630,0
3270,2644,0
3288,2654,0
3307,2663,0
3321,2668,0
3333,2673,0
3340,2677,0
3338,2679,0
3327,2683,0
3310,2688,0
3291,2694,0
3266,2695,0
3252,2701,0
3245,2702,0
3242,2699,0
3252,2695,0
3273,2689,0
3301,2679,1
3465,2593,0
3453,2588,0
3441,2587,0
3424,2587,0
3413,2593,0
3397,2597,0
3388,2605,0
3380,2613,0
3383,2627,0
3392,2640,0
3412,2654,0
3432,2663,0
3459,2671,0
3476,2677,0
3486,2684,0
3485,2690,0
3472,2697,0
3452,2705,0
3427,2712,0
3403,2717,0
3386,2721,0
3375,2721,0
3375,2721,0
3382,2719,0
3404,2716,1
3968,2609,0
3965,2606,0
3959,2601,0
3950,2598,0
3936,2596,0
3921,2596,0
3902,2600,0
3881,2606,0
3863,2614,0
3848,2624,0
3841,2632,0
3848,2643,0
3864,2655,0
3889,2668,0
3916,2681,0
3940,2695,0
3952,2705,0
3959,2717,0
3954,2727,0
3943,2740,0
3920,2748,0
3900,2758,0
3878,2764,0
3863,2769,0
3856,2770,1
4092,2659,0
4092,2653,0
4092,2648,0
4082,2646,0
4069,2644,0
4058,2651,0
4044,2660,0
4035,2672,0
4027,2680,0
4028,2686,0
4036,2690,0
4047,2688,0
4064,2681,0
4077,2671,0
4094,2664,0
4101,2656,0
4104,2651,0
4104,2651,0
4102,2654,0
4099,2663,0
4100,2675,0
4102,2684,0
4109,2695,0
4119,2702,0
4132,2705,1
4196,2632,0
4193,2630,0
4196,2633,0
4197,2637,0
4203,2649,0
4211,2664,0
4225,2680,0
4240,2693,0
4257,2697,1
4348,2644,0
4339,2651,0
4319,2670,0
4289,2695,0
4258,2727,0
4224,2763,0
4188,2799,0
4157,2835,0
4137,2864,0
4127,2883,0
4122,2888,0
4135,2884,1
4520,2614,0
4518,2609,0
4512,2604,0
4500,2602,0
4476,2600,0
4457,2606,0
4439,2615,0
4427,2626,0
4418,2638,0
4422,2653,0
4436,2668,0
4453,2678,0
4478,2692,0
4497,2700,0
4510,2709,0
4512,2712,0
4509,2717,0
4497,2726,0
4473,2732,0
4447,2740,0
4417,2747,0
4391,2753,0
4376,2760,0
4366,2760,0
4367,2764,1
4898,2513,0
4899,2519,0
4903,2536,0
4913,2566,0
4917,2596,0
4922,2625,0
4922,2654,0
4909,2675,0
4905,2696,0
4900,2711,0
4900,2718,0
4887,2715,0
4890,2712,0
4881,2696,0
4871,2682,0
4859,2671,0
4844,2665,0
4843,2666,0
4840,2663,0
4854,2663,0
4879,2663,0
4899,2661,0
4927,2656,0
4949,2651,0
4975,2647,1
5041,2531,0
5040,2527,0
5036,2525,0
5039,2528,0
5040,2540,0
5041,2564,0
5043,2590,0
5040,2619,0
5050,2648,0
5052,2666,0
5067,2681,0
5074,2685,0
5084,2684,0
5092,2678,0
5102,2670,0
5109,2659,0
5113,2654,0
5121,2655,0
5123,2660,0
5125,2671,0
5132,2684,0
5135,2693,0
5148,2703,0
5156,2705,0
5164,2707,1
5218,2680,0
5231,2673,0
5243,2661,0
5251,2649,0
5260,2640,0
5263,2629,0
5258,2621,0
5256,2616,0
5248,2614,0
5238,2616,0
5228,2625,0
5219,2639,0
5214,2655,0
5216,2669,0
5218,2680,0
5236,2690,0
5254,2699,0
5279,2704,0
5303,2702,0
5322,2695,0
5344,2688,1
5380,2649,0
5383,2651,0
5387,2654,0
5392,2659,0
5401,2662,0
5409,2664,0
5423,2663,0
5436,2657,1
5483,2639,0
5483,2638,0
5481,2643,0
5470,2654,0
5454,2674,0
5434,2700,0
5407,2731,0
5383,2770,0
5360,2809,0
5331,2847,0
5320,2879,0
5304,2905,0
5306,2922,0
5308,2928,0
5320,2924,0
5340,2914,1
5786,2661,0
5783,2658,0
5785,2653,0
5779,2648,0
5771,2644,0
5758,2644,0
5738,2648,0
5715,2656,0
5694,2671,0
5682,2685,0
5675,2696,0
5682,2701,0
5692,2700,0
5707,2688,0
5725,2670,0
5744,2646,0
5761,2613,0
5779,2579,0
5794,2548,0
5805,2526,0
5808,2511,0
5805,2508,0
5805,2508,0
5805,2516,0
5807,2540,0
5806,2568,0
5812,2601,0
5819,2632,0
5834,2663,0
5846,2691,0
5853,2712,0
5864,2725,0
5874,2732,0
5887,2735,0
5899,2729,0
5914,2718,0
5930,2704,1
6008,2649,0
6005,2647,0
6005,2645,0
5998,2642,0
5992,2644,0
5985,2649,0
5969,2654,0
5965,2671,0
5958,2683,0
5959,2700,0
5965,2713,0
5981,2725,0
6000,2726,0
6020,2722,0
6038,2712,0
6054,2699,0
6061,2685,0
6065,2668,0
6049,2656,0
6036,2647,0
6008,2647,0
5993,2651,0
5967,2657,0
5964,2665,0
5960,2673,0
5967,2684,0
5988,2697,0
6029,2713,1
6155,2748,0
6159,2750,0
6154,2749,0
6155,2757,0
6153,2770,0
6147,2789,0
6141,2810,0
6148,2832,0
6153,2848,1