alliances like Nato and seeks
586
982,2195,0
982,2186,0
985,2174,0
995,2167,0
1008,2155,0
1024,2148,0
1039,2145,0
1056,2152,0
1071,2161,0
1086,2181,0
1102,2205,0
1114,2229,0
1124,2252,0
1130,2268,0
1129,2268,0
1130,2268,0
1130,2268,0
1124,2256,0
1114,2241,0
1105,2229,0
1091,2212,0
1075,2200,0
1059,2200,0
1043,2212,0
1027,2232,0
1013,2256,0
1007,2280,0
1008,2292,0
1019,2300,0
1035,2300,0
1052,2292,0
1075,2285,0
1097,2273,1
1196,2065,0
1189,2077,0
1182,2102,0
1175,2134,0
1176,2174,0
1177,2203,0
1185,2230,0
1194,2245,0
1201,2246,0
1208,2249,0
1215,2244,0
1220,2228,0
1226,2212,1
1274,2059,0
1270,2063,0
1274,2059,0
1272,2079,0
1264,2112,0
1242,2150,0
1244,2183,0
1247,2210,0
1254,2234,0
1262,2241,0
1272,2239,0
1284,2234,1
1326,2137,0
1324,2138,0
1323,2142,0
1324,2162,0
1320,2187,0
1322,2211,0
1323,2227,0
1332,2241,0
1337,2245,1
1319,2094,0
1315,2094,0
1315,2094,0
1317,2094,0
1320,2094,1
1445,2127,0
1446,2126,0
1452,2122,0
1463,2119,0
1473,2113,0
1489,2114,0
1502,2116,0
1512,2121,0
1523,2140,0
1528,2154,0
1538,2177,0
1542,2188,0
1544,2196,0
1550,2203,0
1548,2200,0
1546,2195,0
1544,2193,0
1536,2182,0
1520,2165,0
1502,2152,0
1484,2152,0
1468,2159,0
1455,2174,0
1443,2193,0
1436,2218,0
1438,2234,0
1448,2240,0
1467,2241,0
1489,2229,0
1512,2216,0
1528,2195,0
1540,2176,0
1544,2151,1
1537,2096,0
1539,2099,0
1539,2107,0
1539,2132,0
1539,2156,0
1541,2177,0
1544,2193,0
1544,2196,0
1548,2200,0
1546,2195,0
1546,2188,0
1547,2175,0
1549,2154,0
1554,2133,0
1561,2114,0
1575,2106,0
1585,2099,0
1595,2101,0
1603,2112,0
1609,2127,0
1617,2153,0
1621,2177,0
1626,2196,0
1631,2207,1
1784,2084,0
1777,2078,0
1772,2070,0
1771,2071,0
1763,2070,0
1752,2073,0
1736,2079,0
1723,2096,0
1707,2114,0
1697,2147,0
1691,2174,0
1700,2196,0
1715,2208,0
1736,2210,0
1767,2208,0
1797,2194,0
1822,2176,1
1843,2134,0
1841,2130,0
1852,2130,0
1862,2121,0
1879,2115,0
1896,2104,0
1917,2095,0
1927,2082,0
1933,2075,0
1933,2075,0
1920,2072,0
1906,2082,0
1884,2095,0
1866,2116,0
1850,2135,0
1848,2157,0
1851,2169,0
1865,2181,0
1883,2183,0
1900,2176,0
1921,2171,1
2024,2071,0
2024,2072,0
2020,2074,0
2005,2076,0
1981,2079,0
1963,2087,0
1947,2094,0
1945,2099,0
1947,2103,0
1954,2105,0
1972,2109,0
2001,2118,0
2022,2126,0
2043,2142,0
2055,2159,0
2063,2177,0
2058,2188,0
2050,2201,0
2034,2209,0
2011,2210,0
1988,2212,0
1965,2210,0
1947,2204,0
1935,2196,0
1926,2186,1
2429,2042,0
2422,2052,0
2419,2074,0
2422,2106,0
2426,2132,0
2436,2154,0
2453,2171,0
2471,2178,0
2491,2180,0
2509,2172,0
2522,2157,0
2536,2142,0
2542,2123,0
2547,2104,0
2548,2084,0
2544,2066,0
2545,2065,0
2541,2067,0
2541,2083,0
2545,2111,0
2545,2130,0
2550,2147,0
2552,2155,0
2562,2162,0
2565,2155,1
2555,2017,0
2549,2016,0
2549,2016,0
2548,2017,0
2551,2019,1
2631,2000,0
2630,2001,0
2630,2007,0
2632,2026,0
2634,2055,0
2633,2087,0
2633,2118,0
2627,2138,0
2632,2155,0
2633,2159,0
2639,2159,0
2651,2155,0
2663,2145,1
2714,2067,0
2709,2065,0
2700,2068,0
2686,2079,0
2672,2096,0
2656,2115,0
2644,2135,0
2640,2154,0
2640,2164,0
2646,2169,0
2664,2175,0
2686,2173,0
2713,2167,0
2736,2158,0
2759,2149,0
2773,2142,1
2773,2137,0
2774,2135,0
2780,2131,0
2793,2125,0
2805,2115,0
2823,2104,0
2835,2088,0
2844,2075,0
2847,2066,0
2844,2063,0
2835,2061,0
2824,2070,0
2808,2084,0
2800,2108,0
2791,2128,0
2796,2144,0
2803,2153,0
2819,2156,0
2844,2154,0
2872,2145,1
3286,1888,0
3286,1886,0
3286,1886,0
3286,1886,0
3291,1895,0
3295,1915,0
3302,1944,0
3304,1975,0
3305,2005,0
3306,2035,0
3309,2056,0
3306,2065,0
3309,2067,0
3307,2064,0
3308,2058,0
3308,2044,0
3305,2024,1
3293,1906,0
3296,1908,0
3302,1912,0
3311,1921,0
3333,1937,0
3361,1954,0
3387,1965,0
3413,1972,0
3436,1974,0
3457,1973,0
3464,1971,0
3468,1965,0
3468,1952,1
3455,1903,0
3456,1908,0
3457,1926,0
3455,1949,0
3457,1973,0
3462,2001,0
3467,2025,0
3475,2041,0
3479,2050,0
3489,2055,0
3494,2056,0
3497,2053,1
3561,1968,0
3570,1962,0
3585,1956,0
3598,1949,0
3611,1947,0
3627,1952,0
3637,1957,0
3647,1971,0
3655,1988,0
3657,2000,0
3656,2006,0
3655,2008,0
3659,2009,0
3657,2005,0
3653,1998,0
3648,1990,0
3639,1982,0
3626,1974,0
3612,1973,0
3597,1978,0
3583,1991,0
3568,2007,0
3561,2022,0
3558,2032,0
3568,2039,0
3582,2041,0
3601,2034,0
3621,2022,0
3641,2007,1
3721,1853,0
3718,1851,0
3714,1850,0
3713,1851,0
3714,1856,0
3717,1874,0
3714,1901,0
3721,1934,0
3723,1961,0
3727,1983,0
3729,2000,0
3733,2008,0
3732,2009,1
3726,2004,0
3718,1995,0
3708,1981,0
3703,1967,1
3689,1946,0
3695,1944,0
3706,1942,0
3726,1940,0
3747,1940,0
3769,1942,0
3783,1942,0
3793,1941,1
3851,1924,0
3851,1919,0
3843,1915,0
3825,1913,0
3805,1922,0
3779,1932,0
3760,1947,0
3755,1962,0
3756,1975,0
3772,1988,0
3791,1994,0
3811,1994,0
3832,1991,0
3845,1987,0
3851,1985,0
3854,1979,1
4266,1915,0
4264,1910,0
4268,1903,0
4279,1898,0
4294,1897,0
4310,1899,0
4325,1907,0
4344,1922,0
4361,1940,0
4374,1958,0
4385,1971,0
4391,1976,0
4391,1976,0
4389,1973,0
4386,1971,0
4377,1961,0
4368,1952,0
4355,1943,0
4336,1935,0
4315,1932,0
4295,1937,0
4274,1949,0
4258,1969,0
4245,1993,0
4241,2008,0
4251,2014,0
4269,2015,0
4295,2010,0
4326,1997,1
4386,1892,0
4383,1899,0
4374,1909,0
4372,1930,0
4370,1948,0
4372,1962,0
4376,1971,0
4379,1973,0
4384,1973,0
4381,1970,0
4382,1960,0
4386,1945,0
4387,1925,0
4399,1911,0
4409,1901,0
4420,1896,0
4429,1898,0
4434,1906,0
4439,1922,0
4447,1942,0
4451,1959,0
4453,1971,0
4462,1979,0
4476,1980,1
4552,1902,0
4550,1897,0
4548,1894,0
4536,1890,0
4518,1891,0
4500,1899,0
4480,1911,0
4464,1926,0
4461,1940,0
4467,1954,0
4479,1966,0
4496,1976,0
4516,1982,0
4530,1981,0
4546,1976,0
4559,1968,0
4565,1956,0
4562,1936,0
4564,1915,0
4560,1895,0
4555,1879,0
4553,1873,0
4546,1870,0
4548,1873,0
4548,1883,0
4543,1902,0
4550,1924,0
4555,1942,0
4569,1957,0
4585,1971,0
4599,1978,0
4609,1983,1
5138,1798,0
5131,1794,0
5118,1794,0
5104,1798,0
5084,1806,0
5066,1815,0
5054,1824,0
5052,1829,0
5055,1831,0
5063,1833,0
5086,1838,0
5114,1846,0
5140,1855,0
5156,1867,0
5156,1879,0
5147,1891,0
5133,1903,0
5112,1911,0
5092,1918,0
5069,1920,0
5052,1918,0
5046,1913,0
5043,1902,0
5040,1888,0
5046,1873,1
5168,1852,0
5173,1850,0
5191,1847,0
5211,1841,0
5228,1831,0
5240,1821,0
5257,1812,0
5261,1802,0
5264,1797,0
5248,1791,0
5233,1795,0
5207,1807,0
5180,1823,0
5163,1843,0
5154,1854,0
5165,1867,0
5178,1878,0
5206,1884,0
5237,1884,0
5274,1879,0
5303,1870,1
5349,1830,0
5344,1832,0
5348,1833,0
5349,1831,0
5364,1825,0
5385,1814,0
5408,1798,0
5431,1783,0
5449,1770,0
5458,1759,0
5455,1751,0
5452,1749,0
5438,1753,0
5413,1762,0
5389,1780,0
5360,1802,0
5347,1826,0
5344,1843,0
5356,1857,0
5378,1866,0
5407,1868,0
5440,1862,0
5465,1851,0
5487,1838,0
5505,1826,1
5546,1711,0
5539,1708,0
5540,1706,0
5535,1706,0
5535,1706,0
5538,1710,0
5537,1725,0
5541,1751,0
5543,1779,0
5548,1802,0
5554,1821,0
5557,1833,0
5560,1837,1
5629,1743,0
5618,1746,0
5610,1761,0
5587,1776,0
5566,1797,0
5552,1813,0
5542,1828,0
5540,1833,0
5551,1841,0
5570,1845,0
5590,1846,0
5617,1845,0
5643,1841,1
5741,1732,0
5735,1729,0
5722,1729,0
5700,1731,0
5685,1737,0
5674,1744,0
5668,1749,0
5675,1756,0
5684,1763,0
5706,1775,0
5724,1783,0
5745,1797,0
5757,1812,0
5752,1823,0
5745,1831,0
5730,1838,0
5713,1840,0
5691,1841,0
5675,1838,0
5655,1836,0
5639,1831,1