and shipbuilding draughtsmen,
715
1176,4803,0
1170,4800,0
1170,4795,0
1170,4796,0
1173,4796,0
1183,4792,0
1194,4782,0
1206,4782,0
1220,4787,0
1235,4798,0
1249,4813,0
1259,4837,0
1271,4860,0
1280,4876,0
1288,4891,0
1290,4895,0
1289,4896,0
1288,4892,0
1281,4884,0
1271,4873,0
1261,4861,0
1247,4841,0
1233,4830,0
1214,4818,0
1199,4823,0
1182,4832,0
1164,4856,0
1152,4892,0
1148,4924,0
1154,4944,0
1167,4951,0
1187,4959,0
1206,4955,0
1225,4939,0
1244,4926,0
1256,4901,0
1264,4877,1
1275,4789,0
1274,4788,0
1276,4792,0
1276,4804,0
1281,4824,0
1288,4848,0
1294,4871,0
1300,4887,0
1301,4891,0
1300,4895,0
1296,4892,0
1288,4883,0
1281,4872,0
1277,4856,0
1277,4832,0
1283,4812,0
1293,4799,0
1305,4795,0
1319,4794,0
1334,4801,0
1348,4813,0
1362,4832,0
1374,4855,0
1386,4883,0
1398,4902,0
1411,4913,0
1426,4920,0
1448,4918,0
1471,4908,0
1491,4895,0
1505,4873,0
1525,4855,0
1537,4830,0
1544,4813,0
1547,4801,0
1542,4793,0
1533,4782,0
1515,4780,0
1496,4782,0
1473,4796,0
1450,4814,0
1434,4835,0
1433,4859,0
1441,4883,0
1458,4901,0
1479,4911,0
1503,4921,0
1526,4915,0
1547,4905,0
1567,4891,0
1581,4870,0
1590,4840,0
1594,4808,0
1590,4776,0
1582,4749,0
1575,4734,0
1567,4726,0
1565,4731,0
1565,4731,0
1564,4743,0
1565,4775,0
1570,4811,0
1582,4845,0
1601,4876,0
1625,4897,0
1651,4910,0
1678,4910,0
1710,4910,1
2123,4755,0
2136,4752,0
2141,4747,0
2137,4735,0
2129,4729,0
2117,4731,0
2096,4729,0
2076,4733,0
2056,4741,0
2041,4753,0
2030,4759,0
2026,4760,0
2031,4767,0
2046,4772,0
2070,4783,0
2096,4794,0
2123,4809,0
2145,4820,0
2161,4836,0
2170,4851,0
2168,4863,0
2156,4871,0
2136,4875,0
2113,4876,0
2087,4878,0
2055,4872,0
2026,4870,0
2000,4863,0
1981,4854,0
1972,4844,0
1971,4832,0
1981,4813,0
1998,4798,1
2196,4664,1
2231,4824,0
2227,4825,0
2223,4826,0
2217,4819,0
2210,4804,0
2207,4784,0
2210,4772,0
2213,4754,0
2222,4743,0
2237,4731,0
2253,4719,0
2273,4719,0
2289,4717,0
2306,4726,0
2321,4734,0
2334,4748,0
2348,4769,0
2359,4791,0
2366,4809,0
2372,4824,0
2376,4835,0
2379,4843,0
2381,4847,0
2382,4847,0
2383,4838,1
2415,4750,0
2415,4758,0
2416,4775,0
2419,4799,0
2422,4818,0
2428,4838,0
2433,4848,0
2432,4850,1
2403,4716,0
2403,4715,0
2405,4714,0
2408,4714,0
2412,4718,1
2524,4775,0
2523,4788,0
2530,4819,0
2536,4847,0
2540,4871,1
2556,4933,0
2559,4944,0
2558,4949,0
2557,4949,0
2555,4946,0
2549,4934,0
2540,4912,0
2530,4887,0
2521,4856,0
2516,4828,0
2520,4802,0
2528,4775,0
2547,4760,0
2566,4745,0
2586,4739,0
2610,4747,0
2628,4753,0
2642,4766,0
2649,4781,0
2643,4791,0
2627,4805,0
2601,4809,0
2572,4818,0
2540,4824,0
2513,4821,0
2498,4817,0
2499,4816,0
2510,4809,1
2714,4635,0
2712,4636,0
2716,4647,0
2717,4664,0
2722,4688,0
2727,4711,0
2734,4738,0
2738,4758,0
2741,4774,0
2736,4780,0
2732,4785,0
2725,4784,0
2722,4781,0
2715,4763,0
2721,4751,0
2730,4731,0
2741,4710,0
2756,4696,0
2777,4692,0
2800,4692,0
2820,4698,0
2835,4710,0
2842,4728,0
2843,4753,0
2834,4774,0
2818,4788,0
2799,4799,0
2776,4804,0
2749,4801,0
2729,4799,0
2711,4789,0
2701,4775,0
2700,4763,1
2897,4663,0
2897,4667,0
2894,4669,0
2890,4674,0
2888,4697,0
2886,4714,0
2894,4742,0
2908,4762,0
2924,4772,0
2942,4775,0
2960,4771,0
2977,4760,0
2993,4749,0
3004,4731,0
3012,4710,0
3018,4686,0
3021,4667,0
3021,4655,0
3021,4655,0
3020,4654,0
3022,4666,0
3024,4688,0
3028,4712,0
3035,4731,0
3047,4748,0
3063,4754,0
3076,4753,0
3086,4744,0
3097,4739,0
3105,4727,0
3110,4707,0
3117,4690,0
3119,4672,0
3122,4663,0
3120,4663,0
3120,4663,0
3124,4675,0
3127,4695,0
3135,4717,0
3146,4734,0
3158,4747,1
3107,4577,0
3107,4577,0
3108,4576,0
3112,4583,0
3115,4586,1
3204,4575,0
3201,4577,0
3203,4593,0
3204,4615,0
3211,4647,0
3217,4675,0
3228,4710,0
3239,4741,0
3248,4758,1
3380,4688,0
3375,4678,0
3368,4668,0
3356,4660,0
3340,4655,0
3324,4659,0
3304,4664,0
3288,4681,0
3278,4699,0
3276,4717,0
3284,4732,0
3302,4746,0
3327,4755,0
3347,4750,0
3369,4743,0
3387,4730,0
3402,4714,0
3411,4691,0
3422,4668,0
3421,4636,0
3423,4608,0
3419,4587,0
3409,4570,0
3402,4565,0
3400,4571,0
3397,4581,0
3395,4604,0
3399,4635,0
3409,4666,0
3428,4691,0
3448,4708,0
3469,4714,0
3486,4715,1
3535,4635,0
3538,4618,0
3538,4610,0
3534,4607,0
3537,4615,0
3537,4628,0
3542,4652,0
3549,4673,0
3556,4686,0
3568,4698,0
3578,4698,0
3580,4686,1
3531,4526,0
3528,4528,0
3526,4524,0
3529,4527,0
3533,4530,1
3614,4576,0
3614,4589,0
3617,4616,0
3618,4643,0
3624,4666,1
3633,4685,0
3626,4670,0
3624,4653,0
3623,4631,0
3624,4608,0
3630,4590,0
3636,4572,0
3648,4560,0
3662,4552,0
3683,4554,0
3701,4558,0
3715,4572,0
3730,4596,0
3743,4625,0
3751,4653,0
3756,4673,1
3835,4597,0
3836,4588,0
3833,4579,0
3830,4577,0
3824,4575,0
3812,4579,0
3795,4584,0
3781,4594,0
3771,4599,0
3770,4604,0
3774,4607,0
3781,4607,0
3797,4607,0
3819,4607,0
3841,4608,0
3863,4613,0
3887,4631,0
3909,4655,0
3928,4685,0
3950,4724,0
3958,4751,0
3966,4784,0
3967,4807,0
3961,4821,0
3954,4830,0
3938,4825,0
3921,4812,0
3903,4785,0
3887,4749,0
3880,4710,0
3882,4672,0
3892,4638,0
3909,4612,1
4396,4547,0
4389,4542,0
4387,4538,0
4381,4533,0
4371,4525,0
4356,4521,0
4338,4519,0
4320,4524,0
4301,4533,0
4287,4552,0
4274,4577,0
4267,4612,0
4266,4647,0
4279,4672,0
4297,4678,0
4328,4681,0
4359,4669,0
4391,4655,0
4415,4632,0
4430,4606,0
4437,4581,0
4431,4550,0
4425,4525,0
4408,4497,0
4396,4482,0
4380,4468,0
4372,4464,0
4369,4466,0
4372,4474,0
4377,4495,0
4390,4531,0
4403,4570,0
4422,4612,0
4437,4641,0
4449,4652,0
4456,4657,0
4457,4651,1
4468,4492,0
4472,4503,0
4477,4525,0
4487,4558,0
4495,4586,0
4505,4614,0
4512,4629,0
4512,4629,0
4512,4629,0
4509,4625,0
4500,4613,0
4488,4592,0
4476,4565,0
4469,4541,0
4473,4522,0
4482,4510,0
4496,4505,0
4513,4502,0
4534,4500,0
4559,4505,0
4584,4512,1
4710,4485,0
4711,4485,0
4714,4482,0
4738,4478,0
4755,4479,0
4776,4492,0
4795,4502,0
4817,4526,0
4833,4544,0
4847,4564,0
4855,4577,0
4859,4584,0
4859,4584,0
4862,4587,0
4857,4580,0
4846,4569,0
4826,4549,0
4810,4531,0
4788,4519,0
4770,4518,0
4752,4529,0
4729,4548,0
4710,4579,0
4699,4608,0
4702,4632,0
4719,4649,0
4746,4657,0
4773,4656,0
4801,4644,0
4826,4628,0
4840,4606,0
4848,4584,1
4854,4451,0
4849,4456,0
4845,4469,0
4842,4488,0
4845,4512,0
4856,4539,0
4869,4560,0
4885,4572,0
4911,4582,0
4934,4582,0
4954,4571,0
4973,4559,0
4985,4537,0
4995,4513,0
5004,4488,0
5001,4459,0
5001,4442,0
4994,4432,0
4987,4433,0
4984,4442,0
4977,4459,0
4974,4489,0
4978,4523,0
4992,4553,0
5005,4574,0
5023,4584,0
5048,4589,0
5069,4586,1
5159,4480,0
5158,4471,0
5158,4466,0
5151,4456,0
5147,4454,0
5137,4452,0
5129,4460,0
5113,4471,0
5102,4491,0
5094,4509,0
5096,4519,0
5103,4523,0
5109,4522,0
5123,4521,0
5132,4507,0
5151,4495,0
5171,4481,0
5193,4482,0
5208,4490,0
5221,4510,0
5241,4541,0
5251,4570,0
5264,4608,0
5271,4650,0
5272,4688,0
5268,4718,0
5254,4736,0
5234,4749,0
5209,4755,0
5187,4753,0
5161,4740,0
5137,4714,0
5115,4679,1
5272,4367,0
5279,4393,0
5289,4428,0
5301,4466,0
5312,4500,0
5319,4527,0
5323,4541,0
5325,4549,0
5321,4548,0
5319,4544,0
5310,4530,0
5308,4509,0
5312,4478,0
5318,4450,0
5334,4429,0
5349,4413,0
5369,4405,0
5384,4407,0
5396,4418,0
5409,4444,0
5421,4478,0
5430,4508,0
5437,4529,0
5448,4541,0
5456,4544,1
5486,4365,0
5479,4360,0
5482,4363,0
5482,4368,0
5488,4391,0
5494,4425,0
5506,4464,0
5514,4496,0
5522,4522,1
5472,4436,0
5470,4432,0
5476,4432,0
5483,4425,0
5500,4420,1
5653,4408,0
5646,4403,0
5639,4399,0
5631,4397,0
5609,4397,0
5588,4402,0
5563,4410,0
5550,4419,0
5545,4425,0
5549,4431,0
5567,4442,0
5595,4453,0
5620,4466,0
5651,4487,0
5675,4502,0
5688,4523,0
5691,4537,0
5675,4549,0
5653,4559,0
5623,4562,0
5588,4563,0
5560,4563,0
5537,4554,0
5523,4538,0
5523,4521,1
5717,4398,1
5720,4413,0
5735,4443,0
5745,4468,0
5754,4488,0
5759,4500,0
5759,4505,0
5759,4506,0
5748,4500,0
5742,4488,0
5732,4471,0
5723,4444,0
5725,4420,0
5736,4401,0
5750,4386,0
5769,4377,0
5785,4377,0
5802,4388,0
5819,4410,0
5833,4443,0
5839,4472,0
5844,4495,0
5846,4507,0
5847,4511,0
5849,4509,0
5849,4502,0
5852,4482,0
5856,4453,0
5868,4422,0
5880,4401,0
5893,4393,0
5904,4394,0
5917,4403,0
5924,4418,0
5938,4446,0
5950,4474,0
5967,4497,0
5984,4514,0
5997,4524,0
6011,4525,0
6017,4525,1
6063,4477,0
6075,4476,0
6090,4466,0
6111,4454,0
6128,4439,0
6138,4427,0
6134,4413,0
6127,4403,0
6113,4395,0
6097,4390,0
6078,4388,0
6055,4395,0
6031,4412,0
6017,4440,0
6008,4462,0
6019,4486,0
6043,4507,0
6075,4525,0
6107,4526,0
6140,4524,0
6154,4508,1
6141,4392,0
6136,4391,0
6144,4402,0
6151,4425,0
6158,4453,0
6169,4483,0
6175,4501,0
6177,4512,0
6176,4513,0
6170,4507,0
6156,4492,0
6145,4474,0
6136,4443,0
6136,4417,0
6151,4399,0
6166,4381,0
6184,4372,0
6205,4372,0
6228,4381,0
6239,4393,0
6253,4420,0
6259,4451,0
6265,4482,0
6267,4504,0
6273,4522,0
6282,4536,0
6286,4537,0
6297,4536,1
6368,4526,0
6362,4533,0
6360,4548,0
6357,4571,0
6355,4591,0
6348,4607,0
6343,4624,0
6334,4635,1