bad based on consistent lines of
643
1064,2493,0
1063,2505,0
1066,2525,0
1066,2545,0
1064,2573,0
1059,2609,0
1051,2649,0
1042,2688,0
1034,2717,0
1028,2732,0
1028,2736,0
1030,2733,0
1041,2717,0
1053,2685,0
1074,2661,0
1097,2637,0
1122,2625,0
1143,2620,0
1158,2632,0
1164,2651,0
1160,2679,0
1145,2700,0
1125,2720,0
1105,2736,0
1085,2741,0
1068,2733,0
1061,2721,0
1067,2709,0
1088,2697,1
1346,2626,0
1339,2623,0
1328,2620,0
1306,2622,0
1277,2629,0
1246,2643,0
1217,2661,0
1196,2686,0
1186,2714,0
1187,2726,0
1200,2734,0
1225,2725,0
1254,2699,0
1283,2673,0
1308,2646,0
1324,2629,0
1325,2620,0
1321,2620,0
1314,2626,0
1303,2647,0
1295,2675,0
1296,2707,0
1302,2727,0
1312,2738,0
1328,2741,1
1508,2664,0
1506,2660,0
1504,2656,0
1493,2647,0
1477,2641,0
1461,2643,0
1445,2646,0
1428,2656,0
1414,2674,0
1404,2696,0
1404,2720,0
1409,2732,0
1424,2729,0
1450,2718,0
1480,2689,0
1512,2656,0
1537,2619,0
1556,2586,0
1566,2564,0
1568,2559,0
1563,2556,0
1562,2560,0
1561,2560,0
1562,2564,0
1564,2568,0
1568,2572,0
1572,2574,0
1573,2574,0
1573,2574,0
1573,2575,0
1571,2575,0
1571,2575,0
1570,2571,0
1573,2574,0
1575,2574,0
1573,2571,0
1573,2571,0
1575,2574,0
1575,2574,0
1575,2574,0
1575,2574,0
1575,2574,0
1573,2571,0
1575,2574,0
1575,2574,0
1575,2574,0
1575,2574,0
1575,2574,0
1575,2574,0
1575,2574,0
1575,2574,0
1575,2574,0
1574,2575,0
1571,2571,0
1573,2574,0
1573,2571,0
1573,2570,1
1876,2391,0
1874,2387,0
1877,2390,0
1878,2394,0
1877,2407,0
1875,2438,0
1872,2477,0
1867,2525,0
1864,2572,0
1858,2608,0
1855,2637,0
1853,2655,0
1853,2663,0
1854,2663,0
1857,2663,0
1860,2653,0
1872,2624,0
1891,2593,0
1911,2565,0
1933,2552,0
1953,2550,0
1967,2557,0
1978,2583,0
1977,2613,0
1966,2642,0
1951,2673,0
1929,2698,0
1902,2707,0
1879,2706,0
1862,2695,0
1862,2682,0
1872,2661,0
1901,2652,1
2183,2593,0
2171,2586,0
2152,2581,0
2123,2589,0
2088,2608,0
2051,2641,0
2021,2683,0
2008,2712,0
2014,2724,0
2031,2717,0
2060,2692,0
2091,2659,0
2121,2625,0
2141,2599,0
2146,2597,0
2145,2602,0
2128,2630,0
2107,2674,0
2098,2713,0
2097,2726,0
2112,2724,1
2335,2560,0
2336,2550,0
2334,2542,0
2324,2542,0
2300,2546,0
2274,2560,0
2244,2574,0
2223,2598,0
2210,2612,0
2210,2620,0
2231,2633,0
2261,2636,0
2292,2639,0
2317,2645,0
2326,2649,0
2324,2659,0
2310,2679,0
2275,2687,0
2252,2707,0
2229,2717,0
2212,2717,0
2210,2709,0
2225,2697,0
2248,2674,1
2379,2639,0
2386,2642,0
2398,2653,0
2410,2656,0
2427,2659,0
2445,2654,0
2464,2639,0
2482,2625,0
2490,2610,0
2485,2596,0
2468,2587,0
2454,2594,0
2431,2612,0
2409,2642,0
2388,2671,0
2383,2697,0
2390,2711,0
2412,2718,0
2446,2713,0
2482,2697,1
2639,2666,0
2639,2666,0
2641,2665,0
2639,2661,0
2637,2658,0
2627,2650,0
2618,2642,0
2606,2635,0
2590,2631,0
2571,2637,0
2548,2651,0
2528,2672,0
2511,2691,0
2509,2707,0
2516,2716,0
2540,2721,0
2571,2708,0
2606,2677,0
2644,2639,0
2678,2593,0
2710,2543,0
2731,2490,0
2748,2453,0
2751,2436,0
2747,2434,0
2743,2437,0
2726,2454,0
2709,2501,0
2690,2562,0
2678,2622,0
2681,2673,0
2695,2711,0
2718,2735,0
2745,2742,0
2779,2733,0
2811,2717,1
3220,2639,0
3212,2635,0
3204,2627,0
3191,2617,0
3170,2608,0
3149,2610,0
3117,2616,0
3091,2632,0
3070,2654,0
3059,2684,0
3062,2712,0
3072,2724,0
3091,2725,0
3111,2714,0
3135,2690,0
3157,2661,0
3170,2629,0
3177,2608,0
3173,2605,0
3169,2603,0
3165,2607,0
3163,2613,0
3174,2625,0
3188,2624,0
3220,2618,0
3254,2599,0
3282,2584,0
3307,2583,0
3324,2594,0
3331,2615,0
3327,2640,0
3319,2659,0
3314,2673,0
3311,2676,0
3313,2675,0
3325,2663,0
3349,2632,0
3375,2606,0
3402,2598,0
3416,2601,0
3426,2614,0
3426,2642,0
3424,2671,0
3425,2691,0
3433,2705,0
3445,2707,0
3467,2701,0
3491,2690,0
3511,2681,1
3941,2603,0
3935,2603,0
3930,2603,0
3915,2603,0
3896,2606,0
3875,2613,0
3847,2625,0
3829,2647,0
3812,2670,0
3807,2700,0
3811,2725,0
3827,2743,0
3847,2750,0
3874,2745,0
3905,2734,0
3934,2715,0
3957,2695,1
4030,2659,0
4030,2653,0
4036,2646,0
4029,2641,0
4020,2641,0
4002,2643,0
3983,2652,0
3969,2675,0
3952,2700,0
3954,2722,0
3963,2736,0
3981,2740,0
3997,2729,0
4017,2712,0
4027,2687,0
4041,2665,0
4046,2645,0
4043,2637,0
4041,2639,0
4037,2637,0
4044,2642,0
4053,2649,0
4077,2652,0
4105,2643,0
4142,2630,0
4172,2617,0
4198,2616,0
4207,2625,0
4202,2651,0
4193,2688,0
4177,2714,0
4165,2727,0
4167,2732,0
4171,2727,0
4192,2707,0
4215,2680,0
4233,2663,0
4249,2661,0
4261,2673,0
4258,2696,0
4256,2724,0
4256,2743,0
4260,2751,0
4270,2750,0
4286,2738,1
4437,2614,0
4437,2612,0
4440,2615,0
4430,2615,0
4407,2613,0
4384,2622,0
4361,2634,0
4348,2652,0
4343,2659,0
4353,2665,0
4372,2667,0
4402,2667,0
4427,2666,0
4444,2671,0
4445,2676,0
4444,2692,0
4420,2709,0
4394,2730,0
4366,2747,0
4352,2758,0
4346,2758,1
4533,2644,0
4536,2646,0
4537,2652,0
4533,2663,0
4530,2682,0
4524,2704,0
4519,2724,0
4519,2736,0
4519,2736,1
4550,2543,0
4547,2540,0
4548,2540,0
4552,2540,0
4548,2538,0
4555,2543,0
4565,2550,0
4582,2559,1
4690,2594,0
4691,2598,0
4683,2596,0
4676,2599,0
4654,2605,0
4630,2618,0
4611,2631,0
4603,2643,0
4608,2649,0
4623,2655,0
4653,2662,0
4682,2668,0
4696,2675,0
4703,2687,0
4702,2702,0
4685,2720,0
4662,2738,0
4640,2755,0
4620,2763,0
4616,2762,1
4837,2453,0
4841,2454,0
4842,2458,0
4838,2474,0
4835,2508,0
4825,2555,0
4814,2608,0
4801,2656,0
4798,2690,0
4796,2707,0
4796,2707,0
4798,2704,0
4801,2693,0
4799,2675,0
4795,2651,0
4787,2628,0
4784,2624,0
4787,2629,0
4790,2630,0
4807,2641,0
4833,2651,0
4862,2651,0
4895,2647,0
4921,2634,0
4938,2623,0
4942,2616,0
4939,2613,0
4919,2608,0
4892,2614,0
4873,2634,0
4856,2661,0
4851,2690,0
4859,2714,0
4884,2728,0
4909,2726,0
4941,2713,0
4970,2691,0
4994,2668,0
5012,2648,0
5026,2632,0
5028,2630,0
5026,2634,0
5022,2647,0
5016,2671,0
5016,2687,0
5025,2696,0
5038,2697,0
5057,2689,0
5081,2674,0
5102,2663,0
5116,2663,0
5120,2672,0
5127,2692,0
5126,2707,0
5125,2709,0
5129,2710,0
5136,2707,0
5152,2696,0
5170,2673,0
5192,2646,0
5219,2608,0
5239,2565,0
5261,2519,0
5284,2478,0
5299,2450,0
5299,2441,0
5299,2441,0
5294,2451,0
5284,2488,0
5271,2542,0
5252,2599,0
5236,2659,0
5233,2709,0
5229,2738,0
5231,2752,0
5234,2754,0
5237,2748,0
5242,2733,0
5241,2704,0
5230,2676,0
5224,2656,0
5224,2656,0
5227,2656,0
5232,2657,0
5248,2661,0
5272,2668,0
5298,2671,0
5325,2671,0
5352,2666,1
5603,2466,0
5600,2461,0
5604,2463,0
5600,2463,0
5600,2472,0
5592,2504,0
5583,2555,0
5576,2610,0
5566,2656,0
5557,2696,0
5549,2726,0
5547,2743,0
5547,2745,1
5643,2648,0
5641,2658,0
5639,2672,0
5633,2699,0
5626,2720,0
5625,2738,0
5622,2743,0
5619,2740,0
5621,2728,1
5701,2511,0
5694,2507,0
5697,2511,0
5694,2514,1
5735,2619,0
5733,2642,0
5729,2672,0
5725,2706,0
5718,2734,0
5706,2755,0
5702,2772,0
5699,2777,0
5701,2774,0
5705,2765,0
5723,2743,0
5738,2707,0
5757,2681,0
5774,2673,0
5784,2672,0
5794,2678,0
5798,2690,0
5796,2709,0
5794,2730,0
5795,2743,0
5805,2752,0
5820,2758,0
5836,2760,0
5862,2755,0
5887,2742,0
5914,2726,0
5937,2707,0
5953,2685,0
5964,2663,0
5961,2652,0
5946,2647,0
5926,2649,0
5908,2660,0
5892,2681,0
5879,2706,0
5881,2736,0
5887,2750,0
5908,2755,0
5935,2746,0
5965,2731,0
5994,2718,1
6101,2649,0
6099,2644,0
6095,2644,0
6088,2639,0
6071,2640,0
6049,2646,0
6038,2660,0
6030,2675,0
6031,2692,0
6040,2707,0
6063,2717,0
6090,2725,0
6112,2728,0
6129,2737,0
6133,2745,0
6126,2758,0
6107,2772,0
6078,2782,0
6057,2788,0
6039,2787,0
6032,2784,0
6027,2777,0
6028,2766,0
6039,2754,1
6466,2692,0
6467,2690,0
6469,2689,0
6464,2690,0
6453,2693,0
6428,2700,0
6403,2715,0
6387,2740,0
6374,2767,0
6372,2786,0
6381,2796,0
6395,2796,0
6415,2791,0
6430,2778,0
6447,2761,0
6457,2741,0
6463,2719,0
6461,2703,0
6463,2702,0
6457,2703,0
6459,2708,0
6464,2724,0
6478,2733,0
6508,2727,0
6541,2704,0
6577,2672,0
6623,2637,0
6657,2591,0
6689,2538,0
6715,2487,0
6725,2461,0
6722,2456,0
6720,2465,0
6701,2499,0
6671,2560,0
6635,2642,0
6604,2721,0
6572,2786,0
6556,2839,0
6546,2869,0
6541,2878,1
6572,2769,0
6570,2765,0
6569,2767,0
6570,2764,0
6582,2766,0
6604,2765,0
6633,2762,0
6662,2757,1