and facilities for German bases
600
1027,5396,0
1026,5384,0
1025,5380,0
1015,5368,0
1003,5364,1
899,5462,0
885,5501,0
885,5521,0
895,5533,0
914,5530,0
941,5506,0
962,5483,0
979,5448,0
993,5412,0
1006,5392,0
1009,5384,0
1008,5388,0
1008,5400,0
1003,5419,0
1001,5452,0
996,5479,0
994,5508,0
1001,5523,0
1007,5536,0
1011,5532,1
1108,5368,0
1107,5368,0
1105,5376,0
1097,5405,0
1090,5432,0
1083,5456,0
1081,5472,0
1082,5472,0
1083,5477,0
1083,5472,0
1090,5460,0
1102,5428,0
1122,5396,0
1143,5372,0
1164,5364,0
1182,5359,0
1196,5359,0
1203,5367,0
1206,5387,0
1200,5415,0
1187,5448,0
1171,5479,0
1167,5495,0
1174,5499,0
1189,5491,1
1333,5422,0
1330,5402,0
1329,5383,0
1323,5363,0
1314,5359,0
1299,5376,0
1281,5400,0
1269,5436,0
1266,5465,0
1271,5477,0
1286,5484,0
1306,5476,0
1327,5454,0
1345,5426,0
1364,5392,0
1381,5347,0
1394,5291,0
1404,5245,0
1409,5222,0
1407,5209,0
1406,5210,0
1400,5218,0
1392,5251,0
1382,5291,0
1374,5336,0
1368,5388,0
1369,5440,0
1374,5480,0
1378,5516,1
2157,5173,0
2157,5145,0
2159,5120,0
2157,5113,0
2149,5106,0
2139,5113,0
2125,5135,0
2102,5180,0
2075,5227,0
2056,5291,0
2038,5356,0
2022,5429,0
2004,5501,0
1985,5564,0
1973,5628,0
1963,5670,0
1957,5687,1
1939,5410,0
1940,5410,0
1949,5409,0
1964,5402,0
1986,5390,1
2255,5316,0
2239,5307,0
2222,5311,0
2203,5323,0
2186,5347,0
2172,5379,0
2170,5412,0
2174,5427,0
2193,5436,0
2218,5422,0
2246,5400,0
2268,5378,0
2281,5355,0
2289,5349,0
2288,5349,0
2285,5362,0
2277,5392,0
2272,5431,0
2268,5448,0
2275,5455,0
2287,5443,1
2439,5320,0
2433,5313,0
2425,5312,0
2412,5314,0
2393,5320,0
2371,5337,0
2349,5372,0
2331,5409,0
2327,5431,0
2338,5440,0
2361,5439,0
2388,5420,0
2409,5394,1
2511,5317,0
2511,5317,0
2511,5322,0
2503,5344,0
2487,5378,0
2480,5405,0
2481,5421,0
2483,5416,1
2556,5196,0
2558,5191,0
2558,5191,0
2558,5191,0
2560,5195,1
2705,5116,0
2695,5120,0
2688,5126,0
2683,5149,0
2672,5173,0
2654,5208,0
2639,5255,0
2619,5303,0
2604,5349,0
2591,5385,0
2590,5407,0
2600,5412,0
2620,5411,0
2645,5391,0
2671,5366,0
2690,5339,0
2702,5327,0
2710,5320,0
2709,5317,0
2710,5320,0
2702,5339,0
2687,5369,0
2673,5399,0
2667,5421,0
2669,5421,1
2789,5139,0
2789,5134,0
2789,5134,0
2786,5131,0
2780,5125,1
2938,5063,0
2939,5050,0
2948,5051,0
2951,5050,0
2955,5070,0
2946,5103,0
2925,5137,0
2905,5187,0
2878,5243,0
2849,5291,0
2827,5341,0
2815,5374,0
2818,5395,0
2825,5401,0
2837,5401,0
2839,5392,0
2841,5388,1
2837,5313,0
2837,5312,0
2844,5314,0
2856,5319,0
2867,5323,1
3006,5247,0
3010,5250,0
3011,5267,0
2998,5293,0
2980,5330,0
2962,5366,0
2952,5387,0
2946,5393,0
2936,5371,1
3091,5106,0
3088,5095,0
3094,5101,0
3094,5101,0
3096,5108,1
3116,5350,0
3116,5350,0
3116,5346,0
3125,5351,0
3139,5346,0
3150,5329,0
3177,5330,0
3199,5313,0
3214,5303,0
3223,5286,0
3230,5278,0
3226,5263,0
3223,5264,0
3209,5262,0
3183,5272,0
3161,5294,0
3139,5308,0
3129,5333,0
3119,5345,0
3129,5371,0
3144,5388,1
3377,5289,0
3370,5283,0
3360,5279,0
3349,5274,0
3337,5276,0
3325,5281,0
3309,5297,0
3299,5310,0
3297,5319,0
3303,5334,0
3320,5344,0
3344,5356,0
3361,5361,0
3366,5368,0
3364,5373,0
3350,5371,0
3337,5385,0
3310,5379,0
3292,5386,0
3271,5388,0
3260,5400,1
3834,5072,0
3838,5051,0
3840,5032,0
3839,5014,0
3837,5001,0
3834,4998,0
3834,4999,0
3834,5013,0
3825,5045,0
3819,5098,0
3797,5147,0
3774,5205,0
3756,5273,0
3735,5329,0
3723,5376,0
3713,5421,0
3706,5452,0
3699,5472,0
3694,5480,0
3694,5484,0
3690,5473,1
3739,5260,0
3737,5256,0
3738,5255,0
3741,5254,0
3746,5252,1
3899,5219,0
3899,5214,0
3895,5207,0
3892,5209,0
3885,5209,0
3875,5219,0
3858,5232,0
3842,5255,0
3839,5275,0
3858,5273,0
3882,5260,0
3912,5238,0
3929,5220,0
3933,5209,0
3928,5198,0
3912,5193,0
3896,5198,0
3882,5205,0
3881,5220,0
3886,5226,1
3993,5230,0
3992,5226,0
3994,5224,0
3994,5224,0
3993,5226,0
3986,5233,0
3976,5253,0
3972,5265,0
3969,5262,0
3971,5266,0
3972,5265,0
3975,5245,0
3988,5219,0
4000,5189,0
4010,5169,0
4012,5163,0
4014,5162,0
4013,5158,0
4017,5161,0
4020,5163,0
4027,5169,1
4608,4986,0
4611,4980,0
4608,4977,0
4574,4972,0
4537,4994,0
4492,5016,0
4383,5101,0
4341,5133,0
4316,5163,0
4309,5187,0
4315,5203,0
4335,5223,0
4363,5224,0
4387,5223,0
4413,5219,0
4428,5220,0
4435,5220,1
4480,5121,0
4480,5122,0
4483,5120,0
4483,5120,0
4493,5122,0
4496,5125,0
4495,5121,0
4504,5120,0
4509,5116,0
4520,5108,0
4529,5098,0
4536,5098,0
4537,5097,0
4532,5101,0
4523,5111,0
4507,5133,0
4495,5150,0
4484,5177,0
4473,5203,0
4466,5227,0
4466,5248,1
4594,5188,0
4594,5188,0
4596,5187,0
4601,5184,0
4621,5170,0
4639,5152,0
4651,5133,0
4659,5118,0
4654,5108,0
4646,5118,0
4625,5138,0
4604,5171,0
4590,5197,0
4579,5219,0
4579,5233,0
4587,5242,0
4604,5245,0
4626,5234,0
4654,5215,0
4681,5200,1
4750,5166,0
4751,5165,0
4752,5169,0
4738,5185,0
4720,5202,0
4707,5217,0
4695,5230,0
4689,5235,0
4690,5233,0
4694,5226,0
4702,5205,0
4710,5180,0
4721,5152,0
4733,5139,0
4731,5135,0
4729,5132,0
4735,5132,0
4743,5136,0
4753,5139,0
4767,5143,1
4883,5142,0
4879,5144,0
4877,5150,0
4877,5160,0
4870,5175,0
4870,5191,0
4862,5202,0
4862,5207,0
4864,5205,0
4864,5200,0
4874,5183,0
4894,5157,0
4915,5127,0
4944,5093,0
4958,5093,0
4970,5094,0
4985,5092,0
4987,5105,0
4980,5120,0
4970,5134,0
4964,5149,0
4973,5148,0
4973,5142,0
4990,5129,0
5018,5106,0
5047,5078,0
5064,5069,0
5072,5063,0
5069,5066,0
5071,5074,0
5064,5101,0
5053,5120,0
5047,5134,0
5048,5144,0
5051,5147,0
5064,5147,1
5225,5086,0
5230,5077,0
5227,5064,0
5221,5054,0
5201,5050,0
5177,5059,0
5156,5072,0
5129,5098,0
5117,5113,0
5115,5121,0
5120,5122,0
5137,5123,0
5155,5120,0
5185,5099,0
5200,5087,0
5231,5061,0
5236,5052,0
5234,5053,0
5235,5058,0
5233,5070,0
5230,5083,0
5221,5105,0
5220,5117,0
5226,5127,0
5239,5127,0
5249,5125,0
5253,5121,0
5258,5121,0
5262,5113,0
5274,5103,0
5285,5083,0
5293,5061,0
5291,5051,0
5289,5048,0
5291,5051,0
5290,5052,0
5291,5057,0
5286,5077,0
5274,5098,0
5269,5113,0
5272,5115,0
5266,5115,0
5267,5113,0
5277,5105,0
5291,5083,0
5308,5058,0
5324,5034,0
5330,5033,0
5342,5029,0
5345,5031,0
5345,5037,0
5342,5050,0
5335,5072,0
5320,5100,0
5304,5134,0
5294,5154,0
5303,5168,1
5998,4818,0
5984,4827,0
5972,4846,0
5959,4866,0
5950,4892,0
5932,4927,0
5907,4975,0
5884,5027,0
5865,5078,0
5849,5122,0
5840,5158,0
5836,5190,0
5834,5219,0
5832,5248,0
5833,5269,0
5840,5284,0
5851,5296,0
5865,5298,0
5890,5293,0
5919,5282,0
5952,5261,0
5985,5236,0
6007,5208,0
6022,5183,0
6019,5169,0
6005,5154,0
5991,5146,0
5968,5134,0
5944,5129,0
5914,5126,0
5892,5130,0
5870,5139,0
5856,5149,1
6056,5233,0
6044,5255,0
6049,5268,0
6061,5273,0
6087,5269,0
6119,5262,0
6151,5240,0
6179,5218,0
6202,5199,0
6218,5183,0
6222,5185,0
6217,5185,0
6213,5195,0
6198,5216,0
6183,5243,0
6174,5263,0
6179,5275,0
6182,5277,0
6188,5266,1
6330,5189,0
6326,5187,0
6328,5185,0
6320,5182,0
6314,5183,0
6297,5188,0
6282,5204,0
6266,5215,0
6259,5228,0
6268,5241,0
6284,5253,0
6307,5265,0
6321,5272,0
6336,5286,0
6336,5298,0
6325,5308,0
6307,5315,0
6290,5323,0
6268,5322,0
6249,5318,0
6237,5313,1
6374,5294,0
6383,5296,0
6400,5294,0
6425,5286,0
6454,5272,0
6483,5260,0
6502,5245,0
6512,5234,0
6513,5233,0
6500,5237,0
6466,5249,0
6425,5264,0
6392,5285,0
6374,5305,0
6367,5317,0
6375,5327,0
6389,5335,1
6644,5292,0
6643,5287,0
6642,5282,0
6640,5279,0
6631,5277,0
6613,5279,0
6594,5289,0
6564,5297,0
6543,5313,0
6540,5323,0
6549,5336,0
6572,5346,0
6601,5356,1
6629,5385,0
6608,5396,0
6576,5405,1