It is the last of these four
700
371,4718,0
368,4709,0
368,4709,0
366,4709,0
366,4717,0
364,4741,0
359,4768,0
354,4804,0
347,4847,0
340,4899,0
339,4951,0
340,4992,0
341,5033,0
341,5074,0
343,5114,0
348,5143,0
354,5164,0
359,5173,0
366,5182,0
371,5183,0
374,5183,0
379,5180,0
385,5164,0
390,5157,0
398,5142,0
404,5127,0
411,5111,0
416,5092,0
422,5077,0
431,5057,0
437,5038,0
444,5031,0
448,5016,0
452,5008,0
458,4997,0
462,4985,0
465,4977,0
466,4974,0
468,4965,0
468,4961,0
468,4961,0
468,4958,0
468,4962,0
468,4962,0
468,4962,0
469,4961,0
470,4962,0
470,4962,0
470,4962,0
470,4962,0
471,4962,0
471,4966,0
470,4962,0
471,4962,0
471,4962,0
471,4962,0
470,4961,0
471,4962,0
471,4962,0
471,4962,0
471,4962,0
471,4962,0
471,4962,0
471,4962,0
471,4962,0
471,4962,0
471,4962,0
471,4962,0
471,4962,0
472,4963,0
472,4958,0
473,4954,0
478,4951,0
480,4943,0
486,4932,0
493,4916,0
500,4905,0
509,4886,0
518,4867,0
528,4848,0
538,4825,0
547,4806,0
553,4791,0
559,4780,0
562,4768,0
563,4764,0
562,4768,0
562,4763,0
561,4768,0
560,4771,0
558,4787,0
553,4806,0
547,4834,0
538,4865,0
530,4905,0
522,4944,0
513,4987,0
506,5031,0
506,5067,0
514,5096,0
531,5114,0
554,5129,0
581,5132,0
608,5130,0
635,5116,1
454,4928,0
457,4932,0
471,4929,0
497,4933,0
533,4937,0
569,4934,0
606,4929,0
640,4920,0
669,4915,1
1013,4888,0
1013,4883,0
1015,4884,0
1015,4884,0
1016,4896,0
1014,4915,0
1008,4948,0
1002,4980,0
997,5011,0
996,5040,0
1001,5055,0
1011,5064,0
1023,5072,0
1038,5072,0
1056,5064,0
1076,5052,0
1100,5028,0
1122,5008,0
1142,4980,0
1160,4951,0
1180,4932,0
1199,4919,0
1214,4910,0
1228,4910,0
1240,4914,0
1253,4929,0
1268,4944,0
1282,4968,0
1290,4992,0
1292,5008,0
1288,5020,0
1280,5028,0
1265,5040,0
1239,5045,0
1211,5051,0
1185,5051,0
1164,5040,1
1105,4729,0
1099,4724,0
1100,4724,0
1100,4724,0
1107,4741,1
1578,4709,0
1580,4713,0
1582,4729,0
1583,4753,0
1576,4786,0
1567,4830,0
1556,4884,0
1546,4934,0
1541,4974,0
1539,5006,0
1539,5026,0
1541,5035,0
1541,5034,1
1512,4893,0
1522,4891,0
1549,4893,0
1580,4886,0
1612,4874,0
1647,4862,0
1681,4838,0
1716,4817,0
1740,4793,0
1763,4770,0
1779,4751,0
1789,4741,0
1790,4738,0
1790,4738,0
1789,4741,0
1787,4762,0
1783,4804,0
1780,4852,0
1771,4902,0
1767,4947,0
1766,4972,0
1771,4987,0
1778,4994,0
1786,4997,0
1798,4982,0
1821,4956,0
1845,4920,0
1875,4890,0
1896,4874,0
1912,4871,0
1920,4870,0
1928,4881,0
1932,4904,0
1932,4929,0
1937,4956,0
1946,4979,0
1959,4989,0
1977,4997,0
2000,4997,0
2029,4996,0
2059,4986,0
2086,4968,0
2110,4951,0
2133,4934,0
2148,4914,0
2157,4900,0
2157,4886,0
2155,4879,0
2145,4869,0
2137,4871,0
2120,4866,0
2105,4878,0
2091,4889,0
2079,4908,0
2072,4926,0
2069,4946,0
2074,4967,0
2084,4985,0
2101,4998,0
2127,5009,0
2159,5013,0
2198,5017,0
2231,5017,0
2261,5014,0
2288,5011,1
2547,4961,0
2547,4961,0
2544,4958,0
2546,4961,0
2546,4961,0
2546,4961,0
2546,4961,0
2547,4961,0
2545,4957,0
2546,4957,0
2546,4957,0
2547,4956,0
2551,4959,0
2558,4953,0
2566,4943,0
2579,4930,0
2591,4913,0
2603,4893,0
2613,4877,0
2619,4859,0
2624,4848,0
2625,4840,0
2622,4828,0
2619,4825,0
2613,4822,0
2605,4821,0
2594,4824,0
2581,4837,0
2565,4854,0
2547,4881,0
2529,4907,0
2516,4936,0
2510,4968,0
2507,4994,0
2513,5017,0
2523,5035,0
2542,5050,0
2564,5060,0
2591,5060,0
2625,5053,0
2656,5040,1
2792,4956,0
2794,4951,0
2786,4940,0
2775,4932,0
2760,4928,0
2740,4927,0
2719,4934,0
2697,4942,0
2676,4957,0
2661,4979,0
2651,4999,0
2651,5016,0
2655,5028,0
2668,5035,0
2685,5034,0
2706,5028,0
2728,5011,0
2751,4995,0
2768,4968,0
2779,4939,0
2786,4915,0
2788,4906,0
2786,4906,0
2786,4907,0
2786,4923,0
2783,4946,0
2784,4975,0
2786,4995,0
2801,5012,0
2817,5018,0
2838,5020,0
2857,5012,0
2878,5005,0
2899,4985,0
2919,4964,0
2939,4947,0
2957,4932,0
2972,4917,0
2989,4910,0
3003,4913,0
3019,4928,0
3028,4946,0
3030,4963,0
3029,4985,0
3021,4997,0
3011,5014,0
2997,5023,0
2984,5033,0
2978,5035,0
2980,5038,0
2979,5035,0
2985,5041,0
2991,5034,0
3007,5032,0
3025,5016,0
3045,4996,0
3067,4973,0
3088,4948,0
3111,4917,0
3135,4884,0
3161,4851,0
3183,4819,0
3202,4792,0
3217,4772,0
3226,4759,0
3230,4753,0
3230,4753,0
3228,4754,0
3226,4755,0
3223,4765,0
3214,4783,0
3199,4803,0
3188,4830,0
3176,4857,0
3163,4885,0
3154,4910,0
3152,4938,0
3153,4963,0
3158,4983,0
3167,5001,0
3183,5016,0
3200,5026,0
3222,5033,0
3246,5032,0
3271,5030,0
3287,5022,0
3295,5010,0
3298,5004,1
3093,4793,0
3103,4798,0
3130,4803,0
3164,4806,0
3209,4811,0
3252,4813,0
3291,4817,0
3329,4821,0
3363,4823,1
3621,4901,0
3615,4900,0
3611,4902,0
3601,4907,0
3591,4922,0
3575,4935,0
3564,4954,0
3559,4975,0
3563,4991,0
3571,5000,0
3585,5006,0
3603,5006,0
3624,4999,0
3648,4991,0
3666,4977,0
3676,4958,0
3683,4940,0
3676,4922,0
3663,4910,0
3650,4908,0
3636,4911,0
3617,4912,0
3611,4920,0
3609,4927,0
3613,4932,0
3625,4936,0
3644,4929,0
3672,4924,0
3701,4907,0
3732,4886,0
3762,4855,0
3789,4821,0
3808,4787,0
3824,4759,0
3833,4735,0
3836,4714,0
3829,4699,0
3825,4698,0
3814,4700,0
3797,4714,0
3774,4741,0
3753,4777,0
3732,4821,0
3718,4871,0
3706,4924,0
3700,4977,0
3696,5028,0
3695,5075,0
3699,5113,0
3701,5144,0
3707,5168,0
3713,5187,0
3716,5191,1
3615,5049,0
3619,5052,0
3632,5049,0
3667,5053,0
3713,5047,0
3764,5037,0
3819,5030,0
3868,5021,0
3909,5015,1
4227,4791,0
4228,4795,0
4231,4798,0
4231,4798,0
4230,4803,0
4227,4815,0
4227,4845,0
4224,4884,0
4217,4928,0
4207,4977,0
4194,5018,0
4185,5053,0
4173,5079,0
4168,5097,0
4166,5108,0
4164,5109,0
4160,5102,1
4142,4972,0
4131,4955,0
4123,4946,0
4126,4944,0
4126,4944,0
4133,4939,0
4152,4936,0
4177,4929,0
4210,4912,0
4245,4890,0
4284,4864,0
4314,4838,0
4341,4809,0
4364,4788,0
4381,4780,0
4393,4777,0
4398,4783,0
4398,4803,0
4389,4839,0
4377,4891,0
4361,4936,0
4348,4980,0
4338,5010,0
4342,5032,0
4344,5040,0
4367,5029,0
4392,5007,0
4424,4981,0
4459,4956,0
4484,4944,0
4499,4937,0
4504,4939,0
4504,4944,0
4505,4963,0
4500,4986,0
4492,5006,0
4492,5021,0
4502,5033,0
4523,5043,0
4545,5043,0
4577,5034,0
4611,5019,0
4640,4999,0
4659,4973,0
4671,4944,0
4675,4922,0
4673,4909,0
4667,4903,0
4655,4903,0
4635,4907,0
4614,4928,0
4594,4953,0
4577,4985,0
4571,5019,0
4572,5047,0
4588,5066,0
4607,5076,0
4634,5076,0
4667,5073,0
4704,5056,0
4740,5034,0
4771,5004,0
4799,4974,0
4823,4955,0
4844,4943,0
4856,4934,0
4865,4937,0
4872,4951,0
4880,4976,0
4872,5002,0
4869,5031,0
4858,5055,0
4848,5072,0
4840,5079,0
4831,5084,0
4818,5085,0
4809,5086,0
4809,5087,0
4810,5086,0
4812,5089,0
4813,5088,0
4825,5089,0
4842,5086,0
4865,5084,0
4895,5071,0
4926,5062,0
4961,5050,0
4991,5031,0
5016,5015,0
5036,4994,0
5047,4980,0
5053,4970,0
5054,4963,0
5047,4959,0
5038,4956,0
5028,4959,0
5007,4966,0
4990,4981,0
4969,4997,0
4953,5011,0
4948,5024,0
4953,5040,0
4964,5052,0
4979,5061,0
5011,5071,0
5048,5076,0
5086,5077,0
5122,5085,0
5151,5086,0
5179,5088,0
5202,5091,0
5213,5091,0
5224,5093,0
5233,5095,0
5231,5098,0
5232,5096,0
5234,5100,0
5233,5101,0
5228,5105,1
5461,5051,0
5470,5048,0
5491,5035,0
5516,5023,0
5542,5004,0
5569,4980,0
5595,4955,0
5615,4925,0
5630,4899,0
5635,4873,0
5638,4853,0
5631,4831,0
5627,4819,0
5622,4813,0
5614,4814,0
5600,4823,0
5583,4845,0
5563,4876,0
5546,4920,0
5535,4973,0
5528,5028,0
5528,5088,0
5531,5144,0
5532,5192,0
5540,5226,0
5547,5257,0
5559,5280,0
5564,5291,0
5574,5298,1
5483,5170,0
5479,5163,0
5488,5156,0
5503,5142,0
5535,5129,0
5572,5118,0
5615,5101,0
5653,5076,0
5697,5057,0
5730,5036,0
5761,5024,0
5786,5011,0
5798,5004,0
5801,5001,0
5800,5002,0
5798,5004,0
5783,5007,0
5766,5025,0
5735,5048,0
5711,5077,0
5691,5096,0
5688,5114,0
5692,5127,0
5704,5138,0
5722,5138,0
5747,5135,0
5778,5129,0
5803,5110,0
5829,5086,0
5845,5059,0
5853,5034,0
5847,5017,0
5840,5007,0
5826,4999,0
5812,4996,0
5799,4997,0
5794,5002,0
5798,5004,0
5801,5006,0
5815,5010,0
5838,5009,0
5862,5004,0
5891,4997,0
5910,4990,0
5924,4987,0
5926,4985,0
5924,4987,0
5926,5002,0
5923,5027,0
5917,5056,0
5911,5083,0
5909,5103,0
5914,5114,0
5926,5125,0
5943,5125,0
5967,5119,0
5995,5103,0
6022,5081,0
6044,5059,0
6061,5035,0
6068,5022,0
6075,5016,0
6075,5015,0
6071,5014,0
6066,5018,0
6054,5043,0
6036,5073,0
6030,5101,0
6027,5127,0
6032,5144,0
6059,5163,0
6095,5178,0
6138,5186,0
6184,5189,0
6226,5187,0
6263,5184,0
6293,5181,0
6307,5172,0
6315,5158,0
6315,5140,0
6305,5117,0
6295,5098,0
6282,5077,0
6271,5052,0
6269,5038,0
6271,5024,0
6282,5012,0
6295,4999,0
6317,4992,0
6336,4990,0
6351,4991,0
6360,4992,0
6361,4991,0
6361,4991,0
6363,4990,0
6363,4989,0
6360,4986,0
6359,4987,0
6350,4986,0
6343,4982,0
6334,4980,1