to accept a system which
479
957,4739,0
955,4739,0
955,4739,0
956,4743,0
966,4743,0
982,4743,0
1005,4743,0
1034,4744,0
1063,4748,0
1091,4748,0
1119,4744,0
1144,4740,0
1160,4727,1
1059,4637,0
1054,4637,0
1054,4640,0
1052,4652,0
1050,4664,0
1049,4684,0
1045,4705,0
1037,4736,0
1035,4760,0
1032,4792,0
1031,4812,0
1035,4828,0
1044,4840,1
1226,4798,0
1229,4798,0
1230,4794,0
1230,4790,0
1227,4782,0
1223,4778,0
1216,4770,0
1205,4771,0
1189,4767,0
1174,4775,0
1158,4784,0
1145,4800,0
1138,4812,0
1141,4816,0
1151,4823,0
1165,4823,0
1185,4819,0
1203,4811,0
1219,4802,0
1229,4794,0
1234,4790,1
1931,4803,0
1933,4802,0
1933,4798,0
1935,4798,0
1933,4791,0
1932,4786,0
1930,4783,0
1918,4768,0
1906,4767,0
1892,4765,0
1874,4764,0
1855,4772,0
1837,4787,0
1819,4802,0
1808,4816,0
1806,4828,0
1812,4835,0
1824,4838,0
1841,4839,0
1859,4835,0
1877,4829,0
1891,4822,0
1903,4816,0
1913,4818,0
1915,4818,0
1916,4822,0
1919,4829,0
1921,4833,0
1927,4840,0
1935,4847,0
1947,4849,0
1960,4850,0
1972,4848,1
2128,4795,0
2127,4791,0
2124,4784,0
2119,4776,0
2112,4775,0
2096,4769,0
2082,4777,0
2060,4782,0
2038,4794,0
2029,4817,0
2021,4830,0
2023,4842,0
2033,4857,0
2046,4862,0
2067,4869,0
2089,4869,0
2111,4864,1
2267,4778,0
2265,4774,0
2268,4778,0
2267,4774,0
2267,4778,0
2261,4775,0
2253,4786,0
2237,4794,0
2221,4810,0
2207,4825,0
2203,4840,0
2207,4854,0
2219,4864,0
2239,4871,0
2265,4874,0
2296,4869,0
2332,4869,0
2363,4860,0
2394,4856,0
2414,4842,0
2429,4833,0
2436,4823,0
2434,4815,0
2424,4809,0
2408,4806,0
2389,4807,0
2373,4816,0
2358,4828,0
2352,4838,0
2355,4850,0
2365,4855,0
2385,4866,0
2406,4865,1
2519,4798,0
2519,4797,0
2520,4798,0
2520,4798,0
2521,4805,0
2521,4818,0
2521,4835,0
2518,4852,0
2516,4874,0
2515,4899,0
2517,4924,0
2518,4940,0
2523,4960,0
2526,4968,0
2528,4971,0
2528,4970,0
2528,4967,0
2524,4955,0
2521,4939,0
2519,4923,0
2519,4903,0
2521,4885,0
2524,4863,0
2531,4845,0
2544,4832,0
2557,4823,0
2571,4815,0
2586,4818,0
2598,4827,0
2606,4833,0
2611,4844,0
2610,4853,0
2604,4855,0
2596,4857,0
2591,4859,0
2584,4853,0
2579,4850,1
2640,4801,0
2641,4804,0
2642,4804,0
2653,4809,0
2671,4811,0
2692,4813,0
2714,4809,0
2736,4810,0
2753,4808,1
2717,4727,0
2717,4731,0
2718,4731,0
2718,4736,0
2716,4745,0
2716,4762,0
2713,4784,0
2708,4806,0
2705,4829,0
2709,4850,0
2716,4864,0
2726,4877,0
2740,4885,1
3344,4841,0
3344,4840,0
3346,4840,0
3349,4838,0
3353,4832,0
3354,4823,0
3354,4818,0
3349,4808,0
3337,4800,0
3317,4796,0
3291,4800,0
3262,4813,0
3229,4833,0
3202,4854,0
3193,4867,0
3193,4876,0
3206,4888,0
3224,4888,0
3248,4886,0
3276,4878,0
3302,4870,0
3320,4857,0
3333,4850,0
3338,4848,0
3337,4849,0
3337,4849,0
3337,4853,0
3336,4863,0
3341,4878,0
3348,4888,0
3361,4895,0
3381,4903,0
3399,4903,1
3839,4857,0
3836,4849,0
3838,4843,0
3838,4839,0
3832,4833,0
3822,4830,0
3809,4833,0
3792,4838,0
3776,4847,0
3773,4863,0
3773,4872,0
3781,4886,0
3794,4897,0
3812,4910,0
3825,4915,0
3833,4920,0
3835,4924,0
3832,4925,0
3819,4928,0
3801,4925,0
3783,4922,0
3772,4919,0
3761,4906,0
3760,4898,0
3764,4886,1
3869,4821,0
3869,4825,0
3867,4826,0
3875,4836,0
3883,4845,0
3903,4860,0
3918,4870,0
3935,4879,0
3952,4896,0
3970,4909,0
3981,4916,0
3993,4919,0
4000,4919,1
4021,4900,0
4022,4905,0
4020,4906,0
4020,4920,0
4011,4930,0
4003,4950,0
3983,4967,0
3965,4996,0
3947,5021,0
3933,5043,0
3929,5063,0
3928,5074,0
3937,5082,1
4214,4939,0
4215,4934,0
4216,4923,0
4216,4909,0
4211,4898,0
4205,4892,0
4192,4886,0
4174,4884,0
4159,4889,0
4152,4894,0
4151,4903,0
4156,4915,0
4172,4933,0
4181,4941,0
4193,4953,0
4199,4958,0
4196,4956,0
4191,4959,0
4174,4956,0
4151,4951,0
4130,4946,0
4113,4937,0
4100,4927,0
4095,4915,0
4103,4906,1
4255,4879,0
4258,4881,0
4275,4884,0
4298,4888,0
4324,4884,1
4338,4821,0
4339,4825,0
4338,4830,0
4338,4845,0
4340,4869,0
4337,4890,0
4336,4910,0
4340,4932,0
4343,4944,1
4413,4929,0
4415,4928,0
4427,4924,0
4444,4917,0
4468,4915,0
4498,4914,0
4524,4905,0
4548,4902,0
4569,4901,0
4583,4901,0
4585,4899,0
4584,4900,0
4576,4901,0
4560,4903,0
4537,4910,0
4515,4921,0
4502,4936,0
4498,4948,0
4505,4958,0
4521,4966,0
4548,4972,0
4574,4967,0
4604,4965,0
4633,4958,0
4659,4950,0
4679,4939,0
4691,4930,0
4699,4929,0
4699,4929,0
4700,4933,0
4693,4938,0
4691,4950,0
4691,4960,0
4699,4969,0
4710,4976,0
4722,4977,0
4739,4978,0
4756,4975,0
4777,4975,0
4794,4972,0
4804,4970,0
4811,4974,0
4816,4980,0
4818,4985,0
4827,4992,0
4838,4994,0
4851,4994,0
4869,4994,0
4884,4993,0
4903,4994,0
4916,4994,0
4922,4993,0
4927,4995,0
4929,4998,0
4931,5002,0
4927,4999,0
4923,4998,1
5279,4950,0
5280,4949,0
5281,4949,0
5282,4949,0
5281,4949,0
5284,4956,0
5284,4968,0
5280,4987,0
5286,5014,0
5289,5032,0
5298,5051,0
5307,5059,0
5318,5065,0
5330,5065,0
5341,5061,0
5356,5053,0
5371,5045,0
5378,5039,0
5383,5040,0
5387,5042,0
5389,5045,0
5388,5047,0
5395,5056,0
5405,5063,0
5417,5069,0
5432,5072,0
5446,5070,0
5458,5064,0
5465,5053,0
5470,5043,0
5473,5035,0
5467,5023,0
5469,5018,1
5540,4880,0
5540,4880,0
5542,4889,0
5541,4907,0
5535,4929,0
5534,4953,0
5534,4974,0
5535,4994,0
5536,5010,0
5543,5026,0
5553,5038,0
5567,5047,0
5583,5047,0
5602,5047,0
5622,5040,0
5636,5038,0
5642,5037,0
5646,5039,0
5648,5042,0
5653,5048,0
5659,5054,1
5701,4986,0
5703,4985,0
5704,4984,0
5708,4985,0
5707,4986,0
5708,4991,0
5711,5004,0
5714,5018,0
5717,5033,0
5722,5045,0
5729,5055,0
5732,5057,0
5733,5056,1
5716,4978,0
5714,4975,0
5715,4974,0
5715,4974,0
5719,4975,1
5899,5052,0
5899,5052,0
5904,5052,0
5906,5050,0
5905,5045,0
5902,5043,0
5893,5040,0
5876,5039,0
5861,5043,0
5841,5051,0
5838,5066,0
5836,5079,0
5842,5090,0
5861,5105,0
5881,5113,0
5906,5117,0
5937,5120,1
6044,4973,0
6044,4973,0
6044,4979,0
6041,4993,0
6041,5016,0
6039,5034,0
6043,5053,0
6051,5069,0
6056,5081,0
6071,5089,0
6087,5094,0
6104,5094,0
6125,5096,0
6138,5093,0
6147,5096,0
6152,5103,0
6155,5110,0
6157,5115,0
6161,5122,0
6162,5126,0
6168,5132,1