I might have been listening
628
734,2605,0
731,2608,0
730,2616,0
724,2632,0
714,2662,0
697,2696,0
673,2737,0
647,2785,0
626,2835,0
612,2885,0
605,2936,0
603,2972,0
600,3017,0
598,3052,0
596,3077,0
594,3097,0
595,3105,0
595,3105,0
597,3105,0
600,3106,0
611,3095,0
626,3078,0
647,3061,1
958,2870,0
950,2873,0
944,2885,0
938,2909,0
926,2936,0
871,3049,0
854,3072,0
846,3083,0
846,3083,0
847,3080,0
851,3055,0
861,3021,0
921,2905,0
951,2877,0
983,2859,0
1015,2848,0
1047,2852,0
1073,2869,0
1087,2888,0
1092,2933,0
1084,2965,0
1073,3001,0
1062,3021,0
1057,3033,0
1057,3037,0
1059,3029,0
1068,3012,0
1085,2977,0
1109,2936,0
1139,2900,0
1172,2871,0
1209,2849,0
1240,2832,0
1264,2835,0
1278,2854,0
1283,2885,0
1272,2929,0
1246,2960,0
1223,3001,0
1204,3030,0
1194,3042,1
1370,2813,0
1373,2808,0
1375,2812,0
1376,2824,0
1372,2853,0
1363,2898,0
1344,2940,0
1327,2982,0
1315,3019,0
1312,3043,0
1317,3059,0
1326,3062,0
1340,3057,1
1394,2725,0
1392,2713,0
1397,2704,0
1403,2692,0
1408,2663,0
1416,2650,0
1421,2633,0
1435,2627,0
1447,2625,1
1597,2843,0
1599,2843,0
1597,2839,0
1591,2828,0
1573,2811,0
1549,2803,0
1520,2804,0
1490,2809,0
1466,2833,0
1445,2864,0
1429,2907,0
1464,3023,0
1493,3023,0
1528,3006,0
1571,2982,0
1614,2946,0
1645,2902,0
1667,2866,0
1677,2842,0
1678,2830,0
1671,2823,0
1667,2829,0
1660,2867,0
1643,2915,0
1626,2976,0
1606,3033,0
1582,3081,0
1561,3130,0
1531,3154,0
1498,3172,0
1460,3177,0
1426,3169,0
1398,3151,0
1384,3124,1
1820,2623,0
1821,2620,0
1820,2619,0
1818,2624,0
1814,2646,0
1808,2686,0
1795,2731,0
1780,2789,0
1763,2843,0
1746,2897,0
1725,2931,0
1714,2965,0
1705,2984,0
1704,2988,0
1708,2991,0
1710,2975,0
1725,2938,0
1750,2891,0
1780,2847,0
1816,2816,0
1853,2794,0
1889,2786,0
1917,2795,0
1930,2815,0
1931,2853,0
1916,2899,0
1900,2946,0
1887,2979,0
1890,3003,1
2081,2586,0
2079,2578,0
2087,2587,0
2092,2603,0
2094,2632,0
2087,2683,0
2070,2745,0
2047,2813,0
2022,2878,0
2006,2929,0
2000,2965,0
2002,2981,0
2014,2986,0
2028,2972,0
2046,2950,0
2056,2907,0
2060,2869,1
1985,2794,0
1994,2799,0
2014,2808,0
2053,2820,0
2094,2825,0
2133,2832,0
2169,2835,0
2203,2839,1
2553,2555,0
2554,2560,0
2554,2578,0
2554,2610,0
2550,2649,0
2544,2695,0
2526,2742,0
2509,2802,0
2492,2861,0
2474,2911,0
2463,2952,0
2463,2987,0
2458,2999,0
2463,3005,0
2465,3001,0
2469,2989,0
2482,2961,0
2493,2914,0
2509,2870,0
2529,2828,0
2555,2791,0
2581,2757,0
2615,2738,0
2647,2727,0
2680,2740,0
2704,2762,0
2713,2795,0
2713,2842,0
2697,2889,0
2681,2934,0
2673,2977,0
2669,3001,0
2678,3015,1
2924,2863,0
2922,2859,0
2917,2853,0
2905,2842,0
2884,2826,0
2864,2820,0
2833,2812,0
2806,2816,0
2775,2826,0
2748,2843,0
2731,2873,0
2724,2905,0
2729,2934,0
2749,2960,0
2778,2980,0
2806,2987,0
2837,2990,0
2869,2984,0
2894,2963,0
2917,2935,0
2931,2897,0
2938,2863,0
2941,2835,0
2938,2813,0
2940,2807,0
2936,2805,0
2943,2815,0
2950,2844,0
2953,2882,0
2956,2918,0
2962,2952,0
2968,2977,0
2979,2994,1
3057,2806,0
3046,2804,0
3044,2806,0
3040,2814,0
3042,2837,0
3053,2873,0
3064,2911,0
3071,2945,0
3081,2977,0
3095,3001,0
3111,3019,0
3119,3018,0
3134,3013,0
3155,2988,0
3182,2948,0
3214,2907,0
3238,2864,0
3259,2825,0
3273,2794,0
3278,2769,0
3276,2754,0
3271,2748,0
3278,2753,0
3288,2765,0
3303,2784,1
3322,2939,0
3325,2942,0
3334,2935,0
3361,2918,0
3389,2884,0
3419,2859,0
3436,2828,0
3452,2803,0
3455,2779,0
3450,2761,0
3431,2746,0
3401,2746,0
3366,2762,0
3324,2792,0
3291,2841,0
3270,2894,0
3264,2940,0
3274,2977,0
3293,2998,0
3332,3009,0
3380,3006,0
3438,2995,0
3490,2965,0
3542,2936,0
3582,2900,1
3829,2506,0
3825,2504,0
3825,2511,0
3821,2534,0
3811,2569,0
3810,2620,0
3800,2672,0
3785,2729,0
3769,2791,0
3750,2851,0
3733,2895,0
3720,2919,0
3718,2926,0
3726,2930,0
3735,2921,0
3753,2888,0
3774,2832,0
3805,2784,0
3841,2745,0
3875,2715,0
3906,2698,0
3930,2700,0
3952,2724,0
3959,2765,0
3953,2819,0
3933,2875,0
3906,2926,0
3856,2960,0
3807,2985,0
3759,2992,0
3728,2984,0
3712,2960,0
3718,2933,1
4012,2884,0
4010,2886,0
4013,2889,0
4029,2888,0
4053,2874,0
4091,2856,0
4126,2830,0
4166,2807,0
4198,2782,0
4218,2763,0
4220,2743,0
4211,2728,0
4179,2718,0
4135,2726,0
4085,2748,0
4046,2786,0
4022,2832,0
4007,2872,0
4010,2903,0
4036,2929,0
4068,2940,0
4112,2941,0
4159,2937,0
4201,2926,0
4228,2907,1
4239,2859,0
4242,2860,0
4239,2856,0
4253,2853,0
4268,2837,0
4287,2818,0
4310,2797,0
4337,2776,0
4355,2753,0
4374,2736,0
4380,2721,0
4377,2713,0
4366,2707,0
4342,2713,0
4308,2736,0
4271,2770,0
4246,2812,0
4232,2847,0
4244,2881,0
4273,2904,0
4323,2919,0
4375,2919,0
4427,2913,0
4473,2902,0
4499,2881,1
4507,2720,0
4505,2715,0
4505,2715,0
4505,2722,0
4508,2746,0
4504,2784,0
4495,2829,0
4485,2873,0
4480,2912,0
4473,2932,0
4476,2943,0
4476,2943,0
4480,2936,0
4488,2902,0
4505,2854,0
4527,2806,0
4555,2762,0
4589,2724,0
4630,2694,0
4671,2676,0
4719,2678,0
4758,2700,0
4789,2740,0
4804,2786,0
4819,2835,0
4827,2878,0
4842,2913,0
4861,2935,0
4883,2938,1
5203,2393,0
5199,2391,0
5199,2391,0
5200,2398,0
5196,2413,0
5182,2440,0
5161,2477,0
5139,2523,0
5114,2574,0
5094,2630,0
5083,2686,0
5069,2737,0
5079,2787,0
5089,2824,0
5111,2849,0
5139,2863,0
5163,2870,0
5197,2870,0
5222,2861,0
5256,2847,0
5281,2821,1
5309,2573,0
5304,2581,0
5298,2601,0
5293,2640,0
5284,2687,0
5276,2732,0
5271,2777,0
5261,2815,0
5265,2841,0
5260,2854,0
5265,2855,0
5269,2839,0
5277,2806,1
5310,2471,0
5311,2453,0
5328,2439,0
5328,2421,0
5340,2408,0
5337,2397,0
5337,2395,0
5340,2399,0
5354,2408,1
5576,2543,0
5561,2545,0
5542,2548,0
5516,2555,0
5497,2563,0
5477,2574,0
5467,2586,0
5466,2604,0
5477,2625,0
5494,2642,0
5529,2663,0
5569,2683,0
5599,2702,0
5624,2723,0
5631,2743,0
5625,2760,0
5607,2777,0
5579,2792,0
5535,2799,0
5486,2802,0
5438,2803,0
5401,2803,0
5373,2802,0
5359,2794,0
5364,2779,1
5758,2377,0
5754,2394,0
5740,2423,0
5736,2467,0
5731,2513,0
5720,2562,0
5711,2612,0
5701,2657,0
5696,2700,0
5693,2731,0
5691,2751,0
5690,2759,0
5688,2755,1
5649,2626,0
5650,2627,0
5657,2630,0
5680,2637,0
5698,2638,0
5728,2642,0
5763,2644,0
5802,2646,0
5840,2643,0
5880,2634,0
5909,2622,0
5937,2611,0
5952,2601,0
5941,2586,0
5933,2574,0
5909,2570,0
5870,2574,0
5826,2591,0
5791,2616,0
5766,2653,0
5755,2692,0
5766,2729,0
5795,2760,0
5836,2787,0
5877,2801,0
5913,2803,0
5950,2802,0
5974,2791,0
5997,2773,1
6028,2634,0
6016,2649,0
6011,2678,0
5997,2714,0
5997,2748,0
5998,2774,0
6000,2794,0
6003,2803,0
6006,2808,0
6004,2803,0
6004,2786,0
6005,2750,0
6012,2710,0
6020,2670,0
6044,2639,0
6079,2613,0
6115,2594,0
6155,2586,0
6186,2592,0
6215,2616,0
6229,2651,0
6228,2690,0
6229,2733,0
6216,2769,0
6213,2792,0
6204,2801,0
6208,2803,0
6219,2789,0
6232,2763,1
6365,2618,0
6367,2622,0
6366,2634,0
6354,2659,0
6353,2699,0
6340,2736,0
6340,2772,0
6341,2805,0
6343,2829,0
6343,2844,0
6348,2845,0
6350,2840,1
6397,2496,0
6384,2488,0
6396,2490,0
6389,2485,0
6397,2478,0
6396,2461,0
6403,2444,0
6406,2427,0
6405,2408,0
6410,2396,0
6408,2380,0
6404,2367,0
6411,2363,1
6480,2673,0
6472,2700,0
6474,2733,0
6473,2764,0
6472,2783,0
6468,2791,0
6469,2789,0
6470,2788,0
6469,2771,0
6471,2738,0
6468,2698,0
6483,2658,0
6498,2624,0
6518,2598,0
6551,2586,0
6581,2586,0
6611,2606,0
6628,2637,0
6632,2678,0
6627,2719,0
6618,2756,0
6606,2782,0
6606,2799,0
6607,2798,0
6626,2786,1
6857,2652,0
6848,2643,0
6851,2636,0
6839,2624,0
6823,2612,0
6796,2602,0
6754,2600,0
6704,2603,0
6676,2627,0
6647,2655,0
6645,2688,0
6665,2721,0
6693,2748,0
6729,2764,0
6769,2772,0
6804,2772,0
6834,2765,0
6853,2743,0
6865,2705,0
6867,2669,0
6850,2640,0
6841,2630,0
6836,2631,0
6829,2647,0
6831,2683,0
6841,2739,0
6851,2794,0
6860,2854,0
6860,2900,0
6843,2935,0
6816,2962,0
6773,2987,0
6713,3000,0
6640,3002,0
6563,2994,0
6498,2982,0
6440,2962,1