sight is failing him; he suffers from a
1042
712,2443,0
711,2427,0
709,2422,0
702,2413,0
691,2412,0
678,2409,0
664,2415,0
649,2416,0
634,2425,0
622,2439,0
613,2446,0
609,2461,0
608,2473,0
615,2487,0
629,2510,0
651,2538,0
675,2567,0
702,2608,0
724,2643,0
740,2678,0
750,2704,0
750,2724,0
743,2743,0
731,2757,0
713,2767,0
692,2777,0
671,2777,0
653,2770,0
640,2751,0
634,2730,0
637,2699,0
651,2664,0
671,2631,0
699,2608,0
730,2584,0
762,2568,0
792,2551,0
818,2546,0
838,2545,0
852,2546,0
862,2563,0
867,2579,0
869,2608,0
870,2640,0
868,2668,0
866,2692,0
866,2712,0
865,2724,0
865,2727,0
866,2731,0
868,2729,0
868,2712,1
884,2384,0
892,2377,0
899,2369,0
906,2367,0
913,2362,1
1044,2557,0
1047,2548,0
1048,2544,0
1044,2532,0
1038,2524,0
1029,2512,0
1018,2500,0
1006,2483,0
992,2475,0
977,2463,0
962,2461,0
947,2461,0
933,2468,0
924,2487,0
919,2511,0
919,2543,0
925,2579,0
935,2620,0
946,2649,0
958,2673,0
970,2694,0
980,2702,0
987,2707,0
991,2703,0
992,2699,0
991,2695,0
992,2699,0
989,2699,0
986,2719,0
985,2751,0
986,2796,0
988,2852,0
989,2911,0
991,2963,0
991,3015,0
990,3047,0
987,3067,0
984,3071,0
982,3071,0
979,3063,0
977,3047,0
977,3019,0
983,2991,0
991,2948,0
1003,2904,0
1017,2848,0
1036,2796,0
1056,2741,0
1078,2685,0
1102,2628,0
1122,2560,0
1140,2496,0
1155,2427,0
1165,2367,0
1172,2323,0
1177,2299,0
1179,2290,0
1180,2294,0
1177,2311,0
1176,2351,0
1173,2395,0
1176,2458,0
1178,2519,0
1179,2571,0
1182,2615,0
1186,2642,0
1187,2642,0
1193,2638,0
1201,2618,0
1205,2589,0
1207,2557,0
1212,2541,0
1213,2537,0
1217,2540,0
1223,2560,0
1231,2596,0
1239,2632,0
1247,2659,0
1254,2675,0
1259,2674,0
1267,2666,0
1275,2641,0
1282,2608,0
1290,2579,0
1296,2555,1
1347,2300,0
1355,2299,0
1353,2299,0
1351,2299,0
1348,2320,0
1349,2360,0
1348,2400,0
1350,2449,0
1351,2501,0
1352,2550,0
1351,2586,0
1349,2610,0
1348,2630,0
1347,2638,0
1346,2638,0
1343,2631,0
1339,2607,0
1337,2583,0
1337,2559,0
1337,2539,0
1336,2523,0
1343,2522,0
1353,2525,0
1369,2543,0
1383,2558,0
1404,2579,0
1422,2589,0
1438,2594,0
1450,2596,1
1618,2598,0
1620,2634,0
1623,2671,0
1623,2695,0
1624,2707,0
1622,2708,0
1615,2692,1
1588,2391,0
1596,2393,0
1604,2396,0
1609,2395,0
1613,2393,1
1688,2466,0
1672,2461,0
1662,2468,0
1652,2475,0
1645,2488,0
1645,2505,0
1648,2517,0
1658,2539,0
1672,2560,0
1689,2585,0
1705,2610,0
1721,2639,0
1732,2665,0
1696,2711,0
1678,2703,0
1663,2698,0
1652,2688,0
1643,2670,0
1641,2649,1
2125,2285,0
2126,2280,0
2116,2267,0
2106,2263,0
2089,2262,0
2070,2267,0
2050,2280,0
1991,2578,0
1990,2656,0
1988,2732,0
1990,2804,0
1986,2860,0
1983,2904,0
1978,2926,0
1972,2928,0
1963,2919,0
1956,2895,0
1947,2856,0
1937,2805,0
1931,2757,0
1930,2710,0
1934,2671,0
2079,2564,0
2106,2558,0
2131,2551,0
2154,2541,0
2175,2536,0
2193,2531,0
2207,2529,0
2216,2526,0
2219,2519,0
2219,2515,0
2217,2511,0
2214,2508,0
2208,2507,0
2198,2502,0
2189,2499,0
2173,2492,0
2154,2488,0
2139,2491,0
2120,2495,0
2108,2509,0
2095,2519,0
2089,2539,0
2087,2561,0
2091,2590,0
2095,2618,0
2107,2649,0
2120,2674,0
2133,2685,0
2149,2688,0
2165,2675,0
2180,2652,0
2189,2618,0
2195,2579,0
2200,2546,0
2201,2523,0
2203,2519,0
2203,2519,0
2205,2540,0
2206,2569,0
2209,2608,0
2213,2642,0
2215,2662,0
2222,2668,0
2236,2671,0
2251,2654,0
2268,2633,0
2288,2615,0
2306,2593,0
2321,2572,0
2338,2558,0
2347,2548,0
2355,2545,0
2366,2552,0
2371,2563,0
2376,2583,0
2382,2611,0
2386,2637,0
2388,2658,0
2396,2677,0
2396,2680,0
2398,2680,0
2398,2680,0
2400,2679,0
2398,2666,1
2347,2467,0
2352,2446,0
2357,2429,0
2359,2423,0
2365,2425,1
2442,2633,0
2457,2644,0
2462,2640,0
2470,2636,0
2478,2622,0
2485,2604,0
2492,2581,0
2502,2557,0
2509,2525,0
2513,2490,0
2515,2451,0
2511,2411,0
2507,2376,0
2499,2352,0
2487,2336,0
2482,2340,0
2470,2352,0
2456,2375,0
2444,2410,0
2439,2456,0
2432,2507,0
2429,2558,0
2432,2607,0
2440,2648,0
2451,2674,0
2463,2685,0
2478,2682,0
2497,2672,0
2518,2655,0
2538,2633,0
2557,2609,0
2573,2584,0
2581,2561,0
2594,2553,0
2604,2556,0
2612,2565,0
2618,2585,0
2624,2610,0
2627,2631,0
2633,2651,0
2638,2658,0
2642,2655,0
2656,2651,0
2666,2636,0
2680,2622,0
2689,2606,0
2701,2593,0
2711,2586,0
2718,2582,0
2726,2585,0
2736,2594,0
2745,2611,0
2757,2632,0
2765,2651,0
2772,2661,0
2777,2667,0
2786,2666,0
2792,2662,0
2801,2660,0
2809,2655,0
2815,2650,0
2826,2634,0
2837,2616,0
2842,2593,0
2852,2575,0
2856,2567,0
2863,2567,0
2869,2572,0
2878,2586,0
2883,2597,0
2890,2612,0
2895,2623,0
2900,2630,0
2904,2631,0
2910,2627,0
2914,2614,0
2922,2607,0
2927,2599,0
2934,2593,0
2943,2592,0
2951,2596,0
2956,2601,0
2962,2613,0
2967,2624,0
2971,2636,1
3004,2549,0
3016,2539,0
3025,2536,0
3028,2534,0
3027,2535,0
3027,2535,0
3016,2528,0
3010,2523,0
3000,2516,0
2983,2504,0
2970,2498,0
2959,2498,0
2948,2501,0
2938,2519,0
2932,2545,0
2924,2571,0
2932,2600,0
2936,2612,0
2944,2620,0
2958,2621,0
2970,2616,0
2982,2607,0
2986,2594,0
2992,2584,0
2993,2573,0
2992,2569,0
2991,2569,0
2987,2583,0
2980,2614,0
2977,2661,0
2970,2717,0
2972,2789,0
2972,2863,0
2968,2938,0
2960,3011,0
2953,3082,0
2940,3138,0
2931,3182,0
2914,3197,0
2900,3200,0
2882,3187,0
2860,3164,0
2842,3137,1
2626,2333,0
2645,2330,0
2642,2327,0
2642,2327,0
2637,2340,1
3212,2258,0
3221,2266,0
3221,2271,0
3221,2282,0
3223,2303,0
3228,2333,0
3230,2368,0
3233,2411,0
3238,2456,0
3243,2496,0
3242,2529,0
3241,2557,0
3245,2579,0
3247,2589,0
3251,2591,0
3257,2579,0
3269,2558,0
3278,2523,0
3289,2485,0
3297,2443,0
3306,2407,0
3313,2383,0
3323,2379,0
3333,2386,0
3344,2415,0
3352,2457,0
3366,2510,0
3373,2560,0
3380,2601,0
3388,2627,0
3400,2638,0
3409,2635,0
3416,2618,0
3428,2595,0
3436,2566,0
3445,2534,0
3450,2500,0
3457,2475,0
3469,2457,0
3480,2446,0
3494,2442,0
3508,2445,0
3525,2456,0
3537,2473,0
3554,2496,0
3563,2515,0
3577,2535,0
3590,2551,0
3601,2563,0
3611,2570,0
3618,2573,0
3625,2572,0
3630,2561,0
3637,2541,0
3637,2511,0
3639,2480,0
3645,2450,0
3650,2426,0
3655,2407,0
3656,2395,0
3667,2394,0
3670,2397,0
3677,2420,0
3687,2456,0
3696,2501,0
3703,2545,0
3705,2581,0
3707,2601,0
3708,2606,0
3705,2603,0
3708,2589,0
3709,2564,0
3708,2535,0
3714,2511,0
3718,2489,0
3715,2473,0
3725,2467,0
3735,2469,0
3744,2482,0
3751,2505,0
3764,2533,0
3769,2556,0
3775,2569,0
3778,2572,0
3781,2567,0
3785,2545,0
3785,2515,0
3785,2483,0
3786,2457,0
3791,2446,0
3793,2444,0
3805,2461,0
3812,2502,0
3824,2549,0
3833,2587,0
3837,2613,0
3842,2625,1
3493,2260,0
3501,2256,0
3501,2256,0
3499,2258,0
3494,2264,1
3950,2427,0
3956,2420,0
3962,2418,0
3960,2415,0
3960,2415,0
3963,2417,0
3964,2422,0
3966,2432,0
3976,2440,1
3950,2573,0
3956,2573,0
3955,2574,0
3957,2577,0
3961,2592,0
3957,2616,0
3958,2650,0
3959,2693,0
3959,2741,0
3952,2791,0
3947,2849,0
3934,2903,0
3920,2957,0
3904,3008,0
3883,3045,0
3870,3069,0
3865,3074,1
4202,2236,0
4203,2236,0
4203,2235,0
4202,2236,0
4198,2242,0
4199,2262,0
4197,2287,0
4196,2318,0
4191,2352,0
4192,2385,0
4187,2412,0
4184,2437,0
4184,2464,0
4185,2490,0
4185,2509,0
4190,2523,0
4193,2526,0
4193,2520,0
4198,2507,0
4203,2486,0
4210,2461,0
4220,2441,0
4226,2426,0
4234,2417,0
4240,2415,0
4246,2420,0
4254,2437,0
4261,2467,0
4262,2500,0
4267,2533,0
4268,2559,0
4278,2579,0
4285,2589,0
4298,2591,0
4312,2587,0
4326,2575,0
4338,2558,0
4357,2540,0
4365,2514,0
4377,2490,0
4384,2466,0
4391,2449,0
4394,2439,0
4391,2434,0
4392,2434,0
4395,2437,0
4387,2441,0
4388,2453,0
4383,2468,0
4386,2492,0
4386,2519,0
4390,2548,0
4396,2574,0
4409,2596,0
4415,2607,0
4431,2614,0
4444,2617,0
4457,2612,0
4475,2608,0
4488,2604,0
4503,2596,1
4634,2393,0
4640,2382,0
4644,2377,0
4641,2373,0
4640,2375,0
4628,2379,0
4618,2388,0
4611,2398,0
4605,2408,0
4595,2416,0
4589,2425,0
4591,2437,0
4589,2447,0
4589,2456,0
4598,2471,0
4607,2486,0
4620,2502,0
4633,2521,0
4652,2543,0
4659,2560,0
4666,2579,0
4669,2595,0
4665,2608,0
4662,2620,0
4652,2627,0
4640,2630,0
4624,2626,0
4613,2622,0
4601,2610,0
4595,2598,0
4594,2584,0
4601,2567,0
4613,2549,0
4629,2526,0
4651,2507,0
4672,2489,0
4693,2472,0
4712,2458,0
4728,2447,0
4745,2441,0
4749,2434,0
4759,2434,0
4759,2434,0
4755,2432,0
4755,2433,0
4750,2441,0
4746,2456,0
4742,2477,0
4740,2503,0
4742,2528,0
4747,2551,0
4754,2568,0
4762,2579,0
4770,2581,0
4784,2580,0
4794,2567,0
4806,2548,0
4819,2526,0
4824,2497,0
4832,2469,0
4835,2447,0
4842,2437,0
4843,2435,0
4842,2437,0
4845,2455,0
4847,2480,0
4849,2509,0
4852,2533,0
4857,2557,0
4866,2572,0
4873,2577,0
4887,2577,0
4899,2566,0
4915,2548,0
4932,2526,0
4947,2494,0
4965,2458,0
4975,2417,0
4987,2377,0
4993,2335,0
4997,2296,0
4997,2262,0
4993,2234,0
4989,2216,0
4986,2213,0
4980,2215,0
4974,2236,0
4973,2272,0
4970,2320,0
4970,2376,0
4972,2437,0
4968,2498,0
4974,2557,0
4970,2610,0
4969,2656,0
4963,2696,0
4964,2730,0
4958,2755,0
4959,2773,0
4954,2781,0
4953,2782,0
4953,2782,0
4953,2774,0
4956,2756,0
4960,2730,0
4970,2700,0
4980,2662,0
4990,2615,0
5005,2569,0
5019,2522,0
5039,2473,0
5061,2427,0
5079,2379,0
5096,2338,0
5113,2298,0
5123,2263,0
5133,2233,0
5142,2215,0
5143,2206,0
5139,2205,0
5137,2207,0
5128,2217,0
5113,2231,0
5105,2253,0
5092,2278,0
5079,2309,0
5069,2345,0
5062,2392,0
5059,2447,0
5057,2506,0
5056,2562,0
5056,2615,0
5059,2663,0
5058,2695,0
5058,2718,0
5057,2726,0
5057,2726,0
5052,2719,0
5054,2702,0
5049,2679,0
5051,2654,0
5047,2630,0
5049,2604,0
5053,2581,0
5057,2560,0
5071,2545,0
5079,2531,0
5091,2520,0
5108,2512,0
5130,2507,0
5149,2499,0
5163,2490,0
5183,2480,0
5197,2470,0
5204,2456,0
5212,2443,0
5217,2433,0
5216,2427,0
5218,2424,0
5209,2422,0
5203,2426,0
5191,2432,0
5184,2445,0
5178,2462,0
5177,2482,0
5178,2504,0
5185,2525,0
5195,2545,0
5209,2561,0
5231,2572,0
5248,2574,0
5267,2572,0
5281,2565,0
5296,2555,0
5308,2542,0
5316,2528,0
5326,2511,0
5330,2494,0
5330,2477,0
5332,2465,0
5328,2456,0
5325,2453,0
5316,2453,0
5312,2460,0
5311,2469,0
5313,2482,0
5319,2498,0
5327,2517,0
5327,2533,0
5332,2549,0
5332,2557,0
5335,2560,0
5332,2556,0
5334,2552,0
5330,2536,0
5327,2515,0
5327,2492,0
5325,2470,0
5321,2451,0
5324,2438,0
5327,2423,0
5338,2412,0
5347,2402,0
5361,2394,0
5373,2387,0
5385,2383,0
5398,2382,0
5408,2381,0
5417,2381,0
5422,2379,0
5428,2376,0
5433,2376,0
5437,2376,0
5437,2376,0
5434,2374,0
5429,2374,0
5428,2376,0
5423,2379,0
5417,2381,0
5414,2386,0
5419,2396,0
5427,2405,0
5432,2413,0
5440,2424,0
5451,2438,0
5462,2459,0
5467,2484,0
5475,2514,0
5474,2540,0
5469,2557,0
5464,2565,0
5458,2568,0
5439,2562,0
5429,2555,0
5415,2548,0
5401,2539,0
5392,2531,1
5750,2299,0
5766,2282,0
5775,2263,0
5783,2244,0
5783,2223,0
5786,2208,0
5787,2195,0
5783,2186,0
5781,2179,0
5781,2181,0
5770,2184,0
5759,2199,0
5749,2222,0
5738,2256,0
5730,2293,0
5726,2340,0
5721,2388,0
5718,2441,0
5716,2490,0
5718,2532,0
5721,2570,0
5721,2602,0
5722,2627,0
5725,2646,0
5721,2653,0
5721,2653,0
5718,2643,0
5716,2621,0
5709,2590,0
5704,2557,0
5706,2528,0
5711,2500,0
5718,2475,0
5733,2448,0
5751,2420,0
5767,2393,0
5791,2371,0
5815,2349,0
5836,2332,0
5847,2316,0
5863,2310,0
5873,2307,0
5877,2309,0
5873,2308,0
5875,2314,0
5867,2330,0
5858,2351,0
5853,2379,0
5851,2412,0
5842,2440,0
5841,2462,0
5839,2484,0
5844,2494,0
5841,2497,0
5841,2498,0
5839,2494,0
5843,2485,0
5841,2471,0
5839,2457,0
5839,2439,0
5838,2423,0
5840,2408,0
5845,2398,0
5851,2386,0
5858,2379,0
5870,2371,0
5880,2362,0
5893,2350,0
5907,2338,0
5919,2324,0
5936,2312,0
5950,2301,0
5970,2295,0
5986,2287,0
6002,2283,0
6020,2280,0
6033,2282,0
6047,2287,0
6056,2298,0
6064,2310,0
6071,2326,0
6068,2343,0
6061,2367,0
6051,2389,0
6040,2413,0
6025,2437,0
6013,2454,0
5996,2462,0
5982,2464,0
5972,2458,0
5960,2446,0
5955,2426,0
5957,2403,0
5967,2380,0
5979,2354,0
5996,2328,0
6019,2304,0
6041,2284,0
6063,2272,0
6083,2268,0
6099,2270,0
6112,2277,0
6124,2292,0
6131,2307,0
6140,2326,0
6141,2343,0
6143,2359,0
6145,2373,0
6142,2381,0
6147,2381,0
6151,2381,0
6152,2369,0
6159,2352,0
6172,2334,0
6180,2313,0
6193,2294,0
6201,2282,0
6214,2275,0
6222,2275,0
6232,2284,0
6232,2304,0
6239,2328,0
6245,2355,0
6248,2379,0
6251,2393,0
6250,2394,0
6256,2391,0
6259,2372,0
6266,2347,0
6268,2321,0
6273,2299,0
6283,2285,0
6290,2276,0
6299,2277,0
6310,2292,0
6323,2314,0
6336,2343,0
6341,2374,0
6349,2407,0
6357,2430,0
6360,2443,0
6367,2446,0
6372,2444,0
6377,2433,0
6385,2425,1
6631,2273,0
6635,2273,0
6645,2270,0
6651,2265,0
6651,2253,0
6654,2244,0
6656,2240,0
6657,2239,0
6653,2237,0
6650,2236,0
6638,2233,0
6624,2235,0
6610,2238,0
6594,2247,0
6581,2260,0
6566,2276,0
6556,2292,0
6548,2311,0
6546,2326,0
6551,2336,0
6554,2340,0
6560,2344,0
6575,2342,0
6584,2340,0
6592,2330,0
6604,2321,0
6616,2302,0
6624,2280,0
6633,2259,0
6637,2246,0
6639,2240,0
6643,2241,0
6642,2246,0
6649,2260,0
6654,2280,0
6659,2304,0
6667,2335,0
6681,2367,0
6693,2399,0
6705,2426,0
6717,2447,0
6723,2466,0
6724,2485,0
6718,2499,0
6712,2525,1