The man could hardly make
384
1199,863,0
1199,875,0
1208,902,0
1206,936,0
1201,984,0
1192,1047,0
1181,1112,0
1179,1180,0
1174,1229,0
1177,1257,0
1177,1261,0
1181,1264,0
1186,1268,1
1134,920,1
1117,921,0
1120,921,0
1122,916,0
1130,908,0
1160,909,0
1195,908,0
1233,914,0
1274,921,1
1333,869,0
1336,868,0
1339,884,0
1350,931,0
1357,1001,0
1353,1065,0
1357,1114,0
1363,1141,0
1370,1151,0
1380,1153,0
1388,1138,0
1404,1111,0
1416,1090,0
1427,1090,0
1432,1093,0
1438,1107,0
1438,1134,0
1435,1169,0
1430,1208,0
1425,1240,0
1422,1257,1
1500,1168,0
1500,1172,0
1500,1177,0
1496,1184,0
1510,1195,0
1522,1199,0
1540,1195,0
1565,1183,0
1585,1160,0
1587,1141,0
1594,1133,0
1578,1119,0
1561,1119,0
1534,1136,0
1505,1166,0
1486,1200,0
1485,1222,0
1503,1237,0
1533,1237,0
1573,1233,0
1622,1230,1
2078,1022,0
2022,1135,0
2021,1174,0
2025,1208,0
2037,1218,0
2046,1216,0
2058,1199,0
2079,1167,0
2103,1131,0
2124,1103,0
2139,1091,0
2145,1097,0
2148,1112,0
2143,1135,0
2142,1166,0
2139,1192,0
2145,1204,0
2150,1204,0
2159,1199,0
2172,1181,0
2188,1169,0
2196,1165,0
2203,1164,0
2207,1165,0
2210,1169,0
2210,1179,0
2214,1200,0
2212,1220,0
2214,1235,0
2221,1245,0
2229,1249,1
2385,1150,0
2381,1142,0
2369,1138,0
2345,1143,0
2304,1188,0
2305,1218,0
2313,1240,0
2331,1242,0
2359,1227,0
2388,1199,0
2408,1165,0
2417,1148,0
2416,1149,0
2412,1160,0
2403,1192,0
2394,1223,0
2393,1250,0
2400,1272,0
2409,1281,0
2415,1278,1
2504,1163,0
2504,1163,0
2504,1163,0
2505,1176,0
2512,1207,0
2521,1235,0
2543,1240,0
2564,1224,0
2590,1194,0
2611,1169,0
2621,1162,0
2619,1164,0
2621,1176,0
2615,1199,0
2609,1229,0
2598,1253,0
2602,1267,1
3073,1141,1
3008,1163,0
2984,1184,0
2977,1228,0
2963,1276,0
2965,1297,0
2993,1298,0
3033,1278,0
3079,1249,1
3269,1138,0
3259,1139,0
3241,1148,0
3219,1167,0
3206,1194,0
3211,1239,0
3213,1280,0
3240,1297,0
3265,1284,0
3296,1249,0
3320,1199,0
3332,1163,0
3325,1148,0
3315,1141,0
3298,1141,0
3292,1153,0
3293,1170,1
3399,1148,0
3397,1144,0
3392,1145,0
3387,1153,0
3377,1179,0
3375,1223,0
3386,1264,0
3407,1276,0
3427,1261,0
3452,1228,0
3479,1187,0
3495,1146,0
3495,1112,1
3582,966,0
3578,962,0
3578,962,0
3578,975,0
3573,1015,0
3559,1081,0
3554,1151,0
3544,1204,0
3535,1237,0
3535,1257,0
3537,1262,0
3538,1259,0
3551,1252,1
3676,1109,0
3671,1110,0
3662,1124,0
3641,1159,0
3636,1213,0
3633,1251,0
3649,1245,0
3665,1215,0
3691,1161,0
3715,1094,0
3730,1027,0
3733,976,0
3728,952,1
4007,1025,0
3996,1059,0
3988,1126,0
3998,1196,0
4008,1227,0
4024,1230,0
4040,1220,0
4063,1192,0
4085,1163,0
4097,1153,0
4108,1157,0
4109,1167,0
4106,1185,0
4100,1204,0
4095,1220,0
4094,1236,0
4095,1245,1
4234,1172,0
4230,1158,0
4220,1146,0
4214,1141,0
4200,1143,0
4188,1158,0
4184,1182,0
4184,1208,0
4196,1222,0
4208,1225,0
4214,1219,0
4223,1204,0
4232,1177,0
4243,1155,0
4249,1150,0
4254,1160,0
4254,1184,0
4251,1209,0
4257,1230,0
4265,1243,0
4268,1246,1
4331,1143,0
4330,1144,0
4332,1152,0
4331,1181,0
4333,1216,0
4336,1233,0
4350,1229,0
4370,1206,0
4388,1172,0
4402,1154,0
4405,1147,0
4408,1148,0
4414,1155,1
4518,1143,0
4512,1135,0
4504,1134,0
4493,1143,0
4485,1170,0
4479,1204,0
4485,1228,0
4500,1230,0
4523,1210,0
4541,1177,0
4553,1139,0
4567,1096,0
4572,1050,0
4565,1009,0
4565,992,0
4559,1001,0
4548,1030,1
4630,961,0
4634,963,0
4629,982,0
4628,1020,0
4616,1073,0
4601,1126,0
4595,1163,0
4595,1177,0
4595,1179,1
4654,1115,0
4658,1114,0
4659,1114,0
4652,1125,0
4654,1148,0
4664,1170,0
4676,1187,0
4694,1197,0
4718,1199,0
4745,1192,0
4765,1177,0
4796,1158,0
4813,1139,1
4806,1119,0
4794,1119,0
4784,1124,0
4769,1136,0
4748,1166,0
4722,1213,0
4690,1269,0
4666,1317,1
5084,1114,0
5087,1114,0
5086,1119,0
5081,1141,0
5081,1172,0
5085,1192,0
5096,1197,0
5114,1190,0
5137,1164,0
5166,1131,0
5191,1110,0
5200,1107,0
5206,1117,0
5202,1135,0
5190,1166,0
5187,1194,0
5184,1206,0
5192,1208,0
5202,1199,0
5224,1176,0
5242,1154,0
5265,1142,0
5280,1131,0
5297,1127,0
5306,1128,0
5309,1134,0
5308,1153,0
5298,1179,0
5308,1207,1
5445,1149,0
5446,1141,0
5438,1138,0
5421,1143,0
5400,1161,0
5387,1186,0
5384,1213,0
5390,1225,0
5402,1225,0
5422,1210,0
5441,1184,0
5453,1165,0
5463,1158,0
5463,1158,0
5465,1169,0
5464,1188,0
5467,1210,1
5581,1026,0
5573,1045,0
5561,1081,0
5543,1129,0
5535,1165,0
5545,1177,0
5558,1173,0
5586,1158,0
5617,1146,0
5634,1145,0
5645,1150,0
5656,1159,0
5657,1169,0
5655,1178,0
5657,1192,0
5658,1203,0
5660,1209,1
5628,1170,0
5625,1165,0
5626,1162,0
5636,1150,0
5667,1126,0
5702,1109,0
5746,1097,0
5768,1090,0
5780,1090,1
5737,1179,0
5753,1180,0
5777,1180,0
5800,1172,0
5836,1155,0
5865,1135,0
5876,1117,0
5875,1107,0
5863,1102,0
5834,1102,0
5795,1116,0
5761,1144,0
5750,1178,0
5768,1206,0
5798,1218,0
5848,1214,0
5907,1203,1