states:
263
781,5840,0
780,5841,0
774,5844,0
765,5840,0
752,5843,0
734,5846,0
711,5856,0
685,5870,0
661,5889,0
644,5911,0
634,5935,0
634,5951,0
643,5964,0
654,5981,0
673,5990,0
695,6008,0
720,6021,0
738,6042,0
754,6059,0
778,6085,0
781,6089,0
779,6100,0
774,6112,0
761,6116,0
740,6126,0
714,6133,0
680,6138,0
644,6153,0
611,6158,0
584,6168,0
571,6171,0
570,6171,0
571,6171,0
586,6164,0
605,6154,0
632,6136,1
837,5687,0
841,5695,0
845,5699,0
843,5711,0
843,5727,0
838,5747,0
837,5775,0
835,5807,0
837,5847,0
841,5887,0
844,5923,0
852,5960,0
859,5992,0
865,6020,0
873,6073,0
875,6092,0
875,6109,0
877,6109,0
874,6104,0
875,6104,1
814,5962,0
805,5954,0
799,5953,0
794,5950,0
796,5950,0
797,5945,0
809,5942,0
824,5943,0
846,5943,0
873,5945,0
900,5942,0
930,5938,0
955,5931,0
977,5927,0
996,5923,0
1013,5920,0
1027,5916,1
1053,5920,0
1052,5923,0
1049,5923,0
1036,5920,0
1023,5916,0
1006,5916,0
991,5923,0
979,5928,0
971,5931,0
967,5943,0
967,5955,0
967,5972,0
971,5984,0
974,5995,0
978,6015,0
982,6032,0
991,6043,0
998,6059,0
1010,6068,0
1025,6080,0
1037,6080,0
1047,6080,0
1057,6080,0
1065,6072,0
1074,6064,0
1076,6052,0
1081,6032,0
1081,6012,0
1082,6000,0
1082,5988,0
1082,5976,0
1078,5968,0
1077,5968,0
1072,5969,0
1074,5972,0
1073,5972,0
1076,5976,0
1078,5988,0
1084,6001,0
1091,6020,0
1101,6040,0
1108,6064,0
1118,6092,0
1126,6116,0
1131,6140,0
1136,6155,0
1140,6168,0
1145,6172,0
1150,6172,0
1158,6160,0
1170,6136,0
1186,6115,1
1258,5709,0
1254,5721,0
1251,5733,0
1242,5754,0
1236,5774,0
1228,5802,0
1218,5831,0
1212,5867,0
1209,5906,0
1211,5946,0
1218,5978,0
1228,6006,0
1242,6034,0
1254,6054,0
1271,6065,0
1290,6072,0
1312,6079,0
1338,6075,0
1366,6078,0
1385,6076,0
1397,6080,0
1399,6084,0
1399,6084,0
1395,6084,0
1397,6080,1
1138,5940,0
1139,5940,0
1142,5940,0
1148,5936,0
1162,5935,0
1179,5932,0
1199,5931,0
1223,5926,0
1248,5921,0
1274,5921,0
1298,5924,0
1315,5923,0
1331,5926,0
1344,5926,0
1356,5930,0
1366,5933,0
1374,5933,1
1461,6000,0
1467,6007,0
1477,6010,0
1486,6014,0
1500,6017,0
1515,6016,0
1535,6015,0
1555,6017,0
1570,6008,0
1582,6007,0
1589,5998,0
1591,5994,0
1588,5986,0
1584,5979,0
1576,5971,0
1565,5964,0
1550,5957,0
1533,5959,0
1514,5960,0
1494,5969,0
1476,5983,0
1458,5996,0
1446,6013,0
1434,6030,0
1432,6046,0
1436,6061,0
1450,6077,0
1476,6087,0
1503,6093,0
1537,6099,0
1573,6096,0
1604,6092,0
1633,6091,0
1654,6084,0
1669,6079,0
1676,6075,0
1681,6069,1
1842,5906,0
1841,5906,0
1837,5906,0
1824,5904,0
1804,5911,0
1780,5914,0
1759,5924,0
1743,5938,0
1739,5951,0
1744,5962,0
1760,5981,0
1785,5994,0
1814,6010,0
1842,6023,0
1865,6035,0
1879,6050,0
1882,6066,0
1881,6082,0
1865,6100,0
1838,6116,0
1808,6124,0
1777,6132,0
1749,6135,0
1736,6132,0
1729,6129,0
1732,6125,0
1735,6116,0
1747,6111,0
1764,6101,1
1961,6090,0
1964,6095,0
1968,6098,0
1964,6095,0
1963,6095,0
1962,6091,0
1964,6090,0
1964,6090,0
1964,6090,0
1964,6090,0
1966,6095,0
1965,6094,0
1966,6095,1
1976,5926,0
1976,5931,0
1972,5931,0
1971,5931,0
1970,5928,0
1970,5928,0
1973,5932,0
1972,5927,0
1971,5928,0
1971,5928,0
1969,5928,0
1966,5928,0
1966,5928,0
1968,5933,0
1966,5933,0
1968,5928,0
1968,5933,1