the industry has won success
758
521,4154,0
521,4153,0
520,4154,0
517,4165,0
506,4176,0
493,4202,0
477,4228,0
463,4262,0
451,4297,0
444,4328,0
443,4369,0
448,4398,0
462,4415,0
478,4430,0
508,4435,0
535,4438,0
568,4442,0
600,4437,0
629,4433,0
652,4427,0
668,4429,0
675,4425,0
678,4426,0
678,4425,0
677,4425,0
675,4425,0
673,4421,0
668,4409,0
658,4387,1
402,4330,0
401,4329,0
402,4326,0
411,4315,0
428,4309,0
451,4309,0
482,4305,0
512,4306,0
542,4302,0
569,4305,0
591,4304,0
609,4298,0
622,4287,1
670,4099,0
673,4092,0
680,4100,0
683,4121,0
683,4145,0
687,4185,0
690,4225,0
692,4270,0
692,4314,0
690,4355,0
685,4394,0
682,4426,0
680,4437,0
679,4442,0
680,4438,0
683,4430,0
693,4403,0
705,4367,0
718,4340,0
731,4314,0
749,4295,0
761,4276,0
762,4276,0
766,4281,0
769,4301,0
769,4321,0
768,4352,0
768,4381,0
769,4409,0
774,4430,0
784,4434,0
798,4431,0
820,4425,0
842,4406,0
869,4387,0
888,4368,0
902,4349,0
913,4333,0
921,4317,0
926,4306,0
929,4297,0
929,4297,0
926,4294,0
921,4290,0
914,4285,0
909,4285,0
904,4288,0
900,4293,0
890,4300,0
879,4324,0
871,4343,0
868,4367,0
878,4396,0
902,4417,0
933,4430,0
966,4443,0
1000,4456,0
1032,4456,0
1058,4460,0
1077,4456,0
1090,4452,0
1100,4456,0
1107,4456,0
1111,4452,0
1114,4449,1
1360,4243,0
1359,4246,0
1360,4247,0
1360,4246,0
1360,4251,0
1360,4251,0
1359,4251,0
1359,4255,0
1359,4270,0
1358,4287,0
1358,4307,0
1356,4340,0
1356,4372,0
1355,4408,0
1351,4439,0
1348,4472,0
1348,4496,0
1346,4508,0
1349,4508,0
1351,4500,0
1360,4476,1
1412,4046,0
1412,4042,0
1414,4041,0
1415,4042,0
1414,4042,0
1414,4046,0
1412,4042,0
1416,4054,0
1420,4070,1
1467,4282,0
1467,4282,0
1468,4286,0
1470,4298,0
1472,4310,0
1474,4326,0
1475,4350,0
1474,4370,0
1475,4398,0
1474,4418,0
1474,4430,0
1474,4434,0
1472,4435,0
1474,4430,0
1474,4427,0
1474,4402,0
1479,4377,0
1490,4352,0
1503,4327,0
1515,4297,0
1527,4280,0
1540,4270,0
1553,4269,0
1566,4275,0
1580,4290,0
1589,4309,0
1594,4337,0
1596,4373,0
1597,4409,0
1597,4433,0
1603,4452,0
1611,4460,0
1626,4462,1
1808,4338,0
1816,4340,0
1816,4336,0
1812,4336,0
1803,4338,0
1789,4333,0
1774,4335,0
1758,4341,0
1735,4345,0
1715,4361,0
1701,4367,0
1694,4384,0
1693,4396,0
1698,4411,0
1708,4426,0
1724,4440,0
1739,4446,0
1756,4447,0
1772,4444,0
1787,4438,0
1803,4432,0
1813,4413,0
1823,4392,0
1830,4358,0
1837,4320,0
1843,4278,0
1852,4244,0
1857,4203,0
1865,4168,0
1868,4139,0
1871,4118,0
1870,4106,0
1869,4110,0
1867,4106,0
1863,4120,0
1857,4145,0
1854,4174,0
1854,4220,0
1857,4272,0
1860,4324,0
1866,4376,0
1874,4423,0
1881,4454,0
1889,4477,0
1897,4488,0
1902,4487,0
1906,4482,0
1911,4468,0
1913,4440,0
1918,4410,0
1924,4380,0
1929,4347,0
1935,4317,0
1937,4288,0
1938,4275,0
1940,4275,0
1937,4272,0
1936,4280,0
1934,4301,0
1935,4333,0
1937,4365,0
1945,4401,0
1956,4427,0
1968,4445,0
1977,4447,0
1986,4445,0
1997,4435,0
2014,4423,0
2024,4392,0
2034,4365,0
2036,4344,0
2038,4332,0
2035,4320,0
2034,4320,0
2031,4317,0
2031,4321,0
2032,4328,0
2037,4348,0
2046,4374,0
2055,4397,0
2067,4423,0
2082,4444,0
2096,4466,0
2107,4480,0
2123,4497,1
2260,4328,0
2261,4328,0
2258,4325,0
2251,4322,0
2238,4318,0
2226,4321,0
2210,4326,0
2193,4326,0
2180,4338,0
2172,4344,0
2172,4348,0
2181,4358,0
2194,4367,0
2212,4374,0
2234,4389,0
2253,4405,0
2263,4415,0
2264,4430,0
2256,4450,0
2236,4463,0
2215,4469,0
2200,4477,0
2187,4472,0
2178,4471,0
2173,4463,0
2169,4452,0
2168,4444,0
2170,4435,0
2177,4425,1
2329,4149,0
2328,4154,0
2333,4169,0
2338,4193,0
2343,4224,0
2346,4256,0
2350,4297,0
2353,4343,0
2356,4388,0
2355,4422,0
2356,4450,0
2360,4478,0
2363,4490,0
2365,4493,0
2369,4497,0
2367,4488,0
2362,4473,1
2294,4394,0
2285,4384,0
2284,4379,0
2283,4372,0
2287,4370,0
2297,4364,0
2313,4363,0
2331,4362,0
2355,4367,0
2376,4369,0
2400,4378,0
2422,4388,0
2444,4406,0
2459,4418,0
2475,4438,0
2484,4452,0
2491,4471,0
2490,4475,0
2488,4476,0
2487,4476,0
2484,4469,0
2478,4454,0
2474,4434,0
2471,4410,0
2473,4384,0
2474,4363,0
2477,4345,0
2481,4331,0
2487,4325,0
2492,4319,0
2502,4320,0
2515,4328,0
2526,4345,0
2538,4367,0
2550,4392,0
2563,4417,0
2572,4430,0
2579,4437,0
2584,4439,0
2592,4440,1
2688,4371,0
2695,4360,0
2705,4361,0
2704,4357,0
2704,4357,0
2702,4357,0
2706,4365,0
2705,4361,0
2716,4365,0
2725,4361,0
2734,4353,0
2738,4343,0
2743,4345,0
2741,4342,0
2743,4346,0
2738,4343,0
2738,4348,0
2738,4348,0
2741,4351,0
2741,4351,0
2741,4350,0
2741,4350,0
2747,4362,0
2750,4369,0
2755,4384,0
2759,4399,0
2765,4415,0
2774,4432,0
2782,4447,0
2786,4449,0
2792,4455,0
2797,4457,0
2803,4459,0
2806,4454,0
2815,4455,0
2821,4443,0
2837,4437,0
2850,4418,0
2866,4403,0
2881,4379,0
2893,4357,0
2902,4336,0
2908,4319,0
2910,4310,0
2912,4314,0
2907,4311,0
2910,4323,0
2900,4340,0
2888,4372,0
2867,4407,0
2840,4457,0
2805,4514,0
2777,4572,0
2755,4620,0
2741,4654,0
2738,4673,1
3163,4126,0
3163,4135,0
3162,4149,0
3162,4167,0
3159,4191,0
3156,4215,0
3153,4248,0
3156,4291,0
3156,4332,0
3158,4371,0
3158,4393,0
3157,4403,0
3158,4406,0
3161,4404,0
3174,4390,0
3190,4364,0
3206,4338,0
3223,4316,0
3228,4295,0
3239,4294,0
3250,4301,0
3262,4321,0
3269,4350,0
3274,4384,0
3278,4422,0
3279,4454,0
3282,4478,0
3291,4496,0
3300,4496,1
3477,4364,0
3493,4350,0
3496,4334,0
3493,4323,0
3481,4310,0
3472,4307,0
3452,4299,0
3434,4297,0
3414,4298,0
3395,4309,0
3371,4327,0
3353,4351,0
3335,4369,0
3335,4391,0
3334,4402,0
3357,4426,0
3367,4425,0
3390,4431,0
3409,4425,0
3428,4414,0
3445,4396,0
3463,4381,0
3472,4362,0
3479,4353,0
3476,4347,0
3477,4350,0
3474,4351,0
3477,4364,0
3480,4385,0
3486,4405,0
3501,4434,0
3513,4454,0
3525,4470,0
3536,4482,0
3545,4487,0
3554,4491,0
3561,4486,0
3569,4477,0
3584,4463,0
3595,4439,1
3692,4304,0
3691,4301,0
3693,4304,0
3680,4298,0
3663,4299,0
3641,4304,0
3619,4317,0
3591,4329,0
3575,4348,0
3568,4362,0
3572,4374,0
3580,4383,0
3600,4394,0
3624,4403,0
3653,4413,0
3667,4419,0
3683,4438,0
3677,4436,0
3671,4444,0
3653,4455,0
3634,4467,0
3609,4472,0
3592,4478,0
3573,4474,0
3573,4479,1
3940,4260,0
3943,4263,0
3939,4261,0
3935,4263,0
3930,4268,0
3921,4278,0
3916,4301,0
3903,4320,0
3904,4352,0
3904,4377,0
3913,4405,0
3916,4417,0
3933,4434,0
3937,4427,0
3954,4430,0
3968,4420,0
3981,4397,0
3995,4368,0
4015,4350,0
4029,4329,0
4029,4309,0
4035,4311,0
4030,4309,0
4027,4307,0
4031,4324,0
4029,4343,0
4036,4369,0
4041,4389,0
4060,4410,0
4074,4415,0
4097,4418,0
4116,4410,0
4143,4396,0
4161,4373,0
4173,4348,0
4179,4324,0
4172,4299,0
4167,4284,0
4157,4270,0
4145,4260,0
4135,4252,1
4246,4294,0
4253,4294,0
4254,4293,0
4258,4300,0
4254,4308,0
4242,4312,0
4230,4326,0
4217,4341,0
4205,4360,0
4192,4374,0
4191,4390,0
4198,4405,0
4211,4420,0
4230,4431,0
4246,4434,0
4268,4437,0
4286,4429,0
4299,4404,0
4319,4379,0
4328,4346,0
4336,4320,0
4335,4295,0
4325,4278,0
4310,4269,0
4292,4269,0
4268,4272,0
4250,4291,0
4233,4314,0
4222,4342,1
4382,4324,0
4384,4323,0
4383,4324,0
4383,4329,0
4379,4331,0
4379,4343,0
4379,4357,0
4384,4379,0
4389,4395,0
4392,4408,0
4391,4409,0
4391,4409,0
4389,4406,0
4387,4391,0
4383,4365,0
4391,4338,0
4398,4307,0
4413,4285,0
4429,4266,0
4443,4255,0
4461,4256,0
4474,4255,0
4496,4268,0
4515,4289,0
4526,4316,0
4532,4352,0
4530,4386,0
4531,4415,0
4537,4441,1
4999,4257,0
5000,4256,0
4997,4254,0
4988,4251,0
4965,4252,0
4949,4256,0
4929,4263,0
4915,4304,0
4940,4319,0
4966,4338,0
4991,4359,0
5031,4409,0
5033,4430,0
5027,4446,0
5007,4459,0
4980,4462,0
4949,4463,0
4917,4454,0
4888,4442,0
4869,4427,0
4856,4412,0
4853,4403,1
5079,4264,0
5079,4264,0
5084,4270,0
5086,4280,0
5084,4287,0
5086,4302,0
5083,4316,0
5086,4336,0
5091,4357,0
5096,4375,0
5111,4394,0
5125,4408,0
5142,4420,0
5161,4424,0
5177,4420,0
5187,4410,0
5201,4396,0
5213,4379,0
5220,4356,0
5224,4336,0
5222,4314,0
5216,4298,0
5214,4288,0
5210,4281,0
5214,4278,1
5388,4304,0
5378,4304,0
5363,4302,0
5339,4303,0
5313,4312,0
5291,4325,0
5270,4345,0
5257,4365,0
5257,4386,0
5267,4406,0
5284,4422,0
5307,4433,0
5339,4440,0
5368,4439,0
5399,4437,0
5419,4427,0
5441,4417,1
5564,4292,0
5564,4292,0
5561,4290,0
5560,4290,0
5549,4292,0
5528,4297,0
5506,4313,0
5480,4329,0
5465,4351,0
5458,4370,0
5459,4387,0
5477,4403,0
5496,4410,0
5527,4414,0
5559,4415,0
5589,4413,0
5611,4406,0
5634,4406,0
5641,4397,0
5652,4398,0
5656,4394,1
5700,4362,0
5698,4366,0
5697,4367,0
5698,4372,0
5700,4375,0
5714,4377,0
5731,4377,0
5751,4372,0
5774,4365,0
5791,4352,0
5803,4339,0
5810,4324,0
5813,4309,0
5805,4292,0
5793,4283,0
5774,4274,0
5747,4280,0
5716,4292,0
5689,4315,0
5668,4345,0
5656,4375,0
5661,4406,0
5669,4426,0
5697,4444,0
5726,4454,0
5766,4456,0
5801,4454,0
5839,4449,0
5865,4437,1
6023,4291,0
6036,4288,0
6044,4285,0
6048,4286,0
6044,4285,0
6027,4285,0
6015,4294,0
6003,4302,0
5998,4313,0
5996,4322,0
6001,4336,0
6013,4347,0
6029,4357,0
6057,4374,0
6071,4384,0
6079,4398,0
6080,4410,0
6067,4424,0
6040,4431,0
6015,4442,0
5991,4452,0
5964,4457,0
5945,4461,0
5935,4461,0
5932,4459,0
5934,4455,0
5947,4446,0
5966,4432,0
5999,4418,1
6215,4283,0
6218,4273,0
6215,4263,0
6206,4256,0
6198,4253,0
6186,4249,0
6184,4257,0
6178,4265,0
6177,4278,0
6188,4297,0
6200,4315,0
6214,4329,0
6237,4344,0
6262,4359,0
6279,4369,0
6288,4379,0
6290,4381,0
6281,4392,0
6264,4401,0
6248,4407,0
6227,4413,0
6213,4420,0
6186,4426,0
6165,4432,0
6143,4434,1