Polythene # film has certain characteristics
1060
996,2408,0
993,2415,0
991,2423,0
988,2434,0
987,2463,0
986,2487,0
987,2523,0
987,2551,0
989,2583,0
989,2603,0
989,2619,0
988,2627,0
988,2631,1
1020,2376,0
1025,2372,0
1033,2376,0
1040,2372,0
1051,2373,0
1064,2377,0
1078,2377,0
1093,2381,0
1106,2388,0
1118,2400,0
1124,2408,0
1126,2416,0
1127,2432,0
1120,2445,0
1108,2453,0
1093,2465,0
1076,2473,0
1057,2477,0
1042,2485,0
1027,2480,0
1020,2484,0
1016,2480,0
1014,2476,0
1014,2468,0
1018,2468,1
1162,2495,0
1153,2504,0
1148,2524,0
1143,2540,0
1143,2560,0
1146,2576,0
1155,2587,0
1165,2591,0
1178,2591,0
1191,2582,0
1203,2573,0
1213,2557,0
1220,2545,0
1222,2528,0
1218,2512,0
1213,2501,0
1208,2493,0
1203,2490,0
1202,2493,0
1199,2490,0
1197,2490,1
1279,2392,0
1279,2396,0
1283,2415,0
1285,2436,0
1286,2459,0
1285,2484,0
1286,2511,0
1286,2528,0
1290,2536,1
1348,2493,0
1349,2493,0
1354,2501,0
1360,2504,0
1369,2511,1
1456,2478,0
1457,2487,0
1455,2498,0
1451,2520,0
1443,2545,0
1430,2567,0
1421,2597,0
1409,2615,0
1404,2635,1
1527,2404,0
1524,2425,0
1522,2446,0
1519,2468,0
1515,2484,1
1510,2481,0
1513,2480,0
1520,2480,0
1529,2478,0
1537,2472,1
1627,2369,0
1626,2370,0
1625,2379,0
1623,2391,0
1621,2412,0
1616,2429,0
1614,2456,0
1610,2477,0
1609,2502,0
1605,2514,0
1605,2527,0
1604,2531,0
1604,2531,0
1607,2530,0
1614,2521,0
1625,2506,0
1632,2487,0
1645,2484,0
1652,2474,0
1661,2473,0
1671,2478,0
1678,2481,0
1689,2495,0
1692,2494,0
1701,2499,0
1713,2504,0
1726,2505,0
1736,2498,0
1745,2487,0
1755,2476,0
1761,2458,0
1764,2444,0
1763,2437,0
1760,2433,0
1756,2434,0
1752,2444,0
1746,2453,0
1743,2467,0
1742,2480,0
1746,2491,0
1754,2497,0
1762,2499,0
1775,2499,0
1788,2492,0
1802,2483,0
1817,2473,0
1833,2465,0
1844,2452,0
1854,2441,0
1859,2430,0
1863,2429,0
1861,2425,0
1862,2429,0
1859,2434,0
1853,2445,0
1848,2463,0
1840,2479,0
1834,2493,0
1830,2499,0
1827,2500,0
1828,2499,0
1830,2499,0
1836,2489,0
1846,2477,0
1859,2460,0
1872,2446,0
1888,2441,0
1900,2437,0
1913,2441,0
1923,2446,0
1933,2455,0
1944,2463,0
1954,2468,0
1964,2473,0
1975,2473,0
1986,2468,0
2000,2463,0
2014,2453,0
2024,2440,0
2034,2427,0
2035,2414,0
2033,2410,0
2026,2413,0
2020,2425,0
2008,2434,0
2003,2449,0
2007,2461,0
2018,2469,0
2034,2471,1
2246,2330,0
2245,2335,0
2247,2353,0
2248,2374,0
2239,2388,0
2241,2414,0
2236,2430,0
2231,2442,0
2227,2448,0
2229,2452,0
2231,2455,0
2236,2457,0
2239,2442,0
2252,2432,0
2263,2416,0
2283,2410,0
2294,2399,0
2307,2398,0
2310,2391,0
2326,2400,0
2328,2400,0
2328,2403,0
2331,2416,0
2323,2425,0
2316,2438,0
2304,2449,0
2294,2459,0
2279,2467,0
2265,2473,0
2251,2477,0
2241,2482,0
2233,2482,0
2231,2482,1
2420,2388,0
2414,2387,0
2410,2389,0
2401,2394,0
2388,2401,0
2381,2420,0
2374,2438,0
2370,2453,0
2371,2463,0
2371,2466,0
2378,2468,0
2386,2463,0
2400,2455,0
2411,2439,0
2425,2427,0
2434,2412,0
2441,2403,0
2441,2398,0
2441,2398,0
2442,2403,0
2442,2417,0
2444,2429,0
2448,2441,0
2452,2448,0
2461,2452,1
2555,2397,0
2553,2393,0
2548,2387,0
2540,2382,0
2533,2383,0
2526,2387,0
2520,2401,0
2515,2419,0
2511,2430,0
2511,2439,0
2519,2449,0
2526,2449,0
2536,2444,0
2548,2436,0
2558,2424,0
2569,2412,0
2581,2404,0
2584,2397,0
2586,2396,0
2588,2400,0
2590,2412,0
2591,2431,0
2586,2448,0
2582,2470,0
2571,2492,0
2561,2513,0
2545,2528,0
2531,2540,0
2518,2548,0
2509,2554,0
2497,2552,0
2486,2548,0
2473,2538,0
2466,2533,0
2467,2532,0
2469,2526,0
2476,2517,1
2668,2368,0
2670,2371,0
2675,2377,0
2672,2379,0
2668,2387,0
2667,2398,0
2662,2406,0
2668,2421,0
2677,2435,0
2682,2441,0
2689,2446,0
2692,2449,0
2695,2451,0
2696,2456,0
2690,2460,0
2678,2458,0
2663,2458,0
2651,2458,0
2636,2453,0
2620,2450,0
2615,2453,1
2222,2388,0
2217,2409,0
2209,2431,0
2205,2455,0
2200,2475,0
2199,2489,0
2200,2497,0
2198,2498,0
2201,2497,0
2206,2486,0
2216,2472,0
2227,2462,0
2241,2455,0
2253,2444,0
2272,2439,0
2295,2431,0
2321,2422,0
2351,2415,0
2381,2406,0
2414,2401,0
2449,2393,0
2490,2392,0
2528,2391,0
2562,2388,0
2599,2391,0
2631,2393,0
2662,2396,0
2688,2398,0
2716,2402,0
2738,2405,0
2755,2408,0
2766,2410,0
2777,2411,1
2811,2330,0
2810,2346,0
2808,2368,0
2811,2396,0
2812,2425,0
2810,2452,0
2813,2484,0
2814,2509,0
2818,2530,0
2824,2545,0
2834,2558,0
2842,2563,0
2850,2562,1
2979,2276,0
2976,2279,0
2963,2279,0
2957,2289,0
2946,2299,0
2934,2316,0
2934,2342,0
2923,2362,0
2918,2386,0
2916,2414,0
2917,2439,0
2921,2461,0
2927,2482,0
2936,2501,0
2941,2512,0
2948,2521,0
2954,2527,0
2958,2528,0
2958,2525,0
2958,2519,0
2956,2505,1
2900,2437,0
2896,2435,0
2896,2435,0
2897,2434,0
2902,2436,0
2913,2437,0
2923,2434,0
2937,2432,0
2953,2431,0
2967,2429,0
2982,2427,0
2996,2426,0
3011,2424,1
3112,2393,0
3114,2397,0
3113,2402,0
3116,2410,0
3118,2420,0
3120,2429,0
3121,2438,0
3123,2447,0
3123,2453,1
3112,2294,0
3112,2294,0
3111,2295,0
3112,2300,0
3117,2306,1
3209,2283,0
3211,2293,0
3209,2306,0
3203,2318,0
3205,2338,0
3202,2357,0
3199,2376,0
3202,2397,0
3202,2412,0
3203,2422,0
3210,2432,0
3216,2438,0
3217,2437,1
3296,2349,0
3296,2355,0
3293,2364,0
3291,2376,0
3288,2391,0
3288,2408,0
3283,2419,0
3280,2426,0
3281,2431,0
3277,2429,0
3279,2427,0
3282,2424,0
3285,2411,0
3288,2396,0
3293,2380,0
3300,2368,0
3307,2355,0
3311,2344,0
3322,2339,0
3332,2335,0
3337,2330,0
3346,2332,0
3354,2335,0
3360,2340,0
3364,2347,0
3366,2357,0
3365,2369,0
3367,2384,0
3365,2398,0
3364,2411,0
3361,2420,0
3362,2425,0
3365,2427,0
3363,2424,0
3365,2422,0
3370,2416,0
3374,2400,0
3380,2382,0
3391,2366,0
3402,2348,0
3414,2335,0
3427,2327,0
3440,2323,0
3451,2324,0
3460,2327,0
3465,2333,0
3471,2344,0
3474,2357,0
3477,2373,0
3479,2388,0
3482,2403,0
3483,2414,0
3484,2419,1
3608,2246,0
3607,2260,0
3603,2278,0
3595,2293,0
3593,2308,0
3586,2322,0
3586,2340,0
3580,2354,0
3583,2369,0
3582,2376,0
3580,2377,0
3585,2379,0
3583,2374,0
3591,2372,0
3592,2358,0
3601,2342,0
3609,2326,0
3621,2312,0
3635,2301,0
3648,2292,0
3658,2287,0
3673,2287,0
3682,2288,0
3694,2294,0
3701,2303,0
3707,2316,0
3711,2330,0
3715,2350,0
3715,2368,0
3718,2384,0
3718,2395,0
3722,2404,0
3725,2407,1
3817,2312,0
3819,2310,0
3814,2303,0
3811,2301,0
3806,2300,0
3794,2302,0
3788,2311,0
3781,2325,0
3769,2340,0
3762,2355,0
3760,2370,0
3763,2380,0
3769,2385,0
3778,2386,0
3791,2383,0
3805,2374,0
3819,2361,0
3830,2341,0
3847,2326,0
3855,2309,0
3861,2301,0
3863,2299,0
3866,2301,0
3865,2301,0
3863,2312,0
3867,2327,0
3866,2340,0
3866,2353,0
3870,2367,0
3878,2376,0
3885,2381,0
3895,2381,0
3909,2377,1
4022,2286,0
4019,2284,0
4020,2283,0
4015,2282,0
4012,2285,0
4002,2287,0
3993,2293,0
3982,2299,0
3971,2307,0
3968,2319,0
3969,2330,0
3967,2340,0
3975,2350,0
3986,2362,0
3995,2369,0
4005,2375,0
4015,2376,0
4027,2380,0
4032,2381,0
4031,2382,0
4026,2381,0
4019,2384,0
4004,2384,0
3991,2383,0
3977,2381,0
3966,2380,0
3958,2379,0
3954,2376,0
3948,2371,1
4333,2285,0
4328,2286,0
4316,2287,0
4305,2292,0
4291,2297,0
4273,2304,0
4258,2317,0
4243,2334,0
4228,2355,0
4215,2374,0
4211,2393,0
4219,2409,0
4230,2422,0
4248,2431,0
4265,2434,0
4285,2433,0
4307,2429,1
4410,2363,0
4425,2356,0
4437,2345,0
4454,2332,0
4468,2320,0
4480,2308,0
4486,2297,0
4483,2286,0
4485,2282,0
4483,2279,0
4474,2278,0
4467,2282,0
4456,2294,0
4447,2309,0
4430,2326,0
4418,2346,0
4407,2362,0
4407,2376,0
4410,2386,0
4414,2393,0
4430,2398,0
4453,2401,0
4473,2399,0
4492,2391,0
4512,2384,1
4576,2343,0
4569,2353,0
4564,2361,0
4565,2367,0
4565,2367,0
4565,2367,0
4566,2366,0
4569,2360,0
4570,2345,0
4572,2333,0
4580,2321,0
4587,2310,0
4597,2301,0
4606,2293,0
4616,2285,0
4628,2280,0
4640,2275,0
4650,2273,0
4652,2270,0
4664,2275,0
4671,2277,1
4769,2177,0
4770,2176,0
4770,2176,0
4769,2177,0
4768,2188,0
4767,2199,0
4763,2212,0
4759,2228,0
4758,2246,0
4757,2264,0
4753,2280,0
4758,2297,0
4755,2310,0
4754,2318,0
4755,2326,0
4753,2327,0
4758,2327,1
4714,2289,0
4714,2291,0
4719,2291,0
4722,2293,0
4731,2294,0
4748,2297,0
4763,2294,0
4779,2292,0
4794,2289,1
4898,2265,0
4894,2265,0
4888,2268,0
4879,2270,0
4870,2275,0
4862,2282,0
4854,2289,0
4850,2297,0
4847,2309,0
4850,2319,0
4852,2324,0
4855,2327,0
4859,2328,0
4869,2328,0
4876,2321,0
4891,2314,0
4901,2304,0
4907,2292,0
4917,2282,0
4925,2277,0
4927,2272,0
4928,2271,0
4932,2273,0
4927,2273,0
4927,2281,0
4929,2292,0
4929,2303,0
4932,2314,0
4939,2326,0
4947,2335,0
4954,2340,0
4963,2341,0
4969,2338,1
5005,2297,0
5004,2298,0
5006,2304,0
5007,2309,0
5008,2317,0
5013,2323,0
5014,2330,0
5016,2335,0
5016,2336,1
4992,2220,0
4987,2219,0
4992,2219,0
4992,2219,0
4989,2217,1
5088,2285,0
5086,2290,0
5086,2299,0
5083,2303,0
5081,2308,0
5080,2309,0
5079,2309,0
5080,2309,0
5084,2310,0
5086,2306,0
5090,2299,0
5099,2291,0
5105,2280,0
5113,2273,0
5120,2268,0
5131,2265,0
5140,2263,0
5149,2263,0
5158,2265,0
5165,2268,0
5175,2274,0
5185,2283,0
5192,2294,0
5199,2306,0
5202,2316,0
5209,2331,0
5219,2345,0
5224,2354,0
5230,2359,1
5517,2269,0
5506,2263,0
5507,2262,0
5503,2260,0
5499,2260,0
5494,2260,0
5477,2268,0
5468,2278,0
5448,2293,0
5434,2311,0
5422,2326,0
5423,2342,0
5421,2355,0
5429,2366,0
5436,2370,0
5452,2374,0
5470,2374,0
5489,2370,0
5502,2363,0
5524,2355,0
5542,2344,0
5565,2335,0
5583,2326,0
5598,2313,0
5600,2299,1
5646,2170,0
5653,2173,0
5648,2171,0
5652,2174,0
5648,2173,1
5641,2190,0
5641,2202,0
5629,2216,0
5633,2238,0
5631,2260,0
5622,2282,0
5622,2300,0
5614,2315,0
5619,2326,0
5618,2326,0
5617,2327,0
5623,2326,0
5624,2323,0
5634,2312,0
5649,2297,0
5661,2282,0
5674,2272,0
5686,2265,0
5700,2264,0
5709,2264,0
5716,2268,0
5721,2274,0
5734,2285,0
5737,2298,0
5740,2311,0
5747,2323,0
5747,2333,0
5750,2345,1
5848,2276,0
5849,2274,0
5847,2268,0
5844,2265,0
5824,2260,0
5809,2265,0
5800,2276,0
5792,2294,0
5791,2306,0
5786,2316,0
5784,2328,0
5805,2330,0
5818,2323,0
5832,2311,0
5846,2299,0
5856,2286,0
5870,2275,0
5877,2269,0
5880,2260,0
5882,2258,0
5886,2258,0
5882,2257,0
5885,2261,0
5881,2270,0
5881,2280,0
5875,2294,0
5873,2307,0
5877,2318,0
5877,2329,0
5880,2331,0
5884,2333,0
5888,2332,0
5891,2326,1
5950,2270,0
5948,2276,0
5952,2286,0
5949,2295,0
5945,2305,0
5943,2309,0
5941,2311,0
5941,2311,0
5946,2312,0
5947,2310,0
5951,2300,0
5960,2288,0
5964,2278,0
5971,2263,0
5981,2252,0
5992,2245,0
5998,2241,0
6006,2241,0
6015,2241,0
6028,2241,0
6035,2244,0
6046,2250,0
6054,2252,0
6058,2252,0
6063,2250,1
6113,2226,0
6112,2225,0
6109,2224,0
6099,2225,0
6092,2232,0
6082,2239,0
6072,2250,0
6071,2265,0
6064,2279,0
6059,2292,0
6059,2301,0
6062,2305,0
6068,2311,0
6079,2306,0
6089,2302,0
6102,2294,0
6115,2283,0
6125,2269,0
6136,2254,0
6148,2244,0
6155,2238,0
6159,2238,0
6160,2239,0
6158,2240,0
6157,2242,0
6153,2253,0
6152,2266,0
6156,2279,0
6161,2287,0
6166,2294,0
6177,2299,0
6189,2302,0
6196,2295,1
6292,2221,0
6287,2222,0
6278,2222,0
6268,2227,0
6256,2234,0
6253,2243,0
6241,2251,0
6233,2258,0
6230,2266,0
6227,2273,0
6229,2280,0
6235,2285,0
6242,2289,0
6268,2289,0
6283,2287,0
6301,2281,1
6387,2148,0
6385,2156,0
6384,2170,0
6378,2184,0
6376,2202,0
6374,2218,0
6371,2236,0
6365,2251,0
6365,2262,0
6367,2268,0
6366,2271,0
6366,2271,0
6365,2273,1
6334,2232,0
6338,2233,0
6338,2232,0
6343,2230,0
6349,2227,0
6357,2228,0
6381,2221,0
6391,2218,0
6405,2217,0
6417,2217,0
6427,2215,0
6441,2212,1
6486,2207,0
6495,2204,0
6496,2200,0
6502,2198,0
6503,2193,0
6500,2189,0
6493,2185,0
6489,2185,0
6488,2187,0
6478,2190,0
6469,2195,0
6464,2209,0
6451,2219,0
6447,2230,0
6443,2238,0
6444,2247,0
6446,2253,0
6457,2259,0
6464,2262,0
6477,2260,0
6492,2257,0
6507,2251,0
6514,2244,0
6524,2239,0
6531,2231,0
6537,2227,0
6534,2224,0
6534,2225,0
6534,2224,0
6530,2224,0
6531,2231,0
6524,2242,0
6520,2248,0
6515,2253,0
6515,2253,0
6514,2255,0
6519,2252,0
6522,2245,0
6522,2234,0
6525,2225,0
6531,2210,0
6538,2203,0
6541,2195,0
6546,2193,0
6548,2190,0
6551,2189,0
6556,2188,0
6565,2188,0
6565,2188,0
6572,2189,0
6577,2190,0
6580,2193,1
6605,2206,0
6603,2211,0
6600,2219,0
6597,2228,0
6593,2239,0
6597,2251,0
6598,2260,0
6597,2263,0
6601,2262,1
6628,2155,0
6625,2152,0
6625,2152,0
6625,2152,0
6623,2157,1
6672,2174,0
6667,2176,0
6669,2183,0
6666,2192,0
6667,2199,0
6672,2208,0
6674,2217,0
6679,2226,0
6680,2233,0
6686,2239,0
6688,2244,0
6685,2245,0
6685,2245,0
6675,2248,0
6659,2245,0
6647,2243,0
6638,2242,0
6630,2244,0
6626,2244,0
6622,2240,0
6624,2235,1
6722,2141,0
6717,2144,0
6720,2158,0
6715,2173,0
6712,2192,0
6710,2208,0
6712,2227,0
6712,2242,0
6717,2249,1
6700,2215,0
6700,2214,0
6700,2212,0
6705,2212,0
6710,2210,0
6722,2212,0
6732,2209,0
6741,2205,0
6748,2200,1
6776,2193,0
6775,2194,0
6778,2199,0
6775,2205,0
6776,2215,0
6773,2223,0
6775,2230,0
6778,2234,0
6778,2234,1
6790,2105,0
6785,2104,0
6785,2104,0
6785,2104,0
6785,2107,1
6840,2155,0
6834,2159,0
6823,2164,0
6812,2174,0
6802,2190,0
6792,2205,0
6792,2218,0
6797,2229,0
6811,2238,0
6827,2239,0
6845,2236,0
6861,2229,0
6874,2225,1
6946,2164,0
6938,2164,0
6933,2168,0
6927,2171,0
6924,2183,0
6931,2187,0
6932,2196,0
6940,2207,0
6950,2216,0
6954,2218,0
6956,2221,0
6958,2218,0
6955,2225,0
6942,2227,0
6922,2223,0
6911,2218,0
6896,2214,0
6884,2212,0
6872,2207,0
6869,2203,0
6868,2196,1