write one note too many.
549
488,4702,0
489,4706,0
490,4722,0
492,4743,0
491,4771,0
488,4799,0
489,4823,0
489,4847,0
492,4859,0
495,4864,0
497,4865,0
502,4862,0
511,4830,0
522,4811,0
530,4788,0
539,4772,0
542,4765,0
545,4770,0
547,4770,0
553,4787,0
557,4807,0
562,4828,0
564,4835,0
567,4852,0
568,4857,0
569,4861,0
569,4857,0
571,4857,0
571,4849,0
578,4825,0
588,4794,0
603,4764,0
618,4737,0
636,4707,0
651,4688,0
661,4681,0
661,4677,1
719,4739,0
719,4743,0
719,4751,0
717,4767,0
714,4782,0
711,4806,0
709,4822,0
707,4834,0
706,4838,0
706,4838,0
706,4833,0
704,4813,0
708,4790,0
716,4766,0
729,4735,0
745,4712,0
761,4693,0
776,4682,0
792,4679,0
803,4681,0
810,4692,0
813,4709,0
815,4721,0
817,4725,0
822,4725,1
889,4680,0
891,4685,0
893,4697,0
890,4708,0
886,4728,0
881,4748,0
878,4768,0
875,4784,0
875,4796,0
876,4800,0
877,4792,0
878,4772,1
893,4625,0
897,4620,0
907,4617,0
919,4618,0
933,4626,0
947,4630,0
958,4639,0
967,4647,0
972,4659,1
945,4690,0
953,4695,0
972,4687,0
996,4684,0
1022,4676,0
1049,4681,0
1073,4680,0
1092,4685,0
1104,4688,0
1108,4688,0
1107,4688,0
1099,4676,1
1047,4613,0
1047,4612,0
1046,4620,0
1042,4636,0
1035,4661,0
1029,4684,0
1024,4712,0
1022,4732,0
1023,4748,0
1030,4768,0
1038,4772,0
1049,4777,1
1147,4744,0
1150,4748,0
1158,4748,0
1166,4748,0
1179,4747,0
1194,4747,0
1207,4742,0
1219,4739,0
1228,4734,0
1233,4722,0
1235,4717,0
1230,4710,0
1223,4702,0
1210,4707,0
1192,4707,0
1170,4715,0
1147,4724,0
1127,4740,0
1111,4756,0
1100,4772,0
1097,4792,0
1100,4804,0
1107,4812,0
1121,4820,0
1136,4816,0
1155,4816,0
1173,4811,0
1187,4807,0
1199,4803,1
1547,4720,0
1538,4714,0
1536,4722,0
1521,4719,0
1516,4736,0
1501,4745,0
1498,4765,0
1500,4781,0
1513,4792,0
1521,4792,0
1542,4797,0
1560,4788,0
1578,4773,0
1593,4752,0
1605,4730,0
1611,4710,0
1609,4690,0
1600,4674,0
1587,4664,0
1569,4666,0
1551,4672,0
1534,4685,0
1525,4702,0
1511,4712,0
1516,4736,1
1668,4678,0
1670,4682,0
1671,4694,0
1667,4710,0
1662,4727,0
1655,4745,0
1651,4765,0
1650,4782,0
1648,4789,0
1650,4793,0
1649,4789,0
1652,4781,0
1660,4755,0
1674,4734,0
1691,4712,0
1710,4688,0
1729,4670,0
1745,4664,0
1757,4661,0
1766,4669,0
1771,4680,0
1770,4700,0
1759,4722,0
1750,4748,0
1739,4770,0
1732,4782,0
1731,4787,0
1733,4786,0
1742,4777,1
1823,4720,0
1827,4727,0
1833,4734,0
1841,4741,0
1852,4743,0
1866,4745,0
1881,4739,0
1894,4728,0
1902,4714,0
1908,4706,0
1904,4694,0
1891,4684,0
1878,4686,0
1857,4690,0
1837,4698,0
1816,4713,0
1803,4731,0
1796,4753,0
1797,4773,0
1803,4788,0
1816,4802,0
1832,4811,0
1851,4816,0
1874,4817,0
1898,4809,0
1920,4796,0
1940,4777,0
1959,4761,1
2292,4688,0
2293,4693,0
2290,4688,0
2287,4694,0
2277,4701,0
2273,4723,0
2264,4741,0
2258,4763,0
2250,4782,0
2248,4804,0
2245,4809,0
2248,4816,0
2245,4809,0
2247,4804,0
2249,4786,0
2253,4757,0
2260,4730,0
2273,4714,0
2282,4691,0
2290,4669,0
2300,4657,0
2311,4650,0
2322,4647,0
2333,4652,0
2341,4663,0
2347,4681,0
2350,4702,0
2349,4723,0
2344,4745,0
2338,4763,0
2333,4781,0
2330,4794,0
2330,4802,1
2451,4722,0
2447,4736,0
2442,4754,0
2443,4775,0
2445,4791,0
2452,4805,0
2461,4811,0
2472,4812,0
2484,4809,0
2498,4792,0
2514,4774,0
2528,4748,0
2536,4722,0
2541,4699,0
2538,4674,0
2531,4660,0
2516,4648,0
2501,4649,0
2479,4651,0
2463,4669,0
2451,4689,0
2442,4709,0
2444,4729,0
2451,4751,0
2461,4761,1
2601,4654,0
2610,4650,0
2632,4660,0
2654,4664,0
2671,4667,0
2692,4676,0
2707,4676,0
2723,4678,0
2733,4678,1
2692,4562,0
2692,4570,0
2688,4584,0
2683,4612,0
2672,4642,0
2661,4671,0
2651,4707,0
2644,4736,0
2639,4767,0
2638,4789,0
2642,4805,0
2653,4813,0
2667,4808,1
2791,4747,0
2796,4762,0
2800,4765,0
2810,4770,0
2823,4765,0
2848,4764,0
2871,4751,0
2897,4740,0
2914,4720,0
2932,4714,0
2930,4689,0
2929,4680,0
2917,4672,0
2897,4671,0
2870,4670,0
2847,4688,0
2817,4699,0
2803,4730,0
2787,4748,0
2784,4775,0
2782,4793,0
2794,4818,0
2809,4830,0
2833,4838,0
2854,4830,0
2881,4824,0
2900,4809,0
2921,4804,0
2931,4791,1
3167,4725,0
3170,4728,0
3180,4728,0
3197,4729,0
3223,4726,0
3246,4728,0
3278,4717,0
3313,4713,0
3351,4708,0
3366,4710,0
3384,4705,0
3392,4700,0
3396,4698,1
3318,4653,0
3319,4652,0
3320,4657,0
3315,4668,0
3299,4681,0
3292,4714,0
3281,4746,0
3265,4781,0
3255,4812,0
3255,4835,0
3259,4850,0
3276,4855,1
3455,4736,0
3453,4741,0
3441,4756,0
3433,4779,0
3426,4795,0
3421,4816,0
3440,4842,0
3455,4853,0
3471,4850,0
3492,4847,0
3509,4830,0
3532,4809,0
3549,4782,0
3553,4760,0
3555,4733,0
3549,4718,0
3542,4708,0
3526,4702,0
3510,4712,0
3487,4723,0
3472,4741,0
3463,4758,0
3461,4777,0
3465,4789,0
3477,4796,1
3598,4777,0
3595,4779,0
3591,4790,0
3585,4803,0
3584,4817,0
3585,4830,0
3593,4839,0
3607,4845,0
3624,4845,0
3641,4840,0
3659,4825,0
3683,4809,0
3694,4784,0
3706,4759,0
3705,4740,0
3701,4724,0
3687,4710,0
3671,4705,0
3653,4706,0
3637,4714,0
3624,4731,0
3609,4744,0
3613,4755,0
3623,4772,1
4039,4714,0
4035,4717,0
4030,4730,0
4020,4750,0
4007,4777,0
3999,4806,0
3983,4830,0
3979,4856,0
3980,4875,0
3978,4871,0
3981,4864,0
3986,4838,0
4003,4813,0
4029,4792,0
4048,4752,0
4073,4730,0
4093,4712,0
4109,4702,0
4118,4700,0
4117,4705,0
4117,4715,0
4104,4738,0
4089,4763,0
4075,4787,0
4063,4803,0
4063,4813,0
4063,4813,0
4070,4813,0
4086,4793,0
4108,4770,0
4129,4746,0
4157,4722,0
4177,4699,0
4198,4685,0
4209,4681,0
4216,4681,0
4218,4690,0
4217,4706,0
4208,4727,0
4201,4755,0
4188,4778,0
4184,4801,0
4188,4813,0
4196,4821,1
4300,4760,0
4302,4764,0
4296,4772,0
4293,4789,0
4290,4806,0
4293,4823,0
4297,4840,0
4307,4847,0
4326,4849,0
4352,4845,0
4377,4833,0
4399,4812,0
4414,4792,0
4420,4767,0
4420,4743,0
4407,4722,0
4389,4711,0
4368,4702,0
4345,4703,0
4328,4710,0
4315,4725,0
4311,4742,0
4311,4762,0
4317,4772,0
4332,4792,1
4447,4727,0
4447,4724,0
4447,4723,0
4447,4728,0
4447,4743,0
4438,4765,0
4428,4792,0
4423,4815,0
4418,4829,0
4421,4841,0
4427,4841,0
4437,4834,0
4451,4814,1
4522,4702,0
4524,4706,0
4518,4720,0
4507,4739,0
4499,4765,0
4489,4786,0
4481,4802,0
4482,4817,0
4483,4821,0
4488,4823,0
4492,4813,0
4507,4787,0
4526,4764,0
4550,4736,0
4568,4712,0
4591,4693,0
4610,4679,0
4623,4674,0
4630,4675,0
4628,4681,0
4627,4702,0
4615,4727,0
4600,4753,0
4592,4784,0
4582,4808,0
4583,4826,0
4586,4835,0
4587,4838,1
4693,4706,0
4691,4712,0
4682,4730,0
4664,4750,0
4655,4777,0
4645,4799,0
4642,4827,0
4650,4841,0
4659,4850,0
4678,4850,0
4703,4840,0
4730,4819,0
4760,4795,0
4782,4772,0
4796,4751,0
4800,4732,0
4798,4724,0
4792,4723,0
4785,4734,0
4774,4754,0
4765,4781,0
4757,4813,0
4752,4848,0
4748,4886,0
4741,4922,0
4734,4952,0
4727,4974,0
4710,4990,0
4696,4996,0
4675,4997,0
4651,4994,0
4632,4984,0
4623,4971,1
4812,4840,0
4812,4840,0
4817,4842,0
4816,4843,0
4812,4840,1