musical of our younger
494
463,3870,0
464,3877,0
464,3890,0
463,3898,0
460,3910,0
458,3922,0
456,3929,0
456,3933,0
456,3933,0
455,3929,0
453,3921,0
455,3901,0
461,3873,0
475,3851,0
492,3822,0
511,3796,0
533,3771,0
554,3759,0
573,3749,0
588,3751,0
598,3752,0
604,3770,0
605,3794,0
605,3806,0
603,3822,0
603,3826,0
605,3826,0
607,3818,0
616,3803,0
632,3781,0
650,3759,0
668,3737,0
686,3723,0
702,3716,0
714,3718,0
726,3723,0
736,3740,0
745,3765,0
750,3790,0
752,3814,0
751,3838,0
750,3854,0
750,3858,0
751,3862,0
755,3863,1
873,3723,0
871,3730,0
871,3747,0
869,3766,0
869,3790,0
872,3814,0
878,3835,0
885,3851,0
895,3860,0
907,3865,0
920,3861,0
934,3850,0
953,3826,0
968,3803,0
981,3779,0
988,3755,0
991,3739,0
993,3736,0
994,3723,0
999,3720,0
1006,3720,1
1198,3735,0
1195,3735,0
1189,3731,0
1172,3723,0
1150,3732,0
1119,3736,0
1090,3744,0
1073,3752,0
1068,3756,0
1073,3761,0
1088,3764,0
1111,3765,0
1139,3768,0
1165,3771,0
1188,3778,0
1201,3783,0
1204,3787,0
1197,3790,0
1179,3800,0
1152,3807,0
1121,3816,0
1092,3828,0
1067,3837,0
1050,3844,0
1041,3845,1
1278,3723,0
1280,3723,0
1281,3731,0
1279,3742,0
1276,3763,0
1269,3776,0
1264,3795,0
1260,3812,0
1257,3824,1
1269,3640,0
1276,3636,0
1284,3630,0
1294,3630,0
1305,3637,1
1440,3730,0
1433,3727,0
1423,3728,0
1405,3730,0
1385,3736,0
1362,3753,0
1340,3771,0
1324,3788,0
1317,3809,0
1319,3821,0
1334,3836,0
1359,3838,0
1431,3828,0
1469,3812,0
1498,3809,0
1515,3798,1
1573,3767,0
1573,3775,0
1570,3783,0
1565,3788,0
1563,3796,0
1568,3807,0
1575,3811,0
1590,3817,0
1612,3818,0
1634,3810,0
1656,3795,0
1678,3783,0
1694,3764,0
1704,3746,0
1708,3730,0
1700,3711,0
1689,3701,0
1670,3695,0
1646,3695,0
1623,3703,0
1605,3718,0
1596,3735,0
1593,3748,0
1598,3767,0
1607,3778,0
1619,3789,0
1632,3787,0
1649,3784,0
1663,3770,1
1725,3699,0
1725,3699,0
1724,3706,0
1719,3720,0
1711,3737,0
1702,3755,0
1694,3777,0
1689,3790,0
1686,3802,0
1687,3807,0
1693,3805,0
1705,3791,0
1722,3768,1
1920,3508,0
1922,3513,0
1922,3524,0
1915,3543,0
1836,3770,0
1830,3800,0
1826,3821,0
1824,3834,1
2390,3761,0
2379,3769,0
2373,3784,0
2369,3798,0
2370,3811,0
2375,3822,0
2383,3828,0
2394,3832,0
2403,3829,0
2416,3824,0
2428,3815,0
2441,3802,0
2449,3782,0
2455,3763,0
2458,3744,0
2458,3728,0
2451,3713,0
2442,3708,0
2429,3708,0
2411,3715,0
2396,3729,0
2384,3747,0
2374,3759,0
2379,3778,0
2383,3785,1
2646,3692,0
2643,3694,0
2633,3689,0
2622,3699,0
2606,3714,0
2587,3740,0
2572,3772,0
2555,3800,0
2547,3838,0
2536,3868,0
2533,3895,0
2531,3913,0
2531,3921,1
2494,3786,0
2502,3783,0
2521,3783,0
2543,3784,0
2560,3776,0
2588,3778,0
2613,3776,0
2639,3778,0
2659,3774,1
2919,3708,0
2911,3711,0
2904,3724,0
2895,3737,0
2891,3758,0
2888,3776,0
2890,3794,0
2897,3809,0
2908,3816,0
2923,3822,0
2942,3822,0
2963,3815,0
2983,3800,0
3000,3778,0
3016,3760,0
3023,3738,0
3021,3721,0
3013,3707,0
2995,3694,0
2975,3691,0
2953,3694,0
2931,3701,0
2917,3713,0
2907,3726,0
2907,3741,0
2912,3755,0
2922,3764,0
2939,3773,0
2956,3769,1
3103,3684,0
3108,3695,0
3105,3711,0
3102,3735,0
3091,3755,0
3083,3778,0
3080,3798,0
3082,3814,0
3091,3824,0
3100,3828,0
3110,3822,0
3126,3813,0
3148,3797,0
3168,3776,0
3188,3755,0
3204,3731,0
3210,3709,0
3214,3693,0
3217,3687,0
3216,3682,0
3218,3681,1
3259,3744,0
3259,3749,0
3258,3759,0
3256,3775,0
3246,3781,0
3243,3796,0
3240,3807,0
3237,3810,0
3240,3812,0
3240,3808,0
3243,3796,0
3257,3778,0
3271,3752,0
3286,3723,0
3308,3700,0
3328,3683,0
3345,3672,0
3360,3671,0
3370,3674,0
3375,3681,0
3376,3690,1
3976,3685,0
3972,3689,0
3966,3699,0
3957,3717,0
3949,3740,0
3942,3765,0
3934,3787,0
3935,3806,0
3942,3821,0
3953,3823,0
3970,3819,0
3991,3802,0
4015,3783,0
4034,3758,0
4047,3736,0
4058,3723,0
4055,3714,0
4052,3711,0
4043,3709,0
4035,3720,0
4021,3768,0
4012,3797,0
4003,3829,0
3999,3863,0
3995,3897,0
3991,3925,0
3985,3955,0
3978,3980,0
3964,3995,0
3950,4011,0
3929,4017,0
3912,4024,0
3896,4022,0
3889,4017,0
3891,3995,0
3904,3961,1
4114,3733,0
4111,3740,0
4104,3751,0
4099,3766,0
4099,3792,0
4107,3800,0
4121,3805,0
4141,3809,0
4192,3792,0
4209,3782,0
4225,3763,0
4233,3745,0
4200,3695,0
4186,3691,0
4164,3684,0
4151,3690,0
4135,3699,0
4129,3713,0
4126,3732,0
4121,3752,0
4141,3793,0
4177,3788,1
4285,3699,0
4286,3703,0
4286,3719,0
4280,3737,0
4270,3755,0
4268,3778,0
4265,3797,0
4265,3808,0
4272,3818,0
4285,3822,0
4314,3801,0
4334,3784,0
4353,3761,0
4367,3733,0
4379,3711,0
4391,3694,0
4397,3677,0
4401,3667,0
4400,3658,0
4408,3660,1
4421,3699,0
4421,3710,0
4415,3720,0
4413,3733,0
4413,3750,0
4407,3761,0
4404,3769,0
4404,3775,0
4404,3775,0
4408,3776,0
4408,3765,0
4419,3750,0
4432,3726,0
4444,3703,0
4463,3686,0
4473,3665,0
4493,3662,0
4503,3658,0
4512,3661,0
4519,3670,0
4524,3682,0
4528,3706,0
4532,3730,0
4521,3747,0
4524,3771,0
4517,3784,0
4518,3794,0
4519,3798,1
4585,3713,0
4584,3725,0
4579,3740,0
4577,3759,0
4635,3798,0
4652,3793,0
4669,3776,0
4688,3757,0
4699,3735,0
4705,3711,0
4704,3689,0
4696,3674,0
4682,3660,0
4663,3650,0
4644,3652,0
4623,3658,0
4608,3672,0
4594,3687,0
4586,3706,0
4586,3723,0
4589,3737,0
4600,3749,0
4616,3756,0
4628,3755,0
4645,3749,1
4712,3670,0
4706,3670,0
4704,3677,0
4697,3690,0
4689,3709,0
4682,3735,0
4673,3766,0
4669,3799,0
4661,3834,0
4659,3869,0
4662,3900,0
4668,3927,0
4680,3954,0
4697,3983,0
4693,3997,0
4690,4011,0
4689,4023,0
4685,4036,0
4677,4045,0
4654,4044,0
4631,4044,0
4609,4042,0
4584,4032,0
4567,4015,0
4555,3994,1
4783,3728,0
4784,3728,0
4788,3729,0
4798,3730,0
4812,3726,0
4831,3724,0
4857,3714,0
4876,3706,0
4891,3695,0
4897,3688,0
4897,3682,0
4889,3679,0
4876,3677,0
4851,3679,0
4825,3689,0
4806,3704,0
4790,3720,0
4783,3734,0
4783,3751,0
4793,3769,0
4807,3783,0
4828,3796,0
4847,3800,0
4871,3805,0
4893,3798,0
4915,3793,0
4931,3776,0
4948,3757,0
4958,3735,1
4970,3715,0
4966,3719,0
4965,3732,0
4965,3749,0
4961,3766,0
4958,3781,0
4961,3791,0
4958,3793,0
4960,3792,0
4965,3791,0
4971,3773,0
4984,3748,0
4997,3721,0
5015,3696,0
5037,3671,0
5057,3660,0
5072,3650,0
5083,3649,0
5090,3653,0
5098,3662,1