1950 he began to take photograph
933
890,4344,0
888,4344,0
890,4344,0
890,4344,0
890,4336,0
894,4333,0
903,4321,0
913,4309,0
927,4294,0
941,4270,0
958,4263,0
970,4235,0
982,4223,0
992,4208,0
998,4200,0
999,4192,0
1001,4200,0
1001,4196,0
1001,4204,0
1000,4200,0
1001,4208,0
1003,4220,0
1006,4236,0
1008,4248,0
1007,4268,0
1003,4300,0
1000,4336,0
997,4375,0
996,4412,0
994,4447,0
998,4480,0
999,4500,0
999,4512,0
1001,4524,0
1001,4528,0
1003,4524,0
1008,4520,1
1245,4137,0
1242,4133,0
1238,4137,0
1233,4141,0
1223,4146,0
1213,4150,0
1201,4155,0
1189,4172,0
1176,4179,0
1167,4200,0
1160,4208,0
1159,4216,0
1163,4232,0
1168,4235,0
1178,4235,0
1189,4232,0
1201,4223,0
1213,4206,0
1226,4194,0
1237,4174,0
1245,4152,0
1252,4145,0
1255,4133,0
1256,4125,0
1254,4116,0
1256,4125,0
1254,4121,0
1253,4121,0
1255,4133,0
1255,4157,0
1254,4185,0
1249,4209,0
1243,4254,0
1239,4293,0
1235,4330,0
1230,4358,0
1227,4381,0
1223,4410,0
1216,4426,0
1210,4438,0
1202,4447,0
1193,4451,0
1183,4455,0
1173,4459,0
1161,4456,0
1152,4452,0
1143,4444,0
1138,4440,0
1142,4432,1
1458,4106,0
1455,4123,0
1450,4135,0
1444,4152,0
1434,4164,0
1424,4181,0
1401,4224,0
1381,4285,0
1378,4290,0
1378,4290,0
1380,4290,0
1396,4280,0
1408,4271,0
1423,4266,0
1442,4273,0
1455,4279,0
1467,4290,0
1474,4305,0
1480,4329,0
1479,4353,0
1466,4379,0
1457,4416,0
1441,4433,0
1423,4451,0
1404,4461,0
1382,4461,0
1361,4459,0
1343,4452,0
1336,4441,0
1324,4410,0
1325,4385,0
1333,4349,1
1452,4115,0
1452,4118,0
1451,4119,0
1453,4123,0
1459,4118,0
1471,4121,0
1486,4135,0
1493,4139,0
1505,4154,0
1513,4145,0
1525,4144,0
1537,4147,0
1549,4145,1
1773,4157,0
1761,4155,0
1752,4156,0
1741,4155,0
1730,4156,0
1717,4157,0
1701,4164,0
1684,4175,0
1664,4194,0
1645,4217,0
1626,4244,0
1609,4279,0
1605,4323,0
1606,4352,0
1613,4379,0
1644,4407,0
1667,4412,0
1697,4408,0
1730,4391,0
1768,4385,0
1800,4363,0
1826,4343,0
1845,4319,0
1859,4295,0
1862,4270,0
1860,4246,0
1852,4223,0
1843,4205,0
1829,4187,0
1816,4177,0
1802,4167,0
1788,4162,0
1774,4161,0
1764,4167,0
1760,4171,0
1763,4187,1
2271,4150,0
2263,4148,0
2263,4165,0
2260,4179,0
2252,4193,0
2248,4220,0
2244,4246,0
2237,4272,0
2230,4299,0
2232,4336,0
2235,4365,0
2234,4381,0
2232,4394,0
2229,4399,0
2227,4404,0
2225,4404,0
2227,4408,0
2227,4404,0
2225,4400,0
2226,4392,0
2230,4378,0
2237,4364,0
2248,4348,0
2260,4328,0
2275,4307,0
2289,4290,0
2301,4278,0
2313,4271,0
2323,4272,0
2335,4278,0
2346,4290,0
2354,4297,0
2367,4318,0
2374,4336,0
2376,4352,0
2377,4372,0
2375,4386,0
2377,4402,0
2379,4415,0
2381,4422,0
2381,4422,1
2476,4328,0
2478,4332,0
2491,4345,0
2502,4350,0
2515,4353,0
2530,4348,0
2545,4343,0
2558,4330,0
2569,4321,0
2572,4307,0
2572,4299,0
2564,4289,0
2550,4281,0
2533,4279,0
2511,4283,0
2494,4301,0
2485,4326,0
2481,4348,0
2487,4371,0
2496,4385,0
2511,4401,0
2524,4409,0
2542,4420,0
2557,4419,0
2575,4420,1
3021,4140,0
3021,4144,0
3023,4152,0
3022,4166,0
3018,4181,0
3016,4204,0
3016,4235,0
3008,4261,0
3002,4290,0
2994,4316,0
2989,4345,0
2982,4362,0
2982,4379,0
2976,4377,0
2978,4381,0
2978,4381,0
2982,4383,0
2981,4375,0
2987,4364,0
2989,4345,0
3000,4339,0
3008,4327,0
3020,4322,0
3031,4316,0
3048,4322,0
3059,4321,0
3074,4332,0
3086,4348,0
3092,4363,0
3086,4396,0
3000,4428,0
2989,4419,0
2986,4413,0
2982,4396,0
2995,4391,1
3189,4355,0
3185,4362,0
3182,4363,0
3185,4370,0
3194,4380,0
3200,4381,0
3214,4383,0
3234,4386,0
3249,4374,0
3264,4362,0
3276,4342,0
3284,4324,0
3290,4312,0
3284,4297,0
3277,4287,0
3261,4278,0
3242,4278,0
3223,4289,0
3211,4312,0
3197,4333,0
3196,4361,0
3196,4378,0
3202,4393,0
3218,4408,0
3230,4415,0
3246,4415,0
3267,4415,0
3292,4415,0
3316,4406,1
3481,4306,0
3480,4307,0
3476,4304,0
3473,4306,0
3469,4309,0
3462,4309,0
3452,4314,0
3442,4320,0
3431,4331,0
3421,4345,0
3415,4367,0
3413,4381,0
3416,4389,0
3424,4394,0
3435,4392,0
3445,4382,0
3456,4367,0
3470,4354,0
3479,4335,0
3486,4317,0
3490,4302,0
3496,4297,0
3490,4292,0
3491,4296,0
3491,4300,0
3491,4314,0
3486,4331,0
3486,4359,0
3480,4381,0
3478,4414,0
3469,4442,0
3459,4470,0
3452,4502,0
3438,4523,0
3429,4546,0
3414,4563,0
3396,4572,0
3378,4582,0
3363,4585,0
3346,4580,0
3332,4574,0
3328,4567,0
3327,4559,0
3337,4550,0
3349,4529,1
3625,4304,0
3623,4306,0
3617,4309,0
3611,4318,0
3602,4327,0
3592,4343,0
3578,4356,0
3574,4377,0
3566,4391,0
3565,4401,0
3568,4404,0
3578,4408,0
3586,4402,0
3599,4395,0
3609,4384,0
3619,4374,0
3625,4360,0
3631,4348,0
3636,4336,0
3638,4324,0
3641,4313,0
3640,4304,0
3645,4307,0
3636,4297,0
3641,4304,0
3639,4305,0
3639,4309,0
3634,4317,0
3634,4336,0
3631,4348,0
3637,4367,0
3637,4372,0
3648,4388,0
3656,4393,0
3663,4393,0
3674,4396,0
3687,4398,0
3695,4392,0
3703,4382,0
3715,4374,0
3730,4365,1
3810,4300,0
3802,4296,0
3799,4298,0
3793,4301,0
3792,4312,0
3782,4318,0
3780,4338,0
3771,4355,0
3767,4371,0
3761,4380,0
3760,4389,0
3761,4394,0
3765,4396,0
3768,4394,0
3774,4385,0
3787,4372,0
3808,4358,0
3826,4337,0
3846,4325,0
3860,4314,0
3874,4315,0
3872,4311,0
3878,4322,0
3875,4333,0
3880,4355,0
3878,4370,0
3881,4383,0
3887,4398,0
3892,4405,0
3900,4413,0
3916,4422,0
3932,4425,0
3948,4419,1
4322,4147,0
4318,4145,0
4320,4149,0
4318,4151,0
4320,4164,0
4314,4179,0
4311,4201,0
4306,4221,0
4307,4251,0
4307,4282,0
4304,4309,0
4303,4336,0
4307,4362,0
4307,4378,0
4305,4384,0
4311,4396,0
4304,4390,0
4308,4393,0
4306,4389,0
4305,4384,0
4299,4369,1
4209,4281,0
4209,4281,0
4211,4280,0
4216,4277,0
4227,4273,0
4244,4275,0
4253,4268,0
4271,4270,0
4292,4273,0
4314,4277,0
4333,4282,0
4348,4281,0
4369,4284,1
4503,4298,0
4500,4296,0
4495,4295,0
4485,4292,0
4472,4292,0
4461,4302,0
4445,4309,0
4432,4325,0
4425,4346,0
4426,4367,0
4431,4383,0
4442,4395,0
4456,4399,0
4474,4395,0
4496,4387,0
4513,4373,0
4524,4354,0
4533,4336,0
4537,4322,0
4531,4307,0
4524,4297,0
4515,4293,0
4495,4285,0
4483,4289,0
4469,4290,1
4824,4192,0
4825,4197,0
4821,4201,0
4817,4209,0
4816,4221,0
4813,4235,0
4814,4256,0
4812,4279,0
4813,4305,0
4809,4331,0
4804,4351,0
4804,4377,0
4803,4394,0
4803,4411,0
4804,4426,0
4802,4433,0
4810,4447,0
4807,4444,0
4812,4446,0
4811,4441,0
4813,4434,1
4729,4316,0
4726,4313,0
4731,4314,0
4739,4318,0
4748,4321,0
4765,4328,0
4780,4329,0
4799,4334,0
4810,4329,0
4830,4333,0
4850,4337,0
4866,4338,0
4883,4340,1
4977,4338,0
4977,4339,0
4979,4343,0
4972,4338,0
4970,4340,0
4965,4339,0
4956,4338,0
4949,4344,0
4939,4352,0
4926,4365,0
4927,4391,0
4924,4410,0
4924,4416,0
4927,4422,0
4935,4427,0
4949,4430,0
4959,4426,0
4971,4421,0
4982,4412,0
4986,4396,0
4998,4386,0
4999,4368,0
4999,4346,0
5004,4336,0
4994,4323,0
4995,4322,0
4987,4319,0
4984,4328,0
4987,4342,0
5012,4400,0
5025,4410,0
5039,4418,0
5049,4425,0
5055,4425,0
5067,4425,0
5072,4415,1
5132,4224,0
5126,4224,0
5129,4232,0
5127,4240,0
5126,4252,0
5122,4268,0
5120,4285,0
5120,4313,0
5119,4331,0
5119,4354,0
5120,4374,0
5119,4392,0
5125,4409,0
5139,4434,0
5146,4444,0
5154,4453,0
5157,4456,0
5158,4455,0
5156,4451,0
5158,4449,0
5157,4439,1
5130,4343,0
5131,4342,0
5132,4340,0
5135,4338,0
5145,4333,0
5155,4324,0
5166,4314,0
5178,4302,0
5190,4290,0
5199,4281,0
5207,4273,0
5209,4270,0
5205,4269,1
5124,4326,0
5128,4328,0
5134,4333,0
5134,4333,0
5144,4340,0
5151,4350,0
5159,4359,0
5168,4372,0
5178,4386,0
5197,4406,0
5205,4415,0
5216,4421,0
5223,4425,0
5234,4431,0
5236,4429,0
5241,4430,1
5313,4370,0
5313,4371,0
5323,4378,0
5332,4380,0
5347,4381,0
5359,4374,0
5378,4367,0
5396,4354,0
5409,4340,0
5417,4326,0
5417,4309,0
5408,4295,0
5395,4286,0
5373,4285,0
5344,4287,0
5321,4299,0
5303,4316,0
5292,4335,0
5293,4362,0
5296,4382,0
5306,4401,0
5325,4420,0
5349,4437,0
5373,4447,0
5414,4462,0
5430,4468,0
5446,4476,1
5668,4297,0
5668,4302,0
5668,4315,0
5665,4331,0
5660,4352,0
5658,4374,0
5654,4396,0
5652,4422,0
5651,4451,0
5653,4485,0
5655,4518,0
5656,4550,0
5660,4582,0
5658,4606,0
5665,4628,0
5665,4639,0
5669,4647,0
5672,4649,0
5671,4644,0
5675,4635,0
5676,4617,1
5666,4293,0
5666,4293,0
5668,4292,0
5668,4292,0
5676,4295,0
5682,4292,0
5692,4294,0
5706,4297,0
5716,4304,0
5728,4314,0
5740,4331,0
5745,4343,0
5752,4365,0
5752,4383,0
5750,4403,0
5746,4420,0
5740,4438,0
5728,4451,0
5716,4464,0
5701,4475,0
5684,4480,0
5670,4485,0
5655,4483,0
5648,4483,0
5645,4481,1
5847,4183,0
5846,4189,0
5843,4194,0
5844,4205,0
5840,4215,0
5839,4229,0
5836,4244,0
5834,4265,0
5832,4287,0
5829,4314,0
5822,4340,0
5816,4365,0
5812,4382,0
5812,4394,0
5812,4401,0
5815,4403,0
5817,4401,0
5820,4398,0
5827,4390,0
5839,4377,0
5853,4366,0
5866,4357,0
5877,4351,0
5891,4352,0
5909,4357,0
5919,4364,0
5926,4374,0
5935,4393,0
5939,4413,0
5943,4434,0
5947,4453,0
5952,4471,0
5954,4482,0
5954,4488,0
5955,4492,0
5960,4493,0
5960,4487,1
6081,4383,0
6079,4379,0
6077,4376,0
6071,4371,0
6061,4369,0
6060,4370,0
6049,4372,0
6038,4378,0
6027,4391,0
6019,4413,0
6013,4431,0
6015,4448,0
6018,4463,0
6026,4472,0
6039,4476,0
6054,4476,0
6071,4470,0
6085,4458,0
6095,4441,0
6106,4429,0
6104,4413,0
6099,4399,0
6088,4387,0
6081,4383,0
6070,4377,0
6057,4374,0
6051,4374,0
6046,4374,1
6188,4266,0
6186,4268,0
6178,4272,0
6174,4283,0
6167,4298,0
6164,4321,0
6163,4348,0
6157,4374,0
6153,4397,0
6151,4418,0
6150,4439,0
6145,4451,0
6146,4461,1
6116,4390,0
6116,4390,0
6118,4389,0
6120,4386,0
6133,4389,0
6145,4389,0
6159,4390,0
6173,4391,0
6187,4393,1
6297,4410,0
6293,4403,0
6285,4399,0
6276,4398,0
6265,4400,0
6253,4408,0
6244,4418,0
6243,4432,0
6242,4447,0
6247,4454,0
6260,4463,0
6274,4464,0
6290,4464,0
6303,4454,0
6317,4443,0
6321,4431,0
6320,4420,0
6317,4412,0
6307,4404,0
6297,4399,0
6280,4393,1
6483,4396,0
6476,4393,0
6465,4392,0
6450,4393,0
6441,4403,0
6426,4410,0
6418,4421,0
6418,4433,0
6426,4442,0
6430,4444,0
6445,4443,0
6454,4432,0
6472,4422,0
6486,4405,0
6502,4390,0
6520,4381,0
6526,4374,0
6530,4374,0
6533,4378,0
6531,4392,0
6531,4418,0
6519,4440,0
6512,4470,0
6494,4492,0
6482,4519,0
6467,4537,0
6454,4555,0
6439,4565,0
6423,4572,0
6413,4573,0
6402,4567,0
6401,4560,0
6406,4549,1
6623,4443,0
6623,4456,0
6622,4464,0
6621,4466,0
6626,4466,0
6625,4467,0
6630,4460,0
6636,4453,0
6644,4437,0
6654,4422,0
6669,4416,0
6679,4410,0
6687,4406,0
6695,4408,0
6705,4410,0
6715,4415,0
6719,4417,1
6816,4415,0
6816,4415,0
6815,4415,0
6809,4415,0
6802,4418,0
6795,4428,0
6785,4443,0
6777,4459,0
6772,4473,0
6770,4481,0
6778,4490,0
6779,4490,0
6786,4487,0
6797,4478,0
6813,4464,0
6823,4444,0
6826,4427,0
6828,4418,0
6831,4420,0
6828,4418,0
6823,4424,0
6820,4442,0
6823,4463,0
6822,4479,0
6831,4495,0
6841,4507,0
6840,4509,0
6852,4512,0
6860,4509,1
6932,4411,0
6932,4417,0
6932,4432,0
6927,4452,0
6922,4479,0
6918,4510,0
6908,4538,0
6903,4565,0
6896,4587,0
6893,4604,0
6891,4614,0
6893,4618,0
6895,4616,0
6891,4606,0
6891,4587,0
6900,4562,0
6903,4531,1
6949,4394,0
6957,4391,0
6965,4393,0
6974,4401,0
6980,4413,0
6997,4437,0
7013,4490,0
6978,4519,0
6957,4519,0
6938,4517,0
6917,4513,0
6901,4507,1
7041,4383,0
7041,4383,0
7045,4385,0
7045,4385,0
7048,4386,0
7046,4389,0
7043,4386,0
7040,4391,0
7045,4405,0
7041,4425,0
7029,4440,0
7026,4459,0
7019,4476,0
7015,4487,0
7011,4494,0
7013,4497,0
7017,4497,0
7026,4492,0
7043,4483,0
7058,4469,0
7064,4475,0
7057,4485,0
7055,4508,0
7042,4532,0
7030,4548,0
7026,4568,0
7028,4579,0
7027,4579,1
6981,4681,0
6976,4680,0
6959,4671,0
6946,4673,0
6930,4681,0
6910,4687,0
6899,4700,0
6893,4715,0
6898,4734,0
6909,4753,0
6925,4772,0
6939,4792,0
6947,4802,0
6947,4808,0
6939,4812,0
6925,4817,0
6908,4813,0
6876,4808,0
6856,4801,0
6831,4787,0
6807,4772,1