Betti play. A quietly
515
675,4321,0
675,4325,0
677,4321,0
675,4321,0
676,4313,0
678,4301,0
682,4281,0
683,4258,0
682,4225,0
679,4188,0
677,4148,0
670,4104,0
665,4054,0
660,4005,0
656,3961,0
652,3928,0
652,3900,0
652,3880,0
653,3872,0
654,3868,0
656,3868,0
658,3872,0
669,3882,0
687,3892,0
709,3902,0
738,3909,0
767,3916,0
793,3925,0
815,3935,0
830,3948,0
836,3969,0
836,3989,0
825,4012,0
808,4035,0
782,4061,0
749,4083,0
715,4107,0
685,4125,0
667,4135,0
663,4139,0
670,4135,0
692,4126,0
721,4116,0
750,4106,0
778,4105,0
799,4111,0
815,4123,0
826,4140,0
829,4169,0
821,4192,0
804,4223,0
778,4258,0
747,4287,0
716,4312,0
691,4322,0
677,4329,0
674,4325,1
921,4186,0
920,4189,0
921,4193,0
930,4202,0
944,4206,0
960,4207,0
982,4207,0
1004,4208,0
1027,4204,0
1044,4196,0
1059,4188,0
1067,4176,0
1071,4172,0
1066,4157,0
1054,4145,0
1035,4140,0
1012,4140,0
987,4143,0
964,4155,0
947,4182,0
934,4202,0
930,4222,0
931,4242,0
943,4258,0
961,4271,0
981,4280,0
1008,4292,0
1032,4297,0
1054,4301,1
1215,4330,0
1216,4334,0
1215,4330,0
1212,4314,0
1211,4299,0
1213,4283,0
1213,4254,0
1215,4218,0
1220,4182,0
1227,4154,0
1233,4121,0
1237,4093,0
1240,4073,0
1240,4065,0
1240,4065,0
1235,4065,0
1228,4074,1
1184,4155,0
1189,4163,0
1199,4159,0
1213,4162,0
1229,4166,0
1249,4169,0
1271,4160,0
1300,4158,0
1335,4156,1
1498,4292,0
1498,4295,0
1500,4295,0
1498,4291,0
1498,4287,0
1496,4267,0
1496,4251,0
1498,4223,0
1501,4195,0
1506,4166,0
1508,4130,0
1508,4093,0
1508,4061,0
1506,4037,0
1501,4010,0
1499,3993,0
1496,3982,1
1440,4116,0
1442,4116,0
1456,4118,0
1470,4121,0
1484,4120,0
1504,4121,0
1524,4119,0
1549,4121,0
1575,4121,0
1601,4122,0
1624,4127,0
1641,4133,0
1654,4140,1
1712,4316,0
1710,4313,0
1711,4313,0
1713,4304,0
1710,4289,0
1708,4256,0
1709,4232,0
1710,4199,0
1715,4171,0
1719,4137,0
1725,4109,0
1730,4087,0
1733,4070,0
1734,4062,0
1732,4054,0
1727,4051,0
1720,4048,1
1746,3901,0
1745,3906,0
1743,3902,0
1743,3902,0
1743,3902,0
1744,3901,0
1745,3906,0
1745,3906,0
1744,3906,1
2183,4589,0
2188,4591,0
2182,4569,0
2178,4549,0
2169,4518,0
2162,4479,0
2159,4438,0
2157,4398,0
2155,4352,0
2157,4303,0
2156,4249,0
2159,4203,0
2158,4157,0
2159,4120,0
2156,4092,0
2154,4075,0
2153,4072,0
2154,4071,0
2154,4072,0
2157,4075,0
2164,4077,0
2179,4085,0
2198,4097,0
2219,4107,0
2240,4118,0
2257,4129,0
2267,4139,0
2272,4150,0
2268,4163,0
2260,4182,0
2249,4206,0
2231,4224,0
2215,4245,0
2193,4255,0
2175,4265,0
2162,4268,0
2154,4266,1
2382,3933,0
2384,3933,0
2386,3933,0
2384,3937,0
2381,3951,0
2377,4029,0
2374,4068,0
2373,4118,0
2371,4169,0
2368,4216,0
2364,4256,0
2361,4290,0
2357,4307,0
2357,4311,0
2359,4307,0
2363,4302,0
2373,4295,0
2381,4279,0
2392,4263,0
2402,4243,0
2416,4230,0
2429,4222,0
2443,4217,0
2456,4217,1
2696,4209,0
2700,4212,0
2695,4200,0
2689,4199,0
2675,4191,0
2663,4192,0
2645,4191,0
2627,4198,0
2608,4210,0
2588,4229,0
2572,4256,0
2563,4281,0
2562,4303,0
2570,4321,0
2584,4333,0
2601,4340,0
2613,4331,0
2630,4324,0
2644,4306,0
2659,4288,0
2669,4258,0
2683,4240,0
2689,4220,0
2697,4222,0
2691,4220,0
2691,4228,0
2681,4245,0
2676,4277,0
2667,4306,0
2666,4341,0
2670,4369,0
2676,4380,0
2685,4381,1
2786,4237,0
2779,4239,0
2785,4246,0
2786,4263,0
2795,4281,0
2802,4295,0
2815,4316,0
2828,4332,0
2840,4345,0
2854,4360,0
2868,4372,0
2875,4378,0
2878,4376,1
3007,4249,0
3004,4263,0
2995,4280,0
2973,4312,0
2938,4345,0
2902,4392,0
2862,4449,0
2819,4496,0
2784,4557,0
2757,4606,0
2738,4639,0
2728,4647,0
2731,4641,1
3071,4355,0
3063,4368,0
3069,4369,0
3070,4378,0
3068,4374,0
3067,4379,0
3063,4372,0
3066,4379,0
3069,4383,1
3503,4445,0
3502,4442,0
3504,4440,0
3508,4434,0
3510,4418,0
3515,4388,0
3526,4355,0
3535,4307,0
3549,4253,0
3569,4203,0
3586,4145,0
3598,4085,0
3610,4034,0
3621,3998,0
3631,3977,0
3632,3971,0
3633,3980,0
3636,4007,0
3647,4053,0
3648,4096,0
3654,4149,0
3655,4200,0
3665,4256,0
3674,4311,0
3684,4357,0
3692,4395,0
3699,4418,0
3703,4425,0
3705,4425,1
3553,4254,0
3555,4262,0
3561,4258,0
3583,4270,0
3611,4271,0
3643,4275,0
3681,4279,0
3717,4280,0
3749,4278,1
4162,4343,0
4160,4343,0
4147,4333,0
4132,4324,0
4125,4324,0
4109,4321,0
4097,4325,0
4083,4331,0
4063,4335,0
4053,4352,0
4048,4379,0
4050,4408,0
4051,4431,0
4058,4450,0
4068,4463,0
4085,4471,0
4099,4466,0
4114,4455,0
4128,4435,0
4144,4414,0
4150,4385,0
4169,4367,0
4172,4340,0
4186,4334,0
4181,4328,0
4179,4333,0
4167,4358,0
4155,4402,0
4131,4448,0
4111,4502,0
4092,4550,0
4083,4594,0
4082,4623,0
4087,4639,0
4102,4644,0
4116,4635,0
4131,4609,1
4293,4348,0
4291,4350,0
4291,4350,0
4289,4351,0
4289,4357,0
4290,4371,0
4295,4397,0
4299,4425,0
4306,4454,0
4311,4480,0
4318,4500,0
4322,4512,0
4333,4519,0
4340,4519,0
4355,4517,0
4367,4507,0
4377,4485,0
4385,4454,0
4396,4425,0
4403,4390,0
4418,4362,0
4416,4333,0
4420,4325,0
4409,4319,0
4401,4326,1
4483,4495,0
4486,4507,0
4483,4505,0
4484,4504,0
4489,4505,0
4490,4499,0
4493,4492,0
4493,4476,0
4491,4457,0
4497,4437,0
4498,4410,0
4505,4386,0
4506,4353,0
4505,4323,0
4508,4300,0
4510,4287,0
4508,4279,1
4565,4367,0
4567,4370,0
4577,4377,0
4584,4382,0
4595,4383,0
4612,4384,0
4628,4382,0
4647,4381,0
4666,4376,0
4683,4371,0
4694,4362,0
4706,4352,0
4711,4338,0
4714,4328,0
4707,4313,0
4693,4299,0
4675,4289,0
4654,4291,0
4632,4299,0
4602,4319,0
4579,4349,0
4556,4379,0
4542,4412,0
4534,4438,0
4540,4459,0
4559,4476,0
4583,4481,0
4612,4483,0
4691,4475,0
4707,4472,0
4718,4468,1
4817,4505,0
4818,4503,0
4818,4493,0
4819,4476,0
4817,4447,0
4817,4414,0
4823,4382,0
4828,4345,0
4833,4309,0
4842,4279,0
4847,4252,0
4847,4231,0
4844,4217,1
4746,4316,0
4753,4321,0
4768,4319,0
4785,4320,0
4821,4319,0
4841,4324,0
4859,4322,0
4883,4328,0
4907,4333,0
4924,4333,0
4936,4333,0
4943,4333,1
4989,4150,0
4992,4164,0
4992,4181,0
4996,4217,0
4992,4253,0
4985,4299,0
4982,4350,0
4980,4402,0
4965,4582,0
4968,4585,0
5062,4473,0
5088,4454,0
5107,4437,0
5123,4422,1
5218,4413,0
5221,4439,0
5223,4454,0
5229,4476,0
5238,4489,0
5251,4499,0
5262,4505,0
5280,4515,0
5294,4524,1
5380,4439,0
5379,4440,0
5373,4447,0
5351,4468,0
5319,4499,0
5284,4549,0
5239,4604,0
5198,4664,0
5158,4721,0
5122,4775,0
5095,4819,0
5072,4849,0
5059,4866,1
4517,4098,0
4512,4097,0
4516,4099,0
4515,4094,0
4511,4081,0
4507,4053,0
4510,4018,0
4518,3985,0
4529,3958,1