Miss Edie with great skill
698
605,2058,0
596,2048,0
595,2047,0
592,2034,0
591,2026,0
588,2008,0
613,1982,0
630,1941,0
631,1899,0
620,1851,0
617,1801,0
620,1751,0
622,1706,0
628,1666,0
632,1638,0
639,1616,0
653,1603,0
659,1597,0
661,1601,0
670,1620,0
676,1648,0
681,1669,0
686,1691,0
695,1710,0
690,1717,0
707,1717,0
728,1710,0
748,1697,0
768,1681,0
788,1664,0
805,1648,0
817,1638,0
823,1635,0
827,1648,0
826,1680,0
821,1736,0
808,1786,0
799,1845,0
799,1911,0
801,1959,0
807,2000,0
813,2034,0
819,2067,0
823,2087,0
831,2105,1
994,2094,0
992,2091,0
991,2087,0
991,2087,0
987,2075,0
984,2058,0
981,2038,0
979,2014,0
978,1990,0
979,1970,0
979,1950,0
979,1942,0
982,1942,1
974,1730,0
978,1746,0
979,1746,0
979,1738,0
979,1718,1
1100,2061,0
1102,2081,0
1109,2093,0
1120,2104,0
1134,2108,0
1153,2116,0
1170,2115,0
1187,2110,0
1203,2105,0
1215,2096,0
1223,2087,0
1227,2075,0
1228,2067,0
1225,2055,0
1216,2036,0
1207,2024,0
1196,2013,0
1181,1998,0
1168,1987,0
1155,1975,0
1140,1960,0
1129,1948,0
1119,1937,0
1114,1925,0
1116,1912,0
1124,1901,0
1139,1891,0
1155,1887,0
1174,1891,0
1191,1898,0
1209,1916,0
1226,1939,0
1235,1958,1
1322,2045,0
1326,2053,0
1328,2060,0
1335,2067,0
1346,2075,0
1360,2080,0
1377,2086,0
1393,2092,0
1406,2089,0
1422,2087,0
1438,2079,0
1452,2068,0
1463,2054,0
1471,2040,0
1476,2027,0
1470,2012,0
1460,1997,0
1445,1984,0
1430,1975,0
1411,1962,0
1392,1949,0
1380,1940,0
1370,1925,0
1361,1906,0
1362,1894,0
1364,1877,0
1375,1867,0
1390,1857,0
1408,1849,0
1430,1848,0
1453,1856,0
1473,1867,0
1496,1895,1
1857,2077,0
1851,2062,0
1849,2037,0
1849,2006,0
1848,1968,0
1848,1924,0
1847,1877,0
1841,1827,0
1841,1783,0
1840,1744,0
1836,1709,0
1835,1684,0
1827,1660,0
1828,1651,0
1823,1645,0
1823,1645,0
1826,1648,0
1858,1640,0
1848,1663,0
1867,1672,0
1893,1681,0
1923,1687,0
1964,1696,0
2004,1700,0
2045,1703,0
2084,1706,0
2113,1706,0
2136,1710,0
2145,1718,1
1880,1910,0
1882,1913,0
1888,1915,0
1897,1915,0
1909,1909,0
1932,1908,0
1952,1898,0
1979,1897,0
2006,1901,1
1849,2075,0
1852,2078,0
1855,2077,0
1872,2079,0
1892,2075,0
1913,2066,0
1941,2063,0
1965,2060,0
1993,2065,0
2017,2070,0
2040,2077,0
2065,2082,0
2091,2082,1
2310,1959,0
2299,1952,0
2286,1942,0
2275,1940,0
2261,1939,0
2244,1941,0
2229,1952,0
2223,1978,0
2210,2005,0
2197,2031,0
2190,2059,0
2186,2080,0
2190,2096,0
2200,2104,0
2216,2108,0
2229,2101,0
2245,2092,0
2261,2077,0
2276,2058,0
2288,2032,0
2303,2003,0
2308,1966,0
2316,1926,0
2327,1884,0
2328,1833,0
2335,1787,0
2340,1743,0
2342,1705,0
2341,1681,0
2335,1670,0
2333,1672,0
2326,1682,0
2318,1703,1
2420,1950,0
2415,1957,0
2417,1961,0
2422,1973,0
2422,1987,0
2429,2012,0
2427,2043,0
2423,2081,0
2416,2119,0
2407,2149,0
2405,2170,0
2406,2174,0
2412,2171,0
2425,2162,0
2434,2150,0
2439,2142,0
2439,2137,1
2433,1797,0
2428,1795,0
2427,1791,0
2428,1785,0
2432,1771,1
2516,1997,0
2520,1998,0
2526,2000,0
2538,2005,0
2550,2005,0
2573,2007,0
2594,2006,0
2620,2005,0
2641,1997,0
2665,1993,0
2684,1987,0
2690,1976,0
2691,1970,0
2686,1964,0
2668,1953,0
2654,1949,0
2632,1947,0
2606,1944,0
2580,1949,0
2551,1959,0
2523,1975,0
2498,1995,0
2482,2017,0
2474,2038,0
2475,2058,0
2490,2077,0
2511,2091,0
2546,2105,0
2582,2113,0
2620,2113,0
2663,2110,0
2705,2100,0
2756,2089,1
3057,1925,0
3052,1924,0
3056,1926,0
3060,1981,0
3055,2005,0
3058,2030,0
3064,2054,0
3068,2072,0
3069,2083,0
3076,2092,0
3083,2097,0
3088,2098,0
3091,2095,0
3091,2089,0
3093,2075,0
3100,2056,0
3103,2029,0
3104,1998,0
3119,1976,0
3127,1955,0
3134,1940,0
3144,1935,0
3146,1932,0
3154,1941,0
3163,1961,0
3165,1989,0
3173,2019,0
3175,2046,0
3180,2070,0
3185,2083,0
3191,2088,0
3196,2087,0
3197,2081,0
3202,2069,0
3203,2043,0
3213,2014,0
3221,1980,0
3238,1948,0
3252,1924,0
3262,1912,0
3270,1914,0
3278,1930,1
3351,2073,0
3351,2075,0
3346,2069,0
3343,2065,0
3344,2058,0
3348,2047,0
3348,2029,0
3350,2007,0
3349,1982,0
3351,1960,0
3349,1937,0
3348,1918,0
3345,1903,1
3473,2070,0
3475,2068,0
3473,2058,0
3474,2042,0
3475,2016,0
3476,1988,0
3478,1959,0
3477,1928,0
3470,1895,0
3467,1866,0
3465,1841,0
3460,1820,0
3458,1808,1
3452,1913,0
3454,1918,0
3455,1916,0
3467,1920,0
3479,1918,0
3501,1913,0
3524,1909,0
3544,1909,0
3565,1913,1
3643,2079,0
3640,2076,0
3636,2069,0
3632,2060,0
3627,2041,0
3629,2018,0
3627,1985,0
3630,1947,0
3631,1903,0
3638,1857,0
3645,1816,0
3652,1775,0
3650,1741,0
3652,1722,0
3648,1715,0
3646,1716,0
3646,1725,0
3641,1748,0
3637,1785,0
3635,1825,0
3629,1870,0
3627,1916,0
3623,1957,0
3621,1987,0
3623,2011,0
3626,2020,0
3630,2022,0
3637,2019,0
3644,2010,0
3655,1995,0
3670,1974,0
3685,1952,0
3699,1930,0
3713,1917,0
3722,1912,0
3732,1917,0
3737,1932,0
3735,1962,0
3732,2003,0
3725,2048,0
3718,2091,0
3713,2119,0
3720,2130,0
3735,2124,0
3747,2100,1
3305,1775,0
3304,1770,0
3304,1757,0
3300,1742,0
3306,1727,1
4180,2100,0
4168,2112,0
4156,2116,0
4142,2117,0
4129,2114,0
4114,2108,0
4092,2097,0
4075,2086,0
4056,2071,0
4042,2057,0
4029,2038,0
4024,2018,0
4024,1994,0
4035,1969,0
4051,1944,0
4077,1923,0
4105,1908,0
4137,1900,0
4160,1899,0
4186,1908,0
4213,1927,0
4231,1953,0
4236,1983,0
4235,2018,0
4224,2052,0
4215,2082,0
4192,2104,0
4174,2118,0
4153,2121,0
4136,2117,0
4121,2104,0
4116,2089,0
4118,2078,1
4228,1901,0
4229,1898,0
4233,1899,0
4234,1906,0
4234,1923,0
4238,1949,0
4239,1978,0
4239,2018,0
4236,2063,0
4232,2114,0
4217,2169,0
4215,2231,0
4197,2294,0
4183,2350,0
4170,2401,0
4155,2444,0
4141,2475,0
4127,2494,0
4109,2497,0
4091,2487,0
4071,2468,0
4053,2439,0
4041,2409,0
4029,2371,0
4023,2332,1
4345,2097,0
4342,2095,0
4352,2094,0
4345,2082,0
4350,2066,0
4349,2044,0
4354,2019,0
4360,1994,0
4357,1966,0
4359,1945,0
4354,1929,0
4355,1925,0
4352,1924,0
4350,1927,0
4345,1937,0
4345,1953,0
4345,1969,0
4349,1986,0
4354,1995,0
4361,1998,0
4372,1995,0
4389,1982,0
4407,1965,0
4424,1951,0
4441,1944,1
4515,2017,0
4520,2016,0
4529,2015,0
4544,2014,0
4567,2013,0
4583,2008,0
4608,2004,0
4630,1996,0
4648,1987,0
4663,1976,0
4672,1966,0
4669,1956,0
4667,1949,0
4644,1942,0
4631,1940,0
4604,1942,0
4581,1951,0
4556,1964,0
4533,1983,0
4514,2009,0
4498,2032,0
4491,2052,0
4496,2068,0
4510,2077,0
4539,2082,0
4572,2079,0
4608,2072,0
4642,2067,0
4672,2063,1
4891,1964,0
4889,1959,0
4885,1949,0
4876,1940,0
4870,1933,0
4854,1929,0
4845,1930,0
4830,1934,0
4819,1947,0
4807,1972,0
4799,1998,0
4791,2024,0
4793,2046,0
4802,2063,0
4815,2073,0
4831,2077,0
4842,2072,0
4859,2067,0
4872,2058,0
4879,2044,0
4888,2026,0
4894,2004,0
4893,1978,0
4896,1952,0
4903,1930,0
4900,1916,0
4898,1913,0
4883,1915,0
4879,1932,0
4876,1959,0
4863,1985,0
4863,2014,0
4865,2037,1
5007,2075,0
5004,2070,0
4999,2061,0
5003,2046,0
4997,2018,0
5018,1993,0
5018,1954,0
5027,1916,0
5016,1872,0
5019,1833,0
5022,1795,0
5021,1766,0
5016,1747,1
4957,1897,0
4954,1903,0
4966,1905,0
4977,1901,0
5011,1892,0
5048,1878,0
5083,1867,0
5120,1862,0
5149,1865,1
5542,2056,0
5552,2063,0
5547,2063,0
5559,2069,0
5573,2075,0
5588,2082,0
5599,2087,0
5617,2094,0
5631,2101,0
5648,2102,0
5666,2100,0
5680,2091,0
5693,2079,0
5692,2060,0
5691,2043,0
5684,2026,0
5665,2009,0
5649,1994,0
5629,1982,0
5607,1969,0
5587,1957,0
5571,1944,0
5564,1930,0
5558,1911,0
5561,1893,0
5566,1877,0
5584,1865,0
5603,1859,0
5621,1858,0
5649,1864,0
5666,1872,0
5692,1885,0
5709,1896,1
5803,2063,0
5799,2052,0
5793,2034,0
5794,2010,0
5795,1976,0
5801,1935,0
5806,1888,0
5818,1843,0
5824,1799,0
5834,1760,0
5836,1727,0
5839,1705,0
5846,1695,1
5801,1992,0
5798,1990,0
5793,1981,0
5803,1963,0
5817,1940,0
5838,1915,0
5859,1893,0
5886,1879,0
5910,1872,0
5927,1870,0
5934,1874,0
5935,1884,0
5927,1893,1
5816,1985,0
5824,1988,0
5835,1992,0
5845,2002,0
5860,2017,0
5870,2036,0
5886,2060,0
5895,2082,0
5908,2101,1
6020,2089,0
6015,2084,0
6013,2074,0
6007,2058,0
6007,2035,0
6005,2005,0
6014,1971,0
6020,1941,0
6039,1915,0
6044,1901,0
6046,1894,0
6044,1897,0
6041,1909,1
6184,1728,0
6180,1753,0
6182,1778,0
6178,1813,0
6172,1846,0
6172,1882,0
6167,1921,0
6161,1963,0
6160,2004,0
6153,2045,0
6153,2082,0
6150,2110,0
6147,2128,0
6148,2135,0
6149,2135,0
6154,2133,0
6157,2125,0
6159,2108,0
6166,2089,0
6174,2069,0
6184,2043,0
6201,2019,0
6214,1993,0
6228,1966,0
6242,1940,1
6341,1705,0
6342,1717,0
6338,1729,0
6343,1754,0
6342,1785,0
6342,1826,0
6330,1865,0
6325,1918,0
6312,1969,0
6305,2014,0
6297,2058,0
6294,2092,0
6293,2118,0
6292,2132,0
6295,2135,0
6299,2135,0
6304,2133,0
6304,2123,0
6312,2108,0
6318,2082,0
6335,2049,0
6355,2013,0
6377,1976,0
6396,1945,0
6396,1920,1
6005,1764,0
6007,1759,0
6008,1739,0
6020,1716,0
6028,1690,1