of the ineffectuality with which he had
874
963,2930,0
953,2926,0
941,2922,0
924,2920,0
907,2919,0
890,2922,0
873,2925,0
861,2936,0
854,2955,0
854,2975,0
861,3001,0
875,3021,0
897,3043,0
919,3052,0
943,3062,0
965,3062,0
982,3059,0
994,3043,0
1001,3023,0
1003,3008,0
996,2988,0
984,2967,0
970,2958,0
955,2946,0
940,2945,0
926,2944,0
915,2951,0
901,2951,0
897,2959,1
1086,2832,0
1081,2813,0
1073,2801,0
1061,2793,0
1049,2789,0
1039,2796,0
1031,2813,0
1026,2836,0
1026,2869,0
1031,2909,0
1042,2952,0
1055,3001,0
1069,3045,0
1085,3088,0
1098,3124,0
1108,3157,0
1114,3177,0
1117,3188,0
1117,3188,0
1118,3184,0
1123,3176,1
1105,3021,0
1104,3020,0
1101,3024,0
1088,3024,0
1071,3029,0
1050,3033,0
1028,3032,0
1011,3036,0
998,3036,0
991,3039,0
989,3040,0
990,3032,0
998,3024,1
1361,2806,0
1364,2813,0
1365,2825,0
1365,2853,0
1365,2878,0
1365,2906,0
1368,2941,0
1370,2974,0
1375,3001,0
1379,3025,0
1381,3037,0
1383,3040,0
1384,3037,1
1420,2927,0
1423,2931,0
1421,2936,0
1409,2937,0
1391,2939,0
1367,2934,0
1346,2936,0
1327,2934,0
1312,2935,0
1300,2936,0
1290,2932,0
1285,2929,0
1283,2925,1
1418,2787,0
1423,2791,0
1424,2790,0
1425,2794,0
1423,2802,0
1423,2819,0
1426,2842,0
1430,2870,0
1436,2901,0
1442,2933,0
1445,2957,0
1446,2969,0
1444,2972,0
1442,2973,0
1438,2970,0
1435,2954,0
1433,2934,0
1433,2910,0
1437,2893,0
1442,2877,0
1450,2864,0
1463,2866,0
1475,2868,0
1487,2878,0
1498,2893,0
1520,2934,0
1537,2963,0
1549,2982,0
1562,3000,0
1571,3006,0
1580,3008,0
1592,3011,0
1604,3001,0
1614,2987,0
1623,2972,0
1628,2951,0
1633,2934,0
1637,2925,0
1637,2917,0
1631,2905,0
1623,2899,0
1616,2900,0
1609,2902,0
1606,2911,0
1607,2926,0
1610,2942,0
1615,2954,0
1623,2969,0
1633,2982,0
1648,2992,0
1661,2997,0
1676,3002,0
1689,3004,0
1698,3006,0
1703,3005,0
1704,3005,0
1706,3008,1
1899,2854,0
1896,2856,0
1892,2865,0
1888,2879,0
1886,2900,0
1890,2932,0
1890,2958,0
1895,2981,0
1897,2993,0
1896,2993,0
1895,2994,0
1894,2989,0
1899,2976,1
1901,2774,0
1911,2780,0
1918,2786,0
1918,2786,0
1917,2786,1
1983,2883,0
1982,2887,0
1981,2891,0
1981,2904,0
1982,2921,0
1985,2940,0
1990,2960,0
1995,2980,0
2002,2999,0
2002,3007,0
2000,3007,0
1997,3004,0
1992,2993,0
1992,2984,0
1993,2967,0
1995,2942,0
2002,2914,0
2007,2887,0
2019,2874,0
2029,2866,0
2043,2870,0
2056,2878,0
2067,2895,0
1961,3041,1
2029,3048,1
2146,2887,0
2147,2926,0
2145,2960,0
2146,2999,0
2149,3035,0
2153,3072,0
2156,3102,0
2156,3123,0
2154,3132,1
2221,2977,0
2222,2977,0
2216,2975,0
2204,2976,0
2184,2970,0
2168,2972,0
2153,2975,0
2140,2975,0
2130,2975,0
2125,2977,0
2122,2973,0
2124,2972,1
2270,2818,0
2260,2826,0
2252,2843,0
2246,2868,0
2249,2905,0
2249,2941,0
2253,2982,0
2415,2953,0
2422,2994,0
2422,3029,0
2421,3052,0
2425,3077,0
2425,3090,0
2421,3091,0
2421,3091,0
2424,3090,0
2428,3080,1
2472,2916,0
2475,2919,0
2463,2920,0
2447,2924,0
2426,2921,0
2405,2918,0
2387,2913,0
2376,2910,0
2369,2905,1
2469,2905,0
2488,2908,0
2510,2910,0
2531,2907,0
2554,2905,0
2574,2898,0
2594,2893,0
2610,2878,0
2620,2864,0
2624,2847,0
2622,2830,0
2615,2816,0
2606,2808,0
2590,2802,0
2574,2803,0
2558,2811,0
2545,2823,0
2536,2842,0
2531,2863,0
2531,2885,0
2539,2908,0
2553,2928,0
2570,2942,0
2589,2954,0
2605,2960,0
2613,2955,0
2620,2951,0
2628,2946,0
2633,2938,1
2729,2808,0
2724,2801,0
2713,2799,0
2698,2799,0
2680,2801,0
2664,2806,0
2648,2815,0
2639,2830,0
2639,2853,0
2643,2873,0
2649,2893,0
2659,2906,0
2674,2920,0
2688,2926,0
2703,2931,0
2717,2933,0
2730,2934,0
2738,2929,0
2749,2923,0
2755,2910,0
2765,2898,1
2800,2709,0
2803,2712,0
2803,2718,0
2802,2733,0
2803,2756,0
2801,2781,0
2808,2815,0
2809,2847,0
2815,2881,0
2816,2904,0
2820,2922,0
2818,2927,0
2822,2929,1
2858,2858,0
2858,2858,0
2849,2860,0
2830,2857,0
2812,2854,0
2793,2852,0
2776,2849,0
2766,2851,0
2756,2848,0
2753,2849,0
2753,2849,0
2756,2848,0
2772,2852,1
2871,2835,0
2869,2837,0
2865,2844,0
2862,2855,0
2859,2867,0
2860,2885,0
2866,2905,0
2876,2924,0
2888,2939,0
2905,2952,0
2924,2958,0
2943,2960,0
2958,2955,0
2975,2948,0
2992,2937,0
3006,2922,0
3016,2901,0
3022,2882,0
3023,2861,0
3024,2850,0
3022,2842,0
3021,2843,0
3020,2849,0
3016,2861,0
3013,2878,0
3011,2894,0
3016,2915,0
3021,2931,0
3026,2943,1
3170,2871,0
3171,2860,0
3163,2846,0
3152,2834,0
3135,2823,0
3120,2819,0
3105,2820,0
3093,2824,0
3078,2830,0
3074,2849,0
3069,2867,0
3071,2890,0
3076,2912,0
3087,2933,0
3100,2948,0
3115,2957,0
3133,2959,0
3148,2952,0
3159,2934,0
3168,2913,0
3172,2890,0
3174,2873,0
3173,2859,0
3173,2858,0
3175,2861,0
3177,2871,0
3181,2888,0
3187,2908,0
3190,2926,0
3194,2938,0
3199,2945,0
3205,2945,0
3215,2938,1
3217,2736,0
3219,2744,0
3223,2762,0
3223,2783,0
3220,2806,0
3221,2835,0
3226,2867,0
3229,2895,0
3235,2922,0
3238,2940,0
3240,2948,0
3239,2949,0
3241,2947,1
3283,2837,0
3288,2844,0
3290,2857,0
3287,2870,0
3284,2883,0
3283,2900,0
3285,2919,0
3284,2929,0
3291,2938,1
3274,2734,0
3284,2738,0
3284,2737,0
3283,2738,0
3281,2739,1
3351,2737,0
3353,2752,0
3358,2779,0
3356,2806,0
3357,2838,0
3360,2872,0
3362,2901,0
3364,2926,0
3363,2942,0
3363,2952,0
3366,2955,0
3363,2952,0
3370,2947,1
3411,2881,0
3408,2878,0
3408,2878,0
3402,2878,0
3386,2876,0
3368,2875,0
3351,2874,0
3340,2878,0
3323,2876,0
3313,2879,0
3303,2878,0
3298,2876,0
3297,2873,1
3537,2828,0
3544,2832,0
3544,2832,0
3539,2837,0
3529,2846,0
3517,2862,0
3506,2888,0
3493,2915,0
3485,2949,0
3476,2978,0
3467,3001,0
3461,3017,0
3455,3022,0
3454,3023,0
3452,3019,0
3454,3013,0
3447,2992,0
3446,2967,0
3441,2934,0
3427,2898,0
3415,2872,0
3404,2851,0
3392,2834,0
3388,2827,0
3382,2821,1
3798,2849,0
3799,2853,0
3800,2858,0
3799,2870,0
3801,2890,0
3802,2918,0
3813,2952,0
3810,2971,0
3817,2987,0
3820,2989,0
3825,2984,0
3829,2965,0
3835,2941,0
3838,2916,0
3843,2900,0
3847,2895,0
3853,2895,0
3862,2903,0
3870,2917,0
3887,2940,0
3896,2959,0
3908,2970,0
3915,2975,0
3919,2970,0
3930,2964,0
3938,2950,0
3947,2935,0
3952,2919,0
3962,2908,0
3970,2900,0
3978,2891,0
3990,2884,0
3997,2877,0
4002,2872,0
4009,2869,0
4010,2868,0
4010,2868,0
4008,2900,0
4008,2924,0
4009,2946,0
4009,2963,0
4011,2972,0
4007,2971,1
4007,2770,0
4010,2761,0
4008,2757,0
4012,2758,0
4012,2759,1
4121,2743,0
4122,2760,0
4125,2787,0
4121,2816,0
4121,2847,0
4123,2881,0
4124,2910,0
4125,2933,0
4127,2948,0
4131,2956,0
4131,2956,0
4133,2953,0
4140,2946,1
4165,2881,0
4167,2885,0
4166,2888,0
4154,2888,0
4140,2890,0
4125,2890,0
4106,2888,0
4092,2891,0
4075,2893,0
4063,2893,0
4053,2893,0
4048,2893,0
4048,2893,1
4162,2737,0
4171,2745,0
4177,2763,0
4179,2785,0
4185,2816,0
4192,2852,0
4195,2884,0
4200,2914,0
4205,2938,0
4210,2952,0
4211,2951,0
4211,2944,0
4220,2929,0
4231,2910,0
4240,2887,0
4254,2864,0
4268,2848,0
4283,2843,0
4296,2845,0
4311,2858,0
4328,2882,0
4341,2910,0
4345,2936,0
4347,2960,0
4348,2975,0
4345,2980,0
4339,2980,0
4337,2977,0
4342,2970,1
4562,2839,0
4562,2839,0
4561,2840,0
4564,2850,0
4562,2866,0
4565,2887,0
4570,2913,0
4574,2940,0
4579,2960,0
4582,2970,0
4586,2971,0
4589,2967,0
4587,2950,0
4592,2931,0
4594,2910,0
4601,2894,0
4602,2885,0
4609,2883,0
4623,2892,0
4636,2908,0
4649,2931,0
4665,2954,0
4677,2972,0
4683,2977,0
4689,2977,0
4695,2968,0
4700,2954,0
4704,2936,0
4710,2917,0
4707,2899,0
4712,2893,0
4715,2890,0
4724,2890,0
4725,2890,0
4752,2900,1
4794,2837,0
4794,2842,0
4796,2854,0
4799,2870,0
4797,2885,0
4790,2902,0
4794,2924,0
4801,2948,0
4799,2964,0
4800,2969,0
4803,2972,0
4801,2968,0
4805,2963,1
4802,2741,0
4805,2743,0
4805,2743,0
4803,2740,0
4804,2737,1
4804,2731,0
4806,2735,0
4805,2738,0
4805,2743,0
4801,2750,0
4802,2762,0
4803,2775,0
4802,2790,0
4801,2806,0
4802,2824,0
4800,2840,0
4802,2859,0
4797,2873,0
4796,2888,0
4795,2902,0
4795,2916,0
4792,2926,0
4792,2933,0
4793,2939,0
4791,2941,0
4794,2943,0
4791,2941,0
4792,2940,0
4790,2936,0
4795,2930,0
4792,2913,0
4795,2896,0
4795,2875,0
4800,2854,0
4854,2813,0
4867,2823,0
4877,2837,0
4887,2856,0
4896,2878,0
4903,2904,0
4905,2927,0
4910,2975,0
4907,2979,0
4906,2980,0
4906,2982,0
4903,2978,0
4903,2977,0
4903,2978,0
4908,2978,0
4914,2971,0
4922,2965,1
4971,2833,0
4970,2835,0
4971,2842,0
4971,2854,0
4969,2872,0
4973,2895,0
4973,2915,0
4973,2936,0
4975,2954,0
4977,2966,0
4977,2972,0
4979,2977,0
4979,2975,1
4963,2731,0
4965,2736,0
4968,2737,0
4969,2738,0
4965,2736,1
5137,2888,0
5141,2883,0
5145,2877,0
5138,2866,0
5130,2855,0
5117,2845,0
5103,2839,0
5089,2838,0
5076,2842,0
5066,2852,0
5052,2864,0
5045,2881,0
5043,2899,0
5043,2920,0
5054,2947,0
5063,2967,0
5079,2987,0
5096,2996,0
5116,3004,0
5134,3007,0
5150,3005,0
5167,3001,0
5178,2992,0
5187,2979,0
5199,2967,1
5164,2722,0
5168,2731,0
5168,2747,0
5170,2772,0
5173,2803,0
5175,2838,0
5183,2878,0
5192,2914,0
5198,2948,0
5207,2978,0
5213,2997,0
5217,3006,0
5221,3006,0
5226,2999,0
5224,2980,0
5233,2961,0
5242,2940,0
5250,2920,0
5264,2907,0
5277,2902,0
5291,2902,0
5305,2911,0
5316,2929,0
5324,2954,0
5325,2981,0
5329,3041,0
5327,3045,1
5576,2765,0
5575,2768,0
5578,2771,0
5578,2777,0
5578,2788,0
5580,2808,0
5581,2830,0
5587,2859,0
5593,2888,0
5598,2918,0
5603,2948,0
5611,2972,0
5614,2990,0
5614,2998,0
5614,2997,0
5615,2996,0
5614,2991,0
5612,2978,0
5614,2960,0
5614,2936,0
5614,2914,0
5621,2896,0
5629,2883,0
5638,2875,0
5646,2869,0
5679,2923,0
5683,2947,0
5694,2975,0
5708,2999,0
5721,3016,0
5738,3025,0
5755,3028,0
5801,2999,0
5808,2980,0
5814,2962,0
5815,2944,0
5808,2924,0
5798,2910,0
5785,2900,0
5772,2899,0
5740,2968,0
5743,2987,0
5756,3004,0
5774,3020,0
5792,3029,0
5811,3037,0
5827,3042,0
5842,3047,0
5869,3048,0
5872,3044,0
5879,3040,0
5887,3034,1
6007,2806,0
6010,2801,0
6013,2804,0
6015,2815,0
6006,2833,0
6008,2864,0
6019,2901,0
6025,2940,0
6037,2983,0
6047,3023,0
6052,3053,0
6056,3071,0
6056,3072,0
6058,3066,0
6064,3048,0
6069,3023,0
6077,2994,0
6087,2967,0
6096,2944,0
6113,2929,0
6128,2919,0
6158,2930,0
6167,2946,0
6174,2968,0
6177,2996,0
6177,3020,0
6183,3042,0
6177,3053,0
6174,3057,0
6184,3050,1
6329,2977,0
6335,2965,0
6330,2949,0
6324,2934,0
6312,2922,0
6295,2912,0
6280,2905,0
6260,2902,0
6247,2907,0
6237,2917,0
6229,2933,0
6224,2952,0
6221,2973,0
6222,2996,0
6227,3021,0
6247,3044,0
6261,3059,0
6278,3069,0
6297,3075,0
6313,3072,0
6325,3059,0
6338,3017,0
6338,2994,0
6335,2974,0
6331,2963,0
6331,2964,0
6329,2967,0
6324,2976,0
6324,2993,0
6331,3031,0
6336,3046,1
6488,3036,0
6492,3028,0
6493,3016,0
6491,3003,0
6486,2987,0
6478,2975,0
6462,2963,0
6449,2955,0
6433,2951,0
6421,2955,0
6408,2963,0
6401,2977,0
6391,2995,0
6389,3018,0
6389,3040,0
6394,3058,0
6404,3073,0
6420,3085,0
6433,3085,0
6473,3072,0
6486,3057,0
6497,3034,0
6502,3007,0
6506,2975,0
6503,2944,0
6507,2919,0
6504,2898,0
6498,2936,0
6495,2969,0
6497,3010,0
6501,3052,0
6510,3088,0
6516,3118,0
6519,3138,0
6518,3147,0
6519,3154,0
6518,3147,1