they run true and sweet to family form. No
812
680,3751,0
678,3766,0
677,3786,0
675,3818,0
673,3851,0
671,3887,0
665,3922,0
662,3954,0
660,3977,0
660,3986,0
661,3994,0
663,3990,0
663,3982,1
639,3875,0
636,3878,0
637,3882,0
641,3895,0
649,3904,0
661,3913,0
674,3911,0
690,3909,0
707,3902,0
719,3895,0
727,3887,0
730,3880,0
729,3864,1
717,3794,0
720,3807,0
724,3831,0
725,3860,0
724,3887,0
723,3920,0
720,3935,0
722,3947,0
723,3948,0
724,3944,0
728,3936,0
733,3916,0
741,3897,0
751,3886,0
761,3883,0
768,3883,0
772,3896,0
777,3912,0
781,3928,0
786,3937,0
791,3942,0
798,3937,0
805,3935,0
815,3923,0
822,3904,0
830,3888,0
837,3872,0
839,3865,0
833,3860,0
825,3864,0
817,3880,0
812,3903,0
810,3931,0
814,3952,0
822,3959,0
835,3960,0
850,3954,0
867,3942,0
880,3931,0
891,3911,0
897,3896,0
902,3880,0
903,3872,0
903,3872,0
903,3872,0
902,3884,0
901,3904,0
903,3921,0
907,3929,0
916,3929,0
925,3925,0
935,3910,0
945,3890,0
953,3875,0
957,3863,0
957,3863,0
956,3870,0
950,3894,0
943,3930,0
937,3981,0
928,4038,0
921,4085,0
916,4121,0
916,4142,1
1226,3882,0
1229,3901,0
1230,3917,0
1233,3937,0
1232,3945,0
1230,3945,0
1232,3950,0
1230,3946,0
1228,3937,0
1227,3922,0
1227,3898,0
1230,3877,0
1237,3858,0
1246,3845,0
1255,3840,0
1265,3840,0
1278,3843,0
1291,3851,0
1303,3858,0
1313,3861,0
1322,3869,1
1372,3813,0
1376,3817,0
1377,3824,0
1378,3848,0
1376,3873,0
1375,3901,0
1376,3921,0
1384,3932,0
1393,3935,0
1407,3930,0
1421,3917,0
1436,3899,0
1450,3882,0
1464,3865,0
1468,3852,0
1470,3844,0
1471,3843,0
1471,3855,0
1471,3880,0
1471,3908,0
1472,3928,0
1478,3940,0
1486,3947,0
1496,3950,0
1508,3948,0
1517,3944,0
1525,3942,0
1529,3942,0
1529,3937,0
1529,3942,0
1529,3950,0
1527,3959,0
1524,3962,0
1526,3966,0
1526,3962,0
1527,3954,0
1531,3933,0
1538,3912,0
1548,3895,0
1558,3882,0
1568,3872,0
1582,3870,0
1594,3881,0
1600,3892,0
1604,3912,0
1604,3936,0
1604,3948,0
1607,3959,0
1613,3971,1
1860,3748,0
1860,3765,0
1864,3801,0
1864,3838,0
1868,3886,0
1866,3915,0
1869,3943,0
1870,3964,0
1870,3971,0
1873,3978,0
1872,3975,0
1873,3970,0
1873,3954,1
1824,3850,0
1818,3843,0
1818,3843,0
1818,3847,0
1824,3851,0
1837,3859,0
1855,3864,0
1877,3863,0
1899,3855,0
1920,3846,0
1936,3838,0
1943,3832,0
1947,3836,0
1945,3836,0
1947,3848,0
1946,3869,0
1947,3897,0
1950,3921,0
1952,3937,0
1956,3948,0
1959,3952,0
1959,3948,0
1961,3947,0
1961,3939,0
1956,3919,0
1950,3896,0
1947,3876,0
1948,3864,0
1952,3855,0
1956,3846,0
1966,3843,0
1977,3836,0
1993,3832,0
2007,3833,0
2021,3834,0
2026,3828,0
2032,3831,0
2036,3834,0
2036,3838,0
2036,3854,0
2034,3880,0
2029,3906,0
2030,3926,0
2034,3937,0
2041,3940,0
2051,3946,0
2060,3939,0
2068,3933,0
2074,3915,0
2082,3900,0
2087,3882,0
2092,3872,0
2094,3868,0
2094,3868,0
2096,3876,0
2096,3892,0
2103,3916,0
2106,3927,0
2116,3940,0
2125,3942,0
2136,3943,0
2147,3941,0
2157,3934,0
2166,3923,0
2176,3907,0
2184,3892,0
2188,3874,0
2195,3864,0
2200,3854,0
2195,3843,0
2190,3836,0
2178,3836,0
2167,3847,0
2156,3871,0
2152,3906,0
2155,3934,0
2167,3952,0
2185,3962,0
2209,3968,0
2236,3964,0
2264,3955,0
2290,3947,0
2311,3937,0
2328,3930,1
2567,3865,0
2560,3858,0
2552,3858,0
2542,3857,0
2526,3863,0
2511,3882,0
2499,3908,0
2497,3943,0
2500,3972,0
2508,3986,0
2520,3986,0
2536,3980,0
2555,3964,0
2574,3948,0
2585,3927,0
2591,3907,0
2590,3889,0
2585,3879,0
2579,3868,0
2580,3872,0
2579,3882,0
2583,3901,0
2588,3921,0
2595,3935,0
2605,3944,0
2614,3949,0
2620,3951,0
2623,3950,0
2627,3957,0
2630,3960,0
2628,3960,0
2627,3961,0
2627,3961,0
2630,3964,0
2630,3959,0
2628,3943,0
2629,3921,0
2632,3899,0
2639,3883,0
2647,3875,0
2656,3866,0
2665,3863,0
2675,3863,0
2683,3872,0
2690,3891,0
2690,3909,0
2689,3930,0
2690,3948,0
2692,3960,0
2694,3964,0
2696,3963,0
2699,3962,0
2700,3952,1
2794,3893,0
2794,3894,0
2788,3887,0
2782,3886,0
2769,3887,0
2756,3897,0
2745,3920,0
2736,3945,0
2737,3971,0
2742,3982,0
2757,3988,0
2770,3978,0
2784,3968,0
2796,3950,0
2806,3927,0
2808,3896,0
2809,3864,0
2809,3829,0
2808,3803,0
2806,3786,0
2808,3785,0
2809,3789,0
2813,3805,0
2818,3839,0
2819,3877,0
2819,3921,0
2819,3956,0
2824,3981,0
2823,3990,0
2827,3996,0
2830,4000,0
2835,3998,0
2838,3988,1
3139,3883,0
3131,3879,0
3124,3879,0
3117,3882,0
3107,3883,0
3105,3897,0
3100,3909,0
3103,3922,0
3132,3947,0
3153,3973,0
3148,3984,0
3144,3996,0
3134,4005,0
3119,4009,0
3110,4014,0
3094,4003,0
3088,3998,0
3086,3986,0
3102,3959,0
3111,3941,1
3219,3867,0
3215,3864,0
3210,3872,0
3204,3889,0
3200,3918,0
3198,3943,0
3202,3959,0
3212,3967,0
3221,3962,0
3233,3955,0
3238,3942,0
3248,3937,0
3247,3923,0
3246,3921,0
3247,3924,0
3244,3935,0
3245,3952,0
3248,3965,0
3255,3970,0
3264,3974,0
3277,3971,0
3288,3965,0
3298,3954,0
3312,3942,0
3320,3923,0
3322,3898,0
3326,3877,0
3333,3869,0
3336,3862,1
3380,3947,0
3389,3947,0
3398,3941,0
3404,3928,0
3413,3918,0
3420,3909,0
3417,3896,0
3415,3889,0
3404,3881,0
3395,3882,0
3385,3897,0
3377,3917,0
3374,3942,0
3379,3967,0
3386,3986,0
3399,3996,0
3415,4002,0
3436,4002,0
3452,3993,0
3471,3981,0
3485,3967,1
3486,3952,0
3489,3954,0
3495,3952,0
3503,3946,0
3513,3935,0
3523,3923,0
3532,3909,0
3536,3901,0
3535,3892,0
3532,3889,0
3520,3882,0
3514,3896,0
3505,3912,0
3503,3936,0
3503,3960,0
3509,3986,0
3514,3996,0
3527,4007,0
3541,4012,0
3555,4007,0
3573,4000,0
3589,3986,0
3602,3967,0
3612,3946,0
3619,3922,1
3639,3792,0
3638,3788,0
3637,3788,0
3637,3798,0
3640,3825,0
3641,3864,0
3638,3904,0
3635,3940,0
3638,3973,0
3636,3993,0
3639,4005,0
3644,4012,1
3600,3892,0
3598,3894,0
3599,3893,0
3604,3894,0
3619,3898,0
3639,3904,0
3667,3904,0
3694,3906,0
3713,3896,0
3732,3893,0
3749,3885,0
3764,3884,0
3772,3884,1
3950,3780,0
3957,3799,0
3964,3829,0
3972,3909,0
3969,3947,0
3971,3985,0
3971,4016,0
3974,4039,0
3976,4052,0
3978,4059,0
3981,4058,0
3980,4049,1
3923,3911,0
3923,3911,0
3930,3916,0
3939,3919,0
3961,3928,0
4002,3927,0
4021,3922,0
4037,3920,0
4051,3919,0
4054,3916,0
4056,3919,0
4048,3926,0
4022,3957,0
4006,3979,0
4003,4007,0
4003,4021,0
4012,4029,0
4027,4033,0
4043,4032,0
4058,4020,0
4073,4009,0
4078,3993,0
4079,3978,0
4077,3964,0
4064,3944,0
4055,3930,0
4050,3930,0
4043,3930,0
4046,3932,1
4369,3951,0
4380,3936,0
4384,3916,0
4394,3903,0
4396,3885,0
4392,3872,0
4393,3860,0
4382,3848,0
4374,3845,0
4373,3851,0
4368,3866,0
4360,3899,0
4365,3944,0
4368,3989,0
4377,4029,0
4385,4053,0
4385,4058,0
4390,4065,0
4387,4062,0
4384,4053,0
4379,4032,0
4372,4012,0
4369,3993,0
4363,3977,0
4371,3975,0
4381,3972,0
4396,3969,0
4419,3965,0
4445,3959,0
4467,3950,0
4485,3945,0
4490,3939,0
4495,3940,0
4490,3939,0
4483,3947,0
4471,3963,0
4459,3989,0
4449,4014,0
4443,4034,0
4448,4046,0
4459,4053,0
4468,4050,0
4483,4043,0
4496,4031,0
4509,3977,0
4507,3974,0
4505,3975,0
4507,3983,0
4509,3998,0
4509,4013,0
4517,4029,0
4521,4041,0
4544,4063,0
4544,4063,0
4543,4064,0
4545,4063,0
4545,4063,0
4547,4061,0
4542,4048,0
4555,4004,0
4565,3991,0
4577,3980,0
4592,3971,0
4609,3971,0
4623,3975,0
4633,3987,0
4644,4021,0
4645,4036,0
4647,4046,0
4642,4050,0
4644,4048,0
4649,4048,0
4652,4036,0
4657,4015,0
4692,3959,0
4701,3962,0
4712,3974,0
4716,3986,0
4718,4001,0
4719,4017,0
4719,4027,0
4724,4039,0
4726,4037,1
4792,3974,0
4796,3981,0
4799,3995,0
4798,4013,0
4796,4032,0
4792,4046,0
4786,4058,0
4789,4061,0
4789,4060,1
4792,3891,0
4790,3887,0
4789,3882,0
4794,3883,0
4792,3880,0
4795,3882,0
4801,3881,0
4813,3886,0
4823,3887,1
4863,3869,0
4864,3880,0
4863,3899,0
4854,3924,0
4853,3959,0
4850,3996,0
4847,4032,0
4847,4054,0
4848,4070,0
4857,4079,0
4862,4079,0
4869,4077,0
4880,4067,0
4891,4051,0
4900,4031,0
4905,4010,0
4910,3998,0
4912,3996,0
4915,4005,0
4916,4027,0
4917,4048,0
4918,4064,0
4922,4071,0
4930,4075,0
4936,4069,0
4946,4059,0
4960,4045,0
4971,4028,0
4979,4015,0
4986,4013,0
4987,4018,0
4979,4111,0
4969,4164,0
4957,4209,0
4956,4244,0
4958,4264,0
4957,4270,0
4958,4264,1
5366,4000,0
5367,3991,0
5371,3981,0
5377,3969,0
5382,3951,0
5382,3933,0
5384,3918,0
5378,3901,0
5363,3888,0
5355,3884,0
5354,3891,0
5347,3899,0
5344,3921,0
5342,3954,0
5346,3997,0
5340,4028,0
5345,4058,0
5351,4075,0
5356,4087,0
5358,4091,0
5357,4092,0
5354,4084,0
5350,4070,0
5340,4045,0
5335,4022,0
5337,4007,0
5338,3995,0
5347,3991,0
5356,3987,0
5369,3983,0
5392,3982,0
5405,3974,0
5419,3969,0
5426,3979,0
5417,3997,0
5408,4018,0
5405,4039,0
5410,4051,0
5418,4055,0
5429,4055,0
5460,4038,0
5469,4022,0
5477,4006,0
5475,3991,0
5470,3977,0
5461,3964,0
5452,3956,0
5447,3955,0
5454,3965,0
5467,3969,1
5532,3968,0
5534,3977,0
5535,3994,0
5532,4015,0
5537,4035,0
5535,4049,0
5536,4054,0
5539,4057,0
5540,4056,0
5538,4052,0
5536,4041,0
5531,4024,0
5530,4006,0
5530,3988,0
5530,3975,0
5537,3966,0
5545,3957,0
5554,3952,0
5567,3951,0
5576,3952,0
5585,3954,1
5614,3974,0
5614,3987,0
5612,4003,0
5611,4022,0
5610,4029,0
5611,4034,0
5611,4034,0
5614,4036,0
5612,4033,0
5614,4024,0
5621,4010,0
5631,3993,0
5642,3985,0
5656,3981,0
5665,3983,0
5677,3994,0
5682,4007,0
5684,4022,0
5682,4036,0
5691,4045,0
5694,4042,0
5705,4041,0
5713,4025,0
5728,4006,0
5742,3989,0
5756,3980,0
5787,4011,0
5793,4035,0
5794,4053,0
5803,4068,1
5916,4087,0
5916,4087,0
5919,4089,0
5917,4092,0
5914,4089,0
5909,4090,0
5913,4092,0
5912,4091,0
5916,4092,1
6127,3859,0
6130,3862,0
6136,3880,0
6133,3906,0
6138,3944,0
6138,3978,0
6137,4013,0
6139,4036,0
6138,4052,0
6141,4060,0
6141,4060,0
6143,4058,0
6148,4052,0
6145,4029,0
6147,3999,0
6143,3959,0
6135,3916,0
6138,3885,0
6137,3865,0
6138,3851,0
6138,3851,0
6135,3854,0
6137,3879,0
6150,3916,0
6166,3962,0
6182,4000,0
6201,4027,0
6218,4046,0
6244,4058,0
6244,4051,0
6246,4034,0
6241,4008,0
6237,3973,0
6229,3937,0
6222,3911,0
6220,3895,0
6234,3916,0
6247,3945,0
6252,3966,1
6331,4034,0
6330,4028,0
6329,4023,0
6321,4015,0
6312,4012,0
6304,4023,0
6297,4045,0
6300,4068,0
6305,4081,0
6321,4087,0
6337,4086,0
6351,4080,0
6360,4069,0
6365,4062,0
6359,4050,0
6329,4024,0
6311,4015,0
6305,4015,0
6303,4018,0
6300,4021,1