and charm and Mr. Willard Stoker
1011
711,2508,0
706,2507,0
707,2511,0
705,2511,0
703,2507,0
699,2502,0
694,2501,0
641,2528,0
622,2550,0
605,2574,0
596,2601,0
593,2634,0
600,2663,0
610,2681,0
622,2688,0
636,2686,0
653,2685,0
670,2675,0
688,2658,0
704,2640,0
719,2618,0
733,2600,0
744,2574,0
752,2555,0
755,2547,0
755,2539,0
752,2538,0
750,2542,0
746,2542,0
744,2550,0
743,2545,0
745,2549,0
747,2545,0
750,2550,0
753,2550,0
755,2546,0
757,2543,0
760,2547,0
760,2544,0
761,2544,0
761,2536,0
762,2531,0
762,2532,0
762,2523,0
762,2523,0
763,2523,0
763,2528,0
763,2528,0
763,2528,0
764,2540,0
760,2555,0
754,2575,0
748,2606,0
741,2646,0
734,2677,0
729,2700,0
727,2717,0
728,2729,0
730,2729,0
733,2730,0
736,2726,0
737,2726,1
823,2684,0
824,2683,0
824,2692,0
823,2684,0
822,2671,0
822,2659,0
821,2639,0
822,2615,0
824,2587,0
827,2564,0
829,2536,0
833,2520,0
834,2508,0
834,2504,0
834,2504,0
835,2508,0
834,2524,0
837,2552,0
839,2577,0
841,2606,0
841,2630,0
839,2649,0
837,2657,0
837,2661,0
836,2661,0
840,2657,0
846,2638,0
857,2619,0
875,2592,0
899,2566,0
923,2543,0
946,2533,0
963,2526,0
976,2534,0
982,2555,0
980,2582,0
970,2618,0
956,2657,0
945,2693,0
943,2713,0
950,2709,1
1204,2518,0
1200,2518,0
1197,2518,0
1193,2514,0
1187,2514,0
1179,2515,0
1167,2523,0
1150,2540,0
1131,2568,0
1111,2593,0
1097,2621,0
1090,2641,0
1089,2653,0
1095,2661,0
1107,2661,0
1122,2660,0
1137,2656,0
1150,2648,0
1165,2639,0
1176,2627,0
1186,2614,0
1194,2593,0
1200,2570,0
1204,2537,0
1207,2501,0
1212,2465,0
1219,2428,0
1224,2388,0
1230,2352,0
1235,2327,0
1239,2315,0
1239,2315,0
1238,2327,0
1229,2356,0
1220,2404,0
1212,2461,0
1201,2514,0
1197,2566,0
1196,2606,0
1201,2642,0
1208,2666,0
1217,2685,0
1227,2700,0
1235,2708,1
1701,2581,0
1701,2582,0
1701,2582,0
1693,2572,0
1688,2564,0
1682,2562,0
1672,2557,0
1659,2555,0
1638,2552,0
1618,2557,0
1594,2562,0
1573,2574,0
1554,2586,0
1536,2602,0
1522,2621,0
1513,2643,0
1512,2668,0
1515,2688,0
1525,2706,0
1539,2716,0
1561,2724,0
1587,2723,0
1616,2717,0
1645,2711,0
1671,2709,1
1823,2731,0
1824,2731,0
1824,2726,0
1826,2714,0
1831,2700,0
1839,2680,0
1845,2653,0
1850,2618,0
1855,2579,0
1859,2536,0
1867,2495,0
1872,2451,0
1880,2423,0
1879,2398,0
1881,2393,0
1877,2390,0
1876,2403,0
1867,2427,0
1865,2470,0
1853,2508,0
1843,2550,0
1833,2586,0
1828,2617,0
1824,2630,0
1828,2638,0
1836,2640,0
1843,2629,0
1859,2620,0
1872,2599,0
1889,2580,0
1905,2567,0
1918,2562,0
1925,2568,0
1925,2581,0
1920,2608,0
1911,2637,0
1903,2673,0
1892,2701,0
1889,2732,0
1888,2749,0
1891,2756,1
2171,2586,0
2166,2588,0
2162,2585,0
2159,2582,0
2152,2577,0
2145,2575,0
2135,2576,0
2121,2577,0
2104,2581,0
2089,2586,0
2076,2596,0
2062,2606,0
2049,2620,0
2041,2640,0
2035,2660,0
2036,2685,0
2041,2704,0
2051,2718,0
2066,2725,0
2082,2727,0
2101,2724,0
2120,2721,0
2132,2707,0
2146,2697,0
2156,2685,0
2158,2666,0
2166,2654,0
2159,2626,0
2166,2615,0
2168,2596,0
2172,2585,0
2172,2577,0
2171,2577,0
2169,2587,0
2167,2618,0
2161,2656,0
2153,2690,0
2152,2725,0
2152,2742,0
2161,2748,0
2167,2740,1
2243,2738,0
2244,2746,0
2242,2743,0
2242,2738,0
2244,2729,0
2244,2712,0
2244,2693,0
2241,2673,0
2246,2656,0
2240,2629,0
2248,2617,0
2242,2593,0
2244,2583,0
2244,2583,0
2248,2589,0
2248,2593,0
2250,2606,0
2255,2622,0
2257,2630,0
2260,2632,0
2270,2637,0
2282,2635,0
2296,2624,0
2309,2608,0
2323,2602,1
2440,2753,0
2436,2755,0
2434,2752,0
2433,2747,0
2434,2738,0
2432,2725,0
2431,2712,0
2432,2703,0
2430,2690,0
2427,2673,0
2425,2651,0
2429,2632,0
2428,2605,0
2432,2584,0
2435,2564,0
2437,2553,0
2439,2553,0
2437,2553,0
2437,2558,0
2437,2577,0
2434,2601,0
2431,2630,0
2427,2664,0
2422,2698,0
2415,2721,0
2413,2736,0
2417,2742,0
2420,2741,0
2430,2740,0
2435,2728,0
2444,2714,0
2452,2697,0
2459,2674,0
2468,2655,0
2478,2637,0
2490,2621,0
2499,2606,0
2507,2597,0
2514,2597,0
2516,2601,0
2523,2615,0
2525,2632,0
2527,2654,0
2525,2679,0
2521,2704,0
2518,2729,0
2517,2748,0
2514,2753,0
2516,2753,0
2520,2750,0
2523,2739,0
2530,2722,0
2537,2700,0
2547,2675,0
2560,2654,0
2574,2635,0
2582,2616,0
2593,2610,0
2601,2610,0
2602,2613,0
2608,2629,0
2606,2644,0
2608,2667,0
2607,2690,0
2607,2719,0
2603,2744,0
2600,2770,0
2599,2793,0
2600,2806,1
3054,2627,0
3054,2627,0
3054,2627,0
3052,2623,0
3052,2623,0
3045,2619,0
3039,2618,0
3033,2618,0
3023,2615,0
3013,2618,0
2995,2618,0
2977,2625,0
2956,2642,0
2937,2661,0
2922,2683,0
2910,2706,0
2899,2724,0
2900,2748,0
2906,2763,0
2911,2770,0
2924,2775,0
2938,2775,0
2951,2770,0
2961,2758,0
2974,2743,0
2982,2723,0
2990,2702,0
2999,2680,0
3010,2661,0
3017,2641,0
3023,2630,0
3025,2628,0
3025,2629,0
3026,2639,0
3018,2655,0
3013,2679,0
3010,2706,0
3004,2731,0
3001,2753,0
3006,2774,0
3012,2790,1
3104,2760,0
3106,2764,0
3104,2760,0
3109,2761,0
3107,2758,0
3107,2753,0
3106,2744,0
3106,2733,0
3111,2719,0
3112,2697,0
3115,2675,0
3118,2651,0
3124,2632,0
3130,2621,0
3131,2615,0
3127,2613,0
3126,2614,0
3129,2622,0
3127,2639,0
3124,2662,0
3118,2683,0
3112,2702,0
3108,2717,0
3112,2724,0
3113,2723,0
3116,2720,0
3119,2713,0
3128,2705,0
3137,2693,0
3148,2679,0
3165,2670,0
3179,2659,0
3193,2651,0
3204,2648,0
3214,2655,0
3215,2669,0
3209,2697,0
3199,2730,0
3185,2762,0
3175,2791,0
3170,2805,0
3176,2810,0
3187,2808,0
3197,2794,0
3208,2779,1
3441,2644,0
3440,2644,0
3443,2642,0
3443,2642,0
3444,2641,0
3441,2638,0
3437,2637,0
3431,2637,0
3424,2642,0
3411,2644,0
3398,2651,0
3385,2663,0
3367,2674,0
3348,2686,0
3332,2700,0
3321,2716,0
3314,2727,0
3313,2738,0
3317,2745,0
3322,2752,0
3332,2759,0
3339,2763,0
3345,2764,0
3351,2764,0
3357,2763,0
3363,2759,0
3367,2749,0
3376,2736,0
3384,2712,0
3397,2685,0
3411,2655,0
3425,2620,0
3440,2588,0
3451,2556,0
3463,2527,0
3466,2500,0
3467,2482,0
3470,2473,0
3469,2474,0
3467,2476,0
3467,2488,0
3466,2519,0
3459,2554,0
3455,2601,0
3448,2649,0
3443,2691,0
3442,2725,0
3443,2751,0
3451,2771,1
3873,2815,0
3872,2816,0
3874,2815,0
3875,2814,0
3875,2813,0
3872,2811,0
3872,2811,0
3871,2812,0
3868,2809,0
3865,2807,0
3863,2803,0
3863,2798,0
3859,2784,0
3853,2768,0
3849,2748,0
3848,2726,0
3843,2695,0
3841,2668,0
3841,2639,0
3841,2609,0
3836,2577,0
3838,2551,0
3839,2531,0
3836,2516,0
3839,2514,0
3839,2513,0
3839,2514,0
3839,2519,0
3843,2533,0
3848,2552,0
3853,2570,0
3858,2589,0
3865,2606,0
3869,2613,0
3872,2616,0
3874,2614,0
3880,2607,0
3887,2593,0
3893,2574,0
3900,2552,0
3906,2532,0
3915,2516,0
3919,2504,0
3924,2499,0
3928,2501,0
3933,2512,0
3933,2531,0
3937,2557,0
3942,2589,0
3943,2625,0
3945,2666,0
3942,2711,0
3940,2756,0
3937,2800,0
3935,2832,0
3937,2853,0
3939,2857,1
4039,2820,0
4036,2823,0
4034,2825,0
4030,2823,0
4031,2822,0
4029,2818,0
4028,2808,0
4028,2795,0
4023,2777,0
4020,2757,0
4016,2736,0
4014,2714,0
4016,2700,0
4013,2685,0
4011,2680,0
4012,2679,0
4012,2680,0
4014,2683,0
4020,2695,0
4022,2705,0
4026,2712,0
4030,2714,0
4040,2715,0
4048,2706,0
4061,2697,0
4072,2683,0
4088,2677,0
4097,2672,0
4111,2673,1
4179,2786,0
4172,2799,0
4170,2803,0
4174,2805,0
4169,2804,0
4174,2804,0
4175,2802,0
4176,2801,0
4179,2804,1
4417,2509,0
4413,2509,0
4417,2509,0
4418,2509,0
4420,2512,0
4427,2523,0
4433,2543,0
4436,2572,0
4434,2610,0
4438,2658,0
4442,2706,0
4442,2753,0
4446,2800,0
4447,2839,0
4452,2870,0
4456,2884,0
4455,2885,0
4456,2884,0
4459,2874,0
4459,2855,0
4457,2825,0
4458,2791,0
4459,2750,0
4461,2708,0
4461,2662,0
4467,2626,0
4473,2597,0
4479,2581,0
4480,2574,0
4483,2576,0
4486,2586,0
4492,2610,0
4497,2645,0
4498,2685,0
4503,2731,0
4502,2781,0
4506,2828,0
4507,2865,0
4511,2886,0
4515,2893,0
4518,2889,0
4523,2877,0
4532,2852,0
4531,2813,0
4545,2770,0
4553,2719,0
4563,2664,0
4575,2613,0
4589,2565,0
4595,2526,0
4603,2507,0
4605,2504,0
4594,2513,1
4676,2848,0
4672,2854,0
4672,2854,0
4673,2851,0
4678,2844,0
4679,2831,0
4685,2815,0
4692,2800,0
4690,2775,0
4693,2756,0
4695,2733,0
4695,2712,0
4699,2694,1
4682,2526,0
4679,2523,0
4680,2515,0
4681,2497,0
4689,2478,1
4791,2497,0
4789,2513,0
4783,2532,0
4788,2561,0
4786,2593,0
4788,2633,0
4788,2677,0
4791,2729,0
4786,2778,0
4786,2826,0
4786,2867,0
4784,2897,0
4787,2913,0
4787,2912,0
4791,2907,0
4801,2895,0
4805,2869,0
4821,2839,0
4834,2801,0
4851,2761,0
4868,2723,0
4882,2688,0
4903,2662,0
4907,2641,0
4911,2636,1
4973,2490,0
4977,2506,0
4977,2521,0
4982,2545,0
4984,2573,0
4986,2608,0
4983,2649,0
4983,2692,0
4975,2736,0
4970,2779,0
4965,2815,0
4958,2846,0
4961,2864,0
4962,2868,0
4963,2867,0
4969,2865,0
4970,2856,0
4975,2842,0
4983,2824,0
4989,2801,0
5003,2780,0
5011,2759,0
5026,2746,0
5037,2736,0
5053,2733,1
5237,2719,0
5230,2721,0
5225,2724,0
5221,2722,0
5209,2717,0
5204,2712,0
5191,2708,0
5179,2706,0
5168,2709,0
5151,2713,0
5136,2722,0
5122,2736,0
5108,2759,0
5096,2783,0
5092,2811,0
5100,2836,0
5108,2853,0
5116,2862,0
5127,2866,0
5143,2865,0
5158,2857,0
5174,2847,0
5187,2826,0
5202,2803,0
5217,2781,0
5223,2757,0
5231,2743,0
5228,2731,0
5228,2731,0
5228,2733,0
5228,2740,0
5226,2750,0
5224,2763,0
5221,2781,0
5228,2801,0
5230,2819,0
5237,2839,0
5243,2858,0
5251,2876,0
5257,2888,0
5260,2897,1
5332,2861,0
5335,2864,0
5328,2859,0
5329,2857,0
5330,2849,0
5327,2838,0
5325,2825,0
5326,2811,0
5324,2790,0
5327,2770,0
5327,2747,0
5326,2726,0
5327,2709,0
5330,2704,0
5326,2703,0
5327,2709,0
5320,2720,0
5319,2737,0
5322,2755,0
5323,2768,0
5325,2774,0
5334,2774,0
5349,2765,0
5361,2745,0
5380,2728,0
5393,2714,0
5409,2712,0
5414,2719,0
5417,2730,1
5593,2722,0
5595,2726,0
5595,2725,0
5588,2721,0
5588,2721,0
5585,2719,0
5584,2719,0
5579,2721,0
5571,2727,0
5563,2741,0
5556,2762,0
5542,2786,0
5531,2811,0
5518,2832,0
5516,2853,0
5518,2871,0
5520,2884,0
5526,2889,0
5542,2894,0
5553,2892,0
5561,2885,0
5570,2878,0
5583,2871,0
5590,2860,0
5590,2844,0
5600,2828,0
5601,2803,0
5607,2777,0
5610,2748,0
5610,2715,0
5614,2684,0
5617,2652,0
5621,2620,0
5625,2596,0
5630,2577,0
5632,2567,0
5630,2562,0
5632,2567,0
5628,2582,0
5627,2617,0
5621,2663,0
5622,2712,0
5612,2760,0
5610,2804,0
5611,2841,0
5614,2867,0
5618,2885,0
5623,2898,0
5624,2905,1
5932,2810,0
5931,2813,0
5932,2818,0
5933,2825,0
5938,2834,0
5943,2842,0
5945,2852,0
5951,2859,0
5960,2868,0
5972,2878,0
5982,2885,0
5993,2890,0
6009,2894,0
6023,2894,0
6038,2890,0
6049,2881,0
6066,2874,0
6079,2866,0
6081,2853,0
6083,2841,0
6082,2827,0
6078,2818,0
6066,2806,0
6050,2794,0
6033,2782,0
6013,2768,0
5995,2753,0
5980,2736,0
5964,2717,0
5955,2691,0
5953,2668,0
5950,2639,0
5955,2610,0
5961,2581,0
5976,2561,0
5991,2545,0
6004,2538,0
6026,2539,0
6039,2548,0
6058,2564,0
6073,2588,1
6143,2873,0
6140,2871,0
6143,2866,0
6143,2856,0
6144,2838,0
6146,2818,0
6148,2796,0
6152,2772,0
6150,2749,0
6156,2727,0
6153,2708,0
6153,2697,0
6152,2692,1
6109,2758,0
6112,2761,0
6117,2759,0
6132,2758,0
6149,2750,0
6170,2744,0
6194,2740,0
6218,2737,0
6235,2739,1
6326,2878,0
6314,2884,0
6300,2885,0
6287,2883,0
6278,2876,0
6264,2866,0
6257,2855,0
6254,2844,0
6249,2827,0
6250,2815,0
6249,2801,0
6259,2790,0
6269,2778,0
6284,2767,0
6301,2759,0
6321,2755,0
6338,2755,0
6358,2761,0
6371,2771,0
6382,2786,0
6378,2802,0
6379,2827,0
6363,2849,0
6338,2871,0
6312,2888,0
6285,2897,0
6269,2901,0
6268,2895,0
6276,2878,1
6481,2545,0
6476,2567,0
6481,2586,0
6481,2615,0
6488,2647,0
6486,2679,0
6486,2717,0
6480,2758,0
6473,2799,0
6461,2832,0
6458,2865,0
6448,2886,0
6446,2898,0
6445,2900,0
6450,2900,0
6450,2890,0
6459,2882,1
6472,2828,0
6477,2828,0
6490,2819,0
6508,2811,0
6524,2795,0
6544,2782,0
6563,2768,0
6581,2759,0
6584,2753,1
6493,2814,0
6493,2823,0
6492,2832,0
6496,2844,0
6496,2852,0
6509,2862,0
6518,2871,0
6531,2881,0
6543,2893,0
6547,2903,0
6554,2916,0
6557,2927,0
6555,2932,1
6628,2836,0
6631,2839,0
6635,2840,0
6648,2843,0
6667,2842,0
6680,2841,0
6691,2836,0
6713,2836,0
6724,2831,0
6731,2825,0
6741,2822,0
6740,2815,0
6739,2808,0
6734,2801,0
6721,2791,0
6707,2783,0
6695,2781,0
6672,2781,0
6650,2792,0
6626,2813,0
6606,2837,0
6589,2861,0
6575,2883,0
6578,2902,0
6591,2913,0
6611,2919,0
6642,2917,0
6679,2916,0
6710,2915,1
6814,2932,0
6814,2932,0
6811,2926,0
6811,2917,0
6814,2904,0
6814,2892,0
6814,2875,0
6814,2856,0
6822,2839,0
6819,2816,0
6824,2797,0
6822,2782,0
6821,2774,0
6815,2768,0
6814,2770,0
6812,2774,0
6808,2784,0
6806,2796,0
6804,2812,0
6797,2826,0
6795,2839,0
6792,2844,0
6792,2844,0
6797,2844,0
6802,2843,0
6811,2836,0
6820,2825,0
6838,2815,0
6855,2798,0
6883,2784,0
6906,2769,0
6916,2758,0
6919,2760,1