wall game, to the
307
1078,4100,0
1078,4117,0
1088,4173,0
1094,4225,0
1097,4289,0
1099,4352,0
1096,4401,0
1094,4432,0
1093,4440,0
1094,4432,0
1105,4396,0
1117,4333,0
1132,4268,0
1150,4232,0
1165,4220,0
1182,4227,0
1201,4259,0
1213,4307,0
1223,4358,0
1233,4398,0
1243,4413,0
1255,4417,0
1276,4396,0
1298,4351,0
1321,4282,0
1341,4216,0
1361,4167,0
1374,4130,0
1389,4112,1
1479,4297,0
1483,4280,0
1476,4249,0
1461,4214,0
1442,4180,0
1426,4157,0
1417,4155,0
1401,4159,0
1385,4193,0
1373,4249,0
1369,4314,0
1368,4367,0
1375,4406,0
1389,4421,0
1415,4420,0
1510,4282,0
1508,4295,0
1506,4323,0
1510,4347,0
1518,4353,0
1535,4352,0
1550,4326,0
1560,4276,1
1619,3926,0
1616,3959,0
1628,4041,0
1633,4126,0
1633,4223,0
1630,4312,0
1627,4389,0
1624,4438,0
1625,4454,0
1625,4450,0
1632,4425,0
1643,4359,0
1648,4266,1
1710,3948,0
1713,3960,0
1713,4005,0
1714,4077,0
1710,4163,0
1711,4252,0
1719,4332,0
1732,4394,0
1754,4427,0
1785,4439,0
1824,4420,0
1863,4389,1
2338,4172,0
2328,4166,0
2311,4150,0
2294,4143,0
2273,4133,0
2252,4135,0
2235,4152,0
2224,4176,0
2220,4194,0
2227,4217,0
2241,4234,0
2264,4244,0
2296,4256,0
2326,4263,0
2359,4290,0
2384,4321,0
2403,4361,0
2414,4412,0
2409,4455,0
2394,4501,0
2367,4543,0
2330,4579,0
2294,4605,0
2262,4613,0
2235,4605,0
2214,4581,0
2205,4546,0
2211,4499,0
2230,4453,1
2589,4173,0
2584,4171,0
2564,4152,0
2541,4140,0
2515,4137,0
2485,4139,0
2458,4161,0
2439,4189,0
2431,4221,0
2435,4258,0
2444,4280,0
2465,4295,0
2496,4296,0
2530,4289,0
2560,4265,0
2583,4236,0
2601,4220,0
2605,4214,0
2603,4215,0
2606,4239,0
2608,4281,0
2609,4311,0
2617,4342,0
2630,4367,0
2649,4381,1
2723,4280,0
2724,4288,0
2719,4277,0
2716,4270,0
2702,4224,0
2700,4177,0
2702,4129,0
2718,4097,0
2736,4072,0
2760,4070,0
2782,4082,0
2800,4118,0
2808,4162,0
2808,4214,0
2801,4253,0
2797,4285,0
2794,4295,0
2801,4300,0
2805,4290,0
2823,4251,0
2842,4196,0
2873,4165,0
2900,4139,0
2926,4127,0
2949,4134,0
2968,4156,0
2981,4186,0
2987,4222,0
2994,4259,0
2994,4285,0
3004,4311,0
3013,4321,0
3023,4307,1
3122,4160,0
3127,4163,0
3141,4164,0
3160,4167,0
3180,4162,0
3200,4152,0
3214,4135,0
3222,4121,0
3226,4111,0
3218,4096,0
3203,4087,0
3181,4080,0
3155,4085,0
3127,4099,0
3098,4123,0
3076,4157,0
3067,4193,0
3080,4235,0
3106,4267,0
3146,4292,0
3199,4310,0
3254,4313,0
3315,4312,0
3375,4307,0
3428,4296,1
3520,4358,0
3506,4403,0
3508,4466,0
3500,4512,0
3506,4554,1
3974,3964,0
3974,3968,0
3978,3995,0
3976,4052,0
3971,4121,0
3962,4196,0
3958,4262,0
3955,4313,0
3955,4337,1
3842,4109,0
3843,4113,0
3862,4125,0
3890,4133,0
3942,4146,0
3997,4151,0
4051,4151,0
4100,4154,0
4145,4155,0
4169,4151,0
4181,4152,0
4176,4151,0
4172,4155,0
4145,4159,0
4116,4167,0
4101,4183,0
4091,4196,0
4096,4212,0
4109,4227,0
4132,4235,0
4169,4242,0
4207,4238,0
4251,4229,0
4291,4213,0
4327,4194,0
4343,4166,0
4343,4140,0
4333,4127,0
4299,4115,0
4261,4118,0
4225,4133,0
4191,4150,0
4164,4165,0
4158,4185,0
4159,4193,0
4197,4200,0
4244,4190,1
4818,3875,0
4818,3882,0
4823,3922,0
4828,3978,0
4833,4040,0
4837,4109,0
4839,4179,0
4840,4237,0
4830,4280,0
4829,4307,0
4823,4317,0
4810,4308,0
4786,4275,1
4620,4135,0
4630,4141,0
4646,4144,0
4682,4149,0
4736,4155,0
4786,4151,0
4840,4150,0
4878,4135,1
4904,3901,0
4898,3901,0
4907,3910,0
4910,3936,0
4917,3986,0
4922,4048,0
4926,4123,0
4920,4189,0
4912,4252,0
4903,4294,0
4903,4304,0
4913,4307,0
4927,4287,0
4949,4239,0
4975,4193,0
5002,4155,0
5031,4138,0
5062,4140,0
5088,4155,0
5108,4180,0
5123,4215,0
5137,4253,0
5142,4281,0
5146,4299,0
5153,4304,1
5223,4141,0
5233,4143,0
5257,4141,0
5283,4136,0
5310,4126,0
5330,4110,0
5339,4094,0
5339,4088,0
5332,4078,0
5315,4073,0
5282,4073,0
5238,4085,0
5193,4116,0
5161,4154,0
5152,4192,0
5166,4224,0
5211,4258,0
5275,4277,0
5357,4291,0
5437,4293,0
5517,4297,1