which stated that a fighting man could
776
752,3159,0
760,3156,0
779,3146,0
795,3135,0
811,3129,0
822,3122,0
827,3126,0
825,3134,0
811,3157,0
785,3194,0
754,3235,0
732,3277,0
721,3308,0
721,3313,0
733,3314,0
753,3296,0
784,3262,0
816,3226,0
849,3196,0
868,3173,0
875,3174,0
872,3181,0
862,3201,0
844,3223,0
830,3251,0
825,3262,0
827,3266,0
838,3255,0
861,3229,0
880,3202,0
902,3187,0
911,3176,0
912,3176,0
912,3184,0
908,3196,0
909,3207,0
914,3208,0
924,3213,0
939,3202,0
961,3182,0
989,3151,0
1022,3116,0
1061,3069,0
1106,3025,0
1143,2980,0
1161,2955,0
1161,2955,0
1149,2967,0
1120,2996,0
1080,3044,0
1038,3108,0
1001,3172,0
974,3215,0
962,3235,0
965,3235,0
977,3227,0
994,3220,0
1012,3208,0
1024,3204,0
1029,3208,0
1028,3224,0
1024,3252,0
1020,3268,0
1023,3268,0
1035,3264,0
1053,3240,0
1076,3217,0
1097,3192,0
1110,3185,0
1112,3185,0
1109,3193,0
1101,3212,0
1094,3232,1
1176,3099,0
1176,3099,0
1175,3103,0
1165,3115,1
1167,3195,0
1167,3195,0
1166,3199,0
1156,3208,0
1141,3228,0
1122,3252,0
1105,3285,0
1094,3308,0
1093,3316,0
1105,3313,0
1129,3292,0
1163,3255,0
1205,3206,0
1254,3156,0
1301,3100,0
1343,3057,0
1366,3030,0
1371,3030,0
1361,3042,0
1335,3077,0
1297,3121,0
1258,3175,0
1221,3229,0
1199,3271,0
1197,3274,0
1210,3262,0
1233,3237,0
1259,3220,0
1276,3218,0
1281,3222,0
1281,3246,0
1277,3271,0
1279,3290,1
1629,3134,0
1604,3147,0
1575,3168,0
1546,3189,0
1528,3204,0
1522,3213,0
1520,3213,0
1526,3216,0
1539,3223,0
1553,3228,0
1565,3235,0
1571,3250,0
1572,3266,0
1563,3279,0
1553,3297,0
1539,3307,0
1530,3316,0
1529,3317,0
1532,3316,0
1538,3311,0
1555,3293,0
1582,3259,0
1621,3216,0
1669,3155,0
1722,3091,0
1771,3038,0
1801,2999,0
1816,2986,0
1817,2985,0
1814,2987,0
1802,3010,0
1775,3050,0
1740,3103,0
1703,3165,0
1670,3220,0
1650,3261,0
1644,3286,1
1739,3132,0
1718,3128,0
1701,3136,0
1691,3139,0
1691,3139,0
1696,3133,0
1721,3128,0
1748,3118,0
1771,3117,1
1824,3145,0
1814,3152,0
1794,3164,0
1771,3187,0
1748,3209,0
1725,3233,0
1705,3270,0
1690,3298,0
1685,3311,0
1691,3310,0
1705,3299,0
1730,3273,0
1756,3238,0
1780,3213,0
1792,3189,0
1796,3189,0
1790,3190,0
1778,3209,0
1767,3240,0
1754,3269,0
1747,3298,0
1744,3311,0
1756,3313,0
1778,3296,0
1810,3255,0
1855,3211,0
1902,3158,0
1949,3098,0
1995,3047,0
2028,3015,0
2041,3001,0
2042,3002,0
2036,3008,0
2015,3036,0
1984,3084,0
1951,3136,0
1923,3189,0
1904,3236,0
1896,3259,0
1900,3270,1
1940,3146,0
1914,3154,0
1898,3163,0
1895,3168,0
1895,3163,0
1905,3160,0
1923,3160,0
1936,3156,0
1949,3161,1
1972,3233,0
1970,3243,0
1970,3243,0
1976,3241,0
1986,3229,0
1997,3209,0
2006,3189,0
2009,3177,0
2003,3170,0
1993,3173,0
1976,3182,0
1961,3199,0
1946,3224,0
1932,3250,0
1927,3271,0
1930,3287,0
1939,3296,0
1952,3293,0
1973,3284,0
2001,3267,0
2028,3241,0
2055,3221,0
2072,3207,0
2079,3204,0
2074,3206,0
2063,3214,0
2043,3233,0
2023,3256,0
2002,3279,0
1990,3312,0
1984,3334,0
1984,3334,0
1997,3330,0
2019,3315,0
2049,3285,0
2083,3245,0
2118,3196,0
2154,3144,0
2183,3104,0
2199,3094,0
2197,3095,0
2188,3111,0
2169,3148,0
2148,3189,0
2135,3227,0
2133,3258,0
2137,3277,0
2148,3282,1
2650,2920,0
2651,2924,0
2651,2925,0
2648,2931,0
2643,2961,0
2634,3007,0
2615,3058,0
2597,3122,0
2582,3187,0
2567,3235,0
2561,3278,0
2556,3307,0
2550,3314,1
2551,3114,0
2551,3114,0
2551,3110,0
2552,3108,0
2563,3103,1
2581,3251,0
2580,3256,0
2584,3253,0
2595,3240,0
2616,3206,0
2651,3161,0
2692,3103,0
2735,3037,0
2776,2985,0
2803,2955,0
2809,2942,0
2811,2941,0
2813,2943,0
2800,2957,0
2774,3006,0
2729,3073,0
2681,3155,0
2643,3233,0
2620,3285,0
2617,3304,0
2617,3300,0
2628,3290,0
2649,3267,0
2677,3238,0
2702,3220,0
2717,3216,0
2726,3226,0
2731,3236,0
2732,3250,0
2731,3264,0
2732,3268,0
2738,3264,0
2752,3252,0
2772,3228,0
2794,3202,0
2811,3179,0
2818,3175,0
2813,3177,0
2796,3187,0
2777,3216,0
2758,3250,0
2747,3287,0
2741,3309,0
2743,3312,0
2754,3305,0
2772,3291,0
2790,3264,0
2811,3239,0
2820,3215,0
2825,3211,0
2825,3212,0
2824,3221,0
2822,3246,0
2821,3269,0
2823,3282,0
2832,3291,0
2846,3283,0
2873,3263,0
2905,3221,0
2943,3170,0
2985,3105,0
3033,3040,0
3074,2982,0
3097,2955,0
3099,2955,0
3097,2961,0
3076,2985,0
3047,3035,0
3017,3089,0
2985,3148,0
2955,3209,0
2939,3256,0
2938,3280,1
2975,3140,0
2953,3149,0
2948,3157,0
2948,3156,0
2960,3154,0
2985,3138,0
3025,3127,0
3064,3115,0
3097,3107,1
3417,3156,0
3387,3163,0
3360,3179,0
3327,3199,0
3302,3227,0
3284,3259,0
3273,3281,0
3279,3297,0
3293,3296,0
3318,3284,0
3344,3256,0
3375,3228,0
3395,3198,0
3412,3179,0
3414,3168,0
3412,3169,0
3404,3185,0
3387,3218,0
3373,3250,0
3368,3273,0
3374,3284,0
3396,3287,0
3425,3275,0
3452,3255,0
3484,3234,1
3695,3295,0
3704,3283,0
3718,3249,0
3747,3209,0
3783,3160,0
3829,3101,0
3874,3037,0
3913,2988,0
3933,2961,0
3936,2958,0
3937,2963,0
3922,2979,0
3896,3022,0
3858,3080,0
3808,3153,0
3759,3241,0
3716,3330,0
3679,3402,0
3653,3443,0
3645,3465,0
3645,3460,1
3748,3250,0
3757,3247,0
3763,3264,0
3759,3283,0
3759,3294,0
3759,3293,0
3760,3293,0
3769,3291,0
3785,3277,0
3807,3252,0
3831,3225,0
3853,3204,0
3867,3198,0
3866,3199,0
3864,3216,0
3852,3244,0
3844,3262,0
3841,3264,0
3844,3262,0
3849,3247,1
3959,3110,0
3959,3110,0
3959,3116,0
3950,3124,1
3956,3208,0
3956,3208,0
3952,3206,0
3937,3204,0
3929,3211,0
3917,3217,0
3911,3238,0
3903,3262,0
3900,3282,0
3909,3290,0
3924,3281,0
3947,3261,0
3971,3233,0
3990,3209,0
4000,3194,0
4000,3188,0
3995,3192,0
3981,3201,0
3965,3227,0
3947,3270,0
3921,3322,0
3892,3385,0
3863,3452,0
3842,3511,0
3818,3552,0
3798,3578,0
3784,3589,0
3780,3588,0
3778,3578,0
3785,3543,0
3800,3489,0
3830,3433,0
3872,3380,0
3919,3329,0
3966,3275,0
4022,3217,0
4084,3156,0
4137,3107,0
4172,3077,0
4181,3066,0
4183,3064,0
4179,3068,0
4164,3091,0
4136,3131,0
4099,3180,0
4062,3233,0
4034,3271,0
4026,3279,0
4029,3276,0
4040,3261,0
4058,3243,0
4080,3233,0
4097,3239,0
4109,3255,0
4111,3269,0
4117,3286,0
4120,3300,0
4126,3310,0
4131,3312,0
4145,3303,0
4166,3272,0
4198,3228,0
4239,3174,0
4282,3117,0
4319,3069,0
4340,3053,0
4340,3053,0
4333,3054,0
4318,3076,0
4290,3115,0
4258,3166,0
4232,3227,0
4210,3279,1
4261,3163,0
4246,3166,0
4230,3178,0
4228,3186,0
4229,3185,1
4259,3251,0
4258,3257,0
4256,3259,0
4257,3270,0
4261,3271,0
4268,3270,0
4280,3264,0
4291,3247,0
4303,3223,1
4350,3160,0
4350,3160,0
4350,3160,0
4350,3160,1
4339,3255,0
4340,3254,0
4344,3255,0
4351,3254,0
4365,3250,0
4381,3245,0
4391,3240,0
4400,3242,0
4403,3244,0
4407,3253,0
4412,3265,0
4418,3270,0
4428,3270,0
4447,3262,0
4471,3254,0
4488,3247,0
4504,3241,0
4516,3240,0
4517,3238,0
4517,3238,0
4514,3242,0
4502,3255,0
4481,3272,0
4463,3291,0
4456,3306,0
4461,3312,0
4475,3308,0
4500,3293,0
4528,3274,0
4556,3255,0
4577,3238,0
4582,3226,0
4582,3226,0
4579,3228,0
4574,3234,0
4559,3251,0
4543,3281,0
4524,3320,0
4502,3367,0
4478,3422,0
4455,3474,0
4439,3525,0
4422,3564,0
4408,3595,0
4394,3608,0
4383,3608,0
4372,3596,0
4365,3564,0
4363,3515,0
4377,3474,0
4395,3456,0
4412,3438,0
4439,3416,0
4477,3388,0
4519,3361,0
4552,3337,1
4825,3260,0
4829,3262,0
4826,3259,0
4828,3257,0
4832,3245,0
4851,3229,0
4866,3209,0
4881,3198,0
4893,3196,0
4897,3197,0
4900,3212,0
4893,3233,0
4878,3266,0
4857,3296,0
4850,3318,0
4850,3318,0
4852,3309,0
4866,3291,0
4890,3269,0
4907,3242,0
4920,3225,0
4926,3225,0
4924,3233,0
4915,3251,0
4903,3274,0
4896,3293,0
4891,3300,0
4892,3298,0
4899,3290,0
4912,3274,0
4934,3259,0
4946,3252,0
4948,3255,0
4948,3268,0
4944,3286,0
4939,3303,0
4939,3324,0
4937,3338,0
4941,3340,0
4953,3331,0
4975,3312,0
4997,3290,0
5021,3272,0
5038,3257,0
5043,3250,0
5043,3251,0
5035,3255,0
5023,3269,0
5002,3290,0
4985,3317,0
4965,3341,0
4957,3358,0
4958,3357,0
4966,3353,0
4982,3339,0
5002,3316,0
5021,3293,0
5032,3271,0
5038,3262,0
5043,3264,0
5039,3263,0
5038,3270,0
5034,3288,0
5033,3308,0
5030,3326,0
5033,3339,0
5040,3339,0
5054,3327,0
5074,3308,0
5094,3288,0
5110,3275,0
5124,3264,0
5127,3266,0
5125,3276,0
5120,3296,0
5113,3318,0
5110,3334,0
5109,3334,0
5120,3327,0
5137,3305,0
5166,3288,0
5178,3278,0
5181,3281,0
5184,3296,0
5179,3317,1
5487,3207,0
5482,3199,0
5476,3194,0
5466,3194,0
5448,3199,0
5431,3209,0
5413,3221,0
5390,3240,0
5369,3275,0
5350,3308,0
5338,3332,0
5342,3346,0
5354,3349,0
5372,3346,0
5399,3337,0
5429,3323,0
5459,3301,0
5491,3276,0
5528,3252,0
5552,3239,0
5559,3235,0
5558,3238,0
5550,3241,0
5540,3256,0
5520,3271,0
5501,3292,0
5483,3324,0
5462,3351,0
5453,3366,0
5459,3369,0
5475,3369,0
5487,3358,0
5510,3341,0
5528,3316,0
5546,3289,0
5557,3267,0
5558,3250,0
5559,3249,0
5559,3249,0
5559,3251,0
5555,3255,0
5557,3267,0
5555,3276,0
5557,3288,0
5561,3295,0
5568,3300,0
5578,3299,0
5588,3293,0
5605,3281,0
5616,3266,0
5627,3249,0
5635,3237,0
5639,3238,0
5632,3243,0
5622,3257,0
5613,3277,0
5606,3301,0
5598,3328,0
5592,3342,0
5595,3344,0
5605,3337,0
5626,3322,0
5646,3300,0
5660,3285,0
5668,3282,0
5670,3287,0
5666,3298,0
5660,3313,0
5656,3327,0
5653,3339,0
5656,3349,0
5660,3351,0
5668,3345,0
5687,3332,0
5711,3311,0
5740,3281,0
5774,3245,0
5814,3198,0
5856,3148,0
5891,3112,0
5909,3092,0
5909,3090,0
5906,3089,0
5893,3095,0
5867,3114,0
5834,3144,0
5800,3191,0
5764,3238,0
5745,3275,0
5734,3299,0
5737,3309,0
5749,3313,0
5771,3308,0
5793,3295,0
5821,3276,0
5856,3259,0
5877,3239,0
5892,3232,0
5892,3233,0
5887,3241,0
5870,3259,0
5851,3281,0
5832,3303,0
5820,3327,0
5812,3354,0
5809,3366,0
5826,3363,0
5848,3344,0
5877,3307,0
5915,3264,0
5958,3209,0
5994,3152,0
6022,3113,0
6029,3109,0
6017,3114,0
5992,3139,0
5962,3182,0
5934,3232,0
5909,3279,0
5906,3314,0
5914,3332,1