British scene, ranging
416
993,2791,0
984,2827,0
984,2891,0
990,2955,0
997,3012,0
1004,3056,0
1008,3092,0
1010,3119,0
1008,3124,1
978,2699,0
986,2691,0
1011,2680,0
1054,2668,0
1105,2664,0
1153,2672,0
1187,2695,0
1206,2729,0
1208,2770,0
1199,2811,0
1177,2847,0
1153,2876,0
1128,2897,0
1112,2900,0
1110,2900,0
1112,2897,0
1134,2888,0
1177,2883,0
1229,2881,0
1281,2885,0
1324,2902,0
1353,2931,0
1367,2962,0
1364,2990,0
1343,3024,0
1306,3059,0
1260,3091,0
1208,3114,0
1155,3123,0
1109,3129,0
1077,3124,0
1059,3117,0
1054,3108,0
1058,3097,0
1080,3072,0
1121,3057,0
1175,3039,1
1498,3054,0
1474,3050,0
1442,3042,0
1407,3022,0
1377,2997,0
1350,2963,0
1338,2937,0
1335,2909,0
1346,2880,0
1370,2853,0
1409,2841,0
1445,2828,1
1582,2854,0
1597,2872,0
1613,2901,0
1622,2931,0
1628,2967,0
1630,3000,0
1629,3025,0
1625,3033,0
1626,3041,0
1619,3026,0
1615,3002,0
1609,2963,1
1563,2760,0
1546,2751,0
1545,2747,0
1547,2750,1
1759,2625,0
1762,2632,0
1774,2666,0
1785,2713,0
1799,2787,0
1808,2873,0
1814,2949,0
1816,3006,0
1819,3055,0
1819,3069,0
1819,3068,0
1809,3045,0
1784,2994,1
1656,2859,0
1660,2859,0
1689,2852,0
1739,2837,0
1807,2818,0
1875,2807,0
1930,2803,0
1975,2809,0
2011,2827,0
2040,2854,0
2060,2890,0
2069,2924,0
2070,2946,0
2066,2955,0
2066,2960,0
2053,2938,1
2004,2697,0
2007,2700,0
2027,2710,0
2062,2722,0
2100,2729,1
2308,2800,0
2287,2801,0
2259,2801,0
2224,2803,0
2186,2811,0
2150,2825,0
2128,2842,0
2116,2847,0
2122,2853,0
2147,2865,0
2190,2878,0
2243,2886,0
2296,2898,0
2336,2910,0
2364,2929,0
2374,2941,0
2371,2951,0
2352,2970,0
2314,2987,0
2271,3001,0
2228,3010,0
2190,3012,0
2162,3005,0
2155,3004,0
2156,2990,1
2383,2606,0
2387,2618,0
2393,2655,0
2404,2704,0
2412,2753,0
2417,2806,0
2425,2860,0
2422,2901,0
2420,2942,0
2422,2972,0
2425,2989,0
2427,2996,0
2429,2996,0
2427,2992,0
2427,2987,0
2427,2970,0
2424,2940,0
2428,2916,0
2429,2888,0
2432,2865,0
2438,2840,0
2456,2822,0
2473,2799,0
2504,2791,0
2540,2794,0
2569,2806,0
2597,2830,0
2612,2859,0
2627,2897,0
2639,2936,0
2644,2970,0
2643,2998,0
2642,3026,1
3238,2786,0
3221,2779,0
3194,2765,0
3167,2757,0
3141,2757,0
3113,2764,0
3086,2774,0
3074,2784,0
3082,2802,0
3097,2821,0
3129,2842,0
3177,2866,0
3226,2889,0
3259,2902,0
3296,2925,0
3310,2939,0
3310,2944,0
3303,2950,0
3271,2959,0
3230,2970,0
3185,2971,0
3147,2973,0
3121,2972,0
3113,2969,0
3116,2956,1
3527,2793,0
3508,2784,0
3474,2782,0
3426,2794,0
3374,2823,0
3330,2861,0
3299,2896,0
3294,2931,0
3310,2960,0
3347,2981,0
3399,2989,0
3460,2981,0
3521,2960,1
3641,2856,0
3641,2856,0
3647,2856,0
3669,2852,0
3708,2842,0
3749,2824,0
3781,2801,0
3809,2785,0
3816,2772,0
3806,2760,0
3780,2746,0
3730,2745,0
3665,2761,0
3600,2790,0
3539,2826,0
3501,2866,0
3496,2903,0
3505,2926,0
3537,2947,0
3591,2958,0
3658,2956,0
3727,2946,0
3794,2931,0
3850,2915,1
3911,2904,0
3882,2899,0
3866,2892,0
3853,2871,0
3852,2844,0
3864,2808,0
3887,2777,0
3916,2759,0
3941,2755,0
3968,2766,0
3989,2790,0
4002,2818,0
4012,2849,0
4019,2876,0
4028,2897,0
4035,2901,1
4193,2807,0
4204,2799,0
4228,2783,0
4254,2765,0
4269,2745,0
4277,2730,0
4275,2719,0
4259,2707,0
4234,2700,0
4193,2707,0
4145,2727,0
4094,2756,0
4056,2794,0
4029,2829,0
4024,2860,0
4040,2889,0
4075,2909,0
4131,2919,0
4197,2919,0
4258,2909,1
4404,2878,0
4403,2885,0
4395,2914,0
4388,2954,0
4383,2997,1
5033,2941,0
5009,2934,0
4972,2917,0
4951,2897,0
4927,2864,0
4926,2829,0
4917,2785,0
4921,2743,0
4935,2708,0
4953,2680,0
4984,2662,0
5025,2649,0
5070,2638,1
5325,2726,0
5292,2720,0
5270,2717,0
5245,2712,0
5214,2709,0
5183,2715,0
5148,2733,0
5114,2764,0
5099,2808,0
5101,2856,0
5113,2888,0
5139,2907,0
5172,2908,0
5220,2894,0
5262,2866,0
5306,2835,0
5333,2798,0
5354,2772,0
5353,2767,0
5352,2767,0
5354,2772,0
5340,2795,0
5335,2826,0
5339,2857,0
5345,2885,0
5354,2907,0
5367,2918,0
5390,2918,0
5414,2910,1
5456,2881,0
5432,2881,0
5409,2866,0
5400,2842,0
5402,2801,0
5409,2766,0
5423,2743,0
5441,2736,0
5462,2739,0
5499,2755,0
5521,2772,0
5549,2803,0
5575,2840,0
5586,2876,0
5599,2908,0
5607,2934,0
5614,2945,1
5760,2716,0
5748,2705,0
5734,2697,0
5721,2695,0
5703,2704,0
5684,2729,0
5663,2759,0
5656,2787,0
5653,2808,0
5664,2830,0
5695,2856,0
5733,2879,0
5777,2905,0
5822,2940,0
5851,2977,0
5865,3016,0
5865,3057,0
5853,3098,0
5824,3129,0
5790,3154,0
5752,3170,0
5713,3170,0
5682,3159,0
5661,3133,0
5646,3091,1
5919,2709,0
5920,2723,0
5922,2762,0
5923,2794,0
5924,2832,0
5921,2865,0
5913,2887,0
5911,2897,0
5909,2892,1
5942,2671,0
5943,2670,0
5943,2670,0
5952,2671,1
6104,2880,0
6099,2881,0
6093,2873,0
6085,2848,0
6086,2803,0
6092,2749,0
6109,2704,0
6136,2671,0
6179,2647,0
6223,2638,0
6270,2650,0
6305,2678,0
6338,2720,0
6358,2762,0
6363,2798,0
6363,2833,0
6366,2862,1
6601,2688,0
6592,2680,0
6571,2667,0
6551,2662,0
6515,2663,0
6477,2689,0
6434,2725,0
6412,2760,0
6406,2782,0
6417,2796,0
6440,2796,0
6480,2777,0
6525,2747,0
6565,2717,0
6595,2691,0
6618,2679,0
6628,2677,0
6636,2688,0
6638,2712,0
6640,2748,0
6638,2790,0
6628,2837,0
6606,2874,0
6588,2919,0
6566,2962,0
6543,2998,0
6516,3025,0
6492,3045,0
6476,3057,0
6466,3059,0
6460,3052,0
6450,3028,0
6439,3000,1