scene where six of the cast changed
792
744,4768,0
741,4768,0
738,4764,0
733,4768,0
726,4763,0
715,4770,0
699,4765,0
678,4767,0
656,4777,0
636,4783,0
625,4802,0
622,4818,0
625,4835,0
637,4859,0
656,4881,0
680,4907,0
707,4934,0
733,4960,0
752,4989,0
763,5014,0
760,5042,0
745,5065,0
719,5091,0
684,5113,0
647,5129,0
614,5143,0
589,5144,0
572,5142,0
564,5137,0
565,5129,0
576,5115,0
596,5093,0
622,5075,1
921,4862,0
913,4850,0
904,4845,0
897,4852,0
887,4848,0
880,4860,0
871,4868,0
859,4888,0
845,4915,0
830,4946,0
815,4985,0
804,5025,0
798,5064,0
804,5097,0
817,5125,0
837,5146,0
863,5160,0
892,5161,0
921,5158,0
948,5151,0
972,5135,1
998,4999,0
1001,4999,0
1009,5004,0
1021,5000,0
1045,4992,0
1073,4976,0
1100,4952,0
1130,4928,0
1147,4900,0
1158,4883,0
1158,4872,0
1145,4859,0
1123,4856,0
1097,4861,0
1066,4881,0
1036,4916,0
1011,4952,0
994,4995,0
987,5035,0
994,5072,0
1013,5100,0
1041,5116,0
1076,5125,0
1114,5120,0
1150,5103,1
1204,4867,0
1202,4871,0
1204,4879,0
1206,4895,0
1208,4922,0
1211,4955,0
1213,4982,0
1216,5011,0
1218,5034,0
1221,5046,0
1223,5046,0
1225,5038,0
1233,5022,0
1242,4985,0
1254,4945,0
1275,4916,0
1298,4887,0
1318,4874,0
1334,4866,0
1341,4869,0
1346,4885,0
1346,4917,0
1343,4953,0
1341,4993,0
1334,5029,0
1331,5062,0
1333,5086,0
1339,5098,0
1348,5093,1
1425,4944,0
1426,4948,0
1427,4944,0
1432,4947,0
1440,4943,0
1450,4938,0
1462,4929,0
1474,4920,0
1488,4907,0
1492,4890,0
1501,4874,0
1507,4857,0
1508,4845,0
1503,4829,0
1497,4821,0
1487,4823,0
1474,4819,0
1458,4825,0
1446,4838,0
1436,4855,0
1433,4876,0
1440,4894,0
1445,4915,0
1449,4934,0
1458,4958,0
1466,4977,0
1477,4992,0
1489,5007,0
1506,5021,0
1522,5028,0
1542,5035,0
1561,5036,0
1579,5035,1
1867,4811,0
1866,4814,0
1867,4818,0
1867,4830,0
1865,4855,0
1865,4887,0
1863,4924,0
1865,4956,0
1870,4992,0
1878,5018,0
1887,5033,0
1897,5040,0
1906,5039,0
1913,5026,0
1962,5016,0
1968,5028,0
1976,5034,0
1983,5028,0
1990,5019,0
2001,4993,0
2012,4963,0
2022,4928,0
2033,4902,0
2039,4871,0
2046,4841,0
2056,4815,1
2122,4649,0
2117,4662,0
2108,4681,0
2099,4700,0
2092,4734,0
2083,4764,0
2080,4813,0
2080,4867,0
2079,4924,0
2080,4969,0
2082,4993,0
2087,5005,0
2093,4999,0
2105,4988,0
2124,4972,0
2149,4950,0
2170,4941,0
2187,4941,0
2194,4949,0
2197,4960,0
2194,4990,0
2181,5021,0
2170,5056,0
2164,5086,0
2163,5103,1
2262,4981,0
2256,4982,0
2252,4980,0
2251,4980,0
2254,4979,0
2265,4976,0
2284,4963,0
2305,4953,0
2325,4932,0
2342,4920,0
2349,4901,0
2347,4885,0
2339,4879,0
2329,4886,0
2312,4890,0
2298,4907,0
2282,4918,0
2277,4945,0
2273,4962,0
2281,4993,0
2298,5021,0
2319,5045,0
2347,5062,0
2376,5076,0
2406,5084,0
2433,5086,0
2453,5084,0
2466,5076,0
2475,5069,0
2478,5061,0
2474,5036,0
2469,5017,0
2461,4990,0
2456,4971,0
2450,4951,0
2441,4929,0
2438,4918,0
2436,4910,0
2435,4907,0
2434,4903,0
2440,4909,0
2446,4911,0
2463,4919,0
2478,4915,0
2507,4923,0
2533,4919,0
2558,4907,0
2584,4895,0
2601,4885,0
2606,4875,0
2609,4874,0
2606,4871,0
2597,4865,0
2582,4857,0
2576,4868,0
2566,4875,0
2556,4886,0
2545,4899,0
2543,4929,0
2542,4950,0
2552,4985,0
2560,5003,0
2581,5030,0
2602,5044,0
2630,5052,1
2954,4860,0
2953,4864,0
2946,4863,0
2936,4863,0
2923,4867,0
2909,4877,0
2891,4885,0
2874,4895,0
2866,4911,0
2864,4925,0
2871,4939,0
2885,4955,0
2902,4970,0
2924,4988,0
2941,5003,0
2955,5018,0
2960,5038,0
2953,5057,0
2935,5077,0
2908,5096,0
2876,5112,0
2847,5118,0
2826,5117,0
2811,5110,0
2808,5103,0
2814,5096,0
2824,5079,0
2849,5067,0
2871,5042,1
3071,4850,0
3073,4854,0
3070,4860,0
3058,4878,0
3045,4905,0
3037,4943,0
3030,4985,0
3025,5021,0
3023,5052,0
3020,5074,0
3021,5087,0
3022,5086,0
3028,5076,1
3074,4732,0
3070,4720,0
3068,4712,0
3064,4714,0
3057,4717,0
3050,4716,0
3048,4721,0
3054,4732,0
3066,4736,1
3139,4830,0
3133,4833,0
3134,4836,0
3133,4841,0
3137,4852,0
3146,4871,0
3160,4894,0
3179,4917,0
3196,4941,0
3212,4964,0
3228,4987,0
3241,5007,0
3247,5018,0
3252,5033,0
3248,5035,0
3240,5035,0
3226,5028,1
3129,5018,0
3127,5009,0
3132,5003,0
3147,4992,0
3169,4969,0
3202,4946,0
3240,4924,0
3287,4899,1
3539,4877,0
3537,4879,0
3535,4879,0
3528,4879,0
3520,4878,0
3505,4881,0
3483,4893,0
3459,4918,0
3433,4949,0
3411,4981,0
3400,5014,0
3404,5047,0
3419,5071,0
3442,5086,0
3472,5090,0
3504,5088,0
3535,5076,0
3559,5056,0
3576,5028,0
3585,5002,0
3585,4975,0
3573,4949,0
3559,4934,0
3541,4921,0
3527,4915,0
3520,4914,0
3520,4914,0
3529,4913,0
3550,4912,1
3759,4690,0
3750,4682,0
3745,4680,0
3733,4678,0
3720,4685,0
3709,4696,0
3699,4726,0
3687,4765,0
3677,4812,0
3670,4866,0
3662,4915,0
3663,4970,0
3665,5018,0
3677,5062,0
3691,5095,0
3706,5120,0
3722,5133,0
3740,5142,0
3750,5140,0
3759,5127,0
3762,5103,1
3653,4965,0
3648,4968,0
3640,4955,0
3640,4955,0
3645,4956,0
3657,4955,0
3682,4959,0
3716,4959,0
3759,4958,0
3805,4951,0
3857,4939,0
3896,4920,1
4006,4730,0
4003,4733,0
4000,4739,0
3999,4764,0
3993,4796,0
3991,4835,0
3988,4883,0
3986,4941,0
3986,5006,0
3966,5042,0
3964,5099,0
3964,5145,0
3965,5177,0
3964,5196,0
3965,5199,0
3959,5185,0
3956,5159,1
3880,5050,0
3884,5053,0
3888,5055,0
3899,5053,0
3921,5050,0
3948,5048,0
3981,5047,0
4015,5040,0
4051,5028,0
4076,5008,0
4105,4990,0
4126,4958,1
4112,4757,0
4103,4763,0
4102,4769,0
4101,4794,0
4101,4832,0
4102,4874,0
4099,4923,0
4096,4973,0
4097,5028,0
4099,5064,0
4101,5086,0
4108,5092,0
4112,5093,0
4116,5087,0
4132,5082,0
4139,5068,0
4147,5067,0
4150,5070,0
4152,5079,0
4155,5096,0
4158,5117,0
4159,5136,0
4166,5154,0
4176,5172,0
4190,5173,1
4223,5096,0
4225,5103,0
4229,5101,0
4239,5099,0
4256,5093,0
4275,5076,0
4292,5055,0
4309,5035,0
4324,5015,0
4328,4997,0
4329,4987,0
4322,4982,0
4304,4985,0
4283,4989,0
4263,5002,0
4254,5032,0
4247,5056,0
4251,5082,0
4256,5102,0
4273,5125,0
4295,5144,0
4326,5163,0
4353,5168,0
4386,5166,0
4420,5158,1
4758,5024,0
4755,5021,0
4750,5016,0
4746,5014,0
4739,5014,0
4729,5011,0
4717,5010,0
4706,5014,0
4692,5020,0
4675,5027,0
4658,5040,0
4642,5055,0
4623,5070,0
4614,5096,0
4607,5120,0
4608,5149,0
4613,5175,0
4618,5191,0
4629,5203,0
4640,5214,0
4657,5217,0
4671,5213,0
4690,5204,0
4713,5187,0
4741,5168,1
4908,5035,0
4903,5039,0
4894,5041,0
4883,5049,0
4869,5060,0
4852,5079,0
4836,5106,0
4823,5137,0
4813,5173,0
4806,5204,0
4809,5231,0
4818,5245,0
4830,5255,0
4846,5253,0
4862,5241,0
4874,5218,0
4883,5186,0
4889,5151,0
4900,5122,0
4905,5093,0
4905,5073,0
4903,5059,0
4903,5059,0
4900,5062,0
4897,5075,0
4898,5104,0
4902,5137,0
4907,5168,0
4915,5197,0
4932,5219,0
4949,5231,0
4971,5230,0
4987,5213,1
5061,5047,0
5058,5033,0
5050,5024,0
5035,5021,0
5018,5024,0
4999,5039,0
4986,5065,0
4980,5091,0
4982,5114,0
4998,5132,0
5020,5151,0
5044,5163,0
5069,5173,0
5088,5184,0
5097,5192,0
5098,5197,0
5089,5208,0
5074,5215,0
5051,5218,0
5036,5220,0
5025,5213,0
5021,5196,0
5028,5170,0
5045,5137,1
5149,4879,0
5151,4881,0
5150,4888,0
5143,4894,0
5142,4917,0
5144,4941,0
5147,4980,0
5151,5023,0
5149,5072,0
5156,5128,0
5154,5181,0
5149,5231,0
5149,5279,0
5146,5316,0
5146,5336,0
5145,5337,0
5151,5333,1
5125,5103,0
5122,5105,0
5125,5108,0
5133,5112,0
5151,5113,0
5175,5113,0
5205,5109,0
5244,5107,0
5284,5099,1
5697,5090,0
5694,5093,0
5692,5095,0
5687,5093,0
5676,5088,0
5669,5089,0
5654,5086,0
5639,5089,0
5621,5095,0
5601,5108,0
5581,5121,0
5560,5144,0
5542,5172,0
5526,5202,0
5518,5236,0
5520,5271,0
5528,5296,0
5545,5313,0
5565,5322,0
5593,5320,0
5621,5306,0
5649,5280,0
5680,5246,0
5712,5207,0
5741,5164,1
5808,4832,0
5798,4842,0
5791,4866,0
5787,4898,0
5784,4940,0
5787,4992,0
5788,5048,0
5788,5103,0
5788,5158,0
5786,5204,0
5787,5247,0
5781,5268,0
5782,5279,0
5780,5275,0
5783,5272,0
5792,5253,0
5803,5227,0
5815,5209,0
5832,5199,0
5841,5195,0
5847,5201,0
5853,5212,0
5859,5234,0
5858,5262,0
5858,5295,0
5860,5327,0
5856,5346,0
5861,5358,0
5866,5353,1
5973,5151,0
5967,5140,0
5960,5136,0
5951,5134,0
5937,5137,0
5919,5144,0
5903,5165,0
5885,5192,0
5877,5227,0
5875,5257,0
5880,5280,0
5886,5291,0
5902,5297,0
5920,5292,0
5935,5277,0
5952,5255,0
5967,5225,0
5980,5190,0
5988,5158,0
5994,5143,0
5995,5137,0
5992,5134,0
5991,5141,0
5986,5161,0
5981,5195,0
5984,5236,0
5986,5272,0
5995,5303,0
6005,5327,1
6082,5185,0
6078,5183,0
6073,5183,0
6071,5185,0
6068,5194,0
6064,5214,0
6061,5245,0
6066,5279,0
6068,5306,0
6068,5322,0
6072,5324,0
6075,5320,0
6080,5305,0
6090,5277,0
6103,5238,0
6120,5204,0
6137,5187,0
6145,5178,0
6151,5178,0
6153,5187,0
6150,5208,0
6146,5240,0
6136,5273,0
6131,5305,0
6133,5330,1
6284,5208,0
6284,5208,0
6279,5202,0
6268,5196,0
6251,5196,0
6237,5198,0
6221,5209,0
6208,5229,0
6199,5249,0
6198,5267,0
6207,5281,0
6219,5286,0
6234,5282,0
6254,5273,0
6273,5253,0
6295,5231,0
6312,5207,0
6324,5195,0
6325,5188,0
6324,5189,0
6321,5197,0
6321,5214,0
6326,5245,0
6326,5279,0
6334,5322,0
6341,5373,0
6344,5426,0
6348,5479,0
6346,5525,0
6337,5562,0
6319,5591,0
6297,5607,0
6276,5611,0
6252,5605,0
6227,5590,0
6208,5575,0
6194,5556,0
6182,5540,0
6176,5523,0
6177,5506,0
6188,5489,1
6398,5268,0
6402,5269,0
6406,5265,0
6423,5260,0
6440,5248,0
6459,5233,0
6481,5215,0
6499,5197,0
6512,5182,0
6512,5164,0
6504,5155,0
6487,5151,0
6463,5152,0
6432,5162,0
6403,5188,0
6375,5217,0
6356,5248,0
6347,5281,0
6350,5306,0
6364,5332,0
6387,5354,0
6415,5366,0
6449,5371,0
6481,5366,0
6517,5358,1
6584,5322,0
6582,5319,0
6582,5313,0
6587,5307,0
6600,5294,0
6616,5269,0
6636,5242,0
6659,5210,0
6681,5175,0
6698,5137,0
6717,5097,0
6724,5052,0
6729,5016,0
6726,4982,0
6720,4953,0
6710,4927,0
6700,4908,0
6689,4896,0
6683,4891,0
6681,4895,0
6674,4902,0
6672,4923,0
6670,4951,0
6671,4987,0
6674,5026,0
6672,5070,0
6670,5115,0
6671,5167,0
6671,5216,0
6679,5265,0
6681,5312,0
6686,5359,0
6685,5407,0
6689,5449,0
6695,5484,0
6705,5503,1