wonderful timing by the cast. I
671
651,3013,0
650,3013,0
651,3016,0
652,3025,0
654,3049,0
657,3082,0
662,3119,0
667,3164,0
671,3205,0
675,3234,0
680,3255,0
686,3264,0
691,3256,0
699,3242,0
711,3211,0
726,3172,0
740,3141,0
752,3127,0
757,3123,0
762,3136,0
762,3160,0
760,3199,0
762,3244,0
769,3278,0
781,3303,0
797,3304,0
815,3301,0
837,3275,0
858,3236,0
879,3189,0
897,3143,1
1053,3072,0
1053,3076,0
1044,3072,0
1031,3080,0
1015,3083,0
996,3095,0
973,3107,0
956,3138,0
943,3165,0
941,3197,0
950,3222,0
966,3238,0
990,3247,0
1017,3240,0
1044,3225,0
1068,3201,0
1085,3164,0
1095,3124,0
1096,3093,0
1088,3069,0
1078,3060,0
1068,3061,0
1064,3060,0
1069,3073,0
1083,3081,1
1180,3095,0
1178,3103,0
1172,3123,0
1165,3156,0
1157,3192,0
1150,3228,0
1149,3252,0
1150,3268,0
1153,3272,0
1157,3264,0
1167,3251,0
1184,3223,0
1208,3186,0
1235,3157,0
1261,3139,0
1280,3142,0
1289,3150,0
1291,3173,0
1284,3202,0
1277,3238,0
1272,3263,0
1276,3279,0
1286,3274,0
1305,3260,1
1416,3158,0
1420,3149,0
1416,3146,0
1410,3142,0
1404,3143,0
1398,3144,0
1394,3152,0
1389,3169,0
1385,3189,0
1385,3214,0
1388,3229,0
1397,3240,0
1409,3247,0
1423,3238,0
1444,3223,0
1464,3185,0
1484,3146,0
1498,3087,0
1508,3029,0
1508,2964,0
1507,2919,0
1498,2885,0
1487,2866,0
1476,2864,0
1464,2869,0
1451,2888,0
1444,2924,0
1438,2970,0
1439,3025,0
1443,3082,0
1455,3141,0
1472,3192,0
1495,3233,0
1521,3262,0
1549,3277,0
1576,3277,0
1599,3269,0
1616,3255,0
1625,3228,0
1628,3195,0
1624,3160,0
1617,3136,0
1609,3122,0
1594,3112,0
1585,3117,0
1575,3124,0
1570,3136,0
1573,3164,0
1585,3199,0
1602,3224,0
1630,3256,0
1660,3275,0
1688,3281,0
1715,3284,0
1732,3281,0
1737,3276,0
1733,3260,0
1720,3235,0
1707,3209,0
1690,3183,0
1677,3158,0
1664,3135,0
1664,3127,0
1665,3115,0
1674,3105,0
1691,3102,0
1715,3100,0
1746,3102,1
1971,2974,0
1964,2956,0
1933,2940,0
1912,2938,0
1884,2942,0
1840,2988,0
1814,3074,0
1814,3135,0
1819,3195,0
1829,3255,0
1844,3313,0
1859,3363,0
1870,3397,0
1880,3420,0
1887,3426,0
1891,3425,0
1894,3416,0
1887,3393,1
1778,3221,0
1774,3215,0
1778,3209,0
1789,3207,0
1807,3211,0
1829,3214,0
1859,3215,0
1892,3214,0
1925,3210,0
1959,3204,0
1987,3192,0
2010,3180,1
1992,3148,0
1987,3149,0
1979,3168,0
1975,3187,0
1975,3212,0
1980,3235,0
1991,3252,0
2001,3254,0
2019,3253,0
2037,3239,0
2054,3216,0
2070,3190,0
2087,3176,0
2095,3161,0
2099,3164,0
2095,3165,0
2093,3183,0
2091,3214,0
2086,3240,0
2092,3267,0
2096,3279,0
2108,3279,0
2117,3264,1
2169,2965,0
2159,2963,0
2151,2967,0
2146,2986,0
2143,3017,0
2140,3047,0
2149,3100,0
2156,3148,0
2166,3196,0
2181,3237,0
2194,3262,0
2208,3274,0
2228,3284,0
2245,3277,0
2265,3261,0
2289,3235,0
2314,3212,1
2521,3021,0
2516,3024,0
2511,3022,0
2511,3026,0
2512,3035,0
2516,3055,0
2511,3071,0
2511,3103,0
2502,3133,0
2503,3182,0
2502,3226,0
2502,3270,0
2501,3305,0
2499,3332,0
2503,3353,0
2505,3356,0
2508,3351,1
2440,3219,0
2437,3221,0
2436,3216,0
2446,3221,0
2462,3218,0
2482,3214,0
2516,3215,0
2551,3211,0
2580,3198,0
2611,3191,0
2631,3177,0
2646,3173,0
2646,3169,0
2641,3171,0
2632,3175,0
2624,3184,0
2622,3204,0
2621,3222,0
2626,3251,0
2630,3271,0
2639,3284,0
2647,3290,0
2650,3284,0
2659,3275,1
2639,3049,0
2628,3033,0
2627,3029,0
2620,3024,0
2615,3021,0
2620,3028,0
2621,3037,0
2630,3050,0
2646,3064,1
2720,3170,0
2717,3168,0
2717,3171,0
2714,3177,0
2714,3195,0
2714,3218,0
2712,3243,0
2712,3269,0
2709,3289,0
2713,3314,0
2715,3326,0
2714,3327,0
2711,3329,0
2717,3329,0
2715,3317,0
2717,3299,0
2723,3273,0
2732,3250,0
2745,3234,0
2748,3218,0
2760,3216,0
2758,3208,0
2767,3217,0
2767,3221,0
2776,3240,0
2776,3258,0
2777,3279,0
2774,3299,0
2781,3324,0
2780,3333,0
2782,3341,0
2785,3344,0
2784,3340,0
2786,3334,0
2786,3312,0
2794,3289,0
2803,3256,0
2819,3229,0
2840,3209,0
2858,3193,0
2871,3185,0
2881,3184,0
2884,3187,0
2888,3202,0
2886,3223,0
2879,3245,0
2876,3275,0
2869,3297,0
2866,3322,0
2864,3337,0
2872,3341,0
2881,3327,0
2898,3308,1
2983,3187,0
2982,3187,0
2980,3189,0
2972,3194,0
2970,3214,0
2962,3238,0
2960,3267,0
2958,3296,0
2957,3320,0
2957,3339,0
2960,3351,0
2967,3347,1
2980,3075,0
2974,3064,0
2974,3054,0
2968,3049,0
2965,3046,0
2967,3050,0
2965,3056,0
2969,3068,0
2978,3086,1
3023,3199,0
3022,3200,0
3026,3202,0
3028,3206,0
3032,3217,0
3030,3233,0
3028,3253,0
3027,3277,0
3025,3302,0
3021,3318,0
3023,3332,0
3028,3339,0
3033,3339,0
3040,3335,0
3046,3317,0
3058,3291,0
3078,3264,0
3095,3238,0
3116,3229,0
3128,3226,0
3132,3228,0
3136,3240,0
3134,3260,0
3128,3284,0
3119,3304,0
3118,3323,0
3122,3341,0
3133,3352,0
3142,3346,1
3281,3267,0
3279,3258,0
3271,3249,0
3259,3238,0
3245,3233,0
3229,3235,0
3215,3245,0
3204,3262,0
3192,3275,0
3194,3293,0
3203,3306,0
3218,3315,0
3238,3317,0
3257,3313,0
3274,3305,0
3288,3296,0
3297,3294,0
3307,3297,0
3310,3300,0
3315,3315,0
3319,3337,0
3322,3370,0
3319,3401,0
3320,3444,0
3315,3491,0
3305,3536,0
3292,3573,0
3271,3596,0
3249,3615,0
3223,3621,0
3192,3617,0
3164,3607,0
3132,3588,0
3110,3573,0
3087,3549,0
3078,3527,1
3532,3041,0
3535,3053,0
3534,3066,0
3530,3083,0
3527,3112,0
3526,3144,0
3532,3187,0
3528,3226,0
3527,3268,0
3515,3306,0
3510,3341,0
3502,3362,0
3502,3372,0
3504,3371,0
3507,3364,0
3520,3348,0
3536,3321,0
3560,3303,0
3586,3292,0
3611,3287,0
3628,3288,0
3636,3293,0
3646,3310,0
3641,3329,0
3629,3360,0
3602,3390,0
3575,3422,0
3540,3448,0
3509,3467,0
3482,3471,0
3472,3474,0
3470,3470,0
3475,3457,1
3708,3316,0
3699,3327,0
3692,3339,0
3695,3358,0
3697,3376,0
3706,3396,0
3718,3407,0
3734,3414,0
3749,3411,0
3767,3402,0
3786,3386,0
3800,3363,0
3814,3341,0
3821,3315,0
3829,3297,0
3831,3288,0
3830,3290,0
3830,3296,0
3824,3311,0
3819,3347,0
3810,3387,0
3804,3445,0
3789,3498,0
3781,3556,0
3771,3605,0
3765,3649,0
3764,3682,0
3764,3695,0
3772,3694,1
4046,3074,0
4042,3074,0
4039,3076,0
4042,3091,0
4041,3115,0
4039,3150,0
4044,3194,0
4051,3244,0
4053,3292,0
4054,3336,0
4053,3369,0
4056,3393,0
4058,3403,0
4061,3406,0
4060,3401,0
4054,3384,0
4050,3361,1
3997,3290,0
3993,3288,0
3993,3283,0
4003,3279,0
4020,3269,0
4048,3264,0
4080,3255,0
4118,3246,0
4153,3234,0
4185,3219,0
4205,3197,0
4220,3172,1
4161,3082,0
4154,3083,0
4153,3095,0
4155,3124,0
4162,3168,0
4168,3219,0
4172,3272,0
4179,3321,0
4178,3349,0
4182,3362,0
4191,3370,0
4203,3370,0
4213,3365,0
4225,3360,0
4233,3358,0
4241,3361,0
4249,3375,0
4256,3386,0
4261,3397,0
4268,3402,1
4333,3336,0
4330,3333,0
4331,3332,0
4332,3331,0
4338,3330,0
4348,3326,0
4360,3320,0
4373,3311,0
4383,3301,0
4393,3291,0
4396,3276,0
4401,3265,0
4389,3243,0
4340,3276,0
4319,3332,0
4319,3357,0
4326,3378,0
4342,3396,0
4365,3407,0
4393,3411,0
4425,3408,0
4464,3401,0
4502,3385,0
4541,3361,1
4672,3255,0
4671,3256,0
4668,3255,0
4662,3255,0
4655,3257,0
4646,3262,0
4635,3274,0
4620,3290,0
4604,3309,0
4598,3334,0
4593,3357,0
4595,3379,0
4604,3398,0
4623,3414,0
4647,3423,0
4676,3421,0
4713,3415,0
4743,3399,0
4772,3379,0
4805,3358,0
4830,3335,1
4833,3270,0
4825,3267,0
4811,3264,0
4799,3267,0
4784,3277,0
4772,3300,0
4758,3327,0
4750,3356,0
4745,3379,0
4748,3395,0
4760,3405,0
4770,3405,0
4788,3402,0
4801,3388,0
4816,3370,0
4831,3346,0
4839,3319,0
4842,3296,0
4850,3287,0
4847,3284,0
4845,3286,0
4846,3292,0
4843,3308,0
4840,3330,0
4836,3353,0
4835,3373,0
4842,3389,0
4854,3395,1
4980,3265,0
4977,3250,0
4970,3240,0
4952,3231,0
4936,3231,0
4912,3235,0
4898,3247,0
4886,3262,0
4885,3276,0
4896,3293,0
4914,3309,0
4939,3323,0
4964,3337,0
4982,3346,0
4997,3360,0
4998,3370,0
4990,3381,0
4973,3395,0
4954,3406,0
4932,3412,0
4916,3413,0
4909,3410,0
4907,3399,0
4912,3382,1
5117,3098,0
5115,3095,0
5110,3095,0
5105,3100,0
5097,3113,0
5096,3141,0
5088,3178,0
5090,3222,0
5091,3268,0
5096,3312,0
5100,3354,0
5105,3390,0
5108,3420,0
5113,3440,0
5114,3451,0
5112,3453,0
5113,3452,1
5033,3321,0
5035,3320,0
5043,3315,0
5060,3313,0
5080,3307,0
5104,3303,0
5134,3302,0
5161,3301,0
5186,3301,1
5238,3431,0
5238,3436,0
5233,3436,0
5228,3436,0
5228,3436,0
5228,3436,0
5227,3437,0
5224,3435,0
5226,3438,0
5226,3438,0
5231,3438,0
5233,3435,0
5247,3426,1
5535,3055,0
5530,3054,0
5530,3063,0
5523,3074,0
5517,3091,0
5516,3115,0
5499,3138,0
5508,3182,0
5508,3232,0
5510,3286,0
5509,3341,0
5506,3394,0
5508,3446,0
5503,3484,0
5504,3516,0
5506,3535,0
5513,3544,1