Rhodesia and Nyasaland
702
842,6087,0
840,6087,0
839,6087,0
834,6095,0
825,6115,0
816,6134,0
804,6162,0
791,6194,0
781,6229,0
775,6264,0
775,6297,0
772,6324,0
766,6344,0
757,6360,0
752,6363,0
752,6360,0
755,6360,1
827,6031,0
827,6034,0
827,6022,0
842,6027,0
863,6016,0
890,6017,0
912,6010,0
934,6026,0
950,6030,0
960,6051,0
964,6067,0
962,6095,0
947,6107,0
928,6143,0
900,6162,0
875,6180,0
849,6196,0
829,6202,0
814,6210,0
805,6218,0
804,6221,0
805,6226,0
806,6222,0
807,6225,0
812,6222,0
820,6223,0
830,6227,0
842,6239,0
854,6252,0
871,6280,0
885,6293,0
903,6321,0
919,6338,0
936,6355,0
952,6355,0
970,6363,0
985,6355,1
1117,6064,0
1117,6068,0
1112,6056,0
1112,6068,0
1107,6072,0
1102,6100,0
1090,6116,0
1082,6144,0
1073,6180,0
1069,6216,0
1065,6240,0
1063,6272,0
1056,6293,0
1051,6312,0
1044,6328,0
1044,6332,0
1044,6324,0
1046,6324,0
1051,6308,0
1061,6292,0
1074,6272,0
1093,6256,0
1114,6228,0
1141,6224,0
1161,6208,0
1172,6208,0
1172,6212,0
1172,6215,0
1165,6227,0
1160,6252,0
1153,6272,0
1148,6288,0
1145,6300,0
1145,6316,0
1146,6324,0
1154,6336,0
1161,6332,1
1260,6246,0
1246,6246,0
1237,6250,0
1228,6254,0
1228,6278,0
1230,6294,0
1247,6314,0
1269,6326,0
1303,6341,0
1331,6336,0
1363,6341,0
1384,6320,0
1402,6312,0
1406,6292,0
1398,6272,0
1376,6249,0
1354,6238,0
1328,6232,0
1304,6240,0
1281,6241,0
1266,6265,1
1587,6335,0
1588,6331,0
1593,6323,0
1599,6314,0
1599,6302,0
1592,6283,0
1578,6264,0
1556,6245,0
1532,6235,0
1505,6225,0
1476,6223,0
1450,6237,0
1424,6243,0
1411,6276,0
1404,6300,0
1409,6327,0
1419,6338,0
1440,6358,0
1462,6356,0
1491,6363,0
1518,6344,0
1552,6330,0
1577,6304,0
1602,6278,0
1626,6252,0
1647,6225,0
1664,6204,0
1674,6186,0
1679,6174,0
1678,6170,0
1678,6170,0
1674,6179,0
1662,6200,0
1649,6222,0
1637,6247,0
1623,6268,0
1614,6293,0
1607,6309,0
1607,6330,0
1607,6334,0
1611,6334,1
1713,6300,0
1722,6302,0
1741,6293,0
1768,6290,0
1793,6283,0
1817,6271,0
1836,6266,0
1845,6248,0
1843,6237,0
1831,6222,0
1810,6212,0
1786,6215,0
1757,6223,0
1730,6233,0
1710,6252,0
1700,6277,0
1701,6300,0
1711,6328,0
1728,6346,0
1744,6369,0
1763,6375,1
2051,6210,0
2050,6203,0
2041,6191,0
2030,6186,0
2013,6176,0
2002,6177,0
1993,6179,0
1986,6184,0
1985,6196,0
1988,6216,0
1998,6239,0
2007,6262,0
2014,6289,0
2019,6312,0
2017,6329,0
2009,6343,0
1998,6352,0
1983,6358,0
1966,6361,0
1950,6359,0
1933,6358,0
1918,6351,0
1914,6353,0
1915,6348,0
1925,6343,1
2105,6210,0
2105,6210,0
2106,6213,0
2105,6218,0
2101,6226,0
2098,6239,0
2089,6249,0
2077,6263,0
2070,6284,0
2066,6297,0
2066,6314,0
2065,6326,0
2064,6330,0
2066,6334,0
2069,6329,0
2077,6316,0
2091,6306,1
2157,6124,0
2154,6116,0
2153,6112,0
2153,6108,0
2153,6104,0
2157,6104,0
2163,6107,0
2169,6109,0
2175,6116,1
2337,6272,0
2347,6270,0
2355,6264,0
2360,6254,0
2361,6242,0
2355,6227,0
2341,6214,0
2321,6201,0
2297,6199,0
2269,6196,0
2239,6206,0
2217,6218,0
2198,6235,0
2191,6255,0
2193,6283,0
2197,6303,0
2208,6326,0
2225,6343,0
2240,6348,0
2258,6353,0
2275,6350,0
2290,6338,0
2305,6319,0
2320,6300,0
2333,6280,0
2346,6266,0
2358,6259,0
2363,6250,0
2364,6250,0
2363,6254,0
2355,6256,0
2344,6279,0
2333,6297,0
2328,6323,0
2326,6343,0
2335,6362,0
2355,6383,1
2908,6364,0
2908,6364,0
2909,6359,0
2910,6351,0
2914,6345,0
2913,6334,0
2907,6318,0
2894,6306,0
2869,6292,0
2844,6278,0
2818,6285,0
2790,6285,0
2776,6302,0
2763,6322,0
2759,6343,0
2762,6368,0
2768,6382,0
2780,6400,0
2801,6407,0
2816,6411,0
2840,6408,0
2863,6402,0
2874,6387,0
2887,6365,0
2895,6343,0
2905,6328,0
2910,6309,0
2915,6299,0
2921,6297,0
2921,6297,0
2918,6299,0
2912,6313,0
2907,6335,0
2900,6358,0
2896,6380,0
2895,6397,0
2899,6408,1
3059,6293,0
3057,6293,0
3059,6293,0
3057,6293,0
3055,6302,0
3047,6317,0
3036,6329,0
3026,6349,0
3019,6372,0
3011,6391,0
3007,6409,0
3001,6420,0
2997,6420,0
2997,6420,0
2999,6420,0
3005,6406,0
3018,6381,0
3033,6367,0
3049,6342,0
3072,6326,0
3095,6309,0
3119,6294,0
3144,6289,0
3157,6293,0
3160,6297,0
3159,6309,0
3152,6329,0
3141,6354,0
3132,6378,0
3122,6398,0
3113,6413,0
3110,6427,0
3114,6442,1
3351,6412,0
3354,6398,0
3355,6385,0
3351,6373,0
3342,6364,0
3320,6363,0
3296,6364,0
3261,6363,0
3228,6370,0
3203,6383,0
3182,6394,0
3179,6417,0
3188,6435,0
3207,6449,0
3227,6455,0
3248,6461,0
3274,6452,0
3300,6442,0
3326,6430,0
3349,6408,0
3367,6384,0
3385,6357,0
3401,6329,0
3419,6306,0
3435,6287,0
3444,6266,0
3450,6255,0
3457,6260,0
3455,6257,0
3452,6271,0
3440,6288,0
3426,6311,0
3414,6338,0
3400,6368,0
3390,6393,0
3382,6417,0
3379,6440,0
3384,6459,0
3384,6468,0
3386,6471,0
3389,6461,1
3846,6223,0
3857,6217,0
3867,6217,0
3866,6213,0
3867,6217,0
3863,6214,0
3860,6220,0
3844,6227,0
3835,6253,0
3824,6280,0
3814,6311,0
3799,6348,0
3786,6394,0
3776,6428,0
3766,6468,0
3756,6498,0
3752,6521,0
3747,6531,0
3747,6536,0
3745,6532,0
3747,6528,0
3751,6512,0
3759,6491,0
3769,6461,0
3781,6430,0
3783,6386,0
3794,6355,0
3800,6313,0
3807,6275,0
3820,6238,0
3836,6209,0
3849,6185,0
3857,6169,0
3863,6170,0
3865,6173,0
3868,6186,0
3867,6208,0
3863,6236,0
3862,6281,0
3862,6321,0
3867,6375,0
3887,6423,0
3905,6463,0
3925,6502,0
3944,6524,0
3958,6531,0
3966,6527,0
3970,6504,0
3986,6483,0
3996,6440,0
4016,6399,0
4040,6352,0
4061,6293,0
4083,6247,0
4102,6201,0
4117,6172,0
4126,6145,0
4133,6136,0
4133,6131,0
4135,6136,0
4139,6147,1
4144,6413,0
4145,6408,0
4145,6408,0
4145,6408,0
4141,6409,0
4135,6421,0
4129,6438,0
4125,6458,0
4126,6484,0
4135,6505,0
4148,6518,0
4174,6531,0
4200,6536,0
4221,6536,0
4237,6523,0
4250,6508,0
4263,6493,0
4267,6473,0
4268,6458,0
4268,6449,0
4266,6446,0
4267,6450,0
4267,6473,0
4260,6494,0
4249,6526,0
4239,6567,0
4225,6609,0
4209,6652,0
4188,6689,0
4164,6731,0
4143,6768,0
4119,6787,0
4101,6800,0
4080,6792,0
4070,6783,0
4063,6765,0
4071,6748,0
4085,6720,0
4110,6695,0
4140,6671,0
4176,6641,1
4514,6469,0
4507,6459,0
4495,6447,0
4478,6442,0
4456,6432,0
4436,6430,0
4421,6437,0
4405,6451,0
4389,6472,0
4381,6490,0
4377,6505,0
4384,6520,0
4396,6531,0
4415,6540,0
4434,6543,0
4456,6541,0
4480,6533,0
4505,6529,0
4522,6519,0
4536,6512,0
4541,6500,0
4540,6491,0
4542,6495,0
4538,6497,0
4528,6512,0
4517,6531,0
4509,6553,0
4500,6572,0
4492,6589,0
4487,6606,0
4488,6620,0
4488,6628,0
4492,6630,1
4748,6484,0
4755,6485,0
4758,6478,0
4755,6471,0
4748,6465,0
4736,6459,0
4722,6458,0
4701,6460,0
4685,6470,0
4674,6480,0
4672,6500,0
4676,6521,0
4686,6547,0
4697,6569,0
4709,6589,0
4717,6608,0
4714,6613,0
4714,6619,0
4708,6623,0
4688,6615,0
4667,6613,0
4645,6606,0
4628,6602,0
4617,6599,0
4616,6600,0
4614,6597,0
4623,6597,0
4635,6594,0
4654,6593,1
4946,6562,0
4953,6553,0
4958,6541,0
4961,6530,0
4962,6520,0
4953,6507,0
4941,6495,0
4920,6484,0
4891,6474,0
4860,6473,0
4839,6486,0
4817,6500,0
4802,6517,0
4792,6537,0
4784,6551,0
4784,6565,0
4787,6577,0
4799,6584,0
4821,6594,0
4845,6599,0
4871,6593,0
4888,6582,0
4907,6571,0
4923,6558,0
4936,6544,0
4948,6533,0
4958,6527,0
4963,6523,0
4965,6522,0
4965,6527,0
4963,6534,0
4945,6548,0
4930,6576,0
4918,6602,0
4910,6626,0
4910,6644,0
4917,6659,1
5166,6358,0
5166,6358,0
5162,6354,0
5163,6359,0
5158,6362,0
5146,6375,0
5132,6394,0
5118,6416,0
5106,6444,0
5093,6481,0
5079,6517,0
5074,6554,0
5069,6585,0
5069,6613,0
5081,6635,0
5096,6654,0
5117,6663,0
5146,6674,0
5173,6676,0
5206,6679,0
5226,6670,1
5415,6609,0
5415,6604,0
5414,6595,0
5417,6588,0
5412,6572,0
5400,6557,0
5385,6546,0
5362,6539,0
5338,6540,0
5314,6541,0
5297,6558,0
5291,6581,0
5289,6601,0
5290,6615,0
5305,6638,0
5318,6650,0
5334,6659,0
5354,6659,0
5368,6650,0
5383,6640,0
5395,6628,0
5405,6611,0
5407,6590,0
5413,6581,0
5417,6574,0
5415,6570,0
5413,6572,0
5411,6583,0
5397,6597,0
5386,6619,0
5377,6640,0
5368,6654,0
5368,6674,0
5364,6676,0
5367,6679,0
5371,6677,0
5378,6667,1
5504,6563,0
5516,6560,0
5528,6556,0
5532,6558,0
5532,6558,0
5525,6563,0
5511,6577,0
5495,6594,0
5482,6612,0
5473,6633,0
5465,6648,0
5462,6664,0
5459,6671,0
5462,6679,0
5461,6674,0
5473,6667,0
5491,6654,0
5504,6635,0
5525,6621,0
5544,6599,0
5571,6584,0
5600,6574,0
5622,6563,0
5632,6565,0
5638,6571,0
5634,6579,0
5624,6591,0
5613,6604,0
5609,6621,0
5601,6632,0
5598,6640,0
5597,6645,0
5607,6652,1
5805,6604,0
5805,6594,0
5800,6582,0
5791,6575,0
5774,6566,0
5754,6566,0
5739,6577,0
5712,6587,0
5692,6602,0
5681,6614,0
5677,6626,0
5682,6639,0
5698,6651,0
5716,6659,0
5736,6654,0
5759,6647,0
5781,6631,0
5805,6609,0
5825,6584,0
5836,6551,0
5849,6522,0
5859,6494,0
5870,6464,0
5885,6448,0
5891,6434,0
5892,6428,0
5896,6430,0
5894,6437,0
5882,6452,0
5873,6483,0
5861,6522,0
5851,6570,0
5834,6607,0
5818,6648,0
5807,6686,0
5800,6721,0
5799,6751,1