band, &quot;&quot; Greensleeves &quot;and&quot;
481
1060,6484,0
1053,6488,0
1056,6500,0
1059,6520,0
1061,6544,0
1061,6584,0
1060,6628,0
1057,6681,0
1052,6732,0
1047,6784,0
1042,6824,0
1041,6844,0
1048,6848,0
1062,6840,0
1085,6812,0
1115,6775,0
1150,6748,0
1182,6720,0
1213,6707,0
1235,6707,0
1247,6714,0
1250,6734,0
1246,6758,0
1230,6782,0
1207,6806,0
1179,6827,0
1150,6840,0
1124,6844,0
1107,6844,1
1465,6649,0
1467,6640,0
1469,6633,0
1458,6629,0
1438,6642,0
1412,6664,0
1387,6697,0
1370,6730,0
1362,6758,0
1362,6778,0
1366,6786,0
1377,6782,0
1397,6773,0
1418,6751,0
1442,6726,0
1467,6700,0
1487,6683,0
1503,6679,0
1513,6681,0
1524,6693,0
1533,6708,0
1539,6732,0
1544,6752,0
1547,6768,0
1551,6775,0
1553,6780,0
1558,6770,0
1566,6758,0
1576,6729,0
1591,6700,0
1611,6670,0
1634,6652,0
1657,6638,0
1679,6640,0
1696,6647,0
1710,6657,0
1721,6673,0
1729,6688,0
1737,6699,0
1744,6706,0
1750,6706,1
1925,6629,0
1923,6625,0
1918,6622,0
1901,6616,0
1880,6618,0
1857,6630,0
1837,6647,0
1819,6674,0
1809,6703,0
1809,6720,0
1821,6739,0
1834,6745,0
1854,6746,0
1879,6732,0
1903,6700,0
1928,6665,0
1950,6618,0
1968,6563,0
1980,6505,0
1990,6454,0
2000,6413,0
2007,6391,0
2011,6387,0
2008,6379,0
2010,6399,0
2006,6428,0
2002,6461,0
2002,6497,0
2001,6534,1
2256,6739,0
2248,6769,0
2236,6799,0
2221,6839,0
2201,6879,1
2605,6273,0
2604,6285,0
2602,6302,0
2597,6336,0
2586,6372,0
2576,6399,0
2567,6422,0
2564,6423,0
2571,6408,1
2656,6305,0
2656,6309,0
2655,6326,0
2649,6348,0
2641,6371,0
2635,6396,0
2633,6418,0
2632,6430,1
2867,6276,0
2858,6283,0
2854,6284,0
2848,6298,0
2841,6329,0
2834,6360,0
2824,6389,0
2818,6411,0
2816,6419,1
2917,6302,0
2917,6302,0
2919,6319,0
2915,6346,0
2905,6369,1
3329,6334,0
3318,6334,0
3303,6336,0
3281,6352,0
3250,6384,0
3218,6429,0
3186,6482,0
3156,6543,0
3136,6608,0
3127,6669,0
3127,6720,0
3139,6750,0
3158,6764,0
3185,6760,0
3215,6741,0
3241,6717,0
3264,6679,1
3210,6554,0
3214,6558,0
3216,6557,0
3228,6560,0
3255,6573,0
3283,6584,0
3306,6594,0
3327,6616,0
3335,6642,0
3339,6675,0
3334,6702,0
3327,6730,1
3414,6734,0
3411,6734,0
3414,6729,0
3405,6707,0
3399,6675,0
3395,6638,0
3399,6602,0
3411,6572,0
3425,6560,0
3437,6559,0
3445,6560,0
3455,6574,0
3460,6594,0
3467,6612,0
3481,6632,0
3497,6647,0
3517,6653,0
3542,6648,0
3566,6643,0
3590,6629,0
3611,6613,0
3626,6594,0
3632,6583,0
3633,6574,0
3627,6568,0
3620,6563,0
3607,6563,0
3595,6568,0
3578,6574,0
3566,6592,0
3549,6607,0
3538,6632,0
3528,6657,0
3529,6688,0
3533,6708,0
3551,6731,0
3570,6744,0
3595,6747,0
3620,6751,0
3648,6749,0
3669,6740,0
3694,6722,0
3716,6704,0
3735,6684,0
3745,6658,0
3751,6634,0
3754,6611,0
3752,6594,0
3750,6582,0
3738,6579,0
3723,6580,0
3706,6588,0
3692,6598,0
3679,6611,0
3667,6629,0
3659,6650,0
3662,6679,0
3666,6703,0
3673,6722,0
3687,6737,0
3709,6751,0
3727,6756,0
3749,6756,0
3773,6750,0
3798,6740,0
3817,6728,0
3829,6715,0
3839,6697,0
3846,6686,0
3858,6667,0
3865,6655,0
3868,6637,0
3871,6623,0
3875,6599,0
3884,6587,0
3899,6571,0
3921,6566,0
3942,6565,0
3957,6572,0
3980,6583,0
3994,6599,0
4005,6625,0
4007,6649,0
4006,6667,0
4007,6684,1
4131,6583,0
4126,6581,0
4114,6583,0
4102,6589,0
4094,6596,0
4101,6602,0
4105,6622,0
4119,6638,0
4138,6659,0
4152,6680,0
4157,6700,0
4154,6715,0
4140,6725,0
4123,6733,0
4097,6728,0
4070,6709,0
4059,6683,1
4271,6394,0
4275,6391,0
4275,6396,0
4261,6439,0
4246,6482,0
4234,6524,0
4208,6599,0
4206,6641,0
4213,6669,0
4227,6688,0
4251,6694,0
4282,6693,0
4317,6676,0
4352,6654,0
4374,6628,0
4396,6604,0
4408,6584,0
4412,6568,0
4404,6555,0
4394,6551,0
4377,6556,0
4356,6566,0
4337,6589,0
4327,6612,0
4322,6637,0
4330,6664,0
4346,6688,0
4367,6699,0
4396,6703,0
4429,6704,0
4458,6698,0
4483,6681,0
4507,6664,0
4520,6642,0
4529,6616,0
4531,6592,0
4524,6577,0
4509,6568,0
4490,6563,0
4476,6567,0
4459,6575,0
4445,6592,0
4437,6609,0
4434,6638,0
4436,6664,0
4444,6687,0
4461,6706,1
4568,6621,0
4568,6621,0
4570,6621,0
4570,6621,0
4572,6629,0
4573,6646,0
4579,6666,0
4579,6680,0
4587,6693,0
4591,6696,0
4596,6698,0
4605,6688,0
4618,6671,0
4631,6642,0
4643,6613,0
4655,6588,0
4666,6577,1
4659,6636,0
4664,6652,0
4674,6664,0
4690,6669,0
4710,6667,0
4731,6651,0
4753,6633,0
4770,6614,0
4785,6597,0
4792,6589,0
4790,6584,0
4785,6578,0
4772,6581,0
4758,6589,0
4744,6602,0
4736,6625,0
4732,6650,0
4739,6674,0
4749,6691,0
4762,6706,1
4935,6611,0
4936,6615,0
4934,6616,0
4930,6623,0
4925,6630,0
4925,6645,0
4927,6657,0
4937,6679,0
4950,6709,0
4951,6732,0
4957,6756,0
4953,6776,0
4947,6790,0
4933,6798,0
4913,6799,0
4893,6798,0
4874,6790,1
5226,6346,0
5227,6346,0
5226,6346,0
5228,6354,0
5228,6358,0
5230,6372,0
5231,6391,0
5226,6418,0
5220,6446,0
5212,6476,0
5205,6499,0
5201,6516,0
5204,6518,1
5310,6395,0
5301,6402,0
5292,6418,0
5279,6435,0
5268,6461,0
5258,6488,0
5254,6510,0
5255,6529,0
5251,6541,1
5551,6691,0
5554,6689,0
5556,6687,0
5558,6686,0
5552,6681,0
5550,6671,0
5535,6669,0
5512,6679,0
5489,6705,0
5470,6732,0
5462,6755,0
5463,6774,0
5476,6785,0
5497,6785,0
5523,6782,0
5551,6768,0
5579,6758,0
5607,6745,0
5627,6736,0
5640,6736,0
5644,6743,0
5646,6757,0
5643,6778,0
5638,6796,0
5639,6810,0
5641,6818,0
5651,6821,0
5666,6820,0
5684,6817,0
5708,6811,0
5730,6800,0
5751,6800,0
5775,6803,0
5793,6809,0
5813,6814,0
5827,6825,0
5835,6833,0
5836,6842,0
5839,6845,0
5841,6848,0
5842,6843,1
5954,6836,0
5955,6835,0
5955,6830,0
5950,6819,0
5941,6815,0
5923,6809,0
5899,6812,0
5883,6823,0
5870,6838,0
5871,6847,0
5880,6855,0
5897,6862,0
5921,6855,0
5957,6838,0
5996,6814,0
6030,6779,0
6061,6741,0
6085,6712,0
6091,6688,0
6091,6678,0
6087,6676,0
6084,6674,0
6079,6683,0
6068,6701,0
6058,6728,0
6052,6758,0
6051,6790,0
6050,6821,0
6052,6848,1
6213,6454,0
6212,6455,0
6210,6457,0
6207,6470,0
6200,6491,0
6194,6516,0
6183,6535,0
6174,6553,0
6169,6565,1
6274,6435,0
6271,6432,0
6273,6436,0
6271,6437,0
6270,6448,0
6259,6457,0
6254,6473,0
6245,6484,0
6244,6500,0
6243,6512,0
6248,6528,0
6256,6537,0
6262,6548,1