Verdict: The &quot;bunk&quot; needed doub-
990
1121,3100,0
940,3137,0
940,3170,0
940,3214,0
941,3253,0
940,3301,0
947,3358,0
953,3402,0
963,3431,0
970,3451,0
975,3462,0
978,3467,0
979,3467,0
977,3463,0
977,3463,0
979,3443,0
987,3415,0
1236,3305,0
1136,3192,0
1171,3139,0
1195,3103,0
1203,3093,0
1199,3094,0
1195,3098,0
1189,3110,0
1184,3127,1
1242,3329,0
1241,3332,0
1239,3329,0
1240,3332,0
1245,3341,0
1255,3344,0
1270,3343,0
1293,3350,0
1316,3348,0
1344,3341,0
1371,3331,0
1395,3313,0
1415,3294,0
1426,3277,0
1427,3261,0
1417,3243,0
1397,3224,0
1371,3215,0
1337,3214,0
1301,3224,0
1263,3240,0
1234,3269,0
1215,3302,0
1208,3334,0
1212,3370,0
1225,3402,0
1244,3424,0
1269,3447,0
1297,3457,0
1324,3464,0
1348,3465,0
1370,3468,0
1390,3466,0
1409,3456,0
1426,3435,0
1442,3413,0
1460,3386,1
1549,3237,0
1547,3233,0
1546,3233,0
1546,3233,0
1549,3241,0
1550,3245,0
1554,3261,0
1556,3284,0
1558,3317,0
1555,3354,0
1548,3390,0
1541,3428,0
1534,3462,0
1532,3486,0
1532,3502,0
1532,3502,0
1532,3498,0
1533,3494,0
1536,3481,0
1540,3460,0
1545,3440,0
1551,3411,0
1562,3385,0
1578,3370,0
1592,3347,0
1607,3333,0
1624,3334,0
1637,3328,0
1649,3326,0
1658,3324,0
1672,3330,0
1682,3328,0
1691,3322,1
1849,3313,0
1857,3310,0
1860,3309,0
1857,3310,0
1848,3308,0
1833,3308,0
1816,3316,0
1797,3332,0
1775,3358,0
1756,3387,0
1741,3418,0
1733,3452,0
1730,3481,0
1732,3501,0
1739,3516,0
1748,3527,0
1757,3529,0
1768,3526,0
1778,3517,0
1787,3502,0
1797,3472,0
1810,3432,0
1823,3380,0
1841,3327,0
1860,3272,0
1874,3214,0
1886,3162,0
1897,3122,0
1900,3088,0
1901,3071,0
1902,3074,0
1900,3075,0
1901,3091,0
1898,3129,0
1891,3173,0
1884,3224,0
1876,3284,0
1866,3337,0
1858,3388,0
1851,3431,0
1845,3460,0
1846,3481,0
1848,3485,0
1849,3485,0
1852,3484,0
1857,3470,0
1867,3455,0
1882,3427,0
1905,3401,1
2050,3277,0
2052,3281,0
2054,3288,0
2053,3301,0
2047,3320,0
2041,3351,0
2032,3382,0
2026,3417,0
2019,3445,0
2019,3474,0
2015,3491,0
2017,3499,0
2022,3498,0
2029,3501,0
2034,3486,0
2038,3456,1
2083,3118,0
2084,3123,0
2084,3127,0
2086,3127,0
2086,3127,0
2085,3122,0
2091,3129,0
2088,3122,0
2082,3110,0
2080,3107,0
2078,3103,0
2076,3100,0
2078,3103,0
2077,3104,0
2086,3118,0
2100,3134,0
2116,3150,1
2330,3313,0
2338,3314,0
2340,3313,0
2335,3308,0
2320,3296,0
2301,3291,0
2275,3292,0
2236,3289,0
2202,3306,0
2160,3317,0
2128,3340,0
2102,3365,0
2088,3395,0
2090,3424,0
2103,3453,0
2123,3476,0
2154,3500,0
2184,3510,0
2214,3513,0
2241,3513,0
2265,3513,0
2280,3512,0
2286,3501,0
2294,3490,0
2303,3469,1
2454,3081,0
2457,3071,0
2458,3062,0
2456,3062,0
2458,3066,0
2457,3075,0
2458,3100,0
2454,3124,0
2456,3168,0
2453,3214,0
2443,3262,0
2437,3321,0
2427,3373,0
2424,3426,0
2422,3466,0
2424,3496,0
2430,3515,0
2435,3521,0
2437,3520,0
2437,3516,0
2434,3496,0
2434,3474,0
2433,3448,0
2431,3419,0
2428,3390,1
2384,3270,0
2375,3260,0
2375,3260,0
2377,3264,0
2381,3262,0
2401,3271,0
2426,3273,0
2455,3278,0
2485,3278,0
2504,3274,0
2519,3276,0
2522,3279,0
2519,3280,0
2516,3281,0
2513,3278,0
2514,3282,0
2514,3278,0
2518,3276,0
2525,3277,0
2533,3278,1
2679,3327,0
2681,3330,0
2680,3331,0
2677,3327,0
2678,3332,0
2675,3333,0
2678,3336,0
2680,3336,0
2678,3332,0
2686,3337,0
2683,3330,0
2681,3326,0
2679,3322,0
2677,3319,0
2677,3319,0
2679,3322,0
2681,3326,0
2683,3329,0
2685,3333,0
2686,3337,0
2698,3353,1
2704,3528,0
2700,3526,0
2697,3524,0
2695,3524,0
2690,3522,0
2692,3525,0
2694,3530,0
2694,3530,0
2700,3535,0
2700,3531,0
2702,3530,0
2698,3522,0
2698,3522,0
2695,3520,0
2692,3517,0
2689,3513,0
2689,3513,0
2692,3517,0
2692,3512,0
2699,3513,0
2714,3510,1
2969,3134,0
2968,3135,0
2969,3139,0
2967,3145,0
2963,3161,0
2965,3189,0
2956,3214,0
2955,3256,0
2949,3301,0
2951,3352,0
2948,3399,0
2949,3445,0
2951,3485,0
2955,3515,0
2960,3531,0
2965,3537,0
2966,3532,1
2872,3124,0
2876,3126,0
2883,3127,0
2902,3129,0
2928,3132,0
2960,3135,0
2995,3136,0
3024,3132,0
3054,3136,0
3070,3135,0
3076,3136,0
3075,3137,0
3074,3137,0
3074,3142,0
3065,3139,0
3066,3138,0
3076,3140,1
3177,3110,0
3178,3109,0
3179,3114,0
3177,3120,0
3173,3137,0
3165,3163,0
3163,3202,0
3152,3248,0
3147,3300,0
3139,3349,0
3134,3399,0
3129,3440,0
3129,3473,0
3131,3486,0
3134,3488,0
3130,3482,0
3130,3477,0
3130,3448,0
3133,3409,0
3143,3369,0
3157,3327,0
3179,3293,0
3198,3266,0
3215,3249,0
3234,3251,0
3245,3262,0
3257,3293,0
3263,3332,0
3267,3378,0
3265,3424,0
3262,3463,0
3264,3501,0
3260,3518,0
3264,3530,0
3264,3529,0
3274,3528,0
3276,3507,0
3287,3481,0
3298,3449,0
3311,3416,1
3283,3348,0
3276,3357,0
3271,3361,0
3275,3368,0
3284,3376,0
3294,3379,0
3311,3382,0
3331,3383,0
3353,3382,0
3377,3380,0
3400,3373,0
3423,3362,0
3439,3344,0
3453,3329,0
3458,3310,0
3457,3291,0
3445,3270,0
3430,3252,0
3402,3233,0
3372,3221,0
3341,3218,0
3313,3224,0
3287,3238,0
3268,3257,0
3258,3282,0
3255,3310,0
3451,3489,0
3446,3483,1
3702,3050,0
3701,3051,0
3695,3046,0
3696,3051,0
3699,3064,0
3698,3081,0
3702,3100,0
3701,3111,0
3703,3126,0
3699,3134,0
3705,3145,0
3708,3142,0
3715,3125,1
3771,2958,0
3778,2969,0
3772,2986,0
3769,3016,0
3764,3047,0
3765,3075,0
3761,3095,0
3770,3114,0
3776,3123,1
3876,3086,0
3875,3081,0
3880,3082,0
3880,3082,0
3877,3091,0
3871,3117,0
3865,3156,0
3853,3194,0
3841,3238,0
3837,3294,0
3826,3347,0
3824,3406,0
3812,3453,0
3807,3503,0
3796,3533,0
3800,3561,0
3797,3563,0
3802,3570,0
3798,3563,0
3796,3549,0
3795,3518,0
3801,3489,0
3809,3451,0
3819,3411,0
3831,3369,0
3855,3337,0
3873,3300,0
3906,3282,0
3930,3265,0
3954,3264,0
3969,3272,0
3981,3294,0
3981,3321,0
3978,3357,0
3964,3396,0
3954,3438,0
3926,3467,0
3900,3494,0
3877,3513,0
3856,3525,0
3841,3528,0
3836,3532,0
3834,3528,0
3833,3525,0
3834,3518,1
4153,3285,0
4145,3276,0
4137,3273,0
4128,3275,0
4120,3288,0
4110,3310,0
4102,3339,0
4097,3378,0
4097,3421,0
4091,3459,0
4096,3492,0
4100,3510,0
4116,3522,0
4129,3517,0
4153,3506,0
4169,3474,0
4193,3440,0
4209,3397,0
4235,3361,0
4249,3320,0
4266,3290,0
4274,3270,0
4273,3266,0
4271,3267,0
4270,3286,0
4261,3319,0
4254,3354,0
4250,3392,0
4244,3424,0
4238,3448,0
4248,3472,0
4249,3477,0
4251,3474,1
4348,3274,0
4352,3276,0
4350,3283,0
4342,3298,0
4339,3329,0
4327,3360,0
4315,3395,0
4305,3433,0
4293,3460,0
4290,3481,0
4289,3487,0
4295,3487,0
4299,3477,0
4311,3455,0
4324,3420,0
4344,3382,0
4377,3348,0
4407,3317,0
4431,3291,0
4460,3284,0
4477,3289,0
4488,3307,0
4492,3338,0
4488,3377,0
4483,3416,0
4488,3458,0
4483,3485,0
4480,3499,0
4485,3506,0
4488,3503,0
4495,3491,0
4502,3466,0
4519,3436,1
4611,3117,0
4608,3115,0
4611,3117,0
4608,3127,0
4602,3153,0
4598,3188,0
4584,3228,0
4575,3276,0
4571,3328,0
4564,3378,0
4560,3422,0
4553,3459,0
4555,3486,0
4553,3500,0
4558,3506,0
4558,3506,0
4560,3505,1
4724,3354,0
4725,3354,0
4726,3353,0
4722,3351,0
4711,3351,0
4690,3350,0
4664,3355,0
4635,3364,0
4604,3374,0
4582,3387,0
4567,3397,0
4559,3399,0
4565,3407,0
4578,3421,0
4594,3434,0
4608,3447,0
4628,3461,0
4640,3472,0
4652,3482,0
4658,3487,0
4662,3489,0
4664,3486,0
4666,3468,0
4677,3443,0
4693,3407,1
4870,3009,0
4869,3010,0
4867,3019,0
4862,3045,0
4856,3080,0
4842,3112,0
4832,3138,0
4825,3159,0
4824,3173,0
4823,3173,0
4829,3166,0
4842,3145,0
4854,3116,1
4932,3026,0
4937,3033,0
4931,3047,0
4912,3066,0
4904,3084,0
4894,3097,0
4891,3107,0
4898,3119,1
5085,3300,0
5084,3301,0
5084,3302,0
5081,3311,0
5079,3328,0
5073,3348,0
5070,3370,0
5064,3390,0
5063,3417,0
5061,3439,0
5059,3454,0
5059,3467,0
5060,3472,0
5057,3469,0
5060,3465,0
5067,3426,0
5075,3397,0
5084,3366,0
5098,3336,0
5115,3315,0
5127,3298,0
5136,3293,0
5147,3299,0
5158,3318,0
5168,3344,0
5175,3380,0
5180,3419,0
5179,3452,0
5181,3481,0
5186,3501,0
5190,3509,0
5194,3511,1
5256,3380,0
5259,3382,0
5266,3387,0
5277,3393,0
5289,3397,0
5308,3398,0
5325,3396,0
5347,3394,0
5365,3390,0
5380,3381,0
5385,3375,0
5384,3370,0
5376,3361,0
5364,3351,0
5349,3343,0
5326,3334,0
5303,3333,0
5276,3334,0
5253,3344,0
5235,3356,0
5223,3370,0
5224,3389,0
5235,3414,0
5254,3436,0
5273,3456,0
5295,3474,0
5319,3488,0
5335,3494,0
5353,3498,0
5364,3497,0
5373,3491,0
5388,3484,0
5392,3465,1
5443,3378,0
5441,3382,0
5444,3382,0
5448,3385,0
5452,3386,0
5462,3386,0
5477,3387,0
5513,3378,0
5529,3368,0
5545,3361,0
5552,3351,0
5554,3347,0
5552,3337,0
5547,3329,0
5525,3313,0
5509,3306,0
5484,3301,0
5458,3303,0
5433,3310,0
5413,3325,0
5394,3344,0
5381,3368,0
5377,3393,0
5381,3421,0
5390,3449,0
5405,3475,0
5430,3496,0
5450,3508,0
5473,3518,0
5516,3529,0
5525,3530,0
5532,3526,0
5541,3520,0
5547,3508,0
5557,3493,1
5735,3353,0
5737,3351,0
5733,3349,0
5725,3346,0
5712,3345,0
5694,3350,0
5675,3363,0
5649,3385,0
5629,3414,0
5612,3445,0
5602,3479,0
5593,3510,0
5594,3537,0
5605,3556,0
5616,3568,0
5629,3571,0
5658,3551,0
5670,3528,0
5688,3496,0
5701,3457,0
5718,3414,0
5731,3358,0
5750,3310,0
5757,3264,0
5765,3223,0
5770,3192,0
5771,3177,0
5769,3172,0
5767,3174,0
5768,3189,0
5762,3226,0
5757,3270,0
5752,3322,0
5740,3380,0
5730,3431,0
5728,3481,0
5722,3519,0
5721,3547,0
5726,3560,0
5725,3561,0
5725,3561,0
5730,3554,0
5737,3532,1
5827,3397,0
5825,3399,0
5822,3403,0
5819,3408,0
5816,3412,0
5820,3414,0
5830,3421,0
5842,3423,0
5855,3426,0
5876,3430,0
5897,3429,0
5921,3422,0
5944,3416,0
5967,3403,0
5982,3395,0
5989,3390,0
5988,3379,0
5976,3366,0
5957,3351,0
5935,3343,0
5914,3338,0
5883,3334,0
5863,3343,0
5838,3352,0
5816,3363,0
5802,3384,0
5794,3409,0
5787,3433,0
5794,3465,0
5805,3498,0
5822,3524,0
5845,3546,0
5901,3578,0
5914,3578,0
5933,3573,0
5936,3562,0
5947,3552,0
5952,3532,1
6126,3400,0
6124,3397,0
6116,3394,0
6107,3395,0
6099,3399,0
6082,3402,0
6071,3420,0
6056,3443,0
6048,3462,0
6039,3491,0
6027,3520,0
6024,3548,0
6022,3571,0
6027,3586,0
6038,3597,0
6046,3599,0
6058,3597,0
6071,3586,0
6080,3563,0
6099,3537,0
6114,3501,0
6133,3463,0
6154,3416,0
6169,3370,0
6181,3322,0
6188,3279,0
6194,3247,0
6194,3222,0
6194,3214,0
6190,3214,0
6189,3215,0
6184,3238,0
6177,3274,0
6176,3322,0
6167,3372,0
6160,3422,0
6151,3472,0
6147,3515,0
6141,3554,0
6141,3583,0
6140,3597,0
6142,3601,0
6144,3599,0
6146,3595,0
6148,3585,1
6502,3447,0
6497,3441,0
6494,3437,0
6486,3436,0
6473,3434,0
6460,3440,0
6445,3450,0
6429,3467,0
6415,3491,0
6403,3517,0
6394,3545,0
6390,3575,0
6389,3598,0
6388,3614,0
6394,3628,0
6400,3633,0
6409,3632,0
6419,3625,0
6431,3613,0
6436,3591,0
6447,3566,0
6455,3531,0
6465,3493,0
6476,3450,0
6486,3404,0
6493,3362,0
6500,3325,0
6503,3296,0
6505,3277,0
6505,3276,0
6502,3275,0
6503,3281,0
6502,3306,0
6498,3344,0
6499,3390,0
6491,3434,0
6486,3489,0
6481,3537,0
6478,3578,0
6471,3602,0
6475,3620,0
6476,3624,0
6478,3623,0
6484,3619,1
6610,3462,0
6604,3455,0
6594,3448,0
6586,3448,0
6575,3450,0
6564,3453,0
6547,3466,0
6541,3484,0
6529,3502,0
6527,3528,0
6530,3555,0
6535,3577,0
6543,3601,0
6558,3616,0
6572,3623,0
6590,3624,0
6607,3621,0
6623,3611,0
6627,3595,0
6633,3578,0
6629,3554,0
6619,3532,0
6607,3506,0
6594,3481,0
6583,3461,0
6572,3448,0
6568,3440,0
6568,3439,0
6568,3440,0
6572,3446,0
6576,3464,0
6584,3481,0
6592,3498,1
6700,3436,0
6691,3433,0
6686,3434,0
6682,3443,0
6674,3456,0
6667,3483,0
6666,3508,0
6669,3542,0
6669,3566,0
6676,3592,0
6687,3606,0
6698,3611,0
6708,3602,0
6724,3592,0
6741,3571,0
6756,3545,0
6768,3510,0
6779,3481,0
6786,3453,0
6787,3435,0
6791,3428,0
6791,3430,0
6790,3431,0
6788,3451,0
6785,3479,0
6780,3513,0
6778,3548,0
6771,3583,0
6773,3602,0
6773,3618,0
6775,3623,0
6778,3625,0
6782,3618,0
6787,3602,0
6797,3578,0
6807,3552,0
6824,3515,1
6857,3328,0
6855,3331,0
6855,3340,0
6854,3350,0
6852,3370,0
6850,3391,0
6843,3419,0
6838,3452,0
6829,3491,0
6821,3530,0
6813,3566,0
6808,3598,0
6806,3626,0
6807,3638,0
6813,3644,0
6814,3643,0
6814,3643,0
6817,3630,0
6821,3608,0
6826,3585,0
6832,3550,0
6849,3520,0
6864,3496,0
6876,3475,0
6886,3465,0
6893,3460,0
6903,3467,0
6907,3477,0
6908,3499,0
6913,3522,0
6910,3551,0
6896,3583,0
6880,3611,0
6859,3638,0
6833,3658,0
6811,3672,0
6792,3679,0
6783,3678,0
6783,3678,0
6785,3674,0
6790,3665,0
6804,3659,0
6817,3653,0
6835,3645,0
6857,3641,1
6945,3563,0
6941,3561,0
6942,3561,0
6951,3561,0
6971,3566,0
6997,3568,0
7024,3570,0
7049,3575,0
7067,3576,0
7070,3580,0
7070,3580,0
7065,3578,0
7060,3579,0
7059,3580,0
7062,3583,0
7063,3582,0
7059,3582,1