&quot;appointment&apos; with playwright
968
561,2101,0
588,2099,0
587,2103,0
584,2107,0
579,2109,0
571,2120,0
567,2135,0
562,2146,0
559,2158,0
554,2174,0
550,2181,0
550,2180,0
552,2181,1
649,2073,0
649,2068,0
649,2068,0
651,2073,0
649,2089,0
643,2105,0
634,2127,0
625,2149,0
623,2166,1
931,2200,0
930,2195,0
928,2191,0
926,2187,0
917,2178,0
904,2177,0
883,2179,0
855,2193,0
752,2324,0
737,2350,0
733,2369,0
738,2386,0
748,2400,0
767,2407,0
791,2407,0
821,2398,0
852,2369,0
882,2340,0
912,2314,0
931,2275,0
946,2248,0
955,2217,0
962,2197,0
964,2181,0
962,2178,0
955,2173,0
948,2184,0
941,2208,0
934,2228,0
927,2255,0
916,2275,0
903,2301,0
886,2324,0
873,2343,0
865,2362,0
864,2374,0
871,2379,0
882,2376,1
1068,2193,0
1059,2209,0
1053,2232,0
1042,2253,0
1030,2276,0
1018,2312,0
1003,2335,0
994,2376,0
985,2415,0
977,2454,0
965,2490,0
955,2517,0
950,2550,0
945,2565,0
942,2581,0
939,2585,0
940,2589,0
941,2581,1
1037,2253,0
1040,2241,0
1049,2224,0
1064,2209,0
1082,2189,0
1101,2164,0
1124,2157,0
1142,2156,0
1154,2159,0
1161,2171,0
1163,2187,0
1163,2211,0
1154,2231,0
1138,2256,0
1114,2277,0
1089,2292,0
1062,2297,0
1043,2304,0
1026,2300,0
1018,2296,0
1011,2284,0
1013,2275,0
1023,2272,0
1043,2265,0
1068,2257,1
1247,2162,0
1246,2158,0
1246,2154,0
1248,2157,0
1248,2162,0
1245,2174,0
1240,2190,0
1235,2211,0
1229,2231,0
1222,2260,0
1213,2289,0
1203,2317,0
1194,2354,0
1184,2391,0
1177,2427,0
1167,2458,0
1162,2495,0
1160,2531,0
1154,2555,0
1152,2576,0
1151,2584,0
1155,2588,0
1166,2587,0
1172,2555,0
1186,2526,1
1247,2210,0
1246,2202,0
1247,2193,0
1254,2185,0
1265,2169,0
1283,2159,0
1304,2152,0
1322,2150,0
1342,2159,0
1363,2177,0
1374,2191,0
1376,2207,0
1368,2229,0
1349,2251,0
1324,2266,0
1298,2282,0
1270,2297,0
1241,2299,0
1229,2304,0
1222,2292,0
1223,2287,1
1467,2200,0
1465,2200,0
1460,2201,0
1457,2218,0
1450,2232,0
1445,2249,0
1446,2269,0
1453,2285,0
1466,2290,0
1487,2294,0
1510,2294,0
1535,2285,0
1559,2270,0
1578,2250,0
1591,2230,0
1590,2210,0
1580,2196,0
1558,2181,0
1541,2177,0
1523,2181,0
1503,2189,0
1479,2202,0
1452,2215,0
1437,2234,0
1436,2255,1
1682,2193,0
1691,2195,0
1696,2198,0
1696,2198,0
1693,2198,0
1696,2218,0
1691,2232,0
1681,2244,0
1675,2262,0
1667,2277,0
1662,2290,0
1663,2302,0
1663,2306,0
1667,2314,0
1668,2314,0
1675,2311,0
1674,2282,1
1719,2106,0
1727,2108,0
1725,2100,0
1723,2096,0
1723,2096,0
1722,2092,0
1720,2089,0
1725,2096,0
1719,2089,1
1841,2160,0
1845,2163,0
1847,2166,0
1842,2160,0
1846,2167,0
1846,2180,0
1841,2194,0
1834,2215,0
1821,2232,0
1812,2256,0
1804,2272,0
1803,2292,0
1795,2300,0
1792,2305,0
1791,2306,0
1794,2309,0
1795,2304,0
1800,2294,0
1804,2275,0
1819,2254,0
1833,2223,0
1851,2199,0
1867,2180,0
1890,2167,0
1907,2156,0
1923,2153,0
1932,2153,0
1938,2164,0
1941,2188,0
1930,2211,0
1916,2239,0
1903,2260,0
1896,2281,0
1892,2291,0
1897,2301,0
1897,2297,0
1911,2297,1
2087,2080,0
2087,2080,0
2086,2080,0
2087,2084,0
2084,2091,0
2082,2106,0
2074,2118,0
2065,2137,0
2059,2161,0
2051,2183,0
2048,2203,0
2045,2222,0
2039,2246,0
2035,2270,0
2029,2286,0
2027,2300,0
2031,2316,0
2027,2317,0
2026,2322,0
2027,2326,0
2024,2323,0
2026,2322,0
2029,2312,0
2043,2301,0
2049,2281,1
1981,2202,0
1982,2201,0
1994,2200,0
2021,2198,0
2048,2184,0
2086,2175,0
2118,2162,0
2146,2157,0
2164,2157,0
2172,2157,0
2176,2160,0
2170,2159,0
2162,2166,1
2276,2147,0
2277,2142,0
2275,2135,0
2269,2129,0
2268,2129,0
2272,2146,0
2267,2162,0
2259,2186,0
2244,2203,0
2230,2230,0
2226,2260,0
2218,2277,0
2210,2291,0
2205,2298,0
2208,2306,0
2210,2309,0
2212,2308,0
2214,2293,0
2227,2273,0
2238,2244,0
2259,2218,0
2275,2186,0
2294,2164,0
2309,2146,0
2319,2135,0
2327,2135,0
2335,2139,0
2341,2150,0
2338,2166,0
2331,2194,0
2320,2224,0
2309,2245,0
2305,2261,0
2304,2270,0
2301,2268,0
2301,2268,0
2304,2266,0
2311,2248,0
2330,2228,0
2351,2205,0
2370,2179,0
2393,2159,0
2418,2142,0
2443,2130,0
2464,2125,0
2483,2131,0
2491,2140,0
2494,2157,0
2492,2183,0
2485,2212,0
2479,2236,0
2475,2258,0
2473,2278,0
2470,2290,0
2478,2305,0
2491,2314,0
2503,2312,1
2578,2216,0
2591,2212,0
2608,2203,0
2629,2192,0
2650,2181,0
2665,2170,0
2675,2161,0
2676,2150,0
2666,2138,0
2659,2134,0
2642,2132,0
2630,2142,0
2606,2154,0
2584,2171,0
2573,2194,0
2565,2215,0
2564,2236,0
2573,2253,0
2584,2265,0
2594,2263,0
2618,2265,0
2642,2263,0
2661,2259,0
2669,2248,0
2685,2235,1
2788,2140,0
2784,2139,0
2781,2146,0
2773,2158,0
2766,2175,0
2757,2193,0
2747,2211,0
2738,2224,0
2736,2236,0
2733,2238,0
2733,2238,0
2733,2237,0
2732,2229,0
2737,2214,0
2753,2197,0
2772,2175,0
2796,2155,0
2818,2135,0
2838,2123,0
2844,2116,0
2847,2116,0
2849,2118,0
2846,2126,0
2842,2145,0
2836,2167,0
2829,2184,0
2830,2198,0
2840,2212,0
2856,2224,0
2873,2230,0
2895,2232,0
2920,2231,0
2943,2221,1
3022,2045,0
3026,2041,0
3032,2041,0
3033,2040,0
3028,2039,0
3021,2046,0
3022,2063,0
3013,2078,0
3008,2100,0
3005,2125,0
2996,2149,0
2996,2178,0
2989,2200,0
2983,2218,0
2981,2236,0
2983,2251,0
2984,2260,0
2987,2264,0
2987,2263,0
2989,2262,0
2992,2253,1
2941,2169,0
2941,2169,0
2947,2169,0
2964,2165,0
2995,2162,0
3028,2159,0
3056,2154,0
3077,2149,0
3090,2148,1
3274,1954,0
3272,1950,0
3277,1951,0
3277,1949,0
3277,1951,0
3276,1952,0
3269,1953,0
3264,1967,0
3255,1978,0
3245,1989,0
3237,1998,0
3229,2007,0
3222,2016,0
3223,2028,0
3221,2036,0
3221,2043,0
3225,2050,1
3660,2117,0
3660,2109,0
3663,2105,0
3660,2102,0
3660,2102,0
3663,2105,0
3661,2108,0
3654,2118,0
3648,2133,0
3634,2149,0
3621,2174,0
3607,2198,0
3597,2222,0
3590,2243,0
3590,2261,0
3596,2274,0
3603,2278,0
3619,2277,0
3641,2270,0
3675,2260,0
3711,2241,0
3744,2218,0
3771,2195,0
3787,2174,0
3790,2156,0
3793,2145,0
3787,2140,0
3785,2141,0
3784,2144,0
3774,2157,0
3767,2181,0
3760,2209,0
3750,2236,0
3756,2261,0
3763,2278,0
3781,2292,0
3799,2296,0
3826,2294,0
3860,2282,0
3895,2262,0
3925,2236,0
3945,2207,0
3957,2183,0
3959,2159,0
3962,2141,0
3970,2130,0
3970,2123,0
3973,2125,0
3966,2129,1
4065,2152,0
4068,2148,0
4075,2145,0
4073,2140,0
4073,2140,0
4076,2145,0
4070,2154,0
4063,2170,0
4058,2186,0
4051,2202,0
4045,2219,0
4034,2235,0
4023,2250,0
4017,2264,0
4020,2281,0
4010,2289,0
4008,2297,0
4014,2304,0
4012,2306,0
4020,2310,0
4018,2304,1
4086,2085,0
4082,2077,0
4080,2071,0
4081,2070,0
4081,2070,0
4085,2072,0
4082,2070,0
4082,2070,0
4081,2070,1
4277,1978,0
4278,1975,0
4278,1973,0
4275,1972,0
4275,1973,0
4273,1974,0
4268,1984,0
4264,1999,0
4254,2018,0
4236,2040,0
4227,2068,0
4215,2097,0
4209,2129,0
4200,2159,0
4189,2190,0
4186,2217,0
4187,2237,0
4198,2256,0
4216,2266,0
4237,2271,0
4263,2274,0
4280,2270,0
4300,2270,0
4302,2260,0
4302,2251,1
4183,2185,0
4189,2183,0
4199,2176,0
4216,2170,0
4236,2163,0
4261,2159,0
4286,2157,0
4310,2157,0
4328,2157,1
4484,2007,1
4472,2005,0
4466,2008,0
4465,2017,0
4456,2025,0
4454,2037,0
4449,2046,0
4450,2060,0
4445,2077,0
4442,2098,0
4437,2123,0
4423,2147,0
4412,2174,0
4394,2203,0
4379,2234,0
4363,2260,0
4351,2278,0
4354,2289,0
4350,2288,0
4355,2287,0
4360,2279,0
4372,2261,0
4389,2241,0
4408,2219,0
4435,2197,0
4474,2179,0
4508,2159,0
4541,2143,0
4572,2138,0
4584,2140,0
4594,2155,0
4591,2176,0
4577,2203,0
4570,2236,0
4558,2263,0
4552,2289,0
4546,2307,0
4548,2319,0
4557,2328,0
4560,2329,0
4570,2330,1
4982,2203,0
4980,2200,0
4988,2200,0
4979,2200,0
4982,2203,0
4975,2207,0
4972,2223,0
4973,2238,0
4964,2255,0
4955,2280,0
4950,2306,0
4938,2335,0
4929,2368,0
4915,2400,0
4906,2430,0
4896,2456,0
4892,2478,0
4886,2494,0
4886,2503,0
4888,2507,0
4894,2504,1
4958,2189,0
4954,2188,0
4964,2186,0
4965,2183,0
4974,2176,0
4993,2165,0
5013,2152,0
5038,2145,0
5081,2150,0
5105,2155,0
5127,2166,0
5138,2178,0
5152,2197,0
5148,2212,0
5129,2232,0
5098,2250,0
5058,2265,0
5033,2278,0
4999,2282,0
4987,2287,0
4961,2285,0
4961,2285,0
4948,2284,0
4967,2283,0
4990,2275,1
5251,2043,0
5251,2044,0
5249,2048,0
5255,2053,0
5250,2063,0
5240,2076,0
5231,2095,0
5224,2119,0
5212,2147,0
5193,2176,0
5178,2207,0
5163,2236,0
5154,2263,0
5144,2283,0
5148,2300,0
5138,2311,0
5142,2320,0
5140,2323,0
5158,2326,0
5159,2321,0
5172,2316,1
5366,2205,0
5368,2200,0
5376,2192,0
5376,2182,0
5380,2174,0
5371,2166,0
5360,2162,0
5341,2164,0
5323,2175,0
5301,2193,0
5282,2212,0
5270,2236,0
5260,2256,0
5260,2276,0
5260,2293,0
5270,2308,0
5289,2316,0
5318,2319,0
5344,2313,0
5372,2301,0
5405,2289,0
5423,2270,0
5441,2250,0
5455,2232,0
5462,2217,0
5462,2205,0
5465,2199,0
5467,2196,0
5467,2196,0
5463,2195,0
5466,2198,0
5454,2205,0
5454,2224,0
5441,2240,0
5438,2258,0
5437,2277,0
5438,2292,0
5441,2306,0
5453,2319,0
5466,2327,0
5487,2330,0
5509,2321,0
5547,2309,0
5573,2289,0
5605,2270,0
5622,2252,0
5634,2234,0
5634,2215,0
5639,2203,0
5634,2194,0
5636,2193,0
5635,2193,0
5630,2195,0
5624,2209,0
5624,2227,0
5620,2246,0
5622,2270,0
5623,2287,0
5629,2301,0
5643,2310,0
5669,2312,0
5689,2306,0
5713,2292,0
5735,2275,0
5747,2255,0
5751,2237,0
5753,2222,0
5754,2212,0
5750,2202,0
5746,2200,0
5745,2202,0
5743,2215,0
5740,2233,0
5742,2259,0
5741,2289,0
5746,2327,0
5754,2366,0
5745,2405,0
5742,2445,0
5732,2484,0
5716,2517,0
5699,2543,0
5666,2561,0
5643,2578,0
5610,2581,0
5590,2576,0
5571,2562,0
5576,2544,0
5584,2511,0
5607,2476,0
5646,2443,0
5688,2410,0
5721,2379,1
5955,2208,0
5957,2205,0
5959,2200,0
5959,2199,0
5955,2198,0
5958,2203,0
5948,2214,0
5944,2235,0
5930,2259,0
5918,2287,0
5906,2313,0
5904,2335,0
5905,2353,0
5913,2365,0
5919,2370,0
5936,2373,0
5960,2367,0
5984,2354,0
6008,2338,0
6025,2319,0
6037,2301,0
6043,2289,0
6039,2279,0
6035,2277,0
6034,2278,0
6032,2285,0
6029,2301,0
6022,2316,0
6032,2335,0
6039,2350,0
6059,2362,0
6080,2365,0
6096,2357,0
6120,2343,0
6142,2321,0
6161,2297,0
6177,2268,0
6189,2241,0
6197,2219,0
6198,2205,0
6197,2198,0
6190,2194,0
6182,2192,0
6187,2201,0
6182,2205,1
6297,2205,0
6295,2201,0
6295,2199,0
6295,2200,0
6294,2205,0
6288,2217,0
6286,2234,0
6271,2251,0
6263,2280,0
6253,2304,0
6251,2321,0
6247,2331,0
6244,2335,0
6243,2339,0
6247,2340,0
6255,2341,0
6266,2334,1
6298,2193,0
6294,2192,0
6295,2191,0
6300,2188,0
6308,2178,0
6324,2171,0
6336,2162,0
6354,2159,0
6372,2155,0
6394,2154,0
6404,2153,0
6408,2148,0
6416,2142,0
6422,2136,0
6420,2131,0
6424,2131,0
6435,2136,1
6461,2169,0
6461,2169,0
6464,2173,0
6460,2183,0
6458,2200,0
6446,2221,0
6434,2240,0
6423,2258,0
6420,2277,0
6415,2290,0
6413,2303,0
6413,2316,0
6408,2327,0
6410,2333,0
6422,2335,0
6437,2330,0
6445,2313,1
6500,2131,0
6505,2130,0
6506,2127,0
6506,2127,0
6506,2128,0
6506,2128,0
6509,2131,0
6512,2135,0
6510,2140,1
6655,2232,0
6661,2229,0
6667,2224,0
6673,2219,0
6672,2208,0
6667,2201,0
6659,2195,0
6644,2194,0
6628,2200,0
6613,2208,0
6595,2222,0
6584,2239,0
6577,2260,0
6574,2278,0
6584,2296,0
6590,2303,0
6602,2304,0
6621,2302,0
6636,2295,0
6658,2282,0
6680,2268,0
6695,2252,0
6700,2236,0
6700,2226,0
6700,2224,0
6696,2224,0
6692,2236,0
6686,2254,0
6673,2275,0
6668,2300,0
6662,2326,0
6659,2357,0
6655,2388,0
6648,2416,0
6637,2444,0
6628,2466,0
6623,2490,0
6609,2501,0
6585,2504,0
6568,2504,0
6559,2495,0
6560,2481,0
6571,2456,0
6580,2425,0
6596,2396,1
6802,2144,0
6799,2136,0
6802,2133,0
6801,2133,0
6804,2136,0
6798,2143,0
6791,2160,0
6785,2179,0
6777,2201,0
6773,2224,0
6768,2248,0
6757,2269,0
6749,2288,0
6740,2301,0
6740,2313,0
6739,2317,0
6739,2316,0
6739,2316,0
6741,2311,0
6750,2299,0
6764,2283,0
6788,2265,0
6813,2243,0
6835,2229,0
6850,2222,0
6855,2222,0
6861,2227,0
6861,2239,0
6855,2254,0
6849,2273,0
6843,2287,0
6839,2300,0
6838,2312,0
6845,2318,0
6848,2322,0
6853,2318,0
6864,2312,1
6959,2115,0
6959,2115,0
6959,2116,0
6956,2123,0
6951,2139,0
6944,2162,0
6935,2187,0
6925,2212,0
6914,2234,0
6908,2251,0
6906,2268,0
6901,2284,0
6896,2295,0
6901,2304,0
6901,2306,0
6901,2305,0
6907,2300,1
6922,2173,0
6919,2171,0
6919,2172,0
6922,2173,0
6922,2174,0
6922,2174,0
6918,2173,0
6922,2175,0
6945,2181,0
6974,2183,0
6995,2182,0
7012,2183,0
7011,2188,1