from pubs, the Eton
343
1220,3338,0
1199,3330,0
1178,3319,0
1155,3308,0
1134,3312,0
1108,3321,0
1080,3352,0
1056,3401,0
1042,3472,0
1039,3564,0
1044,3645,0
1055,3725,0
1068,3788,0
1078,3833,0
1085,3844,0
1088,3841,0
1082,3817,1
885,3579,0
887,3583,0
895,3580,0
928,3578,0
979,3567,0
1052,3552,0
1124,3549,0
1189,3551,0
1246,3556,1
1334,3648,0
1311,3657,0
1288,3650,0
1265,3628,0
1248,3597,0
1240,3556,0
1240,3525,0
1247,3492,0
1266,3467,0
1303,3449,0
1346,3442,0
1401,3440,1
1564,3501,0
1537,3498,0
1507,3493,0
1473,3493,0
1436,3489,0
1403,3501,0
1376,3515,0
1358,3541,0
1354,3570,0
1365,3592,0
1394,3610,0
1435,3614,0
1483,3609,0
1532,3595,0
1574,3573,0
1607,3556,0
1621,3537,0
1625,3528,0
1621,3521,0
1603,3508,0
1578,3503,0
1553,3507,0
1534,3510,0
1531,3519,1
1666,3579,0
1645,3554,0
1633,3531,0
1633,3507,0
1644,3481,0
1785,3486,0
1809,3510,0
1819,3528,0
1821,3556,0
1817,3573,0
1814,3574,0
1813,3571,0
1817,3565,0
1828,3526,0
1853,3496,0
1885,3472,0
1918,3460,0
1949,3455,0
1974,3466,0
1993,3490,0
2000,3521,0
2001,3554,0
2004,3586,1
2459,3459,0
2461,3467,0
2467,3508,0
2474,3553,0
2478,3590,0
2480,3637,0
2475,3682,0
2463,3717,0
2446,3740,0
2435,3749,0
2426,3740,0
2408,3699,0
2393,3632,0
2393,3572,0
2403,3513,0
2428,3455,0
2461,3407,0
2495,3374,0
2531,3363,0
2566,3363,0
2591,3379,0
2607,3411,0
2608,3455,0
2593,3501,0
2567,3544,0
2538,3574,0
2514,3588,0
2500,3589,0
2492,3567,1
2712,3462,0
2710,3503,0
2717,3563,0
2725,3599,0
2733,3617,0
2741,3622,0
2745,3612,0
2750,3586,0
2749,3547,0
2747,3503,0
2742,3466,0
2740,3440,0
2742,3421,1
2866,3267,0
2849,3285,0
2840,3318,0
2836,3366,0
2835,3426,0
2834,3486,0
2828,3535,0
2820,3565,0
2821,3578,0
2824,3576,0
2840,3559,0
2871,3510,0
2907,3455,0
2958,3421,0
3005,3394,0
3052,3384,0
3087,3391,0
3109,3410,0
3112,3436,0
3100,3472,0
3070,3508,0
3034,3549,0
2985,3576,0
2937,3593,0
2900,3604,0
2876,3599,0
2878,3593,0
2895,3561,0
2938,3524,1
3288,3373,0
3283,3372,0
3258,3384,0
3216,3407,0
3160,3426,0
3119,3446,0
3098,3459,0
3103,3465,0
3122,3467,0
3168,3467,0
3230,3465,0
3294,3467,0
3342,3468,0
3364,3472,0
3366,3475,0
3354,3483,0
3319,3503,0
3275,3522,0
3231,3537,0
3190,3544,0
3169,3552,0
3163,3551,0
3177,3551,0
3207,3537,1
3524,3510,0
3525,3520,0
3520,3553,0
3511,3583,0
3506,3617,0
3504,3657,0
3501,3698,0
3495,3727,0
3491,3748,1
3984,3253,0
3978,3263,0
3982,3315,0
3988,3370,0
3993,3439,0
4001,3508,0
4004,3563,0
4001,3602,0
4001,3633,0
3993,3636,0
3986,3631,0
3977,3607,0
3957,3566,1
3862,3479,0
3875,3484,0
3911,3501,0
3961,3506,0
4024,3509,0
4075,3496,0
4116,3475,0
4143,3443,1
4087,3242,0
4086,3255,0
4089,3303,0
4097,3356,0
4115,3421,0
4124,3484,0
4126,3530,0
4126,3563,0
4123,3566,0
4124,3564,0
4135,3549,0
4152,3501,0
4175,3452,0
4206,3428,0
4232,3414,0
4264,3416,0
4283,3421,0
4307,3442,0
4316,3465,0
4321,3494,0
4323,3521,0
4324,3542,0
4323,3549,0
4321,3551,0
4320,3530,1
4393,3452,0
4398,3459,0
4422,3474,0
4442,3477,0
4462,3478,0
4473,3472,0
4482,3464,0
4482,3452,0
4474,3438,0
4459,3425,0
4437,3419,0
4410,3423,0
4376,3441,0
4347,3470,0
4329,3503,0
4328,3533,0
4350,3567,0
4379,3590,0
4430,3607,0
4478,3610,0
4545,3617,1
5009,3320,0
5002,3334,0
4994,3388,0
4992,3434,0
4991,3479,0
4999,3520,0
5014,3551,0
5038,3573,0
5073,3587,0
5115,3592,0
5157,3586,0
5196,3571,0
5223,3551,1
4975,3485,0
4982,3489,0
4996,3486,0
5040,3477,0
5103,3464,0
5161,3450,0
5197,3436,0
5214,3422,0
5211,3407,1
4992,3347,0
4999,3346,0
5032,3342,0
5089,3334,0
5145,3321,0
5197,3318,0
5244,3317,0
5276,3315,0
5296,3307,1
5359,3249,0
5355,3248,0
5355,3261,0
5359,3297,0
5361,3346,0
5364,3403,0
5368,3459,0
5371,3507,0
5372,3551,0
5372,3576,0
5380,3592,0
5381,3591,0
5380,3573,1
5350,3396,0
5419,3397,0
5487,3399,0
5548,3403,0
5594,3402,0
5638,3402,1
5648,3416,0
5622,3411,0
5595,3407,0
5564,3408,0
5532,3419,0
5501,3441,0
5479,3470,0
5471,3501,0
5475,3528,0
5499,3549,0
5542,3559,0
5596,3561,0
5656,3547,0
5712,3525,0
5754,3501,0
5781,3477,0
5739,3433,0
5697,3429,0
5651,3432,0
5595,3462,0
5604,3470,1
5803,3514,0
5774,3508,0
5755,3498,0
5751,3450,0
5768,3418,0
5811,3392,0
5860,3377,0
5914,3373,0
5964,3386,0
5996,3409,0
6022,3436,0
6031,3466,0
6039,3498,0
6041,3530,0
6047,3563,0
6051,3579,1