pondent. Two stage versions
869
804,4536,0
797,4540,0
796,4552,0
803,4567,0
805,4592,0
817,4625,0
821,4653,0
822,4698,0
826,4741,0
828,4777,0
825,4809,0
819,4829,0
815,4833,0
813,4837,0
806,4821,0
806,4796,0
804,4756,0
807,4717,0
810,4673,0
820,4641,0
834,4613,0
851,4591,0
873,4579,0
889,4564,0
904,4569,0
916,4577,0
927,4594,0
932,4610,0
931,4634,0
922,4654,0
904,4677,0
883,4696,0
856,4707,0
832,4718,0
813,4720,0
794,4719,0
786,4719,0
782,4714,0
791,4695,0
810,4672,0
844,4654,1
1103,4565,0
1104,4564,0
1104,4564,0
1103,4569,0
1094,4564,0
1078,4568,0
1063,4568,0
1048,4572,0
1034,4584,0
1025,4588,0
1017,4600,0
1012,4612,0
1011,4624,0
1015,4640,0
1022,4656,0
1030,4669,0
1043,4680,0
1060,4684,0
1080,4688,0
1098,4688,0
1111,4680,0
1122,4664,0
1126,4652,0
1124,4640,0
1117,4628,0
1107,4616,0
1090,4596,0
1075,4589,0
1064,4580,0
1054,4577,1
1050,4568,0
1052,4569,0
1060,4564,1
1211,4559,0
1211,4559,0
1210,4562,0
1208,4559,0
1206,4559,0
1206,4558,0
1205,4559,0
1206,4563,0
1207,4562,0
1206,4562,0
1206,4566,0
1208,4570,0
1211,4587,0
1217,4606,0
1219,4623,0
1223,4646,0
1225,4671,0
1228,4686,0
1230,4698,0
1230,4702,0
1232,4698,0
1232,4698,0
1230,4690,0
1225,4671,0
1218,4647,0
1211,4626,0
1204,4615,0
1196,4603,0
1192,4595,0
1190,4595,0
1190,4595,0
1192,4595,0
1199,4603,0
1213,4611,0
1231,4622,0
1254,4637,0
1280,4648,0
1307,4659,0
1330,4661,0
1348,4664,0
1360,4664,0
1368,4659,0
1370,4647,0
1372,4635,0
1370,4619,0
1368,4607,0
1364,4599,0
1360,4584,0
1357,4579,0
1356,4576,0
1356,4576,0
1358,4576,0
1358,4575,1
1604,4558,0
1604,4558,0
1601,4558,0
1592,4550,0
1543,4536,0
1498,4541,0
1477,4554,0
1459,4572,0
1446,4601,0
1439,4626,0
1439,4654,0
1447,4669,0
1459,4681,0
1480,4691,0
1503,4693,0
1524,4687,0
1542,4673,0
1556,4651,0
1574,4436,0
1569,4384,0
1570,4388,0
1568,4389,0
1568,4396,0
1573,4425,0
1589,4495,0
1596,4534,0
1600,4574,0
1606,4613,0
1608,4645,0
1609,4669,0
1610,4681,0
1611,4685,0
1618,4685,0
1632,4671,1
1677,4564,0
1669,4573,0
1662,4578,0
1662,4586,0
1664,4586,0
1676,4589,0
1696,4585,0
1724,4582,0
1754,4573,0
1783,4557,0
1808,4548,0
1824,4541,0
1829,4533,0
1831,4529,0
1825,4533,0
1807,4524,0
1781,4524,0
1754,4529,0
1728,4541,0
1704,4556,0
1684,4575,0
1669,4594,0
1666,4618,0
1667,4637,0
1679,4664,0
1698,4682,0
1725,4699,0
1755,4706,0
1787,4710,0
1816,4701,0
1843,4688,0
1865,4673,0
1879,4649,0
1889,4623,0
1892,4594,0
1893,4574,0
1890,4558,0
1886,4555,0
1886,4559,0
1886,4563,0
1889,4566,0
1891,4578,0
1898,4601,0
1903,4629,0
1911,4657,0
1915,4688,0
1919,4703,0
1923,4723,0
1922,4719,0
1923,4714,0
1923,4710,0
1920,4695,0
1915,4667,0
1908,4640,0
1906,4620,0
1901,4597,0
1901,4584,0
1900,4589,0
1900,4585,0
1903,4593,0
1912,4603,0
1927,4625,0
1947,4641,0
1969,4666,0
1992,4677,0
2012,4689,0
2029,4690,0
2043,4691,0
2051,4681,0
2058,4675,0
2062,4658,0
2064,4633,0
2066,4604,0
2068,4579,0
2072,4562,0
2072,4546,0
2071,4537,0
2069,4533,0
2067,4530,0
2069,4533,0
2071,4533,1
2207,4222,0
2205,4223,0
2203,4220,0
2203,4227,0
2202,4245,0
2203,4269,0
2205,4294,0
2203,4323,0
2203,4361,0
2204,4406,0
2207,4455,0
2210,4503,0
2208,4541,0
2210,4582,0
2212,4615,0
2215,4643,0
2217,4659,0
2216,4659,0
2218,4659,0
2221,4653,0
2223,4637,1
2170,4427,0
2160,4425,0
2152,4424,0
2148,4425,0
2148,4425,0
2152,4427,0
2152,4423,0
2172,4426,0
2194,4425,0
2219,4427,0
2243,4420,0
2267,4422,0
2285,4421,0
2301,4420,0
2316,4416,0
2328,4413,0
2339,4409,1
2448,4618,0
2447,4623,0
2448,4623,0
2447,4623,0
2446,4624,0
2445,4624,0
2445,4624,0
2447,4632,0
2444,4628,0
2447,4636,0
2448,4640,0
2447,4640,0
2445,4637,0
2446,4636,0
2448,4635,0
2449,4631,0
2461,4628,1
2807,4362,0
2813,4369,0
2811,4366,0
2809,4370,0
2808,4376,0
2803,4391,0
2800,4418,0
2799,4452,0
2794,4485,0
2798,4538,0
2794,4579,0
2799,4628,0
2797,4664,0
2804,4699,0
2801,4705,0
2806,4707,0
2806,4699,0
2808,4681,0
2803,4640,0
2801,4598,0
2790,4542,1
2654,4367,0
2648,4365,0
2649,4365,0
2650,4364,0
2664,4362,0
2691,4357,0
2728,4360,0
2762,4351,0
2804,4355,0
2838,4354,0
2871,4358,0
2893,4357,0
2913,4365,0
2927,4377,0
2929,4381,0
2928,4398,1
2902,4540,0
2903,4543,0
2903,4543,0
2907,4555,0
2912,4570,0
2912,4584,0
2917,4608,0
2912,4626,0
2916,4659,0
2915,4681,0
2921,4705,0
2923,4713,0
2924,4712,0
2924,4707,0
2926,4698,0
2930,4679,0
2936,4660,0
2937,4634,0
2941,4614,0
2944,4604,0
2947,4603,0
2946,4603,0
2953,4614,0
2957,4625,0
2967,4652,0
2980,4676,0
2995,4705,0
3013,4728,0
3032,4750,0
3042,4753,0
3055,4762,0
3061,4755,0
3069,4743,0
3068,4712,0
3069,4681,0
3069,4647,0
3069,4616,0
3071,4594,0
3072,4579,0
3070,4572,0
3066,4564,0
3066,4564,0
3066,4564,0
3076,4569,0
3094,4579,1
3304,4584,0
3305,4584,0
3308,4587,0
3298,4582,0
3281,4582,0
3258,4580,0
3233,4579,0
3212,4589,0
3191,4599,0
3175,4616,0
3165,4629,0
3166,4647,0
3173,4661,0
3185,4677,0
3202,4691,0
3223,4703,0
3245,4711,0
3268,4713,0
3291,4711,0
3305,4700,0
3318,4688,0
3322,4669,0
3322,4650,0
3315,4628,0
3303,4606,0
3290,4591,0
3277,4579,0
3267,4572,0
3257,4567,1
3737,4531,0
3735,4532,0
3728,4532,0
3703,4533,0
3674,4541,0
3644,4559,0
3620,4577,0
3605,4595,0
3602,4611,0
3612,4628,0
3632,4639,0
3662,4654,0
3695,4668,0
3722,4679,0
3749,4696,0
3763,4712,0
3764,4720,0
3760,4731,0
3747,4743,0
3724,4752,0
3696,4755,0
3663,4755,0
3634,4748,0
3607,4741,0
3584,4731,0
3568,4716,0
3559,4690,0
3567,4661,0
3590,4631,1
3795,4429,0
3802,4410,0
3803,4400,0
3799,4398,0
3793,4398,0
3790,4398,0
3790,4403,0
3792,4421,0
3800,4450,0
3806,4483,0
3814,4521,0
3819,4565,0
3826,4612,0
3826,4659,0
3829,4705,0
3830,4736,0
3829,4755,0
3829,4760,0
3836,4756,0
3840,4739,1
3774,4579,0
3768,4578,0
3770,4576,0
3775,4578,0
3781,4579,0
3795,4575,0
3814,4573,0
3834,4570,0
3855,4565,0
3882,4563,0
3911,4563,0
3939,4560,0
3963,4558,1
4000,4572,0
4001,4571,0
4005,4574,0
4010,4575,0
4020,4578,0
4030,4582,0
4041,4588,0
4050,4601,0
4058,4620,0
4061,4643,0
4058,4669,0
4047,4699,0
4034,4732,0
4014,4759,0
3994,4776,0
3981,4789,0
3975,4784,0
3972,4781,0
3970,4763,0
3978,4748,0
3985,4730,0
3995,4718,0
4006,4707,0
4020,4702,0
4032,4704,0
4047,4713,0
4061,4724,0
4073,4740,0
4077,4747,0
4080,4754,0
4081,4758,0
4081,4758,0
4080,4754,0
4082,4753,0
4085,4742,0
4090,4728,1
4243,4639,0
4248,4635,0
4254,4630,0
4253,4626,0
4244,4618,0
4229,4608,0
4211,4603,0
4189,4598,0
4164,4596,0
4144,4605,0
4123,4614,0
4111,4628,0
4103,4643,0
4106,4660,0
4116,4682,0
4135,4698,0
4157,4707,0
4181,4711,0
4199,4708,0
4213,4698,0
4225,4690,0
4234,4675,0
4239,4656,0
4239,4637,0
4241,4630,0
4242,4630,0
4243,4633,0
4242,4634,0
4246,4642,0
4254,4664,0
4261,4694,0
4268,4728,0
4276,4777,0
4280,4823,0
4285,4877,0
4288,4929,0
4286,4973,0
4275,5004,0
4263,5017,0
4254,5022,0
4244,5020,0
4230,5009,0
4214,4992,0
4198,4973,0
4180,4952,0
4167,4932,0
4160,4912,0
4159,4883,0
4172,4857,1
4379,4635,0
4371,4635,0
4362,4632,0
4357,4635,0
4358,4634,0
4363,4636,0
4366,4629,0
4387,4628,0
4415,4632,0
4442,4627,0
4476,4626,0
4511,4625,0
4538,4620,0
4558,4614,0
4564,4603,0
4567,4601,0
4562,4590,0
4548,4575,0
4533,4562,0
4516,4555,0
4495,4550,0
4472,4548,0
4451,4555,0
4430,4566,0
4409,4582,0
4400,4609,0
4393,4633,0
4395,4662,0
4398,4684,0
4410,4710,0
4427,4727,0
4449,4741,0
4471,4751,0
4495,4757,0
4512,4755,0
4527,4753,0
4535,4747,0
4542,4747,0
4540,4743,0
4543,4746,0
4539,4744,0
4536,4741,0
4536,4741,0
4534,4738,0
4544,4741,1
4858,4622,0
4861,4625,0
4859,4621,0
4858,4622,0
4859,4621,0
4864,4628,0
4862,4630,0
4866,4646,0
4866,4662,0
4874,4687,0
4879,4714,0
4887,4739,0
4898,4760,0
4903,4772,0
4913,4779,0
4917,4777,0
4922,4772,0
4930,4760,0
4939,4741,0
4949,4723,0
4958,4700,0
4968,4676,0
4973,4655,0
4982,4642,0
4985,4629,0
4988,4626,0
4987,4621,0
4991,4618,0
4996,4614,1
5030,4706,0
5031,4705,0
5035,4702,0
5045,4698,0
5059,4686,0
5074,4667,0
5096,4649,0
5111,4629,0
5124,4612,0
5122,4593,0
5117,4586,0
5108,4582,0
5091,4577,0
5069,4580,0
5049,4594,0
5033,4613,0
5014,4630,0
5012,4653,0
5014,4672,0
5028,4693,0
5045,4710,0
5072,4727,0
5096,4734,0
5126,4739,0
5152,4738,0
5172,4731,0
5185,4719,0
5197,4702,0
5204,4680,0
5203,4653,0
5198,4631,0
5192,4615,0
5185,4605,0
5180,4603,0
5180,4604,0
5182,4608,0
5184,4611,0
5191,4632,0
5202,4659,0
5207,4687,0
5216,4717,0
5223,4743,0
5226,4758,0
5226,4763,0
5226,4751,0
5223,4732,0
5218,4705,0
5217,4684,0
5219,4666,0
5221,4648,0
5225,4644,0
5224,4639,0
5226,4637,0
5230,4639,0
5232,4638,0
5238,4638,0
5251,4642,0
5267,4643,1
5446,4644,0
5444,4640,0
5440,4638,0
5424,4632,0
5402,4625,0
5376,4623,0
5350,4625,0
5331,4627,0
5325,4628,0
5328,4630,0
5340,4635,0
5365,4644,0
5391,4652,0
5422,4661,0
5445,4673,0
5465,4687,0
5475,4705,0
5477,4720,0
5465,4731,0
5448,4747,0
5423,4760,0
5393,4771,0
5366,4776,0
5342,4781,0
5325,4780,0
5321,4778,0
5323,4776,0
5324,4771,0
5327,4757,0
5371,4715,1
5525,4611,0
5526,4610,0
5527,4609,0
5525,4611,0
5525,4611,0
5525,4617,0
5528,4631,0
5526,4649,0
5526,4672,0
5527,4698,0
5531,4728,0
5535,4753,0
5540,4776,0
5541,4792,0
5542,4801,0
5543,4801,0
5546,4798,0
5547,4785,0
5549,4750,0
5552,4709,0
5557,4659,1
5527,4489,0
5525,4485,0
5517,4476,0
5515,4473,0
5512,4470,0
5516,4471,0
5519,4474,0
5532,4489,1
5709,4646,0
5715,4652,0
5718,4654,0
5719,4653,0
5711,4649,0
5701,4642,0
5684,4632,0
5675,4635,0
5655,4632,0
5636,4634,0
5624,4642,0
5618,4654,0
5619,4669,0
5614,4686,0
5618,4705,0
5623,4722,0
5636,4738,0
5652,4750,0
5670,4760,0
5687,4760,0
5709,4760,0
5726,4755,0
5738,4742,0
5750,4730,0
5757,4717,0
5753,4704,0
5748,4692,0
5735,4677,0
5722,4667,0
5710,4657,0
5697,4647,0
5690,4642,0
5693,4640,1
5827,4649,0
5826,4651,0
5827,4650,0
5824,4652,0
5824,4652,0
5824,4652,0
5823,4654,0
5820,4668,0
5820,4686,0
5819,4710,0
5819,4740,0
5816,4765,0
5815,4789,0
5816,4811,0
5818,4825,0
5817,4826,0
5820,4824,0
5817,4821,0
5816,4811,0
5814,4784,0
5811,4759,0
5808,4740,0
5805,4719,0
5800,4700,0
5798,4685,0
5798,4681,0
5798,4680,0
5798,4680,0
5801,4683,0
5814,4698,0
5826,4720,0
5841,4744,0
5863,4768,0
5884,4794,0
5905,4811,0
5928,4828,0
5946,4832,0
5957,4832,0
5972,4829,0
5977,4816,0
5982,4800,0
5987,4777,0
5985,4756,0
5984,4740,0
5983,4729,0
5981,4714,0
5981,4702,0
5986,4690,0
5992,4678,1
6186,4690,0
6187,4688,0
6188,4688,0
6184,4685,0
6169,4678,0
6148,4666,0
6122,4659,0
6097,4652,0
6070,4652,0
6057,4654,0
6054,4658,0
6054,4657,0
6066,4668,0
6087,4681,0
6111,4690,0
6138,4702,0
6163,4715,0
6186,4731,0
6204,4748,0
6218,4763,0
6220,4771,0
6219,4780,0
6215,4789,0
6210,4795,0
6197,4797,0
6186,4797,0
6172,4796,0
6156,4794,0
6145,4796,0
6133,4791,0
6119,4787,0
6108,4782,0
6099,4780,0
6095,4779,0
6092,4777,0
6092,4777,0
6092,4777,0
6097,4777,0
6098,4776,0
6098,4775,0
6098,4775,1