a talent not as yet up to the
488
608,5893,0
604,5888,0
598,5884,0
589,5883,0
574,5886,0
554,5900,0
532,5926,0
513,5961,0
502,5996,0
499,6020,0
504,6027,0
516,6029,0
529,6018,0
543,6000,0
558,5981,0
572,5950,0
588,5931,0
593,5916,0
597,5908,0
597,5908,0
596,5920,0
591,5943,0
590,5976,0
592,5996,0
603,6017,0
616,6026,0
634,6027,0
650,6025,0
673,6006,1
856,5764,0
859,5779,0
863,5808,0
869,5841,0
875,5877,0
873,5913,0
873,5952,0
873,5981,0
875,5996,1
789,5893,0
789,5897,0
803,5886,0
828,5890,0
856,5887,0
890,5889,0
932,5878,0
969,5871,0
1001,5860,0
1026,5852,0
1039,5840,0
1042,5836,0
1037,5836,0
1018,5840,0
996,5851,0
972,5880,0
955,5919,0
945,5946,0
951,5967,0
966,5974,0
987,5972,0
1013,5964,0
1037,5944,0
1056,5921,0
1072,5904,0
1079,5888,0
1081,5885,0
1081,5884,0
1081,5900,0
1083,5920,0
1090,5940,0
1102,5952,0
1120,5956,0
1141,5952,0
1161,5936,0
1180,5916,0
1199,5891,0
1213,5859,0
1221,5822,0
1225,5798,0
1220,5770,0
1213,5754,0
1204,5751,0
1192,5751,0
1185,5775,0
1178,5808,0
1172,5847,0
1173,5892,0
1181,5919,0
1200,5943,0
1222,5955,0
1246,5957,0
1271,5953,0
1292,5933,0
1312,5907,0
1325,5887,0
1330,5859,0
1334,5843,0
1334,5830,0
1328,5839,0
1323,5839,0
1319,5867,0
1322,5887,0
1329,5907,0
1342,5918,0
1355,5922,0
1373,5921,0
1392,5911,0
1411,5894,0
1441,5857,0
1452,5844,0
1460,5839,0
1464,5847,0
1469,5863,0
1474,5887,0
1478,5898,0
1487,5914,0
1503,5917,0
1512,5920,0
1530,5911,0
1546,5897,0
1562,5887,0
1575,5875,0
1580,5870,0
1589,5877,0
1595,5885,0
1604,5900,0
1616,5907,0
1629,5914,0
1654,5911,0
1679,5897,0
1701,5875,0
1720,5848,0
1734,5818,0
1743,5786,0
1748,5752,0
1746,5721,0
1742,5704,0
1736,5694,0
1732,5694,0
1728,5699,0
1729,5722,0
1735,5762,0
1741,5802,0
1749,5841,0
1751,5869,0
1759,5896,0
1761,5908,0
1761,5908,0
1756,5904,0
1741,5882,0
1724,5860,0
1707,5830,0
1689,5807,0
1679,5797,0
1677,5793,0
1681,5792,0
1699,5790,0
1725,5791,0
1754,5792,0
1783,5788,0
1811,5793,0
1831,5786,0
1844,5781,1
2033,5849,0
2036,5881,0
2036,5905,0
2043,5924,0
2041,5928,0
2047,5931,0
2050,5923,0
2055,5906,0
2063,5885,0
2071,5855,0
2084,5832,0
2096,5809,0
2108,5803,0
2119,5801,0
2130,5820,0
2142,5841,0
2157,5871,0
2164,5899,0
2178,5920,0
2197,5937,0
2212,5946,0
2235,5941,0
2258,5929,0
2281,5908,0
2294,5880,0
2302,5854,0
2299,5834,0
2292,5824,0
2275,5824,0
2256,5832,0
2239,5856,0
2228,5886,0
2229,5911,0
2236,5926,0
2251,5935,0
2270,5939,0
2282,5932,0
2300,5916,0
2309,5897,0
2311,5877,0
2308,5857,0
2307,5841,0
2304,5829,0
2299,5822,0
2296,5822,0
2297,5827,0
2305,5833,0
2320,5842,0
2341,5842,0
2367,5832,0
2395,5812,0
2425,5794,0
2444,5769,0
2457,5745,0
2466,5722,0
2470,5709,0
2469,5700,0
2473,5708,0
2471,5712,0
2474,5732,0
2480,5771,0
2482,5817,0
2486,5861,0
2490,5901,0
2494,5926,0
2497,5945,0
2497,5945,0
2495,5941,0
2487,5931,1
2439,5876,0
2438,5877,0
2446,5870,0
2471,5869,1
2775,5815,0
2775,5811,0
2775,5807,0
2769,5796,0
2765,5797,0
2748,5798,0
2729,5820,0
2704,5844,0
2686,5887,0
2678,5914,0
2676,5931,0
2687,5945,0
2704,5944,0
2726,5933,0
2751,5919,0
2776,5894,0
2794,5872,0
2806,5856,0
2810,5847,0
2809,5851,0
2818,5869,0
2819,5882,0
2825,5900,0
2836,5914,0
2849,5919,0
2864,5914,0
2878,5905,0
2894,5892,0
2908,5875,0
2926,5848,0
2945,5825,0
2971,5812,0
2994,5804,0
3021,5812,0
3040,5814,0
3062,5832,0
3083,5858,0
3096,5883,0
3102,5910,0
3095,5938,0
3079,5957,0
3060,5972,0
3045,5973,0
3040,5966,0
3041,5952,1
3374,5803,0
3374,5803,0
3370,5800,0
3373,5812,0
3375,5841,0
3377,5867,0
3386,5893,0
3402,5909,0
3418,5906,0
3440,5897,0
3460,5884,0
3475,5865,0
3488,5846,0
3496,5830,0
3501,5819,0
3503,5819,0
3506,5830,0
3507,5843,0
3510,5876,0
3518,5921,0
3523,5967,0
3527,6008,0
3526,6047,0
3522,6079,0
3513,6109,0
3505,6125,0
3498,6128,0
3491,6118,0
3491,6101,0
3493,6075,0
3506,6043,0
3526,6009,0
3548,5964,0
3578,5921,0
3606,5878,0
3630,5841,0
3651,5815,0
3657,5789,0
3655,5773,0
3653,5774,0
3641,5779,0
3633,5800,0
3625,5835,0
3621,5863,0
3630,5898,0
3645,5918,0
3670,5928,0
3698,5929,0
3720,5919,1
3782,5660,0
3784,5676,0
3785,5697,0
3795,5733,0
3800,5762,0
3807,5795,0
3813,5818,0
3819,5841,0
3822,5858,1
3758,5800,0
3752,5794,0
3755,5793,0
3764,5792,0
3786,5795,1
4048,5851,0
4056,5880,0
4068,5900,0
4082,5906,0
4101,5905,1
4160,5833,0
4164,5812,0
4164,5799,0
4163,5799,0
4164,5803,0
4164,5822,0
4172,5850,0
4180,5873,0
4194,5887,0
4204,5887,0
4226,5887,0
4244,5878,0
4263,5863,0
4280,5845,0
4291,5824,0
4298,5811,0
4299,5806,0
4298,5807,0
4295,5813,0
4301,5846,0
4304,5882,0
4311,5923,0
4317,5962,0
4321,6001,0
4322,6036,0
4326,6066,0
4330,6082,0
4327,6079,0
4332,6071,0
4331,6045,0
4328,5996,0
4328,5941,0
4333,5892,0
4340,5846,0
4348,5810,0
4360,5788,0
4372,5773,0
4388,5768,0
4404,5777,0
4408,5784,0
4418,5806,0
4416,5834,0
4409,5863,0
4389,5888,0
4369,5904,0
4355,5907,0
4345,5904,0
4337,5895,1
4707,5668,0
4707,5692,0
4714,5730,0
4719,5771,0
4723,5810,0
4734,5846,0
4736,5868,0
4743,5888,0
4742,5893,1
4647,5798,0
4649,5795,0
4667,5798,0
4694,5795,0
4727,5788,0
4762,5776,0
4796,5763,0
4823,5754,0
4836,5745,0
4845,5745,0
4840,5742,0
4831,5749,0
4811,5767,0
4791,5795,0
4774,5824,0
4769,5852,0
4771,5870,0
4784,5875,0
4803,5877,0
4820,5872,0
4838,5859,0
4850,5841,0
4861,5825,0
4860,5802,0
4858,5788,0
4852,5777,0
4845,5773,0
4840,5767,0
4838,5768,1
5076,5581,0
5082,5587,0
5086,5593,0
5093,5613,0
5101,5652,0
5104,5699,0
5107,5742,0
5109,5779,0
5114,5815,0
5115,5834,0
5117,5848,0
5115,5849,0
5113,5840,1
5033,5711,0
5034,5706,0
5047,5696,0
5067,5681,0
5092,5663,1
5185,5585,0
5184,5590,0
5181,5607,0
5178,5639,0
5178,5680,0
5180,5728,0
5180,5767,0
5183,5800,0
5186,5822,0
5195,5840,0
5207,5847,0
5219,5844,0
5230,5835,0
5242,5826,0
5256,5816,0
5266,5813,0
5272,5815,0
5281,5827,0
5292,5844,0
5306,5853,0
5322,5856,0
5341,5857,0
5361,5852,0
5378,5840,0
5393,5823,0
5400,5803,0
5399,5783,0
5394,5767,0
5384,5754,0
5376,5756,0
5360,5757,0
5350,5776,0
5344,5800,0
5354,5827,0
5374,5848,0
5409,5867,1