Delaney. She &apos;s the flower in a
571
1410,2724,1
1417,2763,0
1417,2787,0
1412,2812,0
1411,2844,0
1408,2873,0
1406,2897,0
1407,2917,1
1446,2743,0
1459,2745,0
1468,2743,0
1488,2761,0
1502,2770,0
1520,2792,0
1531,2806,0
1544,2832,0
1552,2856,0
1553,2884,0
1553,2916,0
1544,2942,0
1530,2972,0
1509,3001,0
1483,3033,0
1452,3061,0
1419,3085,0
1391,3100,0
1371,3110,1
1621,2928,0
1634,2929,0
1650,2926,0
1664,2915,0
1683,2903,0
1697,2883,0
1708,2869,0
1709,2852,0
1705,2832,0
1700,2817,0
1692,2806,0
1680,2801,0
1664,2801,0
1650,2812,0
1634,2828,0
1624,2850,0
1620,2876,0
1623,2903,0
1632,2926,0
1647,2943,0
1664,2952,0
1686,2955,0
1707,2951,0
1732,2945,0
1751,2928,1
2084,2623,0
2089,2630,0
1801,2750,0
1801,2771,0
1802,2803,0
1800,2837,0
1799,2866,0
1803,2895,0
1806,2914,0
1811,2934,0
1819,2948,1
1945,2811,0
1935,2814,0
1923,2822,0
1908,2835,0
1900,2854,0
1892,2878,0
1887,2895,0
1895,2919,0
1906,2931,0
1922,2936,0
1940,2934,0
1956,2925,0
1971,2907,0
1980,2883,0
1986,2869,0
1988,2856,0
1980,2837,0
1980,2837,0
1980,2837,0
1978,2837,0
1978,2849,0
1983,2869,0
1985,2886,0
1989,2901,0
1990,2906,0
1999,2915,1
2086,2923,0
2084,2923,0
2086,2923,0
2084,2919,0
2081,2908,0
2077,2888,0
2076,2862,0
2073,2834,0
2077,2815,0
2082,2805,0
2088,2798,0
2095,2795,0
2104,2796,0
2116,2804,0
2128,2821,0
2133,2836,0
2141,2859,0
2143,2871,0
2149,2886,0
2157,2896,0
2162,2902,1
2213,2873,0
2219,2875,0
2230,2879,0
2246,2881,0
2263,2869,0
2281,2856,0
2301,2847,0
2314,2837,0
2319,2825,0
2318,2813,0
2313,2802,0
2306,2788,0
2296,2784,0
2286,2784,0
2273,2786,0
2247,2789,0
2236,2811,0
2222,2830,0
2217,2858,0
2220,2883,0
2225,2898,0
2238,2905,0
2258,2914,0
2283,2917,0
2316,2911,1
2413,2794,0
2411,2804,0
2409,2818,0
2409,2836,0
2406,2856,0
2406,2869,0
2415,2883,0
2422,2888,0
2434,2886,0
2448,2883,0
2459,2869,0
2470,2854,0
2478,2837,0
2482,2821,0
2478,2806,0
2474,2798,0
2474,2798,0
2473,2799,0
2475,2806,0
2478,2823,0
2481,2844,0
2483,2865,0
2487,2886,0
2494,2910,0
2500,2933,0
2503,2954,0
2506,2975,0
2499,2992,0
2492,3013,0
2478,3030,0
2460,3042,0
2437,3049,0
2412,3056,0
2383,3052,0
2361,3048,0
2340,3036,0
2333,3026,1
2630,2918,0
2630,2917,0
2630,2917,0
2630,2918,0
2628,2919,0
2627,2919,0
2626,2920,0
2623,2917,0
2623,2917,0
2628,2919,0
2630,2917,0
2639,2917,0
2651,2910,1
3052,2622,1
3037,2620,0
3023,2620,0
3003,2621,0
2974,2623,0
2946,2630,0
2914,2639,0
2886,2649,0
2865,2660,0
2851,2670,0
2852,2678,0
3028,2602,0
3047,2612,0
3076,2624,0
3102,2634,0
3123,2642,0
3145,2656,0
3158,2671,0
3165,2685,0
3163,2702,0
3158,2722,0
3148,2745,0
3132,2763,0
3111,2786,0
3083,2801,0
3057,2815,0
3032,2825,0
3008,2828,0
2987,2823,0
2967,2808,0
2957,2786,0
2807,2868,1
3110,2704,0
3113,2738,0
3110,2772,0
3112,2810,0
3110,2842,0
3110,2866,0
3112,2880,0
3107,2878,0
3111,2881,0
3110,2871,0
3111,2851,0
3112,2824,0
3115,2792,0
3116,2761,0
3124,2745,0
3134,2736,0
3140,2731,0
3149,2735,0
3160,2747,0
3170,2769,0
3175,2796,0
3180,2828,0
3182,2856,0
3187,2878,0
3190,2890,1
3233,2842,0
3232,2847,0
3237,2849,0
3247,2851,0
3261,2845,0
3280,2835,0
3298,2813,0
3316,2799,0
3326,2786,0
3326,2774,0
3322,2767,0
3307,2754,0
3291,2748,0
3273,2747,0
3252,2753,0
3237,2772,0
3228,2795,0
3226,2823,0
3228,2846,0
3240,2867,0
3260,2881,0
3280,2885,0
3300,2885,0
3313,2879,0
3330,2876,1
3440,2645,0
3436,2654,0
3436,2664,0
3440,2678,0
3440,2689,1
3592,2736,0
3579,2732,0
3569,2736,0
3557,2743,0
3546,2748,0
3537,2755,0
3533,2760,0
3534,2765,0
3539,2770,0
3551,2781,0
3566,2789,0
3588,2802,0
3605,2813,0
3622,2825,0
3633,2836,0
3638,2849,0
3634,2862,0
3624,2878,0
3607,2888,0
3592,2897,0
3571,2900,0
3558,2900,0
3543,2893,0
3532,2876,0
3534,2858,1
3829,2671,0
3834,2688,0
3841,2711,0
3843,2737,0
3851,2770,0
3854,2801,0
3858,2827,0
3860,2847,0
3862,2862,0
3863,2872,0
3867,2880,0
3867,2879,0
3863,2866,1
3788,2778,0
3783,2777,0
3786,2779,0
3796,2781,0
3811,2777,0
3834,2770,0
3860,2760,0
3893,2753,0
3923,2744,1
3965,2704,0
3967,2731,0
3971,2762,0
3976,2794,0
3976,2823,0
3976,2847,0
3978,2862,0
3980,2866,0
3981,2865,0
3982,2858,0
3981,2841,0
3983,2821,0
3983,2792,0
3986,2770,0
3995,2760,0
4001,2753,0
4006,2748,0
4010,2750,0
4019,2758,0
4023,2770,0
4027,2790,0
4032,2810,0
4039,2825,0
4050,2842,0
4057,2852,1
4128,2845,0
4138,2846,0
4138,2833,0
4147,2823,0
4158,2811,0
4165,2796,0
4175,2784,0
4179,2774,0
4177,2763,0
4165,2753,0
4156,2750,0
4140,2750,0
4126,2757,0
4108,2765,0
4097,2777,0
4095,2797,0
4095,2815,0
4101,2828,0
4117,2839,0
4135,2844,0
4152,2848,0
4169,2852,0
4187,2856,0
4202,2857,0
4217,2859,1
4524,2703,1
4523,2610,0
4517,2598,0
4514,2580,0
4504,2574,0
4488,2582,0
4487,2591,0
4486,2607,0
4483,2632,0
4484,2670,0
4489,2717,0
4492,2767,0
4495,2815,0
4497,2858,0
4497,2897,0
4504,2933,0
4509,2957,0
4517,2974,0
4519,2979,0
4523,2979,0
4524,2965,1
4435,2788,0
4434,2789,0
4442,2786,0
4453,2784,0
4471,2781,1
4631,2630,0
4632,2656,0
4632,2690,0
4630,2722,0
4640,2762,0
4645,2796,0
4651,2821,0
4659,2837,0
4669,2844,1
4794,2718,0
4783,2704,0
4772,2693,0
4760,2690,0
4750,2690,0
4741,2696,0
4732,2709,0
4727,2730,0
4729,2755,0
4734,2782,0
4743,2804,0
4753,2818,0
4765,2822,0
4776,2819,0
4791,2813,0
4803,2796,0
4810,2772,0
4818,2753,0
4812,2733,0
4804,2716,0
4801,2699,1
4903,2692,0
4898,2692,0
4896,2695,0
4893,2700,0
4893,2714,0
4900,2741,0
4906,2767,0
4909,2791,0
4917,2807,0
4925,2815,0
4932,2813,0
4941,2807,0
4949,2789,0
4952,2763,0
4947,2734,0
4948,2718,0
4946,2705,0
4944,2702,0
4946,2705,0
4943,2712,0
4948,2732,0
4948,2755,0
4954,2781,0
4963,2803,0
4975,2814,0
4980,2813,0
4990,2806,0
4999,2792,0
5006,2769,0
5017,2745,0
5017,2722,0
5016,2702,0
5012,2685,0
5006,2672,0
5008,2669,0
5008,2671,0
5011,2680,1
5069,2775,0
5078,2776,0
5088,2774,0
5094,2765,0
5103,2750,0
5115,2732,0
5124,2719,0
5132,2704,0
5127,2692,0
5118,2682,0
5105,2679,0
5091,2679,0
5076,2689,0
5063,2702,0
5052,2718,0
5050,2738,0
5051,2758,0
5062,2778,0
5073,2791,0
5086,2801,0
5095,2808,0
5111,2812,0
5125,2813,0
5146,2810,1
5184,2803,0
5180,2801,0
5184,2803,0
5180,2801,0
5178,2798,0
5176,2792,0
5173,2783,0
5166,2764,0
5163,2745,0
5160,2729,0
5158,2715,0
5162,2702,0
5169,2692,0
5176,2679,0
5193,2675,0
5197,2668,0
5202,2667,1
5550,2683,0
5550,2698,0
5553,2718,0
5554,2739,0
5559,2765,0
5564,2787,0
5564,2803,0
5570,2817,0
5571,2821,1
5551,2639,0
5544,2637,0
5539,2637,0
5539,2637,0
5542,2640,1
5631,2806,0
5629,2795,0
5622,2773,0
5624,2748,0
5632,2725,0
5637,2707,0
5647,2699,0
5655,2691,0
5665,2689,0
5672,2693,0
5684,2706,0
5689,2720,0
5694,2737,0
5701,2756,0
5709,2775,0
5711,2788,0
5716,2797,1
6012,2710,0
6016,2703,0
6013,2690,0
6015,2679,0
6008,2666,0
6007,2660,0
5999,2658,0
5985,2659,0
5972,2666,0
5957,2678,0
5944,2693,0
5938,2715,0
5930,2738,0
5930,2764,0
5943,2782,0
5953,2796,0
5964,2801,0
5978,2802,0
5991,2802,0
6010,2793,0
6025,2774,0
6027,2760,0
6037,2741,0
6028,2724,0
6027,2708,0
6023,2697,0
6017,2694,0
6019,2697,0
6018,2707,0
6019,2723,0
6025,2746,0
6025,2765,0
6032,2784,0
6038,2799,0
6046,2809,0
6055,2818,0
6066,2825,1