Kenneth Allsop. The new books.
620
1495,1585,0
1502,1599,0
1501,1613,0
1496,1627,0
1491,1649,0
1488,1683,0
1488,1725,0
1479,1751,0
1482,1792,0
1485,1824,0
1492,1860,0
1496,1886,0
1504,1914,1
1479,1785,0
1487,1783,0
1502,1766,0
1525,1743,0
1552,1715,0
1585,1683,0
1618,1650,0
1650,1621,0
1682,1600,1
1590,1689,0
1587,1691,0
1586,1695,0
1587,1711,0
1582,1730,0
1587,1758,0
1594,1789,0
1599,1817,0
1609,1847,0
1621,1873,0
1636,1894,0
1656,1912,0
1682,1928,1
1776,1829,0
1800,1832,0
1822,1822,0
1839,1801,0
1860,1783,0
1875,1762,0
1885,1744,0
1886,1725,0
1873,1705,1
1819,1701,0
1804,1716,0
1790,1736,0
1781,1766,0
1779,1802,0
1778,1836,0
1792,1870,0
1804,1891,0
1826,1912,0
1847,1920,0
1868,1919,0
1892,1913,1
1961,1893,0
1956,1896,0
1956,1896,0
1956,1891,0
1955,1879,0
1953,1853,0
1959,1822,0
1959,1781,0
1967,1749,0
1969,1730,0
1975,1722,0
1978,1720,0
1976,1720,0
1978,1730,0
1989,1750,0
1995,1775,0
2001,1803,0
2012,1829,0
2024,1850,0
2040,1869,0
2052,1881,1
2079,1884,0
2075,1877,0
2071,1860,0
2072,1845,0
2070,1824,0
2070,1800,0
2072,1776,0
2078,1757,0
2087,1742,0
2092,1730,0
2103,1728,0
2113,1730,0
2121,1739,0
2127,1755,0
2129,1777,0
2135,1802,0
2145,1829,0
2154,1852,0
2171,1874,0
2188,1892,0
2209,1906,1
2224,1829,0
2259,1819,0
2287,1819,0
2314,1814,0
2344,1807,0
2365,1795,0
2384,1785,0
2393,1772,0
2397,1759,0
2397,1748,0
2381,1730,0
2368,1720,0
2350,1714,0
2328,1712,0
2314,1718,0
2298,1731,0
2285,1751,0
2277,1776,0
2277,1802,0
2285,1830,0
2300,1853,0
2322,1872,0
2350,1887,0
2375,1893,0
2405,1895,1
2504,1640,0
2509,1664,0
2513,1694,0
2516,1729,0
2519,1764,0
2521,1795,0
2523,1820,0
2528,1841,0
2533,1858,0
2537,1871,0
2538,1875,0
2539,1874,0
2533,1864,1
2417,1767,1
2430,1767,0
2439,1781,0
2456,1792,0
2480,1782,0
2516,1771,0
2555,1753,0
2584,1742,0
2602,1725,1
2618,1593,1
2612,1623,0
2610,1653,0
2615,1689,0
2620,1724,0
2628,1756,0
2634,1783,0
2637,1808,0
2642,1831,0
2641,1842,0
2645,1849,0
2646,1848,0
2650,1844,0
2653,1826,0
2655,1801,0
2653,1776,0
2654,1758,0
2661,1746,0
2666,1735,0
2673,1727,0
2681,1724,0
2690,1727,0
2694,1734,0
2699,1747,0
2708,1766,0
2714,1783,0
2724,1801,0
2740,1819,0
2755,1833,1
2940,1870,0
2943,1866,0
2943,1855,0
2943,1842,0
2951,1821,0
2955,1792,0
2961,1761,0
2967,1729,0
2977,1698,0
2977,1660,0
2989,1631,0
2996,1603,0
2999,1578,0
3010,1563,0
3013,1552,0
3016,1548,0
3019,1550,0
3025,1563,0
3031,1587,0
3037,1621,0
3040,1656,0
3048,1692,0
3062,1727,0
3076,1760,0
3087,1785,0
3104,1809,0
3116,1825,0
3127,1836,0
3136,1844,1
2951,1754,1
2965,1756,0
2989,1752,0
3023,1750,0
3054,1742,1
3220,1575,0
3220,1597,0
3220,1626,0
3219,1662,0
3221,1702,0
3225,1736,0
3225,1763,0
3228,1787,0
3232,1807,0
3236,1821,0
3240,1830,0
3242,1833,0
3246,1835,1
3305,1553,0
3298,1558,0
3293,1573,0
3290,1592,0
3291,1619,0
3293,1647,0
3300,1679,0
3300,1705,0
3307,1732,0
3314,1757,0
3314,1777,0
3323,1799,1
3462,1694,1
3428,1702,0
3416,1708,0
3410,1715,0
3404,1716,0
3410,1722,0
3421,1728,0
3436,1734,0
3455,1742,0
3478,1751,0
3496,1761,0
3517,1772,0
3528,1783,0
3531,1793,0
3530,1803,0
3523,1812,0
3511,1823,0
3488,1829,0
3463,1836,0
3438,1838,0
3414,1836,0
3393,1831,0
3380,1823,0
3377,1813,0
3381,1800,1
3652,1708,0
3637,1700,0
3621,1696,0
3603,1696,0
3582,1698,0
3566,1710,0
3547,1725,0
3534,1745,0
3532,1771,0
3533,1791,0
3544,1810,0
3560,1822,0
3585,1829,0
3609,1826,0
3636,1817,0
3659,1802,0
3675,1790,1
3728,1712,0
3730,1732,0
3732,1761,0
3740,1792,0
3748,1818,0
3753,1841,0
3754,1861,0
3753,1878,0
3758,1893,1
3718,1714,1
3728,1697,0
3735,1693,0
3740,1690,0
3757,1693,0
3771,1701,0
3791,1715,0
3807,1735,0
3827,1756,0
3824,1771,0
3827,1788,0
3819,1802,0
3809,1811,0
3783,1814,0
3762,1818,0
3739,1819,0
3720,1817,1
3902,1842,0
3901,1843,0
3897,1843,0
3896,1843,0
3896,1844,0
3895,1845,0
3892,1844,0
3895,1846,0
3895,1846,0
3896,1845,0
3892,1844,0
3896,1845,0
3895,1845,0
3895,1845,0
3896,1844,0
3900,1844,0
3904,1839,1
4144,1559,0
4143,1561,0
4141,1565,0
4143,1582,0
4141,1603,0
4138,1631,0
4135,1662,0
4137,1696,0
4133,1730,0
4131,1760,0
4134,1788,0
4138,1815,0
4139,1837,0
4136,1851,0
4145,1860,0
4145,1859,0
4150,1852,1
4058,1585,0
4050,1581,0
4051,1578,0
4061,1578,0
4075,1574,0
4098,1574,0
4124,1573,0
4155,1574,0
4183,1571,1
4297,1549,1
4280,1637,0
4276,1664,0
4276,1693,0
4271,1720,0
4268,1746,0
4262,1768,0
4261,1785,0
4263,1799,0
4260,1805,0
4259,1807,0
4263,1809,0
4261,1804,0
4263,1790,0
4263,1772,0
4266,1750,0
4275,1730,0
4280,1711,0
4287,1696,0
4295,1681,0
4299,1672,0
4302,1667,0
4305,1669,0
4307,1675,0
4314,1687,0
4319,1703,0
4324,1723,0
4326,1744,0
4334,1766,0
4340,1781,0
4351,1795,0
4364,1804,0
4382,1813,1
4468,1802,0
4471,1803,0
4476,1803,0
4486,1801,0
4494,1793,0
4505,1780,0
4519,1770,0
4528,1759,0
4499,1688,0
4485,1687,0
4471,1691,0
4458,1701,0
4451,1716,0
4438,1734,0
4437,1756,0
4444,1778,0
4453,1796,0
4468,1811,0
4486,1819,0
4514,1826,0
4543,1829,0
4580,1827,0
4622,1822,0
4660,1815,1
4759,1701,0
4765,1686,0
4775,1672,0
4784,1662,0
4794,1657,0
4802,1659,0
4812,1664,0
4821,1695,0
4825,1718,0
4825,1739,0
4838,1761,0
4848,1777,0
4860,1790,0
4872,1801,0
4891,1807,0
4909,1808,1
4903,1727,0
4899,1727,0
4902,1730,0
4955,1728,0
4977,1725,0
4997,1718,0
5010,1710,0
5017,1703,0
5021,1693,0
5016,1681,0
5012,1669,0
4999,1660,0
4987,1657,0
4970,1657,0
4955,1662,0
4946,1674,0
4931,1690,0
4922,1713,0
4924,1741,0
4932,1763,0
4950,1783,0
4971,1795,0
4996,1807,0
5018,1814,0
5048,1817,0
5080,1812,0
5101,1802,1
5122,1685,0
5118,1695,0
5120,1711,0
5126,1731,0
5127,1751,0
5129,1766,0
5137,1779,0
5144,1784,0
5151,1788,0
5156,1784,0
5163,1778,0
5165,1763,0
5171,1746,0
5173,1730,0
5170,1717,0
5167,1711,0
5167,1713,0
5167,1713,0
5169,1719,0
5171,1734,0
5173,1753,0
5180,1769,0
5192,1783,0
5206,1788,0
5222,1790,0
5238,1783,0
5259,1775,0
5269,1759,0
5275,1742,0
5274,1722,0
5266,1698,0
5260,1680,0
5252,1667,1
5535,1551,0
5535,1581,0
5537,1614,0
5542,1647,0
5539,1670,0
5540,1691,0
5545,1703,0
5542,1709,0
5542,1710,0
5547,1710,0
5542,1700,0
5539,1683,0
5542,1661,0
5548,1643,0
5557,1630,0
5563,1622,0
5573,1617,0
5586,1617,0
5601,1622,0
5618,1633,0
5626,1648,0
5632,1667,0
5634,1690,0
5631,1710,0
5624,1731,0
5609,1750,0
5590,1766,0
5573,1778,0
5559,1781,0
5547,1781,0
5540,1775,0
5535,1764,0
5541,1750,1
5780,1668,1
5774,1647,0
5764,1639,0
5753,1633,0
5741,1631,0
5728,1631,0
5714,1635,0
5698,1647,0
5684,1663,0
5678,1684,0
5675,1705,0
5679,1730,0
5689,1750,0
5703,1761,0
5730,1766,0
5749,1760,0
5774,1749,0
5796,1734,0
5814,1719,0
5818,1705,0
5814,1691,0
5803,1673,0
5791,1657,0
5773,1648,0
5760,1650,1
5923,1664,0
5914,1652,0
5906,1640,0
5904,1631,0
5893,1627,0
5880,1628,0
5866,1633,0
5850,1643,0
5836,1661,0
5822,1681,0
5814,1705,0
5816,1724,0
5823,1741,0
5836,1753,0
5855,1760,0
5875,1762,0
5894,1756,0
5910,1746,0
5923,1733,0
5931,1722,0
5932,1704,0
5930,1682,0
5924,1661,0
5920,1650,0
5913,1645,1
6026,1542,0
6027,1556,0
6027,1579,0
6031,1612,0
6032,1649,0
6031,1681,0
6030,1710,0
6032,1730,0
6037,1743,0
6036,1747,0
6035,1746,0
6037,1745,0
6044,1733,0
6046,1711,0
6051,1684,0
6063,1658,0
6071,1635,0
6083,1616,0
6096,1602,0
6107,1594,0
6116,1591,1
6075,1660,0
6070,1664,0
6066,1674,0
6071,1690,0
6078,1705,0
6091,1719,0
6104,1730,0
6119,1738,0
6142,1743,1
6261,1593,0
6237,1588,0
6217,1587,0
6186,1596,0
6161,1608,0
6145,1620,0
6141,1632,0
6151,1643,0
6172,1656,0
6198,1667,0
6224,1679,0
6249,1691,0
6263,1701,0
6269,1709,0
6267,1715,0
6261,1725,0
6245,1733,0
6227,1739,0
6206,1742,0
6187,1744,0
6184,1744,1
6332,1748,0
6325,1745,0
6323,1740,0
6324,1737,0
6324,1735,0
6323,1737,0
6322,1741,0
6329,1745,0
6334,1744,1