to preserve that distinction.
645
711,3299,0
709,3298,0
709,3298,0
711,3319,0
715,3363,0
717,3416,0
718,3472,0
716,3533,0
717,3573,0
715,3601,0
713,3617,0
712,3625,0
712,3621,1
624,3477,0
617,3477,0
616,3472,0
616,3468,0
627,3466,0
648,3460,0
678,3456,0
714,3448,0
752,3440,0
793,3436,0
837,3428,0
878,3414,0
915,3408,0
943,3406,0
955,3402,0
957,3406,0
957,3410,0
943,3418,0
921,3433,0
896,3455,0
873,3479,0
856,3509,0
849,3537,0
851,3565,0
866,3582,0
885,3587,0
911,3580,0
940,3566,0
965,3542,0
981,3515,0
989,3491,0
987,3467,0
975,3443,0
959,3431,0
940,3421,0
925,3425,0
919,3424,1
1259,3464,0
1260,3480,0
1264,3520,0
1274,3559,0
1284,3599,0
1295,3638,0
1302,3682,0
1304,3713,0
1304,3733,0
1304,3737,0
1305,3737,0
1305,3737,0
1304,3733,0
1302,3710,0
1295,3662,0
1286,3606,0
1278,3566,0
1271,3523,0
1264,3484,0
1259,3443,0
1259,3416,0
1264,3392,0
1269,3379,0
1280,3378,0
1293,3381,0
1310,3397,0
1324,3419,0
1336,3450,0
1340,3482,0
1337,3515,0
1328,3539,0
1316,3564,0
1302,3577,0
1290,3590,0
1279,3591,0
1275,3591,0
1274,3587,1
1432,3469,0
1433,3486,0
1432,3502,0
1433,3518,0
1435,3526,0
1434,3525,0
1434,3525,0
1432,3518,0
1423,3486,0
1416,3455,0
1410,3432,0
1404,3409,0
1400,3401,0
1399,3397,0
1399,3397,0
1399,3397,0
1400,3397,0
1416,3415,0
1434,3429,0
1459,3443,0
1491,3455,0
1525,3458,0
1559,3454,0
1587,3445,0
1609,3433,0
1623,3424,0
1627,3419,0
1627,3419,0
1619,3412,0
1604,3406,0
1587,3409,0
1570,3424,0
1557,3442,0
1552,3471,0
1554,3498,0
1567,3525,0
1586,3547,0
1611,3563,0
1640,3567,0
1670,3558,0
1703,3543,1
1809,3411,0
1804,3404,0
1795,3398,0
1781,3397,0
1765,3401,0
1751,3408,0
1739,3414,0
1734,3424,0
1734,3436,0
1742,3447,0
1759,3460,0
1781,3471,0
1809,3486,0
1834,3496,0
1854,3508,0
1867,3521,0
1872,3533,0
1868,3542,0
1856,3553,0
1840,3569,0
1821,3580,0
1804,3589,0
1797,3594,0
1797,3594,0
1800,3594,0
1806,3585,0
1828,3567,0
1858,3544,0
1891,3520,0
1918,3488,0
1944,3465,0
1962,3444,0
1969,3430,0
1969,3426,0
1967,3426,0
1962,3427,0
1949,3435,0
1932,3455,0
1921,3492,0
1915,3526,0
1922,3558,0
1938,3583,0
1960,3593,0
1987,3595,0
2015,3579,0
2047,3561,0
2069,3534,0
2088,3512,0
2098,3488,0
2106,3481,0
2106,3481,0
2104,3481,0
2106,3486,0
2107,3501,0
2116,3528,0
2125,3551,0
2136,3568,0
2145,3578,0
2148,3578,0
2149,3577,0
2151,3580,0
2151,3580,0
2150,3581,0
2149,3580,0
2149,3581,0
2147,3578,0
2147,3578,0
2147,3578,0
2149,3581,0
2147,3577,0
2149,3580,0
2149,3580,0
2149,3580,0
2152,3584,0
2152,3584,0
2151,3585,0
2152,3584,0
2152,3584,0
2149,3580,0
2152,3584,0
2152,3584,0
2152,3584,0
2149,3580,0
2149,3581,0
2149,3580,0
2152,3584,0
2152,3584,0
2149,3580,0
2152,3584,0
2152,3584,0
2151,3585,0
2151,3585,0
2151,3585,0
2149,3580,0
2149,3577,0
2144,3562,0
2140,3542,0
2135,3523,0
2129,3499,0
2125,3479,0
2123,3464,0
2120,3448,0
2120,3435,0
2123,3426,0
2128,3419,0
2140,3412,0
2157,3406,0
2178,3407,0
2195,3402,0
2213,3404,0
2227,3408,0
2235,3404,1
2251,3415,0
2254,3424,0
2256,3444,0
2270,3481,0
2282,3511,0
2292,3532,0
2303,3550,0
2311,3560,0
2316,3562,0
2321,3561,0
2333,3556,0
2350,3532,0
2371,3499,0
2385,3464,0
2395,3438,0
2403,3422,0
2408,3415,0
2410,3406,0
2415,3408,0
2415,3412,1
2468,3530,0
2473,3532,0
2485,3518,0
2502,3489,0
2519,3460,0
2531,3436,0
2533,3414,0
2529,3399,0
2523,3392,0
2513,3388,0
2499,3390,0
2480,3407,0
2463,3445,0
2454,3492,0
2456,3535,0
2478,3578,0
2509,3603,0
2554,3623,0
2595,3623,0
2634,3614,0
2666,3604,1
3139,3353,0
3134,3357,0
3126,3376,0
3127,3413,0
3128,3455,0
3132,3499,0
3132,3537,0
3137,3571,0
3139,3598,0
3138,3613,0
3139,3621,0
3136,3619,0
3137,3618,1
3047,3485,0
3047,3480,0
3057,3461,0
3077,3429,0
3105,3403,0
3135,3380,0
3165,3359,0
3191,3348,0
3211,3349,0
3226,3358,0
3241,3381,0
3252,3418,0
3261,3465,0
3271,3515,0
3276,3555,0
3286,3582,0
3292,3588,0
3302,3586,0
3319,3579,0
3340,3561,0
3360,3532,0
3382,3513,0
3404,3508,0
3417,3503,0
3428,3510,0
3440,3525,0
3454,3546,0
3468,3564,0
3486,3578,0
3506,3583,0
3530,3580,0
3549,3566,0
3571,3550,1
3631,3470,0
3633,3468,0
3630,3466,0
3624,3465,0
3609,3467,0
3600,3479,0
3583,3497,0
3564,3526,0
3559,3564,0
3558,3589,0
3561,3597,0
3573,3597,0
3590,3590,0
3614,3578,0
3633,3559,0
3648,3542,0
3662,3542,0
3668,3542,0
3678,3555,0
3691,3576,0
3703,3596,0
3712,3604,0
3723,3606,0
3737,3595,1
3806,3380,0
3805,3380,0
3804,3381,0
3802,3389,0
3806,3437,0
3810,3491,0
3817,3542,0
3826,3576,0
3827,3585,0
3831,3588,0
3829,3583,0
3824,3573,0
3812,3536,0
3796,3492,0
3783,3467,0
3770,3457,0
3763,3457,0
3759,3455,0
3759,3455,0
3758,3451,0
3773,3460,0
3796,3461,0
3831,3462,0
3868,3458,0
3914,3456,1
4256,3542,0
4255,3542,0
4254,3538,0
4255,3531,0
4251,3506,0
4243,3481,0
4231,3466,0
4211,3456,0
4186,3453,0
4162,3464,0
4140,3490,0
4126,3535,0
4122,3588,0
4128,3626,0
4140,3646,0
4161,3655,0
4179,3643,0
4205,3620,0
4230,3587,0
4249,3547,0
4260,3498,0
4270,3455,0
4270,3417,0
4266,3398,0
4267,3397,0
4262,3397,0
4266,3414,0
4266,3460,0
4268,3513,0
4280,3563,0
4297,3601,0
4311,3620,0
4324,3624,0
4340,3621,0
4357,3604,0
4379,3584,0
4391,3554,0
4402,3545,0
4406,3547,0
4408,3551,0
4410,3569,0
4411,3591,0
4416,3609,0
4418,3618,0
4416,3614,1
4367,3456,0
4351,3443,0
4339,3438,0
4336,3436,0
4331,3435,0
4331,3435,0
4328,3433,0
4331,3435,0
4338,3433,1
4511,3445,0
4514,3447,0
4511,3445,0
4509,3446,0
4498,3448,0
4481,3453,0
4466,3462,0
4449,3469,0
4442,3477,0
4444,3486,0
4451,3501,0
4467,3520,0
4492,3539,0
4517,3560,0
4541,3582,0
4558,3604,0
4560,3619,0
4562,3634,0
4552,3644,0
4538,3652,0
4519,3654,0
4507,3655,0
4489,3643,0
4483,3629,0
4485,3604,1
4623,3413,0
4624,3412,0
4626,3416,0
4635,3443,0
4649,3492,0
4659,3538,0
4672,3583,0
4679,3617,0
4680,3639,0
4680,3645,0
4683,3648,0
4681,3644,0
4679,3634,1
4638,3538,0
4631,3534,0
4633,3532,0
4635,3530,0
4645,3525,0
4666,3509,0
4696,3493,0
4729,3476,0
4761,3463,0
4790,3455,0
4812,3455,0
4827,3461,0
4847,3482,0
4859,3509,0
4871,3544,0
4878,3573,0
4886,3600,0
4892,3624,0
4894,3638,0
4895,3643,0
4895,3643,0
4905,3644,0
4908,3629,0
4900,3595,1
4862,3409,0
4860,3405,0
4859,3401,0
4856,3398,0
4859,3401,0
4864,3399,0
4876,3405,0
4895,3419,0
4911,3438,0
4924,3460,0
4939,3492,0
4953,3525,0
4961,3551,0
4968,3567,0
4977,3576,0
4987,3576,0
5000,3568,0
5018,3547,0
5040,3520,0
5056,3502,0
5069,3498,0
5079,3498,0
5087,3508,0
5094,3525,0
5106,3554,0
5116,3579,0
5126,3599,0
5139,3608,0
5154,3609,1
5293,3483,0
5292,3484,0
5289,3481,0
5279,3474,0
5265,3472,0
5247,3477,0
5230,3492,0
5211,3521,0
5204,3555,0
5202,3590,0
5214,3619,0
5231,3636,0
5256,3643,0
5285,3633,0
5313,3611,0
5340,3584,0
5361,3551,1
5409,3390,0
5409,3391,0
5402,3399,0
5405,3436,0
5407,3493,0
5411,3546,0
5411,3591,0
5417,3629,0
5424,3653,0
5425,3658,0
5430,3657,0
5437,3648,1
5353,3523,0
5350,3520,0
5354,3522,0
5355,3514,0
5373,3505,0
5399,3490,0
5429,3484,0
5459,3477,0
5489,3477,0
5513,3479,0
5530,3489,0
5547,3506,0
5561,3535,0
5571,3568,0
5573,3597,0
5580,3621,0
5581,3635,0
5587,3640,0
5583,3636,0
5587,3626,0
5579,3597,1
5507,3419,0
5504,3417,0
5508,3417,0
5509,3416,0
5514,3417,0
5536,3428,0
5549,3431,0
5566,3433,1
5742,3491,0
5741,3491,0
5742,3491,0
5738,3489,0
5725,3486,0
5708,3489,0
5690,3501,0
5672,3525,0
5656,3549,0
5652,3579,0
5656,3600,0
5674,3624,0
5695,3635,0
5712,3639,0
5728,3638,0
5743,3632,0
5751,3620,0
5754,3603,0
5750,3581,0
5745,3556,0
5736,3533,0
5733,3523,0
5729,3515,0
5728,3510,0
5736,3505,0
5742,3497,0
5754,3493,0
5763,3495,0
5781,3504,0
5793,3522,0
5807,3544,0
5813,3569,0
5818,3590,0
5820,3600,0
5830,3607,0
5839,3608,0
5856,3600,0
5873,3581,0
5895,3558,0
5921,3542,0
5926,3529,0
5926,3527,0
5937,3533,0
5940,3542,0
5949,3565,0
5950,3590,0
5962,3616,0
5969,3634,0
5983,3648,0
5988,3654,0
5997,3657,0
6005,3659,0
6010,3658,0
6019,3659,0
6023,3655,0
6025,3651,0
6032,3648,1
6193,3633,0
6192,3634,0
6191,3635,0
6194,3638,0
6195,3638,0
6194,3638,0
6194,3639,0
6189,3645,0
6185,3653,1