an unexplained attack of vertigo and
939
369,2803,1
362,2776,0
357,2770,0
347,2763,0
332,2767,0
316,2767,0
299,2787,0
282,2815,0
265,2848,0
252,2886,0
244,2929,0
247,2959,0
255,2978,0
267,2990,0
282,2994,0
300,2991,0
316,2980,0
326,2960,0
336,2943,0
345,2917,0
351,2889,0
356,2861,0
359,2837,0
359,2825,0
357,2815,0
356,2816,0
354,2820,0
353,2836,0
358,2858,0
366,2893,0
378,2921,0
393,2936,0
408,2949,0
425,2958,0
441,2953,0
456,2948,0
470,2930,0
480,2916,0
489,2902,0
492,2878,0
502,2905,0
506,2926,0
508,2934,0
511,2943,0
514,2952,0
515,2953,0
516,2944,0
518,2941,0
525,2922,0
535,2891,0
550,2861,0
568,2832,0
586,2811,0
603,2806,0
619,2805,0
634,2815,0
646,2830,0
657,2852,0
667,2877,0
678,2903,0
692,2926,0
710,2936,0
733,2947,1
1042,2720,0
1040,2720,0
1041,2721,0
1042,2724,0
1043,2729,0
1044,2741,0
1046,2768,0
1047,2796,0
1048,2821,0
1052,2844,0
1056,2869,0
1062,2893,0
1068,2905,0
1073,2909,0
1079,2909,0
1085,2905,0
1093,2893,0
1101,2873,0
1112,2852,0
1121,2825,0
1128,2796,0
1134,2776,0
1139,2764,0
1138,2760,0
1139,2764,0
1139,2768,0
1141,2788,0
1147,2824,0
1153,2847,0
1161,2868,0
1170,2883,0
1179,2895,0
1188,2895,0
1200,2894,0
1211,2877,0
1223,2856,0
1235,2828,0
1245,2803,0
1252,2783,0
1254,2771,0
1254,2771,0
1254,2767,0
1254,2771,0
1257,2783,0
1260,2803,0
1265,2830,0
1267,2849,0
1269,2862,0
1269,2870,0
1271,2873,0
1274,2874,0
1276,2870,0
1283,2856,0
1293,2832,0
1307,2811,0
1322,2789,0
1336,2772,0
1347,2762,0
1358,2766,0
1365,2769,0
1376,2784,0
1386,2803,0
1394,2826,0
1401,2845,0
1409,2860,1
1494,2849,0
1500,2844,0
1511,2835,0
1524,2820,0
1540,2804,0
1556,2790,0
1565,2768,0
1570,2750,0
1568,2739,0
1559,2724,0
1549,2722,0
1537,2724,0
1521,2727,0
1504,2738,0
1490,2757,0
1480,2778,0
1478,2803,0
1486,2822,0
1500,2840,0
1521,2853,0
1546,2861,0
1566,2857,0
1590,2852,0
1613,2840,0
1634,2823,1
1761,2695,0
1761,2695,0
1761,2695,0
1759,2695,0
1756,2704,0
1751,2721,0
1740,2737,0
1726,2757,0
1707,2774,0
1691,2799,0
1678,2822,0
1668,2840,0
1661,2854,1
1652,2742,0
1654,2741,0
1655,2741,0
1657,2741,0
1665,2747,0
1677,2760,0
1692,2778,0
1710,2798,0
1730,2814,0
1748,2825,0
1768,2837,0
1790,2844,0
1810,2847,1
1872,2762,0
1870,2762,0
1872,2771,0
1874,2787,0
1877,2815,0
1878,2840,0
1879,2864,0
1881,2893,0
1885,2922,0
1891,2948,0
1896,2968,0
1903,2987,0
1906,2994,1
1840,2789,0
1840,2780,0
1846,2770,0
1851,2752,0
1859,2737,0
1874,2728,0
1892,2722,0
1914,2720,0
1937,2721,0
1961,2725,0
1987,2733,0
2010,2746,0
2027,2761,0
2038,2782,0
2040,2799,0
2036,2813,0
2027,2829,0
2014,2842,0
1997,2852,0
1980,2862,0
1963,2868,0
1950,2868,0
1942,2861,0
1939,2851,0
1937,2830,1
2085,2580,0
2085,2580,0
2086,2584,0
2087,2601,0
2089,2626,0
2091,2655,0
2093,2680,0
2096,2709,0
2100,2742,0
2104,2771,0
2112,2802,0
2120,2824,0
2128,2842,1
2296,2757,0
2302,2750,0
2307,2734,0
2314,2718,0
2313,2700,1
2303,2692,0
2287,2691,0
2268,2700,0
2246,2714,0
2227,2732,0
2212,2752,0
2203,2777,0
2202,2804,0
2205,2820,0
2213,2830,0
2223,2834,0
2237,2832,0
2257,2828,0
2274,2811,0
2293,2794,0
2307,2770,0
2319,2750,0
2325,2735,0
2323,2726,0
2323,2726,0
2323,2727,0
2323,2735,0
2324,2753,0
2330,2780,0
2338,2803,0
2350,2820,0
2367,2834,0
2383,2835,0
2405,2833,0
2427,2827,0
2441,2806,0
2458,2789,0
2471,2768,0
2480,2745,0
2487,2728,0
2487,2714,0
2489,2712,0
2487,2709,0
2489,2712,0
2490,2721,0
2493,2738,0
2492,2757,0
2496,2777,0
2499,2794,0
2503,2806,0
2508,2816,0
2511,2818,0
2510,2815,1
2439,2562,0
2439,2562,0
2439,2562,0
2443,2564,0
2449,2574,1
2570,2736,1
2572,2730,0
2572,2730,0
2571,2731,0
2571,2735,0
2571,2745,0
2573,2761,0
2574,2775,0
2579,2791,0
2580,2803,0
2584,2815,0
2587,2818,0
2587,2818,0
2589,2817,0
2588,2813,0
2589,2808,0
2591,2793,0
2594,2772,0
2601,2750,0
2609,2731,0
2620,2716,0
2632,2708,0
2639,2703,0
2651,2706,0
2656,2707,0
2666,2720,0
2675,2738,0
2684,2756,0
2694,2773,0
2706,2785,0
2716,2788,0
2731,2789,0
2751,2785,0
2770,2772,0
2786,2757,0
2803,2741,0
2816,2723,0
2822,2704,0
2825,2693,0
2823,2690,0
2818,2688,0
2813,2690,0
2806,2696,0
2799,2710,0
2791,2730,0
2789,2750,0
2794,2767,0
2808,2781,0
2827,2793,0
2849,2801,0
2870,2802,0
2895,2800,0
2913,2787,1
3018,2716,0
3018,2711,0
3019,2705,0
3020,2699,0
3013,2689,0
3006,2685,0
2994,2683,0
2978,2685,0
2957,2691,0
2940,2704,0
2928,2723,0
2916,2741,0
2913,2763,0
2912,2779,0
2919,2793,0
2930,2800,0
2948,2801,0
2964,2790,0
2980,2774,0
3000,2754,0
3012,2725,0
3026,2700,0
3036,2671,0
3040,2637,0
3047,2606,0
3056,2578,0
3059,2550,0
3064,2530,0
3066,2519,0
3064,2514,0
3065,2514,0
3066,2518,0
3062,2527,0
3061,2553,0
3054,2585,0
3053,2627,0
3053,2673,0
3054,2713,0
3069,2758,0
3081,2793,0
3105,2830,1
3547,2635,0
3540,2631,0
3535,2631,0
3522,2632,0
3504,2633,0
3486,2644,0
3465,2660,0
3444,2685,0
3431,2714,0
3421,2744,0
3422,2776,0
3424,2795,0
3435,2807,0
3445,2808,0
3457,2808,0
3469,2802,0
3477,2785,0
3485,2761,0
3500,2736,0
3514,2707,0
3520,2672,0
3534,2649,0
3536,2635,0
3534,2632,0
3532,2633,0
3532,2634,0
3535,2647,0
3537,2668,0
3539,2698,0
3549,2733,0
3556,2761,0
3566,2784,0
3574,2798,0
3585,2805,0
3602,2805,0
3613,2789,0
3628,2764,1
3667,2521,1
3665,2518,0
3663,2519,0
3665,2528,0
3670,2548,0
3676,2576,0
3679,2603,0
3682,2628,0
3688,2657,0
3696,2688,0
3702,2717,0
3713,2745,0
3717,2765,1
3755,2590,0
3758,2581,0
3754,2574,0
3756,2572,0
3755,2573,0
3757,2577,0
3762,2589,0
3769,2611,0
3773,2636,0
3777,2661,0
3778,2683,0
3785,2711,0
3788,2737,0
3785,2758,0
3783,2771,0
3781,2774,0
3774,2769,1
3662,2683,0
3662,2683,0
3662,2678,0
3667,2673,0
3684,2667,0
3702,2660,0
3728,2655,0
3759,2651,0
3785,2646,0
3812,2641,0
3839,2640,0
3862,2639,0
3876,2634,1
3986,2643,1
3974,2626,0
3971,2623,0
3959,2620,0
3946,2621,0
3926,2627,0
3909,2640,0
3887,2659,0
3874,2686,0
3863,2715,0
3862,2741,0
3866,2753,0
3875,2761,0
3887,2760,0
3904,2754,0
3921,2741,0
3937,2729,0
3950,2709,0
3963,2693,0
3969,2675,0
3974,2662,0
3975,2656,0
3969,2656,0
3971,2660,0
3969,2669,0
3970,2692,0
3973,2719,0
3978,2743,0
3980,2760,1
4120,2656,0
4117,2654,0
4116,2649,0
4114,2646,0
4101,2643,0
4092,2648,0
4074,2656,0
4057,2670,0
4046,2690,0
4043,2712,0
4044,2735,0
4051,2751,0
4067,2763,0
4084,2769,0
4104,2768,0
4125,2758,0
4151,2738,0
4173,2712,0
4187,2683,0
4200,2653,0
4207,2625,0
4205,2595,0
4203,2572,0
4198,2552,0
4199,2545,0
4196,2540,0
4193,2538,0
4191,2541,0
4193,2552,0
4194,2577,0
4194,2609,0
4194,2642,0
4193,2668,0
4192,2695,0
4190,2722,0
4191,2747,0
4192,2764,0
4193,2769,0
4192,2770,0
4194,2767,0
4196,2760,0
4205,2743,0
4214,2718,0
4226,2692,0
4239,2669,0
4254,2650,0
4268,2632,0
4285,2622,0
4296,2615,0
4304,2610,0
4306,2608,0
4310,2609,0
4302,2607,1
4245,2687,0
4247,2690,0
4256,2698,0
4268,2709,0
4283,2722,0
4302,2737,0
4319,2749,0
4345,2760,1
4681,2615,0
4675,2616,0
4664,2618,0
4657,2627,0
4647,2642,0
4634,2661,0
4626,2686,0
4622,2712,0
4627,2732,0
4635,2743,0
4650,2748,0
4670,2748,0
4686,2739,0
4705,2726,0
4717,2710,0
4727,2694,0
4728,2673,0
4715,2649,0
4703,2630,0
4688,2617,0
4669,2609,0
4659,2609,0
4653,2611,0
4653,2611,0
4661,2615,0
4674,2617,0
4698,2617,0
4727,2609,0
4758,2598,0
4788,2582,0
4814,2564,0
4835,2546,0
4849,2524,0
4859,2509,0
4855,2492,0
4848,2481,0
4838,2475,0
4820,2473,0
4794,2475,0
4780,2485,0
4765,2499,0
4760,2523,0
4759,2555,0
4760,2589,0
4766,2630,0
4769,2669,0
4772,2714,0
4772,2756,0
4777,2796,0
4777,2825,0
4777,2846,0
4780,2856,0
4780,2855,0
4780,2854,0
4782,2845,0
4784,2822,0
4789,2794,0
4798,2767,0
4806,2749,0
4813,2738,0
4819,2731,0
4832,2726,0
4846,2719,0
4863,2709,0
4892,2702,1
5095,2605,0
5098,2607,0
5095,2606,0
5101,2612,0
5105,2627,0
5110,2651,0
5114,2673,0
5125,2695,0
5137,2712,0
5149,2724,0
5160,2729,0
5163,2730,0
5170,2728,0
5177,2725,0
5178,2714,0
5185,2695,0
5188,2667,0
5195,2640,0
5197,2614,0
5199,2596,0
5201,2584,0
5199,2578,0
5198,2572,0
5200,2570,0
5197,2568,1
5225,2691,0
5234,2692,0
5243,2684,0
5263,2675,0
5279,2664,0
5298,2648,0
5313,2630,0
5320,2610,0
5329,2594,0
5327,2582,0
5326,2574,0
5315,2569,0
5306,2571,0
5294,2575,0
5278,2587,0
5263,2603,0
5260,2626,0
5259,2651,0
5262,2676,0
5274,2696,0
5289,2711,0
5312,2717,0
5339,2720,0
5365,2715,0
5388,2707,0
5405,2693,0
5424,2679,0
5430,2660,0
5436,2642,0
5437,2623,0
5440,2609,0
5436,2600,0
5433,2596,0
5434,2596,0
5433,2598,0
5434,2604,0
5437,2623,0
5438,2645,0
5441,2665,0
5450,2681,0
5457,2692,0
5462,2700,0
5465,2704,0
5465,2702,0
5463,2699,0
5459,2689,0
5455,2672,0
5444,2650,0
5434,2627,0
5422,2608,0
5420,2596,0
5422,2591,0
5430,2586,0
5443,2577,0
5462,2568,0
5481,2560,0
5503,2553,0
5521,2545,0
5539,2536,0
5559,2523,0
5576,2509,0
5588,2493,0
5599,2481,0
5605,2471,0
5604,2463,0
5605,2461,0
5605,2463,0
5607,2466,0
5610,2468,0
5612,2483,0
5617,2507,0
5617,2533,0
5624,2563,0
5631,2593,0
5633,2622,0
5630,2645,0
5637,2666,0
5632,2675,0
5629,2681,0
5622,2678,1
5561,2605,0
5565,2606,0
5567,2603,0
5577,2601,0
5600,2600,0
5620,2596,0
5646,2591,0
5663,2584,0
5684,2578,0
5700,2574,0
5709,2573,0
5718,2574,0
5720,2579,0
5736,2591,0
5737,2606,0
5744,2627,0
5743,2645,0
5744,2663,0
5745,2677,0
5744,2687,0
5747,2691,1
5689,2465,0
5688,2466,0
5688,2466,0
5688,2466,0
5697,2474,1
5820,2647,1
5854,2633,0
5863,2624,0
5870,2612,0
5876,2598,0
5880,2590,0
5880,2582,0
5874,2577,0
5867,2572,0
5853,2573,0
5841,2578,0
5828,2589,0
5820,2604,0
5804,2625,0
5806,2647,0
5812,2663,0
5826,2670,0
5834,2672,0
5849,2670,0
5860,2664,0
5872,2659,0
5876,2651,0
5884,2646,0
5890,2642,0
5887,2639,0
5890,2642,0
5889,2645,0
5892,2654,0
5896,2675,0
5904,2702,0
5909,2726,0
5908,2755,0
5908,2787,0
5897,2815,0
5887,2844,0
5877,2868,0
5855,2883,0
5839,2895,0
5818,2900,0
5792,2896,0
5777,2890,0
5759,2874,0
5754,2858,0
5750,2832,0
5752,2798,1
5966,2581,0
5969,2575,0
5970,2571,0
5973,2574,0
5974,2574,0
5964,2582,0
5955,2601,0
5945,2623,0
5945,2640,0
5946,2656,0
5957,2667,0
5977,2674,0
5990,2674,0
6011,2668,0
6030,2658,0
6042,2643,0
6050,2627,0
6049,2610,0
6048,2595,0
6037,2580,0
6024,2571,0
6003,2567,0
5977,2567,0
5956,2574,0
5937,2584,1
6410,2527,0
6411,2526,0
6412,2522,0
6410,2517,0
6414,2517,0
6411,2515,0
6407,2514,0
6399,2513,0
6394,2516,0
6382,2522,0
6368,2533,0
6352,2550,0
6332,2574,0
6307,2599,0
6291,2625,0
6291,2643,0
6298,2657,0
6314,2669,0
6330,2672,0
6353,2670,0
6375,2663,0
6390,2649,0
6404,2636,0
6416,2621,0
6420,2603,0
6423,2586,0
6425,2571,0
6426,2559,0
6425,2553,0
6421,2551,0
6424,2554,0
6425,2555,0
6418,2557,0
6416,2572,0
6418,2596,0
6421,2619,0
6432,2643,0
6444,2656,0
6457,2665,0
6466,2666,0
6480,2665,0
6492,2657,0
6502,2644,0
6512,2625,0
6517,2601,0
6519,2576,0
6520,2555,0
6519,2538,0
6517,2531,0
6510,2527,0
6515,2528,0
6514,2531,0
6517,2545,0
6512,2563,0
6508,2581,0
6510,2600,0
6508,2611,0
6505,2617,0
6510,2618,0
6510,2618,0
6512,2613,0
6515,2607,0
6522,2591,0
6529,2574,0
6546,2556,0
6566,2539,0
6586,2523,0
6603,2515,0
6621,2514,0
6633,2518,0
6645,2528,0
6652,2544,0
6660,2564,0
6664,2585,0
6673,2605,0
6683,2623,0
6691,2635,0
6695,2644,0
6708,2647,0
6725,2646,0
6742,2637,1
6825,2566,0
6828,2559,0
6831,2548,0
6836,2539,0
6831,2530,0
6825,2522,0
6815,2516,0
6802,2516,0
6780,2518,0
6763,2528,0
6743,2543,0
6726,2563,0
6708,2584,0
6702,2610,0
6701,2630,0
6715,2647,0
6729,2654,0
6751,2657,0
6775,2651,0
6794,2637,0
6811,2618,0
6827,2591,0
6843,2562,0
6850,2527,0
6862,2495,0
6874,2464,0
6882,2435,0
6893,2415,0
6891,2398,0
6896,2389,0
6892,2386,0
6896,2387,0
6898,2392,0
6896,2408,0
6893,2439,0
6892,2473,0
6891,2511,0
6891,2550,0
6902,2589,0
6924,2628,1