tower in the sugar-beet refinery, suffers
1079
255,2040,0
251,2043,0
250,2042,0
250,2050,0
250,2063,0
253,2082,0
255,2105,0
256,2135,0
258,2163,0
263,2194,0
269,2231,0
277,2273,0
286,2315,0
293,2356,0
296,2391,0
298,2409,0
298,2413,1
217,2231,1
254,2221,0
283,2216,0
318,2207,0
348,2202,0
378,2186,0
405,2183,0
428,2183,0
441,2183,0
444,2183,0
445,2187,0
441,2203,0
434,2222,0
422,2252,0
413,2282,0
407,2323,0
405,2355,0
409,2377,0
415,2384,0
426,2387,0
439,2378,0
454,2366,0
470,2341,0
483,2320,0
490,2297,0
489,2276,0
482,2253,0
470,2241,0
456,2233,0
443,2234,0
439,2236,0
439,2236,0
443,2241,0
453,2245,0
467,2244,0
481,2236,0
495,2231,0
511,2227,0
521,2227,0
529,2216,0
535,2214,0
541,2211,0
540,2211,0
542,2216,0
542,2228,0
544,2253,0
543,2274,0
547,2303,0
552,2329,0
557,2351,0
564,2369,0
572,2379,0
580,2377,0
591,2371,0
599,2352,0
607,2333,0
612,2319,0
617,2295,0
620,2279,0
624,2268,0
627,2265,0
629,2265,0
637,2275,0
649,2301,0
661,2321,0
674,2340,0
686,2350,0
695,2355,0
702,2360,0
703,2353,0
704,2353,0
706,2345,0
707,2328,0
705,2309,0
702,2279,0
700,2258,0
699,2243,0
699,2239,0
700,2239,0
704,2239,0
715,2245,0
731,2256,0
751,2267,0
771,2267,0
791,2265,0
810,2256,0
827,2246,0
842,2236,0
852,2228,0
855,2221,0
854,2212,0
849,2212,0
839,2211,0
827,2222,0
813,2232,0
804,2255,0
801,2278,0
802,2306,0
810,2336,0
825,2354,0
846,2360,0
869,2362,0
890,2357,0
909,2342,0
924,2323,0
935,2308,0
941,2288,0
944,2276,0
943,2256,0
943,2252,0
942,2248,0
943,2252,0
941,2252,0
945,2265,0
948,2277,0
953,2297,0
956,2309,0
961,2326,0
962,2329,0
962,2338,0
962,2338,0
960,2334,0
957,2333,0
948,2321,0
937,2304,0
928,2287,0
925,2271,0
926,2256,0
932,2240,0
941,2224,0
951,2212,0
963,2206,0
978,2194,0
998,2191,0
1017,2192,0
1035,2193,0
1047,2185,1
1359,2222,0
1357,2222,0
1356,2222,0
1356,2227,0
1352,2227,0
1351,2239,0
1347,2252,0
1348,2275,0
1348,2296,0
1348,2308,0
1352,2328,0
1356,2343,0
1358,2355,1
1334,2100,0
1331,2096,0
1334,2100,0
1333,2096,0
1333,2096,0
1336,2104,0
1338,2107,0
1344,2119,0
1353,2130,1
1411,2230,0
1411,2234,0
1414,2242,0
1413,2258,0
1412,2279,0
1414,2294,0
1416,2306,0
1419,2318,0
1422,2326,0
1421,2322,0
1423,2322,0
1423,2318,0
1423,2309,0
1426,2297,0
1433,2280,0
1440,2258,0
1453,2239,0
1469,2220,0
1487,2208,0
1501,2201,0
1515,2207,0
1523,2213,0
1532,2231,0
1540,2254,0
1550,2277,0
1563,2299,0
1574,2308,0
1592,2321,0
1614,2323,1
1918,2046,0
1916,2038,0
1918,2034,0
1916,2029,0
1918,2033,0
1918,2037,0
1922,2053,0
1925,2079,0
1926,2108,0
1926,2138,0
1927,2173,0
1927,2212,0
1926,2247,0
1927,2282,0
1925,2307,0
1925,2326,0
1926,2329,1
1884,2204,0
1895,2207,0
1909,2210,0
1932,2219,0
1952,2219,0
1973,2210,0
2002,2197,0
2024,2169,0
2042,2142,0
2053,2120,0
2055,2096,0
2058,2082,0
2057,2068,0
2053,2060,0
2053,2061,0
2052,2062,0
2054,2070,0
2054,2088,0
2053,2115,0
2056,2158,0
2057,2198,0
2060,2236,0
2063,2270,0
2065,2300,0
2070,2320,0
2077,2330,0
2076,2326,0
2080,2323,0
2084,2309,0
2092,2288,0
2099,2262,0
2110,2234,0
2121,2210,0
2133,2195,0
2142,2190,0
2152,2195,0
2160,2204,0
2169,2222,0
2180,2244,0
2192,2268,0
2205,2289,0
2213,2298,0
2224,2306,0
2229,2303,0
2246,2304,0
2258,2292,0
2274,2274,0
2287,2252,0
2297,2228,0
2299,2204,0
2300,2194,0
2292,2189,0
2279,2188,0
2264,2192,0
2253,2203,0
2243,2213,0
2239,2234,0
2239,2252,0
2246,2271,0
2260,2291,0
2278,2304,0
2302,2314,0
2328,2312,0
2357,2304,0
2387,2291,1
2776,2118,0
2772,2116,0
2771,2112,0
2768,2109,0
2765,2107,0
2760,2106,0
2750,2105,0
2740,2108,0
2731,2110,0
2724,2111,0
2720,2113,0
2717,2117,0
2717,2127,0
2716,2139,0
2719,2151,0
2726,2162,0
2741,2174,0
2760,2186,0
2778,2195,0
2801,2208,0
2816,2221,0
2826,2234,0
2831,2246,0
2830,2257,0
2827,2270,0
2815,2280,0
2801,2286,0
2786,2293,0
2765,2294,0
2745,2295,0
2725,2295,0
2704,2291,0
2686,2285,0
2668,2273,0
2658,2260,0
2655,2248,0
2659,2235,1
2873,2162,0
2877,2178,0
2881,2198,0
2878,2216,0
2878,2236,0
2886,2261,0
2888,2276,0
2899,2288,0
2906,2292,0
2916,2294,0
2924,2287,0
2937,2281,0
2946,2268,0
2954,2250,0
2962,2232,0
2969,2214,0
2974,2199,0
2980,2193,0
2980,2193,0
2979,2194,0
2983,2201,0
2990,2211,0
2999,2224,0
3014,2238,0
3027,2248,0
3040,2257,0
3052,2262,0
3064,2263,0
3082,2262,1
3161,2183,0
3158,2180,0
3154,2173,0
3151,2165,0
3141,2157,0
3137,2156,0
3122,2154,0
3110,2162,0
3093,2174,0
3081,2191,0
3073,2209,0
3074,2225,0
3078,2232,0
3086,2235,0
3094,2233,0
3107,2232,0
3113,2227,0
3119,2220,0
3124,2210,0
3129,2199,0
3135,2188,0
3141,2182,0
3141,2181,0
3143,2186,0
3151,2200,0
3158,2221,0
3168,2246,0
3182,2276,0
3190,2308,0
3196,2340,0
3194,2371,0
3190,2397,0
3181,2416,0
3170,2431,0
3154,2436,0
3137,2434,0
3124,2430,0
3105,2416,0
3089,2398,0
3078,2375,0
3069,2345,1
3341,2171,0
3346,2166,0
3347,2158,0
3349,2150,0
3349,2145,1
3329,2142,0
3317,2145,0
3303,2148,0
3287,2154,0
3272,2171,0
3262,2193,0
3258,2220,0
3250,2241,0
3255,2259,0
3263,2268,0
3273,2269,0
3287,2266,0
3301,2256,0
3313,2239,0
3324,2221,0
3331,2201,0
3336,2183,0
3341,2171,0
3341,2166,0
3343,2169,0
3340,2172,0
3342,2183,0
3354,2205,0
3366,2221,0
3380,2230,0
3397,2236,0
3411,2236,0
3419,2229,0
3427,2219,0
3434,2205,0
3438,2188,0
3441,2171,0
3443,2157,0
3444,2150,0
3443,2152,0
3440,2154,0
3443,2164,0
3448,2183,0
3452,2203,0
3454,2218,0
3457,2233,0
3460,2242,0
3462,2245,0
3459,2243,0
3460,2242,0
3462,2240,0
3460,2230,0
3460,2212,0
3455,2193,0
3461,2180,0
3464,2170,0
3467,2159,0
3470,2149,0
3480,2144,0
3490,2138,0
3501,2132,1
3613,2151,0
3612,2152,0
3612,2152,0
3612,2152,0
3612,2152,0
3612,2152,0
3612,2152,0
3612,2152,0
3612,2152,0
3611,2153,0
3612,2152,0
3615,2154,0
3612,2152,0
3612,2154,0
3611,2154,0
3611,2154,0
3614,2157,0
3610,2155,0
3610,2155,0
3610,2155,0
3611,2154,0
3611,2154,0
3612,2154,0
3615,2154,0
3612,2152,0
3617,2153,0
3627,2152,0
3634,2149,0
3643,2145,0
3654,2144,0
3660,2142,0
3662,2140,0
3667,2139,0
3672,2140,0
3668,2138,0
3669,2137,0
3669,2137,0
3669,2137,0
3668,2138,0
3667,2139,0
3667,2139,1
3773,2000,0
3769,1997,0
3766,1996,0
3767,2001,0
3770,2018,0
3776,2045,0
3773,2077,0
3774,2110,0
3770,2142,0
3768,2178,0
3775,2217,0
3775,2244,0
3776,2260,0
3776,2268,0
3779,2269,0
3781,2268,0
3783,2265,0
3782,2259,0
3783,2246,0
3790,2223,0
3802,2193,0
3817,2160,0
3840,2135,0
3858,2117,0
3870,2106,0
3880,2106,0
3892,2110,0
3901,2118,0
3910,2133,0
3916,2152,0
3911,2173,0
3904,2197,0
3886,2215,0
3869,2230,0
3852,2247,0
3832,2260,0
3816,2268,0
3807,2273,0
3801,2274,0
3799,2270,0
3800,2263,1
3937,2213,1
3965,2207,0
3976,2198,0
3993,2188,0
4007,2174,0
4023,2159,0
4033,2144,0
4039,2128,0
4042,2116,0
4035,2105,0
4025,2098,0
4012,2096,0
3993,2103,0
3979,2117,0
3968,2140,0
3961,2165,0
3964,2188,0
3976,2205,0
3995,2220,0
4011,2225,0
4024,2221,1
4064,2212,0
4070,2212,0
4077,2207,0
4087,2200,0
4101,2186,0
4116,2171,0
4133,2151,0
4141,2132,0
4147,2116,0
4143,2107,0
4137,2101,0
4129,2099,0
4119,2100,0
4106,2104,0
4097,2120,0
4084,2140,0
4075,2162,0
4072,2186,0
4076,2208,0
4088,2226,0
4103,2234,0
4125,2237,0
4151,2234,0
4176,2224,0
4200,2210,0
4222,2190,0
4239,2166,0
4248,2135,0
4256,2106,0
4261,2075,0
4260,2046,0
4261,2021,0
4258,2002,0
4251,1989,0
4253,1988,0
4253,1988,0
4252,1987,0
4258,1994,0
4261,2012,0
4266,2043,0
4271,2081,0
4277,2118,0
4281,2150,0
4290,2181,0
4295,2205,0
4302,2222,0
4302,2229,0
4303,2227,0
4304,2219,1
4240,2147,0
4240,2147,0
4241,2147,0
4245,2147,0
4248,2142,0
4268,2141,0
4289,2137,0
4311,2132,0
4337,2127,1
4632,2111,0
4625,2109,0
4625,2109,0
4623,2111,0
4626,2113,0
4626,2115,0
4627,2121,0
4628,2135,0
4632,2153,0
4641,2171,0
4641,2186,0
4646,2203,0
4647,2215,0
4649,2221,0
4651,2224,0
4647,2224,0
4651,2224,0
4646,2218,0
4642,2207,0
4635,2190,0
4635,2173,0
4634,2157,0
4641,2145,0
4645,2137,0
4652,2135,0
4660,2135,0
4670,2133,0
4691,2136,0
4713,2138,0
4737,2137,0
4761,2133,0
4780,2123,0
4802,2116,0
4815,2108,0
4823,2101,0
4826,2096,0
4828,2093,0
4821,2089,0
4811,2089,0
4796,2094,0
4771,2106,0
4760,2128,0
4753,2156,0
4752,2184,0
4758,2206,0
4772,2222,0
4790,2229,0
4812,2233,0
4829,2227,1
4846,2092,0
4847,2091,0
4853,2087,0
4864,2082,0
4881,2075,0
4904,2065,0
4928,2052,0
4949,2038,0
4965,2024,0
4976,2008,0
4982,1995,0
4978,1985,0
4969,1977,0
4958,1972,0
4944,1973,0
4927,1981,0
4911,1997,0
4900,2019,0
4894,2049,0
4894,2086,0
4900,2125,0
4904,2164,0
4910,2203,0
4918,2239,0
4918,2271,0
4915,2294,0
4916,2309,0
4915,2311,0
4916,2310,0
4912,2300,0
4905,2279,0
4903,2251,0
4895,2222,0
4898,2199,0
4907,2183,0
4912,2174,0
4924,2168,0
4944,2163,0
4965,2159,0
4980,2154,0
5002,2146,0
5020,2138,0
5043,2128,0
5057,2116,0
5062,2107,0
5064,2104,0
5063,2105,0
5067,2107,0
5065,2108,0
5072,2115,0
5078,2128,0
5081,2142,0
5087,2164,0
5093,2188,0
5093,2205,0
5095,2212,0
5096,2211,1
5098,1964,0
5098,1964,0
5103,1964,0
5101,1966,0
5110,1978,1
5195,2117,0
5199,2119,0
5199,2119,0
5204,2125,0
5203,2136,0
5208,2154,0
5214,2171,0
5215,2185,0
5218,2198,0
5224,2204,0
5219,2203,0
5219,2203,0
5220,2203,0
5226,2190,0
5229,2175,0
5236,2152,0
5243,2129,0
5255,2109,0
5267,2096,0
5277,2094,0
5285,2094,0
5298,2104,0
5306,2117,0
5320,2134,0
5329,2152,0
5335,2166,0
5347,2179,0
5356,2188,0
5368,2190,0
5381,2190,0
5394,2181,0
5414,2167,0
5429,2145,0
5438,2123,0
5448,2102,0
5450,2087,0
5445,2079,0
5442,2077,0
5436,2078,0
5429,2085,0
5419,2099,0
5414,2118,0
5417,2143,0
5424,2165,0
5434,2181,0
5450,2194,0
5471,2198,0
5488,2198,0
5505,2190,0
5515,2178,0
5530,2162,0
5542,2145,0
5546,2127,0
5549,2111,0
5548,2102,0
5545,2100,0
5544,2104,0
5546,2107,0
5545,2119,0
5553,2142,0
5561,2163,0
5564,2177,0
5567,2189,0
5562,2198,0
5560,2203,0
5552,2201,0
5546,2196,0
5541,2188,0
5535,2174,0
5532,2159,0
5535,2143,0
5543,2134,0
5554,2130,0
5560,2125,0
5570,2123,0
5576,2118,0
5583,2113,0
5585,2108,0
5590,2105,0
5588,2102,0
5591,2104,0
5590,2106,0
5589,2109,0
5592,2122,0
5601,2142,0
5606,2160,0
5613,2173,0
5626,2184,0
5634,2188,0
5646,2188,0
5653,2184,0
5663,2179,0
5672,2167,0
5684,2153,0
5694,2137,0
5701,2122,0
5700,2113,0
5705,2113,0
5705,2113,0
5708,2115,0
5713,2125,0
5721,2147,0
5727,2174,0
5735,2205,0
5742,2239,0
5740,2270,0
5741,2299,0
5738,2326,0
5727,2349,0
5716,2369,0
5698,2381,0
5682,2385,0
5667,2381,0
5650,2371,0
5636,2352,0
5625,2330,0
5618,2308,1
5882,2165,0
5879,2163,0
5878,2164,0
5878,2165,0
5882,2167,0
5877,2168,0
5878,2175,0
5880,2191,0
5876,2211,0
5875,2235,0
5871,2261,0
5866,2285,0
5861,2306,0
5861,2325,0
5858,2341,0
5858,2352,0
5851,2358,1
6206,2041,0
6206,2039,0
6208,2033,0
6211,2026,0
6210,2017,0
6206,2016,0
6198,2013,0
6188,2010,0
6174,2010,0
6162,2010,0
6151,2017,0
6140,2022,0
6128,2033,0
6120,2041,0
6117,2049,0
6119,2056,0
6124,2063,0
6137,2075,0
6155,2086,0
6172,2098,0
6185,2107,0
6198,2118,0
6211,2129,0
6216,2140,0
6216,2149,0
6215,2162,0
6203,2171,0
6182,2181,0
6159,2187,0
6136,2190,0
6114,2190,0
6094,2187,0
6075,2181,0
6058,2169,0
6045,2157,0
6039,2140,0
6043,2121,1
6243,2043,0
6242,2044,0
6248,2041,0
6248,2043,0
6248,2041,0
6247,2046,0
6251,2058,0
6247,2077,0
6245,2094,0
6244,2111,0
6249,2131,0
6250,2149,0
6254,2163,0
6259,2170,0
6264,2170,0
6270,2165,0
6278,2154,0
6290,2135,0
6302,2113,0
6316,2089,0
6332,2067,0
6342,2051,0
6350,2043,0
6354,2043,0
6354,2041,0
6360,2050,0
6360,2063,0
6364,2085,0
6365,2105,0
6374,2126,0
6384,2144,0
6397,2157,0
6404,2161,1
6435,2016,0
6435,2017,0
6441,2012,0
6447,2008,0
6469,2002,0
6490,1992,0
6519,1979,0
6546,1964,0
6568,1948,0
6581,1932,0
6582,1918,0
6577,1906,0
6568,1894,0
6549,1889,0
6532,1889,0
6510,1891,0
6490,1903,0
6476,1921,0
6464,1944,0
6454,1973,0
6450,2007,0
6447,2043,0
6450,2081,0
6453,2121,0
6460,2159,0
6470,2190,0
6480,2211,0
6479,2222,0
6478,2225,1
6410,2123,0
6414,2123,0
6428,2118,0
6449,2107,0
6464,2101,0
6493,2092,0
6513,2084,0
6538,2074,0
6560,2060,1
6598,2034,0
6602,2035,0
6603,2033,0
6604,2029,0
6615,2022,0
6631,2012,0
6648,1997,0
6670,1983,0
6688,1968,0
6696,1952,0
6695,1942,0
6693,1934,0
6683,1927,0
6667,1927,0
6652,1932,0
6633,1942,0
6610,1959,0
6594,1982,0
6586,2009,0
6583,2040,0
6580,2074,0
6580,2111,0
6580,2147,0
6580,2182,0
6577,2213,0
6580,2240,0
6577,2258,0
6581,2271,0
6576,2272,1
6561,2243,0
6563,2225,0
6559,2204,0
6561,2186,0
6570,2174,0
6583,2162,0
6600,2149,0
6613,2135,0
6641,2118,0
6659,2102,0
6679,2083,0
6692,2068,0
6713,2054,0
6722,2039,0
6725,2032,0
6722,2030,0
6717,2031,0
6703,2036,0
6693,2052,0
6682,2072,0
6677,2100,0
6672,2126,0
6681,2150,0
6697,2164,0
6712,2169,0
6729,2166,0
6749,2161,0
6769,2152,0
6785,2142,0
6794,2129,0
6799,2113,0
6799,2099,0
6801,2095,0
6801,2095,0
6804,2097,0
6804,2099,0
6810,2107,0
6807,2114,0
6813,2124,0
6809,2132,0
6806,2142,0
6806,2144,0
6806,2142,0
6806,2140,0
6801,2133,0
6792,2121,0
6785,2106,0
6788,2096,0
6788,2085,0
6796,2072,0
6814,2058,0
6826,2045,0
6843,2034,0
6859,2023,0
6868,2018,0
6881,2017,1
6954,2014,0
6954,2012,0
6956,2008,0
6953,2005,0
6950,2000,0
6934,1997,0
6921,1999,0
6907,2002,0
6898,2007,0
6891,2015,0
6887,2026,0
6891,2038,0
6899,2052,0
6908,2064,0
6925,2075,0
6939,2085,0
6953,2096,0
6961,2109,0
6966,2119,0
6966,2131,0
6955,2139,0
6939,2147,0
6921,2153,0
6903,2154,0
6878,2154,1