Whereupon he climbs to the top of the
882
173,1570,1
171,1578,0
169,1582,0
170,1587,0
170,1587,0
170,1597,0
173,1608,0
175,1628,0
176,1652,0
179,1682,0
184,1717,0
188,1747,0
195,1779,0
205,1816,0
216,1839,0
224,1857,0
235,1862,0
236,1868,0
238,1865,0
240,1860,0
242,1844,0
246,1818,0
251,1790,0
257,1761,0
263,1737,0
266,1717,0
267,1713,0
268,1713,0
272,1720,0
282,1738,0
294,1762,0
308,1787,0
326,1804,0
342,1819,0
356,1831,0
366,1835,0
376,1835,0
382,1833,0
388,1822,0
396,1804,0
404,1777,0
407,1748,0
406,1721,0
400,1696,0
391,1679,0
383,1663,0
376,1651,0
370,1644,0
366,1637,1
471,1549,0
469,1544,0
469,1544,0
470,1544,0
470,1549,0
474,1568,0
480,1601,0
483,1637,0
487,1681,0
491,1725,0
494,1766,0
494,1799,0
511,1818,0
511,1826,0
516,1824,0
511,1826,0
522,1817,0
510,1797,0
514,1768,0
522,1737,0
533,1711,0
547,1682,0
562,1666,0
575,1658,0
586,1653,0
598,1661,0
608,1681,0
617,1709,0
626,1742,0
633,1768,0
639,1790,0
643,1800,0
646,1804,1
678,1768,0
679,1768,0
685,1769,0
692,1763,0
706,1758,0
721,1745,0
740,1728,0
757,1708,0
769,1681,0
779,1660,0
780,1638,0
776,1630,0
765,1619,0
752,1621,0
735,1625,0
716,1637,0
700,1657,0
688,1679,0
682,1707,0
684,1740,0
692,1771,0
708,1795,0
727,1803,0
750,1812,0
775,1813,0
799,1804,0
822,1788,0
843,1768,0
861,1746,0
872,1723,0
875,1704,0
875,1691,0
871,1678,0
865,1669,0
865,1674,0
865,1678,0
863,1678,0
868,1698,0
872,1723,0
877,1748,0
883,1769,0
887,1785,0
891,1795,0
892,1794,0
892,1794,0
890,1786,0
885,1773,0
873,1744,0
866,1726,0
863,1705,0
863,1689,0
866,1678,0
872,1675,0
883,1677,0
897,1674,0
918,1680,0
941,1682,0
967,1681,0
991,1674,0
1016,1668,0
1035,1656,0
1048,1645,0
1052,1628,0
1049,1616,0
1042,1604,0
1031,1597,0
1020,1596,0
1009,1599,0
1000,1611,0
990,1631,0
984,1666,0
980,1701,0
980,1738,0
986,1762,0
1002,1783,0
1024,1796,0
1044,1796,0
1062,1789,0
1080,1777,0
1096,1761,0
1110,1741,0
1119,1716,0
1122,1688,0
1129,1672,0
1131,1652,0
1134,1644,0
1136,1648,0
1136,1648,0
1137,1652,0
1136,1660,0
1139,1684,0
1146,1715,0
1151,1739,0
1158,1755,0
1170,1766,0
1179,1770,0
1187,1770,0
1195,1765,0
1204,1760,0
1208,1739,0
1213,1719,0
1219,1703,0
1222,1690,0
1222,1690,0
1220,1690,0
1225,1703,0
1231,1722,0
1241,1744,0
1254,1763,0
1271,1777,0
1285,1780,0
1300,1782,0
1311,1772,0
1324,1758,0
1336,1736,0
1346,1710,0
1352,1689,0
1353,1677,0
1356,1679,0
1355,1680,0
1358,1691,0
1364,1719,0
1374,1754,0
1384,1792,0
1389,1829,0
1399,1875,0
1403,1915,0
1406,1947,0
1409,1967,0
1409,1971,0
1409,1971,0
1409,1967,0
1409,1963,0
1403,1943,0
1390,1913,0
1376,1879,0
1366,1848,0
1361,1825,0
1358,1797,0
1360,1772,0
1368,1747,0
1375,1717,0
1390,1697,0
1405,1678,0
1421,1667,0
1440,1662,0
1458,1657,0
1479,1660,0
1495,1664,0
1505,1674,0
1508,1686,0
1504,1703,0
1495,1727,0
1479,1746,0
1460,1760,0
1442,1773,0
1421,1777,0
1411,1783,0
1404,1781,0
1400,1773,1
1618,1667,0
1624,1665,0
1623,1657,0
1619,1650,0
1616,1647,0
1612,1648,0
1605,1650,0
1594,1659,0
1581,1676,0
1567,1697,0
1561,1729,0
1553,1751,0
1556,1767,0
1568,1776,0
1583,1780,0
1601,1779,0
1616,1769,0
1631,1756,0
1643,1739,0
1648,1720,0
1647,1699,0
1640,1680,0
1628,1664,0
1613,1652,0
1599,1648,0
1588,1648,0
1590,1652,0
1589,1652,0
1596,1658,0
1605,1663,0
1623,1669,0
1638,1668,0
1661,1664,0
1679,1652,0
1696,1637,0
1714,1625,0
1720,1609,0
1722,1604,0
1725,1607,0
1725,1607,0
1726,1616,0
1728,1636,0
1732,1665,0
1731,1691,0
1727,1711,0
1725,1728,0
1725,1742,0
1723,1743,0
1723,1743,0
1722,1738,0
1727,1728,0
1732,1708,0
1742,1687,0
1758,1667,0
1774,1647,0
1797,1631,0
1820,1619,0
1843,1616,0
1857,1618,0
1868,1631,0
1872,1647,0
1877,1672,0
1879,1693,0
1886,1715,0
1890,1732,1
2157,1469,0
2156,1486,0
2162,1512,0
2167,1544,0
2175,1578,0
2176,1607,0
2178,1640,0
2182,1677,0
2182,1707,0
2186,1729,0
2186,1734,0
2190,1736,0
2190,1735,0
2193,1734,0
2193,1729,0
2190,1712,0
2196,1687,0
2207,1659,0
2219,1630,0
2233,1604,0
2246,1587,0
2254,1581,0
2263,1583,0
2267,1585,0
2280,1600,0
2285,1618,0
2298,1643,0
2307,1667,0
2315,1686,0
2330,1704,0
2339,1713,0
2355,1720,0
2372,1722,0
2389,1718,0
2404,1705,0
2423,1689,0
2445,1669,0
2460,1644,0
2469,1619,0
2476,1601,0
2476,1591,0
2476,1591,0
2475,1592,0
2469,1592,0
2463,1597,0
2448,1607,0
2435,1623,0
2420,1643,0
2420,1665,0
2425,1681,0
2438,1697,0
2461,1714,0
2490,1726,0
2515,1730,0
2547,1728,0
2576,1716,0
2603,1701,1
3001,1580,0
3001,1575,0
2999,1570,0
2999,1565,0
2989,1564,0
2977,1566,0
2959,1572,0
2938,1585,0
2918,1604,0
2904,1630,0
2888,1656,0
2881,1688,0
2881,1719,0
2893,1743,0
2907,1756,0
2933,1763,0
2960,1762,0
2984,1751,0
3008,1736,0
3030,1714,0
3048,1685,0
3059,1651,0
3069,1617,0
3071,1580,0
3070,1547,0
3071,1518,0
3076,1496,0
3073,1478,0
3076,1474,0
3076,1474,0
3074,1477,0
3076,1496,0
3083,1528,0
3085,1561,0
3089,1596,0
3095,1630,0
3107,1667,0
3115,1696,0
3123,1719,0
3139,1737,0
3148,1744,1
3230,1653,0
3230,1653,0
3230,1653,0
3230,1653,0
3233,1657,0
3240,1667,0
3248,1683,0
3257,1698,0
3267,1713,0
3269,1723,0
3271,1735,0
3269,1744,0
3269,1750,1
3193,1506,0
3194,1505,0
3195,1503,0
3195,1503,0
3197,1508,1
3315,1656,0
3315,1656,0
3315,1656,0
3315,1657,0
3320,1664,0
3320,1677,0
3322,1696,0
3328,1716,0
3331,1732,0
3329,1742,0
3334,1749,0
3334,1749,0
3334,1748,0
3337,1746,0
3333,1737,0
3334,1720,0
3335,1698,0
3340,1677,0
3343,1657,0
3353,1643,0
3362,1635,0
3375,1637,0
3385,1643,0
3397,1655,0
3407,1670,0
3418,1689,0
3431,1707,0
3440,1721,0
3445,1727,0
3450,1729,0
3450,1727,0
3452,1723,0
3452,1710,0
3456,1690,0
3460,1668,0
3470,1652,0
3477,1640,0
3482,1640,0
3489,1644,0
3504,1657,0
3520,1678,0
3539,1700,0
3554,1714,0
3568,1720,0
3580,1718,1
3628,1487,0
3628,1487,0
3631,1489,0
3633,1495,0
3634,1510,0
3638,1537,0
3643,1570,0
3647,1604,0
3655,1631,0
3662,1651,0
3670,1668,0
3673,1679,0
3682,1687,0
3682,1688,0
3682,1687,0
3683,1685,0
3682,1679,0
3688,1670,0
3696,1655,0
3710,1640,0
3722,1625,0
3737,1616,0
3743,1611,0
3752,1611,0
3756,1614,0
3761,1619,0
3766,1629,0
3761,1645,0
3752,1663,0
3741,1681,0
3724,1695,0
3703,1708,0
3684,1717,0
3667,1720,0
3657,1722,0
3649,1720,0
3645,1717,1
3952,1581,0
3959,1577,0
3958,1570,0
3959,1567,0
3952,1563,0
3937,1558,0
3919,1559,0
3907,1564,0
3882,1569,0
3872,1580,0
3863,1590,0
3858,1600,0
3861,1611,0
3868,1624,0
3880,1637,0
3894,1652,0
3914,1666,0
3935,1678,0
3952,1689,0
3959,1700,0
3962,1711,0
3959,1725,0
3948,1737,0
3935,1744,0
3924,1748,0
3914,1749,0
3901,1747,0
3881,1743,0
3860,1738,1
4191,1453,0
4190,1454,0
4186,1454,0
4188,1467,0
4192,1491,0
4188,1521,0
4190,1554,0
4186,1584,0
4188,1617,0
4192,1647,0
4197,1673,0
4198,1699,0
4203,1725,0
4205,1747,0
4206,1761,0
4205,1763,0
4200,1756,1
4099,1655,0
4096,1652,0
4096,1651,0
4102,1649,0
4114,1643,0
4130,1637,0
4153,1635,0
4181,1631,0
4207,1623,0
4237,1618,0
4253,1610,0
4268,1607,0
4272,1607,0
4272,1608,0
4268,1614,0
4267,1627,0
4270,1649,0
4270,1676,0
4275,1704,0
4278,1727,0
4285,1738,0
4297,1742,0
4315,1742,0
4327,1735,0
4345,1725,0
4360,1712,0
4369,1692,0
4378,1673,0
4373,1655,0
4359,1637,0
4347,1626,0
4331,1622,0
4308,1626,0
4285,1636,0
4278,1653,0
4270,1668,0
4279,1686,1
4665,1492,0
4663,1497,0
4664,1505,0
4673,1528,0
4676,1561,0
4684,1597,0
4687,1634,0
4694,1668,0
4705,1705,0
4705,1737,0
4706,1763,0
4707,1780,0
4705,1784,1
4637,1660,0
4657,1674,0
4683,1684,0
4707,1691,0
4733,1690,0
4750,1681,0
4764,1667,0
4777,1646,0
4788,1618,0
4795,1588,0
4794,1557,0
4794,1532,0
4788,1515,0
4785,1510,0
4786,1511,0
4787,1520,0
4791,1543,0
4791,1578,0
4791,1621,0
4790,1665,0
4791,1707,0
4798,1742,0
4803,1761,0
4809,1766,0
4814,1766,0
4821,1759,0
4828,1744,0
4841,1720,0
4857,1693,0
4871,1667,0
4887,1649,0
4902,1644,0
4909,1648,0
4922,1661,0
4930,1684,0
4944,1714,0
4956,1737,0
4968,1751,0
4977,1758,0
4994,1760,0
5009,1755,0
5027,1742,0
5053,1720,0
5072,1693,0
5082,1666,0
5077,1645,0
5067,1635,0
5051,1635,0
5043,1645,0
5028,1662,0
5026,1689,0
5028,1715,0
5040,1742,0
5057,1763,0
5078,1776,0
5110,1782,0
5142,1775,1
5448,1495,0
5449,1504,0
5453,1519,0
5457,1547,0
5462,1585,0
5466,1623,0
5471,1659,0
5475,1694,0
5478,1724,0
5478,1748,0
5477,1761,0
5472,1763,0
5467,1754,1
5377,1637,0
5376,1636,0
5377,1635,0
5385,1637,0
5401,1640,0
5427,1640,0
5453,1637,0
5484,1633,0
5516,1625,0
5544,1617,0
5559,1611,0
5571,1611,0
5571,1611,0
5565,1619,0
5563,1638,0
5555,1661,0
5553,1691,0
5556,1718,0
5559,1737,0
5567,1748,0
5583,1751,0
5605,1749,0
5629,1741,0
5642,1727,0
5652,1711,0
5653,1695,0
5646,1677,0
5639,1661,0
5622,1648,0
5604,1639,0
5593,1636,0
5592,1637,0
5592,1637,0
5596,1637,0
5601,1635,0
5614,1633,0
5633,1627,0
5653,1619,0
5669,1605,0
5685,1594,0
5697,1586,0
5697,1584,0
5701,1585,0
5703,1592,0
5709,1611,0
5713,1642,0
5713,1678,0
5719,1712,0
5724,1746,0
5721,1779,0
5716,1809,0
5715,1833,0
5716,1852,0
5717,1862,0
5717,1862,0
5718,1860,0
5714,1847,0
5706,1824,0
5699,1796,0
5684,1766,0
5670,1733,0
5658,1703,0
5654,1681,0
5656,1659,0
5663,1641,0
5675,1626,0
5692,1611,0
5713,1599,0
5742,1589,0
5768,1582,0
5802,1582,0
5825,1587,0
5839,1599,0
5846,1618,0
5844,1638,0
5832,1661,0
5814,1679,0
5794,1689,0
5770,1696,0
5744,1700,0
5720,1696,0
5709,1691,0
5704,1681,0
5700,1667,1
6155,1589,1
6111,1609,0
6101,1628,0
6097,1656,0
6097,1684,0
6095,1705,0
6107,1718,0
6123,1722,0
6139,1725,0
6154,1717,0
6178,1708,0
6195,1693,0
6203,1679,0
6208,1662,0
6201,1643,0
6187,1620,0
6172,1599,0
6151,1584,0
6145,1578,0
6137,1575,0
6136,1578,0
6137,1575,0
6145,1574,0
6160,1570,0
6182,1563,0
6206,1552,0
6239,1537,0
6264,1520,0
6293,1503,0
6314,1483,0
6323,1466,0
6326,1451,0
6325,1440,0
6316,1429,0
6308,1424,0
6297,1420,0
6297,1423,0
6299,1430,0
6293,1450,0
6295,1479,0
6295,1512,0
6297,1551,0
6297,1597,0
6295,1648,0
6293,1700,0
6292,1746,0
6292,1784,0
6297,1809,0
6302,1821,0
6305,1823,0
6309,1823,0
6308,1814,0
6302,1795,0
6294,1766,0
6287,1734,0
6285,1699,0
6288,1670,0
6297,1654,0
6316,1651,0
6331,1653,0
6338,1657,1
6586,1450,0
6582,1464,0
6585,1486,0
6587,1514,0
6587,1546,0
6594,1586,0
6599,1631,0
6602,1677,0
6608,1718,1
6554,1612,0
6582,1614,0
6599,1611,0
6618,1607,0
6640,1597,1
6689,1535,0
6695,1508,0
6698,1484,0
6697,1469,0
6697,1467,0
6697,1468,0
6695,1474,0
6691,1493,0
6688,1522,0
6692,1559,0
6694,1599,0
6695,1640,0
6694,1674,0
6695,1705,0
6694,1722,0
6692,1730,0
6693,1728,0
6694,1721,0
6704,1703,0
6711,1674,0
6724,1640,0
6741,1609,0
6751,1585,0
6769,1580,0
6778,1575,0
6784,1583,0
6797,1602,0
6802,1627,0
6812,1651,0
6819,1674,0
6831,1692,0
6848,1703,0
6864,1707,0
6882,1701,0
6903,1685,0
6930,1662,0
6949,1634,0
6960,1607,0
6961,1584,0
6953,1567,0
6939,1557,0
6922,1559,0
6908,1563,0
6906,1574,0
6906,1591,0
6912,1616,0
6921,1647,0
6928,1669,0
6939,1686,0
6954,1696,0
6973,1701,0
6994,1700,1