able to express this
450
1103,4068,0
1088,4068,0
1070,4076,0
1047,4092,0
1023,4112,0
998,4152,0
979,4191,0
968,4239,0
967,4271,0
973,4295,0
986,4303,0
1005,4304,0
1024,4300,0
1042,4285,0
1060,4264,0
1076,4233,0
1088,4200,0
1100,4181,0
1104,4157,0
1105,4140,0
1103,4136,0
1101,4133,0
1101,4133,0
1101,4133,0
1102,4132,0
1103,4136,0
1112,4156,0
1124,4184,0
1139,4220,0
1151,4248,0
1164,4276,0
1172,4296,0
1178,4307,0
1183,4311,0
1187,4311,0
1188,4303,0
1189,4275,1
1185,3927,0
1185,3927,0
1191,3942,0
1204,3978,0
1217,4034,0
1228,4086,0
1237,4133,0
1242,4169,0
1246,4197,0
1249,4205,0
1251,4200,0
1259,4197,0
1271,4176,0
1292,4155,0
1320,4141,0
1353,4140,0
1387,4145,0
1419,4162,0
1444,4184,0
1458,4211,0
1458,4231,0
1449,4251,0
1431,4273,0
1409,4291,0
1381,4298,0
1353,4299,0
1326,4297,0
1304,4295,0
1284,4283,0
1266,4268,0
1257,4253,0
1257,4232,0
1271,4212,1
1478,3911,0
1481,3943,0
1491,3995,0
1500,4058,0
1506,4114,0
1515,4164,0
1529,4220,0
1549,4266,0
1573,4299,0
1596,4316,0
1619,4321,0
1645,4322,0
1672,4310,0
1692,4295,0
1708,4269,0
1720,4239,0
1727,4205,0
1729,4181,0
1722,4157,0
1713,4147,0
1698,4140,0
1679,4140,0
1662,4150,0
1648,4169,0
1642,4201,0
1646,4234,0
1668,4267,0
1705,4293,0
1754,4314,0
1804,4326,0
1855,4333,0
1904,4319,0
1952,4309,1
2430,3954,0
2429,3951,0
2430,3950,0
2432,3954,0
2432,3959,0
2435,3979,0
2437,4003,0
2444,4044,0
2449,4084,0
2453,4125,0
2458,4166,0
2464,4210,0
2466,4247,0
2474,4295,0
2479,4331,0
2482,4356,0
2487,4375,0
2492,4391,0
2495,4394,0
2494,4390,0
2495,4390,1
2381,4187,0
2381,4187,0
2384,4182,0
2400,4181,0
2428,4180,0
2466,4184,0
2502,4184,0
2538,4193,0
2570,4198,0
2596,4200,0
2615,4203,0
2625,4198,0
2639,4202,1
2856,4220,0
2851,4222,0
2834,4217,0
2815,4215,0
2791,4213,0
2765,4220,0
2729,4226,0
2702,4250,0
2671,4263,0
2656,4285,0
2647,4297,0
2651,4312,0
2665,4319,0
2694,4334,0
2725,4340,0
2761,4348,0
2793,4347,0
2826,4346,0
2858,4341,0
2883,4326,0
2901,4309,0
2918,4298,0
2925,4281,0
2928,4271,0
2926,4263,0
2921,4257,0
2911,4253,0
2898,4250,0
2881,4249,0
2860,4249,0
2835,4246,0
2822,4257,1
2806,4268,1
3300,4238,0
3302,4242,0
3310,4247,0
3326,4256,0
3346,4259,0
3365,4257,0
3383,4247,0
3404,4240,0
3421,4225,0
3436,4217,0
3440,4205,0
3438,4193,0
3428,4179,0
3414,4174,0
3387,4171,0
3356,4180,0
3321,4195,0
3298,4217,0
3281,4239,0
3272,4258,0
3275,4275,0
3291,4289,0
3323,4307,0
3363,4319,0
3404,4322,0
3443,4323,0
3481,4325,0
3512,4325,0
3536,4321,1
3553,4165,0
3554,4164,0
3555,4164,0
3561,4170,0
3572,4181,0
3593,4201,0
3623,4225,0
3653,4249,0
3691,4278,0
3715,4295,0
3737,4309,0
3751,4319,0
3762,4322,1
3787,4172,0
3783,4169,0
3776,4174,0
3756,4182,0
3729,4196,0
3700,4219,0
3668,4249,0
3635,4274,0
3607,4301,0
3587,4318,0
3576,4328,0
3574,4331,0
3580,4331,1
3847,4261,0
3857,4274,0
3866,4292,0
3868,4319,0
3871,4350,0
3870,4379,0
3867,4401,0
3867,4415,0
3863,4413,0
3865,4413,0
3865,4403,0
3860,4377,0
3859,4340,0
3862,4304,0
3868,4271,0
3877,4236,0
3889,4203,0
3909,4184,0
3927,4172,0
3942,4165,0
3962,4171,0
3984,4185,0
3999,4198,0
4005,4213,0
4004,4229,0
3993,4237,0
3976,4244,0
3961,4251,0
3937,4247,0
3917,4246,0
3896,4242,0
3881,4237,0
3875,4232,1
4104,4240,0
4107,4263,0
4109,4286,0
4114,4303,0
4115,4311,0
4118,4310,0
4116,4306,0
4118,4300,0
4117,4281,0
4110,4256,0
4108,4232,0
4104,4210,0
4104,4196,0
4105,4190,0
4110,4191,0
4114,4188,0
4130,4191,0
4156,4201,0
4184,4215,0
4212,4225,0
4236,4236,0
4258,4239,0
4280,4242,0
4298,4243,0
4309,4239,1
4372,4255,0
4378,4256,0
4387,4258,0
4399,4259,0
4410,4251,0
4423,4245,0
4434,4236,0
4444,4229,0
4446,4221,0
4444,4217,0
4433,4211,0
4413,4207,0
4383,4210,0
4352,4220,0
4326,4236,0
4307,4251,0
4302,4270,0
4303,4285,0
4319,4302,0
4351,4319,0
4386,4326,0
4426,4330,0
4461,4328,0
4492,4324,0
4516,4314,1
4692,4200,0
4685,4200,0
4671,4197,0
4652,4197,0
4635,4201,0
4607,4205,0
4584,4215,0
4567,4229,0
4553,4241,0
4547,4246,0
4555,4254,0
4578,4267,0
4613,4279,0
4645,4293,0
4662,4295,0
4676,4303,0
4678,4307,0
4673,4307,0
4659,4314,0
4631,4316,0
4597,4319,0
4570,4320,0
4559,4320,0
4555,4319,0
4566,4314,1
4850,4173,0
4845,4173,0
4830,4170,0
4824,4176,0
4817,4182,0
4807,4186,0
4805,4198,0
4801,4208,0
4807,4230,0
4815,4249,0
4826,4266,0
4840,4292,0
4838,4304,0
4838,4321,0
4830,4333,0
4819,4343,0
4802,4347,0
4782,4349,0
4755,4346,0
4734,4343,0
4719,4340,1
5197,3965,0
5195,3962,0
5198,3964,0
5197,3965,0
5204,3981,0
5210,4004,0
5219,4034,0
5226,4069,0
5229,4106,0
5233,4153,0
5236,4197,0
5240,4238,0
5250,4275,0
5259,4311,0
5262,4337,0
5268,4359,0
5270,4368,0
5272,4367,0
5273,4360,0
5265,4345,1
5191,4244,0
5192,4243,0
5194,4241,0
5206,4240,0
5233,4239,0
5264,4237,0
5286,4232,0
5309,4225,0
5324,4215,1
5394,4010,0
5391,4007,0
5393,4010,0
5395,4027,0
5405,4063,0
5417,4109,0
5424,4155,0
5432,4199,0
5441,4237,0
5446,4268,0
5449,4281,0
5450,4280,0
5451,4279,0
5457,4268,0
5462,4250,0
5465,4229,0
5474,4214,0
5493,4205,0
5509,4198,0
5526,4204,0
5541,4212,0
5556,4237,0
5571,4266,0
5582,4297,0
5588,4319,0
5587,4327,0
5593,4332,0
5588,4321,0
5588,4302,1
5661,4263,0
5670,4270,0
5687,4293,0
5692,4313,0
5697,4338,0
5699,4357,0
5700,4364,0
5701,4369,1
5656,4080,0
5653,4077,0
5653,4077,0
5653,4077,0
5658,4083,0
5665,4094,0
5672,4111,0
5684,4128,0
5693,4142,1
5917,4225,0
5919,4222,0
5918,4222,0
5909,4222,0
5887,4222,0
5857,4227,0
5834,4236,0
5814,4247,0
5805,4258,0
5805,4263,0
5818,4278,0
5849,4297,0
5887,4321,0
5920,4343,0
5941,4362,0
5952,4381,0
5949,4389,0
5945,4400,0
5923,4406,0
5897,4418,0
5858,4421,1