anatomically, and with lean stumpy
732
557,4324,0
544,4322,0
528,4320,0
510,4333,0
494,4356,0
481,4374,0
475,4410,0
475,4425,0
482,4447,0
495,4461,0
511,4463,0
527,4465,0
542,4454,0
554,4436,0
564,4413,0
572,4386,0
576,4358,0
578,4346,0
577,4343,0
577,4343,0
579,4355,0
585,4376,0
593,4405,0
603,4426,0
617,4447,0
630,4456,0
644,4463,0
654,4455,0
665,4444,0
675,4425,0
690,4398,0
705,4367,0
721,4349,0
733,4338,0
742,4339,0
752,4348,0
765,4365,0
774,4386,0
781,4410,0
791,4435,0
798,4431,0
804,4439,0
808,4440,0
813,4424,0
820,4396,0
836,4369,0
850,4338,0
864,4319,0
880,4311,0
895,4313,0
913,4316,0
929,4330,0
945,4350,0
959,4371,0
974,4391,0
987,4403,0
996,4403,1
1131,4340,0
1128,4336,0
1124,4324,0
1122,4320,0
1118,4321,1
1100,4320,0
1088,4328,0
1077,4336,0
1066,4357,0
1059,4369,0
1056,4392,0
1060,4408,0
1068,4428,0
1081,4440,0
1093,4436,0
1108,4432,0
1121,4424,0
1132,4404,0
1142,4380,0
1150,4360,0
1154,4348,0
1155,4344,0
1155,4344,0
1158,4352,0
1163,4360,0
1170,4383,0
1178,4403,0
1188,4423,0
1200,4442,0
1211,4447,0
1222,4450,0
1230,4438,0
1237,4413,1
1252,4173,0
1249,4169,0
1250,4173,0
1252,4184,0
1257,4213,0
1262,4249,0
1268,4288,0
1274,4324,0
1281,4364,0
1289,4391,0
1298,4415,0
1305,4430,0
1313,4434,1
1201,4302,0
1204,4303,0
1218,4298,0
1242,4293,0
1273,4292,1
1416,4399,0
1417,4386,0
1421,4367,0
1433,4350,0
1448,4340,0
1466,4331,0
1485,4324,0
1505,4331,0
1520,4341,0
1529,4356,0
1536,4379,0
1535,4400,0
1530,4425,0
1518,4438,0
1503,4456,0
1486,4465,0
1468,4463,0
1452,4456,0
1438,4442,0
1429,4427,0
1426,4410,1
1583,4379,0
1585,4398,0
1584,4410,0
1586,4422,0
1590,4426,0
1588,4422,0
1589,4418,0
1590,4402,0
1590,4377,0
1594,4357,0
1600,4336,0
1607,4323,0
1611,4319,0
1614,4319,0
1617,4322,0
1621,4333,0
1626,4348,0
1632,4368,0
1635,4380,0
1638,4387,0
1640,4388,0
1641,4387,0
1642,4379,0
1646,4367,0
1650,4346,0
1655,4328,0
1660,4320,0
1664,4315,0
1667,4319,0
1670,4319,0
1678,4333,0
1685,4349,0
1694,4364,0
1702,4379,0
1710,4390,0
1720,4396,0
1725,4396,1
1757,4309,0
1755,4310,0
1756,4317,0
1761,4333,0
1766,4348,0
1775,4367,0
1783,4386,0
1792,4401,0
1797,4408,1
1774,4246,0
1773,4246,0
1773,4246,0
1776,4249,0
1780,4257,1
1891,4350,0
1877,4365,0
1869,4387,0
1868,4408,0
1873,4427,0
1885,4442,0
1904,4454,0
1930,4461,0
1959,4468,1
2166,4325,1
2110,4331,0
2099,4350,0
2091,4373,0
2089,4397,0
2092,4422,0
2096,4441,0
2104,4456,0
2113,4462,0
2125,4463,0
2137,4456,0
2149,4444,0
2162,4421,0
2174,4401,0
2180,4379,0
2185,4369,0
2186,4361,0
2185,4357,0
2186,4361,0
2190,4372,0
2197,4391,0
2205,4410,0
2219,4427,0
2236,4438,0
2253,4442,1
2277,4348,0
2286,4379,0
2300,4408,0
2313,4430,0
2329,4450,0
2344,4462,0
2356,4463,1
2418,4389,0
2417,4385,0
2420,4376,0
2430,4365,0
2438,4345,0
2446,4326,0
2450,4295,0
2449,4270,0
2444,4242,0
2437,4227,0
2429,4217,0
2418,4213,0
2409,4220,0
2399,4236,0
2393,4263,0
2390,4293,0
2393,4326,0
2397,4362,0
2405,4394,0
2417,4423,0
2432,4451,0
2446,4468,0
2466,4478,0
2479,4487,0
2495,4478,1
2526,4375,0
2524,4388,0
2524,4409,0
2525,4430,0
2531,4449,0
2538,4468,0
2548,4464,0
2560,4468,0
2568,4457,0
2579,4441,0
2581,4414,0
2587,4387,0
2591,4365,0
2594,4350,0
2596,4342,0
2596,4341,0
2603,4343,0
2613,4357,0
2628,4380,0
2642,4414,0
2663,4444,0
2677,4491,0
2697,4530,0
2700,4572,0
2697,4594,0
2683,4620,0
2666,4631,0
2651,4636,0
2637,4637,0
2624,4629,0
2618,4618,0
2608,4613,0
2603,4589,1
2871,4466,0
2869,4471,0
2869,4485,0
2864,4503,0
2865,4525,1
3206,4360,0
3194,4353,0
3180,4346,0
3163,4345,0
3150,4348,0
3137,4359,0
3128,4377,0
3120,4403,0
3118,4430,0
3122,4447,0
3134,4458,0
3149,4468,0
3164,4466,0
3181,4458,0
3194,4446,0
3202,4425,0
3211,4402,0
3216,4381,0
3218,4367,0
3221,4370,0
3220,4367,0
3223,4378,0
3223,4396,0
3223,4414,0
3232,4437,0
3239,4447,0
3252,4454,0
3257,4451,0
3266,4447,0
3271,4430,0
3280,4413,0
3290,4384,0
3302,4360,0
3312,4345,0
3316,4338,0
3324,4343,0
3328,4350,0
3337,4368,0
3344,4387,0
3357,4408,0
3368,4420,0
3375,4421,0
3385,4420,0
3394,4410,0
3404,4396,0
3411,4374,0
3423,4353,0
3436,4341,0
3451,4338,0
3465,4334,0
3483,4343,0
3500,4355,0
3520,4377,0
3533,4391,0
3546,4407,0
3566,4420,0
3577,4417,1
3684,4343,0
3682,4335,0
3677,4324,0
3669,4315,0
3651,4302,0
3636,4297,0
3624,4301,0
3610,4304,0
3602,4318,0
3595,4332,0
3595,4355,0
3596,4378,0
3604,4396,0
3616,4408,0
3629,4414,0
3643,4410,0
3654,4399,0
3668,4381,0
3674,4350,0
3679,4314,0
3678,4270,0
3676,4234,0
3668,4201,0
3663,4176,0
3655,4157,0
3653,4150,0
3655,4153,0
3656,4157,0
3660,4178,0
3667,4206,0
3676,4244,0
3684,4282,0
3694,4318,0
3707,4352,0
3720,4377,0
3735,4400,0
3752,4409,1
3983,4317,0
3987,4345,0
3993,4374,0
4000,4403,0
4010,4421,0
4026,4435,0
4046,4440,0
4061,4435,0
4078,4422,0
4093,4401,0
4107,4377,0
4120,4353,0
4126,4328,0
4129,4311,0
4128,4297,0
4127,4288,0
4120,4278,1
4119,4398,0
4137,4410,0
4154,4413,0
4175,4417,0
4195,4407,0
4207,4394,0
4218,4375,0
4230,4356,0
4236,4332,0
4242,4312,0
4244,4296,0
4242,4282,0
4244,4280,1
4345,4333,0
4347,4343,0
4349,4356,0
4352,4373,0
4358,4389,1
4354,4261,1
4413,4124,0
4413,4123,0
4415,4127,0
4415,4137,0
4425,4165,0
4422,4194,0
4426,4238,0
4430,4280,0
4437,4322,0
4444,4357,0
4450,4388,0
4460,4410,0
4471,4428,0
4477,4433,0
4478,4432,0
4481,4425,0
4478,4406,1
4427,4293,0
4425,4290,0
4429,4292,0
4436,4292,0
4448,4292,0
4456,4280,0
4463,4268,0
4471,4252,0
4475,4229,0
4473,4203,0
4479,4184,0
4478,4168,0
4480,4167,0
4481,4166,0
4485,4178,0
4491,4204,0
4500,4239,0
4504,4278,0
4514,4321,0
4526,4357,0
4538,4389,0
4550,4410,0
4555,4415,0
4562,4415,0
4568,4406,0
4574,4379,0
4586,4354,0
4603,4336,0
4615,4325,0
4634,4324,0
4656,4326,0
4681,4347,0
4701,4372,0
4724,4400,0
4746,4428,0
4769,4445,0
4796,4454,1
5127,4363,0
5137,4347,0
5142,4320,0
5145,4295,0
5144,4268,0
5142,4248,0
5132,4229,0
5123,4221,0
5105,4216,0
5092,4224,0
5081,4239,0
5072,4265,0
5067,4293,0
5068,4324,0
5076,4355,0
5093,4384,0
5111,4406,0
5130,4420,0
5149,4430,0
5166,4435,0
5180,4434,1
5206,4386,0
5195,4403,0
5193,4421,0
5197,4435,0
5204,4444,0
5224,4453,0
5245,4454,0
5271,4451,0
5301,4445,1
5444,4350,0
5437,4345,0
5427,4344,0
5414,4347,0
5399,4351,0
5388,4362,0
5381,4374,0
5380,4392,0
5379,4412,0
5381,4427,0
5391,4439,0
5404,4449,0
5416,4449,0
5423,4442,0
5433,4430,0
5441,4416,0
5458,4405,0
5462,4384,0
5462,4366,0
5463,4359,0
5466,4362,0
5463,4359,0
5464,4364,0
5467,4377,0
5472,4396,0
5484,4419,0
5485,4429,0
5496,4440,0
5508,4446,0
5519,4446,0
5532,4443,0
5540,4435,0
5554,4421,0
5564,4403,0
5571,4385,0
5577,4367,0
5578,4354,0
5580,4347,0
5580,4347,0
5582,4350,0
5588,4361,0
5600,4384,0
5612,4406,0
5624,4422,0
5638,4430,0
5651,4434,0
5668,4427,0
5685,4415,0
5702,4396,0
5726,4376,0
5745,4356,0
5759,4345,0
5774,4346,0
5789,4354,0
5804,4367,0
5819,4386,0
5841,4410,0
5857,4427,0
5877,4442,0
5899,4453,0
5916,4457,1
6168,4316,0
6158,4316,0
6149,4321,0
6137,4328,0
6131,4341,0
6126,4353,0
6127,4365,0
6138,4377,0
6150,4388,0
6173,4397,0
6200,4403,0
6225,4410,0
6247,4422,0
6264,4439,0
6267,4454,0
6269,4476,0
6252,4491,0
6239,4507,0
6219,4517,0
6203,4517,0
6191,4514,1
6243,4177,0
6242,4178,0
6243,4183,0
6246,4198,0
6247,4222,0
6250,4252,0
6254,4285,0
6252,4314,0
6256,4346,0
6263,4377,0
6268,4403,0
6274,4426,0
6282,4442,0
6293,4454,0
6299,4459,0
6307,4461,0
6312,4456,1
6233,4350,0
6238,4350,0
6237,4344,0
6250,4341,0
6267,4340,1
6329,4366,0
6334,4377,0
6335,4389,0
6338,4404,0
6345,4422,0
6347,4432,0
6355,4442,0
6365,4447,0
6372,4445,0
6383,4439,0
6392,4427,0
6401,4410,0
6406,4390,0
6412,4369,0
6413,4350,0
6416,4338,0
6416,4332,0
6416,4332,0
6418,4336,0
6416,4340,0
6418,4361,0
6421,4384,0
6421,4403,0
6427,4422,0
6435,4438,0
6448,4453,0
6454,4459,0
6466,4463,0
6476,4463,1
6505,4355,0
6505,4361,0
6505,4374,0
6512,4397,0
6514,4414,0
6522,4437,0
6525,4452,0
6525,4458,0
6525,4458,0
6529,4454,0
6533,4442,0
6534,4420,0
6543,4396,1
6551,4348,0
6553,4338,0
6560,4336,0
6560,4335,0
6565,4342,0
6574,4362,0
6577,4385,0
6585,4408,0
6587,4424,0
6595,4433,0
6603,4437,0
6601,4433,0
6606,4420,0
6611,4400,0
6615,4375,0
6623,4358,0
6625,4343,0
6626,4340,0
6626,4341,0
6627,4346,0
6634,4363,0
6639,4384,0
6644,4403,0
6657,4425,0
6663,4437,0
6676,4447,0
6681,4440,1
6722,4332,0
6722,4346,0
6724,4371,0
6727,4406,0
6732,4446,0
6740,4489,0
6749,4537,0
6747,4577,0
6755,4606,0
6759,4627,0
6764,4633,0
6765,4632,0
6765,4625,0
6770,4601,0
6767,4565,0
6767,4526,0
6762,4485,1
6758,4411,0
6756,4381,0
6756,4354,0
6763,4331,0
6779,4316,0
6791,4312,0
6806,4318,0
6816,4332,0
6825,4348,0
6831,4367,0
6831,4387,0
6819,4403,0
6800,4415,0
6790,4422,0
6783,4425,0
6780,4422,1
6876,4284,0
6876,4291,0
6868,4302,0
6868,4323,0
6867,4343,0
6875,4367,0
6882,4391,0
6891,4393,0
6898,4390,0
6906,4378,0
6922,4343,0
6926,4323,0
6934,4305,0
6938,4314,0
6948,4328,0
6954,4353,0
6954,4389,0
6964,4429,0
6973,4477,0
6971,4527,0
6971,4581,0
6956,4647,0
6945,4661,0
6933,4671,0
6928,4670,0
6922,4665,0
6912,4652,0
6898,4631,1