tough masculinity, continues.
785
933,3025,0
933,3021,0
931,3017,0
931,3021,0
933,3037,0
936,3069,0
937,3117,0
939,3169,0
940,3233,0
938,3310,0
933,3389,0
933,3474,0
926,3549,0
917,3617,0
907,3669,0
896,3704,0
885,3719,0
873,3723,0
861,3718,0
850,3705,0
841,3680,0
834,3652,0
830,3619,0
831,3591,0
838,3568,0
849,3549,0
866,3530,0
890,3515,0
916,3496,0
947,3482,0
982,3471,0
1019,3460,0
1054,3445,0
1084,3433,0
1109,3424,0
1127,3416,0
1134,3412,0
1134,3412,0
1131,3412,0
1127,3416,0
1110,3421,0
1091,3433,0
1074,3452,0
1059,3477,0
1048,3508,0
1043,3540,0
1047,3580,0
1057,3617,0
1073,3641,0
1090,3653,0
1107,3657,0
1126,3644,0
1143,3620,0
1154,3592,0
1157,3559,0
1154,3520,0
1150,3491,0
1146,3468,0
1146,3456,0
1146,3455,0
1149,3455,0
1157,3448,0
1165,3443,0
1179,3439,0
1196,3435,0
1211,3422,0
1222,3418,0
1228,3417,0
1230,3421,0
1228,3426,0
1221,3445,0
1216,3478,0
1212,3522,0
1213,3566,0
1220,3609,0
1230,3641,0
1243,3657,0
1259,3664,0
1276,3659,0
1298,3641,0
1323,3608,0
1342,3566,0
1356,3530,0
1364,3492,0
1368,3465,0
1371,3460,0
1371,3460,0
1371,3464,0
1374,3488,0
1381,3523,0
1391,3559,0
1409,3601,0
1430,3627,0
1455,3648,0
1483,3653,0
1513,3654,0
1542,3638,0
1568,3610,0
1583,3576,0
1587,3542,0
1582,3510,0
1570,3489,0
1553,3474,0
1534,3469,0
1517,3479,0
1505,3498,0
1499,3518,0
1502,3547,0
1513,3573,0
1528,3595,0
1544,3605,0
1558,3607,0
1573,3597,0
1583,3580,0
1589,3559,0
1590,3534,0
1585,3510,0
1582,3507,0
1581,3511,0
1581,3520,0
1581,3555,0
1585,3604,0
1590,3667,0
1600,3742,0
1608,3835,0
1609,3931,0
1608,4029,0
1595,4111,0
1578,4174,0
1559,4216,0
1542,4234,0
1526,4232,0
1512,4221,0
1504,4191,0
1505,4134,0
1519,4064,0
1540,3985,0
1564,3901,0
1591,3812,0
1619,3720,0
1647,3626,0
1668,3542,0
1685,3465,0
1701,3397,0
1713,3346,0
1717,3305,0
1717,3288,0
1717,3288,0
1715,3292,0
1710,3322,0
1708,3376,0
1699,3434,0
1693,3496,0
1689,3559,0
1685,3604,0
1685,3632,0
1684,3633,0
1685,3628,0
1689,3619,0
1710,3587,0
1730,3551,0
1749,3514,0
1768,3482,0
1788,3462,0
1804,3454,0
1814,3456,0
1822,3462,0
1831,3477,0
1835,3496,0
1840,3524,0
1843,3551,0
1847,3579,0
1848,3600,0
1848,3612,0
1850,3620,0
1860,3634,0
1875,3638,1
2246,3345,0
2246,3349,0
2244,3368,0
2237,3387,0
2235,3426,0
2228,3471,0
2229,3534,0
2222,3587,0
2212,3628,0
2207,3655,0
2205,3655,0
2207,3655,0
2212,3641,0
2227,3602,0
2244,3554,0
2270,3503,0
2290,3457,0
2308,3425,0
2326,3414,0
2342,3416,0
2356,3432,0
2365,3467,0
2374,3515,0
2379,3569,0
2380,3624,0
2382,3670,0
2379,3689,0
2380,3688,0
2380,3684,0
2382,3674,0
2396,3640,0
2409,3587,0
2425,3516,0
2442,3453,0
2466,3413,0
2481,3385,0
2494,3379,0
2505,3383,0
2519,3407,0
2531,3450,0
2542,3506,0
2552,3567,0
2561,3620,0
2569,3660,0
2581,3694,0
2593,3711,0
2608,3709,0
2629,3695,0
2649,3665,1
2758,3430,0
2758,3404,0
2748,3386,0
2736,3379,0
2719,3382,0
2700,3402,0
2685,3436,0
2675,3480,0
2671,3527,0
2678,3581,0
2685,3626,0
2703,3658,0
2712,3662,0
2724,3653,0
2743,3625,0
2758,3587,0
2768,3537,0
2774,3484,0
2773,3436,0
2768,3397,0
2766,3385,0
2768,3389,0
2765,3390,0
2766,3422,0
2770,3460,0
2778,3510,0
2790,3562,0
2807,3616,0
2828,3655,0
2844,3678,0
2866,3689,0
2889,3682,1
3051,3409,0
3045,3384,0
3035,3371,0
3021,3366,0
3002,3367,0
2984,3378,0
2967,3393,0
2958,3412,0
2952,3430,0
2952,3448,0
2955,3465,0
2970,3484,0
2992,3508,0
3019,3534,0
3047,3564,0
3067,3599,0
3080,3633,0
3090,3668,0
3088,3697,0
3082,3724,0
3063,3743,0
3041,3755,0
3012,3753,0
2989,3747,0
2969,3731,0
2955,3706,0
2952,3676,0
2958,3646,0
2978,3617,1
3257,3433,0
3270,3430,0
3269,3425,0
3263,3420,0
3245,3417,0
3226,3425,0
3196,3435,0
3172,3460,0
3152,3491,0
3138,3528,0
3129,3566,0
3131,3607,0
3139,3649,0
3153,3683,0
3173,3708,0
3192,3720,0
3211,3718,0
3230,3697,0
3253,3665,0
3275,3621,0
3296,3571,0
3307,3520,0
3314,3482,0
3318,3460,0
3317,3451,0
3317,3455,0
3314,3468,0
3308,3505,0
3307,3549,0
3308,3601,0
3314,3649,0
3324,3690,0
3337,3715,0
3345,3720,0
3354,3713,0
3372,3693,0
3392,3666,0
3407,3626,0
3427,3592,0
3438,3556,0
3443,3528,0
3448,3515,0
3448,3515,0
3446,3517,0
3448,3535,0
3448,3564,0
3455,3604,0
3465,3645,0
3481,3683,0
3501,3713,0
3524,3730,0
3547,3735,0
3571,3723,0
3600,3696,0
3626,3653,0
3646,3594,0
3667,3527,0
3673,3462,0
3678,3402,0
3674,3354,0
3665,3315,0
3653,3298,0
3645,3295,0
3631,3307,0
3617,3334,0
3602,3376,0
3594,3433,0
3588,3498,0
3588,3563,0
3593,3623,0
3598,3674,0
3612,3718,0
3629,3745,0
3644,3754,0
3667,3752,0
3702,3742,0
3736,3716,1
3742,3717,0
3747,3718,0
3750,3716,0
3763,3706,0
3776,3686,0
3791,3660,0
3807,3626,0
3821,3600,0
3826,3580,0
3834,3575,0
3834,3575,0
3833,3581,0
3828,3606,0
3825,3638,0
3825,3674,0
3831,3711,0
3841,3737,0
3853,3748,0
3867,3748,0
3887,3732,0
3912,3701,0
3933,3660,0
3944,3619,0
3948,3589,0
3950,3573,0
3951,3572,0
3947,3575,0
3939,3602,0
3929,3636,0
3922,3679,0
3912,3713,0
3909,3736,0
3909,3740,0
3906,3737,0
3911,3733,0
3919,3711,0
3939,3674,0
3962,3630,0
3989,3592,0
4001,3576,0
4015,3575,0
4026,3582,0
4035,3600,0
4038,3633,0
4034,3674,0
4039,3722,0
4046,3763,0
4048,3788,0
4055,3798,0
4056,3796,0
4075,3786,0
4089,3759,0
4106,3724,0
4119,3681,0
4129,3645,0
4137,3622,0
4138,3612,0
4141,3614,0
4140,3614,0
4150,3632,0
4155,3660,0
4162,3696,0
4175,3738,0
4188,3779,0
4200,3811,0
4214,3831,0
4234,3840,0
4256,3826,0
4281,3789,1
4298,3274,0
4306,3295,0
4308,3315,0
4316,3349,0
4324,3391,0
4331,3440,0
4342,3502,0
4349,3563,0
4348,3631,0
4338,3694,0
4323,3752,0
4308,3796,0
4289,3819,0
4272,3824,0
4256,3815,0
4244,3789,0
4242,3754,0
4254,3716,0
4271,3679,0
4299,3648,0
4328,3632,0
4360,3624,0
4396,3624,0
4425,3622,0
4452,3612,0
4478,3599,0
4495,3583,0
4507,3570,0
4511,3561,0
4511,3561,0
4509,3562,0
4497,3580,0
4485,3609,0
4480,3653,0
4483,3701,0
4491,3742,0
4497,3764,0
4501,3766,0
4509,3757,0
4526,3737,0
4541,3710,0
4548,3682,0
4559,3665,0
4566,3664,0
4576,3671,0
4587,3694,0
4602,3741,0
4614,3801,0
4623,3870,0
4625,3940,0
4620,4010,0
4609,4080,0
4594,4152,0
4566,4220,0
4502,4305,0
4466,4319,0
4435,4324,0
4395,4309,0
4338,4232,1
4125,3340,0
4121,3339,0
4123,3342,0
4122,3343,0
4124,3346,0
4123,3347,0
4128,3354,0
4126,3351,0
4128,3354,0
4126,3350,0
4116,3343,0
4104,3327,0
4088,3309,1
3884,3322,0
3884,3322,0
3881,3320,0
3883,3323,0
3882,3324,0
3882,3324,0
3882,3324,0
3882,3324,0
3885,3327,0
3884,3327,0
3884,3328,0
3886,3332,0
3886,3332,0
3886,3332,0
3883,3329,0
3883,3329,0
3875,3332,1
4842,3700,0
4845,3697,0
4851,3697,0
4853,3695,0
4854,3694,0
4858,3696,0
4857,3696,0
4860,3699,0
4861,3710,0
4859,3728,0
4862,3756,0
4860,3785,0
4859,3817,0
4859,3845,0
4852,3868,0
4847,3892,0
4843,3913,1
5207,3570,0
5212,3563,0
5213,3557,0
5209,3548,0
5195,3535,0
5180,3528,0
5159,3522,0
5134,3520,0
5117,3529,0
5102,3547,0
5086,3571,0
5072,3600,0
5067,3636,0
5072,3679,0
5085,3725,0
5101,3768,0
5122,3804,0
5145,3826,0
5179,3843,0
5209,3843,0
5241,3833,1
5416,3612,0
5410,3599,0
5400,3587,0
5381,3577,0
5359,3573,0
5336,3583,0
5313,3598,0
5300,3621,0
5293,3655,0
5289,3690,0
5300,3728,0
5315,3754,0
5329,3773,0
5342,3778,0
5358,3777,0
5371,3761,0
5383,3734,0
5393,3703,0
5389,3664,0
5392,3629,0
5397,3602,0
5400,3580,0
5408,3570,0
5417,3566,0
5422,3564,0
5426,3566,0
5431,3579,0
5438,3609,0
5446,3650,0
5449,3697,0
5453,3744,0
5455,3784,0
5456,3809,0
5450,3809,0
5456,3809,0
5459,3805,0
5467,3776,0
5479,3736,0
5494,3693,0
5516,3653,0
5539,3623,0
5561,3613,0
5582,3612,0
5603,3625,0
5617,3647,0
5633,3684,0
5647,3731,0
5658,3783,0
5670,3839,0
5675,3882,0
5681,3919,0
5687,3937,0
5695,3940,1
5745,3276,0
5754,3281,0
5767,3298,0
5783,3327,0
5795,3365,0
5809,3415,0
5825,3477,0
5837,3542,0
5848,3611,0
5850,3682,0
5844,3758,0
5835,3822,0
5822,3877,0
5809,3907,0
5785,3918,0
5768,3914,0
5753,3901,0
5738,3875,0
5737,3838,0
5742,3799,0
5753,3764,0
5781,3734,0
5804,3710,0
5838,3691,0
5874,3677,0
5904,3655,0
5926,3638,0
5940,3626,0
5947,3621,0
5944,3621,0
5941,3624,0
5935,3633,0
5921,3653,0
5911,3686,0
5910,3723,0
5908,3764,0
5918,3812,0
5929,3849,0
5943,3870,0
5947,3872,0
5969,3863,0
5984,3844,0
6001,3807,0
6015,3754,0
6025,3707,0
6027,3662,0
6030,3631,0
6030,3622,0
6034,3624,0
6036,3636,0
6030,3665,0
6030,3706,0
6025,3754,0
6025,3803,0
6020,3855,0
6012,3887,0
6007,3907,0
6004,3910,0
6001,3907,0
6006,3901,0
6016,3867,0
6032,3827,0
6050,3782,0
6076,3732,0
6102,3694,0
6119,3670,0
6138,3664,0
6148,3662,0
6160,3673,0
6167,3699,0
6169,3744,0
6174,3794,0
6174,3842,0
6176,3880,0
6179,3909,0
6188,3925,0
6190,3928,0
6201,3926,0
6220,3914,0
6235,3887,0
6254,3854,0
6268,3805,0
6283,3757,0
6290,3717,0
6302,3687,0
6302,3666,0
6305,3660,0
6309,3661,0
6309,3669,0
6314,3697,0
6317,3735,0
6322,3784,0
6330,3836,0
6346,3876,0
6364,3906,0
6387,3929,0
6402,3935,0
6426,3929,0
6445,3909,0
6466,3877,0
6479,3831,0
6487,3783,0
6488,3745,0
6483,3717,0
6476,3700,0
6465,3694,0
6457,3699,0
6447,3715,0
6437,3742,0
6429,3776,0
6429,3819,0
6437,3864,0
6445,3901,0
6461,3928,0
6481,3947,0
6505,3957,0
6533,3958,0
6563,3942,0
6584,3911,0
6609,3875,0
6628,3831,1
6749,3734,0
6753,3727,0
6753,3718,0
6742,3706,0
6719,3690,0
6695,3683,0
6669,3679,0
6652,3684,0
6636,3694,0
6626,3704,0
6621,3712,0
6628,3723,0
6638,3737,0
6662,3758,0
6698,3783,0
6726,3813,0
6751,3848,0
6774,3887,0
6787,3917,0
6790,3942,0
6785,3963,0
6772,3976,0
6753,3982,0
6731,3981,0
6702,3973,0
6676,3961,0
6654,3944,0
6643,3931,0
6652,3927,1
6869,4024,0
6862,4022,0
6862,4022,0
6864,4025,0
6867,4029,0
6866,4031,0
6864,4033,0
6870,4038,0
6870,4038,0
6869,4040,0
6866,4036,0
6867,4035,0
6862,4036,1
6014,3361,0
6017,3364,0
6017,3364,0
6013,3362,0
6013,3361,0
6017,3363,0
6017,3364,0
6017,3364,0
6023,3368,1