better by painting duche-
567
1027,4672,0
1025,4672,0
1027,4672,0
1027,4676,0
1028,4688,0
1030,4716,0
1032,4752,0
1034,4796,0
1035,4840,0
1037,4885,0
1039,4916,0
1040,4936,0
1040,4940,0
1042,4944,0
1042,4936,0
1045,4924,0
1050,4896,0
1058,4869,0
1069,4840,0
1083,4812,0
1103,4801,0
1126,4784,0
1152,4780,0
1177,4787,0
1199,4803,0
1210,4818,0
1212,4835,0
1203,4851,0
1184,4867,0
1162,4888,0
1134,4904,0
1106,4917,0
1081,4929,0
1064,4932,0
1054,4941,0
1051,4936,0
1051,4932,1
1283,4857,0
1297,4859,0
1315,4859,0
1330,4854,0
1345,4840,0
1357,4828,0
1365,4807,0
1372,4795,0
1374,4779,0
1370,4771,0
1365,4768,0
1353,4768,0
1336,4773,0
1315,4790,0
1298,4811,0
1286,4840,0
1281,4856,0
1286,4872,0
1300,4879,0
1324,4890,0
1353,4892,0
1381,4895,0
1410,4897,0
1433,4895,0
1453,4893,0
1468,4888,0
1483,4887,0
1492,4883,0
1496,4870,1
1480,4598,0
1481,4599,0
1481,4599,0
1481,4599,0
1480,4606,0
1480,4635,0
1482,4671,0
1487,4714,0
1494,4762,0
1502,4805,0
1509,4845,0
1516,4880,0
1524,4907,0
1527,4927,0
1528,4936,0
1527,4936,0
1522,4924,1
1464,4804,0
1466,4804,0
1480,4799,0
1504,4801,0
1534,4799,0
1565,4792,0
1592,4784,0
1616,4781,1
1667,4541,0
1669,4545,0
1669,4545,0
1672,4560,0
1674,4597,0
1677,4640,0
1681,4693,0
1689,4748,0
1696,4807,0
1703,4855,0
1708,4891,0
1713,4915,0
1716,4917,1
1663,4828,0
1662,4828,0
1663,4828,0
1667,4823,0
1691,4825,0
1721,4825,0
1748,4825,0
1770,4821,0
1789,4819,1
1876,4837,0
1888,4839,0
1896,4833,0
1906,4832,0
1911,4823,0
1916,4818,0
1916,4809,0
1913,4802,0
1906,4799,0
1894,4793,0
1878,4796,0
1858,4804,0
1841,4818,0
1826,4833,0
1819,4851,0
1823,4874,0
1836,4888,0
1857,4909,0
1887,4924,0
1914,4932,0
1940,4931,0
1963,4927,0
1985,4919,0
2005,4907,0
2015,4897,1
2034,4831,0
2034,4835,0
2033,4833,0
2036,4852,0
2037,4868,0
2041,4891,0
2041,4907,0
2045,4924,0
2048,4935,0
2048,4939,0
2048,4939,0
2048,4939,0
2049,4931,0
2047,4919,0
2043,4895,0
2038,4868,0
2036,4843,0
2036,4819,0
2039,4794,0
2045,4777,0
2055,4763,0
2066,4755,0
2084,4756,0
2099,4752,0
2118,4756,0
2140,4768,0
2157,4768,0
2178,4775,0
2195,4775,1
2522,4608,0
2524,4611,0
2524,4607,0
2526,4611,0
2528,4614,0
2535,4637,0
2543,4669,0
2550,4704,0
2553,4741,0
2555,4782,0
2552,4851,0
2547,4869,0
2544,4879,0
2543,4879,0
2543,4879,0
2547,4869,0
2559,4848,0
2675,4780,0
2722,4785,0
2767,4794,0
2801,4808,0
2827,4823,0
2841,4839,0
2843,4855,0
2833,4872,0
2806,4891,0
2770,4907,0
2724,4924,0
2679,4936,0
2639,4949,0
2607,4958,0
2586,4965,0
2579,4964,0
2579,4959,0
2592,4951,0
2616,4927,0
2654,4918,1
3045,4800,0
3044,4797,0
3044,4797,0
3040,4802,0
3028,4816,0
3010,4837,0
2987,4864,0
2970,4909,0
2951,4951,0
2936,5000,0
2922,5040,0
2914,5077,0
2903,5093,1
2866,4800,0
2865,4796,0
2870,4803,0
2874,4806,0
2895,4831,0
2909,4847,0
2927,4870,0
2942,4886,0
2963,4908,1
3385,4852,0
3385,4852,0
3387,4855,0
3395,4874,0
3407,4907,0
3420,4956,0
3426,4992,0
3434,5028,0
3438,5057,0
3438,5075,0
3438,5079,0
3437,5080,0
3431,5074,0
3421,5048,0
3408,5014,0
3394,4972,0
3385,4932,0
3377,4887,0
3378,4846,0
3387,4811,0
3400,4777,0
3421,4758,0
3443,4741,0
3477,4738,0
3513,4741,0
3544,4752,0
3566,4767,0
3578,4779,0
3584,4794,0
3574,4804,0
3555,4819,0
3527,4829,0
3498,4840,0
3467,4846,0
3452,4850,0
3441,4855,0
3437,4848,1
3816,4773,0
3817,4772,0
3817,4772,0
3805,4766,0
3781,4761,0
3750,4761,0
3716,4775,0
3680,4800,0
3656,4837,0
3642,4876,0
3638,4906,0
3646,4933,0
3658,4945,0
3684,4953,0
3715,4950,0
3747,4936,0
3776,4917,0
3803,4896,0
3823,4866,0
3836,4840,0
3846,4825,0
3848,4818,0
3848,4815,0
3846,4815,0
3848,4823,0
3848,4838,0
3851,4859,0
3858,4882,0
3865,4902,0
3873,4915,0
3886,4927,0
3900,4932,0
3911,4925,1
4005,4808,0
4006,4821,0
4010,4842,0
4009,4866,0
4014,4900,0
4017,4931,0
4021,4957,0
4021,4967,0
4025,4974,1
3995,4686,0
3991,4678,0
3993,4677,0
3993,4677,0
3994,4681,0
3993,4686,0
4001,4710,0
4006,4730,0
4017,4752,1
4095,4806,0
4097,4811,0
4099,4818,0
4104,4839,0
4106,4862,0
4113,4891,0
4117,4916,0
4124,4940,0
4129,4956,0
4131,4964,0
4132,4963,0
4130,4960,0
4130,4956,0
4131,4945,0
4131,4926,0
4135,4909,0
4147,4892,0
4157,4876,0
4174,4861,0
4188,4851,0
4203,4850,0
4214,4853,0
4222,4857,0
4237,4876,0
4242,4892,0
4251,4920,0
4245,4932,0
4249,4954,0
4249,4969,1
4348,4607,0
4348,4608,0
4350,4611,0
4350,4616,0
4359,4644,0
4360,4668,0
4371,4705,0
4375,4736,0
4382,4775,0
4382,4809,0
4384,4842,0
4386,4870,0
4390,4892,0
4390,4902,0
4391,4907,0
4389,4907,0
4379,4900,1
4332,4864,0
4331,4861,0
4341,4863,0
4362,4864,0
4391,4867,0
4426,4871,0
4464,4879,0
4495,4886,0
4524,4890,0
4544,4891,0
4559,4888,0
4572,4883,1
4630,4861,0
4640,4879,0
4652,4905,0
4657,4931,0
4666,4959,0
4672,4979,0
4674,4988,0
4673,4989,1
4633,4732,0
4629,4731,0
4630,4730,0
4630,4730,0
4636,4735,0
4649,4755,0
4658,4774,0
4665,4784,0
4673,4792,1
4747,4862,0
4747,4887,0
4752,4919,0
4752,4939,0
4756,4956,0
4761,4962,0
4763,4961,0
4768,4957,0
4776,4946,0
4784,4929,0
4788,4905,0
4799,4882,0
4814,4865,0
4834,4854,0
4850,4846,0
4871,4850,0
4897,4866,0
4910,4885,0
4926,4909,0
4935,4927,0
4940,4939,0
4941,4947,0
4945,4949,0
4950,4946,0
4963,4935,1
5094,4883,0
5082,4877,0
5063,4878,0
5040,4886,0
5023,4896,0
5020,4910,0
5020,4914,0
5033,4920,0
5046,4923,0
5065,4924,0
5084,4918,0
5105,4910,0
5123,4905,0
5139,4903,0
5147,4901,0
5151,4903,0
5150,4904,0
5148,4910,0
5149,4930,0
5148,4953,0
5144,4987,0
5139,5023,0
5127,5064,0
5113,5113,0
5082,5153,0
5053,5190,0
5017,5219,0
4970,5235,0
4923,5241,0
4881,5233,0
4847,5213,0
4821,5188,1
5626,4903,0
5626,4903,0
5622,4901,0
5612,4900,0
5598,4898,0
5581,4898,0
5557,4903,0
5537,4916,0
5513,4933,0
5498,4958,0
5490,4987,0
5489,5015,0
5501,5037,0
5518,5048,0
5544,5052,0
5567,5041,0
5593,5022,0
5620,4992,0
5643,4954,0
5659,4911,0
5680,4868,0
5688,4821,0
5698,4783,0
5702,4751,0
5704,4731,0
5707,4722,0
5704,4720,0
5706,4724,0
5703,4733,0
5702,4762,0
5702,4796,0
5703,4835,0
5704,4877,0
5698,4917,0
5698,4957,0
5699,4994,0
5698,5023,0
5699,5044,0
5701,5058,0
5701,5058,0
5706,5048,1
5768,4905,0
5769,4916,0
5763,4932,0
5757,4955,0
5759,4981,0
5764,4999,0
5775,5016,0
5788,5026,0
5804,5032,0
5820,5028,0
5838,5021,0
5855,5011,0
5868,4997,0
5875,4980,0
5883,4965,0
5887,4956,0
5884,4959,0
5885,4958,0
5885,4963,0
5887,4979,0
5890,5004,0
5900,5033,0
5906,5055,0
5911,5073,0
5915,5085,1
6081,4951,0
6076,4951,0
6061,4949,0
6051,4961,0
6034,4977,0
6019,4992,0
6010,5018,0
6010,5047,0
6025,5073,0
6040,5097,0
6066,5116,0
6089,5127,0
6117,5126,0
6139,5121,0
6159,5101,0
6173,5074,0
6184,5040,1
6167,4813,0
6167,4813,0
6170,4816,0
6166,4820,0
6173,4848,0
6172,4891,0
6179,4941,0
6175,4975,0
6174,4993,0
6177,5007,0
6177,5007,0
6179,5005,0
6177,5002,0
6186,4986,0
6198,4973,0
6212,4970,0
6235,4969,0
6252,4975,0
6268,4987,0
6278,5005,0
6288,5031,0
6286,5060,0
6282,5088,0
6277,5110,0
6273,5127,0
6273,5139,0
6276,5141,0
6286,5137,0
6302,5125,1
6413,4982,0
6413,4981,0
6424,4982,0
6445,4987,0
6466,4989,0
6487,4990,0
6505,4987,0
6527,4986,0
6549,4985,1