synthesis, a metaphor for
684
1081,2233,0
1077,2229,0
1070,2221,0
1055,2213,0
1037,2216,0
1015,2224,0
992,2235,0
974,2251,0
960,2265,0
953,2281,0
952,2297,0
962,2322,0
984,2347,0
1020,2384,0
1059,2425,0
1091,2468,0
1110,2504,0
1119,2545,0
1119,2580,0
1112,2617,0
1096,2640,0
1072,2657,0
1045,2668,0
1011,2663,0
980,2659,0
957,2637,0
941,2601,0
941,2577,0
953,2545,1
1237,2327,0
1235,2363,0
1235,2415,0
1236,2463,0
1244,2515,0
1255,2559,0
1272,2597,0
1288,2616,0
1303,2618,0
1322,2605,0
1345,2578,0
1365,2531,0
1383,2480,0
1394,2427,0
1400,2381,0
1406,2357,0
1408,2344,0
1411,2348,0
1411,2356,0
1417,2396,0
1423,2434,0
1438,2485,0
1452,2531,0
1464,2554,0
1469,2562,0
1469,2557,0
1481,2543,0
1484,2514,0
1488,2485,0
1487,2453,0
1486,2429,0
1483,2417,0
1483,2417,0
1486,2425,0
1487,2444,0
1491,2476,0
1496,2521,0
1500,2572,0
1503,2628,0
1505,2693,0
1508,2762,0
1508,2835,0
1505,2904,0
1498,2973,0
1487,3040,0
1472,3103,0
1452,3150,0
1430,3176,0
1409,3179,0
1387,3165,0
1370,3130,0
1360,3071,0
1364,2999,0
1379,2905,0
1412,2803,0
1449,2706,0
1486,2635,1
1570,2342,0
1566,2364,0
1557,2403,0
1554,2448,0
1551,2497,0
1552,2550,0
1551,2587,0
1555,2611,0
1553,2607,0
1557,2606,0
1566,2584,0
1590,2543,0
1615,2487,0
1639,2437,0
1663,2405,0
1681,2381,0
1697,2380,0
1708,2386,0
1721,2411,0
1733,2453,0
1746,2504,0
1759,2554,0
1768,2589,0
1780,2619,0
1791,2632,1
1874,2310,1
1916,2169,0
1915,2169,0
1917,2181,0
1918,2207,0
1922,2248,0
1927,2303,0
1928,2362,0
1930,2430,0
1927,2504,0
1926,2577,0
1920,2638,0
1908,2680,0
1896,2704,0
1882,2709,0
1867,2701,0
1856,2683,0
1848,2649,0
1848,2611,0
1850,2572,0
1857,2537,0
1876,2514,0
1898,2489,0
1922,2459,0
1950,2427,0
1983,2388,0
2019,2347,0
2043,2297,0
2060,2245,0
2066,2198,0
2064,2159,0
2055,2133,0
2046,2123,0
2041,2125,0
2030,2145,0
2022,2183,0
2019,2238,0
2021,2306,0
2022,2380,0
2022,2454,0
2017,2521,0
2018,2577,0
2015,2608,0
2013,2613,0
2013,2613,0
2016,2607,0
2026,2586,0
2054,2549,0
2079,2504,0
2104,2471,0
2128,2456,0
2147,2452,0
2162,2458,0
2178,2482,0
2189,2511,0
2200,2550,0
2214,2589,0
2228,2617,0
2241,2628,0
2253,2632,0
2274,2626,0
2299,2610,0
2324,2579,0
2346,2540,0
2355,2490,0
2356,2444,0
2353,2408,0
2351,2391,0
2348,2388,0
2346,2390,0
2335,2405,0
2329,2431,0
2331,2480,0
2340,2535,0
2351,2591,0
2367,2642,0
2387,2681,0
2409,2706,0
2438,2718,0
2479,2714,0
2521,2695,0
2553,2666,1
2608,2409,0
2602,2394,0
2590,2384,0
2570,2378,0
2549,2382,0
2530,2390,0
2509,2398,0
2498,2415,0
2489,2425,0
2487,2441,0
2495,2459,0
2509,2484,0
2536,2514,0
2562,2545,0
2581,2575,0
2596,2608,0
2609,2643,0
2615,2676,0
2615,2709,0
2608,2736,0
2594,2754,0
2579,2767,0
2562,2772,0
2546,2768,0
2534,2760,0
2530,2749,0
2529,2736,0
2538,2717,0
2560,2695,0
2590,2668,0
2627,2641,0
2660,2610,0
2691,2575,0
2719,2538,0
2736,2497,0
2748,2458,0
2755,2433,0
2756,2422,0
2756,2422,0
2753,2424,0
2750,2441,0
2748,2477,0
2749,2521,0
2754,2572,0
2763,2619,0
2777,2662,0
2794,2694,0
2815,2714,0
2846,2721,0
2880,2713,0
2917,2691,0
2949,2658,0
2972,2619,0
2994,2581,0
3003,2539,0
3000,2501,0
2988,2469,0
2974,2449,0
2955,2439,0
2936,2439,0
2914,2441,0
2903,2455,0
2898,2474,0
2897,2495,0
2903,2521,0
2920,2554,0
2939,2584,0
2964,2620,0
2990,2661,0
3007,2699,0
3016,2732,0
3024,2761,0
3021,2779,0
3009,2791,0
2991,2800,0
2970,2805,0
2944,2800,0
2917,2789,0
2892,2773,0
2870,2754,1
2755,2226,1
2756,2224,0
2759,2227,0
2758,2228,0
2755,2225,0
2758,2228,0
2755,2226,0
2758,2229,0
2758,2229,0
2760,2231,0
2762,2230,0
2765,2233,0
2761,2231,0
2760,2231,0
2759,2233,0
2762,2235,0
2760,2232,0
2760,2231,0
2760,2232,0
2766,2237,0
2774,2240,1
3192,2736,0
3198,2741,0
3204,2752,0
3206,2765,0
3206,2787,0
3203,2814,0
3199,2849,0
3192,2884,0
3187,2923,0
3177,2956,0
3168,2987,0
3160,3008,0
3153,3018,0
3149,3022,0
3149,3016,0
3156,2992,0
3175,2953,1
3566,2523,0
3566,2518,0
3552,2503,0
3547,2503,0
3534,2506,0
3515,2514,0
3501,2533,0
3486,2560,0
3477,2598,0
3469,2639,0
3469,2683,0
3472,2719,0
3479,2750,0
3491,2772,0
3505,2781,0
3507,2779,0
3523,2764,0
3540,2743,0
3547,2702,0
3559,2663,0
3566,2617,0
3568,2574,0
3576,2548,0
3577,2529,0
3575,2526,0
3577,2529,0
3577,2536,0
3571,2559,0
3582,2599,0
3589,2644,0
3600,2690,0
3614,2732,0
3630,2767,0
3641,2789,0
3654,2804,0
3667,2813,0
3684,2815,1
4085,2502,0
4090,2502,0
4090,2502,0
4091,2507,0
4089,2521,0
4089,2542,0
4090,2573,0
4086,2610,0
4082,2654,0
4080,2699,0
4076,2740,0
4073,2774,0
4070,2789,0
4076,2795,0
4076,2789,0
4077,2781,0
4085,2748,0
4091,2704,0
4099,2650,0
4109,2601,0
4128,2564,0
4145,2542,0
4162,2534,0
4176,2536,0
4188,2552,0
4205,2589,0
4215,2635,0
4229,2688,0
4234,2732,0
4236,2767,0
4238,2783,0
4237,2784,0
4241,2780,0
4242,2772,0
4250,2737,0
4261,2697,0
4273,2650,0
4289,2610,0
4306,2582,0
4321,2567,0
4338,2565,0
4350,2569,0
4366,2589,0
4379,2618,0
4396,2655,0
4413,2692,0
4428,2724,0
4449,2750,0
4469,2764,0
4490,2769,0
4514,2765,0
4533,2745,0
4555,2717,0
4571,2680,0
4577,2643,0
4573,2608,0
4572,2581,0
4567,2569,0
4558,2561,0
4550,2564,0
4534,2573,0
4526,2598,0
4526,2633,0
4526,2675,0
4534,2723,0
4546,2768,0
4566,2808,0
4588,2839,0
4611,2856,0
4639,2857,0
4671,2840,0
4698,2806,0
4722,2758,1
4763,2357,0
4764,2332,0
4762,2321,0
4765,2322,0
4767,2328,0
4765,2355,0
4765,2393,0
4767,2444,0
4770,2499,0
4771,2558,0
4773,2620,0
4769,2683,0
4765,2745,0
4765,2801,0
4758,2837,0
4751,2854,0
4743,2858,0
4734,2850,0
4723,2831,0
4719,2804,0
4722,2772,0
4720,2739,0
4734,2712,0
4757,2694,0
4780,2674,0
4814,2659,0
4852,2646,0
4881,2631,0
4910,2622,0
4933,2615,0
4949,2614,0
4953,2614,0
4949,2613,0
4947,2617,0
4924,2623,0
4903,2634,0
4874,2649,0
4851,2669,0
4838,2695,0
4831,2727,0
4835,2765,0
4842,2796,0
4852,2816,0
4863,2821,0
4877,2815,0
4900,2795,0
4917,2764,0
4934,2725,0
4939,2680,0
4945,2642,0
4948,2615,0
4942,2601,0
4946,2603,0
4944,2606,0
4943,2630,0
4944,2665,0
4954,2709,0
4970,2756,0
4985,2799,0
4999,2830,0
5018,2850,0
5035,2854,0
5052,2844,0
5069,2817,1
5089,2660,0
5089,2646,0
5088,2647,0
5087,2656,0
5088,2692,0
5090,2743,0
5088,2804,0
5093,2882,0
5096,2955,0
5093,3022,0
5093,3071,0
5091,3093,0
5088,3091,0
5087,3086,0
5084,3063,0
5081,3011,0
5084,2946,0
5088,2867,0
5094,2794,0
5101,2725,0
5113,2674,0
5133,2636,0
5158,2610,0
5183,2598,0
5208,2595,0
5227,2603,0
5249,2620,0
5257,2655,0
5258,2692,0
5244,2730,0
5225,2760,0
5201,2784,0
5176,2799,0
5147,2801,0
5129,2800,0
5115,2791,0
5112,2782,0
5121,2767,0
5137,2742,0
5166,2719,1
5333,2342,0
5339,2347,0
5338,2359,0
5335,2383,0
5334,2420,0
5337,2466,0
5334,2521,0
5332,2581,0
5327,2645,0
5325,2704,0
5327,2756,0
5326,2788,0
5324,2791,0
5324,2790,0
5323,2784,0
5333,2761,0
5345,2717,0
5364,2669,0
5385,2626,0
5405,2591,0
5432,2574,0
5451,2572,0
5472,2585,0
5489,2613,0
5499,2652,0
5507,2702,0
5513,2748,0
5510,2784,0
5511,2807,0
5511,2815,0
5506,2815,0
5509,2810,0
5513,2786,1
5559,2540,0
5573,2532,0
5590,2523,0
5612,2518,0
5633,2521,0
5663,2533,0
5682,2558,0
5701,2598,0
5713,2643,0
5715,2690,0
5711,2738,0
5695,2777,0
5678,2806,0
5651,2820,0
5630,2825,0
5600,2814,0
5579,2794,0
5558,2757,0
5550,2715,0
5549,2668,0
5553,2620,0
5569,2581,0
5588,2554,0
5614,2538,0
5642,2530,1
5771,2532,0
5773,2536,0
5780,2550,0
5774,2570,0
5775,2602,0
5773,2641,0
5776,2688,0
5776,2728,0
5777,2760,0
5778,2783,0
5773,2792,0
5773,2792,0
5774,2791,0
5776,2786,0
5776,2770,0
5773,2734,0
5781,2695,0
5791,2660,0
5805,2631,0
5821,2610,0
5843,2593,0
5868,2580,0
5894,2570,0
5926,2569,0
5953,2571,0
5976,2577,0
5993,2588,0
6008,2602,0
6017,2612,1
6248,3099,0
6254,3095,0
6254,3078,0
6259,3052,0
6261,3016,0
6262,2966,0
6266,2905,0
6266,2847,0
6264,2787,0
6271,2730,0
6276,2673,0
6288,2620,0
6300,2568,0
6319,2524,0
6338,2491,0
6357,2470,0
6374,2460,0
6390,2452,0
6408,2451,0
6423,2457,0
6430,2470,1
6337,2695,0
6329,2695,0
6314,2697,0
6296,2696,0
6271,2695,0
6245,2692,0
6222,2694,0
6198,2696,0
6181,2695,0
6172,2694,0
6173,2693,0
6180,2689,0
6195,2685,1
6382,2637,0
6401,2635,0
6424,2633,0
6441,2634,0
6459,2642,0
6473,2661,0
6487,2696,0
6488,2741,0
6481,2784,0
6466,2821,0
6448,2841,0
6430,2849,0
6410,2845,0
6391,2832,0
6379,2810,0
6368,2778,0
6364,2740,0
6377,2704,0
6394,2668,0
6413,2649,0
6437,2643,1
6548,2866,0
6545,2861,0
6546,2859,0
6541,2843,0
6540,2818,0
6543,2792,0
6546,2769,0
6551,2748,0
6563,2730,0
6577,2712,0
6595,2701,0
6612,2691,0
6638,2684,0
6662,2680,0
6686,2684,0
6700,2690,0
6714,2700,1