post. A Corinthian helmet inspires an
835
470,4461,0
475,4462,0
475,4466,0
471,4474,0
468,4490,0
468,4506,0
463,4525,0
470,4550,0
471,4574,0
470,4671,0
460,4711,0
458,4710,0
455,4710,0
448,4701,0
451,4685,0
446,4636,0
451,4600,0
456,4568,0
460,4532,0
468,4497,0
482,4467,0
501,4442,0
527,4425,0
543,4419,0
569,4410,0
596,4413,0
608,4427,0
611,4439,0
603,4458,0
591,4485,0
564,4506,0
538,4519,0
513,4531,0
487,4536,0
465,4533,0
449,4527,0
440,4518,1
767,4429,0
769,4425,0
767,4425,0
763,4417,0
752,4404,0
731,4394,0
706,4392,0
680,4398,0
654,4407,0
632,4425,0
620,4448,0
622,4468,0
632,4489,0
650,4503,0
673,4517,0
693,4515,0
709,4513,0
719,4505,0
724,4494,0
721,4478,0
719,4461,0
714,4449,0
706,4440,0
697,4435,0
688,4427,1
904,4417,0
904,4413,0
904,4409,0
900,4401,0
885,4396,0
868,4391,0
847,4386,0
825,4389,0
805,4392,0
793,4403,0
788,4415,0
794,4427,0
813,4444,0
839,4458,0
860,4467,0
875,4480,0
886,4496,0
888,4508,0
883,4520,0
871,4527,0
846,4530,0
822,4537,0
800,4531,0
784,4531,0
774,4526,0
772,4518,0
776,4506,0
787,4495,0
809,4484,1
1023,4360,0
1025,4356,0
1027,4344,0
1030,4340,0
1027,4332,0
1027,4336,0
1027,4333,0
1027,4340,0
1026,4352,0
1027,4376,0
1023,4404,0
1018,4432,0
1011,4468,0
1002,4496,0
1000,4515,0
992,4536,0
993,4548,0
994,4551,0
995,4555,0
994,4548,0
995,4531,1
940,4442,0
945,4439,0
961,4442,0
984,4444,0
1011,4448,0
1033,4448,0
1054,4448,0
1071,4453,0
1080,4456,1
1116,4580,0
1113,4580,0
1114,4580,0
1115,4581,0
1116,4584,0
1115,4581,0
1116,4576,0
1117,4568,0
1122,4560,1
1535,4367,0
1533,4368,0
1531,4380,0
1524,4398,0
1512,4418,0
1500,4444,0
1483,4470,0
1469,4503,0
1451,4525,0
1433,4550,0
1420,4567,0
1404,4584,0
1400,4597,0
1401,4601,0
1402,4596,0
1409,4592,0
1419,4579,1
1539,4355,0
1540,4351,0
1545,4355,0
1549,4362,0
1552,4374,0
1557,4394,0
1564,4409,0
1574,4436,0
1586,4462,0
1595,4490,0
1609,4517,0
1614,4540,0
1621,4551,0
1623,4567,0
1621,4576,0
1618,4576,0
1614,4568,1
1486,4485,0
1493,4489,0
1506,4495,0
1539,4509,0
1556,4510,0
1570,4513,0
1582,4516,0
1587,4514,1
2030,4420,0
2029,4415,0
2029,4411,0
2030,4415,0
2026,4408,0
2014,4407,0
1998,4402,0
1973,4407,0
1944,4418,0
1911,4432,0
1877,4447,0
1848,4476,0
1824,4497,0
1812,4519,0
1820,4546,0
1830,4569,0
1854,4593,0
1879,4605,0
1908,4616,0
1937,4618,0
1960,4618,1
2177,4570,0
2178,4565,0
2177,4565,0
2174,4558,0
2170,4547,0
2163,4536,0
2154,4530,0
2138,4525,0
2111,4528,0
2086,4529,0
2058,4540,0
2034,4550,0
2012,4566,0
2004,4584,0
2002,4601,0
2007,4617,0
2022,4625,0
2042,4642,0
2060,4642,0
2076,4638,0
2092,4635,0
2106,4632,0
2111,4614,0
2122,4599,0
2123,4587,0
2115,4572,0
2105,4562,0
2088,4558,0
2071,4554,1
2195,4532,0
2196,4536,0
2195,4532,0
2195,4532,0
2195,4540,0
2199,4548,0
2198,4560,0
2195,4573,0
2195,4590,0
2194,4611,0
2195,4627,0
2193,4636,0
2188,4645,0
2187,4646,0
2188,4645,0
2189,4637,0
2190,4620,0
2192,4603,0
2202,4584,0
2208,4565,0
2219,4551,0
2231,4535,0
2244,4532,0
2259,4527,0
2276,4531,0
2285,4537,0
2289,4548,0
2291,4560,0
2289,4565,1
2348,4548,0
2355,4550,0
2358,4558,0
2357,4566,0
2357,4579,0
2354,4592,0
2347,4606,0
2338,4627,0
2329,4641,0
2325,4655,0
2328,4662,0
2328,4661,0
2333,4644,1
2349,4440,0
2345,4432,0
2347,4432,0
2347,4432,0
2349,4427,1
2441,4553,0
2439,4555,0
2436,4551,0
2436,4560,0
2434,4569,0
2425,4583,0
2417,4611,0
2410,4618,0
2404,4637,0
2403,4649,0
2399,4654,0
2404,4661,0
2403,4654,0
2403,4644,0
2416,4637,0
2429,4612,0
2449,4589,0
2466,4572,0
2482,4558,0
2500,4535,0
2519,4529,0
2534,4524,0
2550,4524,0
2563,4531,0
2568,4533,0
2577,4560,0
2581,4584,0
2575,4611,0
2571,4634,0
2571,4655,0
2563,4678,0
2557,4688,0
2556,4694,1
2711,4461,0
2702,4464,0
2702,4468,0
2708,4492,0
2695,4493,0
2704,4528,0
2699,4560,0
2702,4579,0
2701,4610,0
2701,4640,0
2688,4644,0
2689,4653,0
2688,4666,1
2660,4560,0
2663,4568,0
2663,4568,0
2668,4579,0
2674,4573,0
2692,4584,0
2717,4587,0
2742,4594,0
2768,4594,0
2787,4603,0
2805,4601,0
2806,4587,0
2804,4570,1
2838,4463,0
2840,4475,0
2834,4494,0
2828,4505,0
2818,4531,0
2815,4558,0
2801,4589,0
2796,4613,0
2799,4649,0
2791,4666,0
2790,4679,0
2791,4674,0
2799,4676,0
2801,4671,0
2816,4647,0
2817,4608,0
2832,4594,0
2849,4574,0
2874,4568,0
2883,4544,0
2896,4542,0
2896,4542,0
2902,4549,0
2906,4560,0
2900,4584,0
2900,4611,0
2907,4650,0
2893,4651,0
2893,4678,0
2892,4686,0
2894,4690,0
2896,4685,0
2906,4668,1
2989,4560,0
2989,4555,0
2991,4563,0
2987,4577,0
2989,4590,0
2980,4606,0
2966,4630,0
2965,4648,0
2960,4668,0
2957,4678,0
2965,4683,0
2967,4678,0
2977,4665,1
2997,4463,0
2997,4459,0
2996,4456,0
2995,4451,0
2994,4456,1
3117,4647,0
3116,4647,0
3115,4643,0
3116,4635,0
3115,4621,0
3110,4606,0
3100,4593,0
3092,4584,0
3077,4577,0
3069,4572,0
3060,4576,0
3043,4579,0
3032,4589,0
3027,4603,0
3023,4623,0
3031,4642,0
3040,4664,0
3054,4675,0
3069,4681,0
3086,4688,0
3101,4681,0
3117,4669,0
3131,4654,0
3139,4641,0
3150,4628,0
3158,4615,0
3159,4606,0
3162,4604,0
3158,4606,0
3160,4609,0
3156,4620,0
3155,4642,0
3147,4669,0
3146,4690,0
3138,4712,0
3141,4728,0
3138,4739,1
3252,4579,0
3253,4578,0
3256,4581,0
3253,4578,0
3255,4582,0
3254,4596,0
3252,4605,0
3248,4620,0
3242,4642,0
3236,4657,0
3232,4681,0
3226,4693,0
3229,4705,0
3224,4707,0
3225,4707,0
3228,4701,0
3236,4684,0
3242,4673,0
3256,4647,0
3267,4633,0
3281,4618,0
3305,4601,0
3318,4595,0
3338,4594,0
3357,4601,0
3366,4611,0
3376,4628,0
3382,4647,0
3381,4671,0
3374,4696,0
3366,4727,0
3363,4746,0
3356,4764,1
3687,4510,0
3687,4519,0
3686,4538,0
3687,4561,0
3681,4583,0
3679,4611,0
3677,4646,0
3678,4678,0
3677,4705,0
3670,4742,0
3667,4767,0
3658,4786,0
3658,4794,0
3653,4797,0
3654,4796,0
3657,4791,0
3661,4770,0
3672,4755,0
3682,4730,0
3697,4708,0
3715,4683,0
3724,4660,0
3739,4647,0
3748,4636,0
3762,4637,0
3769,4642,0
3770,4651,0
3773,4668,0
3764,4692,0
3756,4720,0
3747,4739,0
3740,4758,0
3744,4764,1
3855,4665,0
3851,4663,0
3854,4670,0
3858,4678,0
3865,4683,0
3878,4684,0
3893,4683,0
3906,4680,0
3924,4679,0
3934,4672,0
3942,4657,0
3940,4649,0
3934,4640,0
3913,4633,0
3889,4635,0
3861,4637,0
3834,4644,0
3808,4661,0
3791,4685,0
3780,4706,0
3780,4734,0
3793,4758,0
3811,4771,0
3832,4787,0
3892,4797,0
3922,4783,0
3943,4766,0
3970,4735,1
4048,4525,0
4046,4521,0
4049,4524,0
4017,4638,0
3995,4700,0
3991,4726,0
3984,4749,0
3985,4758,1
4077,4656,0
4073,4663,0
4068,4671,0
4061,4685,0
4029,4749,0
4043,4740,0
4057,4722,0
4069,4700,0
4082,4681,0
4097,4661,0
4112,4651,0
4138,4638,0
4146,4648,0
4143,4708,0
4128,4741,0
4125,4748,0
4126,4748,0
4210,4676,0
4229,4672,0
4241,4669,0
4257,4677,0
4261,4684,0
4265,4706,0
4229,4804,0
4222,4818,1
4317,4767,0
4319,4766,0
4334,4770,0
4367,4766,0
4430,4720,0
4432,4710,0
4427,4693,0
4416,4686,0
4394,4678,0
4363,4680,0
4319,4698,0
4304,4717,0
4307,4736,0
4312,4760,0
4334,4785,0
4355,4804,1
4577,4574,0
4577,4573,0
4578,4572,0
4577,4573,0
4580,4586,0
4579,4602,0
4576,4620,0
4564,4796,0
4566,4809,1
4556,4700,0
4561,4702,0
4624,4730,0
4660,4736,0
4675,4736,1
4980,4707,0
4990,4719,0
4991,4729,0
4993,4748,0
4989,4768,0
4982,4795,0
4976,4815,0
4973,4839,0
4973,4854,0
4980,4859,0
4984,4851,0
4994,4826,1
5001,4567,0
4999,4569,0
4999,4569,0
4996,4566,0
4995,4567,0
5001,4567,0
5009,4575,0
5036,4584,1
5058,4761,0
5062,4763,0
5059,4760,0
5058,4767,0
5054,4775,0
5045,4788,0
5043,4806,0
5038,4827,0
5031,4842,0
5029,4854,0
5031,4858,0
5035,4860,0
5045,4852,0
5059,4834,0
5074,4816,0
5088,4799,0
5103,4786,0
5164,4764,0
5175,4770,0
5183,4780,0
5184,4799,0
5176,4823,0
5168,4840,0
5161,4857,0
5160,4869,1
5361,4758,0
5357,4756,0
5358,4755,0
5351,4751,0
5339,4746,0
5320,4736,0
5281,4739,0
5269,4745,0
5265,4754,0
5272,4775,0
5278,4796,0
5288,4820,0
5290,4839,0
5284,4855,0
5269,4874,0
5251,4885,0
5235,4888,0
5216,4895,0
5195,4880,0
5190,4869,0
5196,4854,0
5204,4835,1
5381,4766,0
5381,4766,0
5384,4769,0
5380,4768,0
5378,4775,0
5377,4792,0
5370,4816,0
5365,4847,0
5352,4886,0
5341,4922,0
5323,4949,0
5313,4968,0
5308,4974,0
5305,4971,0
5308,4968,0
5309,4940,0
5329,4874,0
5344,4839,0
5368,4806,0
5393,4782,0
5424,4765,0
5454,4753,0
5486,4749,0
5506,4753,0
5518,4763,0
5520,4778,0
5516,4793,0
5492,4811,0
5468,4828,0
5437,4835,0
5411,4837,0
5394,4837,0
5388,4832,0
5391,4801,1
5551,4748,0
5555,4749,0
5552,4747,0
5552,4752,0
5548,4768,0
5547,4780,0
5538,4794,0
5535,4813,0
5532,4833,0
5529,4842,0
5528,4849,0
5528,4848,0
5534,4837,1
5571,4622,0
5566,4616,0
5566,4615,0
5567,4614,0
5571,4611,1
5632,4741,0
5631,4742,0
5632,4741,0
5631,4742,0
5634,4746,0
5633,4752,0
5629,4761,0
5629,4778,0
5631,4792,0
5629,4811,0
5628,4829,0
5625,4843,0
5627,4847,0
5629,4850,0
5629,4845,0
5630,4838,0
5635,4816,0
5645,4796,0
5653,4772,0
5663,4750,0
5676,4731,0
5688,4719,0
5701,4710,0
5730,4716,0
5739,4724,0
5740,4734,0
5739,4746,0
5734,4758,1
5754,4818,0
5752,4814,0
5762,4821,0
5769,4825,0
5786,4825,0
5803,4819,0
5822,4816,0
5841,4809,0
5854,4801,0
5868,4792,0
5879,4780,0
5887,4772,0
5892,4767,0
5889,4759,0
5882,4755,0
5859,4755,0
5829,4758,0
5790,4769,0
5754,4784,0
5723,4803,0
5706,4826,0
5704,4850,0
5710,4871,0
5732,4895,0
5754,4913,0
5782,4920,0
5812,4924,0
5834,4919,0
5853,4911,1
6015,4829,0
6017,4828,0
6017,4816,0
6012,4797,0
5997,4778,0
5981,4766,0
5954,4760,0
5928,4758,0
5909,4762,0
5894,4782,0
5899,4800,0
5919,4825,0
5935,4844,0
5952,4862,0
5955,4875,0
5953,4883,0
5935,4889,0
5911,4891,0
5885,4889,0
5869,4889,0
5854,4881,0
5844,4869,0
5843,4859,0
5855,4840,1
6404,4818,0
6400,4816,0
6401,4809,0
6397,4795,0
6389,4779,0
6381,4765,0
6357,4749,0
6326,4742,0
6292,4739,0
6259,4740,0
6225,4748,0
6203,4760,0
6194,4776,0
6188,4795,0
6198,4820,0
6210,4836,0
6232,4854,0
6262,4862,0
6291,4866,0
6319,4859,0
6343,4845,0
6360,4831,0
6376,4813,0
6382,4800,0
6387,4788,0
6383,4787,0
6384,4786,0
6385,4790,0
6384,4804,0
6378,4823,0
6372,4847,0
6374,4869,0
6372,4884,1
6440,4758,0
6446,4756,0
6447,4755,0
6452,4756,0
6454,4765,0
6454,4772,0
6452,4787,0
6448,4804,0
6442,4823,0
6435,4842,0
6430,4854,0
6429,4862,0
6431,4859,0
6430,4861,0
6434,4856,0
6444,4839,0
6459,4821,0
6471,4807,0
6488,4794,0
6509,4788,0
6533,4784,0
6557,4792,0
6579,4810,0
6595,4835,0
6599,4860,0
6596,4895,0
6580,4932,0
6563,4963,0
6548,4981,1