He paints the presence of
500
1380,1114,1
1388,1121,0
1387,1121,0
1386,1122,0
1384,1122,0
1387,1134,0
1387,1150,0
1387,1172,0
1389,1204,0
1385,1239,0
1385,1281,0
1387,1321,0
1383,1351,0
1381,1381,0
1381,1405,0
1383,1428,0
1389,1452,0
1389,1464,0
1390,1472,0
1394,1480,0
1390,1476,1
1512,1163,0
1505,1170,0
1501,1186,0
1494,1210,0
1493,1249,0
1497,1295,0
1496,1333,0
1503,1369,0
1506,1389,0
1515,1411,0
1517,1423,0
1519,1431,0
1514,1429,1
1386,1342,0
1384,1343,0
1385,1342,0
1389,1341,0
1401,1339,0
1425,1336,0
1458,1329,0
1493,1317,0
1524,1310,1
1615,1368,0
1614,1368,0
1621,1369,0
1632,1363,0
1648,1356,0
1664,1348,0
1678,1341,0
1684,1334,0
1686,1333,0
1679,1328,0
1664,1322,0
1645,1322,0
1622,1329,0
1606,1350,0
1590,1378,0
1582,1412,0
1593,1446,0
1609,1462,0
1635,1467,0
1680,1469,0
1719,1460,1
2181,1348,0
2178,1351,0
2177,1356,0
2177,1367,0
2172,1382,0
2176,1411,0
2177,1447,0
2179,1488,0
2182,1526,0
2183,1556,0
2184,1576,0
2188,1588,0
2186,1590,0
2189,1592,0
2188,1588,0
2175,1573,0
2168,1553,1
2158,1495,0
2156,1464,0
2159,1436,0
2162,1407,0
2173,1381,0
2189,1362,0
2210,1347,0
2232,1337,0
2250,1331,0
2273,1336,0
2285,1346,0
2294,1366,0
2292,1391,0
2285,1419,0
2265,1443,0
2249,1469,0
2230,1486,0
2216,1498,0
2209,1505,0
2204,1503,1
2413,1361,0
2396,1358,0
2381,1361,0
2369,1369,0
2352,1380,0
2340,1399,0
2330,1420,0
2328,1439,0
2335,1455,0
2343,1464,0
2359,1465,0
2379,1456,0
2398,1435,0
2418,1416,0
2431,1396,0
2439,1380,0
2441,1366,0
2438,1358,0
2441,1360,0
2436,1365,0
2439,1386,0
2443,1412,0
2441,1431,0
2446,1450,0
2449,1464,1
2561,1360,0
2556,1360,0
2559,1363,0
2554,1369,0
2552,1390,0
2559,1414,0
2640,1329,0
2651,1348,0
2651,1360,0
2651,1370,0
2654,1378,0
2649,1377,0
2650,1370,1
2557,1247,1
2637,1387,0
2636,1387,0
2635,1389,0
2637,1399,0
2639,1415,0
2641,1433,0
2641,1452,0
2644,1467,0
2651,1477,0
2649,1479,0
2654,1479,0
2654,1474,0
2659,1462,0
2674,1442,0
2682,1421,0
2699,1405,0
2712,1394,0
2726,1389,0
2736,1387,0
2748,1393,0
2758,1406,0
2759,1426,0
2757,1447,0
2755,1469,0
2754,1484,1
2890,1289,0
2883,1293,0
2878,1309,0
2871,1335,0
2871,1370,0
2868,1403,0
2863,1432,0
2865,1457,0
2868,1479,0
2867,1494,0
2869,1505,0
2868,1506,0
2872,1508,1
2828,1438,0
2825,1438,0
2825,1435,0
2837,1433,0
2852,1426,0
2874,1422,0
2902,1418,0
2934,1421,0
2957,1423,1
3101,1434,0
3101,1434,0
3101,1434,0
3093,1432,0
3083,1432,0
3018,1489,0
3028,1496,0
3044,1500,0
3064,1506,0
3078,1513,0
3082,1522,0
3071,1532,0
3065,1546,0
3052,1559,0
3035,1569,0
3025,1577,0
3008,1580,0
2998,1580,0
2987,1574,1
3592,1265,0
3595,1268,0
3594,1272,0
3593,1283,0
3590,1300,0
3582,1327,0
3579,1360,0
3572,1394,0
3573,1427,0
3568,1453,0
3571,1476,0
3570,1494,0
3567,1508,0
3571,1519,0
3573,1524,0
3573,1523,1
3543,1442,0
3539,1441,0
3539,1440,0
3539,1440,0
3544,1441,0
3556,1443,0
3576,1442,0
3608,1438,0
3641,1435,1
3611,1494,0
3615,1503,0
3698,1382,0
3700,1414,0
3703,1445,0
3701,1468,0
3697,1484,0
3699,1498,0
3691,1504,0
3695,1506,0
3696,1505,0
3696,1504,0
3699,1498,0
3710,1484,0
3715,1465,0
3733,1447,0
3757,1434,0
3773,1430,0
3781,1430,0
3792,1435,0
3793,1442,0
3795,1457,0
3798,1478,0
3798,1497,0
3802,1515,0
3804,1529,0
3813,1538,0
3821,1540,0
3831,1539,1
3873,1506,0
3877,1506,0
3888,1504,0
3900,1496,0
3891,1459,0
3871,1473,0
3858,1492,0
3853,1511,0
3859,1526,0
3875,1540,0
3898,1548,0
3932,1549,0
3954,1541,0
3985,1533,1
4197,1426,0
4200,1428,0
4200,1428,0
4203,1430,0
4205,1437,0
4210,1456,0
4209,1481,0
4205,1509,0
4198,1537,0
4191,1563,0
4181,1586,0
4175,1607,0
4168,1623,0
4159,1632,0
4153,1635,0
4157,1637,0
4154,1634,0
4157,1627,0
4157,1609,0
4159,1583,0
4162,1558,0
4165,1532,0
4176,1509,0
4186,1486,0
4198,1467,0
4211,1455,0
4219,1446,0
4234,1441,0
4244,1438,0
4266,1439,0
4280,1445,0
4292,1458,0
4297,1477,0
4298,1497,0
4291,1514,0
4289,1529,0
4275,1539,0
4263,1549,0
4251,1556,0
4232,1558,0
4227,1561,1
4369,1447,0
4373,1449,0
4373,1449,0
4372,1450,0
4378,1458,0
4372,1473,0
4372,1493,0
4369,1512,0
4366,1521,0
4365,1522,0
4366,1521,0
4367,1519,0
4369,1510,0
4385,1495,0
4401,1476,0
4425,1457,0
4451,1445,1
4502,1493,0
4497,1495,0
4501,1495,0
4510,1493,0
4528,1491,0
4543,1485,0
4558,1479,0
4570,1471,0
4579,1467,0
4577,1462,0
4576,1455,0
4557,1449,0
4543,1452,0
4517,1463,0
4501,1485,0
4478,1509,0
4476,1525,0
4485,1537,0
4503,1545,0
4531,1548,0
4557,1539,1
4740,1450,0
4740,1448,0
4733,1444,0
4729,1444,0
4715,1445,0
4701,1449,0
4691,1455,0
4685,1461,0
4678,1466,0
4680,1473,0
4682,1481,0
4695,1491,0
4705,1499,0
4714,1508,0
4719,1517,0
4719,1528,0
4711,1539,0
4705,1555,0
4689,1564,0
4673,1571,0
4659,1576,1
4809,1503,0
4810,1503,0
4818,1501,0
4829,1495,0
4836,1488,1
4849,1476,0
4854,1472,0
4855,1469,0
4855,1469,0
4852,1467,0
4842,1469,0
4823,1475,0
4806,1489,0
4795,1508,0
4780,1525,0
4779,1539,0
4788,1550,0
4799,1556,0
4819,1558,0
4838,1554,0
4851,1542,1
4920,1464,0
4919,1469,0
4915,1483,0
4915,1503,0
4910,1520,0
4909,1535,0
4909,1545,0
4912,1549,0
4916,1549,0
4922,1546,0
4932,1541,0
4945,1529,0
4963,1512,0
4989,1498,0
5014,1490,0
5031,1486,0
5043,1487,0
5050,1493,0
5050,1505,0
5047,1524,0
5045,1546,1
5182,1477,0
5173,1476,0
5164,1479,0
5149,1487,0
5136,1500,0
5125,1520,0
5117,1544,0
5115,1561,0
5129,1573,0
5144,1577,0
5166,1574,0
5182,1563,0
5203,1552,1
5284,1512,0
5284,1514,0
5279,1513,0
5290,1519,0
5297,1522,0
5315,1521,0
5329,1517,0
5351,1513,0
5358,1503,0
5364,1498,0
5369,1493,0
5367,1487,0
5345,1475,0
5330,1470,0
5320,1474,0
5300,1486,0
5284,1510,0
5277,1543,0
5281,1572,0
5295,1592,0
5321,1602,1
5842,1503,0
5841,1503,0
5842,1503,0
5841,1502,0
5842,1501,0
5834,1498,0
5827,1495,0
5811,1493,0
5794,1497,0
5778,1508,0
5757,1523,0
5738,1543,0
5732,1566,0
5726,1585,0
5726,1596,0
5738,1603,0
5752,1608,0
5773,1609,0
5791,1608,0
5804,1603,0
5823,1595,0
5832,1581,0
5849,1567,0
5858,1549,0
5859,1528,0
5860,1512,0
5854,1503,0
5850,1503,0
5837,1506,1
6034,1353,0
6022,1353,0
6009,1354,0
5998,1364,0
5985,1384,0
5973,1416,0
5962,1457,0
5950,1502,0
5943,1540,0
5937,1578,0
5938,1604,0
5934,1628,0
5933,1645,0
5930,1657,0
5923,1663,0
5919,1664,0
5912,1659,1
5914,1557,0
5920,1551,0
5943,1542,0
5966,1534,1