The search for a
389
1154,1143,0
1160,1150,0
1163,1154,0
1158,1158,0
1158,1174,0
1150,1194,0
1148,1230,0
1141,1271,0
1139,1327,0
1133,1383,0
1124,1444,0
1112,1500,0
1095,1553,0
1078,1597,0
1064,1637,0
1049,1664,0
1039,1689,0
1027,1696,0
1017,1691,0
1006,1675,0
998,1643,1
1340,1131,0
1351,1128,0
1358,1129,0
1355,1131,0
1344,1134,0
1322,1140,0
1291,1143,0
1259,1153,0
1218,1160,0
1170,1165,0
1120,1168,0
1072,1172,0
1028,1175,0
992,1177,0
972,1183,0
972,1195,0
979,1204,1
1469,1091,0
1472,1085,0
1476,1088,0
1471,1094,0
1466,1118,0
1460,1159,0
1454,1212,0
1455,1280,0
1450,1353,0
1442,1426,0
1437,1502,0
1436,1576,0
1423,1628,0
1418,1671,0
1412,1689,0
1407,1686,0
1409,1681,0
1416,1651,0
1428,1607,0
1443,1553,0
1467,1505,0
1490,1457,0
1515,1420,0
1539,1394,0
1565,1384,0
1585,1385,0
1606,1402,0
1630,1435,0
1652,1473,0
1678,1514,0
1705,1554,0
1730,1583,0
1761,1609,0
1795,1623,0
1824,1622,0
1856,1610,0
1884,1585,0
1908,1553,0
1925,1514,0
1939,1476,0
1940,1438,0
1934,1408,0
1927,1393,0
1915,1387,0
1911,1394,0
1900,1411,0
1890,1436,0
1887,1471,0
1900,1520,0
1914,1568,0
1940,1622,0
1968,1671,0
1995,1710,0
2015,1731,0
2034,1738,0
2058,1742,0
2080,1732,0
2100,1715,0
2130,1700,0
2154,1679,0
2181,1658,1
2824,1458,0
2823,1452,0
2822,1447,0
2815,1442,0
2804,1438,0
2786,1435,0
2768,1433,0
2751,1435,0
2732,1440,0
2716,1449,0
2702,1460,0
2692,1471,0
2685,1480,0
2688,1490,0
2693,1501,0
2703,1515,0
2731,1539,0
2760,1566,0
2791,1597,0
2815,1629,0
2832,1659,0
2843,1689,0
2849,1720,0
2847,1751,0
2838,1780,0
2825,1807,0
2808,1829,0
2779,1842,0
2745,1848,0
2717,1852,0
2684,1845,0
2655,1835,0
2635,1821,0
2623,1804,0
2622,1788,0
2637,1773,0
2661,1762,1
2905,1703,0
2929,1693,0
2952,1672,0
2975,1650,0
2993,1626,0
3009,1598,0
3018,1572,0
3021,1546,0
3013,1523,0
3008,1510,0
3006,1507,0
2995,1508,0
2984,1517,0
2971,1534,0
2959,1558,0
2950,1590,0
2943,1624,0
2945,1661,0
2943,1696,0
2950,1731,0
2965,1763,0
2984,1790,0
3008,1812,0
3033,1824,0
3062,1829,0
3089,1821,0
3124,1803,0
3155,1776,0
3182,1741,1
3249,1531,0
3248,1516,0
3239,1508,0
3226,1508,0
3214,1517,0
3198,1535,0
3187,1567,0
3179,1608,0
3175,1655,0
3180,1703,0
3181,1742,0
3189,1771,0
3202,1788,0
3209,1791,0
3222,1780,0
3242,1761,0
3255,1728,0
3267,1684,0
3270,1637,0
3271,1592,0
3270,1556,0
3276,1541,0
3273,1537,0
3271,1540,0
3271,1562,0
3275,1601,0
3284,1652,0
3294,1709,0
3310,1761,0
3330,1802,0
3341,1820,0
3341,1820,0
3359,1809,0
3373,1785,0
3380,1744,0
3395,1703,0
3403,1661,0
3408,1623,0
3413,1599,0
3420,1589,0
3421,1587,0
3423,1592,0
3425,1618,0
3433,1658,0
3436,1705,0
3445,1756,0
3448,1794,0
3445,1814,0
3448,1817,0
3445,1813,0
3448,1808,0
3461,1783,0
3470,1748,0
3490,1710,0
3516,1677,0
3547,1648,0
3588,1626,0
3621,1609,0
3655,1597,0
3679,1587,0
3703,1584,0
3714,1582,0
3713,1582,0
3715,1588,0
3699,1601,0
3682,1615,0
3667,1633,0
3645,1655,0
3634,1681,0
3626,1711,0
3631,1749,0
3637,1785,0
3661,1821,0
3684,1845,0
3710,1856,0
3741,1852,0
3766,1827,0
3795,1788,0
3812,1734,0
3831,1675,0
3838,1612,0
3845,1554,0
3845,1500,0
3839,1455,0
3841,1426,0
3831,1407,0
3831,1406,0
3834,1413,0
3822,1437,0
3822,1474,0
3820,1524,0
3829,1579,0
3839,1635,0
3846,1691,0
3850,1742,0
3854,1781,0
3857,1801,0
3856,1802,0
3863,1800,0
3855,1794,0
3870,1771,0
3881,1743,0
3891,1708,0
3910,1681,0
3923,1657,0
3940,1642,0
3957,1635,0
3974,1638,0
3987,1647,0
3997,1662,0
4005,1688,0
4016,1721,0
4021,1754,0
4026,1786,0
4025,1812,0
4027,1835,0
4024,1847,0
4024,1854,0
4023,1857,0
4023,1857,1
4572,2029,0
4581,2030,0
4584,2024,0
4587,2008,0
4589,1980,0
4580,1936,0
4574,1886,0
4567,1834,0
4563,1778,0
4559,1720,0
4560,1657,0
4564,1594,0
4570,1539,0
4575,1491,0
4590,1451,0
4601,1420,0
4626,1398,0
4647,1387,0
4665,1385,0
4680,1388,0
4693,1400,0
4704,1419,0
4705,1441,0
4707,1467,0
4707,1491,1
4612,1689,0
4601,1693,0
4577,1698,0
4550,1701,0
4516,1698,0
4482,1696,0
4453,1693,0
4432,1688,0
4415,1679,0
4407,1668,0
4411,1658,0
4427,1652,0
4462,1652,1
4668,1648,0
4683,1643,0
4706,1640,0
4718,1643,0
4739,1654,0
4751,1678,0
4770,1713,0
4782,1760,0
4782,1808,0
4772,1848,0
4757,1874,0
4741,1888,0
4723,1889,0
4701,1880,0
4679,1861,0
4666,1832,0
4662,1793,0
4664,1749,0
4675,1714,0
4685,1689,0
4708,1677,1
4846,1871,0
4846,1871,0
4843,1867,0
4845,1853,0
4846,1821,0
4849,1786,0
4854,1753,0
4865,1726,0
4881,1707,0
4901,1690,0
4924,1676,0
4953,1666,0
4989,1663,1
5330,1664,0
5320,1665,0
5306,1669,0
5293,1684,0
5277,1705,0
5262,1734,0
5259,1773,0
5267,1820,0
5273,1858,0
5285,1883,0
5296,1889,0
5301,1886,0
5323,1864,0
5344,1831,0
5359,1784,0
5359,1736,0
5363,1691,0
5362,1656,0
5357,1644,0
5360,1647,0
5363,1652,0
5362,1680,0
5373,1718,0
5391,1766,0
5411,1814,0
5438,1855,0
5465,1887,0
5489,1911,0
5515,1922,0
5546,1929,0
5568,1928,0
5590,1927,1