recently his sculptural conceptions, carried
1056
579,2508,0
574,2507,0
575,2511,0
574,2515,0
573,2523,0
571,2539,0
567,2558,0
556,2630,0
546,2632,0
542,2635,0
542,2643,0
542,2639,0
544,2635,0
548,2620,0
554,2597,0
564,2579,0
576,2557,0
586,2538,0
593,2531,0
598,2532,0
603,2533,0
612,2536,0
624,2545,0
636,2552,0
651,2562,0
668,2565,0
686,2561,0
706,2555,0
727,2547,0
745,2533,0
760,2523,0
765,2516,0
765,2516,0
759,2519,0
745,2529,0
728,2547,0
714,2564,0
703,2584,0
697,2598,0
696,2610,0
700,2612,1
879,2508,0
881,2509,0
881,2504,0
878,2508,0
871,2507,0
862,2507,0
851,2509,0
836,2520,0
817,2543,0
801,2564,0
791,2588,0
788,2608,0
789,2620,0
794,2632,0
803,2646,0
817,2651,0
832,2649,0
851,2647,0
871,2632,0
892,2618,0
914,2603,0
930,2584,0
941,2572,0
943,2561,0
943,2557,0
941,2552,0
935,2548,0
932,2552,0
930,2560,0
930,2572,0
933,2584,0
937,2589,0
945,2593,0
955,2589,0
965,2590,0
978,2583,0
995,2572,0
1013,2555,0
1030,2540,0
1048,2528,0
1061,2521,0
1068,2521,0
1071,2533,0
1067,2549,0
1063,2564,0
1061,2577,0
1062,2585,0
1066,2589,0
1071,2593,0
1079,2585,0
1095,2581,0
1114,2569,0
1132,2556,0
1148,2556,0
1157,2560,0
1163,2564,0
1167,2575,0
1168,2584,0
1175,2595,0
1183,2598,0
1192,2590,1
1261,2401,0
1265,2385,0
1268,2372,0
1270,2369,0
1269,2369,0
1267,2369,0
1269,2385,0
1269,2408,0
1265,2437,0
1259,2466,0
1257,2498,0
1255,2535,0
1252,2550,0
1253,2562,0
1255,2574,0
1255,2579,0
1254,2574,0
1257,2570,0
1257,2558,0
1258,2546,0
1259,2545,0
1257,2543,0
1258,2546,0
1261,2554,0
1271,2561,0
1283,2560,0
1298,2559,0
1312,2557,0
1328,2548,0
1346,2534,0
1365,2519,0
1384,2501,0
1401,2478,0
1413,2461,0
1416,2448,0
1415,2444,0
1413,2445,0
1405,2441,0
1394,2451,0
1382,2473,0
1366,2503,0
1352,2541,0
1341,2571,0
1339,2591,0
1341,2603,0
1351,2618,0
1363,2625,0
1377,2623,0
1394,2613,0
1411,2602,0
1429,2587,0
1445,2573,0
1455,2560,0
1460,2550,0
1464,2550,0
1462,2546,0
1456,2548,0
1449,2556,0
1445,2569,0
1445,2573,0
1452,2577,0
1461,2571,0
1474,2569,0
1488,2566,0
1502,2568,0
1510,2570,0
1517,2581,0
1522,2601,0
1522,2625,0
1520,2654,0
1510,2676,0
1498,2698,0
1485,2717,0
1475,2731,0
1467,2732,0
1464,2728,0
1464,2719,0
1469,2703,0
1478,2681,0
1495,2659,0
1520,2630,0
1549,2600,0
1573,2570,0
1592,2550,0
1606,2531,1
1831,2645,0
1824,2643,0
1826,2647,0
1830,2646,0
1833,2640,0
1842,2634,0
1855,2621,0
1870,2600,0
1888,2572,0
1907,2540,0
1923,2505,0
1938,2474,0
1945,2441,0
1952,2422,0
1949,2406,0
1946,2403,0
1938,2402,0
1930,2409,0
1923,2432,0
1913,2462,0
1907,2498,0
1902,2530,0
1901,2555,0
1902,2577,0
1902,2585,0
1907,2591,0
1915,2589,0
1928,2580,0
1944,2566,0
1960,2555,0
1976,2549,0
1992,2548,0
2005,2552,0
2014,2565,0
2020,2584,0
2025,2603,0
2029,2620,0
2031,2623,0
2040,2632,0
2048,2633,0
2060,2633,0
2071,2624,0
2082,2611,0
2099,2600,0
2110,2586,0
2116,2579,0
2117,2579,0
2118,2579,0
2117,2584,0
2117,2596,0
2118,2609,0
2125,2623,0
2132,2630,0
2140,2630,0
2152,2625,0
2167,2614,0
2185,2598,0
2205,2583,0
2223,2571,0
2235,2564,0
2247,2568,0
2255,2573,0
2266,2586,0
2274,2599,0
2276,2611,0
2277,2625,0
2273,2635,0
2270,2649,0
2261,2659,0
2250,2664,0
2241,2668,0
2229,2665,0
2217,2654,1
2147,2434,0
2143,2432,0
2145,2431,0
2143,2427,0
2139,2425,0
2137,2425,0
2132,2423,0
2126,2417,0
2129,2420,1
2671,2560,0
2664,2555,0
2659,2554,0
2646,2548,0
2639,2548,0
2634,2546,0
2634,2546,0
2634,2546,0
2639,2552,0
2651,2564,0
2660,2572,0
2665,2579,0
2666,2588,0
2661,2595,0
2651,2606,0
2639,2618,0
2623,2629,0
2605,2636,0
2587,2642,0
2570,2642,0
2559,2645,0
2548,2642,0
2540,2637,0
2540,2637,0
2537,2634,1
2832,2535,0
2826,2535,0
2819,2535,0
2810,2537,0
2799,2545,0
2782,2552,0
2763,2565,0
2746,2582,0
2734,2600,0
2724,2615,0
2717,2631,0
2717,2645,0
2717,2650,0
2727,2658,0
2741,2663,0
2751,2661,0
2766,2656,0
2780,2646,0
2799,2632,0
2814,2612,0
2832,2590,0
2844,2571,0
2854,2559,0
2854,2554,0
2857,2556,0
2852,2560,0
2850,2572,0
2849,2583,0
2849,2592,0
2852,2600,0
2854,2603,0
2858,2605,0
2866,2604,0
2874,2598,0
2887,2589,0
2902,2572,0
2919,2555,0
2930,2545,0
2936,2547,0
2938,2555,0
2936,2572,0
2934,2589,0
2938,2606,0
2941,2618,0
2946,2630,0
2951,2636,0
2955,2637,0
2970,2642,0
2977,2636,0
2989,2627,0
3002,2612,0
3019,2593,0
3036,2569,0
3053,2544,0
3067,2511,0
3083,2482,0
3095,2461,0
3097,2444,0
3096,2434,0
3091,2428,0
3088,2429,0
3080,2438,0
3066,2455,0
3053,2487,0
3037,2521,0
3031,2552,0
3025,2567,0
3027,2581,0
3034,2597,0
3041,2606,0
3052,2613,0
3059,2612,0
3073,2612,0
3083,2603,0
3098,2595,0
3112,2584,0
3120,2572,0
3128,2560,0
3139,2550,0
3142,2537,0
3148,2527,0
3153,2518,0
3155,2510,0
3158,2507,0
3156,2504,0
3156,2504,0
3156,2504,0
3152,2502,0
3155,2504,0
3155,2504,0
3154,2505,0
3154,2505,0
3153,2506,0
3153,2507,0
3153,2507,0
3153,2507,0
3157,2508,0
3157,2508,0
3153,2506,0
3153,2506,0
3153,2507,0
3153,2507,0
3153,2507,0
3153,2506,0
3155,2504,0
3158,2502,0
3160,2501,0
3160,2501,0
3157,2498,0
3158,2497,0
3158,2497,0
3160,2495,0
3162,2493,0
3163,2492,0
3163,2492,0
3163,2492,0
3164,2491,0
3165,2490,0
3165,2490,0
3165,2490,0
3165,2490,0
3164,2491,0
3164,2491,0
3163,2492,0
3164,2491,0
3168,2493,0
3164,2491,0
3168,2493,0
3168,2493,0
3168,2493,0
3171,2495,0
3168,2493,0
3171,2495,0
3170,2496,0
3170,2497,0
3175,2503,0
3173,2504,0
3175,2508,0
3177,2512,0
3179,2516,0
3177,2518,0
3177,2522,0
3174,2525,0
3179,2531,0
3180,2536,0
3177,2539,0
3182,2550,0
3177,2554,0
3177,2560,0
3175,2567,0
3172,2575,0
3173,2589,0
3172,2602,0
3173,2616,0
3170,2629,0
3166,2643,0
3164,2661,0
3163,2678,0
3161,2689,0
3159,2695,0
3157,2697,0
3156,2698,0
3151,2692,0
3146,2680,0
3138,2661,0
3137,2641,0
3139,2613,0
3151,2587,0
3163,2561,0
3176,2540,0
3187,2524,0
3199,2514,0
3211,2507,0
3226,2506,0
3229,2502,0
3228,2503,0
3229,2514,0
3218,2523,0
3204,2536,0
3187,2556,0
3168,2574,0
3147,2586,0
3139,2593,0
3138,2593,0
3139,2587,1
3245,2455,0
3249,2434,0
3264,2425,0
3267,2417,0
3271,2418,0
3274,2427,0
3274,2443,0
3275,2465,0
3275,2492,0
3274,2521,0
3267,2550,0
3254,2572,0
3246,2590,0
3240,2600,0
3239,2601,0
3235,2599,0
3235,2594,0
3236,2587,0
3244,2581,0
3249,2570,0
3259,2562,0
3270,2552,0
3284,2543,0
3295,2534,0
3309,2526,0
3323,2513,0
3340,2502,0
3351,2486,0
3363,2475,0
3366,2466,0
3366,2466,0
3364,2468,0
3358,2473,0
3351,2486,0
3344,2497,0
3344,2514,0
3343,2527,0
3344,2537,0
3349,2544,0
3358,2551,0
3367,2554,0
3379,2553,0
3392,2546,0
3407,2538,0
3417,2528,0
3424,2521,0
3425,2520,0
3424,2521,0
3422,2523,0
3424,2532,0
3422,2540,0
3423,2550,0
3426,2558,0
3432,2564,0
3438,2564,0
3445,2562,0
3457,2556,0
3467,2546,0
3474,2533,0
3487,2519,0
3495,2505,0
3506,2500,0
3515,2502,0
3520,2503,0
3522,2507,0
3520,2514,0
3520,2525,0
3518,2533,0
3515,2536,0
3512,2533,0
3516,2535,0
3518,2527,0
3527,2519,0
3543,2514,0
3558,2509,0
3569,2503,0
3583,2501,0
3597,2497,0
3614,2496,0
3628,2492,0
3637,2489,0
3643,2487,0
3643,2487,0
3643,2487,0
3635,2485,0
3628,2487,0
3613,2492,0
3592,2502,0
3575,2520,0
3559,2537,0
3559,2554,0
3559,2560,0
3558,2561,0
3566,2564,0
3577,2564,0
3597,2562,0
3613,2550,0
3629,2533,0
3645,2515,0
3660,2506,0
3662,2502,0
3662,2502,0
3658,2507,0
3654,2517,0
3654,2530,0
3655,2540,0
3658,2548,0
3660,2552,0
3668,2555,0
3673,2556,0
3683,2556,0
3694,2551,0
3713,2542,0
3732,2527,0
3754,2508,0
3767,2480,0
3790,2453,0
3802,2427,0
3812,2408,0
3816,2398,0
3814,2393,0
3805,2391,0
3790,2396,0
3771,2412,0
3759,2441,0
3746,2473,0
3736,2510,0
3739,2548,0
3748,2574,0
3769,2593,0
3795,2607,0
3814,2614,0
3839,2622,0
3864,2631,0
3878,2632,0
3886,2630,1
4193,2533,0
4190,2530,0
4181,2528,0
4169,2531,0
4155,2537,0
4141,2548,0
4130,2562,0
4122,2578,0
4116,2593,0
4111,2604,0
4118,2615,0
4123,2620,0
4131,2625,0
4141,2631,0
4148,2635,0
4157,2636,0
4168,2630,1
4315,2563,0
4319,2565,0
4320,2562,0
4319,2556,0
4311,2548,0
4300,2543,0
4281,2540,0
4261,2548,0
4242,2560,0
4227,2573,0
4225,2582,0
4231,2588,0
4229,2589,0
4236,2594,0
4244,2598,0
4249,2596,0
4260,2596,0
4266,2588,0
4274,2577,0
4283,2566,0
4301,2555,0
4304,2537,0
4317,2526,0
4331,2521,0
4340,2521,0
4348,2525,0
4352,2532,0
4350,2543,0
4354,2557,0
4355,2569,0
4357,2579,0
4357,2579,0
4360,2581,0
4366,2581,0
4374,2576,0
4386,2567,0
4398,2558,0
4403,2543,0
4420,2533,0
4441,2532,0
4448,2535,0
4448,2542,0
4447,2550,0
4446,2560,0
4449,2568,0
4452,2577,0
4449,2581,0
4455,2589,0
4463,2591,1
4640,2552,0
4642,2548,0
4640,2546,0
4636,2545,0
4628,2543,0
4611,2539,0
4598,2543,0
4582,2552,0
4566,2569,0
4547,2590,0
4525,2606,0
4521,2620,0
4518,2630,0
4526,2639,0
4538,2644,0
4560,2648,0
4579,2649,0
4599,2647,0
4624,2640,0
4650,2624,0
4685,2608,0
4706,2591,0
4728,2580,0
4734,2570,0
4733,2565,0
4726,2561,0
4715,2563,0
4704,2573,0
4693,2581,0
4693,2590,0
4683,2589,0
4689,2595,0
4693,2595,0
4703,2595,0
4716,2591,0
4731,2583,0
4749,2569,0
4770,2559,0
4787,2555,0
4800,2557,0
4799,2559,0
4809,2573,0
4809,2589,0
4812,2612,0
4805,2630,0
4801,2651,0
4792,2663,0
4791,2666,0
4787,2664,0
4788,2661,0
4794,2647,0
4802,2626,0
4813,2603,0
4828,2581,0
4847,2564,0
4864,2553,0
4877,2547,0
4893,2545,0
4895,2542,0
4902,2546,0
4898,2551,0
4890,2564,0
4872,2577,0
4854,2591,0
4834,2600,0
4819,2609,0
4807,2613,0
4797,2613,0
4794,2610,1
4924,2494,0
4946,2473,0
4959,2459,0
4963,2453,0
4967,2453,0
4967,2454,0
4965,2464,0
4965,2480,0
4964,2497,0
4955,2520,0
4942,2548,0
4928,2572,0
4921,2591,0
4910,2600,0
4909,2610,0
4910,2615,0
4910,2614,0
4922,2611,0
4940,2604,0
4958,2591,0
4982,2583,0
5004,2572,0
5028,2562,0
5045,2557,0
5057,2552,0
5069,2555,0
5074,2564,0
5075,2577,0
5074,2595,0
5070,2608,0
5068,2619,0
5067,2628,1
5118,2464,0
5117,2456,0
5114,2447,0
5110,2437,0
5105,2431,0
5101,2422,0
5096,2415,0
5094,2408,0
5088,2404,1
5175,2557,0
5180,2555,0
5185,2548,0
5192,2545,0
5183,2537,0
5180,2534,0
5162,2532,0
5144,2538,0
5126,2545,0
5121,2553,0
5120,2555,0
5123,2558,0
5127,2560,0
5134,2562,0
5140,2561,0
5151,2559,0
5164,2552,0
5180,2541,0
5197,2527,0
5215,2519,0
5228,2512,0
5239,2510,0
5249,2509,0
5263,2516,0
5267,2524,0
5277,2540,0
5277,2557,0
5274,2579,0
5267,2596,0
5265,2608,0
5269,2617,0
5272,2621,0
5273,2619,0
5284,2617,0
5292,2603,0
5310,2586,0
5334,2569,0
5355,2557,0
5378,2548,0
5394,2545,0
5405,2541,0
5412,2543,0
5423,2550,0
5429,2555,0
5434,2563,0
5434,2569,0
5441,2576,0
5448,2579,0
5458,2577,1
5577,2516,0
5576,2508,0
5572,2499,0
5571,2493,0
5568,2490,0
5561,2487,0
5557,2492,0
5550,2497,0
5545,2507,0
5542,2512,0
5538,2521,0
5532,2533,0
5525,2545,0
5515,2555,0
5508,2560,0
5498,2562,0
5488,2564,0
5476,2560,0
5472,2560,0
5460,2556,0
5456,2556,0
5456,2556,0
5455,2557,0
5453,2552,1
5703,2577,0
5697,2579,0
5701,2581,0
5698,2587,0
5700,2599,0
5695,2617,0
5690,2636,0
5684,2654,0
5679,2666,1
5954,2540,0
5947,2536,0
5940,2533,0
5929,2527,0
5914,2524,0
5898,2527,0
5878,2541,0
5866,2556,0
5858,2573,0
5853,2584,0
5855,2597,0
5863,2608,0
5875,2618,0
5890,2616,0
5909,2614,0
5933,2610,0
5950,2602,0
5974,2589,0
5996,2574,0
6015,2563,0
6033,2552,0
6046,2543,0
6060,2533,0
6075,2528,0
6083,2523,0
6104,2523,0
6104,2523,0
6113,2523,0
6118,2522,0
6122,2523,0
6126,2524,0
6122,2522,0
6121,2524,0
6111,2528,0
6085,2535,0
6068,2545,0
6037,2552,0
6014,2565,0
6003,2578,0
5993,2588,0
5996,2591,0
6000,2593,0
6005,2591,0
6017,2585,0
6032,2581,0
6051,2569,0
6070,2559,0
6086,2544,0
6099,2536,0
6109,2533,0
6097,2531,0
6095,2534,0
6089,2545,0
6087,2558,0
6085,2572,0
6091,2579,0
6097,2584,0
6112,2582,0
6124,2577,0
6136,2567,0
6155,2555,0
6167,2539,0
6186,2528,0
6206,2523,0
6215,2523,0
6220,2528,0
6225,2538,0
6225,2550,0
6223,2562,0
6218,2573,0
6214,2580,0
6213,2582,0
6213,2582,0
6218,2582,0
6218,2574,0
6226,2564,0
6238,2557,0
6247,2549,0
6261,2545,0
6273,2538,0
6292,2536,0
6302,2534,0
6309,2529,0
6320,2532,0
6326,2539,0
6330,2549,0
6329,2560,0
6329,2571,0
6323,2574,0
6321,2579,0
6321,2579,0
6326,2579,0
6326,2569,0
6334,2561,0
6346,2553,0
6360,2542,0
6381,2533,0
6398,2525,0
6417,2521,0
6433,2515,0
6449,2508,0
6461,2510,0
6468,2516,0
6470,2521,0
6464,2533,0
6458,2548,0
6458,2558,0
6455,2564,0
6454,2566,1
6490,2432,0
6483,2427,0
6481,2422,0
6482,2420,0
6483,2418,0
6483,2418,0
6490,2421,0
6492,2428,0
6493,2446,1
6507,2545,0
6508,2553,0
6516,2564,0
6523,2568,0
6535,2570,0
6546,2564,0
6563,2557,0
6581,2547,0
6597,2540,0
6604,2524,0
6606,2516,0
6604,2511,0
6597,2509,0
6587,2511,0
6577,2514,0
6571,2519,0
6567,2528,0
6564,2536,0
6569,2543,0
6572,2548,1
6689,2569,0
6693,2567,0
6695,2564,0
6697,2560,0
6691,2552,0
6688,2550,0
6682,2543,0
6676,2537,0
6675,2529,0
6669,2523,0
6662,2519,0
6662,2520,0
6659,2516,1
6655,2515,0
6658,2519,0
6651,2523,0
6648,2532,0
6644,2542,0
6650,2557,0
6650,2568,0
6659,2578,0
6669,2584,0
6676,2586,0
6691,2584,0
6705,2579,0
6721,2565,0
6738,2545,0
6755,2516,0
6775,2487,0
6787,2456,0
6799,2437,0
6802,2417,0
6804,2405,0
6808,2403,0
6804,2403,0
6800,2414,0
6796,2445,0
6780,2473,0
6782,2502,0
6780,2526,0
6784,2549,0
6794,2566,0
6811,2579,0
6833,2589,0
6852,2594,1