ambitiously and often clumsily.
838
835,7752,0
831,7748,0
821,7735,0
811,7731,0
805,7731,0
791,7739,0
774,7754,0
763,7774,0
752,7805,0
742,7840,0
735,7880,0
733,7921,0
737,7953,0
742,7973,0
747,7977,0
753,7982,0
764,7973,0
781,7954,0
796,7923,0
805,7883,0
809,7835,0
812,7791,0
814,7760,0
815,7735,0
817,7735,0
817,7735,0
817,7747,0
821,7784,0
826,7820,0
835,7864,0
851,7909,0
869,7941,0
883,7957,0
896,7966,0
908,7958,0
923,7926,0
936,7883,0
941,7839,0
945,7794,0
943,7767,0
943,7755,0
943,7759,0
941,7767,0
942,7803,0
946,7855,0
949,7899,0
953,7935,0
953,7955,0
952,7951,0
952,7951,0
953,7923,0
956,7879,0
965,7823,0
978,7775,0
991,7755,0
1006,7748,0
1023,7752,0
1040,7772,0
1054,7808,0
1065,7852,0
1071,7900,0
1076,7928,0
1078,7944,0
1081,7944,0
1080,7943,0
1083,7936,0
1093,7904,0
1107,7860,0
1126,7820,0
1143,7784,0
1157,7772,0
1172,7772,0
1187,7779,0
1201,7803,0
1209,7839,0
1217,7883,0
1223,7926,0
1230,7970,0
1237,8006,0
1247,8026,0
1259,8034,1
1404,7585,0
1404,7581,0
1401,7598,0
1395,7617,0
1387,7646,0
1374,7682,0
1364,7723,0
1358,7774,0
1353,7834,0
1351,7900,0
1354,7963,0
1362,8023,0
1370,8071,0
1377,8098,0
1385,8110,0
1386,8109,0
1394,8102,0
1406,8065,0
1414,8025,0
1412,7984,0
1406,7949,0
1400,7917,0
1393,7893,0
1393,7893,0
1393,7893,0
1394,7894,0
1396,7897,0
1404,7893,0
1420,7896,0
1438,7895,0
1461,7886,0
1483,7878,0
1507,7860,0
1524,7847,0
1538,7834,0
1544,7822,0
1546,7818,0
1546,7818,0
1545,7822,0
1540,7838,0
1534,7871,0
1529,7902,0
1529,7943,0
1537,7986,0
1549,8030,0
1558,8066,0
1573,8093,0
1587,8108,0
1606,8114,1
1708,7649,0
1709,7645,0
1710,7645,0
1712,7649,0
1714,7653,0
1717,7681,0
1718,7717,0
1719,7765,0
1724,7821,0
1723,7881,0
1722,7941,0
1714,8002,0
1694,8047,0
1674,8078,0
1653,8095,0
1631,8097,0
1608,8090,0
1602,8086,0
1598,8067,0
1599,8047,0
1614,8030,0
1637,8004,0
1664,7982,0
1698,7960,0
1737,7936,0
1775,7909,0
1807,7878,0
1831,7859,0
1850,7845,0
1864,7844,0
1869,7843,0
1867,7844,0
1865,7860,0
1857,7880,0
1845,7910,0
1838,7947,0
1831,7984,0
1832,8024,0
1833,8068,0
1841,8103,0
1848,8131,0
1863,8141,0
1883,8136,0
1908,8112,0
1932,8061,1
2075,7945,0
2084,7939,0
2087,7923,0
2087,7911,0
2079,7895,0
2069,7885,0
2054,7883,0
2035,7885,0
2016,7895,0
1997,7909,0
1983,7936,0
1971,7965,0
1966,7994,0
1972,8030,0
1985,8064,0
2002,8090,0
2021,8112,0
2038,8114,0
2058,8112,0
2077,8097,0
2088,8064,0
2094,8027,0
2095,7986,0
2095,7962,0
2094,7942,0
2095,7929,0
2099,7929,0
2105,7921,0
2115,7919,0
2125,7922,0
2137,7920,0
2151,7914,0
2164,7908,0
2178,7898,0
2188,7893,0
2191,7884,0
2189,7885,0
2188,7888,0
2182,7897,0
2174,7919,0
2170,7956,0
2167,8001,0
2171,8049,0
2176,8096,0
2188,8135,0
2198,8150,0
2210,8148,0
2227,8134,0
2248,8102,0
2268,8051,0
2280,8005,0
2285,7967,0
2285,7939,0
2285,7931,0
2284,7927,0
2282,7931,0
2287,7963,0
2291,7999,0
2303,8049,0
2316,8100,0
2330,8134,0
2342,8144,0
2356,8146,0
2377,8131,0
2398,8107,1
2455,7947,0
2446,7933,0
2431,7923,0
2414,7926,0
2395,7938,0
2376,7949,0
2363,7962,0
2358,7980,0
2357,7988,0
2359,7992,0
2368,8003,0
2381,8009,0
2402,8017,0
2427,8030,0
2455,8049,0
2472,8070,0
2487,8100,0
2493,8124,0
2495,8148,0
2487,8170,0
2470,8184,0
2449,8192,0
2425,8184,0
2407,8170,1
2513,8128,0
2538,8123,0
2565,8094,0
2594,8052,0
2620,7994,0
2641,7936,0
2651,7878,0
2657,7831,0
2656,7803,0
2648,7784,0
2638,7778,0
2624,7785,0
2610,7808,0
2598,7847,0
2592,7897,0
2588,7960,0
2589,8028,0
2593,8088,0
2608,8138,0
2622,8164,0
2633,8170,0
2649,8163,0
2667,8139,0
2681,8104,0
2690,8073,0
2698,8047,0
2702,8026,0
2706,8025,0
2707,8025,0
2714,8032,0
2721,8051,0
2731,8082,0
2741,8117,0
2751,8151,0
2765,8193,0
2776,8231,0
2786,8270,0
2794,8313,0
2797,8365,0
2797,8419,0
2784,8475,0
2763,8524,0
2736,8549,0
2705,8568,0
2671,8566,0
2637,8548,0
2598,8531,0
2567,8517,0
2552,8503,1
1913,7670,0
1915,7669,0
1914,7669,0
1913,7670,0
1913,7670,0
1915,7669,0
1917,7673,0
1919,7673,0
1918,7673,0
1920,7677,0
1917,7673,0
1907,7666,0
1894,7651,1
1575,7647,0
1578,7644,0
1577,7643,0
1578,7644,0
1577,7643,0
1578,7644,0
1578,7647,0
1578,7643,0
1580,7647,0
1580,7647,0
1579,7644,0
1578,7647,0
1575,7639,1
3245,7865,0
3243,7861,0
3231,7852,0
3219,7851,0
3202,7852,0
3182,7870,0
3158,7893,0
3139,7923,0
3123,7956,0
3111,7996,0
3106,8035,0
3106,8072,0
3118,8098,0
3139,8122,0
3156,8130,0
3173,8121,0
3193,8100,0
3208,8058,0
3221,8013,0
3235,7963,0
3235,7926,0
3235,7909,0
3234,7902,0
3234,7906,0
3235,7930,0
3234,7964,0
3243,8003,0
3257,8044,0
3276,8085,0
3294,8105,0
3310,8105,0
3327,8095,0
3344,8066,0
3359,8020,0
3368,7971,0
3381,7926,0
3380,7897,0
3384,7892,0
3382,7892,0
3380,7906,0
3378,7948,0
3370,7996,0
3368,8042,0
3373,8083,0
3374,8102,0
3369,8105,0
3373,8095,0
3375,8095,0
3378,8056,0
3391,8006,0
3414,7954,0
3428,7920,0
3439,7904,0
3452,7900,0
3473,7910,0
3483,7937,0
3496,7970,0
3509,8017,0
3523,8066,0
3539,8112,0
3557,8148,1
3698,8074,0
3704,8038,0
3704,8000,0
3696,7965,0
3680,7936,0
3662,7916,0
3643,7906,0
3626,7907,0
3607,7914,0
3592,7931,0
3586,7958,0
3584,7993,0
3591,8037,0
3602,8075,0
3617,8104,0
3631,8117,0
3638,8118,0
3655,8105,0
3669,8071,0
3682,8020,0
3694,7957,0
3703,7886,0
3703,7810,0
3698,7753,0
3692,7721,0
3692,7712,0
3694,7716,0
3694,7725,0
3692,7763,0
3696,7813,0
3703,7874,0
3715,7945,0
3730,8020,0
3748,8090,0
3764,8144,0
3779,8177,0
3796,8192,0
3817,8190,0
3842,8160,0
3865,8109,1
4034,8078,0
4038,8072,0
4044,8053,0
4049,8030,0
4061,8013,0
4077,7998,0
4094,7982,0
4114,7979,0
4139,7986,0
4161,8004,0
4184,8037,0
4197,8076,0
4205,8120,0
4204,8167,0
4190,8211,0
4171,8249,0
4148,8270,0
4121,8276,0
4096,8269,0
4068,8249,0
4052,8220,0
4039,8179,0
4034,8134,0
4038,8089,0
4051,8054,0
4070,8030,0
4088,8011,0
4109,8007,0
4130,8007,1
4331,8633,0
4329,8625,0
4329,8608,0
4331,8568,0
4328,8510,0
4333,8434,0
4335,8356,0
4332,8276,0
4334,8201,0
4336,8131,0
4340,8061,0
4352,8000,0
4368,7941,0
4386,7894,0
4399,7862,0
4414,7851,0
4431,7853,0
4443,7861,0
4449,7880,0
4457,7916,0
4461,7948,1
4427,8107,0
4425,8108,0
4412,8114,0
4391,8113,0
4367,8111,0
4337,8105,0
4316,8101,0
4296,8097,0
4285,8093,1
4519,7845,0
4528,7854,0
4536,7877,0
4542,7913,0
4544,7965,0
4546,8030,0
4549,8111,0
4544,8182,0
4529,8241,0
4512,8283,0
4491,8305,0
4471,8309,0
4459,8305,0
4453,8299,0
4450,8283,0
4459,8262,0
4473,8235,0
4500,8210,0
4527,8181,0
4557,8164,0
4588,8146,0
4618,8129,0
4638,8107,0
4647,8081,0
4649,8066,0
4642,8056,0
4634,8056,0
4619,8058,0
4603,8070,0
4589,8089,0
4582,8119,0
4582,8157,0
4589,8202,0
4601,8250,0
4615,8283,0
4631,8298,0
4644,8297,0
4666,8278,0
4685,8247,0
4705,8208,0
4719,8172,0
4727,8141,0
4732,8126,0
4736,8129,0
4735,8133,0
4736,8141,0
4731,8175,0
4724,8213,0
4722,8257,0
4721,8284,0
4721,8288,0
4722,8289,0
4724,8288,0
4731,8276,0
4746,8242,0
4772,8208,0
4801,8173,0
4822,8155,0
4838,8156,0
4851,8163,0
4860,8172,0
4871,8198,0
4874,8227,0
4874,8258,0
4875,8297,0
4875,8328,0
4876,8346,0
4879,8358,0
4878,8353,0
4879,8348,0
4883,8343,0
4892,8321,0
4910,8281,1
5298,8163,0
5297,8159,0
5287,8151,0
5275,8144,0
5260,8134,0
5244,8133,0
5227,8137,0
5209,8143,0
5192,8160,0
5175,8177,0
5160,8199,0
5151,8225,0
5146,8255,0
5146,8286,0
5155,8322,0
5168,8352,0
5187,8373,0
5206,8386,0
5231,8396,0
5258,8396,0
5291,8383,0
5320,8363,0
5356,8331,0
5380,8292,0
5403,8248,0
5420,8193,0
5433,8136,0
5437,8088,0
5439,8051,0
5431,8023,0
5422,8006,0
5412,8001,0
5394,8003,0
5378,8020,0
5366,8050,0
5357,8086,0
5351,8126,0
5351,8175,0
5355,8224,0
5362,8269,0
5372,8315,0
5385,8353,0
5400,8376,0
5415,8386,0
5431,8383,0
5448,8369,0
5463,8338,0
5474,8305,0
5486,8276,0
5488,8252,0
5489,8242,0
5490,8246,0
5487,8248,0
5488,8271,0
5489,8297,0
5490,8328,0
5497,8360,0
5508,8387,0
5528,8408,0
5546,8412,0
5569,8413,0
5595,8394,0
5624,8369,0
5655,8343,0
5678,8307,1
5586,8380,0
5598,8379,0
5608,8368,0
5625,8350,0
5640,8324,0
5654,8288,0
5662,8261,0
5665,8241,0
5661,8229,0
5662,8228,0
5654,8237,0
5645,8257,0
5640,8287,0
5641,8323,0
5648,8365,0
5658,8401,0
5668,8423,0
5679,8430,0
5692,8427,0
5713,8406,0
5737,8365,0
5756,8327,0
5764,8294,0
5767,8278,0
5769,8273,0
5765,8275,0
5762,8290,0
5756,8327,0
5743,8362,0
5736,8403,0
5728,8426,0
5728,8430,0
5730,8424,0
5735,8412,0
5747,8378,0
5770,8332,0
5807,8278,0
5827,8253,0
5839,8250,0
5843,8254,0
5852,8276,0
5849,8310,0
5842,8360,0
5834,8402,0
5831,8427,0
5829,8427,0
5832,8426,0
5835,8420,0
5844,8387,0
5865,8351,0
5894,8302,0
5918,8269,0
5926,8260,0
5931,8266,0
5935,8278,0
5941,8297,0
5945,8332,0
5948,8372,0
5955,8405,0
5964,8432,0
5977,8439,1
6125,8293,0
6124,8294,0
6119,8292,0
6115,8290,0
6111,8287,0
6107,8286,0
6104,8287,0
6094,8288,0
6083,8295,0
6070,8298,0
6058,8305,0
6049,8312,0
6045,8323,0
6042,8329,0
6044,8339,0
6046,8346,0
6052,8361,0
6065,8377,0
6076,8394,0
6090,8418,0
6097,8432,0
6102,8452,0
6103,8470,0
6097,8493,0
6085,8509,0
6071,8517,0
6054,8524,0
6034,8521,0
6023,8519,0
6016,8513,0
6019,8516,0
6020,8510,0
6037,8505,0
6058,8488,0
6087,8466,0
6114,8445,0
6137,8422,0
6160,8398,0
6171,8373,0
6182,8352,0
6189,8337,0
6189,8338,0
6189,8334,0
6189,8338,0
6187,8344,0
6187,8368,0
6183,8393,0
6187,8428,0
6196,8464,0
6208,8491,0
6221,8506,0
6240,8512,0
6271,8503,1
6264,8499,0
6267,8497,0
6280,8484,0
6299,8458,0
6321,8420,0
6336,8373,0
6348,8327,0
6358,8282,0
6363,8249,0
6361,8218,0
6352,8186,0
6345,8162,0
6333,8155,0
6327,8154,0
6317,8165,0
6306,8192,0
6297,8231,0
6293,8272,0
6292,8315,0
6299,8363,0
6306,8410,0
6315,8447,0
6328,8477,0
6338,8494,0
6346,8494,0
6365,8486,0
6382,8467,0
6396,8434,0
6405,8404,0
6411,8382,0
6412,8362,0
6418,8353,0
6419,8352,0
6414,8356,0
6422,8369,0
6425,8387,0
6432,8405,0
6439,8430,0
6449,8442,0
6452,8445,0
6463,8438,0
6476,8420,0
6481,8397,0
6490,8377,0
6502,8355,0
6509,8346,0
6515,8346,0
6523,8356,0
6531,8374,0
6533,8402,0
6541,8445,0
6538,8489,0
6536,8533,0
6529,8572,0
6516,8599,0
6499,8614,0
6478,8628,0
6457,8636,0
6437,8635,0
6423,8630,0
6409,8615,0
6404,8585,0
6415,8550,0
6426,8515,0
6452,8474,1
6217,8202,0
6216,8203,0
6215,8203,0
6214,8204,0
6213,8208,0
6215,8213,0
6214,8213,0
6216,8211,0
6216,8211,0
6216,8211,0
6216,8207,0
6225,8201,0
6222,8189,1
6703,8582,0
6705,8580,0
6700,8575,0
6703,8578,0
6698,8575,0
6703,8578,0
6701,8573,0
6698,8575,0
6697,8586,1