out in ciment fondu for bronze, have
816
658,2905,0
654,2904,0
649,2895,0
644,2886,0
634,2881,0
620,2882,0
600,2890,0
578,2911,0
558,2936,0
545,2946,0
540,2965,0
539,2985,0
542,2994,0
549,3008,0
559,3009,0
569,3007,0
582,3001,0
594,2995,0
605,2981,0
615,2962,0
621,2938,0
626,2915,0
629,2892,0
630,2876,0
629,2867,0
626,2863,0
621,2866,0
619,2866,0
620,2870,0
627,2875,0
637,2877,0
647,2883,0
657,2880,0
686,2872,0
707,2863,0
731,2846,0
750,2832,0
758,2825,0
758,2830,0
749,2853,0
735,2879,0
721,2905,0
713,2937,0
709,2956,0
709,2969,0
712,2973,0
719,2974,0
728,2971,0
745,2965,0
761,2938,0
781,2920,0
798,2907,0
808,2895,0
811,2895,0
811,2900,0
810,2912,0
808,2928,0
810,2943,0
816,2953,0
827,2953,0
842,2943,0
862,2928,0
884,2902,0
909,2876,0
933,2849,0
955,2810,0
976,2774,0
991,2751,0
997,2739,0
998,2740,0
996,2740,0
994,2748,0
990,2767,0
982,2791,0
970,2822,0
955,2861,0
943,2901,0
933,2933,0
928,2948,0
924,2965,1
864,2972,0
862,2980,0
863,2984,0
869,2989,0
877,2989,0
891,2991,0
907,2992,0
921,2989,0
936,2989,0
948,2986,0
960,2986,0
966,2987,0
970,2987,0
974,2987,0
979,2983,0
984,2983,0
994,2984,1
1189,2895,0
1181,2910,0
1176,2931,0
1174,2943,0
1175,2951,0
1179,2958,0
1185,2967,0
1188,2967,0
1194,2966,0
1203,2958,0
1216,2950,0
1230,2936,0
1241,2924,0
1252,2916,0
1258,2907,0
1263,2906,0
1267,2906,0
1271,2910,0
1274,2918,0
1271,2926,0
1267,2934,0
1267,2938,0
1272,2938,0
1285,2941,0
1301,2931,0
1322,2926,0
1340,2921,0
1353,2919,0
1362,2926,0
1368,2934,0
1374,2945,0
1381,2956,0
1385,2960,1
1208,2766,0
1207,2770,0
1207,2770,0
1208,2770,0
1208,2770,0
1206,2766,0
1206,2765,0
1206,2765,0
1208,2770,1
1697,2896,0
1692,2888,0
1689,2881,0
1686,2881,0
1678,2880,0
1662,2878,0
1646,2886,0
1629,2902,0
1608,2914,0
1594,2937,0
1581,2955,0
1575,2977,0
1570,2990,0
1573,3001,0
1580,3009,0
1590,3016,0
1604,3017,0
1621,3013,0
1641,3006,0
1662,2993,0
1685,2976,0
1708,2955,0
1729,2934,0
1747,2917,0
1760,2901,0
1771,2895,0
1773,2885,0
1773,2885,0
1773,2890,0
1768,2900,0
1762,2917,0
1754,2936,0
1746,2950,0
1744,2967,0
1746,2979,0
1752,2985,0
1763,2992,0
1772,2989,0
1780,2982,0
1785,2970,0
1792,2955,1
1803,2799,0
1800,2791,0
1798,2788,0
1795,2785,0
1795,2784,0
1795,2785,0
1797,2784,0
1802,2791,0
1807,2798,1
1848,2882,0
1850,2894,0
1849,2907,0
1850,2931,0
1844,2946,0
1843,2958,0
1847,2970,0
1849,2973,0
1850,2972,0
1855,2972,0
1862,2970,0
1872,2959,0
1886,2954,0
1898,2943,0
1906,2940,0
1908,2940,0
1908,2943,0
1908,2952,0
1908,2956,0
1909,2964,0
1906,2961,0
1909,2964,0
1914,2959,0
1925,2947,0
1941,2934,0
1955,2921,0
1965,2918,0
1970,2924,0
1971,2937,0
1968,2954,0
1964,2964,0
1968,2975,0
1975,2982,0
1979,2980,0
1990,2981,0
2002,2977,0
2015,2968,0
2029,2955,0
2041,2943,0
2046,2933,0
2044,2925,0
2040,2922,0
2031,2917,0
2026,2919,0
2023,2915,0
2026,2923,0
2028,2926,0
2034,2932,0
2041,2930,0
2053,2934,0
2065,2930,0
2082,2929,0
2099,2922,0
2111,2913,0
2122,2914,0
2127,2920,0
2129,2932,0
2127,2941,0
2127,2950,0
2129,2958,0
2133,2965,0
2138,2971,0
2149,2976,0
2162,2971,0
2181,2963,0
2203,2954,0
2224,2951,0
2233,2947,0
2242,2956,0
2245,2963,0
2250,2974,0
2251,2978,0
2256,2984,0
2260,2987,0
2266,2989,0
2273,2986,1
2365,2830,0
2376,2816,0
2381,2801,0
2384,2799,0
2379,2793,0
2378,2802,0
2375,2822,0
2370,2851,0
2363,2885,0
2355,2919,0
2354,2955,0
2349,2975,0
2347,2994,1
2292,3000,0
2286,3011,0
2286,3020,0
2291,3026,0
2301,3031,0
2317,3028,0
2341,3027,0
2360,3013,0
2383,3012,0
2401,3008,0
2418,3005,0
2434,3006,0
2445,3005,1
2885,2831,0
2881,2824,0
2873,2814,0
2869,2807,0
2863,2802,0
2855,2803,0
2844,2810,0
2833,2828,0
2819,2846,0
2809,2871,0
2799,2902,0
2784,2938,0
2776,2981,0
2764,3011,0
2758,3042,0
2758,3076,0
2754,3100,0
2754,3119,0
2759,3129,0
2760,3124,0
2766,3112,1
2771,2942,0
2769,2938,0
2773,2940,0
2784,2943,0
2795,2946,0
2812,2949,0
2832,2956,0
2844,2958,0
2859,2963,0
2875,2967,0
2897,2972,0
2914,2970,0
2922,2960,0
2935,2960,0
2942,2960,0
2942,2960,0
2941,2961,0
2936,2960,0
2926,2962,0
2912,2967,0
2900,2979,0
2891,2994,0
2885,3008,0
2883,3014,0
2883,3018,0
2888,3021,0
2889,3019,0
2895,3020,0
2904,3014,0
2910,3001,0
2926,2990,0
2938,2973,0
2952,2959,0
2963,2943,0
2974,2930,0
2989,2924,0
2995,2920,0
2998,2923,0
3001,2935,0
2998,2947,0
2996,2959,0
2995,2968,0
2996,2972,0
2996,2972,0
3002,2974,0
3011,2972,0
3020,2966,0
3037,2965,0
3049,2961,0
3059,2958,0
3069,2961,0
3078,2969,0
3082,2976,0
3090,2985,0
3093,2994,0
3097,3005,0
3104,3019,0
3107,3027,0
3110,3030,0
3122,3037,0
3129,3030,1
3240,2999,0
3243,2992,0
3246,2989,0
3244,2985,0
3241,2978,0
3238,2970,0
3230,2956,0
3222,2948,0
3211,2940,0
3198,2941,0
3182,2948,0
3165,2955,0
3158,2971,0
3149,2982,0
3147,2993,0
3150,3001,0
3153,3004,0
3160,3004,0
3173,3000,0
3183,2992,0
3195,2977,0
3211,2960,0
3228,2938,0
3249,2917,0
3259,2898,0
3262,2885,0
3264,2879,0
3263,2874,0
3259,2872,0
3261,2876,0
3254,2886,0
3246,2908,0
3233,2929,0
3223,2951,0
3221,2973,0
3221,2993,0
3222,3007,0
3228,3018,0
3235,3023,0
3243,3027,0
3254,3029,0
3264,3025,0
3277,3016,0
3296,3001,0
3312,2984,0
3327,2965,0
3341,2950,0
3354,2935,0
3363,2921,0
3375,2916,0
3375,2912,0
3373,2912,0
3377,2926,0
3370,2941,0
3364,2957,0
3366,2977,0
3372,2997,0
3374,3011,0
3380,3022,0
3391,3033,0
3402,3039,0
3416,3044,0
3431,3047,0
3440,3045,0
3455,3043,1
3726,3012,0
3727,3011,0
3734,3010,0
3742,3003,0
3756,2995,0
3770,2982,0
3783,2963,0
3802,2941,0
3823,2914,0
3841,2884,0
3861,2857,0
3875,2832,0
3882,2813,0
3884,2799,0
3886,2791,0
3881,2784,0
3874,2781,0
3862,2782,0
3846,2791,0
3831,2813,0
3812,2844,0
3797,2883,0
3778,2923,0
3762,2967,0
3748,3008,0
3741,3048,0
3738,3078,0
3739,3098,0
3741,3113,1
3730,3003,0
3725,3001,0
3726,3001,0
3726,3001,0
3730,2998,0
3740,3000,0
3752,2999,0
3768,3000,0
3787,2999,0
3803,2994,0
3823,2992,0
3845,2987,0
3865,2980,0
3881,2969,0
3894,2962,0
3898,2958,0
3894,2955,0
3889,2955,0
3880,2958,0
3866,2967,0
3852,2981,0
3844,2999,0
3842,3012,0
3843,3022,0
3851,3032,0
3862,3037,0
3871,3040,0
3880,3036,0
3891,3031,0
3901,3023,0
3917,3012,0
3926,2997,0
3934,2977,0
3947,2963,0
3951,2948,0
3959,2946,0
3960,2945,0
3969,2948,0
3976,2952,0
3981,2958,0
3990,2966,0
3995,2978,0
4000,2995,0
4007,3017,0
4004,3031,0
4005,3042,0
4003,3045,0
4003,3045,0
4007,3046,0
4010,3036,0
4016,3019,0
4024,3004,0
4032,2990,0
4045,2983,0
4055,2977,0
4063,2976,0
4072,2973,0
4085,2970,0
4097,2964,0
4111,2960,0
4120,2956,0
4128,2953,0
4136,2950,0
4149,2948,0
4162,2946,1
4387,3047,0
4391,3049,0
4398,3047,0
4408,3041,0
4427,3033,0
4441,3016,0
4458,2994,0
4475,2969,0
4495,2943,0
4508,2914,0
4517,2891,0
4519,2875,0
4513,2864,0
4509,2863,0
4490,2861,0
4479,2874,0
4458,2894,0
4446,2922,0
4432,2946,0
4433,2975,0
4430,2996,0
4433,3018,0
4436,3033,0
4444,3049,0
4448,3057,0
4456,3065,0
4463,3062,0
4474,3056,0
4485,3038,0
4498,3028,0
4502,3011,0
4509,2997,0
4509,2983,0
4517,2981,0
4519,2977,0
4525,2977,0
4531,2975,0
4543,2980,0
4549,2978,0
4567,2981,0
4584,2980,0
4605,2980,0
4620,2974,0
4634,2968,0
4649,2961,0
4659,2956,0
4664,2956,0
4664,2962,0
4660,2975,0
4653,2990,0
4649,3008,0
4641,3023,0
4637,3035,0
4632,3040,0
4632,3042,0
4632,3041,0
4634,3033,0
4636,3017,0
4649,3001,0
4657,2984,0
4667,2972,0
4685,2962,0
4700,2949,0
4717,2941,0
4736,2936,0
4751,2928,0
4768,2924,0
4786,2921,0
4799,2918,0
4804,2917,0
4804,2917,0
4803,2918,0
4796,2920,0
4781,2929,0
4765,2943,0
4752,2960,0
4741,2975,0
4732,2992,0
4731,3007,0
4736,3021,0
4742,3025,0
4749,3028,0
4760,3028,0
4768,3025,0
4775,3016,0
4782,3006,0
4789,2992,0
4791,2975,0
4787,2960,0
4784,2958,0
4781,2955,0
4777,2953,0
4781,2954,0
4782,2953,0
4793,2952,0
4804,2951,0
4817,2946,0
4835,2943,0
4848,2931,0
4866,2927,0
4881,2926,0
4888,2931,0
4889,2943,0
4888,2959,0
4886,2975,0
4881,2988,0
4880,2996,0
4881,3001,0
4886,3002,0
4892,3000,0
4896,2987,0
4910,2975,0
4927,2967,0
4934,2963,0
4938,2964,0
4936,2967,0
4942,2972,0
4946,2980,0
4950,2989,0
4954,2997,0
4955,2995,1
5004,2940,0
5003,2936,0
5005,2932,0
5004,2928,0
5009,2926,0
5018,2927,0
5028,2920,0
5049,2918,0
5064,2917,0
5088,2919,0
5104,2924,0
5122,2932,0
5129,2936,0
5137,2939,0
5134,2943,0
5129,2951,0
5113,2960,0
5088,2968,0
5072,2983,0
5055,2994,0
5031,3000,0
5024,3009,0
5025,3016,0
5033,3023,0
5047,3026,0
5058,3023,0
5084,3021,0
5112,3018,0
5142,3008,0
5179,2997,0
5204,2982,0
5237,2969,0
5253,2953,0
5255,2943,0
5248,2938,0
5233,2941,0
5211,2951,0
5189,2969,0
5179,2983,0
5183,2992,0
5204,3004,0
5231,3006,0
5253,3003,0
5286,3004,0
5310,3003,1
5465,3008,0
5469,3010,0
5472,3013,0
5475,3023,0
5482,3041,0
5479,3060,0
5473,3076,0
5464,3090,0
5469,3105,1
5613,2984,0
5613,2984,0
5621,2987,0
5635,2987,0
5643,2982,0
5657,2975,0
5673,2963,0
5694,2944,0
5715,2925,0
5731,2897,0
5746,2873,0
5749,2850,0
5758,2835,0
5752,2822,0
5754,2818,0
5743,2812,0
5740,2818,0
5733,2839,0
5723,2871,0
5709,2912,0
5701,2948,0
5703,2975,0
5709,2998,0
5710,3011,0
5718,3020,0
5726,3023,0
5738,3018,0
5757,3008,0
5772,2992,0
5794,2979,0
5813,2971,0
5829,2967,0
5849,2967,0
5868,2964,0
5885,2967,0
5901,2971,0
5909,2981,0
5916,2992,0
5923,3005,0
5922,3022,0
5926,3039,0
5926,3048,0
5924,3058,0
5921,3062,0
5919,3066,0
5921,3071,0
5921,3071,0
5924,3066,0
5928,3058,1
6034,2980,0
6035,2978,0
6034,2972,0
6032,2967,0
6022,2962,0
6010,2965,0
5991,2974,0
5970,2988,0
5950,2999,0
5942,3012,0
5940,3023,0
5944,3033,0
5949,3040,0
5957,3042,0
5972,3040,0
6040,2994,0
6038,2998,0
6039,3011,0
6037,3025,0
6041,3040,0
6042,3046,0
6049,3051,0
6061,3054,0
6073,3049,0
6087,3042,0
6099,3029,0
6112,3013,0
6121,2996,0
6131,2989,0
6131,2989,0
6133,2992,0
6128,3001,0
6131,3012,0
6133,3024,0
6133,3033,0
6140,3037,0
6147,3040,0
6157,3040,0
6186,3019,0
6193,3008,0
6207,2999,0
6217,2999,0
6228,2994,0
6242,2987,0
6255,2977,0
6273,2970,0
6290,2963,0
6299,2955,0
6298,2957,0
6298,2957,0
6289,2956,0
6280,2965,0
6263,2981,0
6259,2996,0
6263,3005,0
6280,3014,0
6310,3018,0
6338,3017,0
6355,3012,0
6367,3006,1