one refused to wear spectacles.
684
557,4102,0
546,4101,0
536,4104,0
521,4113,0
504,4135,0
489,4165,0
478,4200,0
472,4243,0
470,4284,0
477,4317,0
487,4322,0
504,4324,0
521,4319,0
535,4285,0
547,4250,0
557,4207,0
563,4172,0
564,4139,0
558,4114,0
547,4101,0
536,4104,0
527,4110,0
521,4121,0
521,4138,0
526,4150,0
540,4160,0
559,4159,0
582,4150,0
604,4132,0
626,4118,0
644,4093,0
659,4074,0
673,4056,0
685,4053,0
692,4061,0
697,4082,0
698,4118,0
706,4172,0
714,4212,0
721,4241,0
728,4257,0
731,4258,0
735,4250,0
741,4231,0
748,4195,0
752,4151,0
762,4112,0
779,4085,0
792,4065,0
805,4070,0
817,4096,0
830,4128,0
844,4166,0
861,4195,0
881,4215,0
906,4225,0
935,4222,0
966,4207,0
996,4179,0
1024,4140,0
1044,4085,0
1059,4045,0
1063,4036,0
1059,4033,0
1046,4048,0
1027,4076,0
1015,4124,0
1011,4152,0
1023,4180,0
1050,4192,0
1093,4192,0
1137,4184,0
1184,4175,1
1467,3997,0
1467,3997,0
1470,3997,0
1476,4012,0
1483,4044,0
1491,4082,0
1500,4122,0
1506,4146,0
1511,4161,0
1514,4161,0
1517,4160,0
1521,4148,0
1525,4120,0
1532,4079,0
1543,4053,0
1555,4044,0
1564,4034,0
1577,4044,0
1590,4056,0
1608,4073,0
1630,4086,0
1655,4090,0
1677,4091,0
1696,4080,0
1712,4062,0
1725,4044,0
1732,4025,0
1730,4002,0
1724,3995,0
1713,3996,0
1696,4015,0
1674,4039,0
1655,4070,0
1643,4104,0
1640,4133,0
1645,4157,0
1660,4174,0
1681,4180,0
1711,4183,0
1746,4174,0
1778,4152,0
1813,4133,0
1841,4095,0
1872,4061,0
1896,4019,0
1914,3966,0
1922,3911,0
1924,3878,0
1922,3870,0
1913,3867,0
1901,3887,0
1881,3920,0
1866,3971,0
1857,4031,0
1855,4085,0
1857,4133,0
1864,4173,0
1871,4196,0
1873,4199,0
1874,4199,0
1872,4187,1
1864,4087,0
1870,4094,0
1884,4104,0
1899,4099,0
1918,4097,0
1937,4080,0
1957,4058,0
1973,4035,0
1987,4019,0
1993,3998,0
1995,3993,0
1993,3997,0
1992,4031,0
1989,4068,0
1992,4100,0
2005,4122,0
2021,4122,0
2038,4114,0
2058,4101,0
2074,4076,0
2087,4048,0
2095,4017,0
2100,3991,0
2100,3974,0
2101,3978,0
2099,3991,0
2101,4015,0
2106,4039,0
2118,4056,0
2136,4072,0
2156,4075,0
2177,4069,0
2201,4058,0
2222,4039,0
2240,4017,0
2253,3997,0
2262,3973,0
2265,3955,0
2272,3966,0
2274,3978,0
2274,4003,0
2279,4035,0
2287,4061,0
2290,4077,0
2295,4101,0
2295,4118,0
2289,4128,0
2280,4131,0
2268,4126,0
2260,4120,0
2253,4114,0
2252,4114,0
2253,4114,0
2260,4116,0
2273,4116,0
2290,4116,0
2314,4112,0
2338,4104,0
2366,4095,0
2388,4075,0
2410,4060,0
2428,4044,0
2437,4020,0
2442,4002,0
2441,3993,0
2434,3995,0
2421,4009,0
2403,4024,0
2391,4053,0
2381,4077,0
2380,4099,0
2386,4114,0
2398,4118,0
2422,4118,0
2446,4106,0
2475,4088,0
2504,4069,0
2531,4050,0
2555,4029,0
2579,4019,0
2593,4010,0
2596,4008,0
2593,4009,0
2584,4021,0
2569,4036,0
2556,4058,0
2544,4080,0
2540,4094,0
2546,4104,0
2558,4104,0
2580,4096,0
2610,4085,0
2634,4053,0
2663,4024,0
2684,3985,0
2709,3953,0
2726,3911,0
2738,3870,0
2749,3843,0
2755,3831,0
2755,3832,0
2755,3836,0
2755,3863,0
2757,3896,0
2763,3934,0
2767,3962,0
2774,3990,0
2779,4014,0
2786,4036,1
3073,3793,0
3062,3794,0
3062,3822,0
3074,3865,0
3078,3913,0
3087,3976,0
3091,4041,0
3100,4109,0
3103,4162,0
3104,4197,0
3104,4214,0
3103,4219,0
3100,4217,1
3047,4060,0
3046,4051,0
3054,4043,0
3070,4030,0
3095,4017,0
3127,4005,0
3156,3989,0
3189,3984,0
3214,3975,0
3236,3971,0
3253,3971,0
3258,3974,0
3264,3998,0
3262,4030,0
3263,4066,0
3276,4101,0
3296,4117,0
3317,4123,0
3327,4114,0
3341,4109,0
3346,4089,0
3346,4061,0
3348,4036,0
3345,4011,0
3339,3995,0
3341,3999,0
3344,4003,0
3340,3999,0
3351,4007,0
3368,4011,0
3387,4005,0
3417,4000,0
3447,3987,0
3483,3978,0
3510,3970,0
3538,3962,1
3727,3964,0
3729,3978,0
3727,3994,0
3725,4010,0
3721,4032,0
3728,4061,0
3730,4089,0
3732,4107,0
3747,4125,0
3756,4128,0
3768,4126,0
3790,4126,0
3804,4111,0
3818,4087,0
3835,4065,0
3849,4040,0
3858,4004,0
3869,3976,0
3875,3958,0
3879,3950,0
3880,3949,0
3873,3954,0
3869,3976,0
3867,4008,0
3867,4042,0
3877,4075,0
3884,4085,0
3899,4093,0
3914,4097,0
3926,4089,0
3938,4074,0
3948,4057,0
3952,4029,0
3954,4003,0
3957,3981,0
3959,3974,0
3962,3976,0
3966,3983,0
3974,3993,0
3991,4006,0
4013,4013,0
4041,4018,0
4068,4012,0
4099,4003,0
4128,3995,0
4151,3981,0
4167,3969,0
4169,3952,0
4163,3931,0
4155,3927,0
4143,3937,0
4122,3959,0
4102,3985,0
4085,4013,0
4072,4039,0
4066,4059,0
4077,4075,0
4093,4089,0
4110,4086,0
4133,4077,0
4164,4069,0
4196,4053,0
4225,4031,0
4253,4007,0
4275,3983,0
4285,3959,0
4294,3947,0
4292,3944,0
4287,3953,0
4273,3976,0
4255,4006,0
4242,4038,0
4227,4054,0
4228,4068,0
4238,4077,0
4246,4074,0
4261,4062,0
4278,4044,0
4290,4017,0
4305,3995,0
4321,3971,0
4331,3957,0
4340,3960,0
4346,3970,0
4349,3984,0
4358,4002,0
4379,4017,0
4401,4024,0
4421,4017,0
4437,4007,0
4457,3991,0
4476,3969,0
4491,3950,0
4506,3930,0
4514,3923,0
4524,3931,0
4527,3954,0
4537,3983,0
4546,4013,0
4557,4035,0
4569,4046,0
4584,4049,0
4606,4040,0
4640,4030,0
4669,4010,1
5127,4016,0
5122,4015,0
5111,4015,0
5098,4017,0
5084,4022,0
5066,4034,0
5043,4051,0
5028,4078,0
5017,4101,0
5019,4121,0
5030,4145,0
5047,4172,0
5059,4194,0
5069,4213,0
5082,4238,0
5093,4261,0
5096,4275,0
5096,4280,0
5084,4281,0
5070,4278,0
5048,4272,0
5033,4264,0
5018,4257,0
5011,4258,0
5007,4261,0
5009,4264,0
5017,4273,0
5032,4283,0
5053,4290,0
5079,4292,0
5101,4282,0
5127,4268,0
5151,4244,0
5173,4216,0
5190,4181,0
5208,4135,0
5228,4091,0
5238,4063,0
5246,4047,0
5253,4046,0
5251,4048,0
5254,4068,0
5254,4097,0
5257,4135,0
5267,4182,0
5265,4236,0
5271,4275,0
5275,4294,0
5282,4311,0
5282,4311,0
5277,4304,0
5268,4278,0
5260,4230,0
5260,4172,0
5263,4129,0
5272,4108,0
5287,4085,0
5305,4061,0
5332,4049,0
5356,4046,0
5380,4054,0
5390,4074,0
5395,4097,0
5392,4113,0
5385,4127,0
5373,4128,0
5361,4129,0
5351,4129,0
5343,4126,0
5337,4126,0
5339,4129,0
5348,4138,0
5363,4151,0
5380,4157,0
5403,4160,0
5428,4162,0
5453,4153,0
5473,4143,0
5496,4130,0
5513,4111,0
5520,4085,0
5527,4059,0
5523,4044,0
5513,4038,0
5496,4045,0
5475,4058,0
5454,4081,0
5434,4103,0
5425,4124,0
5421,4147,0
5420,4160,0
5426,4171,0
5441,4179,0
5456,4179,0
5477,4174,0
5506,4167,0
5530,4152,0
5560,4136,0
5590,4121,0
5621,4102,0
5651,4081,0
5671,4063,0
5687,4051,0
5697,4044,0
5699,4042,0
5696,4040,0
5685,4046,0
5668,4061,0
5646,4080,0
5623,4100,0
5606,4126,0
5589,4145,0
5579,4162,0
5575,4174,0
5579,4181,0
5588,4183,0
5605,4182,0
5626,4176,0
5643,4162,0
5671,4148,0
5697,4131,0
5722,4109,0
5742,4085,0
5763,4059,0
5785,4026,0
5803,3991,0
5815,3963,0
5829,3946,0
5834,3940,0
5837,3942,0
5841,3957,0
5834,3985,0
5826,4026,0
5817,4069,0
5810,4103,0
5810,4134,0
5811,4157,1
5817,4094,0
5821,4096,0
5832,4095,0
5845,4092,0
5866,4085,0
5885,4074,0
5909,4058,0
5933,4046,0
5952,4036,0
5966,4024,0
5970,4019,0
5969,4020,0
5964,4028,0
5944,4052,0
5921,4075,0
5894,4107,0
5878,4133,0
5871,4147,0
5876,4154,0
5885,4150,0
5903,4141,0
5926,4125,0
5948,4104,0
5976,4082,0
6000,4058,0
6021,4039,0
6034,4029,0
6039,4029,0
6042,4032,0
6037,4044,0
6033,4062,0
6030,4085,0
6033,4107,0
6037,4122,0
6050,4131,0
6066,4136,0
6083,4128,0
6105,4118,0
6126,4104,0
6150,4088,0
6169,4068,0
6189,4058,0
6196,4048,0
6198,4044,0
6199,4043,0
6196,4048,0
6184,4056,0
6169,4070,0
6155,4088,0
6137,4105,0
6125,4120,0
6119,4135,0
6120,4146,0
6125,4152,0
6139,4159,0
6154,4160,0
6174,4161,0
6196,4159,0
6225,4154,0
6252,4145,0
6283,4137,0
6312,4127,0
6339,4116,0
6368,4104,0
6392,4092,0
6411,4074,0
6432,4052,0
6443,4029,0
6455,4013,0
6463,3995,0
6469,3980,0
6467,3967,0
6467,3962,0
6454,3952,0
6445,3951,0
6433,3954,0
6414,3959,0
6400,3974,0
6383,3989,0
6372,4011,0
6363,4030,0
6355,4048,0
6352,4065,0
6353,4084,0
6354,4097,0
6362,4114,0
6374,4130,0
6389,4137,0
6411,4141,0
6435,4143,0
6460,4141,0
6484,4135,0
6507,4132,0
6529,4122,0
6550,4114,0
6561,4098,0
6568,4083,0
6568,4075,0
6564,4073,0
6551,4072,0
6534,4075,0
6514,4082,0
6494,4089,0
6477,4099,0
6462,4112,0
6453,4124,0
6446,4134,0
6454,4150,0
6461,4159,0
6476,4167,0
6493,4170,0
6519,4170,0
6545,4168,0
6574,4163,0
6596,4152,0
6625,4140,0
6649,4126,0
6670,4104,0
6693,4085,0
6708,4070,0
6717,4064,0
6722,4058,0
6726,4052,0
6729,4048,0
6728,4041,0
6726,4038,0
6729,4039,0
6729,4039,0
6729,4039,0
6729,4039,0
6727,4037,0
6732,4041,0
6741,4044,0
6749,4053,0
6762,4070,0
6770,4092,0
6769,4116,0
6754,4137,0
6723,4161,0
6677,4183,0
6616,4205,1
6843,4198,0
6844,4197,0
6848,4199,0
6847,4200,0
6850,4202,0
6862,4205,0
6864,4204,0
6858,4198,0
6845,4196,1