of Inkerman with its hand-to-hand tussles
975
1178,4095,0
1177,4091,0
1175,4087,0
1172,4084,0
1166,4072,0
1158,4059,0
1146,4056,0
1131,4052,0
1112,4061,0
1089,4073,0
1068,4093,0
1056,4113,0
1052,4133,0
1054,4152,0
1062,4164,0
1076,4173,0
1095,4180,0
1114,4181,0
1134,4176,0
1150,4168,0
1163,4160,0
1168,4152,0
1172,4135,0
1171,4119,0
1169,4111,0
1166,4111,0
1161,4108,0
1160,4111,0
1160,4108,0
1162,4111,0
1165,4116,0
1168,4119,0
1172,4119,0
1181,4123,0
1192,4119,0
1207,4118,0
1220,4114,0
1235,4101,0
1249,4093,0
1263,4073,0
1274,4060,0
1279,4035,0
1283,4007,0
1284,3983,0
1282,3959,0
1275,3947,0
1265,3936,0
1257,3936,0
1247,3937,0
1240,3945,0
1233,3969,0
1228,4002,0
1224,4038,0
1222,4074,0
1223,4114,0
1227,4150,0
1234,4182,0
1242,4205,0
1251,4229,0
1256,4241,0
1264,4249,1
1150,4116,0
1147,4116,0
1148,4116,0
1152,4116,0
1165,4116,0
1182,4116,0
1204,4110,0
1231,4110,0
1257,4109,0
1279,4107,0
1298,4106,0
1313,4102,0
1327,4101,1
1484,3891,0
1482,3899,0
1481,3911,0
1480,3939,0
1481,3964,0
1482,3988,0
1486,4015,0
1488,4047,0
1488,4075,0
1488,4104,0
1490,4131,0
1493,4143,0
1498,4155,1
1536,4022,0
1536,4022,0
1537,4021,0
1539,4029,0
1544,4045,0
1548,4061,0
1551,4076,0
1556,4095,0
1556,4111,0
1556,4124,0
1556,4128,0
1557,4132,0
1556,4128,0
1557,4119,0
1561,4103,0
1568,4082,0
1580,4060,0
1593,4035,0
1609,4024,0
1621,4022,0
1633,4029,0
1644,4048,0
1650,4063,0
1655,4082,0
1660,4106,0
1662,4126,0
1664,4138,0
1669,4149,0
1677,4144,1
1834,4040,0
1833,4036,0
1825,4029,0
1815,4027,0
1802,4034,0
1783,4041,0
1767,4052,0
1751,4068,0
1739,4089,0
1732,4115,0
1732,4135,0
1738,4155,0
1747,4161,0
1764,4167,0
1782,4163,0
1798,4148,0
1809,4130,1
1734,3948,0
1734,3948,0
1734,3956,0
1737,3984,0
1741,4012,0
1744,4039,0
1749,4072,0
1752,4099,0
1754,4123,1
1830,4126,0
1831,4121,0
1837,4121,0
1845,4111,0
1857,4097,0
1869,4082,0
1882,4067,0
1903,4005,0
1896,4007,0
1878,4010,0
1848,4045,0
1840,4071,0
1839,4092,0
1845,4111,0
1858,4125,0
1874,4130,0
1894,4134,0
1912,4126,0
1930,4122,0
1942,4107,0
1951,4089,0
1957,4075,0
1957,4058,0
1953,4051,0
1957,4075,0
1960,4087,0
1968,4105,0
1973,4112,0
1978,4124,0
1980,4128,0
1980,4128,0
1978,4123,0
1975,4120,0
1968,4105,0
1964,4090,0
1961,4070,0
1958,4051,0
1958,4038,0
1961,4025,0
1968,4015,0
1977,4005,0
1988,3998,0
2001,3999,0
2014,4000,0
2026,4001,1
2065,3995,0
2066,3999,0
2066,4003,0
2068,4015,0
2072,4032,0
2075,4047,0
2077,4068,0
2078,4087,0
2080,4108,0
2079,4116,0
2082,4123,0
2084,4127,0
2085,4127,0
2085,4118,0
2086,4098,0
2091,4080,0
2095,4053,0
2104,4035,0
2112,4025,0
2118,4019,0
2127,4020,0
2137,4026,0
2148,4040,0
2159,4058,0
2168,4075,0
2175,4095,0
2181,4109,0
2181,4118,0
2183,4126,0
2184,4130,0
2185,4129,0
2184,4126,0
2188,4116,0
2196,4097,0
2207,4077,0
2225,4059,0
2243,4050,0
2263,4052,0
2279,4052,0
2292,4056,0
2302,4065,0
2306,4072,0
2309,4085,0
2310,4100,0
2308,4109,1
2410,4051,0
2406,4044,0
2405,4044,0
2401,4041,0
2393,4035,0
2384,4035,0
2371,4039,0
2357,4052,0
2342,4065,0
2331,4082,0
2330,4103,0
2330,4111,0
2335,4121,0
2342,4124,0
2354,4128,0
2367,4125,0
2378,4113,0
2392,4099,0
2404,4082,0
2414,4063,0
2417,4044,0
2418,4048,0
2417,4048,0
2417,4048,0
2417,4057,0
2417,4069,0
2421,4081,0
2425,4092,0
2430,4103,0
2435,4109,0
2438,4109,0
2446,4110,0
2449,4101,1
2476,4019,0
2476,4019,0
2478,4027,0
2476,4040,0
2478,4061,0
2476,4074,0
2480,4094,0
2480,4107,0
2480,4119,0
2480,4123,0
2479,4121,0
2482,4123,0
2482,4118,0
2486,4105,0
2488,4083,0
2492,4056,0
2504,4044,0
2516,4039,0
2526,4035,0
2542,4038,0
2555,4046,0
2564,4055,0
2574,4068,0
2578,4084,0
2578,4097,0
2578,4109,0
2578,4122,0
2581,4129,1
2806,3993,1
2805,4011,0
2805,4024,0
2806,4045,0
2802,4069,0
2803,4095,0
2803,4117,0
2806,4125,0
2813,4134,0
2821,4135,0
2828,4123,0
2837,4106,0
2845,4085,0
2850,4061,0
2854,4033,0
2855,4019,0
2856,4018,0
2855,4019,0
2852,4029,0
2853,4055,0
2852,4073,0
2856,4093,0
2857,4106,0
2861,4113,0
2871,4121,0
2877,4118,0
2890,4117,0
2898,4104,0
2909,4091,0
2920,4077,0
2927,4060,0
2930,4050,0
2927,4043,0
2923,4036,0
2918,4029,0
2914,4027,0
2912,4028,0
2912,4028,0
2913,4027,0
2914,4026,0
2921,4028,1
2982,3980,0
2979,3981,0
2975,3983,0
2974,3993,0
2974,4006,0
2977,4023,0
2978,4040,0
2980,4057,0
2976,4068,0
2979,4085,0
2979,4093,0
2979,4093,0
2983,4096,1
2965,3918,0
2965,3918,0
2963,3913,0
2964,3913,0
2963,3909,1
3055,3929,0
3054,3930,0
3056,3933,0
3057,3942,0
3053,3957,0
3052,3981,0
3054,4006,0
3054,4029,0
3057,4058,0
3059,4080,0
3057,4090,0
3060,4102,0
3062,4106,1
3027,4038,0
3023,4036,0
3023,4036,0
3021,4033,0
3027,4038,0
3036,4043,0
3049,4049,0
3065,4051,0
3076,4045,0
3087,4034,0
3098,4024,0
3103,4008,1
3098,3929,0
3094,3931,0
3091,3933,0
3089,3937,1
3086,3949,0
3092,3973,0
3097,3993,0
3105,4021,0
3111,4044,0
3115,4061,0
3119,4072,0
3120,4076,0
3123,4079,0
3125,4078,0
3127,4068,0
3138,4053,0
3149,4033,0
3159,4019,0
3171,4017,0
3180,4017,0
3187,4022,0
3197,4035,0
3200,4047,0
3204,4063,0
3203,4077,0
3201,4092,0
3199,4106,0
3199,4116,1
3401,4000,0
3404,4003,0
3404,4003,0
3403,4004,0
3404,4017,0
3406,4035,0
3411,4059,0
3413,4077,0
3415,4099,0
3418,4121,0
3417,4135,0
3421,4147,0
3426,4154,1
3414,3926,0
3411,3923,0
3411,3923,0
3412,3923,0
3414,3922,1
3477,3930,0
3477,3934,0
3475,3945,0
3476,3964,0
3479,3990,0
3484,4015,0
3489,4040,0
3487,4060,0
3490,4082,0
3493,4099,0
3492,4109,0
3491,4109,0
3492,4109,1
3454,4044,0
3454,4044,0
3454,4044,0
3459,4040,0
3473,4041,0
3486,4037,0
3504,4040,0
3522,4039,1
3609,4026,0
3602,4020,0
3588,4015,0
3577,4018,0
3559,4020,0
3540,4022,0
3529,4029,0
3522,4034,0
3522,4043,0
3529,4053,0
3541,4064,0
3557,4073,0
3575,4081,0
3592,4089,0
3608,4097,0
3621,4108,0
3629,4117,0
3629,4121,0
3629,4128,0
3624,4135,0
3608,4135,0
3591,4137,0
3576,4137,0
3565,4139,0
3556,4140,0
3549,4139,0
3548,4140,0
3551,4143,1
3787,3917,0
3783,3916,0
3782,3916,0
3785,3923,0
3785,3938,0
3790,3959,0
3796,3984,0
3800,4011,0
3805,4037,0
3811,4063,0
3812,4081,0
3817,4097,0
3814,4104,0
3815,4108,0
3818,4111,0
3818,4106,0
3816,4093,0
3820,4076,0
3829,4059,0
3837,4044,0
3850,4035,0
3861,4027,0
3879,4029,0
3890,4030,0
3904,4041,0
3912,4053,0
3919,4069,0
3919,4079,0
3919,4093,0
3915,4102,0
3912,4109,0
3909,4111,0
3909,4111,1
4007,4053,0
4005,4046,0
4005,4039,0
3998,4030,0
3990,4027,0
3977,4025,0
3963,4031,0
3947,4039,0
3935,4052,0
3924,4065,0
3923,4081,0
3925,4094,0
3933,4103,0
3948,4112,0
3960,4109,0
3977,4106,0
3993,4099,0
4000,4084,0
4010,4066,0
4014,4048,0
4020,4034,0
4017,4030,0
4017,4031,0
4017,4036,0
4016,4051,0
4017,4066,0
4024,4085,0
4030,4101,0
4034,4113,0
4041,4128,0
4044,4131,0
4051,4135,0
4052,4130,1
4071,4044,0
4071,4044,0
4071,4044,0
4071,4050,0
4072,4065,0
4075,4077,0
4079,4094,0
4077,4101,0
4077,4106,0
4077,4106,0
4078,4105,0
4078,4099,0
4082,4092,0
4082,4077,0
4085,4059,0
4092,4044,0
4099,4034,0
4109,4030,0
4118,4028,0
4132,4033,0
4145,4042,0
4154,4051,0
4162,4065,0
4170,4080,0
4169,4090,0
4170,4099,0
4170,4109,0
4172,4113,1
4222,4068,0
4220,4065,0
4217,4063,0
4216,4063,0
4207,4060,0
4198,4061,0
4186,4066,0
4179,4077,0
4171,4089,0
4167,4097,0
4169,4111,0
4175,4121,0
4183,4131,0
4192,4133,0
4202,4135,0
4209,4130,0
4217,4123,0
4226,4111,0
4234,4095,0
4238,4071,0
4240,4044,0
4246,4018,0
4246,3993,0
4247,3976,0
4244,3957,0
4244,3947,0
4242,3939,0
4239,3936,0
4242,3939,0
4240,3940,0
4238,3952,0
4239,3972,0
4239,3992,0
4240,4012,0
4247,4038,0
4249,4058,0
4258,4081,0
4262,4098,0
4268,4113,0
4279,4125,0
4290,4133,1
4333,4065,0
4332,4066,0
4332,4066,0
4336,4068,0
4337,4067,0
4345,4066,0
4361,4068,0
4381,4072,0
4401,4071,0
4419,4071,0
4437,4071,0
4454,4073,0
4472,4073,1
4519,3940,0
4516,3943,0
4512,3957,0
4513,3978,0
4514,3998,0
4518,4022,0
4521,4046,0
4519,4068,0
4519,4090,0
4521,4111,0
4520,4121,0
4521,4126,0
4524,4128,1
4492,4023,0
4486,4018,0
4488,4017,0
4486,4012,0
4493,4012,0
4505,4012,0
4521,4015,0
4536,4016,0
4561,4021,0
4584,4022,0
4610,4026,0
4630,4028,0
4653,4035,1
4627,4064,0
4623,4063,0
4616,4058,0
4613,4056,0
4603,4052,0
4598,4052,0
4591,4059,0
4577,4065,0
4565,4076,0
4555,4085,0
4553,4103,0
4550,4116,0
4554,4128,0
4561,4138,0
4577,4147,0
4594,4147,0
4613,4142,0
4631,4131,0
4653,4121,0
4667,4103,0
4676,4085,0
4674,4069,0
4669,4063,0
4661,4060,0
4654,4061,0
4646,4063,0
4637,4065,0
4635,4068,0
4636,4072,1
4774,3952,0
4774,3964,0
4775,3986,0
4775,4013,0
4773,4036,0
4777,4061,0
4780,4080,0
4777,4093,0
4782,4105,0
4783,4110,0
4787,4112,0
4787,4111,0
4787,4106,0
4787,4094,0
4796,4081,0
4801,4059,0
4817,4045,0
4828,4034,0
4842,4031,0
4854,4030,0
4869,4039,0
4876,4048,0
4883,4064,0
4883,4080,0
4888,4099,0
4883,4109,0
4887,4122,0
4882,4127,0
4882,4131,1
4698,4075,0
4700,4073,0
4700,4073,0
4708,4076,0
4718,4077,0
4739,4080,0
4758,4079,0
4777,4077,0
4792,4074,1
5020,4041,1
4970,4034,0
4956,4044,0
4938,4056,0
4929,4070,0
4922,4082,0
4917,4092,0
4922,4104,0
4932,4111,0
4943,4111,0
4963,4109,0
4980,4099,0
4993,4085,0
5005,4073,0
5013,4060,0
5023,4050,0
5023,4043,0
5026,4045,0
5025,4048,0
5020,4058,0
5021,4074,0
5026,4087,0
5028,4096,0
5037,4109,0
5043,4115,1
5081,4041,0
5073,4038,0
5072,4039,0
5072,4045,0
5069,4058,0
5068,4071,0
5069,4087,0
5070,4099,0
5073,4107,0
5076,4110,0
5076,4110,0
5075,4105,0
5074,4093,0
5081,4081,0
5083,4062,0
5095,4044,0
5107,4025,0
5120,4018,0
5132,4023,0
5137,4029,0
5144,4039,0
5149,4051,0
5150,4067,0
5146,4077,0
5146,4089,1
5241,4076,0
5243,4069,0
5241,4058,0
5241,4052,0
5228,4042,0
5221,4040,0
5207,4043,0
5192,4051,0
5185,4066,0
5178,4079,0
5174,4088,0
5180,4099,0
5184,4101,0
5191,4105,0
5201,4101,0
5211,4091,0
5221,4074,0
5235,4054,0
5248,4029,0
5256,4000,0
5266,3972,0
5268,3952,0
5269,3940,0
5268,3935,0
5265,3933,0
5260,3932,0
5260,3950,0
5262,3971,0
5265,3991,0
5272,4015,0
5279,4041,0
5286,4064,0
5293,4085,0
5298,4102,0
5309,4120,0
5315,4126,0
5323,4128,1
5441,3920,0
5443,3923,0
5442,3925,0
5445,3933,0
5448,3941,0
5452,3956,0
5456,3976,0
5458,3998,0
5462,4024,0
5462,4047,0
5465,4068,0
5467,4084,0
5468,4095,1
5424,4017,0
5428,4020,0
5429,4018,0
5437,4022,0
5449,4025,0
5467,4030,0
5480,4027,0
5497,4025,0
5509,4017,1
5525,3993,0
5519,3988,0
5514,3988,0
5508,4000,0
5503,4014,0
5502,4033,0
5502,4050,0
5508,4068,0
5520,4085,0
5532,4095,0
5545,4099,0
5558,4096,0
5578,4092,0
5592,4082,0
5604,4067,0
5612,4046,0
5619,4032,0
5621,4023,0
5621,4023,0
5619,4025,0
5622,4028,0
5621,4041,0
5625,4056,0
5630,4068,0
5636,4078,0
5648,4089,0
5659,4095,0
5668,4097,1
5774,4022,0
5774,4014,0
5772,4003,0
5764,3995,0
5754,3988,0
5738,3982,0
5721,3984,0
5698,3987,0
5682,3995,0
5669,4003,0
5663,4010,0
5663,4022,0
5670,4033,0
5687,4045,0
5705,4053,0
5723,4063,0
5737,4071,0
5743,4076,0
5749,4082,0
5744,4082,0
5740,4087,0
5726,4090,0
5706,4089,0
5689,4091,0
5673,4091,0
5664,4090,0
5657,4086,0
5661,4086,0
5671,4082,1
5856,3995,0
5852,3988,0
5844,3985,0
5834,3985,0
5818,3986,0
5805,3989,0
5786,3993,0
5780,4001,0
5775,4007,0
5776,4017,0
5787,4029,0
5799,4040,0
5818,4049,0
5837,4057,0
5855,4068,0
5861,4073,0
5863,4077,0
5860,4080,0
5849,4086,0
5832,4089,0
5810,4089,0
5789,4089,0
5771,4093,0
5757,4092,0
5745,4093,1
5894,3870,0
5897,3873,0
5897,3873,0
5897,3879,0
5899,3889,0
5902,3904,0
5905,3921,0
5913,3943,0
5913,3963,0
5916,3984,0
5923,4007,0
5926,4030,0
5932,4048,0
5935,4064,0
5932,4074,0
5931,4080,0
5931,4081,1
5938,4060,0
5942,4061,0
5950,4064,0
5957,4062,0
5969,4059,0
5987,4056,0
6003,4048,0
6020,4039,0
6042,4032,0
6059,4022,0
6073,4011,0
6082,3999,0
6082,3992,0
6076,3986,0
6059,3983,0
6038,3983,0
6014,3989,0
5987,3998,0
5967,4010,0
5958,4028,0
5953,4040,0
5957,4054,0
5973,4067,0
5991,4077,0
6017,4082,0
6044,4086,0
6070,4086,0
6093,4082,0
6114,4075,1
6167,3993,0
6163,3984,0
6160,3976,0
6150,3969,0
6138,3966,0
6126,3968,0
6108,3971,0
6094,3977,0
6086,3988,0
6079,3996,0
6084,4010,0
6098,4024,0
6118,4038,0
6142,4052,0
6163,4063,0
6180,4075,0
6189,4082,0
6191,4088,0
6184,4089,0
6173,4097,0
6153,4098,0
6127,4098,0
6102,4098,0
6080,4100,0
6063,4102,1