the Russian winter, our troops died
883
639,4181,0
637,4176,0
636,4176,0
632,4184,0
624,4207,0
614,4234,0
609,4274,0
606,4309,0
602,4345,0
598,4369,0
597,4385,0
596,4397,0
596,4401,1
583,4299,1
580,4303,0
581,4307,0
586,4307,0
596,4304,0
611,4295,0
637,4289,0
668,4272,0
707,4251,0
740,4234,0
767,4209,0
785,4190,0
791,4170,0
790,4162,0
787,4158,0
785,4157,0
781,4162,0
777,4174,0
773,4185,0
767,4204,0
761,4224,0
752,4247,0
743,4275,0
733,4298,0
727,4321,0
721,4337,0
717,4357,0
712,4365,0
713,4368,0
713,4368,0
715,4365,0
720,4350,0
728,4321,0
743,4295,0
757,4268,0
774,4253,0
789,4246,0
801,4243,0
811,4247,0
817,4248,0
822,4260,0
825,4272,0
821,4292,0
810,4311,0
800,4335,0
793,4350,0
789,4362,0
791,4374,0
796,4374,0
803,4379,0
817,4372,0
837,4365,0
859,4350,0
883,4340,0
898,4304,0
917,4285,0
926,4269,0
929,4249,0
928,4246,0
926,4242,0
917,4246,0
904,4253,0
889,4264,0
873,4283,0
859,4310,0
853,4330,0
855,4346,0
865,4363,0
885,4368,0
912,4365,0
943,4362,0
972,4343,0
996,4336,1
1242,4142,0
1239,4153,0
1235,4174,0
1226,4198,0
1214,4230,0
1201,4270,0
1187,4303,0
1175,4336,0
1165,4360,0
1163,4384,0
1157,4379,0
1153,4379,0
1147,4364,1
1165,4151,0
1163,4147,0
1163,4147,0
1163,4147,0
1165,4147,0
1172,4143,0
1183,4135,0
1197,4127,0
1218,4122,0
1244,4117,0
1269,4116,0
1288,4115,0
1305,4126,0
1320,4169,0
1311,4186,0
1298,4203,0
1280,4220,0
1261,4237,0
1243,4249,0
1231,4257,0
1222,4266,0
1217,4278,0
1216,4283,0
1220,4286,0
1227,4294,0
1235,4293,0
1249,4293,0
1264,4296,0
1281,4304,0
1295,4311,0
1305,4319,0
1318,4326,0
1323,4333,0
1327,4337,0
1327,4340,0
1327,4345,0
1327,4341,0
1325,4341,0
1324,4337,1
1445,4232,0
1438,4252,0
1429,4274,0
1424,4302,0
1415,4324,0
1414,4348,0
1414,4359,0
1417,4367,0
1426,4370,0
1440,4361,0
1459,4352,0
1502,4303,0
1528,4284,0
1553,4266,0
1574,4246,0
1589,4229,0
1630,4215,0
1629,4211,0
1629,4211,0
1633,4207,0
1630,4215,0
1629,4211,0
1629,4211,0
1631,4215,0
1631,4211,0
1631,4215,0
1635,4210,0
1631,4220,0
1628,4224,0
1615,4249,0
1609,4258,0
1604,4271,0
1596,4288,0
1592,4304,0
1592,4317,0
1594,4328,0
1595,4341,0
1599,4348,0
1603,4356,0
1605,4355,0
1610,4359,0
1619,4358,0
1633,4343,0
1646,4330,0
1660,4320,0
1673,4310,0
1687,4304,0
1702,4290,1
1833,4203,0
1831,4203,0
1826,4196,0
1815,4189,0
1797,4188,0
1778,4193,0
1760,4208,0
1740,4223,0
1728,4245,0
1720,4258,0
1725,4278,0
1730,4289,0
1750,4298,0
1773,4307,0
1795,4307,0
1809,4316,0
1816,4332,0
1805,4346,0
1782,4354,0
1756,4362,0
1735,4361,0
1718,4352,0
1718,4348,0
1722,4335,1
1983,4197,0
1978,4193,0
1968,4188,0
1959,4193,0
1949,4200,0
1934,4203,0
1918,4210,0
1911,4232,0
1902,4246,0
1901,4259,0
1903,4267,0
1909,4273,0
1923,4279,0
1942,4279,0
1961,4287,0
1973,4292,0
1979,4304,0
1968,4297,0
1959,4309,0
1944,4328,0
1926,4340,0
1913,4342,0
1908,4347,0
1903,4340,0
1906,4336,0
1915,4329,0
1929,4314,0
1947,4302,0
1968,4293,1
2044,4223,0
2040,4229,0
2030,4239,0
2025,4256,0
2016,4275,0
2010,4297,0
2002,4307,0
1999,4312,0
2002,4324,0
2003,4319,0
2005,4307,0
2014,4304,0
2017,4278,1
2074,4117,1
2073,4118,0
2072,4117,0
2074,4117,0
2079,4120,1
2119,4295,0
2120,4307,0
2125,4315,0
2137,4324,0
2154,4324,0
2174,4314,0
2198,4299,0
2215,4278,0
2243,4221,0
2245,4225,0
2243,4225,0
2234,4227,1
2308,4239,0
2302,4258,0
2292,4273,0
2285,4292,0
2279,4302,0
2275,4307,0
2275,4308,0
2275,4303,0
2281,4302,1
2399,4185,0
2403,4192,0
2405,4208,0
2408,4229,0
2404,4251,0
2397,4266,0
2389,4281,0
2382,4295,0
2383,4309,1
2721,4159,0
2716,4158,0
2713,4168,0
2706,4179,0
2702,4203,0
2695,4222,0
2688,4242,0
2679,4254,0
2688,4285,0
2688,4294,0
2692,4300,0
2698,4299,0
2705,4287,0
2718,4269,0
2731,4242,0
2748,4218,0
2760,4200,0
2769,4201,0
2770,4205,0
2765,4211,0
2760,4226,0
2756,4245,0
2761,4268,0
2768,4284,0
2778,4297,0
2789,4297,0
2806,4302,0
2818,4297,0
2835,4299,0
2840,4284,0
2849,4271,0
2854,4251,0
2856,4220,0
2861,4196,0
2854,4168,0
2853,4164,0
2849,4162,0
2848,4162,0
2850,4165,0
2852,4169,0
2861,4179,1
2952,4172,0
2949,4174,0
2948,4188,0
2942,4203,0
2935,4220,0
2926,4242,0
2916,4259,0
2907,4276,0
2908,4294,0
2906,4299,0
2908,4302,0
2908,4298,0
2910,4292,1
2985,4023,0
2983,4024,0
2983,4028,0
2984,4037,0
2981,4039,0
2983,4046,0
2984,4046,0
2991,4047,0
2999,4039,1
3031,4157,0
3028,4158,0
3025,4168,0
3023,4187,0
3021,4206,0
3013,4222,0
3013,4249,0
3010,4264,0
3009,4278,0
3008,4283,0
3008,4283,0
3013,4285,0
3013,4280,0
3015,4262,0
3021,4237,0
3032,4210,0
3047,4185,0
3057,4162,0
3071,4151,0
3082,4150,0
3090,4155,0
3091,4158,0
3098,4177,0
3095,4192,0
3090,4213,0
3083,4234,0
3078,4250,0
3082,4266,0
3084,4273,0
3091,4279,0
3100,4283,0
3112,4282,0
3127,4270,0
3152,4262,0
3174,4237,0
3202,4214,0
3226,4179,0
3247,4144,0
3270,4113,0
3288,4085,0
3304,4058,0
3316,4041,0
3318,4031,0
3318,4031,0
3315,4037,0
3305,4052,0
3294,4072,0
3290,4107,0
3276,4133,0
3267,4166,0
3255,4194,0
3239,4216,0
3230,4244,0
3221,4263,0
3214,4279,0
3212,4290,0
3212,4290,0
3210,4286,0
3214,4275,0
3222,4257,0
3228,4232,1
3226,4196,0
3226,4200,0
3228,4204,0
3233,4207,0
3243,4210,0
3257,4212,0
3276,4210,0
3293,4206,0
3314,4208,0
3327,4196,0
3338,4185,0
3346,4172,0
3347,4157,0
3348,4152,0
3339,4143,0
3329,4145,0
3312,4155,0
3293,4169,0
3279,4186,0
3273,4208,0
3276,4229,0
3281,4239,0
3296,4249,0
3316,4252,0
3339,4249,0
3356,4235,0
3373,4220,0
3385,4200,0
3399,4188,0
3405,4179,0
3402,4176,0
3400,4182,0
3399,4201,0
3396,4222,0
3390,4234,0
3381,4239,0
3378,4246,0
3378,4249,0
3380,4249,0
3377,4237,0
3381,4221,0
3385,4196,0
3397,4175,0
3408,4159,0
3424,4150,0
3446,4132,0
3477,4118,0
3503,4107,0
3513,4100,1
3547,4244,0
3544,4241,0
3547,4244,0
3546,4244,0
3546,4244,0
3545,4245,0
3550,4251,0
3542,4247,0
3542,4257,0
3535,4265,0
3531,4282,0
3522,4301,0
3509,4318,0
3499,4338,0
3491,4352,0
3487,4362,0
3489,4371,1
3876,4139,0
3873,4136,0
3867,4126,0
3865,4122,0
3853,4111,0
3842,4104,0
3834,4105,0
3816,4103,0
3794,4104,0
3782,4117,0
3764,4124,0
3755,4144,0
3744,4162,0
3738,4179,0
3735,4200,0
3736,4220,0
3737,4228,0
3753,4242,0
3767,4246,0
3783,4246,0
3800,4239,0
3820,4230,0
3840,4217,0
3860,4203,0
3874,4189,0
3886,4172,0
3893,4152,0
3899,4138,0
3901,4131,0
3899,4127,0
3897,4129,0
3895,4130,0
3891,4133,0
3891,4138,0
3887,4141,0
3894,4151,0
3904,4158,0
3917,4159,0
3933,4157,0
3949,4145,0
3969,4137,0
3987,4123,0
4006,4109,0
4018,4090,0
4028,4077,0
4031,4070,0
4032,4075,0
4029,4077,0
4020,4088,0
4008,4107,0
3997,4131,0
3985,4159,0
3971,4184,0
3960,4206,0
3958,4228,0
3959,4241,0
3966,4251,0
3977,4253,0
3991,4253,0
4006,4242,0
4026,4228,0
4050,4211,0
4074,4188,0
4099,4169,0
4119,4149,0
4133,4128,0
4147,4112,0
4151,4094,0
4155,4091,0
4150,4089,0
4151,4094,0
4144,4104,0
4140,4128,0
4133,4153,0
4125,4180,0
4118,4205,0
4116,4227,0
4124,4246,0
4131,4256,0
4138,4255,0
4153,4254,0
4171,4246,0
4192,4229,0
4222,4212,0
4244,4184,0
4266,4157,0
4280,4135,0
4291,4121,0
4294,4118,0
4292,4120,0
4290,4126,0
4285,4146,0
4278,4172,0
4268,4196,0
4259,4218,0
4249,4231,0
4245,4239,0
4246,4239,0
4250,4234,0
4254,4216,0
4258,4188,0
4269,4159,0
4285,4136,0
4299,4119,0
4318,4109,0
4333,4102,0
4350,4098,0
4378,4101,0
4395,4097,1
4608,4005,0
4601,4028,0
4597,4058,0
4587,4084,0
4577,4109,0
4568,4138,0
4557,4164,0
4543,4186,0
4536,4209,0
4529,4224,0
4522,4225,0
4517,4220,0
4521,4210,1
4536,4097,0
4538,4100,0
4546,4104,0
4561,4107,0
4580,4106,0
4603,4102,0
4625,4092,0
4649,4087,0
4666,4077,1
4701,4077,0
4698,4091,0
4689,4105,0
4685,4125,0
4676,4143,0
4666,4164,0
4664,4186,0
4661,4199,0
4662,4210,0
4664,4213,0
4665,4213,0
4665,4207,0
4667,4189,0
4675,4166,0
4688,4139,0
4701,4110,0
4724,4088,0
4738,4070,0
4744,4058,0
4751,4058,0
4756,4059,0
4757,4063,0
4770,4074,0
4780,4081,0
4796,4082,1
4923,4092,0
4917,4087,0
4910,4082,0
4898,4077,0
4885,4079,0
4870,4088,0
4847,4099,0
4828,4118,0
4811,4138,0
4803,4162,0
4799,4183,0
4799,4199,0
4807,4213,0
4817,4220,0
4833,4222,0
4852,4215,0
4875,4205,0
4899,4188,0
4925,4169,0
4944,4145,0
4956,4126,0
4964,4114,0
4961,4101,0
4949,4090,0
4939,4088,0
4918,4085,0
4906,4097,0
4893,4104,0
4889,4114,1
5095,4101,0
5084,4094,0
5068,4089,0
5053,4093,0
5031,4098,0
5013,4111,0
4998,4126,0
4985,4143,0
4977,4162,0
4985,4182,0
4989,4196,0
5000,4207,0
5014,4210,0
5026,4215,0
5040,4206,0
5055,4193,0
5067,4175,0
5082,4155,0
5108,4116,0
5096,4106,0
5095,4106,0
5095,4106,0
5098,4109,0
5108,4111,0
5124,4111,0
5148,4110,0
5170,4104,0
5191,4094,0
5203,4087,0
5203,4082,0
5203,4082,0
5197,4082,0
5191,4088,0
5185,4105,0
5177,4126,0
5172,4159,0
5156,4188,0
5139,4227,0
5125,4270,0
5103,4307,0
5088,4340,0
5073,4365,0
5067,4386,0
5068,4396,0
5069,4395,0
5071,4388,0
5082,4367,0
5098,4329,0
5123,4282,0
5151,4238,0
5180,4191,0
5201,4153,0
5221,4121,0
5234,4094,0
5243,4080,0
5255,4079,0
5265,4081,0
5274,4094,0
5284,4118,0
5294,4142,0
5294,4155,0
5277,4172,0
5253,4186,0
5221,4195,0
5197,4203,0
5177,4207,0
5171,4207,0
5175,4203,0
5195,4199,1
5428,4092,0
5428,4086,0
5429,4078,0
5420,4071,0
5406,4068,0
5378,4075,0
5349,4083,0
5329,4099,0
5318,4111,0
5319,4133,0
5335,4152,0
5354,4167,0
5375,4179,0
5390,4191,0
5392,4196,0
5385,4203,0
5365,4207,0
5344,4206,0
5322,4200,0
5311,4200,0
5309,4196,1
5788,4116,0
5791,4114,0
5788,4111,0
5791,4108,0
5788,4098,0
5791,4087,0
5787,4075,0
5786,4069,0
5773,4059,0
5761,4056,0
5755,4056,0
5745,4056,0
5733,4064,0
5716,4077,0
5704,4093,0
5692,4112,0
5686,4138,0
5682,4154,0
5685,4169,0
5693,4179,0
5705,4182,0
5722,4182,0
5745,4173,0
5769,4158,0
5789,4133,0
5812,4101,0
5840,4065,0
5858,4025,0
5875,3991,0
5892,3964,0
5907,3945,0
5914,3928,0
5920,3921,0
5917,3918,0
5911,3927,0
5902,3951,0
5882,3982,0
5868,4019,0
5842,4051,0
5830,4084,0
5815,4116,0
5804,4141,0
5803,4160,0
5806,4169,0
5814,4167,0
5830,4160,0
5854,4149,0
5875,4131,0
5908,4104,0
5935,4077,0
5967,4054,0
5986,4031,0
6002,4018,0
6010,4015,0
6006,4012,0
5998,4016,0
5991,4032,0
5992,4056,0
5980,4078,0
5967,4099,0
5961,4120,0
5962,4139,0
5957,4143,0
5963,4150,0
5970,4153,0
5981,4152,0
5995,4143,0
6013,4133,0
6028,4119,0
6048,4108,0
6071,4097,0
6090,4087,0
6104,4075,0
6119,4063,0
6118,4044,0
6125,4035,0
6128,4030,0
6116,4027,0
6116,4032,0
6102,4039,0
6090,4054,0
6076,4071,0
6054,4088,0
6054,4114,0
6045,4131,0
6051,4148,0
6064,4158,0
6087,4167,0
6115,4165,1
6334,4057,0
6331,4053,0
6325,4048,0
6317,4046,0
6305,4042,0
6293,4045,0
6280,4048,0
6259,4056,0
6243,4071,0
6214,4083,0
6203,4104,0
6196,4127,0
6184,4141,0
6190,4159,0
6198,4168,0
6215,4172,0
6234,4162,0
6258,4144,0
6285,4116,0
6313,4077,0
6340,4035,0
6365,3994,0
6391,3966,0
6399,3939,0
6406,3923,0
6411,3916,0
6404,3912,0
6408,3920,0
6402,3936,0
6393,3962,0
6379,3995,0
6358,4024,0
6341,4061,0
6334,4098,0
6323,4131,0
6314,4157,0
6309,4176,1
6028,3938,0
6021,3947,0
6023,3964,0
6024,3976,0
6025,3975,1