Verdi. By Desmond Shawe-Taylor.
681
416,3340,0
416,3336,0
417,3337,0
417,3340,0
417,3344,0
419,3354,0
425,3366,0
431,3397,0
440,3426,0
449,3457,0
457,3483,0
466,3501,0
475,3506,0
482,3503,0
492,3493,0
501,3471,0
511,3440,0
521,3397,0
528,3357,0
529,3341,0
528,3320,1
543,3501,0
544,3502,0
552,3508,0
567,3510,0
590,3513,0
615,3505,0
637,3495,0
653,3481,0
663,3470,0
664,3462,0
653,3453,0
636,3451,0
612,3452,0
590,3456,0
569,3474,0
557,3488,0
552,3503,0
558,3516,0
576,3531,0
603,3539,0
638,3544,0
673,3536,0
704,3532,0
731,3527,0
755,3525,1
766,3526,0
755,3521,0
747,3513,0
743,3496,0
743,3479,0
750,3456,0
760,3441,0
774,3422,0
790,3416,0
808,3417,0
826,3411,0
844,3416,1
931,3445,0
928,3433,0
922,3425,0
909,3412,0
892,3411,0
878,3414,0
866,3430,0
859,3453,0
855,3489,0
861,3513,0
874,3527,0
892,3523,0
911,3508,0
932,3490,0
951,3450,0
965,3407,0
976,3367,0
981,3327,0
982,3303,0
979,3291,0
978,3291,0
974,3291,0
970,3306,0
968,3335,0
967,3375,0
967,3419,0
972,3459,0
977,3475,0
984,3495,0
991,3507,0
998,3512,0
1003,3512,0
1008,3504,1
1036,3424,0
1036,3424,0
1037,3432,0
1037,3448,0
1038,3476,0
1037,3496,0
1041,3508,0
1047,3508,1
1056,3332,0
1051,3325,0
1051,3329,0
1048,3329,1
1161,3535,0
1161,3539,0
1164,3535,0
1165,3532,0
1167,3532,1
1508,3235,0
1508,3235,0
1508,3235,0
1508,3239,0
1509,3251,0
1512,3275,0
1516,3306,0
1520,3350,0
1523,3390,0
1527,3430,0
1529,3462,0
1532,3490,0
1531,3502,0
1531,3506,0
1531,3506,0
1532,3502,0
1529,3482,1
1489,3217,0
1488,3214,0
1492,3209,0
1496,3197,0
1505,3187,0
1518,3173,0
1538,3165,0
1559,3154,0
1584,3151,0
1608,3146,0
1633,3150,0
1654,3158,0
1667,3163,0
1674,3170,0
1681,3189,0
1677,3202,0
1670,3224,0
1657,3247,0
1638,3267,0
1611,3279,0
1587,3296,0
1566,3303,0
1553,3309,0
1548,3305,0
1551,3310,0
1554,3309,0
1563,3304,0
1582,3305,0
1609,3308,0
1642,3315,0
1678,3328,0
1712,3342,0
1740,3361,0
1761,3381,0
1776,3398,0
1778,3423,0
1775,3443,0
1768,3462,0
1749,3486,0
1717,3500,0
1680,3515,0
1634,3523,0
1587,3527,0
1549,3527,0
1529,3527,1
1826,3428,0
1827,3432,0
1835,3443,0
1844,3457,0
1855,3479,0
1867,3501,0
1879,3510,0
1894,3510,0
1914,3498,1
2012,3380,0
2014,3379,0
2012,3380,0
2000,3396,0
1979,3423,0
1949,3464,0
1913,3515,0
1872,3582,0
1834,3644,0
1804,3691,0
1783,3728,0
1772,3746,1
2336,3220,0
2338,3224,0
2335,3225,0
2344,3243,0
2349,3267,0
2353,3299,0
2356,3341,0
2357,3385,0
2358,3427,0
2360,3469,0
2361,3499,0
2361,3520,0
2356,3527,1
2283,3297,0
2285,3267,0
2295,3241,0
2311,3222,0
2331,3201,0
2362,3192,0
2399,3189,0
2437,3189,0
2481,3205,0
2521,3226,0
2560,3257,0
2594,3297,0
2620,3343,0
2636,3388,0
2637,3433,0
2627,3477,0
2601,3519,0
2560,3551,0
2507,3578,0
2447,3598,0
2381,3610,0
2329,3621,0
2288,3623,0
2260,3617,0
2246,3600,1
2687,3466,0
2686,3467,0
2687,3466,0
2691,3469,0
2695,3466,0
2706,3465,0
2721,3462,0
2743,3461,0
2761,3451,0
2778,3443,0
2790,3432,0
2796,3419,0
2799,3413,0
2795,3406,0
2789,3404,0
2777,3403,0
2758,3404,0
2737,3414,0
2712,3426,0
2689,3443,0
2676,3462,0
2669,3479,0
2671,3500,0
2680,3518,0
2697,3532,0
2724,3546,0
2753,3554,0
2777,3551,0
2800,3548,1
2972,3404,0
2970,3400,0
2968,3397,0
2958,3395,0
2938,3392,0
2917,3399,0
2894,3407,0
2873,3414,0
2865,3428,0
2863,3438,0
2868,3449,0
2879,3462,0
2896,3470,0
2917,3481,0
2934,3490,0
2949,3501,0
2953,3507,0
2953,3520,0
2941,3527,0
2922,3537,0
2901,3544,0
2882,3551,0
2865,3551,0
2854,3551,0
2849,3546,1
3042,3399,0
3044,3403,0
3044,3403,0
3043,3404,0
3045,3416,0
3046,3439,0
3048,3471,0
3045,3491,0
3049,3503,0
3057,3508,0
3062,3499,0
3069,3481,0
3083,3458,0
3095,3428,0
3110,3409,0
3125,3405,0
3134,3404,0
3137,3406,0
3144,3421,0
3146,3444,0
3151,3479,0
3152,3501,0
3160,3515,0
3163,3513,0
3174,3510,0
3185,3495,0
3202,3470,0
3219,3440,0
3240,3416,0
3256,3410,0
3264,3409,0
3271,3414,0
3276,3426,0
3279,3452,0
3281,3484,0
3278,3506,0
3279,3515,1
3424,3420,0
3421,3417,0
3412,3409,0
3401,3402,0
3382,3400,0
3363,3409,0
3347,3425,0
3336,3448,0
3329,3471,0
3335,3496,0
3345,3509,0
3363,3517,0
3381,3518,0
3395,3508,0
3409,3494,0
3416,3469,0
3423,3445,0
3421,3418,0
3424,3411,0
3419,3404,0
3415,3407,1
3477,3402,0
3479,3405,0
3476,3407,0
3478,3420,0
3480,3439,0
3479,3459,0
3479,3479,0
3477,3490,0
3480,3497,0
3484,3500,0
3491,3494,0
3502,3482,0
3511,3455,0
3529,3427,0
3551,3411,0
3562,3402,0
3571,3400,0
3578,3405,0
3579,3414,0
3587,3438,0
3583,3462,0
3580,3483,0
3578,3496,0
3583,3507,0
3586,3510,1
3694,3421,0
3693,3421,0
3686,3421,0
3676,3424,0
3664,3429,0
3654,3448,0
3644,3476,0
3633,3504,0
3632,3530,0
3634,3538,0
3643,3542,0
3652,3535,0
3664,3521,0
3674,3487,0
3687,3441,0
3699,3385,0
3711,3334,0
3720,3295,0
3725,3265,0
3728,3241,0
3730,3223,0
3731,3218,0
3730,3219,0
3732,3233,0
3728,3257,0
3726,3300,0
3722,3351,0
3718,3406,0
3713,3451,0
3714,3486,0
3713,3513,0
3715,3526,0
3720,3532,1
4186,3303,0
4182,3296,0
4169,3286,0
4149,3284,0
4125,3284,0
4097,3288,0
4080,3300,0
4067,3312,0
4061,3324,0
4067,3340,0
4079,3356,0
4104,3377,0
4128,3392,0
4156,3415,0
4177,3433,0
4186,3447,0
4193,3462,0
4187,3474,0
4172,3482,0
4147,3489,0
4114,3493,0
4085,3497,0
4058,3494,0
4048,3493,0
4044,3486,1
4240,3288,0
4240,3288,0
4242,3292,0
4246,3300,0
4251,3317,0
4256,3341,0
4256,3369,0
4255,3398,0
4251,3423,0
4255,3442,0
4255,3448,0
4263,3451,0
4268,3446,0
4285,3435,0
4302,3414,0
4326,3401,0
4343,3395,0
4354,3395,0
4360,3400,0
4366,3411,0
4367,3428,0
4365,3446,0
4360,3463,0
4362,3477,0
4362,3478,1
4483,3405,0
4483,3404,0
4473,3397,0
4469,3396,0
4449,3395,0
4428,3399,0
4408,3414,0
4390,3433,0
4383,3457,0
4379,3472,0
4385,3477,0
4394,3479,0
4409,3476,0
4425,3466,0
4440,3449,0
4453,3431,0
4464,3414,0
4469,3409,0
4472,3411,0
4471,3412,0
4468,3415,0
4468,3433,0
4462,3455,0
4459,3481,0
4460,3498,1
4513,3390,0
4513,3390,0
4515,3394,0
4515,3394,0
4519,3401,0
4521,3412,0
4521,3428,0
4523,3444,0
4524,3454,0
4532,3463,0
4539,3467,0
4546,3466,0
4556,3462,0
4570,3447,0
4584,3427,0
4599,3405,0
4607,3395,0
4611,3397,0
4612,3402,0
4616,3415,0
4618,3437,0
4620,3457,0
4628,3479,0
4642,3493,0
4655,3497,0
4670,3492,0
4689,3483,0
4699,3460,0
4705,3431,0
4714,3402,0
4715,3383,0
4722,3381,0
4717,3380,1
4746,3439,0
4748,3442,0
4758,3444,0
4768,3443,0
4785,3436,0
4804,3422,0
4822,3407,0
4841,3396,0
4854,3382,0
4854,3368,0
4856,3361,0
4847,3358,0
4838,3363,0
4818,3374,0
4800,3395,0
4778,3421,0
4776,3452,0
4780,3479,0
4787,3493,0
4815,3506,0
4842,3506,0
4875,3498,0
4905,3488,0
4928,3480,0
4940,3472,1
4966,3422,0
4965,3423,0
4970,3424,0
4978,3426,0
4994,3426,0
5011,3424,0
5028,3422,0
5047,3419,0
5069,3417,0
5084,3417,0
5099,3418,0
5105,3416,0
5109,3418,1
5166,3320,0
5166,3320,0
5171,3320,0
5180,3321,0
5198,3325,0
5222,3326,0
5258,3331,0
5295,3329,0
5332,3326,0
5361,3322,0
5388,3319,0
5408,3318,0
5421,3321,1
5268,3385,0
5266,3401,0
5263,3416,0
5264,3443,0
5262,3470,0
5261,3498,0
5258,3520,0
5264,3539,0
5267,3547,1
5419,3457,0
5414,3450,0
5404,3444,0
5395,3443,0
5378,3444,0
5371,3455,0
5359,3469,0
5347,3492,0
5349,3515,0
5351,3525,0
5361,3532,0
5371,3532,0
5387,3525,0
5399,3510,0
5416,3494,0
5422,3472,0
5431,3461,0
5434,3457,0
5434,3458,0
5432,3460,0
5434,3470,0
5435,3489,0
5434,3510,0
5432,3525,0
5436,3533,1
5524,3444,0
5525,3449,0
5523,3457,0
5521,3467,0
5521,3481,0
5527,3493,0
5534,3505,0
5542,3512,0
5556,3515,0
5566,3514,0
5580,3510,0
5598,3499,0
5611,3480,1
5658,3443,0
5656,3445,0
5656,3447,0
5649,3455,0
5638,3470,0
5624,3490,0
5602,3513,0
5573,3537,0
5550,3575,0
5525,3609,0
5504,3635,0
5491,3653,1
5749,3311,0
5749,3313,0
5750,3317,0
5758,3333,0
5756,3351,0
5757,3378,0
5751,3408,0
5747,3442,0
5742,3476,0
5744,3501,0
5745,3513,0
5747,3518,0
5756,3519,1
5917,3448,0
5916,3449,0
5905,3445,0
5899,3447,0
5880,3448,0
5864,3455,0
5849,3470,0
5834,3484,0
5831,3503,0
5835,3518,0
5851,3530,0
5873,3534,0
5898,3532,0
5923,3525,0
5951,3513,0
5970,3498,0
5978,3488,0
5975,3477,0
5962,3468,0
5956,3462,0
5947,3455,1
6026,3444,0
6028,3449,0
6032,3458,0
6031,3473,0
6030,3490,0
6027,3513,0
6025,3533,0
6015,3545,0
6019,3556,0
6017,3557,0
6015,3554,0
6013,3542,0
6011,3524,0
6015,3510,0
6027,3501,0
6030,3490,0
6045,3480,0
6071,3472,0
6090,3463,0
6107,3459,0
6120,3455,1
6163,3556,0
6160,3554,0
6165,3554,0
6165,3554,0
6167,3556,0
6166,3551,0
6162,3549,0
6167,3550,0
6167,3550,1