the puzzles and hypotheses
683
846,4662,0
844,4666,0
844,4666,0
844,4670,0
839,4694,0
832,4729,0
825,4782,0
815,4837,0
803,4904,0
791,4972,0
777,5035,0
765,5095,0
757,5150,0
751,5190,0
748,5205,0
747,5205,0
745,5185,1
728,4932,0
720,4931,0
719,4927,0
719,4931,0
728,4944,0
748,4953,0
775,4955,0
808,4949,0
846,4927,0
882,4896,0
916,4862,0
945,4814,0
968,4768,0
984,4715,0
989,4671,0
985,4643,0
976,4635,0
964,4639,0
947,4654,0
925,4693,0
906,4749,0
892,4817,0
877,4888,0
866,4960,0
863,5019,0
871,5048,0
892,5061,0
916,5057,0
943,5031,0
970,4995,0
993,4963,0
1008,4952,0
1018,4952,0
1026,4968,0
1034,5000,0
1045,5028,0
1061,5056,0
1085,5081,0
1114,5100,0
1148,5115,0
1184,5115,0
1218,5107,0
1250,5074,0
1279,5028,0
1302,4971,0
1312,4915,0
1311,4859,0
1303,4823,0
1292,4811,0
1277,4808,0
1263,4825,0
1248,4865,0
1241,4917,0
1239,4982,0
1247,5033,0
1263,5085,0
1289,5120,0
1321,5139,0
1360,5140,0
1406,5129,1
1629,4788,0
1628,4784,0
1630,4787,0
1630,4787,0
1630,4800,0
1633,4832,0
1633,4868,0
1629,4917,0
1623,4978,0
1615,5051,0
1607,5129,0
1597,5202,0
1585,5275,0
1573,5341,0
1563,5398,0
1558,5422,0
1558,5431,0
1557,5430,0
1553,5399,0
1549,5339,0
1551,5267,0
1559,5186,0
1572,5100,0
1592,5026,0
1614,4955,0
1638,4895,0
1660,4857,0
1677,4842,0
1685,4837,0
1695,4848,0
1706,4875,0
1715,4910,0
1727,4941,0
1739,4975,0
1754,4997,0
1771,5011,0
1790,5021,0
1809,5014,0
1832,4998,0
1857,4966,0
1879,4922,0
1900,4874,0
1916,4830,0
1924,4804,0
1926,4804,0
1925,4804,0
1921,4817,0
1913,4855,0
1907,4900,0
1901,4955,0
1900,4995,0
1910,5026,0
1923,5048,0
1940,5053,0
1961,5052,0
1988,5032,0
2012,4990,0
2038,4944,0
2063,4895,0
2084,4842,0
2101,4796,0
2114,4774,0
2116,4769,0
2118,4769,0
2119,4789,0
2116,4835,0
2111,4881,0
2104,4935,0
2098,4990,0
2094,5032,0
2092,5056,0
2098,5067,0
2108,5066,1
2239,4818,0
2244,4821,0
2251,4815,0
2263,4811,0
2274,4818,0
2285,4831,0
2291,4846,0
2296,4878,0
2294,4911,0
2287,4946,0
2283,4992,0
2274,5031,0
2264,5071,0
2258,5110,0
2253,5139,0
2252,5161,0
2253,5181,0
2254,5209,0
2258,5245,0
2260,5281,0
2265,5330,0
2263,5376,0
2258,5426,0
2246,5482,0
2229,5530,0
2209,5580,0
2186,5617,0
2164,5641,0
2142,5650,0
2125,5646,0
2109,5620,0
2101,5569,0
2105,5503,1
2364,4831,0
2364,4830,0
2366,4830,0
2369,4833,0
2374,4836,0
2384,4846,0
2393,4859,0
2402,4882,0
2405,4915,0
2401,4949,0
2396,4988,0
2392,5026,0
2388,5069,0
2384,5111,0
2381,5161,0
2378,5207,0
2377,5253,0
2379,5294,0
2381,5339,0
2382,5384,0
2382,5434,0
2376,5472,0
2368,5511,0
2355,5547,0
2333,5569,0
2309,5587,0
2286,5588,0
2269,5579,0
2256,5549,0
2251,5501,0
2258,5442,0
2273,5377,0
2294,5303,1
2517,4999,0
2523,4989,0
2535,4968,0
2550,4944,0
2562,4910,0
2578,4876,0
2592,4838,0
2604,4804,0
2613,4772,0
2618,4749,0
2618,4729,0
2614,4721,0
2606,4715,0
2591,4724,0
2570,4752,0
2552,4792,0
2531,4840,0
2514,4896,0
2503,4953,0
2499,5009,0
2504,5057,0
2516,5091,0
2536,5114,0
2562,5123,0
2595,5126,0
2627,5108,0
2662,5080,0
2694,5044,0
2717,4999,0
2732,4951,0
2736,4903,0
2732,4879,0
2718,4863,0
2701,4864,0
2680,4876,0
2663,4911,0
2648,4950,0
2644,4997,0
2650,5041,0
2663,5071,0
2683,5089,0
2712,5097,0
2745,5086,0
2788,5063,0
2838,5024,0
2888,4980,0
2936,4944,0
2975,4921,0
3005,4908,0
3026,4908,0
3045,4918,0
3057,4939,0
3060,4968,0
3062,5010,0
3051,5045,0
3035,5081,0
3016,5115,0
2991,5137,0
2967,5151,0
2944,5156,0
2919,5143,1
3495,4878,0
3496,4877,0
3494,4877,0
3491,4874,0
3486,4872,0
3473,4870,0
3452,4867,0
3425,4877,0
3395,4896,0
3366,4923,0
3341,4953,0
3318,4981,0
3303,5006,0
3300,5025,0
3301,5038,0
3310,5047,0
3323,5045,0
3342,5040,0
3364,5026,0
3390,5005,0
3416,4975,0
3438,4937,0
3462,4903,0
3477,4873,0
3484,4856,0
3486,4854,0
3486,4855,0
3483,4866,0
3475,4896,0
3466,4928,0
3457,4963,0
3450,4994,0
3449,5017,0
3455,5031,0
3466,5040,0
3483,5035,0
3507,5018,0
3533,4992,0
3561,4960,0
3590,4927,0
3612,4902,0
3629,4888,0
3638,4888,0
3642,4895,0
3638,4910,0
3633,4940,0
3622,4964,0
3616,4986,0
3615,4995,0
3618,4998,0
3626,4999,0
3640,4982,0
3660,4957,0
3687,4925,0
3720,4898,0
3747,4877,0
3775,4866,0
3796,4868,0
3813,4876,0
3819,4888,0
3824,4912,0
3818,4934,0
3815,4963,0
3813,4987,0
3819,5002,1
4038,4900,0
4039,4900,0
4036,4897,0
4031,4895,0
4024,4895,0
4011,4902,0
3993,4923,0
3972,4945,0
3957,4973,0
3947,4997,0
3940,5011,0
3941,5024,0
3950,5028,0
3962,5026,0
3980,5005,0
4005,4976,0
4031,4941,0
4055,4899,0
4073,4854,0
4086,4813,0
4098,4775,0
4102,4744,0
4103,4719,0
4099,4704,0
4100,4702,0
4096,4701,0
4097,4710,0
4094,4740,0
4087,4778,0
4078,4828,0
4070,4880,0
4060,4934,0
4057,4987,0
4059,5032,0
4070,5068,0
4085,5086,0
4109,5091,0
4147,5081,0
4186,5052,0
4227,5011,0
4266,4972,1
4452,4951,0
4454,4950,0
4462,4949,0
4476,4944,0
4495,4930,0
4517,4910,0
4545,4884,0
4568,4857,0
4590,4821,0
4611,4785,0
4627,4747,0
4644,4709,0
4649,4673,0
4656,4649,0
4651,4627,0
4649,4613,0
4642,4603,0
4637,4602,0
4633,4611,0
4619,4632,0
4607,4672,0
4589,4716,0
4572,4769,0
4553,4824,0
4539,4884,0
4526,4932,0
4513,4971,0
4508,5000,0
4507,5010,0
4507,5010,0
4514,5006,0
4534,4981,0
4553,4942,0
4577,4906,0
4604,4870,0
4629,4851,0
4646,4844,0
4664,4850,0
4669,4866,0
4673,4898,0
4671,4931,0
4667,4963,0
4670,4985,0
4675,5002,0
4691,5009,0
4712,5009,0
4736,4991,0
4765,4964,0
4797,4934,0
4823,4904,0
4842,4883,0
4845,4876,0
4849,4879,0
4845,4886,0
4833,4905,0
4830,4929,0
4828,4950,0
4834,4971,0
4842,4980,0
4857,4989,0
4877,4989,0
4897,4977,0
4920,4960,0
4941,4937,0
4960,4912,0
4978,4886,0
4989,4862,0
5001,4841,0
5004,4828,0
5006,4827,0
5006,4828,0
5006,4831,0
5004,4855,0
4998,4881,0
4989,4920,0
4980,4968,0
4961,5029,0
4939,5092,0
4917,5160,0
4898,5225,0
4881,5282,0
4866,5334,0
4849,5371,0
4840,5397,0
4835,5406,0
4833,5406,0
4835,5400,0
4825,5368,0
4827,5332,0
4833,5284,0
4850,5231,0
4874,5173,0
4905,5113,0
4934,5050,0
4968,5002,0
4996,4961,0
5021,4924,1
5129,4843,0
5125,4852,0
5120,4866,0
5114,4888,0
5108,4919,0
5104,4958,0
5094,5004,0
5081,5051,0
5069,5101,0
5059,5150,0
5047,5195,0
5033,5231,0
5023,5255,0
5021,5267,0
5017,5265,0
5020,5263,0
5026,5238,0
5034,5191,0
5052,5146,0
5067,5082,0
5085,5021,0
5101,4966,0
5116,4928,0
5131,4905,0
5137,4895,0
5142,4895,0
5148,4906,0
5156,4925,0
5166,4937,0
5177,4944,0
5193,4946,0
5209,4936,0
5233,4922,0
5257,4896,0
5287,4869,0
5312,4841,0
5334,4821,0
5352,4815,0
5359,4814,0
5359,4814,0
5353,4814,0
5344,4839,0
5327,4866,0
5305,4896,0
5290,4931,0
5279,4956,0
5276,4980,0
5281,5002,0
5290,5016,0
5310,5029,0
5330,5028,0
5356,5021,0
5380,5001,0
5406,4977,0
5420,4948,0
5422,4919,0
5417,4891,0
5406,4869,0
5388,4847,0
5366,4830,0
5355,4823,1
5523,4647,0
5523,4647,0
5523,4647,0
5518,4658,0
5516,4686,0
5509,4716,0
5501,4758,0
5489,4809,0
5477,4863,0
5469,4920,0
5467,4976,0
5463,5022,0
5462,5056,1
5435,4946,0
5426,4943,0
5423,4941,0
5430,4945,0
5440,4946,0
5463,4947,0
5486,4937,0
5515,4921,0
5540,4892,0
5569,4864,0
5593,4830,0
5616,4796,0
5628,4757,0
5634,4717,0
5641,4687,0
5636,4664,0
5635,4659,0
5631,4658,0
5626,4674,0
5614,4714,0
5611,4763,0
5603,4820,0
5593,4885,0
5585,4943,0
5587,4985,0
5593,5002,0
5602,5003,0
5623,4995,0
5645,4969,0
5663,4939,0
5680,4924,0
5685,4924,0
5686,4929,0
5689,4949,0
5698,4963,0
5708,4974,0
5721,4980,0
5744,4985,0
5766,4979,0
5795,4968,0
5824,4945,0
5853,4917,0
5873,4883,0
5887,4847,0
5891,4815,0
5882,4796,0
5870,4790,0
5851,4792,0
5834,4815,0
5820,4847,0
5814,4882,0
5812,4917,0
5822,4947,0
5838,4971,0
5858,4985,0
5882,4989,0
5910,4984,0
5943,4968,0
5972,4944,0
6003,4912,0
6027,4876,0
6048,4842,0
6066,4817,0
6078,4804,0
6081,4800,0
6080,4801,0
6082,4816,0
6078,4845,0
6077,4881,0
6069,4918,0
6066,4961,0
6047,4998,0
6029,5028,0
6014,5050,0
5994,5058,0
5977,5058,0
5963,5050,0
5953,5037,0
5950,5023,0
5951,5016,0
5961,5012,0
5982,5008,0
6007,5004,0
6038,5002,0
6072,4996,0
6107,4988,0
6139,4977,0
6168,4959,0
6196,4939,0
6218,4910,0
6237,4884,0
6247,4854,0
6251,4827,0
6251,4803,0
6244,4787,0
6235,4774,0
6227,4775,0
6217,4776,0
6203,4792,0
6188,4813,0
6174,4840,0
6164,4876,0
6160,4910,0
6158,4939,0
6165,4968,0
6172,4984,0
6189,4995,0
6213,4998,0
6242,4992,0
6280,4978,0
6317,4951,0
6358,4923,0
6398,4891,0
6434,4869,0
6461,4850,0
6488,4843,0
6507,4845,0
6517,4852,0
6528,4869,0
6541,4897,0
6549,4932,0
6549,4967,0
6550,5009,0
6541,5048,0
6526,5084,0
6499,5108,0
6471,5131,0
6437,5140,0
6397,5136,1