written the future &quot;editorial.&quot;
698
608,4981,0
606,4985,0
608,4981,0
609,4981,0
610,4994,0
615,5026,0
617,5051,0
626,5096,0
630,5132,0
642,5181,0
654,5223,0
667,5251,0
696,5286,0
707,5271,0
718,5255,0
729,5224,0
737,5192,0
745,5157,0
748,5129,0
752,5102,0
752,5081,0
756,5070,0
757,5070,0
759,5074,0
766,5090,0
772,5115,0
779,5147,0
789,5180,0
796,5216,0
801,5248,0
820,5278,0
827,5294,0
847,5307,0
863,5300,0
875,5293,0
891,5269,0
903,5241,0
914,5202,0
921,5162,0
924,5114,0
924,5074,0
917,5033,0
910,5005,0
903,4990,1
1032,5012,0
1033,5016,0
1034,5016,0
1035,5024,0
1037,5040,0
1039,5064,0
1044,5096,0
1047,5128,0
1052,5164,0
1055,5192,0
1059,5220,0
1062,5236,0
1064,5240,0
1064,5236,0
1061,5233,0
1060,5209,0
1056,5172,0
1056,5136,0
1058,5096,0
1061,5061,0
1064,5020,0
1071,4988,0
1083,4960,0
1099,4932,0
1119,4924,0
1136,4916,0
1157,4924,0
1179,4939,0
1197,4956,1
1254,4973,0
1253,4973,0
1252,4973,0
1252,4982,0
1253,5002,0
1254,5025,0
1257,5053,0
1259,5093,0
1260,5125,0
1264,5166,0
1265,5189,0
1269,5213,0
1270,5216,1
1275,4828,0
1276,4824,0
1278,4820,0
1276,4820,0
1276,4828,0
1275,4833,0
1278,4848,0
1287,4856,0
1298,4859,1
1409,4816,0
1409,4821,0
1409,4837,0
1411,4873,0
1411,4917,0
1413,4980,0
1418,5053,0
1421,5120,0
1428,5197,0
1433,5252,0
1438,5291,0
1447,5307,0
1455,5294,1
1518,4896,0
1518,4896,0
1518,4900,0
1517,4924,0
1515,4964,0
1515,5021,0
1515,5081,0
1516,5142,0
1520,5193,0
1524,5228,0
1527,5253,0
1527,5257,0
1520,5238,1
1348,5041,0
1350,5040,0
1375,5047,0
1404,5045,0
1445,5055,0
1486,5051,0
1531,5047,0
1576,5043,0
1617,5035,1
1653,5156,0
1678,5156,0
1712,5148,0
1737,5129,0
1759,5110,0
1773,5075,0
1783,5042,0
1784,5009,0
1778,4986,0
1763,4968,0
1742,4963,0
1713,4970,0
1677,4996,0
1648,5027,0
1628,5066,0
1625,5106,0
1631,5142,0
1652,5180,0
1679,5204,0
1711,5225,0
1746,5236,0
1783,5235,0
1819,5222,0
1850,5197,0
1879,4958,0
2044,4960,0
2066,4931,0
2088,4915,0
2108,4914,0
2125,4919,0
2143,4956,0
2156,4998,0
2160,5042,0
2166,5102,0
2163,5144,0
2162,5185,0
2160,5210,1
2473,4862,0
2475,4866,0
2478,4876,0
2480,4905,0
2483,4946,0
2480,4994,0
2478,5052,0
2474,5111,0
2474,5165,0
2475,5211,0
2479,5243,0
2482,5259,0
2478,5243,1
2389,5060,0
2391,5059,0
2403,5061,0
2430,5057,0
2469,5055,0
2512,5050,0
2557,5045,0
2597,5038,0
2629,5027,1
2654,4867,0
2658,4883,0
2671,4917,0
2678,4965,0
2687,5017,0
2692,5065,0
2699,5110,0
2704,5142,0
2710,5156,0
2719,5158,0
2731,5142,0
2743,5100,0
2762,5059,0
2784,5022,0
2806,4984,0
2832,4962,0
2855,4945,0
2882,4952,0
2902,4965,0
2920,4997,0
2931,5036,0
2936,5081,0
2942,5135,0
2945,5176,0
2948,5214,0
2951,5234,0
2955,5245,0
2963,5242,0
2972,5217,1
3027,5149,0
3039,5157,0
3062,5161,0
3086,5152,0
3114,5136,0
3141,5108,0
3170,5082,0
3194,5050,0
3208,5009,0
3218,4978,0
3218,4953,0
3209,4939,0
3187,4935,0
3155,4941,0
3120,4964,0
3091,5003,0
3062,5041,0
3042,5088,0
3037,5137,0
3040,5178,0
3060,5218,0
3085,5243,0
3122,5262,0
3159,5260,0
3203,5250,1
3617,4976,0
3618,4957,0
3614,4932,0
3605,4915,0
3588,4900,0
3573,4905,0
3545,4910,0
3527,4942,0
3503,4975,0
3491,5027,0
3483,5085,0
3477,5137,0
3475,5190,0
3483,5253,0
3487,5300,0
3500,5347,0
3508,5373,0
3517,5388,0
3523,5388,0
3523,5371,0
3518,5335,1
3390,5085,0
3390,5084,0
3397,5086,0
3416,5086,0
3446,5093,0
3482,5098,0
3522,5101,0
3566,5097,0
3609,5098,0
3641,5090,0
3670,5093,0
3683,5081,0
3691,5077,1
3695,4997,0
3698,5006,0
3693,5012,0
3691,5036,0
3695,5071,0
3704,5111,0
3712,5147,0
3728,5180,0
3746,5202,0
3764,5206,0
3782,5196,0
3805,5174,0
3822,5133,0
3841,5096,0
3851,5053,0
3865,5026,0
3867,5002,0
3872,5000,0
3869,5002,0
3872,5018,0
3872,5051,0
3875,5094,0
3877,5139,0
3884,5186,0
3887,5226,0
3895,5258,0
3897,5270,0
3909,5277,0
3912,5253,1
4027,4850,0
4028,4854,0
4034,4883,0
4034,4922,0
4035,4973,0
4029,5023,0
4034,5086,0
4031,5134,0
4039,5180,0
4045,5204,0
4054,5212,0
4058,5202,0
4055,5170,1
3946,5059,0
3960,5069,0
3972,5071,0
4010,5081,0
4046,5083,0
4084,5078,0
4131,5078,0
4168,5073,1
4188,4990,0
4186,4995,0
4191,5016,0
4196,5047,0
4199,5081,0
4209,5118,0
4220,5149,0
4240,5175,0
4261,5185,0
4288,5186,0
4311,5167,0
4339,5144,0
4361,5110,0
4376,5072,0
4386,5036,0
4390,5004,0
4394,4992,0
4393,4992,0
4389,4994,0
4387,5021,0
4384,5066,0
4381,5115,0
4379,5170,0
4381,5221,0
4388,5260,0
4398,5287,0
4415,5300,0
4432,5289,0
4452,5261,1
4526,5050,0
4525,5051,0
4526,5059,0
4525,5081,0
4526,5109,0
4529,5142,0
4531,5174,0
4536,5209,0
4540,5226,0
4541,5231,0
4548,5231,0
4543,5214,0
4548,5182,0
4546,5139,0
4548,5089,0
4551,5043,0
4562,5006,0
4583,4976,0
4608,4953,0
4634,4938,0
4664,4941,0
4693,4954,0
4716,4976,0
4732,4994,0
4746,5014,1
4671,5149,0
4683,5154,0
4704,5155,0
4726,5149,0
4749,5131,0
4770,5106,0
4789,5077,0
4801,5052,0
4807,5028,0
4796,5006,0
4781,4997,0
4751,4994,0
4722,5012,0
4688,5038,0
4668,5076,0
4660,5117,0
4662,5156,0
4684,5193,0
4715,5216,0
4765,5233,0
4809,5226,1
5074,4921,0
5074,4926,0
5071,4934,0
5076,4961,0
5072,4985,0
5072,5016,0
5079,5041,0
5083,5055,0
5081,5050,1
5146,4903,0
5146,4907,0
5147,4917,0
5146,4944,0
5149,4979,0
5147,5011,0
5149,5040,0
5157,5061,0
5165,5074,1
5208,5143,0
5208,5143,0
5212,5145,0
5216,5146,0
5231,5149,0
5250,5144,0
5279,5142,0
5305,5129,0
5325,5113,0
5347,5093,0
5366,5071,0
5377,5046,0
5377,5019,0
5368,4999,0
5353,4987,0
5327,4982,0
5298,4992,0
5269,5007,0
5243,5034,0
5218,5067,0
5204,5105,0
5201,5149,0
5208,5184,0
5226,5216,0
5253,5245,0
5290,5267,0
5325,5275,0
5362,5274,0
5403,5266,1
5624,5141,0
5622,5137,0
5615,5116,0
5604,5095,0
5584,5069,0
5561,5052,0
5535,5044,0
5504,5045,0
5477,5058,0
5454,5079,0
5444,5109,0
5443,5142,0
5449,5173,0
5471,5202,0
5496,5218,0
5526,5218,0
5552,5201,0
5581,5169,0
5605,5127,0
5623,5077,0
5631,5019,0
5640,4968,0
5642,4921,0
5643,4887,0
5646,4867,0
5641,4861,0
5642,4866,0
5647,4895,0
5645,4935,0
5648,4992,0
5649,5052,0
5651,5115,0
5652,5170,0
5657,5209,0
5663,5230,0
5670,5233,0
5671,5212,1
5714,4996,0
5709,4995,0
5714,5013,0
5716,5045,0
5718,5087,0
5719,5135,0
5724,5185,0
5729,5228,0
5735,5262,0
5738,5281,0
5739,5274,0
5745,5246,0
5752,5203,1
5761,4884,0
5757,4876,0
5757,4871,0
5759,4874,0
5760,4879,0
5768,4900,0
5781,4915,0
5792,4927,1
5904,4876,0
5906,4879,0
5905,4886,0
5905,4908,0
5902,4941,0
5899,4983,0
5897,5031,0
5893,5084,0
5893,5141,0
5893,5190,0
5903,5231,0
5913,5254,0
5919,5260,1
5858,5085,0
5856,5081,0
5858,5080,0
5864,5079,0
5890,5081,0
5925,5086,0
5958,5088,0
5996,5091,0
6038,5093,1
6174,5108,0
6174,5103,0
6172,5088,0
6157,5069,0
6138,5060,1
6074,5067,0
6045,5092,0
6021,5122,0
6008,5157,0
6010,5194,0
6024,5231,0
6049,5257,0
6083,5274,0
6114,5272,0
6145,5258,0
6174,5229,0
6190,5189,0
6196,5149,0
6191,5109,0
6176,5077,0
6156,5052,0
6141,5033,0
6133,5024,0
6133,5024,0
6148,5032,1
6277,5076,0
6280,5085,0
6282,5100,0
6284,5122,0
6282,5146,0
6288,5180,0
6288,5209,0
6287,5233,0
6290,5253,0
6288,5255,0
6291,5257,0
6289,5243,0
6288,5215,0
6288,5180,0
6290,5144,0
6293,5106,0
6297,5067,0
6306,5033,0
6319,5002,0
6340,4980,0
6365,4970,0
6389,4968,0
6413,4976,0
6440,4994,0
6458,5010,1
6505,5023,0
6505,5024,0
6507,5028,0
6508,5043,0
6504,5066,0
6501,5098,0
6500,5137,0
6501,5182,0
6495,5223,0
6493,5260,0
6500,5289,0
6503,5303,0
6504,5308,0
6508,5303,0
6506,5289,0
6500,5253,0
6501,5212,1
6515,4872,0
6518,4869,0
6517,4864,0
6521,4865,0
6515,4859,0
6520,4867,0
6518,4869,0
6527,4878,0
6540,4887,1
6716,4896,0
6716,4896,0
6716,4896,0
6718,4905,0
6713,4924,0
6708,4948,0
6703,4979,0
6689,5008,0
6681,5047,0
6672,5081,0
6667,5113,0
6664,5144,0
6668,5170,0
6664,5187,0
6665,5204,0
6664,5216,0
6665,5228,0
6665,5234,0
6663,5236,0
6668,5243,0
6669,5247,0
6669,5247,0
6672,5250,0
6676,5251,0
6686,5253,0
6697,5246,0
6710,5238,0
6725,5221,0
6744,5199,0
6766,5174,0
6782,5138,0
6794,5106,0
6802,5072,0
6803,5041,0
6802,5011,0
6794,4983,0
6785,4956,0
6774,4933,0
6767,4916,0
6757,4903,0
6750,4899,0
6746,4897,0
6749,4906,0
6753,4926,0
6758,4951,0
6763,4984,0
6763,5021,0
6773,5069,0
6781,5121,0
6790,5166,0
6800,5209,0
6806,5250,0
6809,5277,0
6815,5301,0
6819,5308,0
6819,5308,0
6824,5308,1
6921,4841,0
6921,4835,0
6921,4835,0
6920,4836,0
6918,4851,0
6922,4886,0
6922,4929,0
6920,4977,0
6921,5038,0
6917,5091,0
6917,5147,0
6924,5195,0
6925,5225,1
7009,4776,0
7009,4775,0
7009,4774,0
7008,4777,0
7009,4782,0
7009,4806,0
7004,4840,0
6996,4869,0
6997,4899,1
7036,4792,0
7036,4792,0
7036,4792,0
7036,4806,0
7028,4829,1
7003,5255,0
7003,5255,0
7002,5257,0
7009,5261,0
7008,5262,0
7018,5276,0
7029,5287,0
7032,5290,0
7031,5291,1