Great pleasure is given by Luigi
802
594,4920,0
589,4919,0
584,4922,0
576,4926,0
569,4937,0
561,4949,0
554,4963,0
547,4975,0
542,5003,0
537,5026,0
533,5057,0
529,5093,0
530,5129,0
533,5163,0
543,5184,0
557,5202,0
576,5212,0
598,5209,0
624,5196,0
651,5170,0
680,5137,0
708,5094,0
733,5056,0
753,5014,0
769,4975,0
776,4935,0
777,4910,0
769,4894,0
756,4889,0
735,4904,0
708,4930,0
677,4975,0
646,5033,0
618,5103,0
594,5177,0
574,5247,0
559,5315,0
556,5358,0
564,5387,0
577,5396,0
594,5390,0
615,5368,0
637,5337,0
658,5307,0
670,5288,0
673,5280,0
672,5280,0
666,5300,0
655,5335,0
644,5386,0
634,5434,0
629,5501,0
625,5566,0
627,5625,0
631,5690,0
640,5743,0
649,5792,0
661,5833,0
670,5861,0
673,5886,0
668,5897,0
658,5905,0
640,5911,0
619,5906,0
596,5900,0
571,5873,0
550,5848,0
532,5802,0
522,5748,0
520,5688,0
527,5624,0
544,5562,0
569,5500,0
601,5443,0
635,5397,0
670,5360,0
708,5335,0
743,5317,0
771,5311,0
793,5316,0
807,5329,0
813,5341,0
816,5358,0
816,5369,0
815,5378,0
816,5378,0
814,5370,0
812,5354,0
808,5330,0
803,5306,0
797,5281,0
788,5265,0
776,5252,0
769,5243,0
763,5243,0
764,5246,0
765,5259,0
770,5275,0
782,5291,0
803,5305,0
830,5314,0
862,5312,0
895,5309,0
928,5302,0
957,5275,0
984,5255,0
1001,5236,0
1011,5212,0
1013,5199,0
1006,5188,0
988,5192,0
965,5203,0
941,5226,0
916,5254,0
900,5297,0
896,5329,0
899,5361,0
912,5381,0
931,5386,0
956,5395,0
982,5395,1
1090,5340,0
1086,5337,0
1083,5332,0
1075,5328,0
1064,5329,0
1049,5332,0
1036,5336,0
1023,5348,0
1012,5364,0
1000,5383,0
994,5400,0
994,5416,0
1001,5428,0
1015,5436,0
1037,5432,0
1062,5424,0
1090,5408,1
1065,5245,0
1060,5248,0
1060,5248,0
1064,5248,0
1073,5248,0
1088,5233,0
1108,5228,0
1129,5224,0
1148,5224,0
1161,5228,0
1169,5244,0
1169,5264,0
1161,5296,0
1148,5324,0
1136,5360,0
1123,5392,0
1117,5420,0
1120,5440,0
1129,5448,0
1149,5448,0
1177,5436,0
1211,5419,0
1243,5382,0
1275,5353,0
1303,5308,1
1351,4893,0
1347,4869,0
1344,4861,0
1343,4861,0
1342,4881,0
1339,4905,0
1339,4958,0
1336,5005,0
1334,5074,0
1331,5134,0
1330,5206,0
1327,5274,0
1324,5335,0
1322,5395,0
1317,5435,0
1315,5459,0
1315,5467,0
1313,5463,0
1310,5440,0
1303,5407,0
1294,5364,0
1284,5324,0
1272,5281,0
1258,5237,0
1246,5214,0
1228,5186,0
1215,5183,0
1204,5183,0
1200,5195,0
1202,5207,0
1214,5223,0
1237,5230,0
1269,5237,0
1313,5231,0
1363,5208,0
1416,5185,0
1472,5157,1
1740,5289,0
1742,5302,0
1748,5337,0
1751,5377,0
1754,5441,0
1754,5502,0
1751,5575,0
1753,5651,0
1747,5721,0
1744,5781,0
1736,5834,0
1732,5867,0
1726,5880,0
1720,5873,0
1709,5849,0
1700,5806,0
1691,5755,0
1686,5691,0
1682,5619,0
1681,5551,0
1683,5482,0
1686,5417,0
1695,5356,0
1705,5302,0
1722,5264,0
1737,5230,0
1757,5207,0
1778,5192,0
1798,5185,0
1817,5194,0
1835,5216,0
1848,5246,0
1855,5281,0
1858,5325,0
1852,5363,0
1840,5402,0
1820,5429,0
1797,5443,0
1772,5451,0
1745,5447,0
1722,5438,0
1703,5419,0
1695,5397,0
1699,5371,0
1711,5342,1
1998,5120,0
2014,5076,0
2027,5033,0
2033,4991,0
2034,4958,0
2028,4935,0
2017,4925,0
1999,4933,0
1975,4961,0
1949,5007,0
1925,5067,0
1889,5208,0
2051,5379,0
2069,5342,0
2086,5323,0
2089,5294,0
2086,5270,0
2075,5252,0
2060,5243,0
2024,5257,0
1993,5312,0
2113,5424,1
2260,5323,0
2255,5316,0
2250,5313,0
2239,5299,0
2231,5296,0
2217,5287,0
2210,5294,0
2197,5292,0
2186,5303,0
2174,5313,0
2164,5332,0
2158,5354,0
2158,5382,0
2161,5402,0
2172,5420,0
2187,5425,0
2212,5432,1
2222,5216,0
2220,5229,0
2222,5228,0
2236,5221,0
2256,5217,0
2279,5216,0
2301,5214,0
2319,5222,0
2304,5304,0
2289,5337,0
2276,5364,0
2272,5398,0
2273,5414,0
2286,5432,0
2306,5431,0
2335,5424,0
2366,5400,0
2398,5372,0
2426,5336,0
2452,5300,0
2465,5267,0
2472,5240,0
2469,5229,0
2458,5224,0
2437,5229,0
2417,5243,0
2402,5260,0
2396,5278,0
2403,5296,0
2421,5308,0
2446,5318,0
2480,5325,0
2520,5335,0
2556,5337,0
2590,5344,0
2612,5355,0
2621,5368,0
2620,5385,0
2606,5407,0
2582,5430,0
2551,5451,0
2521,5472,0
2493,5484,0
2472,5485,0
2461,5479,0
2459,5464,0
2468,5445,0
2487,5423,0
2512,5395,1
2665,5296,0
2668,5304,0
2675,5319,0
2671,5337,0
2667,5364,0
2664,5389,0
2664,5419,0
2667,5447,0
2676,5469,0
2690,5473,0
2706,5465,0
2727,5449,0
2748,5426,0
2770,5402,0
2791,5378,0
2805,5361,0
2812,5350,0
2813,5351,0
2811,5355,0
2807,5373,0
2799,5397,0
2798,5422,0
2801,5442,0
2812,5456,0
2828,5462,0
2852,5459,0
2883,5448,0
2915,5434,0
2943,5415,0
2970,5405,0
2993,5405,0
3004,5410,0
3009,5426,0
3008,5447,0
3003,5470,0
2999,5497,0
2992,5508,0
2991,5513,0
2992,5508,0
2999,5489,0
3001,5458,0
3003,5424,0
2999,5383,0
2993,5350,0
2986,5319,0
2975,5302,0
2965,5293,0
2958,5291,0
2955,5296,0
2955,5308,0
2963,5327,0
2977,5348,0
2997,5366,0
3023,5382,0
3051,5388,0
3087,5392,0
3121,5392,0
3153,5379,0
3184,5363,0
3204,5342,0
3218,5323,0
3220,5304,0
3210,5291,0
3192,5286,0
3168,5291,0
3144,5310,0
3118,5337,0
3100,5366,0
3096,5401,0
3105,5432,0
3127,5458,0
3154,5473,0
3187,5472,1
3455,5350,0
3456,5345,0
3462,5342,0
3469,5339,0
3470,5338,0
3472,5342,0
3468,5357,0
3462,5378,0
3456,5397,0
3458,5419,0
3466,5437,0
3477,5445,0
3495,5450,0
3519,5448,0
3548,5438,0
3582,5419,0
3621,5391,0
3655,5361,0
3681,5330,0
3696,5309,0
3701,5292,0
3698,5290,0
3684,5292,0
3667,5306,0
3646,5320,0
3631,5337,0
3624,5354,0
3629,5364,0
3644,5375,0
3668,5372,0
3703,5368,0
3741,5367,0
3777,5362,0
3809,5363,0
3828,5366,0
3839,5375,0
3841,5383,0
3831,5397,0
3810,5412,0
3786,5429,0
3757,5444,0
3726,5455,0
3700,5459,0
3677,5457,0
3658,5448,1
3539,5236,0
3526,5233,0
3528,5236,0
3534,5238,0
3547,5240,1
4164,5296,0
4162,5288,0
4161,5279,0
4155,5274,0
4145,5270,0
4127,5267,0
4108,5269,0
4089,5276,0
4075,5289,0
4066,5312,0
4061,5335,0
4059,5363,0
4062,5384,0
4076,5404,0
4096,5415,0
4120,5419,0
4144,5411,0
4160,5392,0
4176,5373,0
4181,5351,0
4179,5330,0
4174,5319,0
4161,5308,0
4150,5310,0
4144,5318,0
4138,5335,0
4137,5354,0
4141,5384,0
4155,5423,0
4169,5465,0
4188,5509,0
4209,5558,0
4224,5600,0
4237,5643,0
4242,5682,0
4238,5711,0
4229,5730,0
4217,5746,0
4200,5752,0
4179,5745,0
4155,5726,0
4136,5700,0
4124,5665,0
4121,5622,0
4128,5572,0
4150,5523,0
4174,5472,0
4200,5424,0
4229,5383,0
4257,5351,0
4275,5326,0
4294,5320,0
4305,5322,0
4309,5329,0
4318,5351,0
4322,5373,0
4328,5393,1
4340,5177,0
4328,5175,0
4328,5175,0
4328,5180,0
4333,5186,1
4417,5366,0
4418,5369,0
4421,5377,0
4426,5383,0
4435,5396,0
4446,5409,0
4462,5422,0
4480,5434,0
4498,5441,0
4515,5440,0
4530,5435,0
4541,5423,0
4547,5409,0
4546,5390,0
4542,5375,0
4531,5353,0
4519,5337,0
4509,5324,0
4499,5316,0
4496,5313,0
4495,5314,0
4503,5323,0
4517,5337,0
4536,5354,0
4558,5364,0
4585,5370,0
4613,5371,0
4644,5368,0
4671,5359,0
4691,5346,0
4708,5333,0
4718,5316,0
4721,5305,0
4714,5291,0
4702,5284,0
4687,5285,0
4671,5291,0
4657,5306,0
4648,5327,0
4644,5349,0
4649,5379,0
4659,5407,0
4671,5433,0
4689,5448,0
4713,5457,0
4734,5458,0
4762,5452,0
4782,5433,0
4804,5417,0
4820,5401,0
4831,5388,0
4829,5380,0
4833,5387,0
4826,5392,0
4825,5413,0
4826,5436,0
4827,5455,0
4831,5467,0
4847,5479,0
4860,5475,0
4886,5472,0
4905,5449,0
4936,5436,0
4958,5414,0
4979,5405,0
4988,5397,0
4998,5405,0
4999,5414,0
5000,5438,0
4997,5466,0
5000,5498,0
5007,5522,0
5025,5540,1
5279,5077,0
5274,5072,0
5273,5072,0
5275,5081,0
5279,5098,0
5283,5127,0
5286,5161,0
5288,5202,0
5290,5246,0
5289,5288,0
5296,5329,0
5301,5361,0
5311,5379,0
5329,5390,0
5354,5390,0
5385,5386,0
5419,5379,0
5450,5373,0
5477,5371,0
5494,5373,0
5499,5380,0
5494,5388,0
5487,5409,0
5467,5426,0
5450,5450,0
5424,5467,0
5397,5478,0
5373,5489,0
5344,5490,0
5316,5483,0
5297,5477,0
5287,5470,0
5284,5458,1
5547,5401,0
5552,5413,0
5561,5431,0
5570,5450,0
5578,5465,0
5590,5480,0
5607,5487,0
5628,5489,0
5651,5481,0
5677,5469,0
5700,5448,0
5725,5426,0
5743,5405,0
5756,5394,0
5757,5388,0
5755,5389,0
5743,5405,0
5719,5432,0
5685,5467,0
5649,5513,0
5606,5566,0
5566,5631,0
5522,5697,0
5481,5755,0
5455,5811,0
5434,5858,0
5420,5888,0
5423,5906,0
5435,5907,1
6029,5103,0
6029,5103,0
6034,5108,0
6031,5117,0
6022,5137,0
6010,5161,0
5998,5195,0
5981,5233,0
5960,5276,0
5943,5320,0
5924,5370,0
5903,5411,0
5890,5456,0
5879,5493,0
5875,5524,0
5878,5547,0
5884,5559,0
5896,5564,0
5920,5569,0
5943,5564,0
5981,5561,0
6018,5556,0
6058,5551,0
6097,5548,0
6130,5539,0
6159,5540,0
6177,5538,0
6182,5533,0
6181,5535,1
6241,5460,0
6241,5466,0
6234,5473,0
6225,5487,0
6221,5501,0
6220,5525,0
6218,5544,0
6222,5563,0
6224,5576,0
6235,5582,0
6246,5584,0
6258,5578,0
6271,5564,0
6289,5548,0
6307,5530,0
6319,5512,0
6331,5501,0
6335,5498,0
6336,5497,0
6335,5502,0
6325,5512,0
6324,5530,0
6323,5548,0
6322,5560,0
6331,5568,0
6343,5568,0
6363,5565,0
6386,5559,0
6411,5547,0
6433,5530,0
6456,5518,0
6469,5511,0
6478,5508,0
6483,5508,0
6485,5518,0
6482,5532,0
6472,5547,0
6467,5564,0
6469,5578,0
6477,5588,0
6490,5592,0
6510,5589,0
6535,5581,0
6563,5563,0
6592,5540,1
6546,5334,0
6543,5336,0
6543,5337,0
6541,5338,0
6543,5342,1
6669,5534,0
6670,5528,0
6667,5519,0
6664,5511,0
6661,5503,0
6652,5500,0
6630,5494,0
6613,5499,0
6592,5511,0
6566,5525,0
6548,5543,0
6541,5564,0
6540,5581,0
6553,5596,0
6571,5601,0
6597,5602,0
6626,5595,0
6653,5586,0
6671,5568,0
6687,5550,0
6691,5535,0
6693,5528,0
6693,5527,0
6687,5528,0
6681,5540,0
6671,5555,0
6667,5583,0
6661,5612,0
6664,5648,0
6665,5682,0
6667,5720,0
6669,5758,0
6676,5796,0
6682,5834,0
6684,5865,0
6678,5889,0
6674,5916,0
6664,5935,0
6650,5943,0
6637,5945,0
6620,5940,0
6602,5923,0
6580,5901,0
6560,5870,0
6547,5832,0
6541,5793,0
6551,5755,0
6565,5714,0
6594,5680,0
6629,5651,0
6664,5620,0
6708,5598,0
6744,5578,0
6782,5567,0
6800,5547,0
6823,5540,0
6830,5533,0
6836,5538,0
6831,5537,0
6829,5545,0
6825,5551,0
6818,5558,0
6820,5567,0
6822,5565,0
6833,5560,1
6837,5359,0
6838,5358,0
6834,5356,0
6835,5356,0
6833,5351,1