stirring choral scenes, sung
499
1039,1692,0
1032,1700,0
1024,1704,0
1019,1712,0
1017,1715,0
1017,1720,0
1021,1728,0
1030,1739,0
1039,1749,0
1050,1757,0
1061,1765,0
1070,1777,0
1077,1792,0
1077,1801,0
1075,1813,0
1067,1825,0
1056,1841,0
1038,1848,0
1020,1855,0
1003,1863,0
990,1858,1
1177,1529,0
1179,1541,0
1183,1565,0
1183,1593,0
1180,1626,0
1182,1669,0
1177,1706,0
1176,1742,0
1177,1774,0
1178,1797,0
1178,1810,0
1177,1809,0
1177,1806,1
1112,1673,0
1112,1673,0
1117,1669,0
1132,1664,0
1153,1663,0
1170,1662,0
1186,1661,0
1203,1660,0
1225,1666,1
1269,1721,0
1271,1725,0
1272,1733,0
1275,1749,0
1274,1761,0
1270,1773,0
1268,1785,0
1266,1790,0
1266,1786,1
1270,1564,0
1271,1564,0
1271,1564,0
1274,1568,0
1274,1575,0
1274,1588,0
1276,1603,0
1275,1611,0
1281,1623,1
1329,1786,0
1333,1790,0
1331,1785,0
1333,1781,0
1334,1768,0
1342,1755,0
1353,1733,0
1365,1711,0
1380,1692,0
1393,1677,0
1408,1674,0
1416,1672,0
1420,1670,1
1416,1783,0
1416,1778,0
1417,1773,0
1416,1766,0
1425,1760,0
1439,1744,0
1457,1723,0
1474,1707,0
1488,1696,1
1605,1701,0
1607,1705,0
1605,1705,0
1605,1710,0
1609,1721,0
1609,1734,0
1610,1750,0
1609,1763,0
1611,1767,1
1627,1558,0
1629,1561,0
1626,1562,0
1632,1577,0
1638,1583,1
1686,1744,0
1687,1748,0
1687,1756,0
1686,1766,0
1684,1775,0
1682,1775,0
1687,1773,0
1694,1754,0
1719,1740,0
1739,1723,0
1760,1715,0
1773,1717,0
1785,1734,0
1789,1758,0
1788,1775,0
1788,1785,0
1792,1788,1
1935,1713,0
1930,1710,0
1924,1709,0
1909,1708,0
1894,1716,0
1879,1728,0
1867,1743,0
1860,1751,0
1863,1763,0
1870,1769,0
1884,1775,0
1897,1773,0
1913,1765,0
1930,1751,0
1947,1737,0
1964,1729,0
1974,1722,0
1981,1723,0
1985,1730,0
1986,1743,0
1985,1762,0
1983,1786,0
1977,1813,0
1973,1842,0
1967,1868,0
1960,1889,0
1949,1908,0
1937,1923,0
1923,1938,0
1899,1945,0
1878,1946,0
1862,1931,0
1853,1905,1
2574,1718,0
2558,1722,0
2538,1730,0
2514,1741,0
2488,1754,0
2466,1773,0
2449,1794,0
2437,1809,0
2433,1816,0
2443,1825,0
2451,1828,0
2479,1831,0
2501,1828,1
2681,1560,0
2675,1573,0
2675,1596,0
2675,1627,0
2669,1662,0
2668,1703,0
2662,1739,0
2659,1765,0
2660,1775,0
2661,1774,0
2672,1768,0
2682,1753,0
2692,1743,0
2709,1735,0
2729,1727,0
2747,1725,0
2759,1730,0
2764,1742,0
2763,1761,0
2760,1781,0
2760,1792,1
2911,1722,0
2907,1720,0
2907,1720,0
2901,1720,0
2890,1722,0
2876,1726,0
2864,1734,0
2847,1746,0
2832,1762,0
2820,1781,0
2813,1802,0
2815,1822,0
2823,1837,0
2832,1845,0
2849,1850,0
2869,1845,0
2894,1838,0
2906,1819,0
2915,1795,0
2917,1770,0
2913,1749,0
2904,1736,0
2890,1727,0
2871,1725,0
2861,1731,1
2967,1810,0
2967,1809,0
2967,1803,0
2975,1795,0
2979,1777,0
2996,1763,0
3035,1735,1
3193,1732,0
3185,1729,0
3174,1725,0
3164,1725,0
3148,1726,0
3128,1732,0
3099,1763,0
3096,1780,0
3098,1790,0
3113,1797,0
3129,1796,0
3149,1790,0
3177,1766,0
3189,1751,0
3201,1742,0
3203,1739,0
3204,1765,0
3233,1773,1
3332,1586,0
3332,1594,0
3336,1609,0
3334,1628,0
3333,1657,0
3333,1694,0
3327,1730,0
3325,1761,0
3332,1788,0
3334,1798,0
3341,1800,0
3346,1788,0
3361,1766,1
3861,1720,0
3849,1718,0
3839,1718,0
3828,1722,0
3811,1728,0
3801,1737,0
3798,1742,0
3795,1748,0
3797,1752,0
3811,1761,0
3821,1768,0
3834,1775,0
3855,1788,0
3863,1797,0
3868,1805,0
3865,1812,0
3858,1822,0
3843,1832,0
3824,1839,0
3804,1843,0
3784,1844,0
3776,1841,0
3775,1836,0
3783,1829,0
3805,1824,1
4034,1722,0
4032,1723,0
4023,1724,0
4007,1728,0
3988,1737,0
3970,1754,0
3950,1775,0
3942,1797,0
3942,1813,0
3947,1821,0
3962,1826,0
3986,1826,0
4010,1823,1
4114,1758,0
4118,1759,0
4123,1757,0
4137,1756,0
4153,1751,0
4169,1748,0
4185,1743,0
4191,1738,0
4198,1734,0
4199,1732,0
4189,1725,0
4182,1720,0
4167,1718,0
4152,1719,0
4132,1722,0
4118,1734,0
4102,1747,0
4092,1766,0
4087,1783,0
4090,1802,0
4102,1814,0
4126,1820,0
4150,1817,0
4176,1812,0
4198,1803,1
4290,1728,0
4287,1736,0
4287,1751,0
4284,1768,0
4280,1785,0
4278,1799,0
4275,1804,0
4275,1804,0
4276,1800,0
4284,1785,0
4293,1768,0
4307,1750,0
4323,1734,0
4343,1721,0
4367,1715,0
4382,1713,0
4406,1717,0
4420,1726,0
4430,1741,0
4435,1761,0
4430,1778,0
4427,1793,0
4425,1807,0
4413,1814,0
4415,1810,1
4560,1746,0
4560,1747,0
4559,1749,0
4566,1752,0
4579,1753,0
4593,1751,0
4608,1747,0
4615,1742,0
4625,1738,0
4631,1735,0
4628,1731,0
4626,1726,0
4615,1720,0
4604,1717,0
4591,1716,0
4577,1718,0
4562,1722,0
4548,1725,0
4535,1734,0
4517,1743,0
4512,1756,0
4511,1768,0
4510,1778,0
4522,1789,0
4538,1792,0
4560,1794,0
4586,1795,0
4608,1795,0
4631,1793,1
4853,1724,0
4838,1720,0
4833,1720,0
4815,1721,0
4792,1726,0
4775,1736,0
4762,1744,0
4762,1754,0
4758,1762,0
4767,1772,0
4777,1778,0
4795,1788,0
4806,1793,0
4816,1800,0
4815,1803,0
4809,1808,0
4796,1816,0
4772,1820,0
4753,1824,0
4736,1823,0
4716,1819,1
4975,1827,0
4970,1827,0
4970,1827,0
4970,1827,0
4970,1827,0
4966,1826,0
4965,1830,0
4961,1840,0
4946,1852,0
4929,1871,0
4907,1891,0
4893,1903,0
4891,1906,1
5388,1691,0
5383,1691,0
5375,1691,0
5366,1695,0
5350,1703,0
5336,1718,0
5322,1732,0
5314,1742,0
5312,1747,0
5318,1757,0
5326,1768,0
5342,1779,0
5356,1788,0
5371,1796,0
5380,1803,0
5381,1812,0
5381,1825,0
5371,1838,0
5355,1848,0
5339,1855,0
5321,1857,0
5310,1853,0
5301,1843,0
5302,1829,0
5306,1818,1
5490,1715,0
5489,1719,0
5492,1732,0
5491,1748,0
5492,1768,0
5493,1790,0
5499,1806,0
5503,1819,0
5518,1826,0
5531,1825,0
5542,1816,0
5561,1801,0
5577,1779,0
5590,1755,0
5607,1732,0
5621,1714,0
5628,1707,0
5632,1707,0
5631,1722,0
5627,1748,0
5622,1774,0
5619,1793,0
5623,1805,0
5631,1807,0
5634,1799,1
5708,1746,0
5703,1761,0
5701,1778,0
5701,1801,0
5704,1819,0
5701,1836,0
5699,1844,0
5699,1844,0
5704,1840,0
5712,1818,0
5725,1792,0
5745,1772,0
5769,1753,0
5788,1744,0
5806,1742,0
5820,1750,0
5828,1763,0
5831,1780,0
5826,1795,0
5826,1807,0
5824,1812,1
6008,1743,0
6004,1741,0
6001,1737,0
5984,1735,0
5967,1739,0
5947,1750,0
5921,1766,0
5905,1785,0
5898,1795,0
5900,1801,0
5908,1803,0
5916,1802,0
5935,1797,0
5949,1793,0
5969,1783,0
5985,1773,0
6001,1764,0
6010,1759,0
6020,1757,0
6020,1759,0
6020,1770,0
6015,1787,0
6011,1809,0
6006,1835,0
5993,1862,0
5979,1891,0
5962,1916,0
5940,1940,0
5918,1956,0
5893,1964,0
5859,1962,0
5833,1954,0
5808,1942,1