is the goal of every artiste.
688
831,6227,0
839,6223,0
857,6208,0
875,6189,0
897,6157,0
917,6122,0
938,6074,0
954,6030,0
962,5999,0
967,5979,0
967,5974,0
968,5979,0
967,5999,0
962,6039,0
959,6095,0
962,6151,0
970,6195,0
977,6227,0
989,6239,0
1000,6232,0
1018,6212,0
1041,6172,0
1065,6120,0
1088,6072,0
1106,6028,0
1120,6004,0
1135,5992,0
1148,5992,0
1163,6008,0
1175,6032,0
1181,6063,0
1183,6095,0
1177,6115,0
1168,6136,0
1161,6140,0
1154,6144,0
1146,6140,1
1039,5716,0
1037,5716,0
1037,5716,0
1037,5716,0
1037,5721,1
1286,6104,1
1307,6072,0
1319,6048,0
1336,6007,0
1348,5957,0
1358,5894,0
1368,5821,0
1374,5756,0
1375,5701,0
1374,5660,0
1372,5636,0
1370,5632,0
1369,5636,0
1368,5672,0
1363,5725,0
1363,5801,0
1365,5893,0
1365,5976,0
1363,6049,0
1356,6094,0
1349,6106,0
1346,6107,0
1339,6090,0
1329,6063,0
1319,6036,0
1306,6008,0
1299,5992,0
1298,5988,0
1300,5988,0
1310,5991,0
1327,5995,0
1351,5990,0
1380,5972,0
1402,5940,0
1415,5894,0
1423,5841,0
1426,5786,0
1427,5741,0
1426,5709,0
1427,5701,0
1428,5706,0
1435,5725,0
1440,5772,0
1449,5832,0
1457,5912,0
1462,5988,0
1462,6048,0
1466,6080,0
1470,6087,0
1479,6071,0
1492,6034,0
1505,5988,0
1515,5944,0
1518,5911,0
1522,5907,0
1526,5906,0
1534,5934,0
1538,5978,0
1546,6030,0
1560,6076,0
1580,6115,0
1603,6129,0
1630,6131,0
1657,6116,0
1681,6090,0
1697,6056,0
1701,6015,0
1696,5984,0
1687,5964,0
1674,5954,0
1664,5962,0
1657,5991,0
1653,6032,0
1657,6084,0
1664,6131,0
1677,6171,0
1693,6194,1
1981,6076,0
1983,6063,0
1978,6048,0
1964,6042,0
1945,6049,0
1924,6073,0
1905,6099,0
1899,6136,0
1899,6169,0
1906,6200,0
1917,6218,0
1935,6228,0
1955,6221,0
1974,6206,0
1986,6176,0
1990,6151,0
1988,6131,0
1988,6124,0
1988,6127,0
1988,6148,0
1987,6196,0
1982,6266,0
1974,6348,0
1966,6430,0
1956,6507,0
1942,6566,0
1930,6604,0
1913,6623,0
1896,6616,0
1882,6594,0
1881,6554,0
1889,6493,0
1913,6425,1
2087,6112,0
2093,6099,0
2092,6090,0
2092,6082,0
2077,6073,0
2060,6063,0
2034,6063,0
2011,6075,0
1993,6094,0
1988,6131,0
1990,6172,0
1999,6207,0
2012,6229,0
2030,6242,0
2052,6235,0
2073,6219,0
2082,6193,0
2084,6169,0
2082,6141,0
2073,6121,0
2065,6107,0
2058,6104,0
2060,6108,0
2062,6112,0
2070,6123,0
2085,6132,0
2103,6137,0
2127,6133,1
2201,6091,0
2220,6079,0
2229,6081,0
2232,6077,0
2232,6077,0
2232,6077,0
2227,6074,0
2213,6076,0
2195,6084,0
2169,6097,0
2149,6121,0
2138,6151,0
2133,6177,0
2137,6208,0
2144,6227,0
2159,6241,0
2177,6238,0
2201,6225,0
2224,6204,0
2236,6182,0
2238,6157,0
2238,6145,0
2232,6138,0
2229,6142,0
2221,6156,0
2217,6182,0
2218,6214,0
2226,6244,0
2232,6268,0
2246,6278,0
2268,6278,0
2295,6260,0
2322,6222,0
2356,6174,0
2373,6121,0
2383,6058,0
2391,5995,0
2394,5932,0
2391,5871,0
2387,5819,0
2380,5775,0
2374,5756,0
2367,5750,0
2360,5764,0
2352,5798,0
2340,5850,0
2336,5921,0
2339,5986,0
2350,6052,0
2359,6099,0
2376,6141,0
2397,6161,0
2414,6165,0
2437,6160,0
2458,6151,0
2474,6143,1
2774,6070,0
2780,6059,0
2783,6042,0
2779,6035,0
2769,6025,0
2757,6025,0
2736,6027,0
2719,6048,0
2707,6072,0
2702,6098,0
2708,6134,0
2721,6164,0
2738,6179,0
2758,6186,0
2781,6184,0
2801,6166,0
2815,6137,0
2818,6107,0
2813,6079,0
2802,6053,0
2789,6040,0
2782,6034,0
2781,6039,0
2784,6054,0
2794,6080,0
2812,6101,0
2836,6114,0
2863,6119,0
2892,6106,0
2922,6080,0
2945,6030,0
2966,5974,0
2972,5904,0
2974,5840,0
2967,5775,0
2958,5723,0
2951,5688,0
2949,5675,0
2951,5680,0
2953,5716,0
2960,5781,0
2970,5880,0
2977,5987,0
2981,6103,0
2979,6204,0
2977,6280,0
2976,6327,0
2973,6331,0
2970,6329,0
2964,6305,0
2958,6278,0
2957,6244,0
2963,6226,0
2968,6220,0
2981,6229,0
3004,6242,0
3037,6253,0
3075,6271,0
3114,6283,0
3150,6288,0
3180,6290,1
3288,6298,0
3301,6293,0
3322,6278,0
3334,6247,0
3344,6210,0
3351,6169,0
3346,6136,0
3336,6106,0
3318,6091,0
3302,6089,0
3282,6100,0
3269,6131,0
3261,6172,0
3259,6224,0
3267,6280,0
3278,6328,0
3294,6360,0
3314,6382,0
3333,6384,0
3356,6376,0
3382,6349,0
3403,6312,0
3419,6263,0
3431,6211,0
3438,6160,0
3443,6125,0
3443,6099,0
3444,6081,0
3444,6077,0
3445,6080,0
3446,6085,0
3444,6085,0
3449,6096,0
3446,6110,0
3446,6123,0
3443,6145,0
3442,6164,0
3436,6191,0
3433,6219,0
3432,6261,0
3433,6300,0
3435,6334,0
3437,6358,0
3440,6379,0
3443,6387,0
3448,6392,0
3455,6390,0
3464,6387,0
3477,6369,0
3489,6343,0
3502,6312,0
3515,6280,0
3520,6244,0
3525,6213,0
3525,6177,0
3525,6152,0
3522,6136,0
3516,6125,0
3515,6126,0
3515,6134,0
3522,6153,0
3529,6176,0
3542,6206,0
3561,6237,0
3580,6255,0
3599,6264,0
3616,6266,0
3626,6252,0
3636,6235,0
3638,6213,0
3635,6189,0
3621,6168,0
3605,6157,0
3589,6160,0
3575,6175,0
3562,6206,0
3555,6247,0
3560,6293,0
3568,6337,0
3582,6379,0
3601,6406,0
3623,6423,0
3643,6423,0
3667,6409,0
3689,6374,0
3706,6332,0
3719,6287,0
3728,6244,0
3730,6208,0
3731,6190,0
3731,6190,0
3730,6199,0
3724,6232,0
3721,6278,0
3718,6336,0
3717,6432,0
3712,6451,0
3712,6451,0
3710,6443,0
3708,6418,0
3707,6384,0
3703,6346,0
3704,6329,0
3709,6326,0
3715,6328,0
3729,6331,0
3748,6336,0
3770,6331,0
3790,6326,0
3805,6311,0
3819,6260,0
3823,6241,0
3822,6229,0
3819,6225,0
3814,6232,0
3810,6265,0
3808,6305,0
3811,6348,0
3823,6387,0
3834,6411,0
3846,6419,0
3863,6420,0
3880,6396,0
3900,6365,0
3913,6323,0
3918,6273,0
3926,6234,0
3927,6210,0
3931,6209,0
3930,6214,0
3928,6242,0
3932,6283,0
3938,6329,0
3950,6373,0
3959,6399,0
3974,6410,0
3984,6405,0
3998,6386,0
4008,6350,0
4015,6302,0
4017,6261,0
4018,6234,0
4017,6225,0
4016,6230,0
4012,6255,0
4012,6308,0
4008,6381,0
3997,6470,0
3985,6577,0
3966,6681,0
3944,6792,0
3915,6877,0
3889,6949,0
3870,6996,0
3853,7011,0
3848,7009,0
3838,6987,0
3834,6954,0
3841,6908,1
4339,6336,1
4357,6336,0
4365,6327,0
4367,6307,0
4363,6282,0
4351,6253,0
4334,6235,0
4313,6227,0
4287,6232,0
4264,6254,0
4249,6297,0
4244,6349,0
4250,6405,0
4263,6447,0
4277,6476,0
4292,6481,0
4309,6469,0
4327,6437,0
4340,6390,0
4347,6345,0
4347,6309,0
4346,6296,0
4347,6295,0
4353,6310,0
4363,6337,0
4376,6371,0
4391,6408,0
4408,6426,0
4422,6432,0
4435,6420,0
4449,6391,0
4460,6343,0
4470,6288,0
4476,6243,0
4479,6237,0
4483,6285,0
4485,6344,0
4490,6395,0
4493,6430,0
4493,6439,0
4496,6437,0
4495,6416,0
4491,6386,0
4487,6352,0
4485,6325,0
4487,6315,0
4490,6318,0
4503,6329,0
4522,6332,0
4548,6332,0
4570,6309,0
4591,6270,0
4612,6217,0
4624,6144,0
4638,6066,0
4645,5996,0
4650,5941,0
4651,5908,0
4651,5908,0
4653,5926,0
4653,5982,0
4645,6066,0
4641,6171,0
4632,6274,0
4621,6367,0
4611,6425,0
4601,6449,0
4596,6442,0
4589,6410,0
4584,6367,0
4577,6310,0
4574,6271,0
4574,6252,0
4575,6247,0
4582,6256,0
4593,6278,0
4608,6307,0
4625,6329,0
4645,6345,0
4663,6340,0
4684,6327,0
4702,6298,0
4712,6264,0
4721,6231,0
4722,6202,0
4722,6194,0
4719,6198,0
4713,6226,0
4708,6266,0
4713,6324,0
4714,6375,0
4720,6417,0
4733,6447,0
4746,6457,0
4761,6458,0
4782,6442,0
4797,6413,0
4820,6377,0
4841,6336,0
4864,6303,0
4881,6287,0
4900,6285,0
4917,6303,0
4930,6333,0
4933,6364,0
4935,6400,0
4932,6426,0
4924,6440,0
4912,6447,0
4899,6446,0
4893,6445,0
4886,6440,0
4891,6442,0
4890,6437,0
4897,6432,0
4914,6418,0
4939,6389,0
4960,6343,0
4978,6283,0
4987,6220,0
4992,6151,0
4995,6091,0
4993,6035,0
4990,6003,0
4990,5989,0
4988,5995,0
4987,6025,0
4987,6083,0
4985,6150,0
4981,6224,0
4977,6299,0
4971,6358,0
4965,6395,0
4961,6403,0
4963,6396,0
4960,6375,0
4953,6337,0
4949,6297,0
4945,6257,0
4944,6234,0
4941,6221,0
4945,6223,0
4954,6232,0
4965,6239,0
4979,6254,0
4988,6262,0
4993,6268,0
4999,6275,0
4998,6271,0
5000,6270,0
5003,6267,0
5004,6267,0
5005,6266,0
5005,6266,0
5004,6267,0
5003,6267,0
5002,6268,0
4999,6270,0
5001,6273,0
4997,6276,0
4998,6275,0
4998,6275,0
5000,6274,0
4997,6271,0
5000,6274,0
4999,6275,0
4999,6270,0
4999,6275,0
4998,6271,0
5000,6274,0
5002,6272,0
5001,6273,0
5003,6273,0
5003,6273,0
5004,6271,0
5004,6272,0
5004,6271,0
5005,6271,0
5004,6267,0
5006,6270,0
5007,6270,0
5006,6270,0
5009,6268,0
5014,6270,0
5026,6263,0
5036,6251,0
5051,6232,0
5062,6209,0
5070,6186,0
5074,6168,0
5074,6154,0
5067,6144,0
5058,6136,0
5041,6137,0
5024,6144,0
5011,6172,0
4998,6208,0
4990,6256,0
4983,6308,0
4981,6353,0
4987,6391,0
5000,6416,0
5017,6434,0
5039,6443,0
5061,6444,0
5084,6439,0
5103,6431,1
5184,6493,0
5183,6489,0
5187,6492,0
5184,6489,0
5185,6488,0
5184,6489,0
5187,6491,0
5188,6490,0
5190,6489,0
5189,6490,0
5193,6493,0
5194,6492,0
5201,6496,1
4759,6015,0
4760,6014,0
4759,6015,0
4755,6017,0
4752,6019,0
4751,6020,0
4751,6020,0
4748,6017,0
4748,6017,0
4748,6017,0
4748,6017,0
4771,6031,1