The present State of the
450
893,1196,0
916,1225,0
919,1229,0
922,1237,0
934,1255,0
939,1284,0
938,1329,0
934,1364,0
919,1399,0
919,1418,0
923,1428,0
926,1423,0
929,1404,1
813,1236,0
824,1235,0
847,1232,0
878,1221,0
921,1213,0
962,1202,0
1007,1202,0
1038,1192,0
1067,1184,1
1186,1184,0
1190,1187,0
1192,1187,0
1196,1191,0
1199,1199,0
1206,1225,0
1208,1266,0
1204,1303,0
1198,1331,0
1198,1351,0
1199,1359,0
1201,1358,0
1207,1350,0
1222,1332,0
1242,1314,0
1261,1298,0
1285,1295,0
1308,1303,0
1327,1319,0
1338,1338,0
1347,1360,0
1353,1378,0
1356,1390,0
1366,1396,0
1379,1393,1
1457,1372,0
1462,1370,0
1473,1363,0
1480,1347,0
1491,1335,0
1498,1319,0
1500,1306,0
1495,1295,0
1493,1296,0
1483,1300,0
1471,1312,0
1459,1337,0
1450,1370,0
1455,1398,0
1471,1409,0
1502,1407,0
1544,1397,1
1968,1262,0
1966,1264,0
1973,1269,0
1977,1286,0
1988,1322,0
1996,1367,0
2001,1409,0
2007,1443,0
2007,1464,0
2008,1478,0
2011,1481,0
2006,1474,0
2000,1454,0
1993,1425,0
1987,1389,0
1989,1353,0
1997,1316,0
2012,1283,0
2025,1256,0
2046,1238,0
2072,1230,0
2097,1228,0
2117,1237,0
2123,1252,0
2113,1274,0
2096,1300,0
2071,1322,0
2048,1336,0
2033,1343,1
2183,1240,0
2183,1240,0
2188,1240,0
2187,1241,0
2195,1256,0
2195,1278,0
2195,1300,0
2195,1317,0
2195,1322,0
2200,1323,0
2204,1315,0
2217,1296,0
2226,1269,0
2247,1246,0
2270,1228,0
2292,1216,0
2312,1209,1
2394,1293,0
2405,1285,0
2425,1267,0
2443,1245,0
2458,1226,0
2461,1209,0
2458,1199,0
2448,1192,0
2431,1195,0
2414,1211,0
2389,1235,0
2368,1266,0
2355,1294,0
2364,1315,0
2384,1322,0
2420,1323,0
2453,1315,1
2637,1189,0
2619,1187,0
2603,1188,0
2588,1196,0
2566,1207,0
2552,1220,0
2554,1232,0
2563,1240,0
2589,1244,0
2621,1247,0
2648,1249,0
2673,1255,0
2692,1264,0
2695,1273,0
2683,1286,0
2658,1299,0
2625,1311,0
2590,1316,0
2566,1315,0
2557,1308,0
2562,1295,1
2786,1266,0
2782,1265,0
2795,1261,0
2809,1245,0
2839,1228,0
2859,1209,0
2869,1192,0
2876,1179,0
2871,1172,0
2867,1170,0
2852,1175,0
2830,1188,0
2804,1208,0
2782,1229,0
2772,1251,0
2782,1272,0
2808,1285,0
2838,1288,0
2877,1288,0
2913,1283,0
2941,1274,1
2994,1196,0
2994,1197,0
2998,1199,0
3004,1213,0
3005,1236,0
3005,1260,0
3008,1280,0
3011,1291,0
3018,1293,0
3033,1285,0
3049,1264,0
3076,1240,0
3100,1220,0
3122,1211,0
3144,1215,0
3161,1231,0
3171,1255,0
3182,1280,0
3193,1301,0
3203,1315,1
3293,1036,0
3296,1073,0
3291,1114,0
3293,1161,0
3294,1207,0
3296,1247,0
3304,1278,0
3312,1298,0
3312,1307,0
3316,1307,0
3308,1296,0
3296,1276,1
3241,1205,0
3241,1196,0
3249,1189,0
3271,1181,0
3305,1172,0
3340,1164,0
3371,1161,0
3397,1164,1
3963,1098,0
3968,1083,0
3978,1065,0
3979,1047,0
3976,1030,0
3971,1020,0
3950,1019,0
3922,1030,0
3887,1050,0
3857,1076,0
3835,1103,0
3826,1127,0
3836,1147,0
3857,1163,0
3885,1177,0
3923,1192,0
3957,1205,0
3989,1219,0
4012,1229,0
4027,1243,0
4027,1258,0
4016,1274,0
3990,1288,0
3954,1301,0
3919,1313,0
3887,1317,0
3855,1312,0
3839,1297,0
3828,1273,1
4039,1042,0
4039,1042,0
4050,1049,0
4063,1062,0
4073,1083,0
4075,1114,0
4080,1154,0
4077,1199,0
4079,1242,0
4088,1274,0
4097,1300,0
4102,1317,0
4104,1323,1
4024,1228,0
4025,1225,0
4045,1218,0
4082,1208,0
4121,1195,0
4162,1187,0
4197,1181,0
4223,1177,0
4249,1177,1
4266,1175,0
4247,1182,0
4227,1192,0
4209,1210,0
4192,1235,0
4183,1260,0
4185,1278,0
4195,1286,0
4213,1286,0
4233,1274,0
4258,1253,0
4270,1228,0
4285,1207,0
4295,1190,0
4302,1181,0
4299,1179,0
4301,1186,0
4307,1205,0
4311,1229,0
4317,1250,0
4324,1268,0
4333,1278,0
4341,1280,0
4348,1271,0
4359,1252,1
4424,1015,0
4427,1017,0
4427,1034,0
4436,1064,0
4442,1105,0
4446,1148,0
4454,1192,0
4462,1231,0
4473,1264,0
4478,1286,0
4488,1295,0
4492,1295,0
4495,1289,1
4397,1186,0
4397,1184,0
4415,1179,0
4442,1175,0
4477,1170,0
4507,1165,0
4538,1161,0
4566,1163,0
4591,1165,1
4637,1263,0
4644,1264,0
4654,1259,0
4671,1247,0
4688,1230,0
4710,1213,0
4724,1194,0
4733,1175,0
4729,1161,0
4723,1153,0
4711,1149,0
4690,1152,0
4669,1167,0
4647,1187,0
4635,1212,0
4624,1237,0
4620,1261,0
4636,1279,0
4661,1292,0
4694,1293,0
4737,1290,1
5345,1170,0
5338,1165,0
5332,1159,0
5332,1156,0
5320,1152,0
5307,1157,0
5296,1166,0
5285,1183,0
5268,1201,0
5257,1227,0
5264,1251,0
5271,1271,0
5288,1285,0
5312,1286,0
5339,1281,0
5367,1264,0
5386,1240,0
5407,1220,0
5403,1204,0
5397,1192,0
5387,1186,0
5379,1185,0
5367,1183,0
5367,1183,0
5372,1177,1
5559,1035,0
5558,1018,0
5557,1002,0
5547,991,0
5535,985,0
5518,988,0
5508,1001,0
5495,1025,0
5492,1058,0
5498,1093,0
5501,1136,0
5511,1182,0
5524,1231,0
5539,1273,0
5551,1306,0
5561,1330,0
5573,1346,1
5510,1271,0
5511,1270,0
5520,1266,0
5542,1261,0
5564,1250,0
5594,1246,0
5608,1240,0
5624,1242,0
5632,1242,1
5931,997,0
5932,991,0
5932,991,0
5931,1003,0
5937,1030,0
5938,1068,0
5946,1114,0
5950,1158,0
5958,1197,0
5964,1225,0
5967,1247,0
5968,1264,0
5967,1266,1
5889,1176,0
5885,1177,0
5897,1178,0
5917,1179,0
5950,1179,0
5975,1173,0
5997,1167,0
6018,1161,0
6038,1148,0
6054,1129,0
6066,1103,0
6076,1072,0
6080,1051,0
6087,1037,0
6087,1033,0
6090,1035,0
6097,1047,0
6099,1078,0
6099,1124,0
6102,1170,0
6106,1212,0
6113,1237,0
6127,1250,0
6142,1254,0
6164,1247,0
6188,1230,0
6217,1210,0
6244,1194,0
6270,1189,0
6289,1196,0
6302,1214,0
6314,1236,0
6326,1250,0
6341,1261,0
6353,1265,0
6365,1264,0
6377,1264,1
6430,1245,0
6426,1241,0
6437,1232,0
6452,1218,0
6471,1197,0
6488,1176,0
6496,1154,0
6499,1138,0
6498,1127,0
6490,1124,0
6477,1126,0
6462,1141,0
6441,1168,0
6427,1202,0
6428,1235,0
6445,1257,0
6473,1273,0
6514,1272,0
6561,1261,0
6601,1245,0
6628,1231,1