The oval experiment at
562
776,1118,0
799,1150,0
796,1145,0
798,1153,0
801,1175,0
798,1204,0
793,1244,0
784,1286,0
774,1329,0
766,1377,0
759,1416,0
754,1448,0
750,1464,1
673,1225,0
680,1220,0
702,1216,0
731,1204,0
762,1184,0
801,1171,0
831,1146,0
854,1114,0
881,1100,0
897,1088,0
905,1081,0
911,1086,0
913,1102,0
909,1134,0
904,1178,0
895,1229,0
887,1285,0
879,1331,0
871,1371,0
865,1402,0
861,1418,0
863,1423,0
864,1423,0
866,1407,0
875,1384,0
888,1353,0
903,1316,0
926,1290,0
943,1269,0
963,1263,0
976,1260,0
990,1273,0
1000,1294,0
1005,1319,0
1008,1347,0
1014,1379,0
1018,1399,0
1027,1412,0
1040,1416,0
1061,1417,0
1083,1409,0
1111,1397,0
1137,1372,0
1163,1342,0
1187,1316,0
1200,1286,0
1208,1266,0
1205,1250,0
1204,1250,0
1193,1255,0
1174,1269,0
1155,1295,0
1137,1328,0
1125,1360,0
1124,1388,0
1131,1408,0
1148,1415,0
1180,1421,0
1213,1410,0
1255,1401,0
1292,1387,1
1623,1194,0
1621,1191,0
1625,1194,0
1619,1196,0
1609,1215,0
1598,1247,0
1582,1281,0
1573,1320,0
1570,1352,0
1577,1375,0
1592,1387,0
1609,1387,0
1633,1381,0
1650,1365,0
1664,1344,0
1674,1321,0
1678,1296,0
1670,1269,0
1660,1247,0
1650,1235,0
1636,1228,0
1616,1225,0
1608,1229,0
1604,1231,0
1608,1233,0
1623,1235,0
1643,1229,0
1672,1218,0
1701,1201,0
1734,1185,0
1760,1167,0
1785,1155,0
1802,1148,0
1812,1150,0
1819,1161,0
1822,1183,0
1820,1213,0
1813,1247,0
1811,1283,0
1812,1315,0
1812,1339,0
1815,1351,0
1822,1357,0
1831,1356,0
1837,1342,0
1855,1322,0
1872,1290,0
1894,1254,0
1911,1216,0
1931,1184,0
1941,1155,0
1956,1135,0
1971,1122,1
2077,1214,0
2077,1208,0
2082,1199,0
2077,1187,0
2076,1177,1
2030,1193,0
2005,1215,0
1984,1243,0
1973,1274,0
1969,1302,0
1967,1319,0
1976,1331,0
1990,1336,0
2004,1331,0
2021,1317,0
2040,1296,0
2055,1266,0
2072,1235,0
2089,1208,0
2094,1187,0
2103,1178,0
2104,1177,0
2102,1179,0
2101,1197,0
2096,1223,0
2091,1251,0
2090,1278,0
2100,1303,0
2110,1314,0
2128,1319,0
2155,1317,0
2179,1300,0
2210,1275,0
2233,1239,0
2263,1199,0
2291,1154,0
2308,1106,0
2322,1061,0
2336,1020,0
2338,979,0
2345,945,0
2343,918,0
2343,904,0
2333,897,0
2321,900,0
2311,917,0
2298,946,0
2278,983,0
2256,1029,0
2241,1081,0
2230,1133,0
2227,1179,0
2236,1223,0
2247,1259,0
2268,1288,0
2285,1305,0
2314,1317,0
2339,1318,0
2370,1314,0
2396,1302,0
2421,1286,1
2723,1224,0
2728,1225,0
2735,1220,0
2745,1212,0
2755,1196,0
2771,1177,0
2789,1155,0
2801,1133,0
2804,1112,0
2803,1095,0
2796,1084,0
2789,1080,0
2774,1082,0
2760,1093,0
2744,1112,0
2732,1141,0
2717,1174,0
2714,1208,0
2714,1239,0
2725,1266,0
2741,1286,0
2761,1298,0
2783,1301,0
2808,1298,0
2831,1286,1
2883,1135,0
2888,1143,0
2897,1157,0
2912,1172,0
2941,1187,0
2963,1196,0
2991,1204,0
3009,1204,0
3025,1199,1
2970,1104,0
2957,1122,0
2943,1150,0
2923,1185,0
2904,1227,0
2888,1269,0
2878,1310,0
2875,1342,0
2880,1365,1
3105,1101,0
3100,1093,0
3100,1093,0
3099,1104,0
3094,1133,0
3093,1172,0
3091,1219,0
3086,1271,0
3081,1322,0
3077,1366,0
3077,1404,0
3076,1430,0
3076,1443,0
3073,1442,0
3075,1439,0
3078,1418,0
3080,1385,0
3084,1346,0
3086,1304,0
3088,1259,0
3093,1216,0
3100,1177,0
3107,1144,0
3118,1120,0
3129,1105,0
3150,1098,0
3166,1100,0
3183,1112,0
3193,1129,0
3200,1151,0
3198,1175,0
3187,1199,0
3167,1220,0
3150,1237,0
3136,1247,0
3125,1249,0
3112,1241,1
3210,1170,0
3221,1175,0
3239,1182,0
3259,1185,0
3284,1182,0
3308,1175,0
3332,1163,0
3351,1148,0
3359,1129,0
3368,1109,0
3370,1091,0
3363,1076,0
3358,1066,0
3347,1064,0
3328,1067,0
3311,1078,0
3291,1095,0
3276,1119,0
3260,1145,0
3257,1174,0
3257,1201,0
3264,1223,0
3281,1241,0
3296,1249,0
3322,1250,0
3344,1242,0
3368,1228,0
3389,1210,0
3399,1187,1
3441,1108,0
3441,1119,0
3441,1139,0
3440,1164,0
3442,1189,0
3440,1213,0
3437,1230,0
3440,1242,0
3439,1245,0
3440,1244,0
3441,1240,0
3445,1222,0
3454,1201,0
3460,1179,0
3472,1160,0
3475,1141,0
3486,1125,0
3496,1112,0
3513,1102,0
3525,1093,0
3544,1088,0
3561,1084,0
3580,1081,0
3602,1077,0
3618,1070,0
3633,1061,0
3641,1053,0
3648,1044,0
3654,1041,0
3653,1042,0
3649,1043,0
3639,1057,0
3631,1081,0
3615,1112,0
3602,1147,0
3593,1181,0
3590,1210,0
3589,1232,0
3595,1247,0
3598,1251,1
3641,1001,0
3638,983,0
3636,967,0
3643,957,0
3645,949,1
3715,1085,0
3706,1109,0
3703,1140,0
3698,1165,0
3698,1188,0
3692,1204,0
3692,1212,0
3692,1212,0
3689,1208,0
3696,1194,0
3700,1172,0
3706,1143,0
3727,1111,0
3745,1081,0
3766,1059,0
3787,1045,0
3802,1039,0
3817,1044,0
3825,1058,0
3826,1080,0
3825,1106,0
3825,1131,0
3818,1151,0
3809,1165,0
3807,1171,0
3807,1171,0
3805,1164,0
3811,1147,0
3815,1124,0
3827,1101,0
3846,1085,0
3853,1074,0
3867,1071,0
3879,1072,0
3889,1080,0
3901,1093,0
3917,1110,0
3931,1130,0
3952,1146,0
3974,1157,0
3998,1160,0
4023,1158,0
4048,1148,0
4070,1133,0
4089,1111,0
4101,1088,0
4103,1067,0
4098,1052,0
4088,1044,0
4073,1042,0
4053,1049,0
4033,1062,0
4015,1082,0
4003,1107,0
3998,1132,0
4000,1152,0
4016,1167,0
4031,1175,0
4056,1175,0
4080,1167,0
4110,1152,0
4137,1131,0
4158,1105,0
4182,1078,0
4201,1056,0
4214,1042,0
4220,1035,0
4220,1035,0
4218,1042,0
4213,1061,0
4205,1087,0
4193,1112,0
4187,1134,0
4181,1150,0
4175,1156,0
4179,1158,0
4184,1156,0
4187,1147,0
4197,1127,0
4212,1105,0
4227,1083,0
4236,1067,0
4247,1057,0
4252,1055,0
4260,1057,0
4266,1066,0
4278,1082,0
4280,1102,0
4286,1124,0
4296,1146,0
4309,1161,0
4322,1170,0
4335,1170,0
4350,1164,0
4371,1148,0
4391,1122,0
4410,1085,0
4429,1042,0
4440,1000,0
4454,957,0
4460,916,0
4472,879,0
4475,842,0
4480,818,0
4478,803,0
4479,801,0
4479,803,0
4471,822,0
4464,857,0
4455,900,0
4452,948,0
4449,998,0
4452,1050,0
4461,1097,0
4470,1137,0
4485,1168,0
4500,1189,0
4521,1201,0
4538,1204,0
4557,1196,0
4566,1177,1
4364,925,0
4348,919,0
4345,917,0
4345,916,0
4345,916,0
4349,916,0
4362,916,0
4374,915,0
4395,912,0
4416,909,0
4441,907,0
4458,904,0
4471,903,0
4479,902,0
4483,902,0
4484,901,0
4488,901,0
4484,901,0
4488,902,0
4479,900,0
4476,897,1
5046,1061,0
5040,1049,0
5040,1034,0
5031,1017,0
5018,1003,0
5008,994,0
4997,988,0
4975,994,0
4956,1006,0
4935,1027,0
4920,1054,0
4909,1084,0
4907,1112,0
4909,1135,0
4912,1153,0
4927,1164,0
4939,1166,0
4956,1161,0
4972,1148,0
4994,1126,0
5012,1100,0
5028,1071,0
5042,1044,0
5050,1025,0
5053,1012,0
5050,1008,0
5050,1008,0
5045,1012,0
5045,1028,0
5040,1052,0
5042,1080,0
5043,1107,0
5050,1129,0
5059,1146,0
5074,1152,0
5091,1151,0
5115,1140,0
5139,1120,0
5163,1089,0
5184,1049,0
5205,1004,0
5227,960,0
5238,916,0
5250,875,0
5259,843,0
5260,815,0
5262,803,0
5258,798,0
5258,801,0
5255,820,0
5245,856,0
5238,899,0
5233,946,0
5232,994,0
5238,1042,0
5250,1087,0
5257,1123,0
5272,1153,0
5291,1171,0
5310,1179,0
5335,1177,0
5364,1164,0
5385,1143,0
5402,1115,0
5409,1083,1
5162,913,0
5158,914,0
5162,914,0
5166,916,0
5182,919,0
5202,919,0
5234,917,0
5267,915,0
5297,911,0
5326,906,0
5351,902,0
5372,900,0
5384,897,1