enough of the Anabaptist and
853
309,4980,0
316,4985,0
328,4978,0
342,4973,0
355,4953,0
367,4932,0
376,4912,0
382,4886,0
386,4861,0
383,4841,0
376,4832,0
365,4830,0
354,4840,0
341,4863,0
330,4893,0
322,4933,0
318,4977,0
320,5013,0
328,5043,0
342,5061,0
361,5064,0
378,5062,0
394,5049,0
410,5027,0
424,4996,0
437,4962,0
448,4927,0
457,4900,0
464,4880,0
470,4874,0
472,4874,0
476,4882,0
481,4907,0
484,4939,0
487,4976,0
488,5009,0
492,5033,0
495,5050,0
500,5055,0
504,5051,0
509,5035,0
512,5007,0
518,4972,0
522,4932,0
526,4893,0
530,4860,0
533,4845,0
536,4838,0
537,4841,0
541,4854,0
546,4883,0
550,4915,0
557,4952,0
564,4992,0
574,5022,0
582,5043,0
593,5052,0
602,5049,0
611,5038,0
620,5015,0
629,4983,0
639,4948,0
649,4917,0
656,4894,0
660,4878,0
662,4874,0
663,4874,0
667,4891,0
672,4911,0
678,4947,0
689,4980,0
703,5014,0
717,5035,0
730,5048,0
742,5053,0
747,5050,0
747,5037,0
738,5016,0
724,4987,0
704,4961,0
678,4939,0
653,4921,0
634,4907,0
622,4898,0
620,4894,0
622,4895,0
630,4895,0
648,4893,0
670,4891,0
694,4884,0
721,4879,0
745,4869,0
767,4858,0
780,4851,0
786,4847,0
786,4847,0
786,4855,0
779,4871,0
771,4894,0
766,4922,0
767,4951,0
771,4975,0
780,4991,0
791,5004,0
801,5009,0
810,5004,0
820,4993,0
831,4974,0
837,4946,0
839,4922,0
838,4902,0
837,4895,0
836,4894,0
837,4891,0
839,4898,0
847,4922,0
859,4948,0
874,4980,0
893,5005,0
914,5030,0
936,5047,0
959,5051,0
982,5051,0
1001,5044,0
1018,5020,0
1032,4996,0
1039,4968,0
1043,4940,0
1039,4912,0
1033,4896,0
1023,4888,0
1013,4883,0
1002,4888,0
996,4900,0
991,4920,0
994,4944,0
1000,4959,0
1010,4976,0
1020,4984,0
1029,4988,0
1037,4988,0
1041,4980,0
1044,4972,0
1048,4961,0
1050,4944,0
1051,4936,0
1052,4936,0
1052,4936,0
1052,4936,0
1056,4949,0
1060,4973,0
1067,4997,0
1075,5028,0
1080,5064,0
1085,5101,0
1088,5140,0
1085,5177,0
1079,5212,0
1067,5237,0
1054,5257,0
1037,5272,0
1018,5276,0
1000,5276,0
982,5263,0
968,5251,0
963,5231,0
964,5212,0
972,5187,0
989,5156,0
1008,5124,0
1032,5088,0
1059,5052,0
1088,5009,0
1115,4964,0
1138,4916,0
1158,4871,0
1170,4824,0
1177,4787,0
1178,4751,0
1176,4728,0
1170,4711,0
1163,4704,0
1156,4704,0
1148,4712,0
1140,4740,0
1129,4772,0
1122,4816,0
1114,4857,0
1109,4905,0
1107,4953,0
1107,4997,0
1107,5032,0
1107,5052,0
1109,5064,0
1110,5064,0
1111,5056,0
1114,5048,0
1119,5020,0
1126,4992,0
1134,4964,0
1144,4936,0
1155,4915,0
1168,4904,0
1183,4903,0
1196,4907,0
1213,4926,0
1227,4958,0
1238,4994,0
1247,5033,0
1254,5073,0
1255,5101,0
1261,5129,0
1266,5137,1
1607,4987,0
1609,4979,0
1612,4975,0
1610,4971,0
1609,4971,0
1606,4975,0
1600,4988,0
1593,5009,0
1586,5038,0
1581,5067,0
1583,5098,0
1590,5130,0
1600,5154,0
1613,5168,0
1622,5171,0
1631,5170,0
1643,5161,0
1651,5139,0
1654,5111,0
1652,5084,0
1640,5044,0
1628,5021,0
1612,5003,0
1602,4997,0
1597,4992,0
1602,4997,0
1611,5007,0
1627,5022,0
1649,5031,0
1672,5033,0
1696,5029,0
1720,5018,0
1742,4995,0
1758,4969,0
1773,4934,0
1778,4897,0
1783,4864,0
1782,4840,0
1780,4820,0
1775,4809,0
1773,4805,0
1773,4809,0
1773,4821,0
1773,4849,0
1775,4890,0
1774,4934,0
1775,4986,0
1778,5043,0
1779,5103,0
1780,5163,0
1784,5223,0
1786,5272,0
1794,5315,0
1800,5347,0
1809,5369,0
1816,5380,0
1820,5380,0
1824,5371,0
1827,5355,0
1824,5323,0
1821,5291,1
1723,5074,0
1723,5070,0
1728,5074,0
1739,5072,0
1758,5069,0
1779,5067,0
1804,5063,0
1829,5055,0
1855,5051,1
2196,4767,0
2193,4772,0
2193,4775,0
2193,4788,0
2195,4812,0
2198,4845,0
2199,4881,0
2201,4922,0
2203,4966,0
2207,5014,0
2209,5055,0
2212,5092,0
2215,5116,0
2217,5132,0
2219,5135,0
2219,5135,0
2217,5123,1
2114,4893,0
2115,4892,0
2123,4890,0
2137,4891,0
2155,4887,0
2178,4883,0
2203,4872,0
2228,4858,0
2253,4839,0
2276,4825,0
2289,4801,0
2301,4786,0
2308,4775,0
2310,4770,0
2308,4767,0
2308,4771,0
2306,4788,0
2305,4822,0
2302,4856,0
2303,4905,0
2304,4954,0
2306,4995,0
2309,5040,0
2309,5069,0
2309,5089,0
2307,5094,0
2308,5089,0
2305,5082,0
2306,5057,0
2306,5032,0
2309,5006,0
2310,4990,0
2314,4976,0
2317,4975,0
2320,4975,0
2331,4988,0
2343,5010,0
2357,5031,0
2377,5055,0
2399,5074,0
2425,5088,0
2450,5093,0
2475,5091,0
2498,5084,0
2516,5066,0
2531,5045,0
2539,5026,0
2537,5002,0
2533,4982,0
2524,4976,0
2516,4970,0
2512,4980,0
2509,4989,0
2509,5009,0
2517,5028,0
2531,5049,0
2549,5064,0
2571,5079,0
2596,5084,0
2623,5088,0
2648,5080,1
3013,5151,0
3011,5142,0
3009,5117,0
3008,5083,0
3008,5045,0
3005,4999,0
3001,4949,0
2997,4903,0
2994,4861,0
2992,4828,0
2989,4799,0
2985,4778,0
2984,4775,0
2982,4771,0
2986,4777,0
2990,4789,0
2996,4813,0
3002,4845,0
3013,4888,0
3023,4936,0
3033,4984,0
3041,5032,0
3047,5073,0
3053,5113,0
3057,5146,0
3055,5163,0
3052,5174,0
3045,5177,0
3028,5166,1
2876,5052,0
2901,5052,0
2934,5043,0
2969,5031,0
3004,5016,0
3033,4992,0
3065,4974,0
3091,4956,0
3114,4936,0
3132,4920,0
3146,4914,0
3154,4910,0
3153,4911,0
3156,4922,0
3152,4938,0
3153,4968,0
3152,4999,0
3156,5032,0
3162,5055,0
3169,5069,0
3180,5078,0
3186,5075,0
3193,5068,0
3199,5044,0
3206,5018,0
3214,4990,0
3220,4965,0
3224,4945,0
3232,4937,0
3237,4935,0
3241,4938,0
3250,4956,0
3257,4979,0
3263,5006,0
3271,5034,0
3275,5050,0
3281,5064,0
3285,5067,0
3285,5062,0
3288,5061,0
3286,5044,0
3290,5025,0
3290,5004,0
3294,4988,0
3298,4977,0
3301,4971,0
3304,4970,0
3311,4975,0
3325,4992,0
3339,5006,0
3358,5024,0
3380,5036,0
3406,5046,0
3428,5050,0
3450,5047,0
3466,5040,0
3478,5029,0
3485,5021,0
3483,5004,0
3479,4993,0
3474,4982,0
3463,4969,0
3455,4961,0
3447,4956,0
3436,4946,0
3429,4951,0
3421,4955,0
3408,4961,0
3399,4974,0
3386,4990,0
3376,5012,0
3367,5034,0
3359,5050,0
3361,5072,0
3364,5088,0
3371,5098,0
3380,5103,0
3391,5106,0
3399,5102,0
3409,5093,0
3421,5083,0
3430,5062,0
3440,5047,0
3444,5028,0
3448,5013,0
3451,5006,0
3449,5003,0
3451,5006,0
3449,5007,0
3448,5012,0
3449,5030,0
3449,5043,0
3449,5057,0
3454,5072,0
3455,5080,0
3460,5091,0
3467,5101,0
3472,5107,0
3478,5110,0
3491,5117,0
3498,5108,0
3512,5105,0
3523,5096,0
3535,5077,0
3544,5054,0
3552,5023,0
3561,4987,0
3568,4947,0
3576,4907,0
3581,4864,0
3584,4825,0
3588,4792,0
3594,4775,0
3595,4760,0
3593,4757,0
3595,4765,0
3595,4788,0
3592,4825,0
3591,4872,0
3590,4927,0
3591,4985,0
3596,5037,0
3606,5081,0
3617,5111,0
3627,5129,0
3638,5132,0
3643,5129,0
3648,5117,0
3648,5091,0
3642,5062,0
3628,5029,0
3609,5003,0
3584,4984,0
3565,4972,0
3551,4970,0
3548,4966,0
3554,4973,0
3572,4982,0
3607,4995,0
3648,5004,0
3696,5010,0
3747,5011,0
3792,5008,0
3829,5002,0
3858,4990,0
3876,4975,0
3882,4961,0
3881,4953,0
3872,4949,0
3860,4947,0
3842,4952,0
3826,4971,0
3808,4994,0
3797,5024,0
3791,5054,0
3791,5082,0
3795,5103,0
3807,5119,0
3817,5122,0
3830,5120,0
3845,5108,0
3857,5081,0
3864,5050,0
3867,5021,0
3866,5003,0
3865,4994,0
3863,4991,0
3863,4996,0
3868,5011,0
3876,5030,0
3894,5056,0
3914,5076,0
3938,5095,0
3962,5105,0
3986,5104,0
4007,5101,0
4024,5086,0
4039,5068,0
4046,5045,0
4050,5024,0
4047,5011,0
4048,5011,0
4047,5011,0
4051,5019,0
4049,5039,0
4053,5073,0
4062,5115,0
4066,5159,0
4073,5211,0
4080,5262,0
4085,5315,0
4092,5362,0
4099,5404,0
4105,5433,0
4108,5450,0
4110,5453,0
4109,5454,0
4108,5446,0
4101,5417,0
4097,5378,0
4088,5327,0
4087,5277,0
4085,5226,0
4085,5171,0
4094,5124,0
4102,5076,0
4118,5043,0
4135,5014,0
4158,4999,0
4181,4994,0
4198,5002,0
4214,5016,0
4222,5034,0
4218,5051,0
4209,5076,0
4186,5094,0
4161,5115,0
4138,5134,0
4112,5146,0
4102,5156,0
4100,5162,0
4108,5171,0
4123,5175,0
4152,5183,0
4179,5180,0
4207,5171,0
4240,5161,0
4271,5141,0
4293,5108,0
4315,5069,0
4336,5026,0
4348,4975,0
4353,4927,0
4362,4887,0
4364,4847,0
4367,4821,0
4367,4806,0
4363,4799,0
4362,4804,0
4364,4818,0
4365,4856,0
4365,4900,0
4362,4951,0
4366,5011,0
4370,5066,0
4380,5117,0
4389,5154,0
4401,5185,0
4410,5197,0
4414,5200,0
4415,5195,0
4413,5172,0
4404,5139,0
4391,5105,0
4369,5067,0
4346,5033,0
4326,5009,0
4304,4985,0
4306,4983,0
4315,4982,0
4340,4990,0
4368,4994,0
4403,5004,0
4436,5006,0
4468,5009,0
4496,5004,0
4517,4999,0
4527,4991,0
4528,4980,0
4527,4977,0
4522,4975,0
4523,4980,0
4516,4994,0
4513,5021,0
4512,5056,0
4513,5094,0
4514,5127,0
4520,5152,0
4528,5171,0
4536,5180,1
4528,4941,0
4521,4926,0
4519,4903,0
4521,4876,0
4527,4852,0
4539,4833,0
4551,4816,0
4569,4806,0
4581,4797,0
4592,4794,0
4600,4798,0
4599,4799,0
4592,4804,0
4584,4821,0
4574,4838,0
4569,4862,0
4567,4887,0
4577,4920,0
4595,4957,0
4617,4990,0
4640,5028,0
4663,5070,0
4681,5107,0
4690,5145,0
4685,5178,0
4677,5209,0
4655,5229,0
4631,5246,0
4608,5257,0
4589,5260,0
4584,5260,0
4584,5253,0
4593,5238,0
4615,5219,0
4638,5187,0
4664,5149,0
4688,5107,0
4711,5055,0
4728,5002,0
4742,4951,0
4755,4901,0
4761,4850,0
4767,4811,0
4766,4780,0
4767,4764,0
4763,4758,0
4760,4760,0
4761,4774,0
4760,4806,0
4757,4849,0
4757,4900,0
4759,4958,0
4760,5018,0
4767,5078,0
4770,5132,0
4770,5175,0
4780,5214,0
4784,5234,0
4790,5245,0
4790,5240,0
4790,5226,1
4671,5009,0
4666,5004,0
4674,5002,0
4686,4993,0
4717,4986,0
4749,4971,0
4787,4963,0
4829,4949,0
4870,4938,1
5359,4956,0
5358,4956,0
5360,4954,0
5361,4953,0
5365,4949,0
5361,4936,0
5356,4925,0
5349,4915,0
5336,4906,0
5319,4905,0
5301,4910,0
5280,4924,0
5258,4953,0
5236,4988,0
5219,5035,0
5204,5083,0
5202,5132,0
5204,5172,0
5214,5204,0
5230,5223,0
5248,5228,0
5267,5224,0
5285,5203,0
5307,5174,0
5322,5131,0
5339,5090,0
5348,5044,0
5349,5006,0
5349,4980,0
5344,4963,0
5342,4960,0
5338,4962,0
5334,4972,0
5332,5001,0
5335,5035,0
5337,5064,0
5351,5100,0
5365,5125,0
5381,5142,0
5402,5151,0
5423,5149,0
5446,5134,0
5468,5109,0
5489,5074,0
5511,5038,0
5532,5002,0
5550,4975,0
5564,4957,0
5566,4949,0
5569,4952,0
5566,4961,0
5561,4986,0
5554,5014,0
5545,5039,0
5544,5063,0
5542,5075,0
5543,5079,0
5540,5076,0
5545,5072,0
5546,5050,0
5551,5018,0
5559,4994,0
5561,4970,0
5566,4961,0
5564,4956,0
5564,4956,0
5571,4966,0
5583,4983,0
5593,5007,0
5611,5033,0
5635,5059,0
5657,5079,0
5682,5093,0
5709,5100,0
5735,5098,0
5754,5085,0
5774,5066,0
5785,5040,0
5789,5007,0
5793,4980,0
5787,4958,0
5779,4944,0
5772,4939,0
5760,4940,0
5754,4958,0
5742,4980,0
5742,5004,0
5747,5026,0
5753,5042,0
5768,5055,0
5781,5059,0
5793,5054,0
5807,5040,0
5821,5015,0
5833,4976,0
5845,4936,0
5853,4888,0
5861,4845,0
5867,4805,0
5870,4766,0
5875,4739,0
5877,4719,0
5881,4714,0
5880,4715,0
5885,4728,0
5887,4755,0
5885,4798,0
5887,4847,0
5889,4896,0
5895,4953,0
5903,5008,0
5913,5055,0
5927,5096,1