12. I The preacher have
724
963,1259,0
960,1254,0
960,1254,0
960,1254,0
960,1254,0
960,1254,0
962,1254,0
962,1255,0
960,1250,0
964,1251,0
965,1243,0
968,1231,0
974,1216,0
987,1205,0
996,1185,0
1009,1170,0
1020,1151,0
1028,1131,0
1037,1112,0
1048,1092,0
1064,1077,0
1076,1058,0
1085,1037,0
1091,1018,0
1100,1006,0
1107,993,0
1115,985,0
1120,973,0
1124,960,0
1130,952,0
1131,948,0
1137,952,0
1133,948,0
1131,948,0
1129,948,0
1130,952,0
1129,956,0
1130,972,0
1128,992,0
1125,1016,0
1121,1044,0
1124,1081,0
1125,1117,0
1125,1152,0
1128,1196,0
1132,1240,0
1134,1280,0
1141,1324,0
1163,1358,0
1166,1389,0
1170,1418,0
1173,1433,0
1175,1442,0
1158,1447,0
1158,1447,0
1158,1447,0
1182,1445,0
1177,1433,0
1172,1421,0
1179,1413,0
1234,1395,1
1235,1068,0
1234,1068,0
1230,1065,0
1228,1061,0
1225,1058,0
1227,1057,0
1221,1050,0
1223,1046,0
1224,1042,0
1227,1033,0
1239,1027,0
1256,1020,0
1265,1005,0
1281,997,0
1305,995,0
1334,999,0
1358,1000,0
1376,1003,0
1392,1010,0
1408,1025,0
1421,1045,0
1426,1069,0
1427,1099,0
1423,1134,0
1408,1169,0
1392,1208,0
1371,1247,0
1350,1285,0
1323,1320,0
1305,1356,0
1288,1387,0
1276,1414,0
1276,1438,0
1283,1457,0
1295,1467,0
1312,1473,0
1335,1476,0
1358,1476,0
1383,1474,0
1408,1473,0
1430,1470,0
1450,1469,0
1464,1469,0
1469,1469,0
1469,1469,0
1469,1469,0
1468,1468,0
1465,1465,0
1465,1465,0
1467,1465,0
1463,1457,0
1465,1452,0
1469,1443,1
1577,1401,0
1582,1408,0
1580,1404,0
1580,1404,0
1578,1401,0
1581,1403,0
1581,1403,0
1578,1400,0
1575,1397,0
1580,1400,0
1576,1397,0
1578,1397,0
1574,1393,0
1574,1393,0
1575,1393,0
1581,1394,0
1593,1398,1
1874,1009,0
1874,1009,0
1874,1009,0
1870,1008,0
1876,1013,0
1874,1020,0
1877,1035,0
1873,1054,0
1874,1080,0
1877,1109,0
1880,1143,0
1880,1179,0
1879,1216,0
1880,1254,0
1880,1289,0
1884,1320,0
1885,1344,0
1884,1359,0
1889,1375,0
1889,1385,0
1888,1390,0
1889,1394,0
1887,1395,0
1891,1398,0
1890,1398,0
1887,1395,0
1886,1396,0
1886,1396,0
1887,1395,0
1888,1394,0
1889,1394,0
1889,1389,0
1890,1384,1
2332,1039,0
2328,1038,0
2332,1039,0
2332,1039,0
2331,1040,0
2327,1040,0
2330,1050,0
2329,1065,0
2333,1087,0
2333,1113,0
2335,1144,0
2333,1177,0
2335,1213,0
2338,1252,0
2338,1289,0
2343,1325,0
2342,1356,0
2343,1383,0
2349,1407,0
2350,1423,0
2351,1433,0
2350,1435,0
2354,1436,0
2351,1433,0
2355,1429,1
2217,988,0
2217,988,0
2217,988,0
2221,989,0
2217,988,0
2224,990,0
2234,992,0
2251,995,0
2275,996,0
2303,996,0
2341,998,0
2376,996,0
2418,996,0
2452,994,0
2484,995,0
2515,998,0
2533,998,0
2550,999,0
2560,1000,0
2564,1000,0
2564,1000,1
2615,1007,0
2615,1007,0
2615,1007,0
2610,1009,0
2606,1014,0
2609,1027,0
2599,1044,0
2599,1068,0
2593,1094,0
2592,1124,0
2591,1157,0
2588,1189,0
2589,1222,0
2593,1252,0
2601,1282,0
2605,1304,0
2611,1322,0
2615,1331,0
2615,1331,0
2615,1330,0
2617,1327,0
2613,1313,0
2617,1295,0
2622,1274,0
2632,1252,0
2640,1226,0
2661,1202,0
2678,1176,0
2695,1155,0
2717,1144,0
2729,1138,0
2734,1138,0
2756,1147,0
2771,1162,0
2779,1179,0
2788,1204,0
2789,1231,0
2791,1259,0
2796,1288,0
2800,1311,0
2798,1329,0
2801,1346,0
2803,1356,0
2808,1363,0
2815,1368,0
2818,1370,0
2822,1371,0
2828,1369,0
2837,1363,1
2912,1306,0
2921,1307,0
2928,1305,0
2935,1300,0
2943,1293,0
2950,1283,0
2958,1269,0
2963,1252,0
2967,1237,0
2967,1223,0
2963,1213,0
2954,1204,0
2948,1198,0
2937,1192,0
2928,1193,0
2913,1195,0
2895,1204,0
2878,1218,0
2861,1235,0
2850,1255,0
2842,1276,0
2838,1297,0
2844,1316,0
2856,1334,0
2876,1348,0
2902,1360,0
2935,1368,0
2965,1372,0
2997,1375,0
3034,1377,0
3064,1373,0
3098,1370,0
3123,1367,0
3151,1368,0
3174,1368,0
3192,1368,0
3214,1369,1
3416,1365,0
3412,1382,0
3412,1400,0
3414,1421,0
3416,1442,0
3415,1461,0
3418,1481,0
3413,1497,0
3414,1513,0
3414,1527,0
3414,1537,0
3414,1544,0
3414,1544,0
3411,1541,0
3409,1537,0
3402,1525,0
3400,1512,0
3397,1495,0
3394,1475,0
3388,1451,0
3388,1427,0
3384,1401,0
3384,1376,0
3382,1346,0
3387,1317,0
3385,1285,0
3389,1258,0
3392,1232,0
3403,1208,0
3420,1189,0
3437,1172,0
3451,1159,0
3467,1152,0
3485,1149,0
3501,1151,0
3525,1157,0
3547,1166,0
3568,1179,0
3578,1196,0
3583,1215,0
3590,1239,0
3585,1263,0
3578,1287,0
3561,1307,0
3545,1321,0
3532,1329,0
3518,1331,0
3506,1329,0
3494,1325,0
3484,1320,0
3486,1315,0
3489,1307,0
3498,1300,1
3673,1279,0
3670,1288,0
3670,1298,0
3673,1310,0
3672,1321,0
3677,1330,0
3679,1337,0
3682,1340,0
3682,1339,0
3679,1337,0
3677,1331,0
3673,1320,0
3667,1303,0
3662,1285,0
3665,1269,0
3660,1250,0
3662,1233,0
3665,1215,0
3664,1198,0
3668,1185,0
3672,1175,0
3672,1166,0
3677,1162,0
3679,1160,0
3687,1161,0
3691,1161,0
3698,1165,0
3708,1170,0
3724,1176,0
3740,1178,0
3761,1180,0
3773,1180,0
3790,1180,0
3800,1178,0
3813,1179,0
3820,1182,0
3826,1187,1
3829,1313,0
3833,1312,0
3839,1309,0
3854,1303,0
3867,1291,0
3886,1278,0
3900,1263,0
3920,1246,0
3935,1228,0
3950,1211,0
3959,1197,0
3957,1189,0
3955,1184,0
3948,1181,0
3940,1179,0
3930,1182,0
3919,1190,0
3902,1201,0
3876,1213,0
3859,1226,0
3850,1237,0
3838,1247,0
3829,1257,0
3829,1269,0
3837,1282,0
3841,1293,0
3853,1305,0
3875,1317,0
3901,1326,0
3929,1330,0
3960,1330,0
3991,1327,0
4017,1327,0
4039,1324,0
4061,1324,0
4074,1325,0
4085,1327,1
4203,1201,0
4200,1198,0
4201,1194,0
4199,1189,0
4192,1183,0
4185,1179,0
4173,1177,0
4157,1177,0
4143,1179,0
4124,1183,0
4102,1189,0
4081,1199,0
4060,1213,0
4041,1228,0
4027,1243,0
4022,1258,0
4020,1273,0
4029,1287,0
4037,1297,0
4052,1302,0
4070,1303,0
4088,1298,0
4104,1288,0
4126,1276,0
4144,1262,0
4165,1249,0
4178,1238,0
4198,1228,0
4210,1219,0
4220,1213,0
4225,1209,0
4226,1208,0
4226,1208,0
4222,1208,0
4221,1211,0
4223,1216,0
4215,1226,0
4214,1243,0
4216,1262,0
4214,1281,0
4220,1300,0
4227,1315,0
4234,1329,0
4239,1338,0
4250,1344,0
4253,1347,0
4258,1348,0
4258,1346,0
4260,1341,1
4410,1195,0
4407,1194,0
4407,1194,0
4403,1193,0
4398,1193,0
4391,1192,0
4386,1194,0
4377,1195,0
4359,1199,0
4345,1204,0
4329,1213,0
4314,1222,0
4307,1230,0
4304,1241,0
4299,1252,0
4299,1265,0
4303,1280,0
4316,1293,0
4325,1302,0
4351,1312,0
4378,1321,0
4406,1324,0
4426,1328,0
4447,1329,0
4464,1328,1
4509,1040,0
4507,1043,0
4506,1050,0
4507,1061,0
4507,1078,0
4505,1100,0
4502,1128,0
4497,1158,0
4491,1192,0
4490,1225,0
4489,1254,0
4489,1278,0
4492,1298,0
4496,1309,0
4503,1312,0
4504,1311,0
4510,1305,0
4521,1284,0
4533,1259,0
4553,1235,0
4573,1211,0
4595,1192,0
4616,1179,0
4630,1175,0
4641,1179,0
4646,1190,0
4653,1207,0
4652,1228,0
4649,1252,0
4649,1276,0
4646,1300,0
4647,1322,0
4647,1338,0
4650,1353,0
4652,1360,0
4658,1365,0
4672,1363,1
4733,1318,0
4729,1316,0
4726,1314,0
4727,1310,0
4728,1305,0
4736,1294,0
4748,1281,0
4761,1264,0
4775,1247,0
4788,1230,0
4792,1216,0
4794,1208,0
4787,1203,0
4784,1202,0
4770,1204,0
4756,1213,0
4731,1226,0
4714,1244,0
4700,1261,0
4690,1281,0
4697,1298,0
4705,1312,0
4727,1323,0
4758,1333,0
4789,1338,0
4823,1339,0
4861,1337,0
4895,1336,0
4921,1332,1
4947,1327,0
4943,1327,0
4946,1329,0
4946,1331,0
4942,1332,0
4942,1332,0
4937,1331,0
4938,1331,0
4939,1329,0
4933,1320,0
4929,1307,0
4925,1288,0
4915,1268,0
4912,1249,0
4908,1232,0
4905,1216,0
4907,1204,0
4905,1195,0
4907,1194,0
4907,1194,0
4914,1196,0
4922,1200,0
4932,1204,0
4948,1209,0
4968,1212,0
4987,1216,0
5012,1214,0
5033,1213,0
5055,1211,0
5063,1211,0
5072,1211,0
5076,1211,0
5079,1212,1
5454,1007,0
5454,1007,0
5458,1009,0
5457,1014,0
5458,1024,0
5460,1039,0
5460,1059,0
5459,1084,0
5460,1114,0
5457,1148,0
5461,1185,0
5457,1219,0
5458,1249,0
5457,1271,0
5461,1286,0
5465,1289,0
5468,1288,0
5470,1283,0
5474,1267,0
5483,1247,0
5497,1224,0
5511,1199,0
5537,1175,0
5571,1152,0
5612,1132,0
5655,1123,0
5683,1122,0
5714,1130,0
5735,1147,0
5747,1167,0
5758,1194,0
5759,1222,0
5753,1251,0
5743,1276,0
5738,1298,0
5730,1313,0
5736,1324,0
5735,1328,0
5739,1330,0
5743,1329,0
5741,1319,1
5968,1186,0
5970,1178,0
5967,1171,0
5961,1165,0
5954,1160,0
5946,1158,0
5929,1158,0
5909,1160,0
5883,1163,0
5861,1170,0
5847,1178,0
5832,1192,0
5820,1209,0
5820,1228,0
5824,1246,0
5834,1259,0
5848,1268,0
5868,1269,0
5887,1263,0
5914,1249,0
5934,1231,0
5955,1212,0
5962,1199,0
5967,1192,0
5968,1190,0
5967,1192,0
5967,1196,0
5969,1206,0
5960,1223,0
5960,1245,0
5957,1261,0
5962,1274,0
5967,1286,0
5985,1298,0
6000,1305,0
6015,1308,0
6036,1310,1
6051,1202,0
6051,1201,0
6050,1207,0
6052,1218,0
6056,1235,0
6061,1254,0
6068,1272,0
6082,1288,0
6103,1303,0
6126,1307,0
6151,1307,0
6170,1295,0
6186,1279,0
6199,1257,0
6196,1233,0
6188,1211,0
6176,1192,0
6166,1179,0
6160,1167,0
6161,1163,0
6162,1162,0
6169,1166,0
6184,1171,0
6194,1182,0
6210,1198,1
6244,1276,0
6244,1274,0
6249,1268,0
6260,1257,0
6270,1247,0
6290,1235,0
6308,1222,0
6323,1210,0
6329,1201,0
6329,1195,0
6330,1193,0
6318,1191,0
6305,1195,0
6283,1203,0
6256,1214,0
6237,1228,0
6222,1242,0
6228,1254,0
6247,1262,0
6282,1269,0
6331,1274,0
6374,1281,0
6421,1288,0
6448,1297,0
6464,1313,1