S. of Sol. 4.13. 6. A
438
929,4190,0
931,4181,0
933,4174,0
934,4162,0
931,4154,0
927,4141,0
921,4138,0
910,4128,0
896,4124,0
880,4123,0
860,4122,0
837,4133,0
810,4143,0
781,4157,0
750,4179,0
721,4200,0
694,4227,0
675,4249,0
665,4276,0
660,4299,0
663,4324,0
675,4340,0
695,4363,0
722,4377,0
756,4389,0
793,4399,0
834,4413,0
876,4420,0
917,4430,0
955,4442,0
989,4456,0
1016,4468,0
1035,4484,0
1046,4500,0
1048,4512,0
1042,4532,0
1028,4545,0
1008,4560,0
982,4572,0
952,4579,0
919,4586,0
888,4589,0
859,4587,0
837,4586,0
820,4581,1
1146,4500,0
1146,4504,0
1146,4505,0
1146,4504,0
1146,4504,0
1146,4504,0
1147,4504,0
1148,4500,0
1153,4500,1
1533,4481,0
1519,4466,0
1510,4451,0
1507,4431,0
1506,4403,0
1514,4379,0
1526,4348,0
1546,4326,0
1569,4299,0
1598,4280,0
1630,4264,0
1660,4256,0
1688,4251,0
1714,4259,0
1733,4268,0
1749,4286,0
1759,4309,0
1761,4337,0
1754,4367,0
1739,4394,0
1718,4425,0
1693,4453,0
1662,4473,0
1634,4485,0
1604,4492,0
1580,4496,0
1561,4490,0
1548,4483,0
1539,4464,1
1860,4304,0
1864,4307,0
1870,4314,0
1876,4316,0
1885,4323,0
1895,4321,0
1906,4314,0
1921,4308,0
1937,4297,0
1954,4277,0
1971,4256,0
1990,4232,0
2007,4208,0
2020,4179,0
2029,4153,0
2033,4127,0
2033,4103,0
2030,4087,0
2021,4068,0
2013,4062,0
2003,4061,0
1993,4067,0
1980,4078,0
1967,4094,0
1957,4116,0
1949,4147,0
1940,4177,0
1935,4220,0
1925,4262,0
1916,4309,0
1908,4359,0
1899,4406,0
1891,4449,0
1886,4486,0
1881,4515,0
1878,4532,0
1875,4541,1
1814,4449,0
1809,4447,0
1809,4442,0
1814,4442,0
1828,4439,0
1847,4440,0
1870,4436,0
1899,4435,0
1934,4435,0
1967,4433,0
1998,4435,0
2025,4429,0
2049,4427,1
2828,4141,0
2832,4139,0
2833,4130,0
2834,4121,0
2830,4109,0
2830,4101,0
2823,4091,0
2815,4086,0
2801,4079,0
2784,4077,0
2762,4078,0
2735,4085,0
2704,4098,0
2667,4114,0
2632,4136,0
2599,4157,0
2577,4187,0
2557,4211,0
2550,4239,0
2554,4268,0
2568,4292,0
2592,4313,0
2632,4337,0
2675,4355,0
2726,4369,0
2776,4384,0
2827,4398,0
2873,4418,0
2912,4436,0
2937,4451,0
2954,4466,0
2960,4485,0
2955,4495,0
2939,4512,0
2915,4526,0
2880,4531,0
2843,4538,0
2806,4544,0
2772,4541,0
2740,4540,0
2713,4533,0
2692,4524,0
2681,4511,0
2679,4495,0
2685,4471,1
3096,4502,0
3080,4497,0
3065,4486,0
3048,4468,0
3038,4449,0
3033,4431,0
3027,4403,0
3028,4380,0
3033,4355,0
3043,4333,0
3057,4313,0
3078,4298,0
3099,4288,0
3123,4285,0
3144,4288,0
3163,4296,0
3180,4315,0
3189,4332,0
3194,4357,0
3194,4384,0
3182,4408,0
3168,4432,0
3148,4451,0
3126,4466,0
3105,4476,0
3086,4480,0
3069,4475,0
3057,4463,0
3050,4440,1
3238,3985,0
3247,3979,0
3250,3977,0
3257,3983,0
3263,3998,0
3267,4018,0
3271,4044,0
3272,4075,0
3275,4115,0
3274,4152,0
3271,4195,0
3272,4239,0
3271,4281,0
3271,4321,0
3271,4357,0
3273,4393,0
3276,4423,0
3282,4451,0
3286,4471,0
3289,4484,0
3291,4488,1
3404,4409,0
3405,4413,0
3405,4413,0
3404,4414,0
3406,4417,0
3405,4418,0
3407,4421,0
3409,4420,0
3411,4414,1
3943,4076,0
3940,4074,0
3940,4077,0
3940,4083,0
3940,4094,0
3936,4106,0
3933,4123,0
3926,4143,0
3916,4164,0
3911,4188,0
3909,4213,0
3907,4229,0
3913,4244,0
3924,4252,0
3948,4259,0
3977,4258,0
4014,4257,0
4051,4250,0
4089,4242,0
4124,4236,0
4151,4230,0
4170,4225,0
4178,4220,0
4179,4213,0
4174,4208,1
4102,4106,0
4104,4111,0
4105,4119,0
4108,4138,0
4106,4159,0
4104,4186,0
4102,4217,0
4097,4251,0
4094,4287,0
4092,4319,0
4089,4346,0
4092,4369,0
4094,4381,1
4239,4279,0
4234,4277,0
4233,4278,0
4232,4279,0
4237,4285,1
4363,4191,0
4364,4190,0
4364,4190,0
4366,4189,0
4369,4186,0
4374,4176,0
4381,4165,0
4388,4150,0
4396,4132,0
4411,4114,0
4422,4094,0
4436,4073,0
4451,4055,0
4464,4037,0
4478,4025,0
4485,4013,0
4496,4010,0
4498,4007,0
4504,4013,0
4506,4022,0
4505,4039,0
4507,4064,0
4499,4092,0
4498,4131,0
4491,4167,0
4487,4208,0
4480,4244,0
4476,4321,0
4479,4355,0
4477,4377,0
4479,4396,0
4482,4408,1
4613,4055,0
4613,4044,0
4617,4034,0
4621,4026,0
4630,4017,0
4648,4012,0
4667,4005,0
4690,4005,0
4716,4009,0
4732,4015,0
4744,4026,0
4746,4041,0
4736,4061,0
4717,4084,0
4694,4111,0
4669,4134,0
4648,4157,0
4643,4174,0
4650,4188,0
4666,4200,0
4692,4210,0
4723,4220,0
4758,4226,0
4792,4238,0
4815,4249,0
4823,4263,0
4828,4281,0
4814,4299,0
4788,4323,0
4755,4341,0
4722,4359,0
4697,4370,0
4682,4378,1
4941,4258,0
4944,4261,0
4943,4261,0
4941,4263,0
4938,4266,1
5427,3972,0
5404,3980,0
5379,3996,0
5344,4012,0
5310,4036,0
5277,4068,0
5243,4097,0
5214,4133,0
5189,4171,0
5170,4208,0
5161,4245,0
5161,4279,0
5168,4301,0
5188,4320,0
5209,4328,0
5239,4331,0
5269,4324,0
5298,4316,0
5322,4298,0
5341,4279,0
5350,4257,0
5355,4235,0
5349,4213,0
5339,4193,0
5320,4179,0
5298,4168,0
5270,4162,0
5244,4159,0
5221,4167,0
5201,4176,0
5187,4189,0
5177,4201,0
5171,4213,1
5499,4227,0
5501,4230,0
5498,4228,0
5501,4230,0
5498,4228,0
5498,4228,0
5497,4229,0
5497,4229,0
5497,4229,0
5497,4229,0
5501,4231,0
5508,4229,0
5513,4225,1
5844,4370,0
5839,4363,0
5840,4351,0
5840,4333,0
5843,4310,0
5847,4282,0
5853,4250,0
5856,4209,0
5864,4169,0
5877,4127,0
5892,4084,0
5910,4044,0
5933,4008,0
5956,3972,0
5983,3944,0
6008,3918,0
6034,3902,0
6059,3896,0
6083,3899,0
6099,3909,0
6114,3930,0
6124,3957,0
6132,3993,0
6132,4032,0
6129,4075,0
6127,4118,0
6123,4155,0
6124,4192,0
6125,4223,0
6128,4251,0
6128,4264,0
6124,4275,0
6110,4273,1
5923,4148,0
5923,4143,0
5926,4138,0
5941,4133,0
5962,4126,0
5996,4122,0
6038,4121,0
6087,4122,0
6131,4126,1