dillettante. 4. I made great
846
1084,2337,0
1088,2341,0
1092,2336,0
1095,2337,0
1098,2337,0
1099,2333,0
1100,2328,0
1100,2317,0
1099,2301,0
1097,2285,0
1093,2268,0
1088,2257,0
1076,2237,0
1069,2233,0
1057,2225,0
1044,2224,0
1027,2228,0
1009,2239,0
989,2254,0
972,2282,0
959,2314,0
953,2345,0
952,2373,0
957,2402,0
965,2422,0
978,2434,0
991,2439,0
1009,2440,0
1027,2428,0
1044,2409,0
1061,2377,0
1078,2345,0
1093,2309,0
1103,2273,0
1109,2236,0
1114,2200,0
1117,2169,0
1117,2137,0
1119,2112,0
1119,2089,0
1119,2076,0
1118,2072,0
1118,2077,0
1119,2084,0
1119,2104,0
1116,2128,0
1113,2161,0
1112,2196,0
1109,2236,0
1107,2273,0
1107,2309,0
1109,2345,0
1114,2376,0
1121,2396,0
1129,2404,0
1141,2408,0
1151,2400,0
1163,2388,0
1176,2367,0
1187,2338,0
1199,2309,0
1208,2281,0
1213,2257,0
1216,2240,0
1217,2232,0
1216,2232,0
1214,2236,0
1216,2256,0
1211,2276,0
1210,2309,0
1210,2341,0
1213,2369,0
1220,2393,0
1230,2403,0
1243,2411,0
1257,2410,0
1276,2400,0
1295,2374,0
1319,2348,0
1339,2309,0
1360,2275,0
1373,2236,0
1382,2194,0
1388,2157,0
1389,2125,0
1387,2100,0
1381,2085,0
1375,2082,0
1371,2087,0
1366,2104,0
1360,2133,0
1353,2170,0
1346,2212,0
1346,2260,0
1348,2300,0
1354,2335,0
1365,2370,0
1375,2385,0
1394,2395,0
1416,2391,0
1443,2379,0
1469,2350,0
1496,2316,0
1517,2276,0
1537,2244,0
1549,2207,0
1554,2169,0
1559,2135,0
1563,2110,0
1563,2093,0
1558,2082,0
1552,2079,0
1546,2084,0
1539,2104,0
1533,2133,0
1528,2171,0
1524,2213,0
1524,2254,0
1528,2290,0
1537,2325,0
1549,2351,0
1567,2371,0
1585,2380,0
1608,2379,0
1635,2371,0
1661,2352,0
1686,2329,0
1706,2303,0
1724,2277,0
1736,2252,0
1744,2228,0
1748,2210,0
1742,2190,0
1739,2188,0
1733,2186,0
1725,2192,0
1715,2203,0
1706,2224,0
1697,2247,0
1696,2277,0
1694,2298,0
1703,2324,0
1713,2342,0
1725,2355,0
1742,2367,0
1759,2366,0
1778,2356,0
1797,2337,0
1820,2316,0
1837,2289,0
1850,2260,0
1857,2227,0
1865,2193,0
1872,2165,0
1875,2134,0
1879,2106,0
1879,2084,0
1882,2071,0
1880,2063,0
1880,2063,0
1878,2063,0
1878,2072,0
1877,2089,0
1873,2105,0
1870,2119,0
1870,2132,0
1873,2143,0
1874,2152,0
1877,2159,0
1876,2169,0
1874,2178,0
1870,2192,0
1862,2207,0
1857,2235,0
1848,2260,0
1841,2292,0
1833,2325,0
1824,2353,0
1816,2377,0
1809,2400,0
1803,2411,1
1833,2202,0
1833,2202,0
1831,2198,0
1833,2201,0
1834,2202,0
1837,2200,0
1846,2205,0
1857,2205,0
1873,2204,0
1894,2205,0
1920,2207,0
1946,2205,0
1976,2205,0
2003,2201,0
2024,2196,0
2038,2193,0
2047,2194,1
2043,2075,0
2043,2075,0
2042,2076,0
2039,2077,0
2039,2082,0
2036,2084,0
2034,2088,0
2033,2098,0
2027,2109,0
2026,2133,0
2022,2157,0
2014,2183,0
2010,2216,0
2010,2255,0
2008,2287,0
2012,2320,0
2015,2349,0
2017,2370,0
2017,2379,0
2017,2378,0
2015,2370,0
2012,2355,0
2009,2334,0
2010,2312,0
2007,2282,1
1997,2186,0
1999,2186,0
2007,2186,0
2022,2188,0
2043,2190,0
2069,2196,0
2089,2196,0
2115,2205,1
2299,2255,0
2299,2255,0
2297,2252,0
2299,2250,0
2297,2243,0
2297,2239,0
2290,2228,0
2287,2220,0
2276,2208,0
2271,2202,0
2259,2190,0
2248,2183,0
2234,2177,0
2222,2179,0
2205,2184,0
2193,2195,0
2180,2211,0
2172,2234,0
2168,2258,0
2167,2282,0
2174,2305,0
2183,2323,0
2195,2330,0
2212,2330,0
2230,2321,0
2250,2305,0
2272,2285,0
2287,2258,0
2304,2234,0
2310,2207,0
2316,2189,0
2314,2176,0
2312,2172,0
2311,2174,0
2311,2187,0
2306,2209,0
2304,2239,0
2301,2268,0
2304,2294,0
2312,2312,0
2326,2323,0
2340,2324,0
2352,2316,0
2365,2304,0
2374,2280,0
2388,2258,0
2403,2234,0
2415,2216,0
2422,2203,0
2423,2201,0
2423,2207,0
2427,2223,0
2430,2245,0
2435,2265,0
2443,2285,0
2452,2297,0
2462,2301,0
2477,2300,0
2496,2292,0
2511,2273,0
2533,2253,0
2550,2235,0
2561,2223,0
2565,2220,0
2567,2224,0
2571,2236,0
2570,2251,0
2576,2272,0
2579,2289,0
2589,2306,0
2602,2316,0
2619,2319,0
2642,2317,0
2667,2309,0
2690,2297,0
2711,2285,0
2725,2275,0
2731,2265,0
2736,2262,0
2737,2260,0
2738,2259,0
2741,2257,0
2740,2253,0
2737,2251,0
2728,2247,1
2801,2048,0
2802,2058,0
2796,2069,0
2791,2089,0
2784,2111,0
2779,2142,0
2774,2173,0
2773,2210,0
2773,2241,0
2782,2270,0
2793,2292,0
2813,2311,0
2835,2319,0
2854,2320,0
2871,2316,0
2883,2306,0
2894,2292,0
2907,2276,0
2916,2257,0
2919,2238,0
2912,2217,1
2738,2147,0
2741,2149,0
2742,2148,0
2755,2152,0
2769,2157,0
2786,2158,0
2809,2159,0
2835,2157,0
2857,2154,1
2946,2224,0
2944,2226,0
2945,2225,0
2955,2222,0
2974,2216,0
2987,2203,0
3006,2191,0
3024,2178,0
3036,2162,0
3043,2144,0
3053,2128,0
3054,2116,0
3043,2104,0
3028,2103,0
3006,2113,0
2984,2133,0
2963,2161,0
2943,2189,0
2935,2224,0
2934,2257,0
2943,2286,0
2963,2306,0
2995,2315,0
3037,2310,0
3084,2298,0
3126,2286,0
3161,2275,0
3184,2263,0
3202,2257,0
3204,2254,0
3204,2255,0
3196,2257,0
3183,2258,1
1254,2060,0
1248,2057,0
1248,2057,0
1251,2061,0
1249,2061,0
1247,2061,0
1244,2065,0
1235,2063,0
1230,2051,1
3301,2303,0
3297,2301,0
3297,2301,0
3301,2303,0
3304,2306,0
3303,2306,0
3305,2310,0
3303,2312,0
3298,2311,1
3617,1979,0
3617,1978,0
3618,1978,0
3614,1976,0
3614,1976,0
3617,1979,0
3617,1979,0
3616,1981,0
3616,1988,0
3615,2002,0
3612,2020,0
3607,2041,0
3603,2066,0
3594,2091,0
3592,2120,0
3585,2148,0
3582,2178,0
3576,2198,0
3578,2215,0
3580,2223,0
3588,2227,0
3600,2231,0
3611,2231,0
3623,2229,0
3640,2226,0
3660,2221,0
3680,2215,0
3699,2211,0
3711,2207,0
3730,2210,0
3732,2207,0
3740,2209,0
3744,2210,0
3749,2212,0
3745,2210,0
3744,2210,0
3743,2212,0
3742,2213,0
3738,2212,0
3738,2212,0
3738,2211,0
3738,2211,0
3739,2210,0
3739,2210,0
3740,2210,0
3739,2210,0
3739,2210,0
3735,2208,0
3732,2205,1
3716,2075,0
3715,2075,0
3717,2079,0
3715,2083,0
3718,2091,0
3717,2099,0
3714,2111,0
3712,2127,0
3711,2149,0
3708,2171,0
3713,2198,0
3714,2224,0
3710,2248,0
3706,2272,0
3706,2297,0
3709,2319,0
3711,2336,0
3711,2348,0
3711,2354,0
3709,2356,0
3713,2359,0
3710,2357,0
3710,2355,0
3705,2349,0
3706,2342,1
3839,2297,0
3843,2299,0
3843,2299,0
3844,2297,0
3848,2297,1
4267,1945,0
4267,1945,0
4267,1945,0
4268,1944,0
4268,1944,0
4266,1946,0
4263,1945,0
4262,1946,0
4266,1948,0
4264,1949,0
4259,1952,0
4262,1963,0
4254,1976,0
4255,2000,0
4250,2024,0
4246,2054,0
4240,2087,0
4238,2120,0
4234,2151,0
4234,2180,0
4231,2207,0
4229,2232,0
4228,2254,0
4226,2272,0
4222,2285,0
4225,2295,0
4226,2301,0
4225,2302,0
4229,2304,0
4225,2302,0
4227,2301,0
4227,2299,0
4226,2293,1
4455,2099,0
4455,2101,0
4459,2101,0
4458,2104,0
4460,2108,0
4459,2118,0
4456,2131,0
4459,2151,0
4454,2172,0
4461,2201,0
4460,2226,0
4461,2247,0
4466,2260,0
4461,2268,0
4464,2271,0
4466,2270,0
4469,2263,0
4471,2246,0
4480,2223,0
4488,2195,0
4498,2169,0
4509,2150,0
4514,2135,0
4516,2130,0
4519,2133,0
4520,2139,0
4526,2154,0
4530,2170,0
4531,2191,0
4533,2212,0
4533,2229,0
4536,2239,0
4543,2243,0
4553,2242,0
4564,2231,0
4574,2214,0
4584,2196,0
4590,2178,0
4594,2163,0
4595,2153,0
4596,2152,0
4599,2155,0
4599,2162,0
4601,2175,0
4604,2193,0
4607,2213,0
4612,2229,0
4622,2244,0
4636,2251,0
4649,2252,0
4664,2251,0
4673,2241,0
4685,2228,1
4780,2200,0
4780,2199,0
4784,2198,0
4786,2188,0
4792,2178,1
4790,2154,0
4787,2143,0
4780,2133,0
4777,2130,0
4768,2129,0
4755,2135,0
4740,2148,0
4728,2169,0
4719,2194,0
4710,2219,0
4715,2241,0
4722,2253,0
4737,2260,0
4752,2256,0
4767,2247,0
4783,2235,0
4795,2220,0
4806,2209,0
4811,2200,0
4813,2197,0
4812,2199,0
4806,2201,0
4805,2212,0
4806,2224,0
4809,2239,0
4813,2248,0
4826,2257,0
4842,2260,0
4861,2259,0
4882,2255,0
4893,2244,0
4903,2234,1
4957,2191,0
4954,2187,0
4960,2186,0
4957,2173,0
4963,2163,0
4969,2151,0
4964,2135,0
4961,2121,0
4958,2111,0
4947,2105,0
4934,2104,0
4917,2110,0
4897,2123,0
4878,2143,0
4864,2169,0
4855,2195,0
4857,2218,0
4865,2235,0
4883,2246,0
4905,2246,0
4924,2236,0
4951,2220,0
4968,2196,0
4982,2167,0
4999,2135,0
5010,2104,0
5021,2072,0
5023,2042,0
5021,2017,0
5028,2000,0
5023,1984,0
5026,1978,0
5024,1980,0
5025,1988,0
5016,2006,0
5011,2030,0
5013,2062,0
5010,2096,0
5019,2130,0
5028,2165,0
5040,2198,0
5054,2222,0
5075,2241,0
5093,2248,0
5122,2245,0
5149,2230,0
5178,2208,0
5195,2183,0
5204,2153,0
5200,2125,0
5200,2105,0
5185,2090,0
5165,2087,0
5144,2095,0
5122,2111,0
5110,2137,0
5108,2168,0
5117,2194,0
5139,2215,0
5171,2229,0
5212,2237,0
5252,2237,0
5294,2235,0
5333,2227,0
5373,2217,0
5387,2207,0
5395,2199,0
5386,2190,0
5371,2183,1
5709,2164,0
5706,2162,0
5709,2155,0
5711,2148,0
5720,2138,0
5724,2130,0
5725,2118,0
5722,2104,0
5722,2092,0
5715,2078,0
5714,2069,0
5709,2061,0
5706,2059,0
5697,2058,0
5687,2064,0
5676,2079,0
5663,2099,0
5658,2129,0
5651,2157,0
5649,2182,0
5648,2205,0
5648,2224,0
5652,2234,0
5645,2240,0
5658,2241,0
5669,2236,0
5680,2220,0
5698,2198,0
5717,2176,0
5731,2154,0
5738,2137,0
5739,2123,0
5745,2118,0
5746,2119,0
5740,2121,0
5744,2133,0
5740,2152,0
5738,2178,0
5732,2212,0
5728,2250,0
5726,2293,0
5715,2337,0
5712,2381,0
5699,2427,0
5691,2468,0
5684,2499,0
5680,2518,0
5677,2521,0
5674,2519,0
5661,2501,0
5653,2480,0
5646,2453,0
5639,2420,0
5638,2387,0
5646,2352,0
5658,2316,0
5673,2282,0
5698,2249,0
5725,2218,0
5751,2189,0
5774,2166,0
5798,2149,0
5817,2144,0
5825,2146,0
5829,2157,0
5829,2179,0
5817,2205,0
5810,2231,0
5805,2246,0
5808,2248,0
5805,2244,0
5805,2224,0
5810,2200,0
5815,2172,0
5822,2143,0
5828,2119,0
5836,2100,0
5836,2088,0
5836,2087,0
5835,2089,0
5834,2103,0
5834,2115,0
5840,2131,0
5856,2145,0
5869,2154,0
5890,2157,0
5911,2159,0
5933,2157,0
5960,2154,0
5985,2146,0
6005,2140,0
6013,2130,0
6020,2125,0
6014,2117,0
6008,2110,0
5994,2101,0
5979,2099,0
5957,2098,0
5937,2105,0
5914,2119,0
5899,2135,0
5891,2155,0
5893,2181,0
5896,2205,0
5911,2231,0
5931,2245,0
5959,2251,0
5998,2252,0
6038,2239,1
6150,2142,0
6151,2140,0
6153,2133,0
6162,2125,0
6169,2115,0
6174,2102,0
6179,2089,0
6177,2075,0
6174,2067,0
6164,2060,0
6155,2060,0
6143,2070,0
6130,2084,0
6112,2108,0
6100,2140,0
6086,2174,0
6083,2202,0
6088,2222,0
6101,2232,0
6114,2231,0
6136,2222,0
6157,2202,0
6174,2178,0
6191,2158,0
6198,2141,0
6198,2130,0
6199,2127,0
6198,2129,0
6195,2137,0
6193,2154,0
6185,2174,0
6190,2194,0
6206,2210,0
6220,2218,0
6244,2220,0
6264,2214,0
6287,2198,0
6309,2174,0
6330,2143,0
6352,2106,0
6367,2065,0
6377,2025,0
6386,1987,0
6392,1956,0
6391,1933,0
6394,1923,0
6391,1921,0
6392,1930,0
6389,1954,0
6381,1990,0
6377,2037,0
6366,2092,0
6359,2145,0
6358,2193,0
6366,2227,0
6370,2251,0
6375,2258,0
6377,2254,0
6381,2234,0
6384,2204,0
6375,2169,1
6290,2065,0
6287,2063,0
6290,2064,0
6309,2063,0
6349,2067,0
6399,2070,0
6461,2072,0
6515,2079,1