or profit. Qoheleth is suggesting that
975
774,2473,0
761,2475,0
749,2477,0
736,2495,0
723,2514,0
748,2582,0
768,2577,0
785,2571,0
798,2556,0
808,2545,0
812,2521,0
813,2505,0
808,2493,0
798,2480,0
787,2474,0
774,2469,0
763,2471,0
757,2474,0
757,2478,0
765,2492,0
781,2502,0
801,2512,0
823,2507,0
849,2502,0
872,2488,0
896,2485,0
912,2470,0
921,2451,0
928,2436,0
934,2432,0
935,2432,0
934,2440,0
933,2464,0
928,2496,0
921,2519,0
920,2543,0
919,2555,0
919,2560,0
919,2560,0
919,2555,0
919,2552,0
916,2531,0
915,2503,0
920,2471,0
929,2452,0
939,2441,0
952,2441,0
971,2450,1
1242,2495,0
1240,2491,0
1237,2492,0
1237,2496,0
1235,2508,0
1233,2531,0
1231,2572,0
1214,2593,0
1206,2634,0
1199,2666,0
1194,2686,0
1189,2707,0
1183,2710,0
1181,2711,0
1175,2690,0
1170,2667,0
1169,2627,0
1187,2550,0
1241,2471,0
1262,2457,0
1286,2444,0
1311,2441,0
1330,2451,0
1338,2470,0
1334,2491,0
1327,2519,0
1317,2537,0
1305,2550,0
1290,2564,0
1272,2573,0
1254,2579,0
1235,2580,0
1225,2580,0
1220,2581,0
1337,2563,0
1356,2549,0
1372,2534,0
1388,2521,0
1403,2499,0
1417,2476,0
1433,2466,0
1440,2449,0
1443,2440,0
1442,2436,0
1443,2440,0
1441,2441,0
1439,2449,0
1436,2457,0
1435,2470,0
1430,2482,0
1425,2499,0
1420,2520,0
1414,2538,0
1411,2557,0
1406,2570,0
1401,2575,0
1401,2584,0
1402,2583,0
1403,2579,0
1402,2567,0
1405,2550,0
1405,2526,0
1409,2509,0
1411,2489,0
1416,2476,0
1418,2468,0
1421,2463,0
1430,2466,0
1442,2468,0
1457,2466,0
1476,2466,0
1494,2464,0
1508,2461,0
1521,2463,0
1529,2461,0
1529,2457,0
1530,2456,0
1529,2457,0
1522,2463,0
1510,2481,0
1496,2504,0
1487,2555,0
1488,2562,0
1496,2569,0
1505,2575,0
1511,2574,0
1516,2574,0
1523,2572,0
1534,2570,0
1540,2552,0
1544,2528,0
1548,2507,0
1546,2478,0
1546,2462,0
1542,2450,0
1540,2446,0
1541,2451,0
1542,2454,0
1546,2461,0
1557,2468,0
1572,2477,0
1585,2482,0
1592,2480,0
1600,2482,0
1605,2486,0
1609,2489,0
1609,2489,0
1609,2485,0
1607,2482,0
1609,2485,0
1607,2482,0
1607,2482,0
1609,2485,0
1607,2481,0
1607,2478,0
1609,2481,0
1609,2481,0
1611,2485,0
1611,2485,0
1611,2485,0
1610,2481,0
1611,2480,0
1612,2480,0
1611,2477,0
1614,2476,0
1616,2479,0
1616,2475,0
1619,2478,0
1614,2471,0
1614,2471,0
1614,2471,0
1616,2471,0
1617,2471,0
1616,2467,0
1617,2471,0
1616,2471,0
1618,2475,0
1620,2478,0
1621,2478,0
1626,2477,0
1637,2478,0
1650,2471,0
1669,2462,0
1688,2449,0
1710,2439,0
1734,2428,0
1754,2409,0
1766,2381,0
1778,2360,0
1782,2338,0
1785,2324,0
1777,2306,0
1768,2300,0
1758,2299,0
1750,2310,0
1726,2317,0
1708,2352,0
1689,2395,0
1675,2440,0
1671,2482,0
1672,2519,0
1676,2555,0
1677,2588,0
1679,2616,0
1674,2630,0
1674,2638,0
1673,2634,1
1635,2540,0
1631,2537,0
1631,2537,0
1634,2540,0
1645,2543,0
1667,2545,0
1689,2536,0
1715,2525,0
1737,2507,0
1761,2491,0
1778,2473,0
1790,2461,0
1794,2456,0
1791,2453,0
1789,2466,0
1782,2493,0
1772,2517,0
1765,2531,0
1769,2547,0
1775,2553,0
1789,2558,0
1805,2549,0
1831,2536,0
1860,2514,0
1889,2487,0
1918,2456,0
1937,2423,0
1952,2391,0
1959,2359,0
1968,2334,0
1976,2318,0
1978,2308,0
1978,2312,0
1976,2318,0
1975,2344,0
1962,2375,0
1954,2421,0
1949,2470,0
1944,2502,0
1944,2523,0
1951,2542,0
1957,2548,0
1966,2553,0
1976,2554,1
1879,2529,0
1882,2528,0
1898,2531,0
1913,2526,0
1936,2521,0
1961,2521,0
1982,2518,0
1991,2506,0
2002,2497,1
1835,2371,0
1834,2376,0
1838,2374,0
1845,2372,0
1855,2368,1
2120,2534,0
2113,2538,0
2114,2537,0
2115,2536,0
2121,2538,1
2469,2396,0
2465,2393,0
2459,2387,0
2453,2382,0
2441,2375,0
2427,2370,0
2412,2374,0
2386,2375,0
2369,2395,0
2356,2429,0
2346,2468,0
2344,2495,0
2357,2516,0
2374,2521,0
2401,2519,0
2429,2504,0
2455,2487,0
2473,2468,0
2490,2448,0
2497,2425,0
2497,2405,0
2492,2391,0
2475,2373,0
2454,2362,0
2429,2359,0
2408,2362,0
2388,2379,0
2376,2400,0
2370,2421,1
2433,2505,0
2432,2506,0
2434,2509,0
2441,2523,0
2448,2538,0
2457,2556,0
2469,2577,0
2475,2591,0
2482,2606,0
2488,2621,0
2499,2633,0
2511,2641,0
2523,2647,1
2567,2466,0
2561,2465,0
2553,2470,0
2544,2485,0
2540,2511,0
2538,2536,0
2545,2550,0
2555,2555,0
2569,2550,0
2580,2538,0
2593,2530,0
2596,2519,0
2600,2507,0
2593,2486,0
2586,2473,0
2580,2467,0
2563,2458,0
2557,2463,0
2550,2463,0
2550,2463,0
2560,2470,0
2571,2473,0
2595,2476,0
2615,2473,0
2631,2467,1
2649,2367,0
2649,2367,0
2649,2367,0
2645,2369,0
2642,2376,0
2642,2396,0
2644,2425,0
2644,2453,0
2644,2477,0
2644,2497,0
2648,2518,0
2643,2526,0
2645,2539,0
2642,2546,0
2640,2547,0
2641,2546,0
2642,2540,0
2647,2523,0
2651,2501,0
2664,2487,0
2678,2478,0
2694,2476,0
2703,2480,0
2711,2489,0
2715,2502,0
2719,2517,0
2722,2530,0
2721,2536,0
2725,2543,0
2735,2551,0
2736,2550,0
2741,2546,0
2749,2541,0
2755,2531,0
2761,2522,0
2765,2509,0
2770,2496,0
2772,2480,0
2772,2470,0
2767,2463,0
2759,2459,0
2753,2463,0
2748,2478,0
2735,2492,0
2730,2515,0
2730,2535,0
2733,2547,0
2735,2551,0
2745,2558,0
2748,2556,0
2759,2558,0
2767,2552,0
2779,2544,0
2789,2536,0
2797,2526,0
2811,2520,0
2823,2512,0
2835,2498,0
2849,2482,0
2859,2459,0
2874,2437,0
2883,2410,0
2889,2379,0
2894,2359,0
2893,2345,0
2893,2339,0
2888,2338,0
2880,2345,0
2866,2368,0
2847,2398,0
2828,2433,0
2826,2470,0
2825,2495,0
2830,2517,0
2839,2531,0
2854,2538,0
2874,2543,0
2891,2536,0
2914,2528,0
2933,2513,0
2950,2500,0
2955,2485,0
2958,2473,0
2956,2468,0
2954,2470,0
2952,2482,0
2946,2502,0
2943,2516,0
2950,2530,0
2961,2543,0
2968,2547,0
2974,2547,0
2988,2551,0
2999,2543,0
3018,2533,0
3035,2513,0
3057,2490,0
3076,2461,0
3093,2431,0
3106,2398,0
3110,2361,0
3125,2342,0
3126,2326,0
3124,2316,0
3120,2314,0
3120,2320,0
3117,2338,0
3116,2372,0
3105,2404,0
3104,2438,0
3100,2467,0
3103,2497,0
3100,2521,0
3098,2538,0
3102,2556,0
3105,2564,0
3105,2564,1
3052,2525,0
3052,2526,0
3052,2525,0
3053,2524,0
3054,2523,0
3059,2524,0
3064,2524,0
3073,2523,0
3083,2519,0
3091,2513,0
3101,2509,0
3110,2507,0
3115,2502,0
3116,2497,0
3123,2495,0
3126,2492,0
3127,2492,0
3127,2492,0
3124,2489,0
3129,2491,0
3125,2483,0
3128,2480,0
3129,2479,0
3127,2475,0
3127,2475,0
3127,2475,0
3131,2478,0
3130,2478,0
3130,2478,0
3127,2476,0
3127,2476,0
3126,2477,0
3133,2481,0
3129,2479,0
3126,2477,0
3126,2477,0
3127,2476,0
3127,2476,0
3129,2479,0
3130,2478,0
3127,2476,0
3130,2478,0
3132,2476,0
3131,2472,0
3133,2471,0
3139,2471,0
3139,2465,0
3144,2456,0
3151,2449,0
3156,2440,0
3163,2432,0
3168,2422,0
3169,2411,0
3174,2400,0
3172,2386,0
3169,2373,0
3170,2366,0
3170,2360,0
3168,2357,0
3167,2358,0
3165,2360,0
3163,2371,0
3153,2393,0
3149,2424,0
3150,2456,0
3147,2474,0
3146,2486,0
3151,2497,0
3151,2502,0
3156,2504,0
3160,2500,0
3173,2493,0
3187,2486,0
3201,2490,0
3211,2502,0
3225,2522,0
3230,2540,0
3247,2562,0
3261,2565,0
3286,2553,0
3316,2536,1
3533,2518,0
3529,2539,0
3525,2554,0
3529,2569,0
3530,2579,1
3554,2384,0
3542,2379,0
3523,2369,0
3523,2369,1
3641,2435,0
3629,2432,0
3612,2432,0
3598,2441,0
3578,2457,0
3569,2479,0
3576,2502,0
3593,2519,0
3619,2531,0
3638,2540,0
3652,2549,0
3654,2552,0
3659,2559,0
3647,2567,0
3621,2575,0
3597,2589,0
3566,2598,1
3981,2446,0
3983,2449,0
3981,2446,0
3977,2446,0
3971,2446,0
3959,2448,0
3954,2449,0
3927,2451,0
3913,2461,0
3895,2477,0
3905,2490,0
3909,2499,0
3921,2509,0
3953,2519,0
3971,2523,0
3989,2533,0
3993,2540,0
3991,2549,0
3986,2562,0
3969,2576,0
3945,2592,0
3919,2604,0
3901,2612,0
3889,2614,0
3888,2615,0
3888,2615,0
3901,2613,0
3920,2603,0
3950,2593,0
3972,2572,0
4004,2552,0
4026,2526,0
4053,2497,0
4072,2467,0
4082,2439,0
4086,2422,0
4085,2416,0
4080,2417,0
4073,2432,0
4058,2465,0
4047,2506,0
4047,2537,0
4055,2553,0
4073,2562,0
4085,2560,0
4100,2553,0
4110,2535,0
4124,2511,0
4133,2480,0
4146,2455,0
4152,2440,0
4153,2445,0
4149,2465,0
4141,2494,0
4139,2524,0
4135,2542,0
4145,2555,0
4155,2562,0
4169,2563,0
4181,2562,0
4193,2558,1
4305,2454,0
4304,2449,0
4303,2442,0
4298,2436,0
4292,2431,0
4279,2428,0
4268,2436,0
4254,2458,0
4240,2490,0
4237,2514,0
4245,2530,0
4251,2535,0
4263,2532,0
4280,2523,0
4288,2504,0
4299,2483,0
4309,2462,0
4319,2448,0
4324,2448,0
4325,2460,0
4333,2485,0
4328,2518,0
4318,2559,0
4298,2598,0
4275,2628,0
4256,2647,0
4238,2657,0
4229,2661,0
4221,2659,0
4215,2654,0
4208,2644,0
4208,2630,0
4208,2611,1
4436,2455,0
4440,2455,0
4435,2449,0
4437,2446,0
4435,2442,0
4426,2441,0
4418,2446,0
4403,2460,0
4391,2485,0
4386,2511,0
4384,2523,0
4390,2528,0
4403,2530,0
4416,2526,0
4425,2513,0
4438,2501,0
4445,2484,0
4453,2465,0
4455,2454,0
4455,2456,0
4459,2470,0
4460,2497,0
4468,2535,0
4463,2569,0
4455,2594,0
4442,2613,0
4425,2630,0
4404,2644,0
4384,2649,0
4371,2647,0
4363,2638,0
4362,2626,0
4371,2615,1
4546,2514,0
4548,2516,0
4554,2515,0
4565,2507,0
4586,2497,0
4597,2480,0
4611,2466,0
4619,2454,0
4622,2441,0
4612,2434,0
4598,2433,0
4579,2448,0
4555,2478,0
4532,2513,0
4523,2540,0
4531,2557,0
4547,2562,0
4575,2556,0
4603,2543,0
4628,2528,0
4656,2514,0
4682,2496,0
4703,2478,0
4727,2464,0
4743,2451,0
4751,2440,0
4759,2433,0
4760,2425,0
4758,2420,0
4749,2419,0
4736,2426,0
4721,2443,0
4700,2461,0
4693,2480,0
4684,2492,0
4695,2506,0
4712,2516,0
4728,2521,0
4736,2522,0
4744,2526,0
4746,2530,0
4746,2538,0
4734,2548,0
4718,2557,0
4700,2564,0
4693,2567,0
4682,2569,0
4671,2570,0
4674,2573,0
4675,2572,0
4693,2574,0
4714,2564,0
4743,2549,0
4772,2526,0
4806,2502,0
4831,2470,0
4856,2429,0
4882,2385,0
4903,2340,0
4919,2304,0
4932,2280,0
4937,2270,0
4929,2268,0
4922,2275,0
4913,2297,0
4900,2338,0
4891,2386,0
4889,2436,0
4883,2469,0
4883,2492,0
4891,2509,0
4892,2515,0
4897,2516,1
4838,2504,0
4836,2507,0
4839,2510,0
4847,2512,0
4863,2510,0
4887,2502,0
4910,2486,0
4934,2470,0
4958,2453,0
4977,2435,0
4994,2415,0
5012,2399,0
5027,2388,0
5031,2390,0
5032,2405,0
5024,2434,0
5016,2465,0
5011,2490,0
5002,2504,0
4998,2511,1
5044,2309,0
5042,2296,0
5040,2282,0
5043,2277,0
5040,2274,1
5067,2432,0
5071,2441,0
5074,2452,0
5076,2464,0
5079,2482,0
5081,2496,0
5074,2509,0
5076,2520,0
5074,2524,0
5074,2523,0
5076,2521,0
5085,2506,0
5096,2478,0
5111,2444,0
5139,2410,0
5172,2384,0
5192,2370,0
5210,2371,0
5221,2377,0
5221,2393,0
5225,2420,0
5216,2444,0
5218,2465,0
5219,2479,0
5228,2487,0
5236,2490,0
5260,2490,0
5270,2479,0
5298,2468,1
5365,2412,0
5362,2410,0
5364,2407,0
5365,2404,0
5353,2400,0
5346,2405,0
5321,2417,0
5311,2437,0
5300,2449,0
5304,2458,0
5315,2462,0
5328,2456,0
5344,2444,0
5362,2427,0
5385,2408,0
5405,2395,0
5419,2394,0
5434,2408,0
5438,2435,0
5432,2474,0
5419,2516,0
5403,2561,0
5365,2596,0
5335,2630,0
5306,2651,0
5289,2663,0
5286,2661,0
5293,2649,0
5316,2617,0
5351,2572,0
5399,2526,0
5431,2485,1
5817,2246,0
5818,2245,0
5817,2246,0
5816,2248,0
5808,2258,0
5795,2277,0
5783,2311,0
5760,2352,0
5745,2395,0
5725,2427,0
5718,2458,0
5699,2480,0
5688,2501,0
5682,2521,0
5675,2537,0
5665,2545,0
5663,2550,1
5631,2438,0
5631,2438,0
5629,2439,0
5645,2445,0
5650,2443,0
5675,2446,0
5690,2442,0
5722,2443,0
5734,2435,1
5919,2222,0
5923,2223,0
5914,2222,0
5914,2234,0
5911,2261,0
5899,2297,0
5881,2339,0
5867,2390,0
5840,2437,0
5821,2477,0
5804,2511,0
5798,2533,0
5793,2540,0
5799,2538,0
5815,2526,0
5836,2498,0
5864,2470,0
5897,2448,0
5915,2438,0
5928,2436,0
5930,2443,0
5931,2459,0
5917,2478,0
5914,2504,0
5906,2529,0
5911,2548,0
5909,2558,0
5921,2564,0
5933,2565,0
5957,2561,0
5977,2548,0
6003,2531,0
6024,2516,0
6055,2497,0
6068,2477,0
6098,2461,0
6107,2441,0
6121,2430,0
6119,2423,0
6119,2424,0
6106,2424,0
6094,2441,0
6064,2468,0
6040,2501,0
6015,2525,0
6020,2542,0
6022,2545,0
6036,2546,0
6044,2538,0
6069,2523,0
6087,2503,0
6104,2485,0
6116,2469,0
6121,2468,0
6119,2473,0
6123,2493,0
6121,2514,0
6125,2535,0
6125,2545,0
6141,2549,0
6152,2543,0
6177,2530,0
6199,2509,0
6234,2481,0
6266,2446,0
6303,2403,0
6328,2355,0
6353,2304,0
6377,2266,0
6389,2236,0
6396,2216,0
6400,2207,0
6400,2206,0
6399,2208,0
6396,2227,0
6387,2260,0
6376,2299,0
6355,2350,0
6339,2398,0
6329,2444,0
6321,2481,0
6309,2507,0
6317,2529,0
6314,2536,0
6327,2536,1
6262,2446,0
6271,2447,0
6276,2445,0
6303,2443,0
6337,2436,0
6388,2427,0
6434,2421,0
6472,2412,0
6486,2402,1