the spiritual principle and this
576
904,3776,0
904,3776,0
907,3784,0
908,3788,0
908,3808,0
904,3836,0
898,3876,0
887,3916,0
878,3967,0
866,4015,0
857,4058,0
852,4086,0
850,4098,1
819,3859,0
813,3863,0
814,3863,0
819,3863,0
832,3860,0
851,3858,0
875,3859,0
901,3852,0
924,3841,1
1034,3788,0
1032,3788,0
1033,3796,0
1033,3816,0
1027,3853,0
1015,3888,0
1001,3931,0
989,3971,0
982,4003,0
982,4019,0
987,4027,0
998,4027,0
1016,4024,0
1037,4016,0
1057,4008,0
1073,4004,0
1082,4009,0
1087,4021,0
1087,4032,0
1086,4048,0
1085,4065,1
1211,3991,0
1211,3991,0
1211,3986,0
1213,3986,0
1218,3978,0
1221,3966,0
1222,3950,0
1216,3942,0
1205,3942,1
1175,3983,0
1163,4011,0
1160,4048,0
1165,4064,0
1178,4080,0
1198,4087,0
1224,4086,0
1254,4077,1
1580,3940,0
1577,3935,0
1573,3936,0
1565,3933,0
1552,3939,0
1538,3949,0
1526,3958,0
1520,3967,0
1522,3978,0
1530,3986,0
1546,3992,0
1566,4002,0
1586,4011,0
1603,4021,0
1615,4032,0
1619,4043,0
1616,4060,0
1603,4073,0
1582,4093,0
1558,4108,0
1540,4122,1
1713,4005,0
1716,4004,0
1717,4000,0
1716,4004,0
1713,4009,0
1700,4027,0
1686,4065,0
1668,4109,0
1649,4156,0
1632,4203,0
1622,4241,0
1617,4261,0
1618,4265,1
1724,3995,0
1735,3976,0
1750,3962,0
1767,3954,0
1785,3955,0
1798,3957,0
1809,3967,0
1819,3986,0
1820,4002,0
1814,4019,0
1804,4038,0
1791,4052,0
1775,4063,0
1762,4070,0
1756,4070,0
1756,4066,0
1761,4053,1
1932,3958,0
1932,3957,0
1932,3957,0
1930,3966,0
1920,3981,0
1911,4004,0
1902,4026,0
1893,4036,0
1891,4044,1
1976,3981,0
1971,3990,0
1971,3998,0
1969,4011,0
1966,4029,0
1963,4046,0
1961,4053,0
1964,4061,0
1969,4056,0
1981,4053,0
2000,4037,0
2022,4015,0
2046,3993,1
2146,3978,0
2143,3983,0
2145,3987,0
2142,3995,0
2134,4015,0
2123,4038,0
2110,4063,0
2098,4082,0
2094,4099,1
2326,3805,0
2330,3799,0
2328,3795,0
2327,3800,0
2318,3816,0
2301,3847,0
2277,3892,0
2256,3954,0
2236,4015,0
2221,4065,0
2208,4089,0
2204,4099,0
2206,4098,0
2207,4090,0
2209,4068,0
2208,4031,0
2211,4001,0
2212,3976,0
2214,3954,0
2220,3940,0
2224,3921,0
2231,3911,0
2242,3904,0
2258,3894,0
2281,3887,1
2309,3966,0
2307,3976,0
2308,3975,0
2311,3987,0
2312,4003,0
2311,4016,0
2309,4033,0
2306,4052,0
2302,4070,0
2301,4082,0
2305,4085,0
2318,4085,0
2333,4072,0
2353,4057,0
2371,4034,0
2388,4012,0
2399,4000,0
2400,3995,0
2401,3999,0
2393,4002,0
2383,4022,0
2376,4046,0
2374,4063,0
2378,4066,0
2388,4063,1
2531,4012,0
2532,4011,0
2533,4011,0
2529,4008,0
2521,4003,0
2511,4002,0
2493,4000,0
2473,4007,0
2451,4020,0
2440,4045,0
2436,4068,0
2440,4079,0
2456,4086,0
2478,4087,0
2502,4082,0
2522,4075,0
2538,4065,0
2551,4068,0
2554,4071,0
2553,4076,0
2551,4081,1
2729,3896,0
2726,3889,0
2727,3888,0
2724,3889,0
2717,3896,0
2703,3912,0
2690,3940,0
2676,3976,0
2666,4015,0
2665,4049,0
2671,4073,0
2682,4086,0
2699,4096,1
2160,3807,0
2152,3805,0
2152,3805,0
2150,3802,0
2149,3802,0
2149,3802,0
2144,3800,0
2133,3795,0
2113,3783,1
2004,3788,0
1972,3796,0
1946,3798,0
1927,3798,0
1920,3800,0
1919,3797,0
1924,3783,0
1938,3768,1
3095,3985,0
3094,3986,0
3089,3984,0
3086,3990,0
3082,4010,0
3073,4041,0
3062,4087,0
3051,4143,0
3036,4198,0
3028,4256,0
3016,4297,0
3010,4326,0
3007,4336,1
3104,3958,0
3105,3957,0
3107,3952,0
3125,3951,0
3148,3947,0
3178,3945,0
3215,3952,0
3249,3964,0
3273,3978,0
3291,4000,0
3298,4020,0
3293,4036,0
3276,4051,0
3253,4068,0
3222,4080,0
3194,4091,0
3174,4093,1
3388,4013,0
3388,4013,0
3389,4012,0
3391,4020,0
3394,4037,0
3389,4049,0
3388,4064,0
3385,4070,0
3390,4077,0
3392,4075,0
3403,4069,0
3421,4053,0
3445,4034,1
3551,4006,0
3554,4013,0
3553,4014,0
3552,4019,0
3549,4036,0
3542,4055,0
3534,4074,0
3530,4090,0
3530,4099,1
3656,4032,0
3658,4036,0
3658,4036,0
3660,4040,0
3656,4038,0
3658,4041,0
3660,4049,0
3658,4056,0
3653,4068,0
3651,4088,0
3643,4103,0
3640,4115,0
3641,4123,0
3646,4126,0
3655,4124,0
3671,4114,0
3694,4099,0
3718,4078,0
3735,4061,0
3750,4056,0
3762,4062,0
3764,4070,0
3759,4083,0
3750,4099,0
3744,4118,1
3934,4033,0
3934,4033,0
3934,4033,0
3930,4031,0
3925,4035,0
3911,4040,0
3891,4049,0
3870,4070,0
3852,4097,0
3839,4116,0
3840,4130,0
3853,4141,0
3871,4143,1
4016,4041,0
4019,4044,0
4019,4044,0
4022,4053,0
4016,4067,0
4008,4087,0
4000,4109,0
3993,4124,0
3995,4138,1
4150,4034,0
4146,4047,0
4145,4064,0
4140,4093,0
4127,4128,0
4111,4170,0
4098,4220,0
4085,4265,0
4070,4299,0
4063,4325,0
4060,4333,0
4064,4328,0
4070,4310,1
4176,4049,0
4188,4035,0
4199,4025,0
4210,4021,0
4226,4024,0
4237,4032,0
4243,4041,0
4246,4055,0
4244,4071,0
4233,4086,0
4223,4103,0
4203,4115,0
4181,4121,0
4168,4127,0
4159,4123,0
4159,4114,0
4172,4093,1
4381,3881,0
4375,3882,0
4369,3892,0
4356,3909,0
4338,3940,0
4325,3978,0
4309,4017,0
4295,4061,0
4283,4101,0
4279,4131,0
4282,4149,0
4291,4157,0
4304,4156,1
4413,4087,0
4412,4082,0
4420,4082,0
4430,4077,0
4441,4069,0
4449,4057,0
4451,4043,0
4443,4034,0
4430,4036,0
4414,4049,0
4396,4070,0
4385,4095,0
4380,4114,0
4385,4126,0
4398,4131,0
4414,4128,0
4423,4109,1
4046,3882,0
4030,3879,0
4019,3877,0
4008,3875,0
3994,3877,1
3676,3854,0
3638,3856,0
3610,3846,0
3592,3839,0
3580,3833,1
4782,4078,0
4776,4073,0
4769,4069,0
4763,4068,0
4753,4067,0
4737,4071,0
4721,4080,0
4705,4095,0
4690,4120,0
4679,4146,0
4678,4169,0
4681,4176,0
4699,4177,0
4717,4167,0
4735,4144,0
4758,4122,0
4774,4097,0
4784,4076,0
4791,4070,0
4790,4070,0
4782,4073,0
4769,4085,0
4760,4105,0
4755,4125,0
4761,4136,1
4883,4070,0
4881,4071,0
4880,4073,0
4880,4084,0
4871,4098,0
4864,4115,0
4856,4129,0
4858,4144,0
4855,4147,0
4862,4146,0
4873,4140,0
4898,4134,0
4920,4117,0
4943,4100,0
4963,4092,0
4975,4092,0
4980,4099,0
4987,4114,0
4982,4130,0
4976,4146,0
4974,4159,1
5124,4094,0
5125,4093,0
5129,4094,0
5130,4094,0
5126,4092,0
5119,4088,0
5111,4085,0
5105,4085,0
5098,4087,0
5090,4094,0
5078,4108,0
5074,4128,0
5068,4146,0
5072,4164,0
5079,4174,0
5092,4179,0
5108,4174,0
5127,4160,0
5146,4135,0
5164,4099,0
5183,4063,0
5196,4025,0
5205,3992,0
5218,3972,0
5226,3957,1
5484,3845,0
5482,3846,0
5480,3848,0
5475,3867,0
5464,3899,0
5452,3943,0
5435,3994,0
5416,4046,0
5405,4094,0
5395,4133,0
5391,4155,0
5390,4162,0
5395,4162,0
5397,4155,0
5401,4133,0
5403,4101,0
5405,4064,1
5395,3948,0
5397,3940,0
5405,3936,0
5414,3933,0
5431,3931,0
5450,3928,0
5470,3923,0
5487,3916,1
5557,3870,0
5559,3872,0
5559,3873,0
5564,3885,0
5563,3906,0
5560,3934,0
5549,3965,0
5542,4004,0
5532,4040,0
5524,4073,0
5519,4098,0
5519,4116,0
5528,4125,0
5535,4128,0
5552,4128,0
5565,4124,0
5583,4121,0
5596,4118,0
5610,4116,0
5620,4116,0
5627,4121,0
5630,4123,0
5629,4130,0
5629,4142,0
5628,4150,1
5763,4052,0
5763,4052,0
5767,4053,0
5771,4056,0
5766,4055,0
5766,4056,0
5761,4061,0
5754,4076,0
5741,4091,0
5734,4112,0
5726,4127,0
5726,4145,0
5725,4154,1
5885,4074,0
5893,4070,0
5901,4068,0
5902,4065,0
5894,4063,0
5891,4067,0
5875,4068,0
5863,4076,0
5851,4085,0
5844,4093,0
5841,4103,0
5841,4115,0
5853,4126,0
5865,4137,0
5875,4150,0
5889,4164,0
5898,4172,0
5904,4184,0
5901,4193,0
5892,4204,0
5876,4216,0
5857,4221,0
5837,4220,0
5822,4206,0
5812,4181,1
5831,3988,0
5824,3983,0
5825,3977,0
5827,3974,0
5833,3966,1