(Gen Rashi 19, 3 .) There were plenty
886
619,2365,0
624,2366,0
622,2362,0
620,2361,0
617,2360,0
610,2363,0
596,2372,0
581,2385,0
562,2410,0
540,2441,0
520,2478,0
503,2523,0
493,2574,0
491,2619,0
495,2657,0
506,2692,0
522,2712,0
535,2724,0
542,2733,0
546,2733,0
547,2734,1
842,2417,0
839,2408,0
834,2399,0
827,2399,0
813,2393,0
796,2391,0
775,2400,0
746,2412,0
711,2431,0
679,2462,0
630,2559,0
636,2584,0
653,2608,0
678,2625,0
793,2596,0
782,2578,0
769,2565,0
757,2547,0
745,2533,0
735,2528,0
732,2523,0
734,2520,0
748,2506,0
777,2490,0
815,2470,0
856,2462,0
887,2452,0
912,2458,0
928,2468,0
939,2485,0
941,2504,0
936,2533,0
933,2560,0
932,2577,0
933,2589,0
935,2592,0
938,2596,0
939,2596,0
943,2593,0
947,2573,0
961,2557,1
1012,2499,0
1012,2499,0
1017,2496,0
1030,2492,0
1052,2497,0
1071,2485,0
1091,2481,0
1105,2477,0
1109,2473,0
1108,2468,0
1103,2461,0
1091,2453,0
1074,2449,0
1050,2449,0
1030,2456,0
1015,2472,0
1004,2492,0
994,2515,0
992,2539,0
998,2563,0
1011,2579,0
1032,2588,0
1056,2585,0
1083,2581,0
1109,2568,0
1131,2556,0
1149,2528,0
1168,2511,0
1181,2486,0
1188,2466,0
1192,2454,0
1192,2450,0
1193,2450,0
1194,2453,0
1194,2462,0
1189,2486,0
1182,2514,0
1177,2538,0
1176,2563,0
1177,2575,0
1180,2583,0
1181,2582,0
1182,2586,0
1182,2575,0
1188,2554,0
1197,2522,0
1215,2489,0
1237,2455,0
1261,2429,0
1283,2411,0
1296,2410,0
1302,2417,0
1304,2434,0
1299,2454,0
1295,2487,0
1293,2515,0
1300,2543,0
1310,2557,0
1329,2568,0
1351,2569,0
1376,2567,1
1682,2342,0
1684,2346,0
1684,2347,0
1684,2351,0
1680,2364,0
1675,2386,0
1669,2416,0
1667,2458,0
1663,2497,0
1664,2533,0
1664,2562,0
1664,2579,0
1664,2587,0
1664,2587,0
1664,2587,0
1662,2579,0
1660,2555,0
1665,2525,0
1667,2475,0
1809,2392,0
1824,2353,0
1716,2362,0
1726,2334,0
1742,2317,0
1757,2309,0
1768,2309,0
1778,2318,0
1782,2338,0
1780,2364,0
1770,2422,0
1754,2443,0
1736,2457,0
1850,2425,0
1833,2427,0
1696,2455,0
1693,2451,0
1696,2455,0
1693,2452,0
1697,2463,0
1700,2479,0
1705,2502,0
1715,2524,0
1730,2545,0
1747,2557,0
1773,2571,0
1797,2577,0
1821,2573,0
1843,2567,0
1858,2552,0
1872,2532,1
1948,2423,0
1946,2415,0
1944,2408,0
1936,2394,0
1929,2388,0
1921,2386,0
1913,2390,0
1903,2406,0
1884,2430,0
1867,2461,0
1851,2487,0
1849,2518,0
1857,2536,0
1876,2556,0
1898,2557,0
1928,2550,0
1966,2540,0
1999,2523,0
2023,2505,0
2037,2487,0
2044,2471,0
2043,2454,0
2038,2444,0
2031,2438,0
2027,2439,0
2026,2444,0
2022,2458,0
2018,2482,0
2016,2508,0
2017,2534,0
2022,2554,0
2033,2566,0
2043,2571,0
2051,2572,0
2057,2566,0
2063,2554,0
2075,2536,1
2206,2414,0
2206,2410,0
2205,2406,0
2199,2400,0
2188,2396,0
2170,2396,0
2147,2398,0
2127,2408,0
2107,2417,0
2098,2430,0
2096,2440,0
2106,2453,0
2126,2466,0
2149,2473,0
2174,2479,0
2196,2490,0
2216,2503,0
2227,2516,0
2220,2519,0
2213,2531,0
2199,2543,0
2181,2555,0
2158,2561,0
2140,2565,0
2132,2573,0
2121,2569,0
2111,2556,0
2111,2543,0
2118,2518,1
2284,2323,0
2275,2324,0
2273,2329,0
2268,2332,0
2263,2344,0
2260,2364,0
2258,2388,0
2260,2418,0
2260,2449,0
2260,2482,0
2263,2516,0
2263,2543,0
2264,2564,0
2267,2581,0
2265,2581,0
2265,2581,0
2265,2577,0
2268,2571,0
2275,2550,0
2287,2521,0
2306,2493,0
2324,2461,0
2342,2437,0
2361,2422,0
2379,2412,0
2393,2408,0
2400,2408,0
2407,2424,0
2405,2443,0
2408,2473,0
2409,2501,0
2412,2521,0
2425,2542,0
2434,2550,0
2450,2556,0
2464,2548,0
2485,2535,0
2503,2510,0
2526,2487,0
2540,2459,0
2557,2434,0
2550,2415,0
2555,2411,0
2550,2405,0
2549,2406,0
2548,2411,0
2540,2426,0
2537,2452,0
2536,2481,0
2537,2504,0
2549,2529,0
2560,2541,0
2579,2549,0
2599,2545,0
2618,2532,0
2635,2516,0
2641,2494,1
2539,2311,0
2536,2309,0
2536,2309,0
2536,2309,0
2535,2310,0
2532,2307,0
2533,2306,0
2535,2304,0
2543,2309,1
2833,2378,0
2831,2380,0
2833,2384,0
2834,2383,0
2840,2379,0
2849,2370,0
2866,2357,0
2882,2339,0
2899,2319,0
2912,2298,0
2924,2282,0
2929,2272,0
2929,2267,0
2930,2265,0
2929,2266,0
2931,2270,0
2929,2272,0
2926,2279,0
2924,2297,0
2924,2323,0
2921,2352,0
2918,2386,0
2920,2421,0
2923,2455,0
2927,2482,0
2929,2501,0
2934,2512,0
2936,2516,0
2939,2518,1
3132,2280,0
3119,2276,0
3110,2274,0
3093,2268,0
3074,2264,0
3051,2263,0
3030,2273,0
3001,2287,0
2973,2303,0
2955,2324,0
2949,2344,0
2950,2355,0
2967,2362,0
2998,2360,0
3030,2348,0
3069,2335,0
3108,2319,0
3136,2304,0
3157,2290,0
3167,2280,0
3170,2277,0
3163,2273,0
3160,2275,0
3156,2280,0
3153,2299,0
3143,2320,0
3132,2347,0
3128,2383,0
3127,2416,0
3124,2446,0
3127,2470,0
3134,2486,0
3134,2491,0
3139,2492,0
3143,2494,0
3145,2492,0
3150,2482,1
3225,2413,0
3227,2417,0
3223,2421,0
3217,2431,0
3214,2451,0
3207,2468,0
3206,2491,0
3202,2505,0
3206,2513,1
3342,2289,0
3344,2292,0
3340,2291,0
3344,2292,0
3349,2287,0
3361,2274,0
3382,2263,0
3409,2258,0
3426,2256,0
3435,2258,0
3436,2263,0
3428,2272,0
3414,2288,0
3392,2305,0
3376,2323,0
3363,2337,0
3359,2347,0
3363,2354,0
3382,2364,0
3405,2369,0
3433,2373,0
3464,2381,0
3480,2387,0
3494,2401,0
3498,2414,0
3496,2429,0
3482,2444,0
3457,2458,0
3428,2471,0
3399,2478,0
3373,2481,0
3356,2482,0
3337,2477,0
3324,2473,0
3317,2468,0
3317,2463,0
3326,2455,1
3596,2427,0
3595,2427,0
3590,2427,0
3585,2426,0
3585,2427,0
3580,2426,0
3580,2425,0
3582,2424,0
3588,2423,1
3658,2205,0
3662,2205,0
3681,2213,0
3699,2216,0
3727,2227,0
3744,2236,0
3761,2254,0
3776,2280,0
3782,2311,0
3773,2348,0
3753,2391,0
3725,2437,0
3687,2480,0
3652,2519,0
3617,2552,0
3590,2579,0
3573,2597,1
3872,2280,0
3863,2278,0
3869,2278,0
3877,2275,0
3899,2264,0
3929,2251,0
3962,2231,0
4004,2215,0
4041,2195,0
4078,2185,0
4105,2174,0
4119,2166,0
4125,2165,1
4005,2248,0
4005,2248,0
4003,2250,0
4004,2256,0
3999,2270,0
3998,2299,0
3986,2335,0
3979,2384,0
3984,2430,0
3986,2467,0
3992,2497,0
4000,2519,0
4006,2531,1
4135,2244,0
4134,2259,0
4131,2278,0
4131,2305,0
4126,2333,0
4127,2367,0
4124,2398,0
4121,2422,0
4118,2444,0
4128,2452,0
4124,2457,0
4126,2456,0
4130,2450,0
4136,2421,0
4143,2385,0
4162,2352,0
4179,2328,0
4195,2318,0
4193,2315,0
4193,2320,0
4191,2338,0
4188,2362,0
4181,2386,0
4181,2415,0
4183,2438,0
4194,2451,0
4215,2455,0
4241,2453,0
4278,2444,0
4309,2428,0
4344,2411,0
4373,2391,0
4401,2369,0
4417,2347,0
4420,2326,0
4416,2311,0
4408,2300,0
4398,2295,0
4381,2292,0
4369,2296,0
4353,2304,0
4341,2323,0
4330,2347,0
4322,2374,0
4317,2401,0
4312,2423,0
4319,2447,0
4336,2466,0
4354,2475,0
4372,2476,0
4393,2474,0
4412,2468,0
4427,2453,0
4437,2433,0
4449,2414,0
4456,2388,0
4466,2367,0
4477,2349,0
4480,2338,0
4480,2335,0
4477,2335,0
4478,2339,0
4480,2353,0
4476,2373,0
4473,2399,0
4468,2422,0
4472,2444,0
4473,2456,0
4478,2464,0
4477,2465,0
4478,2463,0
4479,2456,0
4479,2433,0
4483,2406,0
4491,2379,0
4491,2349,0
4490,2328,0
4488,2316,0
4487,2311,0
4487,2311,0
4489,2316,0
4497,2325,0
4512,2339,0
4537,2351,0
4567,2357,0
4603,2360,0
4639,2361,0
4679,2357,0
4710,2346,0
4734,2330,0
4739,2314,0
4744,2304,0
4733,2291,0
4713,2285,0
4679,2287,0
4658,2299,0
4628,2320,0
4601,2347,0
4582,2384,0
4574,2412,0
4585,2432,0
4613,2447,0
4646,2449,0
4690,2447,0
4733,2445,1
4928,2319,0
4927,2321,0
4927,2322,0
4922,2324,0
4923,2337,0
4922,2357,0
4924,2377,0
4926,2398,0
4928,2417,0
4934,2430,0
4944,2437,0
4952,2439,0
4958,2438,0
4968,2428,0
4975,2408,0
4989,2384,0
5000,2356,0
5007,2335,0
5005,2321,0
5008,2317,0
5009,2315,0
5007,2318,0
5004,2322,0
5003,2342,0
5009,2364,0
5014,2389,0
5025,2409,0
5038,2427,0
5052,2441,0
5067,2449,0
5084,2452,0
5095,2448,0
5106,2435,0
5116,2418,0
5117,2392,0
5121,2368,0
5120,2345,0
5123,2330,0
5120,2320,0
5113,2315,0
5113,2315,0
5115,2320,0
5122,2331,0
5130,2343,0
5150,2356,0
5173,2364,0
5203,2367,0
5238,2368,0
5273,2363,0
5303,2357,0
5314,2345,0
5320,2333,0
5320,2323,0
5313,2311,0
5301,2299,0
5283,2291,0
5266,2289,0
5249,2297,0
5226,2306,0
5212,2326,0
5204,2349,0
5200,2372,0
5203,2392,0
5216,2410,0
5228,2422,0
5251,2430,0
5274,2430,0
5296,2424,0
5314,2414,0
5332,2397,0
5348,2376,0
5360,2351,0
5367,2330,0
5374,2314,0
5373,2308,0
5374,2306,0
5374,2306,0
5374,2316,0
5364,2335,0
5361,2360,0
5356,2386,0
5356,2403,0
5357,2419,0
5360,2430,0
5363,2433,0
5363,2433,0
5362,2427,0
5368,2406,0
5377,2379,0
5379,2349,0
5383,2323,0
5390,2301,0
5390,2285,0
5392,2279,0
5392,2279,0
5398,2285,0
5410,2297,0
5426,2311,0
5450,2324,0
5477,2331,0
5506,2338,0
5541,2338,0
5566,2333,0
5588,2326,0
5593,2314,0
5601,2306,0
5589,2294,0
5567,2284,0
5549,2283,0
5516,2288,0
5491,2305,0
5466,2328,0
5457,2355,0
5457,2381,0
5472,2404,0
5506,2419,0
5547,2424,0
5594,2421,0
5639,2420,0
5681,2417,0
5716,2409,1
5844,2326,0
5844,2322,0
5845,2323,0
5843,2325,0
5840,2332,0
5840,2352,0
5836,2378,0
5829,2412,0
5825,2450,0
5824,2487,0
5824,2515,0
5824,2531,0
5833,2543,0
5832,2543,0
5829,2541,0
5832,2537,0
5827,2517,0
5824,2488,0
5827,2456,0
5834,2413,0
5841,2369,0
5853,2333,0
5863,2309,0
5870,2295,0
5880,2292,0
5880,2292,0
5889,2301,0
5889,2321,0
5893,2350,0
5886,2375,0
5882,2405,0
5868,2424,0
5864,2432,0
5863,2437,0
5858,2435,0
5851,2431,0
5849,2428,0
5845,2417,0
5851,2404,0
5856,2384,0
5873,2367,1
5980,2251,0
5982,2259,0
5983,2277,0
5983,2306,0
5985,2341,0
5982,2376,0
5981,2409,0
5986,2434,0
5998,2450,0
6000,2453,0
6008,2455,0
6012,2447,0
6017,2435,1
6035,2386,0
6034,2386,0
6034,2388,0
6037,2391,0
6056,2389,0
6075,2384,0
6101,2375,0
6124,2364,0
6142,2351,0
6160,2342,0
6160,2328,0
6165,2320,0
6155,2311,0
6137,2302,0
6116,2301,0
6101,2306,0
6087,2317,0
6075,2334,0
6071,2356,0
6077,2381,0
6085,2400,0
6106,2415,0
6125,2422,0
6150,2423,0
6175,2417,0
6197,2406,0
6216,2391,0
6239,2369,0
6249,2345,0
6262,2326,0
6264,2311,0
6261,2305,0
6261,2305,0
6261,2307,0
6256,2317,0
6252,2340,0
6244,2368,0
6237,2393,0
6233,2412,0
6232,2425,0
6232,2434,0
6237,2436,0
6233,2434,0
6237,2426,0
6245,2406,0
6257,2379,0
6272,2352,0
6290,2330,0
6300,2318,0
6306,2314,0
6301,2314,0
6303,2318,0
6302,2332,0
6301,2355,0
6297,2376,0
6303,2402,0
6305,2419,0
6320,2434,0
6339,2439,0
6358,2436,0
6385,2425,0
6391,2400,0
6417,2380,0
6429,2350,0
6442,2316,0
6448,2281,0
6452,2251,0
6452,2228,0
6452,2215,0
6446,2210,0
6446,2210,0
6440,2215,0
6433,2231,0
6426,2259,0
6418,2291,0
6422,2326,0
6427,2355,0
6434,2380,0
6442,2401,0
6459,2415,0
6469,2422,0
6478,2421,0
6490,2413,0
6500,2399,1
6389,2322,0
6388,2323,0
6396,2326,0
6404,2326,0
6418,2322,0
6442,2316,0
6468,2306,0
6506,2297,0
6536,2285,0
6563,2274,0
6573,2269,0
6574,2267,0
6570,2265,0
6570,2265,0
6563,2270,0
6552,2290,0
6543,2312,0
6535,2333,0
6537,2349,0
6544,2363,0
6558,2374,0
6569,2378,0
6583,2375,0
6600,2364,0
6620,2347,0
6641,2326,0
6658,2304,0
6670,2284,0
6676,2268,0
6679,2261,0
6671,2257,0
6674,2260,0
6667,2268,0
6663,2289,0
6658,2314,0
6659,2344,0
6663,2379,0
6674,2417,0
6682,2460,0
6688,2498,0
6679,2541,0
6680,2578,0
6669,2605,0
6656,2623,0
6618,2630,0
6603,2635,0
6582,2624,0
6572,2605,0
6577,2574,0
6591,2534,0
6625,2495,0
6662,2457,0
6704,2428,1