bitterness that is hurled against us.
485
1432,2596,0
1411,2634,0
1396,2685,0
1389,2721,0
1390,2742,0
1398,2757,0
1411,2760,0
1430,2753,0
1450,2734,0
1468,2724,0
1471,2714,0
1467,2712,0
1457,2712,0
1440,2715,0
1427,2721,0
1421,2722,0
1423,2721,1
1570,2697,0
1562,2707,0
1560,2732,0
1563,2748,0
1565,2747,1
1627,2587,0
1619,2581,0
1619,2577,0
1622,2572,0
1626,2567,1
1741,2526,0
1732,2549,0
1725,2601,0
1720,2659,0
1714,2702,0
1705,2729,0
1698,2748,0
1691,2758,0
1684,2760,1
1665,2678,0
1667,2677,0
1679,2674,0
1699,2678,0
1723,2679,1
1857,2507,0
1849,2518,0
1840,2554,0
1831,2596,0
1825,2642,0
1821,2686,0
1816,2708,0
1809,2722,0
1802,2733,1
1780,2665,0
1788,2662,0
1812,2659,0
1839,2651,1
1874,2716,0
1881,2722,0
1898,2729,0
1919,2722,0
1938,2707,0
1956,2692,0
1964,2673,0
1968,2659,0
1963,2644,1
1940,2643,0
1927,2652,0
1918,2677,0
1913,2703,0
1917,2727,0
1929,2745,0
1941,2744,0
1959,2734,1
2037,2680,0
2025,2707,0
2020,2734,0
2020,2743,0
2020,2747,0
2022,2746,0
2026,2727,0
2034,2700,0
2048,2676,0
2067,2656,0
2086,2640,0
2101,2629,1
2158,2653,0
2147,2675,0
2147,2705,0
2146,2719,0
2145,2724,0
2146,2723,0
2149,2713,0
2159,2692,0
2174,2668,0
2195,2654,0
2210,2652,0
2216,2657,0
2220,2678,0
2220,2704,0
2218,2723,0
2219,2736,0
2225,2741,1
2286,2713,0
2288,2717,0
2307,2730,0
2322,2722,0
2338,2710,0
2358,2696,0
2371,2680,0
2374,2666,0
2377,2659,1
2349,2651,0
2330,2661,0
2316,2681,0
2310,2706,0
2312,2728,0
2320,2741,0
2337,2747,0
2359,2741,1
2480,2668,0
2453,2669,0
2440,2685,0
2432,2699,0
2429,2709,0
2438,2718,0
2448,2717,0
2463,2717,0
2470,2718,0
2470,2719,0
2461,2724,0
2445,2732,0
2429,2745,1
2560,2668,0
2541,2678,0
2521,2694,0
2501,2706,0
2492,2720,0
2490,2731,0
2493,2733,0
2505,2736,0
2519,2738,0
2526,2742,0
2529,2750,0
2522,2758,0
2509,2766,1
2934,2482,0
2932,2498,0
2931,2530,0
2927,2568,0
2926,2605,0
2919,2639,0
2919,2675,0
2912,2699,0
2909,2717,1
2852,2644,0
2856,2646,0
2871,2646,0
2893,2645,0
2918,2641,0
2943,2637,0
2970,2637,0
2994,2633,0
3006,2619,1
3057,2474,0
3039,2483,0
3033,2525,0
3031,2573,0
3024,2610,0
3025,2634,0
3026,2643,0
3033,2644,0
3048,2637,0
3061,2615,0
3073,2601,0
3078,2602,0
3077,2608,0
3077,2633,0
3074,2656,0
3070,2670,0
3073,2683,1
3220,2623,0
3221,2627,0
3212,2635,0
3194,2646,0
3177,2665,0
3166,2684,0
3160,2695,0
3163,2697,0
3174,2693,0
3186,2673,0
3198,2648,0
3209,2627,0
3211,2615,0
3216,2621,0
3215,2628,0
3203,2649,0
3202,2671,0
3203,2685,0
3211,2695,0
3216,2689,0
3230,2673,1
3369,2497,0
3361,2503,0
3358,2534,0
3358,2569,0
3359,2611,0
3355,2642,0
3356,2668,0
3354,2686,0
3354,2697,1
3334,2624,0
3328,2618,0
3344,2620,0
3366,2622,0
3390,2625,1
3555,2639,0
3551,2660,0
3551,2692,0
3551,2709,0
3553,2713,1
3612,2533,0
3609,2525,0
3611,2516,0
3617,2511,0
3619,2509,1
3644,2616,0
3625,2618,0
3617,2632,0
3609,2640,0
3605,2651,0
3605,2656,0
3609,2659,0
3619,2659,0
3632,2662,0
3643,2673,0
3650,2690,0
3646,2700,0
3640,2712,0
3628,2724,0
3613,2739,0
3597,2748,0
3586,2759,1
4005,2455,0
4000,2461,0
4003,2491,0
3999,2533,0
3998,2584,0
3993,2622,0
3981,2649,0
3974,2669,0
3969,2674,0
3970,2673,0
3974,2662,0
3980,2637,0
3992,2618,0
4012,2618,0
4021,2627,0
4026,2646,0
4025,2671,0
4030,2690,0
4031,2700,0
4039,2711,0
4039,2709,1
4106,2642,0
4099,2658,0
4092,2684,0
4093,2709,0
4101,2729,0
4109,2738,0
4122,2736,0
4142,2725,0
4157,2700,0
4179,2679,0
4197,2657,0
4205,2633,0
4212,2620,1
4223,2663,0
4217,2682,0
4221,2709,0
4214,2718,0
4215,2724,0
4216,2723,0
4218,2719,0
4225,2705,0
4232,2684,0
4249,2668,0
4264,2649,0
4280,2635,0
4287,2619,1
4358,2510,0
4345,2534,0
4338,2579,0
4324,2623,0
4316,2661,0
4311,2688,0
4304,2702,0
4307,2711,0
4309,2708,1
4343,2698,0
4345,2702,0
4354,2709,0
4364,2709,0
4382,2707,0
4398,2692,0
4418,2679,0
4434,2663,0
4440,2649,0
4444,2636,0
4440,2629,0
4423,2625,0
4400,2628,0
4377,2646,0
4358,2664,0
4350,2690,0
4340,2708,0
4339,2723,0
4350,2735,0
4366,2734,0
4389,2724,1
4454,2663,0
4430,2690,0
4415,2722,0
4406,2746,0
4406,2760,0
4413,2763,0
4420,2755,0
4435,2736,0
4450,2709,0
4466,2680,0
4483,2645,0
4498,2610,0
4513,2576,0
4517,2550,0
4512,2535,0
4512,2534,0
4495,2537,0
4473,2555,0
4452,2584,0
4440,2622,0
4434,2658,1
4711,2690,0
4704,2686,0
4690,2678,0
4683,2680,0
4671,2684,0
4652,2697,0
4642,2719,0
4635,2742,0
4631,2753,0
4645,2762,0
4657,2758,0
4666,2739,0
4687,2717,0
4705,2699,0
4716,2683,0
4710,2677,0
4712,2680,0
4698,2695,0
4695,2719,0
4696,2739,0
4696,2753,1
4798,2691,0
4785,2695,0
4764,2704,0
4748,2721,0
4736,2737,0
4735,2753,0
4745,2760,0
4758,2755,0
4784,2745,0
4804,2723,0
4825,2708,0
4838,2702,0
4841,2704,0
4838,2723,0
4817,2748,0
4799,2781,0
4767,2811,0
4736,2840,0
4716,2862,0
4694,2871,0
4687,2873,1
4919,2712,0
4890,2711,0
4875,2726,0
4854,2742,0
4853,2766,0
4845,2777,0
4854,2784,0
4863,2780,0
4882,2767,0
4907,2750,0
4927,2728,0
4937,2712,0
4932,2699,0
4927,2700,0
4922,2714,0
4909,2734,0
4909,2754,1
4993,2701,0
4991,2719,0
4987,2747,0
4979,2765,0
4979,2780,1
5034,2629,0
5028,2622,0
5030,2619,0
5037,2616,0
5035,2611,1
5048,2741,0
5047,2757,0
5048,2776,0
5044,2776,0
5048,2777,1
5088,2731,0
5089,2728,0
5095,2742,0
5086,2755,0
5081,2770,0
5079,2780,0
5078,2783,0
5084,2781,1
5192,2716,0
5187,2714,0
5172,2716,0
5159,2723,0
5144,2731,0
5138,2741,0
5138,2748,0
5142,2750,0
5149,2753,0
5151,2758,0
5153,2763,0
5143,2770,0
5136,2782,1
5271,2622,0
5262,2630,0
5253,2660,0
5250,2697,0
5231,2729,0
5224,2761,0
5219,2777,0
5214,2786,0
5204,2786,1
5214,2733,0
5218,2733,0
5233,2733,0
5251,2733,1
5491,2721,0
5494,2731,0
5496,2754,0
5498,2782,0
5500,2801,0
5508,2819,0
5518,2827,0
5526,2828,0
5535,2820,0
5546,2803,0
5564,2779,0
5573,2756,0
5583,2739,0
5588,2729,0
5587,2724,0
5591,2724,0
5598,2728,1
5711,2723,0
5702,2723,0
5687,2724,0
5675,2731,0
5656,2739,0
5644,2753,0
5636,2766,0
5634,2772,0
5641,2782,0
5645,2783,0
5655,2790,0
5657,2795,0
5649,2800,0
5644,2809,0
5638,2820,0
5626,2825,0
5622,2830,1
5822,2787,0
5820,2790,0
5820,2791,0
5820,2791,0
5817,2788,1