meek shall inherit the earth;
734
921,3220,0
917,3216,0
918,3224,0
918,3233,0
919,3249,0
921,3272,0
922,3305,0
924,3329,0
925,3357,0
927,3369,0
928,3373,0
928,3373,0
928,3366,0
928,3345,0
932,3313,0
941,3274,0
953,3242,0
987,3203,0
996,3220,0
1002,3243,0
1006,3279,0
1006,3315,0
1008,3344,0
1009,3363,0
1012,3372,0
1013,3372,0
1015,3372,0
1018,3356,0
1025,3320,0
1037,3293,0
1051,3272,0
1064,3257,0
1072,3252,0
1078,3253,0
1088,3269,0
1097,3285,0
1114,3308,0
1133,3325,0
1157,3340,0
1184,3347,0
1212,3346,0
1242,3337,0
1271,3319,0
1298,3301,0
1319,3275,0
1333,3250,0
1338,3230,0
1333,3222,0
1322,3215,0
1304,3209,0
1288,3214,0
1269,3215,0
1254,3228,0
1240,3240,0
1230,3261,0
1228,3285,0
1233,3313,0
1245,3340,0
1259,3360,0
1280,3378,0
1303,3389,0
1331,3395,0
1358,3385,0
1387,3374,0
1415,3351,0
1440,3320,0
1462,3286,0
1480,3255,0
1491,3225,0
1495,3200,0
1493,3188,0
1482,3177,0
1465,3176,0
1447,3187,0
1428,3204,0
1414,3235,0
1404,3267,0
1400,3300,0
1404,3332,0
1415,3355,0
1435,3377,0
1459,3386,0
1488,3391,0
1519,3382,0
1551,3362,0
1580,3333,0
1607,3297,0
1631,3256,0
1652,3211,0
1665,3160,0
1673,3105,0
1679,3059,0
1679,3010,0
1679,2977,0
1674,2946,0
1669,2931,0
1662,2919,0
1658,2917,0
1658,2925,0
1657,2941,0
1659,2974,0
1661,3014,0
1661,3059,0
1661,3103,0
1662,3153,0
1665,3201,0
1667,3245,0
1667,3282,0
1668,3314,0
1669,3342,0
1672,3358,0
1674,3366,0
1674,3366,0
1674,3362,0
1669,3339,0
1669,3318,0
1674,3296,0
1680,3267,0
1689,3245,0
1697,3227,0
1702,3218,0
1709,3221,0
1709,3221,0
1710,3233,0
1709,3253,0
1705,3270,0
1701,3288,0
1701,3300,0
1705,3319,0
1713,3325,0
1731,3334,0
1751,3330,0
1778,3320,0
1808,3305,1
2102,3226,0
2100,3227,0
2102,3226,0
2106,3217,0
2117,3204,0
2133,3190,0
2147,3177,0
2161,3168,0
2174,3163,0
2184,3164,0
2196,3172,0
2205,3182,0
2216,3203,0
2227,3229,0
2237,3259,0
2243,3286,0
2244,3312,0
2240,3334,0
2231,3350,0
2217,3361,0
2200,3366,0
2181,3360,0
2165,3353,0
2155,3347,0
2152,3349,0
2152,3349,0
2156,3348,0
2170,3351,0
2191,3352,0
2212,3344,0
2236,3332,0
2260,3310,0
2281,3281,0
2303,3246,0
2324,3208,0
2342,3162,0
2354,3109,0
2362,3057,0
2367,3015,0
2367,2980,0
2366,2958,0
2362,2943,0
2354,2929,0
2352,2930,0
2351,2935,0
2349,2953,0
2354,2990,0
2355,3034,0
2360,3088,0
2367,3146,0
2373,3200,0
2376,3247,0
2381,3293,0
2384,3331,0
2381,3349,0
2382,3356,0
2384,3356,0
2386,3355,0
2386,3334,0
2389,3307,0
2394,3286,0
2403,3275,0
2404,3261,0
2406,3260,0
2409,3263,0
2415,3274,0
2425,3291,0
2438,3308,0
2458,3325,0
2481,3337,0
2504,3339,0
2538,3342,0
2566,3328,0
2600,3317,0
2627,3295,0
2647,3271,0
2660,3251,0
2663,3240,0
2659,3234,0
2645,3228,0
2633,3234,0
2622,3243,0
2613,3257,0
2609,3276,0
2609,3299,0
2613,3319,0
2624,3337,0
2632,3341,0
2644,3344,0
2650,3337,0
2653,3322,0
2657,3306,0
2655,3286,0
2654,3269,0
2656,3262,0
2656,3258,0
2656,3258,0
2662,3269,0
2667,3284,0
2676,3301,0
2688,3317,0
2706,3331,0
2719,3333,0
2732,3326,0
2750,3313,0
2767,3285,0
2781,3246,0
2796,3206,0
2806,3159,0
2815,3115,0
2824,3078,0
2823,3042,0
2820,3014,0
2818,2993,0
2815,2980,0
2812,2977,0
2813,2982,0
2810,2998,0
2810,3030,0
2807,3070,0
2808,3120,0
2811,3174,0
2812,3223,0
2818,3275,0
2825,3317,0
2834,3349,0
2847,3370,0
2856,3373,0
2871,3369,0
2887,3346,0
2905,3313,0
2921,3267,0
2937,3210,0
2952,3154,0
2955,3095,0
2958,3050,0
2956,3014,0
2950,2989,0
2941,2975,0
2935,2975,0
2931,2987,0
2926,3015,0
2931,3059,0
2931,3106,0
2931,3158,0
2938,3205,0
2953,3252,0
2967,3286,0
2984,3313,0
3007,3332,0
3031,3341,0
3066,3342,0
3096,3328,1
3382,3277,0
3382,3277,0
3385,3275,0
3395,3268,0
3411,3250,0
3430,3232,0
3447,3214,0
3462,3202,0
3468,3191,0
3465,3189,0
3462,3191,0
3454,3202,0
3443,3221,0
3437,3246,0
3435,3268,0
3441,3293,0
3455,3313,0
3468,3322,0
3491,3331,0
3511,3330,0
3530,3321,0
3550,3305,0
3568,3286,0
3581,3260,0
3592,3230,0
3602,3207,0
3607,3192,0
3608,3191,0
3607,3192,0
3605,3198,0
3610,3226,0
3610,3251,0
3615,3284,0
3617,3308,0
3617,3328,0
3619,3337,0
3618,3338,0
3617,3334,0
3617,3323,0
3621,3293,0
3631,3266,0
3638,3244,0
3649,3229,0
3653,3216,0
3659,3216,0
3664,3223,0
3674,3245,0
3682,3269,0
3694,3296,0
3704,3314,0
3719,3327,0
3739,3337,0
3755,3334,0
3776,3322,0
3796,3298,0
3813,3263,0
3831,3226,0
3843,3187,0
3851,3147,0
3853,3107,0
3859,3069,0
3858,3030,0
3853,2996,0
3850,2972,0
3846,2959,0
3840,2953,0
3834,2954,0
3830,2969,0
3826,2994,0
3829,3031,0
3829,3074,0
3834,3124,0
3831,3170,0
3836,3221,0
3841,3265,0
3841,3302,0
3843,3332,0
3842,3354,0
3843,3365,0
3842,3364,0
3845,3363,0
3848,3344,0
3853,3318,0
3860,3296,0
3869,3278,0
3872,3263,0
3875,3257,0
3878,3259,0
3885,3267,0
3893,3282,0
3911,3298,0
3930,3309,0
3952,3315,0
3974,3317,0
3998,3311,0
4023,3299,0
4044,3284,0
4060,3264,0
4068,3244,0
4068,3222,0
4065,3209,0
4051,3199,0
4035,3198,0
4018,3204,0
4002,3214,0
3993,3233,0
3993,3256,0
3995,3280,0
4006,3309,0
4022,3333,0
4041,3353,0
4064,3364,0
4085,3367,0
4106,3363,0
4126,3350,0
4143,3327,0
4157,3303,0
4169,3281,0
4175,3257,0
4184,3248,0
4185,3242,0
4185,3242,0
4184,3243,0
4186,3252,0
4190,3271,0
4195,3288,0
4196,3304,0
4203,3320,0
4205,3324,0
4208,3327,0
4209,3325,0
4208,3320,0
4210,3302,0
4213,3281,0
4215,3263,0
4222,3249,0
4234,3242,0
4239,3237,0
4253,3240,0
4261,3244,0
4266,3250,0
4278,3261,0
4284,3266,0
4295,3272,0
4299,3274,0
4309,3280,0
4312,3283,0
4318,3288,0
4321,3291,0
4329,3294,0
4334,3289,0
4344,3284,0
4354,3268,1
4275,3023,0
4276,3022,0
4279,3025,0
4279,3030,0
4280,3047,0
4278,3068,0
4283,3092,0
4289,3115,0
4297,3135,1
4343,3292,0
4348,3298,0
4355,3297,0
4369,3293,0
4389,3278,0
4411,3247,0
4430,3209,0
4451,3168,0
4465,3116,0
4484,3063,0
4495,3014,0
4502,2980,0
4505,2963,0
4502,2960,0
4502,2967,0
4497,2992,0
4495,3037,0
4495,3093,0
4490,3147,0
4485,3196,0
4486,3243,0
4485,3280,0
4487,3308,0
4492,3325,0
4492,3331,1
4430,3274,0
4434,3276,0
4438,3271,0
4456,3270,0
4476,3266,1
3490,2992,0
3489,2994,0
3486,2996,0
3477,3013,0
3462,3037,1
4822,3245,0
4816,3253,0
4816,3259,0
4816,3259,0
4827,3259,0
4842,3246,0
4859,3218,0
4881,3185,0
4903,3150,0
4923,3112,0
4940,3069,0
4958,3032,0
4967,3000,0
4975,2982,0
4973,2970,0
4971,2973,0
4967,2979,0
4963,3005,0
4963,3045,0
4960,3096,0
4960,3156,0
4956,3213,0
4956,3264,0
4960,3311,0
4954,3342,0
4959,3368,0
4956,3379,0
4959,3381,0
4965,3367,1
4932,3263,0
4930,3271,0
4933,3280,0
4944,3291,0
4955,3291,0
4975,3285,0
4992,3258,0
5016,3226,0
5036,3188,0
5052,3146,0
5064,3096,0
5079,3049,0
5086,3011,0
5086,2984,0
5086,2977,0
5084,2979,0
5081,2985,0
5076,3011,0
5074,3049,0
5074,3103,0
5074,3163,0
5075,3223,0
5074,3276,0
5076,3320,0
5075,3353,0
5076,3370,0
5082,3375,0
5080,3372,0
5085,3358,0
5091,3333,0
5096,3319,0
5101,3313,0
5105,3314,0
5110,3315,0
5120,3327,0
5126,3339,0
5143,3350,0
5163,3356,0
5187,3358,0
5208,3351,0
5236,3341,0
5257,3326,0
5277,3307,0
5288,3291,0
5291,3274,0
5286,3260,0
5276,3254,0
5256,3247,0
5235,3250,0
5228,3259,0
5218,3272,0
5216,3288,0
5224,3310,0
5241,3334,0
5262,3353,0
5290,3368,0
5330,3376,1
5663,3304,0
5668,3303,0
5683,3302,0
5700,3291,0
5718,3278,0
5736,3266,0
5747,3250,0
5754,3232,0
5752,3220,0
5747,3206,0
5728,3197,0
5711,3195,0
5689,3199,0
5668,3209,0
5652,3227,0
5637,3249,0
5632,3278,0
5636,3308,0
5642,3333,0
5660,3356,0
5680,3370,0
5710,3382,0
5739,3383,0
5774,3373,0
5811,3355,0
5849,3328,0
5882,3298,0
5912,3268,0
5935,3238,0
5952,3219,0
5958,3202,0
5958,3195,0
5950,3192,0
5933,3196,0
5914,3212,0
5897,3233,0
5886,3263,0
5878,3291,0
5879,3318,0
5881,3337,0
5892,3349,0
5906,3350,0
5921,3343,0
5935,3329,0
5947,3303,0
5955,3274,0
5962,3248,0
5964,3223,0
5964,3207,0
5967,3204,0
5965,3205,0
5966,3213,0
5969,3238,0
5976,3265,0
5988,3296,0
6005,3322,0
6020,3337,0
6042,3346,0
6066,3346,0
6087,3335,0
6109,3315,0
6128,3292,0
6143,3267,0
6155,3249,0
6157,3243,0
6157,3245,0
6157,3252,0
6162,3269,0
6167,3290,0
6174,3310,0
6180,3322,0
6186,3327,0
6191,3327,0
6191,3320,0
6193,3301,0
6188,3271,0
6191,3250,0
6189,3238,0
6191,3235,0
6192,3234,0
6204,3236,0
6218,3238,0
6235,3232,0
6256,3219,0
6282,3199,0
6302,3174,0
6321,3147,0
6338,3118,0
6344,3082,0
6350,3047,0
6356,3026,0
6360,3019,0
6361,3018,0
6362,3025,0
6363,3048,0
6366,3084,0
6361,3134,0
6363,3188,0
6358,3243,0
6355,3287,0
6360,3326,0
6360,3350,0
6360,3364,0
6360,3366,0
6368,3361,1
6317,3258,0
6326,3267,0
6339,3275,0
6355,3279,0
6378,3273,0
6397,3257,0
6418,3229,0
6440,3197,0
6454,3156,0
6469,3112,0
6476,3074,0
6476,3047,0
6473,3038,0
6465,3035,0
6458,3039,0
6452,3061,0
6445,3097,0
6441,3146,0
6442,3209,0
6438,3265,0
6439,3304,0
6441,3332,0
6447,3346,0
6454,3348,0
6462,3334,0
6480,3305,0
6500,3268,0
6519,3243,0
6541,3230,0
6557,3226,0
6568,3230,0
6579,3245,0
6582,3271,0
6580,3307,0
6577,3335,0
6573,3359,0
6575,3371,0
6574,3381,0
6572,3385,0
6579,3372,0
6584,3355,1
6710,3337,0
6708,3340,0
6707,3351,0
6705,3372,0
6693,3401,0
6680,3438,0
6664,3472,0
6652,3501,0
6637,3519,1
6710,3229,0
6712,3226,0
6714,3223,0
6710,3221,0
6703,3218,0
6702,3221,0
6697,3220,0
6693,3218,0
6694,3217,1