burdens of Egypt. (2). I will rid you of their
932
570,3825,0
570,3829,0
573,3842,0
575,3850,0
577,3859,0
579,3880,0
585,3904,0
593,3925,0
603,3950,0
611,3972,0
616,3993,0
621,4009,0
625,4026,0
631,4043,0
633,4055,0
632,4055,0
631,4058,0
629,4055,0
627,4046,0
628,4034,0
629,4015,0
633,3998,0
638,3983,0
646,3968,0
656,3957,0
668,3942,0
680,3939,0
693,3937,0
707,3942,0
718,3952,0
725,3960,0
730,3981,0
731,3993,0
726,4012,0
716,4024,0
703,4034,0
687,4041,0
672,4043,0
661,4046,0
653,4041,0
649,4036,1
753,3935,0
755,3935,0
756,3935,0
757,3938,0
759,3947,0
761,3959,0
765,3972,0
770,3984,0
776,3996,0
784,4013,0
790,4018,0
799,4026,0
809,4032,0
819,4036,0
827,4029,0
835,4021,0
843,4009,0
849,3998,0
857,3982,0
862,3966,0
868,3954,0
872,3943,0
873,3935,0
875,3931,0
875,3931,0
877,3935,0
878,3951,0
880,3967,0
885,3987,0
890,4008,0
897,4029,0
900,4041,0
902,4048,1
929,3954,0
934,3966,0
939,3982,0
943,3998,0
945,4006,0
945,4010,0
945,4010,0
945,4007,0
948,3998,0
952,3991,0
956,3975,0
962,3959,0
970,3947,0
979,3935,0
991,3931,0
1003,3924,0
1014,3924,1
1072,3952,0
1070,3964,0
1067,3977,0
1070,3993,0
1076,4004,0
1085,4021,0
1095,4029,0
1104,4032,0
1112,4032,0
1119,4020,0
1128,4012,0
1136,3996,0
1143,3976,0
1148,3956,0
1150,3936,0
1153,3911,0
1153,3888,0
1153,3872,0
1150,3851,0
1148,3839,0
1148,3831,0
1147,3828,0
1147,3828,0
1148,3836,0
1147,3843,0
1149,3860,0
1155,3884,0
1165,3908,0
1175,3931,0
1185,3955,0
1195,3975,0
1205,3991,0
1216,4010,1
1291,3966,0
1300,3958,0
1307,3954,0
1311,3950,0
1312,3937,0
1313,3933,0
1310,3925,0
1303,3913,0
1295,3906,0
1288,3906,0
1281,3907,0
1274,3911,0
1266,3920,0
1257,3928,0
1250,3937,0
1248,3949,0
1251,3969,0
1257,3984,0
1263,3992,0
1272,4004,0
1282,4011,0
1292,4007,0
1306,4010,0
1319,4005,0
1332,4000,0
1345,3992,0
1356,3978,0
1365,3966,0
1373,3950,0
1380,3933,0
1387,3920,0
1393,3916,0
1394,3908,0
1396,3911,0
1395,3908,0
1395,3915,0
1397,3927,0
1401,3943,0
1403,3955,0
1406,3966,0
1409,3974,0
1412,3978,0
1414,3982,0
1417,3978,0
1421,3969,0
1428,3961,0
1436,3947,0
1445,3935,0
1455,3925,0
1464,3917,0
1475,3916,0
1486,3915,0
1494,3918,0
1500,3921,0
1508,3933,0
1513,3948,0
1518,3959,0
1524,3974,0
1529,3986,0
1532,3993,0
1535,3997,1
1609,3919,0
1612,3927,0
1623,3942,0
1633,3952,0
1648,3962,0
1662,3976,0
1677,3991,0
1689,4000,0
1694,4012,0
1694,4016,0
1686,4017,0
1672,4015,0
1657,4014,0
1642,4007,0
1630,4001,0
1621,3995,0
1612,3983,1
1883,3960,0
1881,3965,0
1880,3973,0
1884,3985,0
1890,3991,0
1903,4005,0
1915,4011,0
1929,4016,0
1944,4021,0
1953,4015,0
1962,4008,0
1968,3999,0
1970,3986,0
1971,3982,0
1962,3967,0
1944,3951,0
1929,3942,1
2020,3867,0
2029,3897,0
2034,3925,0
2038,3953,0
2044,3984,0
2051,4012,0
2059,4039,0
2060,4055,0
2061,4070,0
2058,4076,0
2058,4084,0
2055,4085,0
2055,4085,0
2051,4074,0
2048,4066,0
2043,4051,0
2039,4036,0
2034,4015,0
2031,3996,0
2030,3976,0
2033,3959,0
2034,3942,0
2038,3924,0
2042,3907,0
2051,3900,1
2308,3892,0
2309,3899,0
2308,3917,0
2306,3930,0
2306,3942,0
2313,3962,0
2320,3980,0
2318,3980,0
2323,3991,0
2330,4006,0
2339,4016,0
2354,4028,0
2371,4039,0
2390,4046,0
2406,4048,0
2423,4051,0
2439,4049,0
2456,4047,0
2471,4042,0
2484,4042,0
2488,4028,1
2357,3934,0
2335,3933,0
2318,3938,0
2302,3940,0
2287,3940,1
2429,3862,0
2420,3861,0
2398,3856,0
2373,3852,0
2349,3848,1
2537,3988,0
2540,3995,0
2545,4006,0
2552,4012,0
2556,4015,0
2562,4017,0
2567,4020,0
2573,4017,0
2577,4011,0
2583,4004,0
2589,3998,0
2593,3992,0
2594,3983,0
2596,3969,0
2603,3971,0
2601,3959,0
2606,3966,0
2605,3961,0
2603,3962,0
2602,3966,0
2604,3978,0
2606,3991,0
2612,4010,0
2618,4034,0
2622,4058,0
2630,4089,0
2637,4117,0
2641,4141,0
2643,4162,0
2642,4179,0
2639,4188,0
2629,4188,0
2618,4188,0
2612,4186,0
2605,4180,0
2598,4170,0
2589,4156,0
2582,4138,0
2577,4132,0
2571,4112,0
2572,4103,1
2676,4001,0
2681,4003,0
2685,4002,0
2688,3996,0
2693,3994,0
2698,3988,0
2702,3982,0
2706,3976,0
2710,3970,0
2712,3964,0
2715,3964,0
2718,3962,0
2719,3961,0
2719,3962,0
2719,3962,0
2721,3969,0
2725,3981,0
2729,3996,0
2733,4016,0
2742,4043,0
2748,4067,0
2752,4091,0
2758,4114,0
2765,4142,0
2768,4162,0
2765,4172,0
2765,4185,0
2758,4184,0
2753,4186,0
2749,4183,0
2745,4176,0
2739,4166,0
2736,4150,1
2857,4154,0
2866,4176,0
2865,4181,0
2866,4186,0
2866,4186,0
2864,4177,0
2857,4158,0
2849,4135,0
2842,4108,0
2838,4084,0
2839,4062,0
2838,4036,0
2837,4010,0
2841,3991,0
2845,3971,0
2854,3958,0
2866,3952,0
2875,3948,0
2883,3948,0
2888,3950,0
2897,3964,0
2903,3983,0
2908,4003,0
2906,4017,0
2896,4026,0
2887,4035,0
2878,4044,0
2871,4051,0
2861,4047,0
2852,4042,0
2840,4030,0
2832,4017,0
2832,4007,1
2926,3967,0
2928,3984,0
2931,4005,0
2935,4021,0
2938,4033,0
2941,4040,0
2943,4044,0
2944,4043,0
2944,4039,0
2945,4034,0
2945,4025,0
2941,4013,0
2934,3995,0
2929,3980,0
2929,3966,0
2924,3946,0
2926,3937,0
2925,3923,0
2927,3914,0
2931,3907,0
2940,3903,0
2948,3899,0
2958,3894,0
2968,3893,0
2976,3894,1
3222,3837,0
3214,3841,0
3208,3854,0
3203,3866,0
3202,3881,0
3202,3900,0
3200,3918,0
3197,3934,0
3200,3955,0
3205,3976,0
3211,3999,0
3214,4016,0
3224,4039,0
3232,4056,0
3238,4071,0
3242,4079,0
3250,4092,0
3262,4104,0
3267,4110,0
3271,4113,0
3273,4111,1
3298,3852,0
3307,3851,0
3315,3852,0
3321,3853,0
3327,3854,0
3336,3862,0
3340,3869,0
3344,3880,0
3347,3893,0
3347,3907,0
3342,3919,0
3339,3935,0
3333,3948,0
3329,3965,0
3323,3976,0
3317,3986,0
3315,4000,0
3308,4009,0
3300,4017,0
3298,4028,0
3293,4032,0
3293,4036,0
3293,4040,0
3293,4040,0
3293,4040,0
3298,4038,0
3310,4041,0
3321,4038,0
3336,4039,0
3351,4039,0
3361,4039,0
3371,4037,0
3384,4039,1
3433,3854,0
3443,3870,0
3456,3896,0
3467,3917,0
3475,3940,0
3483,3964,0
3486,3986,0
3490,4012,0
3489,4032,0
3491,4053,0
3491,4072,0
3486,4085,0
3484,4100,1
3552,4033,0
3551,4034,0
3551,4034,0
3551,4034,0
3554,4036,0
3556,4036,0
3554,4033,0
3554,4032,0
3559,4034,1
3638,3783,0
3641,3791,0
3650,3803,0
3655,3815,0
3659,3827,0
3665,3843,0
3667,3860,0
3675,3884,0
3679,3906,0
3682,3923,0
3689,3942,0
3694,3959,0
3701,3974,0
3706,3990,0
3709,3996,0
3712,4005,0
3712,4005,1
3812,3944,0
3814,3957,0
3819,3974,0
3823,3986,0
3822,3991,0
3823,3995,0
3826,3998,0
3826,3998,0
3829,3995,0
3834,3991,0
3837,3980,0
3841,3968,0
3843,3955,0
3850,3946,0
3855,3937,0
3856,3927,0
3860,3923,0
3864,3921,0
3865,3919,0
3868,3922,0
3872,3930,0
3878,3940,0
3881,3953,0
3890,3971,0
3895,3983,0
3901,3993,0
3911,4005,0
3917,4010,0
3924,4016,0
3930,4016,0
3935,4012,0
3941,4007,0
3944,3996,0
3945,3979,0
3950,3966,0
3959,3950,0
3960,3933,0
3970,3921,0
3978,3909,0
3986,3899,0
3998,3894,0
3998,3884,0
4007,3887,0
4008,3887,0
4013,3897,0
4017,3909,0
4017,3924,0
4024,3945,0
4026,3958,0
4024,3969,0
4028,3983,0
4027,3988,0
4032,3989,1
3991,3782,0
3995,3783,0
3998,3787,0
3998,3792,0
4004,3798,1
4070,3832,0
4073,3854,0
4077,3877,0
4086,3906,0
4093,3936,0
4097,3959,0
4101,3981,0
4104,3998,0
4107,4007,0
4109,4011,0
4108,4006,0
4110,3994,0
4113,3981,1
4117,3782,0
4118,3786,0
4118,3796,0
4123,3808,0
4117,3819,0
4125,3843,0
4123,3871,0
4132,3904,0
4133,3930,0
4135,3953,0
4143,3973,0
4138,3987,0
4146,3996,1
4300,3894,0
4304,3906,0
4312,3921,0
4311,3931,0
4313,3941,0
4307,3945,0
4308,3950,0
4308,3950,0
4312,3947,0
4311,3943,0
4307,3930,0
4306,3916,0
4304,3896,0
4307,3883,0
4319,3872,0
4329,3858,0
4343,3851,0
4355,3841,0
4369,3833,0
4384,3830,0
4397,3830,0
4415,3840,0
4429,3849,0
4436,3859,0
4441,3871,0
4443,3884,0
4447,3904,0
4451,3925,0
4451,3942,0
4452,3957,0
4454,3967,0
4454,3973,0
4453,3978,0
4454,3976,0
4453,3972,0
4456,3964,0
4453,3947,1
4420,3782,0
4424,3783,0
4427,3786,0
4425,3788,0
4427,3792,1
4516,3872,0
4511,3883,0
4509,3900,0
4511,3921,0
4515,3938,0
4520,3956,0
4531,3967,0
4538,3972,0
4549,3972,0
4557,3966,0
4564,3953,0
4574,3938,0
4579,3918,0
4574,3895,0
4583,3870,0
4579,3846,0
4578,3824,0
4583,3810,0
4582,3788,0
4577,3776,0
4579,3769,0
4578,3764,0
4582,3760,0
4574,3762,0
4580,3767,0
4572,3781,0
4582,3799,0
4577,3820,0
4590,3852,0
4599,3883,0
4612,3919,0
4623,3948,0
4628,3971,0
4634,3992,0
4639,4004,0
4640,4003,0
4637,4000,1
4773,3915,0
4777,3928,0
4779,3942,0
4783,3954,0
4784,3959,0
4785,3958,0
4789,3960,0
4792,3962,0
4798,3962,0
4809,3963,0
4814,3953,0
4822,3940,0
4828,3922,0
4833,3906,0
4844,3895,0
4852,3882,0
4860,3877,0
4866,3872,0
4866,3871,0
4867,3870,0
4869,3875,0
4869,3886,0
4865,3913,0
4881,3949,0
4898,3983,0
4900,4020,0
4905,4058,0
4908,4095,0
4907,4130,0
4904,4150,0
4893,4159,0
4880,4162,0
4864,4149,0
4850,4135,0
4842,4121,0
4833,4102,0
4831,4080,1
4931,3942,0
4932,3959,0
4941,3978,0
4942,3989,0
4958,4007,0
4969,4013,0
4980,4013,0
4980,4000,0
4987,3993,0
4988,3981,0
4992,3971,0
4990,3957,0
4984,3940,0
4980,3927,0
4977,3913,0
4976,3909,0
4975,3904,0
4977,3901,0
4984,3899,0
4990,3899,0
4994,3894,0
5008,3898,0
5016,3895,0
5026,3896,0
5029,3892,0
5038,3895,0
5038,3895,0
5038,3901,0
5036,3915,0
5041,3927,0
5040,3939,0
5050,3958,0
5051,3974,0
5055,3983,0
5063,3991,0
5070,3995,0
5074,3991,0
5084,3986,0
5090,3974,0
5096,3962,0
5106,3951,0
5112,3933,0
5120,3919,0
5129,3909,0
5135,3896,0
5142,3895,0
5144,3894,0
5149,3900,0
5150,3910,0
5157,3931,0
5173,3957,0
5183,3986,0
5189,4010,1
5344,3897,0
5339,3909,0
5338,3923,0
5338,3934,0
5340,3943,0
5348,3959,0
5361,3975,0
5374,3990,0
5386,4000,0
5397,4006,0
5409,4010,0
5421,4009,0
5426,4003,0
5438,3997,0
5446,3988,0
5448,3972,0
5448,3954,0
5445,3933,0
5446,3919,0
5444,3904,0
5444,3897,0
5438,3892,0
5438,3892,0
5434,3890,0
5425,3889,1
5553,3766,0
5547,3748,0
5538,3727,0
5528,3715,0
5516,3704,0
5513,3707,0
5502,3708,0
5499,3720,0
5489,3736,0
5487,3760,0
5489,3794,0
5498,3839,0
5503,3884,0
5515,3931,0
5518,3977,0
5536,4017,0
5541,4049,0
5546,4073,0
5546,4085,0
5547,4090,0
5543,4088,0
5541,4085,0
5535,4068,0
5533,4051,0
5528,4027,0
5524,4001,0
5528,3972,0
5525,3945,0
5528,3923,0
5538,3904,0
5550,3890,0
5559,3878,0
5564,3867,1
5718,3822,0
5725,3839,0
5732,3857,0
5744,3886,0
5754,3911,0
5759,3937,0
5767,3966,0
5775,3988,0
5779,4007,0
5786,4024,0
5791,4039,0
5793,4048,0
5795,4051,0
5796,4050,0
5798,4048,0
5800,4046,0
5801,4044,1
5749,3874,0
5742,3877,0
5733,3880,0
5727,3882,0
5718,3881,1
5824,3828,0
5830,3848,0
5836,3872,0
5845,3901,0
5853,3928,0
5856,3951,0
5862,3976,0
5865,3996,0
5874,4017,0
5879,4031,0
5877,4034,0
5875,4036,0
5879,4038,0
5879,4031,0
5887,4022,0
5889,4005,0
5893,3988,0
5901,3971,0
5906,3952,0
5913,3936,0
5923,3923,0
5927,3912,0
5935,3908,0
5937,3905,0
5945,3909,0
5955,3923,0
5955,3935,0
5960,3954,0
5969,3975,0
5974,3995,0
5988,4016,0
5994,4027,0
6006,4038,0
6024,4048,0
6037,4051,0
6050,4046,0
6063,4036,0
6075,4021,0
6081,4000,0
6087,3980,0
6089,3957,0
6086,3934,0
6084,3916,0
6080,3901,0
6076,3894,0
6071,3894,0
6064,3896,0
6060,3909,0
6056,3927,0
6058,3945,0
6063,3971,0
6071,3995,0
6081,4020,0
6097,4032,0
6110,4041,0
6124,4043,0
6141,4041,0
6153,4032,0
6167,4020,0
6178,3999,0
6187,3980,0
6196,3961,0
6198,3945,0
6205,3935,0
6205,3928,0
6206,3927,0
6206,3928,0
6209,3937,0
6211,3947,0
6215,3969,0
6218,3985,0
6222,3999,0
6224,4011,0
6229,4017,0
6230,4015,0
6230,4002,0
6227,3980,1
6160,3855,0
6162,3851,0
6164,3849,0
6160,3848,0
6160,3847,1
6297,3959,0
6311,3974,0
6317,3986,0
6322,3999,0
6322,4006,0
6318,4010,0
6317,4012,0
6313,4011,0
6314,4003,0
6317,3992,0
6317,3979,0
6319,3963,0
6325,3947,0
6336,3931,0
6357,3916,0
6378,3908,0
6397,3901,1