Union.
181
1055,5064,0
1054,5069,0
1054,5068,0
1053,5069,0
1054,5072,0
1050,5084,0
1048,5096,0
1044,5120,0
1037,5152,0
1035,5192,0
1031,5236,0
1029,5288,0
1031,5339,0
1036,5388,0
1047,5433,0
1060,5465,0
1077,5489,0
1095,5500,0
1115,5500,0
1132,5480,0
1157,5455,0
1182,5419,0
1200,5371,0
1215,5318,0
1229,5266,0
1238,5210,0
1244,5162,0
1246,5113,0
1247,5074,0
1243,5050,0
1237,5033,0
1233,5030,0
1233,5034,0
1234,5042,0
1234,5066,0
1240,5101,0
1244,5138,0
1249,5182,0
1255,5230,0
1261,5277,0
1266,5325,0
1271,5373,0
1274,5417,0
1278,5448,0
1279,5476,0
1281,5492,0
1281,5501,0
1282,5500,0
1283,5496,0
1278,5492,0
1282,5484,0
1283,5469,0
1287,5453,1
1360,5445,0
1358,5449,0
1354,5445,0
1351,5445,0
1344,5438,0
1341,5438,0
1339,5426,0
1341,5414,0
1340,5381,0
1351,5361,0
1358,5325,0
1368,5296,0
1382,5272,0
1392,5247,0
1405,5238,0
1410,5238,0
1416,5245,0
1421,5265,0
1427,5289,0
1435,5316,0
1445,5347,0
1452,5383,0
1459,5414,0
1466,5446,0
1471,5470,0
1476,5482,0
1481,5489,0
1481,5489,0
1481,5485,0
1479,5485,0
1479,5482,0
1478,5477,0
1479,5465,1
1529,5268,0
1532,5269,0
1531,5264,0
1531,5268,0
1531,5272,0
1531,5272,0
1532,5280,0
1534,5296,0
1534,5320,0
1534,5344,0
1536,5372,0
1537,5400,0
1541,5428,0
1544,5452,0
1549,5467,0
1552,5475,0
1556,5479,0
1556,5479,0
1556,5479,0
1554,5471,0
1552,5455,1
1508,5033,0
1505,5030,0
1504,5026,0
1504,5026,0
1505,5026,0
1503,5026,0
1503,5030,0
1507,5038,0
1513,5041,1
1790,5259,0
1775,5253,0
1765,5246,0
1750,5236,0
1734,5234,0
1717,5236,0
1699,5238,0
1677,5249,0
1657,5263,0
1638,5286,0
1626,5308,0
1619,5336,0
1617,5364,0
1624,5391,0
1635,5415,0
1652,5434,0
1674,5455,0
1696,5465,0
1721,5470,0
1742,5467,0
1766,5456,0
1786,5437,0
1804,5414,0
1818,5388,0
1824,5359,0
1828,5330,0
1823,5298,0
1814,5272,0
1804,5253,0
1789,5231,0
1777,5224,0
1762,5218,0
1750,5220,0
1746,5221,0
1749,5228,1
1876,5202,0
1885,5245,0
1888,5289,0
1896,5360,0
1902,5396,0
1906,5428,0
1909,5451,0
1909,5464,0
1913,5443,0
1916,5414,0
1920,5381,0
2036,5170,0
2053,5203,0
2070,5249,0
2085,5291,0
2104,5340,0
2119,5390,0
2125,5430,0
2134,5468,0
2175,5468,0
2183,5426,1
2235,5476,0
2236,5476,0
2234,5472,0
2233,5472,0
2231,5468,0
2231,5465,0
2234,5465,0
2238,5463,0
2241,5467,1