of cross-currents in those waters.
818
696,3028,0
699,3019,0
700,3019,0
698,3011,0
693,3002,0
685,2994,0
675,2988,0
663,2982,0
651,2984,0
634,2998,0
614,3019,0
598,3049,0
588,3079,0
585,3116,0
593,3137,0
613,3144,0
642,3145,0
676,3121,0
709,3098,0
733,3072,0
746,3049,0
748,3033,0
742,3013,0
730,2999,0
716,2985,0
703,2980,0
696,2982,0
695,2983,0
702,2984,1
902,2823,0
899,2819,0
895,2818,0
890,2818,0
883,2821,0
875,2829,0
798,3018,0
803,3056,0
812,3097,0
822,3134,0
834,3163,0
844,3183,0
853,3200,0
856,3204,0
857,3204,0
854,3196,1
752,2973,0
744,2968,0
741,2972,0
743,2972,0
751,2974,0
772,2976,0
800,2975,0
835,2966,0
873,2958,0
908,2955,0
937,2949,0
954,2946,0
962,2951,1
1230,2933,0
1229,2929,0
1228,2925,0
1225,2921,0
1221,2921,0
1211,2922,0
1196,2926,0
1182,2935,0
1168,2951,0
1155,2967,0
1146,2996,0
1142,3016,0
1147,3036,0
1161,3047,0
1180,3051,0
1202,3050,0
1223,3037,0
1241,3024,0
1255,3011,0
1266,2991,0
1286,2953,0
1290,2933,0
1292,2921,0
1292,2921,0
1291,2920,0
1290,2921,0
1288,2933,0
1265,3051,0
1265,3047,0
1264,3039,0
1297,2968,0
1313,2935,0
1328,2913,0
1336,2905,0
1339,2905,0
1339,2905,0
1339,2917,0
1334,2937,0
1409,3022,0
1439,3014,0
1466,2999,0
1491,2979,0
1510,2955,0
1521,2934,0
1518,2910,0
1506,2892,0
1486,2887,0
1453,2883,0
1419,2891,0
1387,2903,0
1365,2922,0
1383,2948,1
1602,2924,0
1605,2919,0
1607,2910,0
1608,2910,0
1607,2902,0
1604,2895,0
1597,2892,0
1585,2890,0
1569,2897,0
1548,2905,0
1531,2924,0
1515,2938,0
1512,2955,0
1518,2970,0
1533,2984,0
1553,2993,0
1579,3001,0
1607,3012,0
1629,3021,0
1644,3030,0
1646,3033,0
1641,3042,0
1628,3053,0
1604,3057,0
1582,3069,0
1557,3070,0
1541,3064,0
1540,3064,0
1544,3055,1
1737,2911,0
1731,2905,0
1726,2901,0
1722,2902,0
1719,2902,0
1714,2905,0
1707,2906,0
1701,2911,0
1690,2917,0
1685,2931,0
1685,2948,0
1690,2958,0
1703,2972,0
1724,2984,0
1749,2994,0
1770,3001,0
1790,3013,0
1800,3020,0
1802,3027,0
1797,3032,0
1786,3043,0
1763,3053,0
1736,3064,0
1708,3074,0
1684,3083,0
1669,3086,0
1663,3087,0
1663,3083,0
1669,3074,1
1867,2955,0
1863,2956,0
1860,2958,0
1859,2962,0
1855,2959,0
1855,2959,0
1867,2955,0
1888,2950,0
1912,2943,0
1932,2941,0
1939,2934,0
1940,2938,0
1940,2938,0
1938,2939,0
1937,2938,0
1939,2943,1
2164,2897,0
2164,2897,0
2162,2894,0
2159,2895,0
2157,2895,0
2154,2897,0
2145,2896,0
2140,2898,0
2134,2913,0
2117,2920,0
2096,2940,0
2082,2967,0
2079,2998,0
2084,3021,0
2099,3041,0
2123,3050,0
2148,3049,0
2178,3042,0
2203,3032,0
2221,3025,0
2229,3018,1
2270,2892,0
2268,2893,0
2266,2894,0
2267,2902,0
2265,2920,0
2261,2944,0
2254,2964,0
2253,2987,0
2257,3011,0
2263,3025,0
2273,3038,0
2287,3045,0
2297,3042,0
2311,3040,0
2326,3030,0
2337,3007,0
2352,2982,0
2366,2958,0
2376,2936,0
2379,2917,0
2382,2907,0
2382,2902,0
2382,2902,0
2382,2902,0
2381,2907,0
2379,2926,0
2369,2948,0
2364,2977,0
2358,3001,0
2361,3023,0
2370,3040,0
2380,3045,0
2397,3046,0
2418,3040,0
2440,3025,0
2466,3008,0
2485,2986,0
2499,2961,0
2512,2945,0
2516,2926,0
2521,2922,0
2518,2919,0
2516,2921,0
2516,2929,0
2512,2949,0
2509,2970,0
2505,2993,0
2505,3011,0
2510,3026,0
2516,3037,0
2519,3040,0
2519,3040,0
2519,3036,0
2518,3023,0
2520,3004,0
2524,2984,0
2528,2959,0
2530,2936,0
2528,2919,0
2528,2909,0
2530,2909,0
2533,2911,0
2542,2907,0
2561,2906,0
2585,2906,1
2668,2868,0
2668,2869,0
2665,2870,0
2663,2881,0
2663,2899,0
2659,2920,0
2654,2946,0
2653,2970,0
2654,2992,0
2651,2998,0
2652,3001,0
2652,3001,0
2655,3000,0
2654,2982,0
2658,2958,0
2664,2930,0
2671,2904,0
2675,2883,0
2674,2865,0
2676,2863,0
2677,2864,0
2678,2867,0
2687,2881,0
2699,2893,0
2720,2902,0
2744,2911,0
2772,2909,0
2806,2912,0
2832,2903,0
2853,2895,0
2864,2888,0
2862,2879,0
2857,2869,0
2844,2863,0
2827,2859,0
2806,2864,0
2786,2876,0
2764,2894,0
2748,2914,0
2745,2938,0
2746,2957,0
2760,2977,0
2779,2989,0
2796,2992,0
2818,2992,0
2840,2989,0
2856,2974,0
2878,2955,0
2894,2931,0
2911,2910,0
2918,2881,0
2926,2866,0
2929,2859,0
2930,2858,0
2929,2859,0
2926,2866,0
2922,2888,0
2910,2910,0
2900,2946,0
2895,2978,0
2890,3000,0
2890,3013,0
2892,3018,0
2895,3020,0
2896,3015,0
2905,3005,0
2914,2975,0
2935,2946,0
2946,2910,0
2967,2885,0
2978,2864,0
2987,2857,0
2996,2856,0
3001,2862,0
3001,2872,0
3006,2893,0
2999,2918,0
3007,2946,0
3004,2967,0
3022,2989,0
3025,2996,0
3042,3004,0
3054,3001,0
3073,2988,0
3088,2962,0
3107,2934,0
3124,2901,0
3139,2865,0
3147,2828,0
3151,2794,0
3152,2769,0
3152,2753,0
3146,2742,0
3146,2742,0
3143,2745,0
3134,2762,0
3124,2795,0
3112,2830,0
3100,2874,0
3097,2916,0
3103,2957,0
3110,2990,0
3124,3015,0
3136,3027,0
3151,3030,0
3168,3028,0
3184,3016,0
3202,2993,0
3213,2964,1
3082,2853,0
3088,2853,0
3099,2854,0
3110,2852,0
3133,2849,0
3161,2843,0
3189,2836,0
3221,2832,0
3253,2830,1
3315,2837,0
3319,2838,0
3316,2835,0
3316,2835,0
3310,2830,0
3303,2826,0
3286,2824,0
3262,2823,0
3245,2828,0
3232,2837,0
3224,2844,0
3225,2853,0
3231,2864,0
3247,2872,0
3273,2881,0
3303,2888,0
3334,2894,0
3363,2906,0
3382,2917,0
3394,2933,0
3395,2948,0
3385,2960,0
3367,2975,0
3344,2989,0
3313,2998,0
3286,3004,0
3262,3003,0
3256,3001,0
3256,2997,1
3742,2803,0
3740,2799,0
3742,2802,0
3740,2799,0
3738,2806,0
3741,2809,0
3742,2814,0
3749,2823,0
3743,2835,0
3740,2861,0
3744,2890,0
3743,2913,0
3744,2929,0
3750,2940,0
3754,2942,0
3755,2941,0
3754,2930,1
3733,2656,0
3726,2651,0
3728,2655,0
3726,2657,0
3727,2662,0
3725,2663,0
3724,2665,0
3724,2665,0
3735,2671,1
3810,2779,0
3808,2786,0
3810,2801,0
3807,2820,0
3805,2847,0
3799,2870,0
3796,2895,0
3795,2919,0
3792,2934,0
3795,2941,0
3795,2941,0
3796,2939,0
3799,2926,0
3801,2902,0
3810,2876,0
3819,2848,0
3830,2820,0
3846,2805,0
3855,2794,0
3863,2792,0
3870,2796,0
3875,2803,0
3877,2818,0
3885,2839,0
3882,2859,0
3888,2887,0
3894,2910,0
3904,2927,0
3913,2935,0
3933,2938,0
3961,2933,0
3996,2924,0
4033,2909,1
4323,2671,0
4325,2675,0
4323,2677,0
4323,2684,0
4316,2704,0
4313,2724,0
4311,2751,0
4308,2786,0
4309,2823,0
4313,2856,0
4324,2893,0
4343,2922,0
4366,2936,0
4382,2936,0
4407,2931,0
4430,2922,0
4444,2905,1
4258,2810,0
4266,2813,0
4273,2812,0
4284,2811,0
4295,2803,0
4318,2794,0
4348,2782,0
4382,2765,0
4403,2750,1
4476,2683,0
4478,2685,0
4483,2692,0
4483,2699,0
4487,2714,0
4486,2734,0
4485,2762,0
4478,2799,0
4476,2833,0
4478,2862,0
4480,2881,0
4488,2895,0
4489,2901,0
4485,2897,0
4488,2895,0
4492,2883,0
4504,2856,0
4507,2826,0
4514,2803,0
4526,2787,0
4532,2780,0
4539,2777,0
4541,2776,0
4546,2782,0
4552,2794,0
4558,2813,0
4563,2838,0
4567,2860,0
4570,2881,0
4577,2900,0
4579,2908,0
4584,2914,0
4595,2915,1
4776,2771,0
4775,2766,0
4772,2764,0
4768,2762,0
4758,2762,0
4753,2762,0
4731,2758,0
4714,2762,0
4690,2768,0
4676,2780,0
4659,2796,0
4649,2817,0
4641,2841,0
4641,2868,0
4651,2888,0
4662,2899,0
4683,2905,0
4710,2902,0
4736,2888,0
4758,2872,0
4783,2852,0
4794,2829,0
4799,2808,0
4793,2789,0
4781,2779,0
4769,2774,0
4755,2774,0
4750,2773,0
4755,2773,1
4934,2774,0
4936,2772,0
4935,2766,0
4936,2765,0
4927,2757,0
4923,2755,0
4910,2753,0
4900,2755,0
4882,2758,0
4865,2770,0
4849,2779,0
4837,2789,0
4831,2805,0
4835,2813,0
4843,2823,0
4859,2833,0
4886,2844,0
4915,2853,0
4942,2862,0
4959,2872,0
4970,2885,0
4968,2895,0
4951,2906,0
4936,2919,0
4911,2933,0
4886,2941,0
4859,2943,0
4845,2943,0
4840,2941,0
4840,2936,0
4849,2924,0
4863,2912,0
4895,2894,1
5030,2868,0
5037,2865,0
5049,2856,0
5065,2845,0
5089,2830,0
5111,2812,0
5127,2794,0
5138,2778,0
5138,2764,0
5134,2755,0
5122,2752,0
5107,2753,0
5091,2763,0
5072,2778,0
5059,2803,0
5052,2828,0
5050,2853,0
5055,2876,0
5067,2893,0
5082,2905,0
5107,2911,0
5134,2907,0
5162,2895,0
5197,2886,0
5221,2870,1
5380,2759,0
5378,2754,0
5378,2754,0
5380,2759,0
5377,2772,0
5368,2795,0
5363,2826,0
5356,2853,0
5359,2878,0
5368,2893,0
5377,2901,0
5385,2902,0
5392,2900,0
5400,2888,0
5404,2867,0
5406,2840,0
5414,2813,0
5420,2794,0
5422,2782,0
5421,2777,0
5421,2777,0
5417,2777,0
5417,2783,0
5424,2803,0
5429,2825,0
5440,2847,0
5456,2866,0
5476,2880,0
5496,2885,0
5513,2888,0
5526,2882,0
5538,2870,0
5542,2848,0
5545,2826,0
5541,2803,0
5530,2782,0
5520,2768,0
5508,2755,0
5500,2747,0
5500,2745,0
5508,2749,1
5681,2777,0
5674,2765,0
5664,2758,0
5653,2754,0
5646,2756,0
5628,2765,0
5616,2785,0
5598,2807,0
5593,2832,0
5592,2850,0
5601,2866,0
5614,2874,0
5627,2876,0
5650,2870,0
5667,2857,0
5682,2839,0
5696,2814,0
5709,2791,0
5710,2774,0
5713,2767,0
5711,2763,0
5707,2763,0
5704,2768,0
5699,2786,0
5697,2811,0
5697,2837,0
5702,2860,0
5715,2878,0
5731,2889,0
5752,2893,0
5769,2888,0
5783,2873,0
5800,2850,0
5817,2818,0
5834,2782,0
5849,2745,0
5859,2710,0
5861,2680,0
5865,2656,0
5865,2639,0
5863,2633,0
5863,2632,0
5861,2636,0
5857,2653,0
5853,2687,0
5841,2726,0
5841,2770,0
5839,2813,0
5844,2854,0
5846,2883,0
5855,2900,0
5864,2907,0
5871,2903,1
5774,2740,0
5770,2740,0
5766,2740,0
5769,2743,0
5779,2750,0
5794,2754,0
5811,2757,0
5832,2760,0
5863,2762,0
5894,2763,0
5924,2765,0
5950,2767,0
5969,2767,0
5984,2765,0
5991,2761,0
5993,2755,0
5989,2745,0
5986,2734,0
5977,2725,0
5967,2719,0
5955,2716,0
5945,2719,0
5943,2731,0
5930,2747,0
5923,2767,0
5926,2789,0
5932,2810,0
5946,2825,0
5967,2838,0
5991,2844,0
6018,2844,0
6049,2839,0
6073,2827,0
6095,2811,0
6110,2791,0
6123,2774,0
6127,2766,0
6125,2762,0
6125,2762,0
6124,2765,0
6119,2781,0
6118,2802,0
6116,2823,0
6114,2842,0
6124,2858,0
6128,2868,0
6128,2868,0
6130,2865,0
6129,2849,0
6128,2825,0
6121,2796,0
6118,2768,0
6112,2743,0
6106,2721,0
6100,2704,0
6099,2690,0
6107,2683,0
6119,2675,0
6143,2673,0
6170,2673,0
6198,2679,1
6305,2707,0
6305,2707,0
6300,2700,0
6293,2695,0
6282,2690,0
6262,2693,0
6237,2699,0
6220,2707,0
6206,2717,0
6202,2733,0
6208,2749,0
6226,2766,0
6252,2779,0
6287,2789,0
6317,2799,0
6343,2811,0
6355,2820,0
6356,2828,0
6346,2838,0
6322,2851,0
6290,2862,0
6256,2875,0
6223,2885,0
6198,2890,0
6184,2892,0
6181,2888,0
6183,2884,0
6191,2877,1
6398,2861,0
6398,2861,0
6394,2858,0
6395,2857,0
6395,2857,0
6391,2855,0
6391,2855,0
6388,2853,0
6388,2854,0
6384,2861,0
6379,2872,0
6388,2880,0
6418,2874,1