of man, not for his suppression.
704
681,2917,0
668,2918,0
653,2916,0
637,2917,0
619,2926,0
599,2939,0
577,2972,0
553,3012,0
528,3057,0
511,3106,0
504,3125,0
507,3154,0
518,3160,0
534,3147,0
555,3123,0
578,3086,0
598,3045,0
616,2999,0
631,2957,0
641,2931,0
647,2915,0
647,2907,0
646,2910,0
644,2922,0
644,2947,0
649,2968,0
660,2977,0
673,2975,0
699,2959,0
730,2914,0
763,2870,0
801,2823,0
834,2773,0
865,2731,0
887,2697,0
902,2679,0
903,2679,0
897,2698,0
874,2736,0
839,2806,0
791,2889,0
733,2980,0
689,3078,0
653,3155,0
628,3211,0
614,3245,0
611,3254,0
615,3238,0
621,3214,1
632,3082,0
628,3090,0
630,3099,0
640,3112,0
658,3115,0
684,3115,0
716,3103,0
755,3083,1
1138,3000,0
1124,3028,0
1109,3056,0
1093,3088,0
1078,3117,0
1063,3129,0
1056,3137,0
1054,3132,0
1054,3121,0
1061,3105,0
1073,3072,0
1089,3040,0
1111,3008,0
1133,2980,0
1155,2955,0
1177,2939,0
1196,2930,0
1211,2929,0
1220,2933,0
1224,2945,0
1224,2973,0
1216,3005,0
1203,3038,0
1189,3070,0
1172,3099,0
1156,3120,0
1148,3132,0
1147,3132,0
1148,3119,0
1158,3095,0
1177,3071,0
1199,3035,0
1229,3001,0
1258,2967,0
1284,2941,0
1305,2923,0
1323,2922,0
1331,2925,0
1333,2929,0
1331,2950,0
1320,2975,0
1305,3004,0
1290,3040,0
1273,3070,0
1262,3103,1
1475,2957,0
1478,2944,0
1476,2936,0
1469,2933,0
1457,2935,0
1442,2945,0
1421,2964,0
1397,2991,0
1372,3022,0
1351,3056,0
1338,3086,0
1334,3110,0
1336,3117,0
1346,3121,0
1362,3115,0
1382,3098,0
1402,3071,0
1423,3045,0
1442,3018,0
1458,2995,0
1469,2974,0
1476,2961,0
1477,2956,0
1477,2960,0
1473,2973,0
1462,2995,0
1455,3024,0
1448,3057,0
1442,3082,0
1440,3095,0
1445,3098,0
1452,3093,0
1467,3083,0
1482,3057,0
1502,3033,0
1520,3003,0
1537,2975,0
1551,2958,0
1557,2948,0
1557,2948,0
1558,2960,0
1551,2977,0
1540,3004,0
1526,3035,0
1510,3069,0
1495,3095,0
1484,3113,0
1479,3114,0
1480,3113,0
1484,3100,0
1493,3071,0
1512,3040,0
1535,3008,0
1561,2980,0
1586,2955,0
1611,2938,0
1632,2930,0
1648,2927,0
1657,2929,0
1660,2936,0
1659,2953,0
1651,2975,0
1639,3002,0
1625,3033,0
1614,3068,0
1607,3094,0
1608,3114,0
1616,3124,0
1628,3122,1
1884,3083,0
1881,3093,0
1869,3105,0
1852,3126,0
1832,3151,1
2151,2971,0
2143,2996,0
2130,3025,0
2114,3062,0
2097,3101,0
2079,3128,0
2067,3146,0
2061,3156,0
2056,3153,0
2055,3148,0
2056,3132,0
2067,3107,0
2082,3077,0
2099,3045,0
2117,3013,0
2135,2985,0
2158,2964,0
2181,2946,0
2203,2933,0
2220,2926,0
2234,2929,0
2243,2938,0
2246,2955,0
2241,2974,0
2234,3003,0
2221,3030,0
2209,3060,0
2201,3089,0
2198,3111,1
2385,2941,0
2381,2938,0
2371,2934,0
2357,2936,0
2342,2943,0
2325,2960,0
2304,2978,0
2289,3006,0
2278,3036,0
2278,3067,0
2281,3083,0
2294,3095,0
2309,3093,0
2329,3084,0
2347,3067,0
2366,3050,0
2381,3035,0
2391,3022,0
2398,3005,0
2409,2992,0
2422,2977,0
2438,2955,0
2458,2927,0
2481,2898,0
2502,2860,0
2529,2828,0
2552,2792,0
2571,2767,0
2581,2753,0
2583,2751,0
2579,2758,0
2569,2786,0
2545,2828,0
2517,2883,0
2485,2946,0
2452,3006,0
2417,3058,0
2388,3098,0
2369,3119,0
2359,3119,0
2355,3099,0
2367,3064,0
2398,3033,0
2432,3002,0
2470,2980,1
2866,3033,0
2876,3008,0
2894,2977,0
2914,2941,0
2936,2897,0
2965,2858,0
2993,2819,0
3014,2784,0
3034,2758,0
3047,2744,0
3049,2741,0
3051,2751,0
3039,2774,0
3023,2826,0
2994,2891,0
2961,2972,0
2920,3062,0
2880,3147,0
2844,3228,0
2816,3300,0
2795,3352,1
2878,3036,0
2876,3036,0
2873,3039,0
2872,3059,0
2873,3086,0
2880,3105,0
2897,3118,0
2919,3114,0
2949,3099,1
3168,2964,0
3160,2958,0
3152,2960,0
3135,2963,0
3112,2970,0
3091,2984,0
3071,3008,0
3051,3033,0
3037,3060,0
3033,3087,0
3033,3103,0
3045,3108,0
3062,3103,0
3084,3087,0
3103,3059,0
3126,3034,0
3144,3006,0
3158,2985,0
3164,2970,0
3166,2964,0
3166,2964,0
3165,2965,0
3168,2968,0
3174,2973,0
3187,2975,0
3199,2969,0
3218,2960,0
3239,2949,0
3258,2940,0
3272,2933,0
3283,2935,0
3285,2938,0
3281,2947,0
3274,2968,0
3255,2992,0
3238,3021,0
3222,3052,0
3215,3078,0
3219,3095,0
3233,3100,0
3259,3094,1
3949,2679,0
3947,2680,0
3943,2692,0
3933,2716,0
3923,2750,0
3906,2787,0
3881,2830,0
3851,2879,0
3822,2931,0
3790,2979,0
3767,3018,0
3750,3050,0
3735,3069,0
3730,3078,0
3730,3078,0
3732,3073,0
3741,3058,0
3757,3032,0
3779,2996,0
3807,2963,0
3834,2931,0
3861,2910,0
3883,2892,0
3898,2883,0
3909,2883,0
3911,2892,0
3904,2911,0
3888,2939,0
3871,2973,0
3850,3004,0
3838,3033,0
3836,3052,0
3839,3055,0
3849,3056,0
3862,3043,0
3880,3025,0
3902,3004,0
3924,2982,0
3942,2958,0
3961,2944,0
3969,2930,0
3974,2924,0
3975,2923,0
3973,2926,0
3969,2942,0
3956,2966,0
3943,2990,0
3937,3020,0
3933,3040,0
3935,3049,0
3942,3048,0
3952,3038,0
3966,3018,0
3985,2994,0
4010,2967,0
4033,2937,0
4061,2913,0
4079,2894,0
4097,2885,0
4106,2888,0
4109,2896,0
4106,2911,0
4102,2935,0
4093,2962,0
4080,2987,0
4067,3012,0
4055,3037,0
4039,3053,0
4025,3062,0
4014,3062,0
4006,3053,0
3993,3030,0
3989,3001,1
4028,2771,0
4027,2772,0
4024,2777,0
4016,2784,0
4008,2799,1
4550,3035,1
4551,3033,0
4556,3021,0
4565,2998,0
4582,2969,0
4606,2940,0
4632,2912,0
4661,2889,0
4687,2874,0
4711,2869,0
4731,2873,0
4746,2889,0
4747,2913,0
4736,2941,0
4722,2972,0
4702,3004,0
4673,3028,0
4649,3047,0
4631,3056,0
4620,3056,0
4617,3040,1
4818,2863,0
4810,2876,0
4799,2889,0
4792,2913,0
4782,2940,0
4772,2967,0
4763,2992,0
4758,3018,0
4759,3035,0
4767,3046,0
4777,3045,0
4795,3035,0
4812,3013,0
4831,2987,0
4850,2963,0
4864,2936,0
4876,2914,0
4883,2897,0
4882,2884,0
4883,2883,0
4882,2884,0
4874,2890,0
4870,2907,0
4864,2931,0
4855,2955,0
4856,2981,0
4857,2999,0
4869,3011,0
4883,3011,0
4900,3001,0
4919,2983,0
4939,2963,0
4952,2937,1
4992,2881,0
4991,2883,0
4982,2888,0
4976,2905,0
4967,2931,0
4953,2970,0
4932,3014,0
4912,3066,0
4891,3120,0
4869,3167,0
4854,3199,0
4840,3217,0
4840,3218,0
4842,3202,0
4857,3164,0
4881,3115,0
4907,3060,0
4933,3004,0
4967,2959,0
4995,2918,0
5026,2888,0
5046,2866,0
5066,2859,0
5079,2859,0
5085,2873,0
5080,2894,0
5070,2924,0
5054,2960,0
5031,2993,0
5011,3019,0
4990,3036,0
4977,3040,1
5167,2881,0
5157,2902,0
5146,2932,0
5139,2971,0
5126,3011,0
5113,3058,0
5101,3101,0
5085,3142,0
5069,3177,0
5057,3200,0
5049,3211,0
5041,3207,0
5040,3196,0
5040,3168,0
5051,3128,0
5064,3082,0
5086,3032,0
5115,2985,0
5140,2941,0
5166,2903,0
5194,2875,0
5223,2860,0
5244,2857,0
5254,2864,0
5262,2882,0
5260,2906,0
5249,2930,0
5234,2959,0
5216,2979,0
5195,2995,0
5176,3001,0
5163,2999,0
5155,2983,1
5305,3025,0
5312,3023,0
5318,3007,0
5327,2992,0
5340,2973,0
5347,2948,0
5359,2922,0
5371,2895,0
5385,2874,1
5395,2850,0
5395,2851,0
5392,2856,0
5388,2869,0
5382,2886,0
5383,2900,0
5387,2908,0
5395,2910,0
5414,2911,0
5429,2902,0
5450,2892,0
5467,2879,0
5483,2869,0
5496,2861,0
5507,2859,0
5511,2861,0
5508,2864,0
5503,2874,0
5496,2892,0
5482,2914,0
5470,2942,0
5457,2970,0
5446,2995,0
5441,3015,0
5447,3029,0
5458,3035,0
5475,3031,0
5500,3021,0
5522,3002,0
5545,2981,0
5564,2958,0
5583,2934,0
5591,2913,0
5601,2896,0
5603,2885,0
5597,2881,0
5588,2879,0
5578,2890,0
5561,2907,0
5540,2928,0
5525,2960,0
5515,2991,0
5510,3013,0
5518,3023,0
5526,3025,0
5547,3016,0
5571,2998,0
5593,2971,0
5623,2945,0
5649,2917,0
5677,2895,0
5699,2881,0
5713,2873,0
5728,2878,0
5737,2888,0
5740,2905,0
5733,2927,0
5726,2953,0
5711,2979,0
5698,3000,0
5677,3011,0
5665,3014,0
5660,3008,0
5656,2991,1
5758,2992,0
5761,3004,0
5769,3007,0
5779,3005,0
5793,2988,1
5870,2897,0
5883,2883,0
5896,2876,0
5905,2875,0
5911,2881,0
5909,2893,0
5906,2915,0
5897,2938,0
5888,2961,0
5871,2984,0
5849,2998,0
5839,3006,0
5832,3002,0
5830,2989,0
5839,2967,0
5853,2943,1
6015,2859,0
6015,2860,0
6011,2865,0
6000,2878,0
5987,2900,0
5967,2927,0
5952,2962,0
5934,2994,0
5928,3020,0
5935,3032,0
5948,3034,0
5964,3023,0
5991,3007,1
6117,2879,0
6112,2873,0
6104,2871,0
6095,2870,0
6088,2874,0
6078,2884,0
6064,2901,0
6051,2927,0
6036,2953,0
6030,2981,0
6028,2998,0
6039,3006,0
6046,2999,0
6066,2990,0
6085,2972,0
6106,2950,0
6123,2927,0
6140,2905,0
6154,2888,0
6164,2878,0
6173,2877,0
6172,2878,0
6176,2890,0
6166,2908,0
6155,2936,0
6143,2966,0
6125,2990,0
6115,3007,0
6113,3012,0
6112,3006,0
6116,2999,0
6126,2981,0
6141,2953,0
6162,2924,0
6186,2895,0
6215,2875,0
6240,2862,0
6259,2852,0
6281,2852,0
6288,2855,0
6299,2870,0
6295,2887,0
6286,2912,0
6270,2941,0
6255,2970,0
6244,2998,0
6238,3017,0
6249,3030,0
6264,3030,1
6116,2719,0
6108,2716,0
6107,2718,0
6108,2726,0
6104,2742,1
6398,3033,0
6398,3034,0
6398,3034,0
6398,3034,0
6402,3034,0
6403,3033,0
6403,3032,0
6399,3031,0
6399,3032,0
6398,3034,0
6401,3037,0
6400,3037,0
6400,3037,0
6398,3034,0
6401,3035,0
6402,3034,0
6401,3035,0
6401,3035,0
6401,3036,0
6400,3037,0
6398,3042,0
6398,3042,0
6401,3045,0
6403,3040,0
6409,3038,1