The Puritans were obsessed with
967
1100,4340,0
1084,4340,0
1074,4349,0
1067,4360,0
1061,4384,0
1059,4420,0
1056,4461,0
1052,4504,0
1047,4565,0
1039,4620,0
1028,4676,0
1016,4724,0
1001,4760,1
909,4337,0
912,4337,0
914,4333,0
925,4334,0
942,4338,0
963,4343,0
989,4348,0
1018,4352,0
1048,4357,0
1078,4365,0
1106,4368,0
1133,4372,0
1153,4367,1
1183,4367,0
1179,4391,0
1180,4420,0
1179,4451,0
1177,4488,0
1174,4528,0
1170,4567,0
1166,4608,0
1163,4636,0
1163,4659,0
1164,4664,0
1167,4659,0
1175,4651,0
1184,4620,0
1194,4587,0
1209,4550,0
1223,4518,0
1237,4485,0
1251,4465,0
1263,4449,0
1272,4452,0
1280,4460,0
1287,4480,0
1292,4507,0
1299,4543,0
1310,4578,0
1322,4610,0
1335,4630,0
1350,4640,0
1370,4639,0
1391,4629,0
1409,4608,0
1428,4579,0
1441,4542,0
1454,4508,0
1459,4471,0
1461,4443,0
1457,4420,0
1450,4413,0
1440,4409,0
1428,4418,0
1418,4443,0
1412,4472,0
1411,4504,0
1418,4539,0
1433,4570,0
1455,4601,0
1482,4618,0
1512,4631,0
1541,4637,0
1569,4637,0
1596,4626,0
1620,4616,1
1736,4418,0
1739,4430,0
1740,4445,0
1743,4469,0
1743,4497,0
1746,4534,0
1749,4582,0
1753,4626,0
1756,4670,0
1760,4714,0
1763,4741,0
1766,4762,0
1766,4770,0
1767,4769,0
1768,4757,0
1766,4729,0
1764,4688,0
1768,4652,0
1770,4615,0
1769,4574,0
1772,4538,0
1777,4509,0
1783,4480,0
1792,4461,0
1802,4452,0
1813,4446,0
1825,4444,0
1844,4457,0
1860,4471,0
1875,4484,0
1887,4506,0
1896,4529,0
1899,4553,0
1893,4570,0
1882,4584,0
1871,4594,0
1858,4600,0
1843,4595,0
1833,4593,0
1822,4582,0
1818,4579,0
1815,4571,0
1818,4575,0
1821,4570,0
1833,4572,0
1850,4574,0
1872,4577,0
1896,4577,0
1921,4572,0
1946,4567,0
1966,4556,0
1983,4544,0
1999,4533,0
2007,4514,0
2012,4501,0
2014,4492,0
2015,4492,0
2015,4492,0
2015,4497,0
2016,4513,0
2019,4536,0
2024,4560,0
2032,4587,0
2041,4605,0
2051,4623,0
2064,4629,0
2077,4630,0
2089,4624,0
2102,4612,0
2111,4590,0
2123,4566,0
2132,4544,0
2137,4517,0
2144,4504,0
2146,4495,0
2146,4495,0
2147,4495,0
2146,4503,0
2146,4520,0
2149,4548,0
2154,4571,0
2161,4590,0
2173,4612,0
2184,4626,0
2195,4631,0
2206,4632,0
2219,4629,0
2229,4614,0
2239,4591,0
2248,4567,0
2258,4541,0
2266,4513,0
2275,4490,0
2280,4468,0
2285,4459,0
2287,4454,0
2287,4454,0
2289,4461,0
2292,4478,0
2292,4497,0
2292,4522,0
2293,4547,0
2292,4568,0
2290,4581,0
2294,4589,0
2292,4585,0
2292,4585,0
2295,4576,0
2297,4554,0
2304,4532,0
2313,4513,0
2323,4493,0
2335,4477,0
2347,4466,0
2359,4458,0
2369,4454,0
2380,4460,0
2391,4473,0
2399,4492,0
2405,4519,0
2406,4544,0
2405,4570,0
2402,4591,0
2396,4596,0
2396,4596,1
2461,4299,0
2461,4299,0
2462,4303,0
2458,4305,0
2456,4310,1
2579,4203,0
2580,4202,0
2581,4203,0
2579,4215,0
2572,4239,0
2566,4275,0
2557,4317,0
2552,4370,0
2548,4422,0
2545,4469,0
2546,4516,0
2546,4546,0
2547,4566,1
2476,4450,0
2475,4451,0
2478,4450,0
2487,4451,0
2506,4453,0
2531,4454,0
2561,4451,0
2590,4445,0
2620,4439,0
2647,4438,0
2668,4435,0
2685,4432,0
2692,4425,0
2696,4428,0
2693,4425,0
2690,4426,0
2683,4425,0
2675,4427,0
2669,4430,0
2662,4432,0
2656,4438,0
2653,4453,0
2648,4468,0
2646,4485,0
2648,4502,0
2656,4519,0
2668,4537,0
2680,4545,0
2690,4546,0
2702,4546,0
2709,4538,0
2717,4532,0
2721,4521,0
2723,4507,0
2721,4491,0
2719,4479,0
2717,4472,0
2714,4464,0
2714,4463,0
2716,4468,0
2717,4467,0
2719,4471,0
2725,4485,0
2734,4503,0
2745,4521,0
2758,4542,0
2769,4559,0
2779,4572,0
2786,4578,0
2794,4579,0
2801,4577,0
2806,4566,0
2813,4550,0
2818,4527,0
2828,4505,0
2835,4477,0
2844,4451,0
2852,4426,0
2860,4410,0
2868,4402,0
2871,4401,0
2870,4401,0
2871,4410,0
2873,4431,0
2873,4452,0
2876,4482,0
2879,4515,0
2880,4544,0
2883,4573,0
2890,4596,0
2895,4608,0
2902,4613,0
2912,4614,0
2922,4609,0
2936,4599,0
2948,4581,0
2958,4559,0
2972,4541,0
2986,4517,0
3001,4492,0
3018,4473,0
3033,4452,0
3048,4437,0
3064,4425,0
3078,4414,0
3094,4410,0
3110,4411,0
3125,4418,0
3140,4428,0
3151,4445,0
3160,4463,0
3167,4490,0
3165,4514,0
3154,4541,0
3137,4567,0
3117,4589,0
3096,4608,0
3076,4622,0
3059,4625,0
3047,4621,0
3046,4613,1
3331,4462,0
3334,4456,0
3340,4449,0
3342,4442,0
3339,4439,0
3339,4440,0
3338,4445,0
3337,4463,0
3333,4480,0
3332,4502,0
3337,4526,0
3343,4546,0
3350,4556,0
3364,4566,0
3379,4564,0
3395,4555,0
3414,4540,0
3431,4514,0
3445,4483,0
3459,4457,0
3469,4432,0
3472,4413,0
3474,4407,0
3471,4404,0
3473,4408,0
3472,4413,0
3473,4430,0
3481,4454,0
3491,4476,0
3506,4495,0
3522,4513,0
3539,4526,0
3554,4527,0
3571,4531,0
3581,4526,0
3588,4517,0
3592,4505,0
3595,4495,0
3590,4478,0
3584,4463,0
3582,4456,0
3575,4446,0
3577,4445,0
3576,4441,0
3576,4436,0
3585,4435,0
3599,4432,0
3618,4430,0
3633,4416,0
3653,4408,0
3665,4392,0
3678,4379,0
3678,4361,0
3675,4348,0
3668,4338,0
3654,4333,0
3640,4333,0
3626,4337,0
3615,4348,0
3612,4363,0
3615,4380,0
3624,4398,0
3639,4413,0
3660,4428,0
3687,4440,0
3714,4447,0
3740,4445,0
3764,4439,0
3785,4430,0
3802,4415,0
3817,4396,0
3827,4374,0
3831,4357,0
3832,4348,0
3833,4348,0
3831,4348,0
3825,4352,0
3822,4368,0
3822,4393,0
3821,4418,0
3824,4444,0
3827,4461,0
3832,4471,0
3840,4476,0
3847,4476,0
3853,4468,0
3859,4454,0
3863,4432,0
3867,4411,0
3873,4398,0
3871,4384,0
3872,4379,0
3872,4379,0
3871,4380,0
3870,4379,0
3872,4384,0
3883,4401,0
3906,4414,0
3923,4422,0
3944,4427,0
3960,4425,0
3976,4420,0
3991,4410,0
4000,4398,0
4005,4386,0
4002,4368,0
3999,4360,0
3983,4351,0
3971,4355,0
3953,4363,0
3941,4381,0
3935,4403,0
3937,4427,0
3951,4451,0
3971,4466,0
4002,4484,0
4036,4490,1
4073,4494,0
4109,4492,0
4141,4480,1
4340,4367,0
4336,4377,0
4329,4386,0
4326,4399,0
4318,4410,0
4316,4441,0
4324,4460,0
4331,4470,0
4341,4483,0
4355,4488,0
4369,4491,0
4382,4487,0
4391,4476,0
4396,4460,0
4396,4440,0
4393,4418,0
4384,4395,0
4373,4377,0
4362,4365,0
4356,4360,0
4351,4354,0
4351,4354,0
4384,4354,0
4408,4350,0
4434,4339,0
4463,4326,0
4491,4309,0
4518,4292,0
4537,4270,0
4548,4250,0
4549,4234,0
4543,4228,0
4529,4224,0
4514,4232,0
4494,4249,0
4479,4277,0
4467,4307,0
4464,4341,0
4468,4374,0
4478,4407,0
4492,4436,0
4509,4459,0
4531,4482,0
4550,4493,0
4562,4497,0
4578,4500,0
4589,4497,0
4595,4488,0
4602,4476,0
4606,4457,0
4605,4438,0
4602,4420,0
4599,4406,0
4594,4395,0
4589,4389,0
4590,4388,0
4590,4388,0
4594,4390,0
4603,4391,0
4620,4393,0
4642,4391,0
4665,4386,0
4688,4378,0
4710,4370,0
4728,4365,0
4736,4357,0
4739,4355,0
4739,4355,0
4739,4355,0
4738,4356,0
4738,4356,0
4739,4355,0
4739,4355,0
4740,4354,0
4739,4355,0
4739,4355,0
4736,4352,0
4735,4353,0
4738,4356,0
4738,4356,0
4735,4353,0
4738,4356,0
4736,4352,0
4735,4353,0
4738,4356,0
4738,4356,0
4738,4356,0
4735,4353,0
4738,4356,0
4736,4357,0
4734,4354,0
4736,4357,0
4734,4355,0
4736,4358,0
4733,4355,0
4733,4355,0
4736,4357,0
4734,4355,0
4736,4358,0
4733,4355,0
4732,4356,0
4735,4359,0
4735,4359,0
4732,4356,0
4735,4359,0
4735,4359,0
4734,4360,0
4731,4357,0
4734,4360,0
4734,4360,0
4734,4360,0
4733,4361,0
4734,4360,0
4734,4360,0
4736,4363,0
4734,4360,0
4734,4360,0
4733,4361,0
4734,4360,0
4736,4363,0
4736,4364,0
4736,4364,0
4736,4364,0
4733,4361,0
4736,4363,0
4736,4363,0
4736,4363,0
4734,4360,0
4737,4362,0
4737,4362,0
4737,4362,0
4737,4362,0
4737,4362,0
4734,4360,0
4736,4363,0
4737,4362,0
4736,4363,0
4736,4364,0
4736,4364,0
4736,4364,0
4736,4364,0
4735,4365,0
4733,4361,0
4736,4364,0
4736,4364,0
4736,4364,0
4736,4363,0
4736,4363,0
4736,4363,0
4739,4367,0
4743,4372,0
4741,4374,0
4743,4378,0
4748,4384,0
4749,4389,0
4753,4396,0
4753,4401,0
4757,4413,0
4755,4421,0
4753,4432,0
4753,4444,0
4748,4454,0
4743,4463,0
4737,4473,0
4726,4483,0
4716,4495,0
4705,4505,0
4696,4512,0
4686,4515,0
4686,4521,0
4681,4521,0
4681,4520,0
4681,4520,0
4683,4518,0
4683,4519,0
4687,4520,0
4686,4515,0
4693,4515,0
4702,4513,0
4714,4508,0
4728,4502,0
4742,4489,0
4759,4475,0
4777,4459,0
4800,4445,0
4820,4428,0
4836,4408,0
4854,4393,0
4865,4377,0
4879,4365,0
4886,4352,0
4896,4349,0
4900,4345,0
4900,4345,0
4901,4344,0
4901,4344,0
4903,4348,0
4904,4352,0
4907,4355,0
4910,4358,0
4912,4362,0
4915,4365,0
4915,4365,0
4914,4365,0
4915,4365,0
4914,4365,0
4915,4365,0
4910,4363,0
4914,4365,0
4914,4365,0
4914,4365,0
4914,4365,0
4915,4365,0
4915,4365,0
4921,4369,0
4927,4374,0
4928,4374,0
4929,4373,0
4928,4374,0
4932,4375,0
4933,4374,0
4933,4374,0
4933,4374,0
4934,4373,0
4935,4372,0
4934,4368,0
4934,4368,0
4934,4364,0
4934,4358,0
4935,4351,0
4932,4343,0
4929,4334,0
4926,4326,0
4924,4318,0
4920,4311,0
4914,4306,0
4906,4307,0
4895,4311,0
4886,4325,0
4874,4342,0
4866,4365,0
4859,4387,0
4859,4414,0
4862,4438,0
4871,4457,0
4886,4476,0
4905,4491,0
4922,4497,0
4943,4500,0
4966,4501,0
4988,4497,0
5004,4488,0
5026,4480,0
5039,4468,0
5057,4456,0
5073,4441,0
5082,4422,0
5097,4413,0
5103,4396,0
5113,4387,0
5116,4378,0
5122,4374,0
5125,4371,0
5122,4368,0
5124,4372,0
5120,4369,0
5124,4372,0
5128,4373,0
5133,4374,0
5136,4371,0
5144,4374,0
5148,4370,0
5154,4370,0
5153,4371,0
5156,4373,0
5154,4370,0
5157,4372,0
5156,4373,0
5158,4372,0
5162,4373,0
5174,4384,0
5183,4391,0
5192,4400,0
5199,4415,0
5207,4430,0
5206,4448,0
5204,4466,0
5197,4484,0
5183,4502,0
5165,4520,0
5148,4536,0
5131,4540,0
5122,4543,0
5122,4543,0
5121,4538,0
5126,4529,0
5141,4514,0
5157,4500,0
5181,4483,0
5212,4459,0
5243,4439,0
5272,4418,0
5306,4400,0
5330,4381,0
5357,4365,0
5380,4353,0
5397,4347,0
5407,4343,0
5414,4342,0
5422,4350,0
5421,4357,0
5421,4374,0
5420,4392,0
5419,4415,0
5413,4440,0
5407,4463,0
5395,4480,0
5384,4497,0
5375,4512,0
5368,4519,0
5363,4519,0
5366,4521,0
5380,4507,0
5398,4500,0
5418,4486,0
5441,4474,0
5462,4457,0
5487,4439,0
5512,4423,0
5530,4405,0
5542,4386,0
5552,4376,0
5549,4368,0
5528,4366,0
5511,4366,0
5499,4379,0
5496,4399,0
5505,4432,0
5522,4449,0
5540,4459,0
5566,4466,0
5590,4469,0
5615,4466,1
5711,4411,0
5703,4408,0
5698,4407,0
5692,4407,0
5681,4407,0
5671,4407,0
5643,4425,0
5631,4439,0
5623,4458,0
5623,4475,0
5648,4490,0
5666,4488,0
5696,4480,0
5720,4460,0
5743,4435,0
5765,4405,0
5786,4370,0
5804,4338,0
5815,4307,0
5820,4287,0
5817,4279,0
5817,4279,0
5812,4278,0
5805,4287,0
5803,4315,0
5804,4349,0
5803,4393,0
5817,4437,0
5834,4483,0
5855,4526,0
5876,4562,0
5900,4595,0
5927,4619,0
5953,4638,0
5975,4649,1
6111,4410,0
6104,4430,0
6102,4456,0
6104,4485,0
6109,4510,0
6114,4529,0
6124,4548,0
6133,4561,0
6142,4571,0
6155,4574,0
6163,4570,0
6176,4561,0
6186,4544,0
6198,4524,0
6205,4504,0
6214,4479,0
6223,4463,0
6226,4447,0
6227,4439,0
6232,4440,0
6230,4442,0
6236,4454,0
6237,4471,0
6248,4489,0
6258,4509,0
6269,4526,0
6279,4533,0
6292,4537,0
6303,4536,0
6316,4533,0
6320,4521,0
6323,4506,0
6331,4489,0
6329,4466,0
6331,4445,0
6335,4427,0
6334,4410,0
6338,4399,0
6340,4390,0
6350,4384,0
6363,4379,0
6375,4377,0
6395,4384,0
6413,4395,0
6425,4410,0
6434,4432,0
6440,4457,0
6440,4490,0
6429,4521,0
6419,4553,0
6411,4575,0
6400,4587,0
6399,4590,1
6492,4239,0
6481,4234,0
6481,4234,0
6481,4235,0
6481,4233,1
6470,4514,0
6476,4514,0
6483,4511,0
6493,4499,0
6506,4483,0
6523,4461,0
6536,4432,0
6554,4402,0
6574,4369,0
6586,4340,0
6599,4316,0
6611,4294,0
6613,4271,0
6615,4255,0
6614,4249,0
6596,4242,0
6594,4244,0
6585,4255,0
6582,4273,0
6583,4298,0
6587,4327,0
6587,4352,0
6592,4385,0
6600,4414,0
6604,4443,0
6609,4468,0
6613,4489,0
6616,4506,0
6619,4519,0
6619,4526,0
6621,4530,0
6621,4530,0
6621,4532,0
6621,4531,0
6621,4530,0
6623,4529,0
6621,4525,0
6621,4518,0
6622,4511,0
6617,4497,1
6552,4438,0
6549,4441,0
6548,4442,0
6553,4443,0
6561,4444,0
6574,4449,0
6594,4448,0
6616,4439,0
6638,4431,0
6662,4420,0
6682,4406,0
6704,4391,0
6720,4375,0
6729,4355,0
6734,4330,0
6734,4309,0
6730,4294,0
6725,4280,0
6718,4276,0
6706,4273,0
6697,4292,0
6693,4311,0
6692,4339,0
6696,4367,0
6697,4406,0
6696,4439,0
6702,4472,0
6705,4494,0
6714,4509,0
6724,4514,0
6734,4517,0
6744,4516,0
6756,4507,0
6763,4497,0
6773,4491,0
6775,4488,0
6778,4491,0
6780,4495,0
6785,4507,0
6784,4523,0
6790,4541,0
6801,4554,0
6816,4567,0
6827,4572,0
6843,4577,0
6856,4579,0
6862,4579,0
6870,4575,1