that. The Puritans had high
908
735,5084,0
727,5092,0
727,5092,0
726,5091,0
732,5088,0
741,5081,0
760,5066,0
776,5043,0
809,5017,0
839,4987,0
873,4952,0
902,4921,0
928,4894,0
950,4871,0
968,4851,0
976,4843,0
982,4835,0
979,4835,0
979,4839,0
977,4843,0
978,4851,0
969,4867,0
957,4891,0
943,4927,0
924,4965,0
906,5009,0
884,5052,0
870,5092,0
856,5123,0
841,5146,0
838,5155,0
837,5146,0
837,5127,1
831,5046,0
832,5046,0
834,5050,0
842,5055,0
849,5059,0
863,5059,0
882,5064,0
904,5065,0
931,5058,0
959,5051,0
991,5040,0
1028,5020,0
1059,5000,0
1090,4973,0
1116,4944,0
1142,4916,0
1156,4888,0
1166,4859,0
1167,4836,0
1163,4823,0
1152,4816,0
1137,4812,0
1119,4816,0
1093,4833,0
1069,4860,0
1042,4896,0
1013,4932,0
985,4980,0
963,5027,0
948,5067,0
936,5103,0
932,5122,0
931,5134,0
936,5134,0
941,5130,0
948,5122,0
962,5111,0
977,5095,0
993,5079,0
1007,5072,0
1012,5072,0
1017,5076,0
1023,5088,0
1027,5104,0
1031,5116,0
1042,5128,0
1055,5125,0
1072,5129,0
1090,5125,0
1114,5116,0
1141,5104,0
1165,5084,0
1189,5067,0
1214,5055,0
1226,5038,0
1235,5030,0
1240,5030,0
1239,5030,0
1233,5030,0
1219,5034,0
1204,5047,0
1189,5063,0
1170,5084,0
1158,5108,0
1146,5128,0
1146,5144,0
1145,5148,0
1149,5152,0
1159,5148,0
1172,5135,0
1184,5124,0
1200,5107,0
1215,5086,0
1230,5070,0
1233,5062,0
1234,5057,0
1230,5062,0
1229,5062,0
1230,5074,0
1229,5082,0
1228,5094,0
1230,5106,0
1238,5114,0
1247,5121,0
1259,5125,0
1274,5129,0
1290,5124,0
1312,5115,0
1336,5101,0
1361,5084,0
1386,5058,0
1407,5030,0
1429,4999,0
1451,4966,0
1472,4932,0
1496,4902,0
1511,4872,0
1524,4847,0
1534,4830,0
1537,4818,0
1539,4818,0
1537,4822,0
1533,4822,0
1528,4835,0
1519,4852,0
1505,4877,0
1490,4915,0
1470,4953,0
1454,4997,0
1436,5043,0
1413,5089,0
1388,5131,0
1371,5168,0
1363,5188,0
1352,5192,0
1350,5193,0
1349,5185,0
1351,5169,0
1356,5153,0
1358,5140,0
1358,5133,0
1358,5125,0
1358,5124,0
1362,5125,0
1371,5120,0
1389,5119,0
1411,5113,0
1436,5107,0
1464,5102,0
1490,5096,0
1511,5090,0
1533,5088,1
1589,5162,0
1594,5158,0
1596,5158,0
1596,5158,0
1590,5163,0
1590,5158,0
1587,5158,0
1585,5163,0
1585,5163,0
1587,5163,0
1587,5163,0
1588,5158,0
1591,5150,1
1991,5007,0
1986,5004,0
1982,4997,0
1982,4992,0
1981,4980,0
1989,4967,0
1995,4953,0
2007,4935,0
2024,4915,0
2038,4896,0
2056,4884,0
2071,4876,0
2082,4871,0
2094,4868,0
2101,4875,0
2108,4886,0
2116,4892,0
2135,4895,0
2161,4890,0
2192,4883,0
2229,4870,0
2273,4854,0
2311,4837,0
2343,4823,0
2372,4811,1
2219,4938,0
2218,4934,0
2217,4931,0
2216,4927,0
2214,4927,0
2214,4932,0
2209,4945,0
2204,4963,0
2196,4985,0
2191,5011,0
2178,5042,0
2166,5073,0
2150,5105,0
2139,5137,0
2117,5161,0
2096,5178,0
2082,5189,0
2066,5188,0
2053,5191,0
2040,5185,0
2032,5178,0
2026,5175,0
2024,5172,0
2026,5172,0
2028,5171,1
2109,5204,0
2111,5204,0
2110,5204,0
2113,5203,0
2121,5206,0
2135,5203,0
2151,5199,0
2172,5191,0
2203,5180,0
2239,5159,0
2281,5137,0
2323,5110,0
2364,5079,0
2405,5043,0
2439,5005,0
2468,4968,0
2491,4932,0
2509,4905,0
2514,4879,0
2513,4859,0
2509,4847,0
2508,4847,0
2499,4846,0
2458,4858,0
2444,4874,0
2427,4905,0
2403,4932,0
2383,4975,0
2358,5011,0
2337,5053,0
2320,5094,0
2303,5128,0
2293,5155,0
2288,5177,0
2285,5182,0
2290,5185,0
2299,5182,0
2313,5166,0
2330,5150,0
2354,5131,0
2375,5110,0
2399,5094,0
2414,5082,0
2427,5083,0
2433,5086,0
2437,5093,0
2442,5108,0
2448,5123,0
2458,5132,0
2470,5142,0
2488,5149,0
2510,5147,0
2535,5148,0
2561,5144,0
2587,5128,0
2616,5115,0
2640,5099,0
2659,5081,0
2682,5019,0
2680,5011,0
2671,5002,0
2622,5021,0
2599,5041,0
2578,5064,0
2565,5098,0
2556,5125,0
2559,5154,0
2569,5171,0
2590,5182,0
2622,5193,0
2658,5178,1
2996,5041,0
2999,5045,0
3000,5043,0
3001,5039,0
3013,5034,0
3025,5021,0
3046,5009,0
3066,4987,0
3088,4956,0
3116,4932,0
3144,4906,0
3173,4881,0
3196,4862,0
3213,4840,0
3224,4830,0
3228,4825,0
3229,4828,0
3230,4828,0
3229,4833,0
3230,4850,0
3224,4870,0
3218,4900,0
3209,4935,0
3198,4974,0
3187,5018,0
3175,5058,0
3165,5101,0
3148,5139,0
3134,5171,0
3122,5193,0
3103,5209,0
3086,5216,0
3063,5216,0
3042,5216,0
3021,5212,0
3003,5206,0
2985,5195,1
3193,4863,0
3194,4857,0
3200,4850,0
3202,4841,0
3215,4835,0
3226,4826,0
3240,4819,0
3255,4813,0
3271,4813,0
3286,4811,0
3303,4811,0
3313,4807,0
3325,4811,0
3335,4818,0
3341,4824,0
3347,4835,0
3356,4849,0
3354,4858,0
3352,4876,0
3349,4900,0
3342,4922,0
3333,4944,0
3315,4961,0
3298,4982,0
3275,5002,0
3248,5013,0
3221,5026,0
3200,5034,0
3184,5038,0
3169,5035,0
3160,5030,0
3156,5023,0
3158,5022,1
3131,5207,0
3133,5210,0
3132,5207,0
3135,5205,0
3143,5206,0
3152,5202,0
3167,5196,0
3189,5187,0
3213,5173,0
3242,5161,0
3268,5140,0
3301,5125,0
3409,5053,0
3409,5049,0
3408,5050,0
3408,5054,0
3402,5057,0
3395,5074,0
3385,5096,0
3370,5115,0
3363,5142,0
3361,5164,0
3361,5173,0
3368,5183,0
3378,5187,0
3388,5183,0
3424,5166,0
3445,5146,0
3462,5129,0
3477,5114,0
3489,5099,0
3497,5086,0
3503,5079,0
3501,5075,0
3503,5075,0
3502,5080,0
3499,5081,0
3493,5093,0
3488,5108,0
3482,5125,0
3479,5139,0
3480,5157,0
3482,5165,0
3489,5175,0
3496,5176,0
3522,5172,0
3539,5168,0
3558,5154,0
3583,5142,0
3603,5123,0
3626,5111,0
3643,5093,0
3658,5085,0
3666,5077,0
3666,5077,0
3665,5082,0
3662,5084,0
3653,5097,0
3638,5117,0
3622,5139,0
3608,5161,0
3597,5180,0
3592,5183,0
3595,5185,0
3596,5180,0
3603,5177,0
3616,5166,0
3626,5147,0
3641,5130,0
3659,5117,0
3671,5106,0
3686,5098,0
3699,5087,0
3711,5085,0
3722,5084,0
3729,5079,0
3737,5080,0
3742,5076,0
3746,5079,0
3745,5080,0
3747,5084,0
3744,5085,0
3743,5095,0
3739,5106,0
3733,5113,0
3732,5127,0
3730,5137,0
3735,5144,0
3739,5151,0
3742,5154,0
3747,5161,0
3756,5165,0
3764,5166,0
3776,5168,0
3789,5165,0
3805,5151,0
3829,5139,0
3857,5114,0
3888,5087,0
3923,5054,0
3954,5016,0
3990,4977,0
4018,4940,0
4047,4908,0
4064,4883,0
4081,4863,0
4091,4852,0
4090,4848,0
4091,4852,0
4087,4854,0
4077,4862,0
4069,4885,0
4055,4913,0
4035,4944,0
4013,4986,0
3990,5028,0
3966,5070,0
3947,5113,0
3928,5143,0
3917,5163,0
3912,5170,0
3912,5170,0
3911,5161,0
3914,5150,0
3910,5139,0
3912,5138,0
3906,5132,0
3899,5132,0
3896,5133,0
3896,5133,0
3895,5129,0
3896,5128,0
3903,5129,0
3918,5125,0
3938,5123,0
3964,5113,0
3994,5104,0
4027,5093,0
4067,5084,0
4102,5072,0
4133,5067,0
4162,5057,0
4188,5056,0
4205,5050,0
4209,5052,0
4206,5049,0
4203,5051,0
4193,5052,0
4174,5059,0
4150,5066,0
4121,5083,0
4092,5106,0
4070,5129,0
4047,5147,0
4040,5166,0
4039,5171,0
4042,5173,0
4053,5166,0
4076,5158,0
4099,5134,0
4127,5113,0
4159,5084,0
4186,5067,0
4203,5046,0
4214,5040,0
4212,5040,0
4210,5046,0
4205,5054,0
4196,5074,0
4183,5092,0
4174,5117,0
4174,5141,0
4172,5156,0
4179,5166,0
4186,5170,0
4198,5172,0
4210,5169,0
4228,5158,0
4249,5144,0
4270,5127,0
4295,5106,0
4316,5088,0
4334,5075,0
4350,5069,0
4352,5068,0
4350,5069,0
4346,5077,0
4338,5092,0
4330,5112,0
4317,5125,0
4311,5144,0
4309,5150,0
4311,5158,0
4312,5156,0
4319,5157,0
4326,5153,0
4338,5144,0
4357,5127,0
4379,5113,0
4403,5097,0
4420,5081,0
4442,5071,0
4454,5067,0
4464,5069,0
4468,5072,0
4470,5081,0
4467,5106,0
4468,5120,0
4472,5132,0
4473,5136,0
4480,5141,0
4490,5149,0
4501,5146,0
4517,5139,0
4538,5130,0
4558,5116,0
4584,5103,0
4608,5086,0
4629,5076,0
4644,5064,0
4657,5064,0
4657,5065,0
4657,5071,0
4654,5082,0
4647,5101,0
4643,5120,0
4630,5139,0
4622,5159,0
4611,5177,0
4600,5190,0
4591,5200,0
4584,5205,0
4576,5207,0
4566,5204,1
3783,4985,0
3782,4987,0
3779,4988,0
3777,4989,0
3775,4985,1
5014,5160,0
5014,5161,0
5014,5161,0
5016,5159,0
5028,5155,0
5046,5141,0
5069,5122,0
5098,5098,0
5128,5069,0
5155,5036,0
5187,5004,0
5214,4975,0
5233,4943,0
5246,4915,0
5255,4893,0
5253,4877,0
5246,4867,0
5238,4864,0
5227,4864,0
5215,4869,0
5204,4884,0
5189,4902,0
5176,4929,0
5158,4959,0
5144,4998,0
5130,5041,0
5113,5076,0
5101,5111,0
5092,5144,0
5081,5164,0
5076,5178,0
5078,5181,0
5078,5177,0
5082,5173,0
5096,5162,0
5111,5145,0
5131,5128,0
5152,5105,0
5177,5091,0
5196,5080,0
5210,5079,0
5218,5082,0
5224,5093,0
5224,5109,0
5226,5127,0
5227,5142,0
5233,5158,0
5245,5164,0
5253,5167,0
5274,5166,0
5298,5156,0
5319,5138,0
5342,5118,0
5364,5105,0
5372,5088,0
5375,5079,0
5376,5072,0
5371,5072,0
5363,5074,0
5354,5082,0
5341,5093,0
5327,5110,0
5318,5129,0
5310,5146,0
5303,5162,0
5306,5175,0
5312,5180,0
5320,5179,0
5330,5171,0
5345,5163,0
5359,5146,0
5378,5130,0
5389,5109,0
5396,5098,0
5401,5094,0
5400,5095,0
5397,5096,0
5395,5104,0
5390,5114,0
5383,5125,0
5383,5137,0
5379,5144,0
5383,5152,0
5388,5158,0
5392,5159,0
5405,5165,0
5417,5164,0
5430,5158,0
5448,5153,0
5475,5146,0
5494,5134,0
5516,5120,0
5536,5108,0
5551,5094,0
5561,5085,0
5564,5083,0
5564,5083,0
5559,5086,0
5538,5100,0
5520,5116,0
5511,5142,0
5496,5158,0
5491,5173,0
5490,5180,0
5494,5183,0
5508,5181,0
5525,5171,0
5543,5150,0
5565,5124,0
5622,5056,0
5648,5021,0
5668,4985,0
5682,4954,0
5700,4927,0
5713,4902,0
5721,4888,0
5718,4881,0
5718,4886,0
5705,4893,0
5689,4915,0
5672,4948,0
5652,4989,0
5630,5038,0
5614,5079,0
5616,5121,0
5622,5149,0
5641,5163,0
5667,5166,0
5704,5161,0
5744,5139,0
5784,5107,1
5915,5191,0
5914,5192,0
5915,5191,0
5920,5192,0
5926,5187,0
5940,5178,0
5960,5165,0
5987,5144,0
6018,5113,0
6056,5081,0
6094,5047,0
6127,5013,0
6159,4985,0
6182,4956,0
6194,4930,0
6206,4912,0
6206,4900,0
6201,4888,0
6193,4885,0
6177,4883,0
6162,4888,0
6145,4901,0
6125,4917,0
6107,4941,0
6087,4968,0
6066,4997,0
6047,5032,0
6032,5072,0
6012,5108,0
5996,5142,0
5982,5170,0
5974,5190,0
5976,5199,0
5974,5196,0
5979,5191,0
5993,5182,0
6016,5166,0
6039,5144,0
6063,5119,0
6085,5096,0
6104,5082,0
6124,5079,0
6130,5079,0
6133,5087,0
6133,5099,0
6135,5120,0
6130,5136,0
6131,5153,0
6135,5166,0
6144,5174,0
6154,5175,0
6169,5175,0
6189,5168,0
6210,5157,0
6227,5140,0
6244,5122,0
6264,5108,0
6279,5097,0
6282,5088,0
6282,5094,0
6278,5093,0
6275,5096,0
6272,5104,0
6261,5117,0
6252,5132,0
6249,5146,0
6249,5158,0
6248,5165,0
6257,5173,0
6266,5175,0
6283,5174,0
6298,5170,0
6312,5156,0
6334,5150,0
6353,5137,0
6375,5125,0
6396,5113,0
6414,5099,0
6429,5088,0
6437,5080,0
6441,5069,0
6445,5072,0
6441,5069,0
6440,5072,0
6435,5072,0
6427,5079,0
6414,5088,0
6406,5101,0
6398,5122,0
6382,5139,0
6373,5156,0
6374,5161,0
6376,5164,0
6379,5154,0
6388,5145,0
6403,5134,0
6414,5117,0
6426,5104,0
6439,5096,0
6440,5089,0
6441,5088,0
6439,5090,0
6435,5093,0
6431,5105,0
6426,5121,0
6420,5146,0
6410,5168,0
6400,5197,0
6387,5228,0
6372,5260,0
6360,5296,0
6346,5316,0
6329,5338,0
6308,5355,0
6284,5373,0
6274,5372,0
6274,5366,0
6272,5351,0
6276,5330,0
6289,5306,0
6306,5277,0
6335,5248,0
6364,5212,0
6406,5178,0
6441,5147,0
6477,5108,0
6521,5077,0
6558,5042,0
6592,5009,0
6621,4976,0
6645,4941,0
6664,4915,0
6678,4885,0
6687,4862,0
6689,4847,0
6681,4843,0
6671,4836,0
6660,4845,0
6645,4862,0
6622,4883,0
6602,4918,0
6577,4953,0
6558,4993,0
6546,5031,0
6532,5070,0
6523,5105,0
6524,5134,0
6522,5146,0
6531,5155,0
6545,5158,0
6559,5148,0
6580,5137,0
6599,5122,0
6618,5113,0
6634,5107,0
6639,5108,0
6639,5113,0
6640,5125,0
6635,5141,0
6637,5145,0
6642,5158,0
6650,5161,0
6662,5160,0
6672,5155,1
6285,4992,0
6288,4994,0
6288,4995,0
6283,4999,0
6278,4999,1