save my feet&quot;. Some of
487
1567,3088,0
1560,3081,0
1551,3075,0
1536,3073,0
1514,3081,0
1486,3088,0
1458,3100,0
1433,3115,0
1414,3138,0
1401,3151,0
1402,3167,0
1414,3177,0
1437,3187,0
1466,3192,0
1498,3200,0
1524,3213,0
1539,3227,0
1542,3250,0
1530,3272,0
1507,3296,0
1476,3315,0
1442,3327,0
1414,3335,0
1386,3326,0
1368,3316,0
1359,3296,0
1363,3271,0
1380,3250,0
1410,3227,1
1734,3141,0
1734,3142,0
1727,3139,0
1718,3133,0
1705,3132,0
1689,3134,0
1675,3146,0
1661,3161,0
1652,3187,0
1647,3221,0
1689,3330,0
1717,3329,0
1749,3314,0
1776,3284,0
1806,3257,0
1826,3218,0
1843,3189,0
1852,3163,0
1855,3141,0
1855,3133,0
1855,3133,0
1855,3136,0
1857,3145,0
1854,3162,0
1858,3194,0
1864,3226,0
1871,3257,0
1879,3284,0
1891,3305,0
1900,3315,0
1908,3322,0
1912,3320,0
1917,3311,0
1920,3290,1
1988,3099,0
1985,3095,0
1987,3104,0
1985,3121,0
1986,3150,0
1989,3187,0
1994,3227,0
2000,3262,0
2010,3293,0
2023,3314,0
2037,3322,0
2052,3322,0
2065,3305,0
2079,3280,0
2096,3250,0
2111,3206,0
2132,3161,0
2148,3117,0
2166,3089,0
2173,3065,0
2176,3059,0
2173,3057,0
2172,3066,0
2171,3083,1
2224,3226,0
2231,3235,0
2236,3238,0
2243,3240,0
2252,3236,0
2261,3224,0
2275,3211,0
2283,3194,0
2286,3171,0
2288,3158,0
2283,3143,0
2273,3129,0
2261,3129,0
2248,3139,0
2232,3154,0
2218,3177,0
2205,3202,0
2203,3233,0
2205,3258,0
2217,3284,0
2239,3301,0
2263,3300,0
2299,3300,0
2333,3282,0
2371,3262,1
2534,3131,0
2534,3135,0
2528,3138,0
2529,3156,0
2528,3178,0
2526,3201,0
2526,3228,0
2524,3251,0
2525,3269,0
2525,3273,0
2526,3271,0
2530,3271,0
2528,3254,0
2530,3231,0
2535,3206,0
2539,3182,0
2545,3160,0
2554,3144,0
2565,3134,0
2573,3130,0
2581,3134,0
2591,3151,0
2598,3175,0
2601,3200,0
2603,3226,0
2601,3245,0
2603,3257,0
2606,3260,0
2607,3260,0
2608,3246,0
2618,3228,0
2623,3199,0
2637,3173,0
2654,3151,0
2670,3138,0
2683,3130,0
2695,3133,0
2707,3150,0
2714,3173,0
2715,3200,0
2720,3233,0
2728,3261,0
2727,3270,0
2730,3273,0
2732,3268,1
2770,3142,0
2769,3142,0
2770,3147,0
2772,3159,0
2774,3177,0
2777,3194,0
2787,3214,0
2796,3228,0
2808,3240,1
2905,3151,0
2903,3152,0
2894,3153,0
2882,3169,0
2860,3191,0
2840,3226,0
2818,3267,0
2799,3309,0
2782,3350,0
2769,3384,0
2761,3406,0
2764,3419,0
2765,3417,1
3298,3170,0
3296,3162,0
3286,3144,0
3281,3134,0
3267,3123,0
3256,3117,0
3240,3113,0
3230,3116,0
3220,3124,0
3212,3139,0
3205,3158,0
3206,3187,0
3209,3220,0
3209,3253,0
3216,3292,0
3220,3329,0
3223,3360,0
3230,3390,0
3228,3404,0
3231,3416,0
3234,3419,1
3199,3275,0
3199,3275,0
3209,3277,0
3226,3280,0
3250,3279,0
3282,3281,0
3322,3276,0
3366,3269,0
3416,3262,0
3461,3253,0
3493,3243,0
3513,3233,0
3521,3226,0
3522,3221,0
3511,3213,0
3493,3207,0
3469,3206,0
3447,3214,0
3426,3225,0
3403,3236,0
3392,3255,0
3390,3276,0
3394,3293,0
3409,3313,0
3431,3325,0
3459,3330,0
3496,3332,0
3536,3327,0
3578,3319,1
3647,3262,0
3649,3256,0
3663,3249,0
3679,3236,0
3698,3220,0
3718,3208,0
3729,3193,0
3730,3186,0
3724,3181,0
3715,3184,0
3694,3186,0
3672,3199,0
3650,3218,0
3629,3241,0
3614,3264,0
3612,3291,0
3618,3313,0
3631,3328,0
3658,3341,0
3693,3349,0
3728,3346,0
3762,3338,0
3799,3328,0
3825,3310,0
3849,3289,1
3932,3126,0
3934,3118,0
3937,3120,0
3935,3122,0
3933,3136,0
3928,3157,0
3928,3191,0
3921,3224,0
3921,3263,0
3919,3297,0
3918,3325,0
3923,3346,0
3927,3360,0
3928,3364,0
3924,3357,0
3921,3349,1
3882,3244,0
3882,3243,0
3886,3240,0
3898,3240,0
3915,3240,0
3940,3245,0
3965,3244,0
3995,3243,1
4092,3021,0
4093,3025,0
4099,3036,0
4099,3049,0
4099,3066,1
4143,3013,0
4145,3011,0
4146,3011,0
4147,3015,0
4148,3031,0
4150,3053,0
4151,3075,0
4158,3102,0
4163,3127,1
4290,3436,0
4288,3437,0
4285,3435,0
4283,3436,0
4283,3436,0
4281,3433,0
4285,3430,0
4301,3426,0
4322,3410,1
4714,3188,0
4710,3181,0
4705,3173,0
4695,3166,0
4682,3163,0
4661,3163,0
4636,3168,0
4615,3181,0
4593,3194,0
4580,3209,0
4570,3220,0
4576,3233,0
4589,3247,0
4611,3258,0
4647,3274,0
4683,3286,0
4724,3305,0
4752,3322,0
4774,3346,0
4778,3366,0
4772,3385,0
4753,3400,0
4726,3414,0
4688,3419,0
4653,3421,0
4615,3416,0
4589,3409,0
4568,3396,0
4557,3385,0
4553,3371,0
4562,3361,0
4581,3346,0
4613,3335,1
4930,3270,0
4920,3270,0
4903,3271,0
4882,3279,0
4859,3294,0
4840,3317,0
4826,3340,0
4826,3364,0
4836,3384,0
4853,3401,0
4877,3409,0
4912,3413,0
4947,3402,0
4985,3388,0
5018,3366,0
5042,3342,0
5053,3315,0
5053,3296,0
5041,3279,0
5014,3268,0
4980,3265,0
4946,3270,0
4919,3279,0
4897,3286,0
4891,3293,1
5126,3313,0
5118,3322,0
5111,3332,0
5108,3349,0
5109,3367,0
5110,3384,0
5115,3398,0
5122,3409,0
5122,3409,0
5125,3411,0
5125,3405,0
5125,3392,0
5122,3370,0
5123,3350,0
5127,3325,0
5128,3297,0
5141,3274,0
5149,3256,0
5167,3247,0
5181,3241,0
5198,3245,0
5214,3257,0
5230,3276,0
5238,3299,0
5246,3327,0
5243,3351,0
5241,3373,0
5237,3386,0
5233,3390,0
5234,3389,0
5238,3385,0
5241,3368,0
5249,3344,0
5258,3318,0
5272,3293,0
5287,3272,0
5305,3255,0
5323,3245,0
5337,3240,0
5348,3244,0
5366,3259,0
5376,3279,0
5383,3304,0
5387,3334,0
5385,3362,0
5380,3388,0
5378,3405,0
5378,3417,0
5385,3424,1
5434,3336,0
5439,3337,0
5452,3339,0
5459,3337,0
5472,3332,0
5489,3329,0
5506,3325,0
5521,3318,0
5535,3313,0
5543,3308,0
5547,3303,0
5541,3297,0
5535,3292,0
5526,3291,0
5503,3288,0
5477,3291,0
5448,3296,0
5421,3307,0
5392,3320,0
5373,3339,0
5361,3356,0
5359,3370,0
5371,3388,0
5391,3402,0
5422,3413,0
5464,3424,0
5507,3426,0
5556,3426,0
5610,3427,1
5919,3294,0
5904,3295,0
5890,3302,0
5874,3312,0
5859,3327,0
5853,3343,0
5853,3358,0
5857,3373,0
5873,3387,0
5891,3394,0
5921,3400,0
5954,3400,0
5986,3395,0
6015,3388,0
6040,3379,0
6049,3366,0
6053,3352,0
6044,3335,0
6034,3323,0
6016,3313,0
5997,3305,0
5976,3301,0
5967,3301,0
5957,3300,0
5964,3305,1
6164,3172,0
6149,3165,0
6136,3165,0
6124,3168,0
6124,3183,0
6124,3199,0
6121,3219,0
6128,3245,0
6141,3278,0
6147,3308,0
6156,3338,0
6162,3368,0
6167,3396,0
6168,3416,0
6169,3430,0
6167,3433,0
6170,3436,0
6165,3428,0
6167,3419,0
6157,3380,1
6129,3305,0
6127,3302,0
6137,3300,0
6150,3296,0
6172,3298,1