To keep a child of twelfe
457
1045,1269,0
1045,1269,0
1046,1265,0
1056,1264,0
1071,1265,0
1093,1261,0
1124,1247,0
1155,1222,0
1188,1195,0
1225,1179,0
1274,1171,0
1319,1161,0
1353,1148,0
1383,1138,0
1406,1136,0
1418,1136,0
1416,1133,0
1416,1133,0
1414,1134,0
1416,1141,0
1411,1147,1
1266,1290,0
1266,1330,0
1257,1363,0
1256,1409,0
1247,1442,0
1239,1471,0
1233,1496,0
1227,1517,0
1223,1537,1
1509,1319,0
1491,1335,0
1463,1357,0
1437,1390,0
1416,1428,0
1406,1473,0
1402,1498,0
1409,1512,0
1426,1517,0
1447,1508,0
1467,1485,0
1485,1455,0
1499,1413,0
1517,1376,0
1528,1343,0
1530,1325,0
1527,1317,0
1517,1312,0
1509,1311,0
1504,1317,0
1505,1326,1
1854,1426,0
1842,1452,0
1837,1478,0
1835,1498,0
1835,1507,1
2036,1320,0
2013,1323,0
1983,1331,0
1956,1347,0
1925,1360,0
1899,1377,0
1886,1396,0
1878,1411,0
1875,1427,0
1879,1439,0
1894,1453,0
1913,1460,0
1934,1460,0
1973,1464,0
2010,1462,0
2049,1458,0
2072,1445,1
2145,1412,0
2146,1416,0
2146,1416,0
2159,1421,0
2174,1418,0
2195,1410,0
2219,1399,0
2246,1385,0
2266,1365,0
2283,1348,0
2290,1334,0
2288,1325,0
2274,1322,0
2250,1331,0
2217,1351,0
2184,1377,0
2159,1411,0
2145,1443,0
2140,1467,0
2149,1481,0
2175,1485,0
2213,1479,0
2251,1467,0
2294,1455,0
2335,1438,1
2368,1415,0
2377,1423,0
2377,1423,0
2385,1421,0
2405,1411,1
2503,1329,0
2501,1320,0
2489,1315,0
2465,1319,0
2430,1336,0
2395,1364,0
2370,1396,0
2357,1427,0
2355,1452,0
2358,1466,0
2379,1473,0
2409,1471,0
2446,1461,0
2485,1444,0
2528,1425,0
2569,1400,1
2657,1321,0
2646,1335,0
2641,1363,0
2632,1400,0
2627,1445,0
2619,1485,0
2613,1515,0
2608,1534,0
2601,1546,1
2641,1343,0
2654,1317,0
2674,1297,0
2698,1284,0
2722,1284,1
2754,1364,0
2733,1385,0
2704,1404,0
2675,1422,0
2659,1436,0
2645,1440,0
2645,1446,0
2647,1445,1
3152,1342,0
3125,1365,0
3110,1390,0
3098,1411,0
3106,1428,0
3112,1431,0
3132,1430,0
3153,1418,0
3177,1402,0
3199,1380,0
3218,1355,0
3241,1329,0
3255,1311,0
3263,1305,0
3262,1305,0
3265,1318,0
3263,1340,0
3254,1363,0
3249,1389,0
3246,1411,0
3242,1426,1
3658,1353,0
3645,1351,0
3631,1353,0
3609,1363,0
3578,1382,0
3553,1406,0
3522,1432,0
3505,1455,0
3504,1474,0
3511,1485,0
3530,1493,0
3548,1493,0
3580,1491,0
3614,1480,0
3649,1464,0
3681,1444,0
3714,1421,1
3875,1158,0
3875,1159,0
3871,1170,0
3865,1199,0
3860,1245,0
3848,1296,0
3834,1342,0
3814,1377,0
3796,1406,0
3780,1433,0
3764,1447,0
3756,1453,0
3756,1455,0
3759,1441,0
3779,1415,0
3814,1387,0
3841,1365,0
3877,1354,0
3899,1350,0
3915,1354,0
3919,1365,0
3927,1387,0
3921,1414,0
3911,1436,0
3900,1450,0
3901,1457,0
3900,1458,0
3916,1452,0
3937,1435,1
4057,1346,0
4052,1357,0
4044,1378,0
4032,1407,0
4022,1431,0
4011,1446,0
4008,1452,0
4003,1452,1
4086,1233,0
4089,1225,0
4089,1225,0
4092,1228,0
4088,1240,1
4209,1234,0
4200,1259,0
4192,1295,0
4173,1334,0
4158,1372,0
4156,1410,0
4149,1438,0
4147,1461,0
4142,1475,0
4143,1484,0
4150,1488,0
4146,1486,0
4162,1479,0
4181,1464,0
4200,1451,0
4229,1442,0
4250,1435,1
4442,1393,0
4439,1387,0
4433,1380,0
4416,1380,0
4389,1384,0
4360,1396,0
4326,1414,0
4300,1437,0
4282,1461,0
4278,1480,0
4281,1484,0
4299,1483,0
4321,1473,0
4349,1455,0
4376,1432,0
4403,1403,0
4432,1370,0
4454,1334,0
4473,1304,0
4484,1283,0
4489,1266,0
4492,1258,0
4492,1256,0
4488,1258,0
4478,1275,0
4461,1310,0
4446,1355,0
4429,1390,0
4422,1421,0
4413,1445,0
4405,1467,0
4395,1481,0
4388,1488,1
4869,1365,0
4844,1378,0
4817,1395,0
4800,1421,0
4792,1446,1
4852,1466,0
4879,1451,0
4901,1433,0
4917,1413,0
4929,1399,0
4932,1390,0
4929,1387,0
4917,1385,1
5250,1188,0
5236,1180,0
5219,1179,0
5204,1192,0
5173,1214,0
5141,1247,0
5109,1287,0
5084,1331,0
5055,1370,0
5038,1411,0
5019,1446,0
5009,1478,0
4996,1503,0
4993,1524,0
4985,1535,0
4987,1540,0
4985,1534,1
4975,1401,0
4972,1399,0
4975,1399,0
4987,1404,0
5009,1411,0
5042,1415,0
5079,1416,0
5121,1416,0
5163,1414,1
5557,1249,0
5545,1279,0
5532,1317,0
5525,1356,0
5503,1390,0
5487,1420,0
5471,1447,0
5457,1467,0
5445,1480,1
5426,1382,0
5429,1375,0
5430,1370,0
5438,1370,0
5454,1376,0
5472,1385,0
5495,1390,0
5519,1393,0
5552,1395,1
5666,1353,0
5666,1369,0
5666,1389,0
5663,1411,0
5661,1438,0
5655,1457,0
5652,1467,0
5651,1469,0
5656,1470,0
5660,1457,0
5673,1437,0
5692,1412,0
5711,1388,0
5724,1373,0
5729,1367,0
5734,1366,0
5732,1371,0
5729,1385,0
5718,1407,0
5716,1434,0
5713,1456,0
5715,1466,0
5718,1471,0
5727,1468,0
5743,1455,0
5773,1435,0
5801,1408,0
5828,1387,0
5842,1375,0
5856,1370,0
5865,1370,0
5861,1371,0
5863,1379,1
5855,1439,0
5868,1440,0
5884,1440,0
5906,1433,0
5930,1421,0
5963,1407,0
5987,1392,0
6007,1376,0
6021,1356,0
6030,1348,0
6020,1340,0
6003,1343,0
5969,1349,0
5931,1367,0
5901,1390,0
5868,1420,0
5849,1447,0
5844,1464,0
5859,1470,0
5885,1466,0
5929,1455,0
5975,1438,0
6026,1418,0
6082,1392,1
6267,1202,0
6264,1203,0
6261,1214,0
6244,1238,0
6218,1281,0
6192,1327,0
6165,1369,0
6153,1402,0
6131,1425,0
6121,1447,0
6105,1463,0
6107,1473,0
6102,1473,0
6112,1471,0
6140,1454,0
6174,1433,0
6203,1416,1
6477,1234,0
6473,1233,0
6473,1233,0
6473,1233,0
6473,1234,0
6473,1233,0
6473,1232,0
6473,1232,0
6465,1233,0
6456,1237,0
6438,1246,0
6423,1258,0
6404,1275,0
6378,1298,0
6360,1324,0
6345,1356,0
6330,1385,0
6322,1417,0
6311,1447,0
6305,1474,0
6294,1499,0
6285,1517,0
6282,1531,0
6285,1534,0
6281,1533,1
6283,1393,0
6280,1392,0
6290,1397,0
6298,1399,0
6318,1401,0
6338,1402,0
6363,1403,0
6384,1401,0
6408,1399,1
6460,1375,0
6455,1376,0
6459,1375,0
6459,1373,0
6473,1369,0
6491,1363,0
6501,1356,0
6515,1346,0
6525,1336,0
6527,1327,0
6521,1320,0
6501,1316,0
6480,1320,0
6445,1329,0
6417,1345,0
6396,1363,0
6393,1380,0
6403,1390,0
6434,1397,0
6471,1397,0
6512,1395,1