How anybody can go through the same
711
704,2668,0
704,2673,0
707,2685,0
706,2714,0
700,2773,0
699,2854,0
704,2935,0
705,3008,0
709,3069,0
714,3114,0
716,3142,0
718,3167,0
721,3175,1
878,2737,0
878,2745,0
881,2782,0
876,2925,0
875,3005,0
871,3065,0
865,3109,0
864,3145,0
868,3161,0
871,3165,0
871,3165,0
864,3165,1
690,3002,0
694,2999,0
714,2993,0
749,2986,0
789,2977,1
953,2954,0
925,2964,0
1064,3005,0
886,3042,0
892,3083,0
919,3100,0
951,3102,0
985,3095,0
1015,3080,0
1039,3064,0
1051,3045,0
1052,3016,0
1048,2992,0
1035,2964,0
1015,2944,0
989,2935,0
962,2938,1
1149,2972,1
1131,2964,0
1130,2964,0
1131,2976,0
1137,3012,0
1149,3059,0
1167,3095,0
1179,3107,0
1190,3110,0
1200,3110,0
1208,3098,0
1211,3081,0
1211,3058,0
1210,3030,0
1210,3010,0
1209,3009,0
1211,3013,0
1218,3041,0
1236,3073,0
1254,3092,0
1268,3099,0
1278,3102,0
1285,3098,0
1288,3089,0
1287,3066,0
1286,3037,0
1282,3006,0
1278,2978,0
1278,2965,0
1278,2961,0
1279,2962,0
1286,2961,0
1297,2968,1
1527,2958,0
1528,2941,0
1542,2931,0
1560,2919,0
1580,2924,0
1600,2936,0
1623,2960,0
1645,2984,0
1662,3005,0
1669,3016,0
1671,3020,0
1672,3020,0
1671,3020,0
1660,3018,0
1639,3011,0
1614,3003,0
1590,2999,0
1572,3010,0
1561,3033,0
1561,3073,0
1573,3100,0
1594,3108,0
1622,3107,0
1648,3090,0
1669,3066,0
1684,3042,0
1693,3016,0
1698,2985,0
1698,2965,0
1695,2966,0
1696,2974,0
1696,3006,0
1698,3047,0
1697,3076,0
1696,3093,0
1696,3092,0
1701,3095,0
1701,3079,0
1704,3050,0
1708,3004,0
1720,2960,0
1731,2937,0
1741,2938,0
1754,2952,0
1767,2977,0
1780,3012,0
1790,3033,0
1800,3052,0
1814,3069,1
1824,2963,0
1821,2984,0
1829,3012,0
1845,3032,0
1870,3042,0
1890,3041,0
1912,3035,0
1929,3021,0
1939,3001,0
1946,2982,0
1945,2958,0
1942,2942,0
1937,2938,0
1939,2951,0
1930,2987,0
1919,3040,0
1913,3092,0
1910,3139,0
1909,3176,0
1911,3201,0
1913,3212,0
1915,3225,0
1916,3233,0
1915,3233,1
2052,2760,0
2040,2765,0
2028,2773,0
2026,2808,0
2028,2862,0
2031,2921,0
2034,2970,0
2036,3004,0
2037,3007,0
2040,3011,0
2038,3008,0
2042,2989,0
2050,2952,0
2066,2922,0
2084,2906,0
2108,2914,0
2130,2936,0
2145,2965,0
2149,2993,0
2135,3011,0
2115,3035,0
2093,3056,0
2071,3064,0
2053,3070,0
2036,3071,0
2021,3067,0
2018,3064,0
2024,3049,0
2049,3033,1
2174,2941,0
2155,2961,0
2146,2994,0
2149,3023,0
2166,3042,0
2188,3051,0
2218,3052,0
2251,3048,0
2273,3035,0
2288,3019,0
2295,2999,0
2294,2978,0
2282,2957,0
2262,2939,0
2236,2928,0
2215,2924,1
2480,2930,0
2467,2924,0
2444,2917,0
2425,2917,0
2403,2936,0
2379,2975,0
2355,3021,0
2347,3059,0
2357,3072,0
2379,3076,0
2404,3069,0
2434,3055,0
2458,3025,0
2478,2989,0
2491,2942,0
2497,2889,0
2497,2840,0
2492,2806,0
2481,2785,0
2476,2783,0
2475,2789,0
2468,2819,0
2470,2881,0
2474,2942,0
2485,2991,0
2496,3016,0
2511,3035,0
2521,3044,0
2529,3044,1
2528,2924,0
2529,2941,0
2535,2969,0
2553,3000,0
2570,3014,0
2593,3025,0
2613,3023,0
2634,3017,0
2653,3006,0
2663,2982,0
2674,2953,0
2677,2919,0
2678,2909,0
2673,2907,0
2668,2923,0
2654,2969,0
2635,3020,0
2624,3072,0
2614,3117,0
2608,3157,0
2606,3193,0
2592,3200,0
2591,3214,0
2595,3226,1
3031,2826,0
2994,2828,0
2957,2830,0
2946,2837,0
2935,2860,0
2926,2895,0
2927,2927,0
2946,2944,0
2974,2954,0
3009,2964,0
3037,2965,0
3058,2959,0
3066,2943,1
3076,2852,0
3074,2844,0
3082,2843,0
3102,2843,0
3129,2852,0
3162,2872,0
3182,2888,0
3194,2903,0
3200,2913,0
3203,2916,0
3202,2917,0
3197,2916,0
3180,2909,0
3156,2902,0
3129,2897,0
3100,2904,0
3079,2924,0
3074,2943,0
3083,2956,0
3104,2965,0
3133,2969,0
3159,2960,0
3180,2948,0
3195,2932,0
3206,2908,0
3214,2882,0
3217,2865,0
3214,2863,0
3211,2864,0
3208,2887,0
3207,2923,0
3209,2947,0
3212,2965,0
3216,2977,0
3218,2980,0
3218,2980,0
3220,2980,0
3218,2955,0
3223,2915,0
3238,2884,0
3249,2864,0
3262,2860,0
3275,2859,0
3289,2868,0
3299,2886,0
3304,2912,0
3310,2934,0
3318,2953,0
3334,2972,0
3346,2982,0
3370,2994,0
3404,3002,1
3756,2900,0
3744,2885,0
3720,2868,0
3693,2856,0
3658,2846,0
3631,2849,0
3610,2864,0
3599,2890,0
3600,2917,0
3621,2934,0
3653,2943,0
3689,2943,0
3723,2938,0
3747,2931,0
3757,2922,0
3761,2906,0
3763,2889,0
3762,2884,0
3759,2882,0
3763,2889,0
3773,2913,0
3786,2949,0
3799,2987,0
3804,3028,0
3795,3063,0
3774,3093,0
3749,3122,0
3721,3146,0
3693,3161,0
3662,3171,0
3621,3175,0
3578,3175,0
3542,3174,0
3518,3167,0
3506,3156,0
3507,3139,0
3516,3116,1
3953,2877,0
3932,2870,0
3912,2874,0
3903,2889,0
3901,2919,0
3902,2948,0
3915,2963,0
3937,2968,0
3972,2967,0
4007,2959,0
4035,2948,0
4048,2927,0
4050,2907,0
4041,2893,0
4016,2881,0
3984,2873,0
3951,2868,0
3921,2864,0
3911,2869,0
3906,2874,0
3905,2881,1
4414,2665,0
4411,2655,0
4406,2654,0
4406,2668,0
4408,2704,0
4408,2759,0
4410,2820,0
4415,2872,0
4419,2910,0
4425,2936,0
4432,2951,0
4435,2954,0
4435,2953,1
4343,2844,0
4340,2844,0
4352,2847,0
4373,2847,0
4396,2844,0
4423,2835,0
4450,2821,0
4471,2801,0
4485,2777,1
4478,2679,0
4474,2677,0
4471,2689,0
4471,2735,0
4477,2793,0
4487,2851,0
4501,2897,0
4512,2929,0
4519,2946,0
4521,2950,0
4517,2948,0
4519,2941,0
4519,2908,0
4528,2871,0
4538,2837,0
4550,2823,0
4557,2826,0
4563,2845,0
4572,2878,0
4580,2907,1
4625,2849,0
4630,2856,0
4628,2878,0
4632,2912,0
4633,2936,0
4640,2953,0
4651,2967,0
4654,2970,0
4659,2969,0
4658,2964,0
4650,2948,0
4640,2922,0
4638,2892,0
4640,2864,0
4647,2846,0
4661,2840,0
4680,2836,1
4818,2836,0
4804,2830,0
4790,2835,0
4774,2851,0
4763,2884,0
4771,2914,0
4790,2929,0
4813,2932,0
4838,2931,0
4859,2922,0
4875,2915,0
4877,2899,0
4881,2885,0
4873,2862,0
4864,2847,0
4849,2835,0
4833,2830,1
4941,2828,0
4936,2829,0
4930,2837,0
4926,2864,0
4929,2907,0
4933,2936,0
4949,2949,0
4961,2953,0
4982,2951,0
5001,2938,0
5020,2919,0
5030,2896,0
5030,2869,0
5030,2854,0
5026,2854,0
5027,2859,0
5022,2887,0
5025,2918,0
5038,2935,0
5052,2941,0
5081,2943,1
5161,2873,0
5160,2854,0
5144,2834,0
5125,2826,0
5102,2834,0
5080,2859,0
5072,2885,0
5073,2905,0
5090,2915,0
5111,2919,0
5135,2914,0
5154,2900,0
5166,2881,0
5175,2866,0
5177,2849,0
5179,2847,0
5174,2848,0
5180,2868,0
5175,2903,0
5175,2941,0
5175,2974,0
5180,3011,0
5177,3043,0
5166,3073,0
5154,3101,0
5137,3120,0
5115,3136,0
5085,3142,0
5057,3148,0
5028,3145,0
5013,3139,0
4998,3124,1
5268,2713,0
5267,2716,0
5272,2724,0
5283,2758,0
5294,2808,0
5300,2859,0
5294,2891,0
5283,2914,0
5280,2927,0
5282,2931,0
5279,2928,0
5281,2917,0
5285,2890,0
5300,2859,0
5323,2830,0
5345,2824,0
5367,2835,0
5383,2861,0
5390,2888,0
5388,2907,0
5382,2924,0
5374,2936,0
5376,2948,0
5374,2951,0
5381,2955,1
5654,2702,0
5652,2698,0
5654,2702,0
5660,2722,0
5667,2761,0
5676,2810,0
5676,2856,0
5682,2903,0
5682,2933,0
5690,2951,0
5687,2956,0
5682,2956,0
5681,2951,1
5617,2870,0
5622,2871,0
5627,2871,0
5643,2873,0
5670,2867,0
5697,2854,0
5721,2836,0
5737,2815,0
5746,2792,0
5749,2770,0
5745,2744,0
5741,2726,0
5737,2718,0
5731,2718,0
5728,2725,0
5724,2756,0
5729,2805,0
5735,2859,0
5738,2900,0
5740,2923,0
5748,2931,0
5751,2934,0
5748,2931,0
5746,2919,0
5750,2895,0
5755,2864,0
5764,2841,0
5769,2840,0
5771,2843,0
5783,2864,0
5791,2890,0
5802,2912,0
5808,2924,0
5813,2938,0
5816,2943,0
5819,2937,1
5849,2893,0
5849,2894,0
5869,2898,0
5894,2902,0
5915,2899,0
5938,2897,0
5961,2890,0
5978,2884,0
5983,2875,0
5984,2866,0
5976,2853,0
5957,2840,0
5926,2830,0
5890,2838,0
5855,2859,0
5833,2889,0
5832,2914,0
5853,2936,0
5881,2950,0
5911,2955,0
5949,2960,0
5992,2965,0
6034,2965,0
6069,2958,1
6428,2835,0
6406,2828,0
6371,2818,0
6343,2817,0
6319,2830,0
6300,2850,0
6290,2869,0
6297,2882,0
6323,2901,0
6362,2922,0
6394,2946,0
6406,2960,0
6410,2968,0
6401,2977,0
6382,2988,0
6353,2989,0
6326,2990,0
6297,2985,0
6270,2977,0
6256,2968,0
6252,2958,1
6465,2871,0
6457,2859,0
6468,2847,0
6489,2831,0
6512,2819,0
6537,2823,0
6559,2833,0
6582,2850,0
6601,2866,0
6609,2876,0
6612,2879,0
6611,2880,0
6608,2879,0
6599,2880,0
6577,2878,0
6549,2880,0
6514,2888,0
6490,2910,0
6478,2932,0
6486,2945,0
6502,2955,0
6520,2955,0
6545,2951,0
6570,2938,0
6592,2921,0
6602,2899,0
6611,2873,0
6617,2852,0
6616,2844,0
6616,2844,0
6613,2852,0
6608,2888,0
6604,2923,0
6601,2947,0
6607,2960,0
6611,2963,0
6616,2962,0
6618,2958,0
6621,2942,0
6626,2913,0
6630,2878,0
6638,2854,0
6646,2847,0
6654,2849,0
6662,2859,0
6669,2888,0
6673,2910,0
6676,2922,0
6682,2926,0
6686,2929,0
6686,2928,0
6689,2922,0
6700,2900,0
6708,2873,0
6712,2855,0
6715,2851,0
6715,2849,0
6722,2854,0
6734,2868,0
6745,2889,0
6757,2911,0
6765,2929,0
6773,2943,0
6778,2951,0
6785,2955,1
6807,2909,0
6804,2905,0
6808,2905,0
6821,2907,0
6838,2908,0
6858,2903,0
6875,2895,0
6896,2880,0
6905,2869,0
6908,2861,0
6906,2858,0
6901,2851,0
6881,2843,0
6857,2849,0
6826,2869,0
6806,2893,0
6810,2912,0
6826,2932,0
6855,2948,0
6882,2955,0
6903,2957,0
6922,2953,0
6939,2946,0
6948,2938,1