in another verse.
374
526,5636,0
524,5644,0
528,5660,0
533,5681,0
538,5702,0
543,5727,0
548,5747,0
552,5764,0
553,5779,0
554,5795,0
552,5803,0
550,5803,0
546,5791,1
501,5545,0
500,5545,0
501,5545,0
500,5549,0
499,5553,1
567,5677,0
566,5680,0
571,5681,0
576,5693,0
579,5701,0
583,5718,0
588,5735,0
597,5755,0
601,5768,0
608,5785,0
611,5785,0
611,5785,0
611,5781,0
605,5772,0
603,5756,0
603,5740,0
607,5720,0
612,5704,0
622,5685,0
633,5670,0
646,5663,0
661,5660,0
674,5665,0
687,5678,0
697,5695,0
704,5716,0
710,5740,0
714,5760,0
718,5784,1
1126,5648,0
1125,5644,0
1118,5644,0
1102,5644,0
1083,5648,0
1061,5660,0
1037,5676,0
1018,5700,0
1008,5724,0
1003,5744,0
1010,5768,0
1020,5783,0
1035,5792,0
1052,5796,0
1071,5793,0
1088,5784,0
1100,5769,0
1107,5748,0
1111,5725,0
1112,5704,0
1111,5684,0
1108,5672,0
1105,5660,0
1105,5660,0
1105,5660,0
1105,5665,0
1108,5677,0
1113,5696,0
1121,5716,0
1128,5732,0
1135,5747,0
1139,5760,0
1144,5768,1
1206,5635,0
1206,5635,0
1208,5639,0
1209,5646,0
1211,5663,0
1211,5678,0
1214,5702,0
1216,5722,0
1218,5746,0
1223,5766,0
1225,5782,0
1227,5790,0
1228,5794,0
1230,5790,0
1229,5782,0
1233,5762,0
1240,5742,0
1248,5718,0
1258,5694,0
1271,5677,0
1283,5660,0
1291,5652,0
1296,5660,0
1301,5663,0
1306,5680,0
1310,5699,0
1312,5719,0
1313,5743,0
1313,5767,0
1317,5787,0
1321,5799,0
1329,5803,0
1340,5794,1
1455,5720,0
1456,5719,0
1452,5724,0
1438,5721,0
1421,5725,0
1404,5747,0
1390,5759,0
1386,5776,0
1392,5788,0
1406,5799,0
1425,5810,0
1446,5812,0
1465,5803,0
1481,5793,0
1487,5777,0
1488,5762,0
1485,5745,0
1476,5726,0
1467,5715,0
1457,5708,1
1503,5516,0
1503,5511,0
1503,5511,0
1504,5516,0
1508,5523,0
1513,5554,0
1520,5586,0
1529,5630,0
1541,5673,0
1555,5716,0
1569,5763,0
1579,5794,0
1585,5822,0
1590,5841,0
1592,5845,0
1588,5841,0
1581,5830,1
1528,5730,0
1542,5733,0
1563,5735,0
1576,5742,0
1587,5741,0
1592,5737,0
1595,5733,0
1596,5716,1
1561,5515,0
1563,5515,0
1564,5515,0
1567,5526,0
1573,5554,0
1578,5578,0
1587,5617,0
1599,5656,0
1614,5698,0
1631,5737,0
1647,5776,0
1658,5803,0
1666,5822,0
1669,5829,0
1671,5829,0
1671,5821,0
1672,5805,0
1677,5781,0
1689,5764,0
1703,5742,0
1722,5727,0
1743,5721,0
1759,5715,0
1776,5721,0
1791,5739,0
1805,5762,0
1814,5793,0
1822,5820,0
1829,5843,1
1930,5816,0
1932,5824,0
1937,5824,0
1937,5823,0
1941,5820,0
1951,5810,0
1961,5787,0
1971,5770,0
1981,5752,0
1985,5739,0
1982,5723,0
1973,5716,0
1956,5711,0
1935,5715,0
1913,5722,0
1895,5741,0
1884,5759,0
1884,5783,0
1892,5806,0
1903,5829,0
1922,5850,0
1942,5868,0
1964,5876,0
1987,5881,0
2009,5873,1
2054,5747,0
2052,5740,0
2044,5729,0
2040,5722,0
2035,5718,0
2036,5723,0
2034,5723,0
2040,5738,0
2046,5761,0
2059,5788,0
2072,5817,0
2089,5848,0
2104,5877,0
2116,5891,0
2121,5898,0
2124,5898,0
2122,5890,0
2122,5877,0
2122,5853,0
2130,5828,0
2143,5797,0
2164,5764,0
2188,5735,0
2210,5706,1
2516,5783,0
2519,5795,0
2526,5805,0
2528,5817,0
2531,5834,0
2537,5853,0
2544,5871,0
2562,5892,0
2580,5916,0
2604,5934,0
2620,5946,0
2635,5951,0
2647,5952,0
2651,5938,0
2657,5923,0
2660,5894,0
2659,5865,0
2654,5833,0
2647,5803,0
2642,5779,0
2635,5760,0
2629,5745,0
2629,5737,0
2631,5740,0
2637,5747,1
2750,5902,0
2753,5909,0
2760,5911,0
2768,5913,0
2782,5905,0
2796,5896,0
2811,5880,0
2823,5872,0
2832,5861,0
2837,5851,0
2835,5834,0
2828,5820,0
2814,5808,0
2799,5804,0
2779,5802,0
2756,5800,0
2736,5806,0
2723,5814,0
2713,5834,0
2709,5851,0
2713,5883,0
2725,5909,0
2741,5938,0
2769,5963,0
2797,5984,0
2828,6000,0
2858,6011,0
2881,6017,0
2898,6020,0
2911,6016,0
2923,6008,0
2927,5994,0
2931,5976,1
2897,5798,0
2897,5798,0
2897,5798,0
2901,5810,0
2903,5822,0
2908,5841,0
2918,5859,0
2930,5888,0
2942,5910,0
2953,5931,0
2960,5945,0
2966,5948,0
2966,5944,0
2966,5940,0
2964,5915,0
2963,5890,0
2967,5868,0
2978,5851,0
2990,5835,0
3009,5820,0
3028,5813,1
3204,5839,0
3201,5841,0
3194,5839,0
3187,5837,0
3176,5837,0
3165,5841,0
3156,5849,0
3153,5858,0
3154,5879,0
3162,5902,0
3174,5927,0
3187,5952,0
3201,5981,0
3211,6003,0
3215,6023,0
3213,6037,0
3204,6040,0
3192,6039,0
3175,6038,0
3158,6031,0
3140,6025,0
3126,6012,0
3118,5998,0
3121,5993,0
3136,5984,1
3296,6010,0
3298,6013,0
3310,6017,0
3317,6015,0
3330,6010,0
3349,5994,0
3366,5974,0
3384,5955,0
3398,5932,0
3406,5911,0
3407,5889,0
3401,5865,0
3385,5846,0
3364,5837,0
3339,5834,0
3310,5837,0
3284,5848,0
3264,5868,0
3255,5889,0
3255,5918,0
3266,5948,0
3282,5977,0
3307,6006,0
3341,6032,0
3385,6056,0
3433,6077,0
3472,6083,0
3512,6088,0
3541,6085,1
3589,6095,0
3595,6105,0
3621,6120,0
3631,6121,0
3633,6116,1