This is the verse: The Gemara
736
1196,2662,0
1192,2666,0
1192,2666,0
1192,2666,0
1191,2654,0
1192,2638,0
1192,2618,0
1192,2590,0
1190,2550,0
1192,2522,0
1191,2495,0
1193,2470,0
1191,2434,0
1192,2402,0
1189,2370,0
1188,2350,0
1187,2338,0
1185,2326,0
1182,2311,0
1176,2299,0
1169,2299,1
1057,2285,0
1050,2285,0
1050,2285,0
1052,2285,0
1059,2285,0
1073,2285,0
1091,2289,0
1112,2288,0
1136,2292,0
1163,2292,0
1196,2289,0
1230,2284,0
1261,2273,0
1292,2270,0
1315,2263,0
1335,2261,0
1350,2255,1
1491,2627,0
1490,2631,0
1488,2627,0
1488,2623,0
1484,2607,0
1481,2591,0
1475,2564,0
1469,2537,0
1464,2505,0
1460,2470,0
1453,2426,0
1450,2390,0
1445,2358,0
1441,2335,0
1438,2315,0
1434,2304,0
1434,2304,0
1434,2304,0
1433,2304,0
1433,2307,0
1432,2320,0
1432,2352,0
1430,2385,0
1431,2421,0
1428,2446,0
1430,2470,0
1432,2482,0
1437,2489,0
1445,2497,0
1450,2496,0
1454,2495,0
1455,2487,0
1459,2482,0
1467,2473,0
1478,2462,0
1491,2452,0
1502,2442,0
1515,2443,0
1526,2445,0
1538,2456,0
1552,2473,0
1561,2487,0
1568,2507,0
1571,2530,0
1569,2559,0
1562,2593,0
1557,2623,0
1556,2631,0
1560,2622,1
1639,2613,0
1640,2614,0
1638,2610,0
1640,2609,0
1643,2596,0
1648,2575,0
1651,2540,0
1656,2507,0
1657,2473,1
1616,2289,0
1606,2280,0
1604,2277,0
1598,2265,0
1597,2253,1
1808,2422,0
1810,2421,0
1809,2417,0
1809,2417,0
1802,2411,0
1791,2410,0
1777,2419,0
1761,2437,0
1744,2458,0
1735,2486,0
1734,2511,0
1740,2535,0
1746,2550,0
1754,2564,0
1758,2575,0
1756,2584,0
1752,2593,0
1743,2596,0
1737,2598,0
1723,2593,0
1704,2581,1
2136,2557,0
2135,2554,0
2133,2546,0
2130,2526,0
2130,2499,1
2106,2254,0
2101,2248,0
2096,2241,0
2098,2241,0
2096,2232,1
2285,2404,0
2284,2405,0
2284,2405,0
2285,2405,0
2275,2396,0
2270,2400,0
2256,2403,0
2239,2411,0
2223,2428,0
2213,2446,0
2207,2458,0
2212,2478,0
2221,2497,0
2228,2511,0
2235,2525,0
2242,2539,0
2242,2543,0
2245,2546,0
2244,2547,0
2239,2550,0
2219,2559,0
2200,2569,0
2190,2573,0
2183,2563,0
2179,2538,1
2544,2254,0
2543,2251,0
2541,2247,0
2541,2247,0
2539,2248,0
2545,2263,0
2548,2295,0
2547,2335,0
2549,2386,0
2548,2439,0
2548,2488,0
2549,2525,0
2548,2548,0
2546,2559,0
2548,2567,0
2544,2565,0
2538,2560,1
2470,2461,0
2470,2461,0
2469,2456,0
2478,2460,0
2496,2459,0
2520,2458,0
2540,2454,0
2559,2451,0
2577,2450,0
2593,2444,0
2610,2437,0
2629,2434,0
2642,2434,1
2678,2511,0
2679,2516,0
2678,2512,0
2675,2505,0
2671,2487,0
2669,2460,0
2669,2426,0
2663,2381,0
2663,2342,0
2661,2304,0
2662,2273,0
2663,2252,0
2661,2239,0
2661,2233,0
2661,2233,0
2659,2235,0
2659,2249,1
2652,2399,0
2654,2417,0
2661,2432,0
2663,2434,0
2674,2437,0
2680,2427,0
2691,2415,0
2700,2403,0
2712,2395,0
2727,2393,0
2738,2396,0
2748,2404,0
2753,2420,0
2755,2447,0
2754,2478,0
2750,2506,0
2751,2525,0
2751,2529,0
2748,2526,0
2755,2527,1
2811,2477,0
2811,2476,0
2817,2476,0
2826,2474,0
2837,2466,0
2850,2451,0
2866,2434,0
2872,2414,0
2876,2400,0
2876,2391,0
2869,2381,0
2862,2376,0
2850,2375,0
2832,2388,0
2808,2422,0
2786,2474,0
2770,2530,0
2768,2572,0
2774,2581,0
2805,2584,0
2845,2565,0
2890,2531,0
2940,2487,0
2989,2441,0
3030,2402,1
3213,2374,0
3214,2374,0
3214,2374,0
3214,2374,0
3221,2383,0
3236,2402,0
3246,2426,0
3257,2455,0
3266,2484,0
3276,2507,0
3283,2518,0
3293,2524,0
3300,2523,0
3311,2519,0
3318,2501,0
3326,2470,0
3334,2435,0
3343,2398,0
3351,2366,0
3361,2339,0
3372,2316,1
3384,2431,0
3382,2444,0
3385,2452,0
3393,2456,0
3404,2456,0
3419,2451,0
3433,2443,0
3442,2428,0
3455,2414,0
3465,2398,0
3469,2376,0
3472,2355,0
3468,2335,0
3465,2327,0
3457,2324,0
3443,2326,0
3428,2337,0
3413,2354,0
3401,2379,0
3390,2406,0
3382,2432,0
3384,2459,0
3387,2478,0
3401,2499,0
3419,2514,0
3443,2524,0
3465,2525,0
3485,2521,0
3501,2510,0
3518,2499,0
3525,2479,0
3532,2456,0
3532,2426,0
3532,2402,0
3530,2386,0
3530,2379,0
3531,2379,0
3537,2378,0
3545,2376,0
3555,2376,0
3571,2377,0
3588,2376,0
3605,2374,0
3619,2370,0
3638,2367,1
3747,2324,0
3742,2323,0
3737,2322,0
3732,2323,0
3725,2324,0
3719,2332,0
3715,2350,0
3711,2372,0
3721,2399,0
3729,2414,0
3739,2427,0
3749,2439,0
3752,2449,0
3754,2458,0
3748,2460,0
3740,2463,0
3725,2461,0
3703,2457,0
3682,2456,0
3658,2459,0
3641,2461,0
3639,2463,0
3638,2458,0
3648,2453,1
3843,2363,0
3842,2371,0
3846,2379,0
3853,2383,0
3864,2382,0
3875,2376,0
3887,2367,0
3892,2353,0
3899,2344,0
3901,2335,0
3892,2326,0
3882,2320,0
3868,2318,0
3851,2328,0
3822,2350,0
3800,2391,0
3783,2437,0
3777,2475,0
3790,2496,0
3818,2500,0
3861,2492,0
3909,2473,0
3952,2439,0
4000,2403,0
4043,2366,1
4075,2323,0
4076,2327,0
4076,2327,0
4077,2326,0
4077,2326,0
4073,2325,0
4072,2326,0
4072,2326,0
4070,2328,1
4071,2455,0
4062,2467,0
4062,2467,0
4063,2466,0
4066,2467,0
4063,2464,0
4064,2463,0
4065,2462,0
4067,2459,1
4396,2478,0
4396,2476,0
4395,2472,0
4392,2462,0
4394,2446,0
4394,2423,0
4400,2393,0
4398,2359,0
4399,2329,0
4396,2304,0
4396,2282,0
4393,2265,0
4390,2241,0
4386,2215,0
4385,2195,0
4374,2181,0
4367,2177,1
4279,2168,0
4279,2169,0
4283,2170,0
4292,2170,0
4314,2172,0
4342,2173,0
4372,2169,0
4401,2162,0
4427,2157,0
4452,2153,0
4479,2147,0
4505,2141,0
4528,2134,1
4602,2406,1
4584,2418,0
4588,2420,0
4584,2418,0
4585,2417,0
4585,2417,0
4586,2415,0
4584,2412,0
4582,2408,0
4582,2400,0
4576,2387,0
4573,2370,0
4570,2344,0
4570,2321,0
4566,2297,0
4564,2279,0
4564,2262,0
4560,2244,0
4566,2227,0
4567,2211,0
4570,2198,0
4570,2196,0
4567,2195,0
4569,2199,0
4568,2200,0
4572,2210,0
4568,2231,0
4569,2261,0
4568,2294,0
4568,2324,0
4570,2343,0
4567,2347,0
4571,2351,0
4574,2352,0
4572,2349,0
4573,2347,0
4574,2345,0
4579,2338,0
4587,2325,0
4600,2311,0
4612,2299,0
4625,2292,0
4640,2291,0
4656,2296,0
4671,2302,0
4683,2312,0
4693,2327,0
4702,2350,0
4709,2379,0
4707,2404,0
4712,2427,0
4708,2440,0
4708,2440,1
4773,2341,0
4771,2345,0
4775,2345,0
4780,2345,0
4785,2345,0
4792,2341,0
4806,2339,0
4816,2333,0
4827,2327,0
4838,2317,0
4850,2304,0
4863,2288,0
4873,2271,0
4875,2259,0
4876,2258,0
4876,2256,0
4869,2254,0
4860,2253,0
4846,2253,0
4834,2259,0
4811,2268,0
4791,2287,0
4772,2311,0
4758,2335,0
4743,2360,0
4739,2383,0
4736,2395,0
4746,2410,0
4760,2425,0
4777,2435,0
4802,2441,0
4829,2435,0
4863,2425,0
4897,2407,0
4930,2389,0
4955,2370,0
4975,2350,1
5325,2216,0
5326,2214,0
5325,2215,0
5325,2215,0
5326,2214,0
5326,2214,0
5321,2213,0
5317,2215,0
5307,2217,0
5291,2220,0
5279,2228,0
5270,2237,0
5262,2246,0
5248,2256,0
5231,2271,0
5218,2295,0
5206,2320,0
5194,2342,0
5187,2364,0
5186,2382,0
5192,2398,0
5197,2412,0
5208,2427,0
5220,2437,0
5238,2446,0
5259,2449,0
5282,2449,0
5306,2446,0
5332,2440,0
5361,2429,0
5380,2417,0
5400,2404,0
5417,2388,0
5424,2376,0
5427,2369,0
5427,2369,0
5423,2362,0
5412,2355,0
5402,2349,0
5389,2347,0
5372,2346,0
5361,2350,0
5356,2351,0
5355,2352,0
5356,2350,0
5360,2352,0
5368,2355,0
5380,2357,0
5394,2357,0
5408,2354,0
5419,2351,0
5428,2351,0
5436,2352,0
5438,2358,0
5441,2371,0
5441,2386,0
5439,2399,0
5436,2414,0
5433,2428,0
5432,2439,0
5434,2446,0
5436,2447,0
5436,2447,0
5437,2446,0
5434,2444,0
5431,2441,0
5430,2434,0
5435,2425,0
5436,2415,1
5489,2398,0
5489,2397,0
5494,2398,0
5502,2400,0
5511,2399,0
5520,2391,0
5537,2383,0
5551,2372,0
5564,2363,0
5573,2355,0
5577,2347,0
5585,2341,0
5583,2334,0
5579,2333,0
5581,2329,0
5569,2326,0
5561,2326,0
5546,2329,0
5529,2336,0
5510,2347,0
5498,2363,0
5486,2378,0
5473,2395,0
5468,2412,0
5468,2431,0
5472,2449,0
5479,2461,0
5490,2466,0
5512,2466,0
5530,2459,0
5553,2449,0
5571,2432,0
5590,2409,1
5666,2420,0
5659,2425,0
5654,2425,0
5652,2421,0
5652,2412,0
5647,2403,0
5652,2394,0
5650,2381,0
5656,2368,0
5660,2359,0
5670,2347,0
5682,2340,0
5690,2333,0
5696,2330,0
5707,2333,0
5713,2338,0
5723,2347,0
5725,2362,0
5732,2375,0
5730,2388,0
5736,2395,0
5740,2396,0
5744,2396,0
5747,2389,0
5752,2379,0
5764,2371,0
5779,2359,0
5794,2347,0
5805,2341,0
5819,2340,0
5827,2342,0
5836,2350,0
5847,2364,0
5850,2379,0
5854,2397,0
5856,2414,0
5856,2420,0
5856,2420,0
5865,2422,0
5871,2418,0
5873,2413,1
6070,2426,0
6071,2425,0
6072,2421,0
6068,2411,0
6070,2398,0
6066,2386,0
6061,2375,0
6054,2366,0
6039,2359,0
6022,2357,0
6005,2355,0
5991,2357,0
5974,2366,0
5956,2376,0
5931,2393,0
5916,2414,0
5908,2434,0
5903,2444,0
5909,2450,0
5920,2454,0
5930,2453,0
5948,2450,0
5962,2440,0
5984,2423,0
6004,2397,0
6020,2369,0
6031,2347,0
6034,2330,0
6026,2318,0
6013,2309,0
5993,2304,0
5972,2300,0
5954,2303,0
5938,2309,0
5922,2315,0
5919,2323,0
5927,2333,1
6123,2405,0
6119,2405,0
6112,2401,0
6110,2396,0
6107,2382,0
6099,2369,0
6101,2355,0
6093,2343,0
6092,2334,0
6095,2328,0
6097,2323,0
6104,2318,0
6115,2313,0
6130,2309,0
6140,2306,0
6150,2311,0
6165,2318,1
6382,2401,0
6378,2400,0
6382,2401,0
6382,2399,0
6383,2398,0
6380,2396,0
6377,2391,0
6372,2384,0
6362,2376,0
6352,2369,0
6340,2365,0
6325,2360,0
6312,2361,0
6297,2366,0
6280,2374,0
6261,2388,0
6249,2408,0
6235,2419,0
6237,2424,0
6248,2430,0
6259,2433,0
6278,2432,0
6294,2424,0
6317,2409,0
6347,2392,0
6372,2363,0
6396,2336,0
6413,2313,0
6414,2301,0
6405,2292,0
6394,2287,0
6372,2278,0
6349,2280,0
6314,2282,0
6276,2292,0
6242,2310,0
6217,2320,1