gesture, So we have got
576
544,2921,0
543,2913,0
554,2907,0
563,2900,0
566,2893,0
564,2888,0
557,2875,0
544,2869,0
524,2860,0
499,2863,0
472,2878,0
441,2883,0
415,2905,0
393,2937,0
381,2958,0
378,2987,0
384,3004,0
398,3012,0
418,3021,0
443,3018,0
472,3008,0
498,2989,0
519,2965,0
536,2944,0
546,2926,0
552,2911,0
554,2907,0
554,2902,0
552,2907,0
552,2923,0
553,2947,0
557,2989,0
563,3030,0
571,3077,0
580,3127,0
586,3172,0
587,3217,0
583,3257,0
571,3288,0
557,3310,0
540,3327,0
519,3336,0
496,3335,0
474,3319,0
458,3312,0
443,3288,0
445,3264,0
453,3246,0
468,3224,0
489,3209,0
514,3188,0
544,3157,0
576,3134,0
612,3103,0
648,3073,0
685,3042,0
718,3014,0
747,2977,0
770,2943,0
786,2917,0
798,2895,0
803,2871,0
803,2851,0
799,2838,0
790,2829,0
780,2832,0
764,2835,0
745,2848,0
726,2870,0
710,2892,0
701,2915,0
699,2947,0
702,2975,0
710,3001,0
722,3023,0
740,3037,0
762,3047,0
784,3049,0
808,3052,0
831,3049,0
853,3040,0
875,3034,0
895,3015,0
916,2996,0
935,2972,0
956,2958,0
977,2947,0
997,2936,0
1015,2936,0
1033,2941,0
1049,2948,0
1060,2965,0
1065,2985,0
1062,2996,0
1054,3017,0
1040,3028,0
1020,3040,0
1000,3052,0
982,3059,0
972,3071,0
968,3075,0
968,3075,0
971,3075,0
977,3071,0
991,3063,0
1009,3044,0
1030,3024,0
1056,3001,0
1086,2972,0
1115,2941,0
1145,2904,0
1173,2867,0
1201,2835,0
1227,2801,0
1249,2775,0
1268,2754,0
1281,2737,0
1288,2732,0
1291,2732,0
1290,2732,0
1288,2741,0
1283,2757,0
1275,2789,0
1260,2823,0
1245,2864,0
1230,2904,0
1220,2945,0
1216,2982,0
1219,3025,0
1230,3060,0
1249,3084,0
1276,3098,0
1304,3100,0
1329,3094,0
1343,3076,0
1344,3052,1
1144,2931,0
1148,2936,0
1170,2935,0
1204,2934,0
1244,2924,0
1288,2921,0
1332,2913,0
1375,2901,0
1411,2888,0
1440,2885,0
1456,2878,0
1464,2881,0
1466,2890,0
1461,2906,0
1452,2936,0
1440,2962,0
1436,2994,0
1438,3014,0
1447,3029,0
1464,3035,0
1488,3031,0
1520,3023,0
1551,3006,0
1580,2980,0
1607,2951,0
1630,2926,0
1648,2910,0
1655,2900,0
1655,2900,0
1653,2905,0
1649,2919,0
1640,2941,0
1633,2970,0
1632,2999,0
1640,3022,0
1658,3035,0
1684,3042,0
1713,3044,0
1742,3042,0
1773,3042,0
1800,3043,0
1821,3051,0
1834,3064,0
1839,3075,0
1841,3083,0
1840,3083,0
1839,3079,0
1838,3071,0
1833,3047,0
1831,3019,0
1829,2982,0
1829,2954,0
1828,2934,0
1828,2921,0
1830,2916,0
1831,2916,0
1840,2922,0
1857,2934,0
1884,2951,0
1915,2958,0
1958,2970,0
2000,2974,0
2040,2973,0
2075,2969,0
2101,2960,0
2119,2949,0
2126,2942,0
2123,2935,0
2115,2925,0
2098,2918,0
2072,2914,0
2042,2917,0
2014,2926,0
1992,2938,0
1979,2955,0
1973,2970,0
1977,2985,0
1992,3006,0
2017,3023,0
2050,3037,0
2087,3045,0
2125,3057,0
2160,3066,0
2193,3075,0
2215,3079,0
2234,3085,0
2246,3088,0
2246,3079,0
2246,3071,1
2357,3064,0
2356,3069,0
2351,3083,0
2342,3117,0
2326,3155,0
2312,3196,0
2296,3232,0
2279,3260,0
2263,3275,1
2984,2700,0
2987,2689,0
2984,2680,0
2970,2671,0
2946,2669,0
2914,2673,0
2876,2682,0
2835,2696,0
2792,2714,0
2761,2740,0
2736,2766,0
2725,2791,0
2728,2823,0
2743,2852,0
2772,2885,0
2806,2916,0
2849,2951,0
2893,2983,0
2931,3011,0
2956,3033,0
2969,3054,0
2968,3069,0
2953,3078,0
2922,3088,0
2881,3095,0
2833,3096,0
2789,3098,0
2750,3098,0
2729,3096,1
3124,2941,0
3128,2943,0
3128,2943,0
3125,2946,0
3112,2954,0
3091,2970,0
3069,2991,0
3054,3015,0
3047,3035,0
3050,3052,0
3065,3066,0
3085,3076,0
3107,3076,0
3137,3079,0
3166,3073,0
3197,3066,0
3221,3053,0
3237,3036,0
3247,3018,0
3252,3000,0
3247,2978,0
3234,2963,0
3211,2950,0
3180,2938,0
3146,2935,0
3115,2943,0
3085,2955,0
3055,2970,0
3037,2988,1
3583,2900,0
3580,2885,0
3582,2885,0
3579,2886,0
3576,2906,0
3566,2942,0
3563,2987,0
3565,3028,0
3567,3058,0
3572,3074,0
3588,3088,0
3604,3084,0
3624,3067,0
3650,3038,0
3676,3010,0
3694,2987,0
3707,2976,0
3714,2975,0
3715,2979,0
3720,3001,0
3725,3030,0
3735,3059,0
3746,3076,0
3759,3085,0
3773,3088,0
3788,3081,0
3802,3062,0
3816,3033,0
3826,3000,0
3837,2973,0
3841,2952,0
3842,2940,0
3841,2935,0
3842,2934,0
3844,2938,0
3857,2953,0
3881,2975,0
3901,2982,0
3929,2989,0
3956,2983,0
3988,2973,0
4011,2955,0
4029,2935,0
4039,2914,0
4039,2901,0
4029,2889,0
4012,2885,0
3990,2890,0
3963,2901,0
3946,2925,0
3928,2955,0
3925,2987,0
3937,3021,0
3966,3052,0
4005,3076,0
4058,3091,0
4114,3091,0
4171,3083,0
4220,3066,0
4258,3042,0
4289,3013,1
4449,2676,0
4450,2668,0
4451,2668,0
4451,2674,0
4449,2697,0
4447,2741,0
4435,2795,0
4424,2853,0
4420,2910,0
4449,3025,0
4454,3025,0
4468,3020,0
4486,2999,0
4510,2969,0
4536,2932,0
4596,2867,0
4611,2868,0
4614,2871,0
4621,2888,0
4627,2919,0
4629,2956,0
4634,2995,0
4638,3028,0
4667,3068,0
4684,3072,0
4710,3071,0
4737,3064,1
4875,2949,0
4868,2931,0
4855,2915,0
4840,2907,0
4814,2904,0
4783,2905,0
4754,2924,0
4724,2945,0
4701,2973,0
4690,3001,0
4690,3019,0
4702,3037,0
4724,3048,0
4749,3048,0
4780,3042,0
4806,3028,0
4834,3004,0
4854,2977,0
4869,2944,0
4879,2917,0
4881,2900,0
4881,2894,0
4881,2894,0
4878,2897,0
4876,2919,0
4875,2956,0
4873,2992,0
4880,3022,0
4895,3042,0
4909,3057,0
4932,3061,0
4954,3057,0
4972,3040,0
4988,3017,0
5006,2987,0
5022,2958,0
5028,2934,0
5029,2919,0
5035,2918,0
5033,2919,0
5031,2930,0
5033,2962,0
5034,2995,0
5039,3030,0
5049,3057,0
5061,3074,0
5071,3081,0
5085,3081,0
5089,3069,0
5101,3045,0
5107,3010,0
5112,2982,0
5116,2955,0
5109,2937,0
5112,2926,0
5110,2922,0
5114,2922,0
5118,2931,0
5131,2941,0
5148,2958,0
5175,2975,0
5208,2984,0
5246,2992,0
5283,2994,0
5322,2993,0
5349,2981,0
5371,2971,0
5383,2959,0
5383,2945,0
5375,2934,0
5366,2926,0
5351,2920,0
5329,2918,0
5309,2926,0
5295,2941,0
5289,2963,0
5291,2983,0
5304,3006,0
5324,3033,0
5349,3053,0
5383,3074,0
5419,3092,0
5456,3109,0
5486,3123,0
5505,3138,1
5909,2997,0
5916,2985,0
5916,2969,0
5914,2958,0
5904,2949,0
5892,2947,0
5877,2948,0
5854,2955,0
5827,2965,0
5800,2985,0
5786,3008,0
5778,3029,0
5777,3045,0
5786,3055,0
5797,3059,0
5817,3056,0
5842,3040,0
5873,3018,0
5898,3001,0
5921,2984,0
5938,2972,0
5940,2967,0
5945,2967,0
5949,2977,0
5953,3001,0
5955,3037,0
5967,3088,0
5969,3154,0
5976,3220,0
5981,3285,0
5986,3339,0
5980,3391,0
5959,3429,0
5935,3464,0
5901,3487,0
5861,3496,0
5821,3489,0
5779,3473,0
5749,3447,0
5725,3416,0
5716,3375,0
5723,3336,0
5745,3288,0
5781,3242,0
5824,3196,1
6218,2971,0
6225,2967,0
6224,2960,0
6223,2955,0
6215,2951,0
6197,2951,0
6179,2959,0
6148,2972,0
6124,2992,0
6101,3017,0
6086,3043,0
6082,3066,0
6085,3083,0
6097,3095,0
6118,3099,0
6141,3098,0
6173,3085,0
6197,3065,0
6216,3040,0
6226,3015,0
6228,2994,0
6231,2980,0
6229,2967,0
6220,2958,0
6216,2957,0
6209,2961,0
6208,2972,0
6206,2984,0
6215,2994,0
6232,3005,0
6257,3006,0
6291,3004,0
6333,2993,0
6372,2972,0
6413,2945,0
6449,2909,0
6488,2869,0
6519,2832,0
6544,2799,0
6562,2771,0
6576,2753,0
6577,2740,0
6577,2738,0
6577,2740,0
6570,2755,0
6557,2782,0
6539,2821,0
6515,2867,0
6495,2917,0
6475,2964,0
6471,3014,0
6479,3060,0
6494,3099,0
6523,3131,0
6557,3152,0
6588,3160,0
6613,3157,1
6420,2916,0
6423,2910,0
6442,2898,0
6476,2893,0
6529,2894,0
6581,2897,0
6636,2903,0
6684,2914,0
6722,2929,1