survival after death and
411
1149,3267,0
1129,3269,0
1107,3280,0
1096,3300,0
1084,3321,0
1086,3349,0
1091,3369,0
1101,3389,0
1112,3404,0
1121,3420,0
1122,3424,0
1121,3428,0
1110,3432,0
1093,3436,0
1077,3437,0
1063,3428,0
1055,3421,1
1227,3321,0
1228,3321,0
1230,3329,0
1230,3333,0
1231,3345,0
1229,3361,0
1227,3373,0
1228,3389,0
1231,3397,0
1237,3401,0
1249,3404,0
1261,3399,0
1274,3395,0
1287,3394,0
1296,3393,0
1303,3397,0
1309,3404,0
1312,3412,0
1319,3420,0
1327,3431,0
1334,3427,1
1377,3367,0
1377,3370,0
1374,3379,0
1373,3391,0
1374,3403,0
1372,3411,0
1371,3411,0
1371,3411,0
1372,3411,0
1372,3407,0
1377,3403,0
1382,3390,0
1389,3382,0
1395,3369,0
1405,3368,0
1415,3359,0
1426,3358,1
1501,3345,0
1503,3349,0
1509,3360,0
1515,3371,0
1519,3378,0
1524,3390,0
1527,3398,0
1532,3405,0
1533,3405,0
1534,3405,0
1538,3400,0
1547,3391,0
1556,3378,1
1631,3354,0
1630,3349,0
1632,3357,0
1631,3361,0
1631,3373,1
1640,3324,0
1635,3320,0
1635,3320,0
1635,3312,0
1641,3311,1
1737,3341,0
1739,3353,0
1742,3369,0
1746,3388,0
1747,3400,0
1754,3411,0
1759,3419,0
1763,3417,0
1769,3416,0
1780,3410,0
1795,3395,0
1813,3382,0
1826,3367,1
1970,3371,0
1970,3367,0
1971,3367,0
1972,3370,0
1968,3368,0
1956,3363,0
1941,3370,0
1918,3377,0
1898,3387,0
1888,3392,0
1888,3397,0
1891,3396,0
1901,3394,0
1914,3390,0
1925,3383,0
1939,3380,0
1950,3381,0
1956,3379,0
1963,3381,0
1968,3388,0
1971,3391,0
1976,3399,0
1981,3402,0
1986,3404,0
1990,3403,1
2034,3303,0
2036,3298,0
2036,3294,0
2036,3293,0
2038,3298,0
2038,3310,0
2038,3327,0
2039,3343,0
2043,3358,1
2609,3405,0
2611,3404,0
2614,3399,0
2615,3389,0
2616,3380,0
2613,3373,0
2599,3366,0
2577,3363,0
2552,3370,0
2528,3382,0
2507,3391,0
2502,3402,0
2504,3410,0
2509,3411,0
2526,3417,0
2546,3417,0
2569,3416,0
2592,3414,0
2614,3411,0
2632,3412,0
2643,3416,0
2647,3419,0
2651,3426,0
2654,3433,0
2661,3438,1
2841,3332,0
2840,3322,0
2839,3310,0
2837,3297,0
2833,3286,1
2797,3274,0
2781,3277,0
2768,3290,0
2756,3305,0
2748,3327,0
2741,3349,0
2741,3381,0
2739,3408,0
2741,3435,0
2748,3463,0
2752,3483,0
2756,3498,1
2692,3365,0
2689,3362,0
2699,3366,0
2713,3363,0
2736,3361,1
2839,3373,0
2842,3377,0
2850,3376,0
2862,3370,0
2881,3364,1
2895,3296,0
2893,3298,0
2892,3298,0
2895,3306,0
2897,3318,0
2899,3336,0
2902,3356,0
2905,3374,0
2907,3386,1
2965,3385,0
2970,3387,0
2980,3385,0
2999,3384,0
3024,3378,1
3101,3363,0
3105,3366,0
3104,3366,0
3098,3370,0
3086,3378,0
3073,3385,0
3064,3395,0
3065,3404,0
3071,3410,0
3083,3412,0
3103,3414,0
3124,3410,0
3144,3402,0
3164,3395,0
3179,3384,0
3192,3375,0
3197,3367,0
3201,3361,0
3201,3351,0
3208,3346,1
3901,3383,0
3896,3376,0
3891,3370,0
3881,3363,0
3863,3357,0
3841,3356,0
3814,3362,0
3788,3374,0
3766,3388,0
3757,3399,0
3755,3407,0
3757,3411,0
3771,3414,0
3790,3409,0
3811,3397,0
3836,3380,0
3864,3362,0
3886,3337,0
3906,3315,0
3915,3296,0
3923,3288,0
3924,3286,0
3924,3286,0
3921,3289,0
3911,3303,0
3901,3324,0
3897,3349,0
3899,3368,0
3917,3390,0
3933,3402,0
3959,3411,0
3986,3414,0
4018,3411,0
4050,3405,0
4077,3396,0
4098,3382,0
4109,3371,0
4116,3364,0
4111,3358,0
4101,3351,0
4084,3351,0
4063,3354,0
4053,3370,0
4041,3380,0
4036,3390,0
4046,3404,0
4057,3409,0
4075,3414,0
4100,3413,1
4281,3395,0
4283,3392,0
4285,3385,0
4292,3378,0
4291,3368,0
4289,3358,0
4281,3349,0
4269,3344,0
4254,3343,0
4240,3351,0
4219,3361,0
4200,3372,0
4191,3382,0
4191,3387,0
4195,3389,0
4209,3392,0
4223,3389,0
4244,3386,0
4262,3380,0
4277,3370,0
4292,3372,0
4297,3373,0
4297,3373,0
4299,3377,0
4302,3385,0
4305,3393,0
4311,3399,0
4320,3407,0
4328,3410,1
4360,3370,0
4360,3371,0
4366,3370,0
4386,3373,0
4408,3368,0
4437,3366,0
4461,3365,0
4478,3363,0
4492,3360,1
4410,3296,0
4407,3294,0
4409,3298,0
4410,3303,0
4410,3313,0
4411,3329,0
4409,3350,0
4410,3371,0
4410,3389,1
4558,3284,0
4554,3287,0
4560,3304,0
4560,3327,0
4563,3349,0
4571,3369,0
4573,3385,0
4580,3401,0
4592,3411,0
4606,3421,0
4621,3421,0
4645,3425,0
4664,3421,0
4683,3424,0
4698,3426,0
4708,3433,0
4715,3437,0
4721,3443,0
4729,3446,0
4734,3446,0
4739,3446,1
5684,3482,0
5691,3472,0
5697,3463,0
5701,3451,0
5705,3438,0
5709,3428,0
5697,3416,0
5678,3407,0
5653,3409,0
5622,3416,0
5593,3431,0
5573,3445,0
5566,3460,0
5569,3469,0
5583,3479,0
5603,3484,0
5628,3484,0
5653,3478,0
5682,3471,0
5703,3462,0
5719,3454,0
5726,3450,0
5731,3450,0
5728,3448,0
5730,3451,0
5733,3456,0
5735,3460,0
5747,3462,0
5762,3462,1
5854,3414,0
5856,3411,0
5853,3415,0
5851,3424,0
5849,3436,0
5850,3448,0
5853,3457,0
5858,3463,0
5870,3467,0
5885,3467,0
5902,3464,0
5921,3457,0
5942,3455,0
5959,3452,0
5972,3453,0
5984,3458,0
5990,3462,0
6001,3468,0
6005,3467,0
6017,3471,0
6027,3472,1
6189,3473,0
6191,3469,0
6186,3464,0
6179,3458,0
6171,3456,0
6161,3456,0
6145,3460,0
6129,3469,0
6112,3481,0
6108,3495,0
6109,3506,0
6118,3515,0
6130,3518,0
6145,3517,0
6168,3513,0
6194,3503,0
6213,3486,0
6239,3470,0
6260,3452,0
6278,3431,0
6290,3412,0
6298,3397,0
6301,3385,0
6301,3378,0
6297,3376,0
6296,3378,0
6285,3388,0
6278,3407,0
6266,3426,0
6272,3447,0
6284,3465,0
6302,3481,0
6324,3491,1