children. Kant And the utilitarians.
812
1154,2492,0
1151,2487,0
1147,2487,0
1136,2480,0
1122,2480,0
1106,2485,0
1086,2493,0
1062,2504,0
1037,2524,0
1013,2548,0
992,2567,0
980,2591,0
977,2611,0
981,2622,0
995,2635,0
1013,2636,0
1030,2636,0
1044,2641,0
1050,2637,0
1053,2637,0
1058,2629,1
1286,2303,0
1293,2302,0
1293,2302,0
1295,2322,0
1269,2352,0
1260,2381,0
1250,2427,0
1231,2471,0
1206,2518,0
1182,2562,0
1165,2599,0
1153,2615,0
1154,2623,0
1155,2623,0
1163,2619,0
1176,2598,0
1194,2574,0
1217,2549,0
1242,2531,0
1262,2518,0
1277,2513,0
1284,2516,0
1286,2519,0
1285,2532,0
1281,2552,0
1274,2569,0
1266,2586,0
1264,2606,0
1262,2618,0
1265,2630,0
1271,2637,0
1279,2637,0
1293,2627,1
1385,2517,0
1386,2521,0
1388,2525,0
1387,2525,0
1388,2545,0
1385,2565,0
1381,2590,0
1380,2606,0
1384,2618,1
1476,2350,0
1474,2338,0
1478,2336,0
1481,2336,1
1564,2278,0
1563,2277,0
1563,2278,0
1563,2287,0
1557,2304,0
1548,2327,0
1535,2358,0
1520,2393,0
1505,2437,0
1492,2476,0
1483,2510,0
1481,2543,0
1480,2563,0
1483,2575,0
1491,2586,0
1500,2589,0
1512,2586,1
1668,2508,0
1668,2508,0
1665,2501,0
1660,2490,0
1651,2478,0
1640,2473,0
1627,2473,0
1609,2476,0
1593,2497,0
1578,2520,0
1569,2539,0
1568,2551,0
1575,2557,0
1587,2559,0
1603,2548,0
1624,2531,0
1642,2506,0
1658,2477,0
1676,2444,0
1690,2403,0
1708,2365,0
1724,2330,0
1737,2306,0
1747,2290,0
1749,2281,0
1749,2281,0
1751,2285,0
1750,2293,0
1745,2321,0
1740,2355,0
1730,2396,0
1718,2445,0
1708,2490,0
1702,2528,0
1699,2553,0
1701,2569,0
1706,2573,1
1795,2464,0
1793,2461,0
1793,2465,0
1794,2485,0
1790,2507,0
1784,2526,0
1781,2543,0
1780,2548,0
1783,2552,0
1782,2547,0
1785,2529,0
1793,2502,0
1804,2470,0
1816,2440,0
1831,2419,0
1839,2412,0
1843,2410,0
1850,2417,0
1861,2429,0
1870,2434,0
1879,2432,1
1904,2482,0
1900,2488,0
1900,2497,0
1902,2500,0
1911,2505,0
1927,2504,0
1945,2492,0
1966,2480,0
1983,2466,0
1997,2447,0
2010,2433,0
2014,2418,0
2011,2411,0
2006,2409,0
1999,2412,0
1989,2425,0
1970,2445,0
1952,2469,0
1940,2495,0
1938,2521,0
1937,2530,0
1948,2539,0
1964,2537,0
1987,2528,0
2007,2516,1
2094,2427,0
2092,2433,0
2091,2437,0
2089,2451,0
2089,2469,0
2089,2487,0
2087,2496,0
2087,2500,0
2087,2500,0
2087,2497,0
2088,2491,0
2097,2470,0
2114,2445,0
2127,2412,0
2146,2395,0
2162,2382,0
2171,2379,0
2178,2384,0
2181,2391,0
2183,2408,0
2182,2431,0
2179,2453,0
2173,2475,0
2173,2497,0
2176,2509,0
2188,2511,0
2207,2507,0
2227,2493,0
2246,2475,1
2310,2532,0
2307,2538,0
2307,2538,0
2307,2538,0
2304,2536,0
2305,2538,0
2304,2539,0
2304,2540,0
2303,2540,0
2299,2537,0
2299,2537,0
2301,2536,0
2304,2536,1
2911,2229,0
2911,2229,0
2910,2230,0
2912,2234,0
2908,2236,0
2905,2245,0
2899,2261,0
2893,2287,0
2875,2314,0
2861,2350,0
2837,2386,0
2813,2429,0
2787,2469,0
2765,2509,0
2743,2540,0
2721,2564,0
2704,2586,0
2694,2602,0
2690,2610,0
2690,2610,0
2687,2608,0
2688,2606,0
2686,2603,0
2687,2602,0
2691,2599,0
2696,2587,0
2703,2573,0
2714,2555,0
2736,2536,0
2762,2507,0
2790,2472,0
2826,2434,0
2866,2393,0
2902,2347,0
2941,2310,0
2979,2276,0
3011,2246,0
3036,2223,0
3057,2207,0
3070,2202,0
3066,2200,1
2926,2349,0
2924,2350,0
2929,2361,0
2931,2376,0
2928,2399,0
2925,2427,0
2923,2455,0
2923,2480,0
2921,2502,0
2920,2523,0
2923,2541,0
2924,2540,0
2936,2531,1
3189,2451,0
3191,2440,0
3192,2428,0
3190,2418,0
3180,2412,0
3170,2405,0
3159,2398,0
3140,2399,0
3117,2415,0
3089,2434,0
3068,2464,0
3058,2494,0
3054,2518,0
3058,2540,0
3067,2554,0
3080,2558,0
3099,2553,0
3118,2537,0
3137,2515,0
3162,2493,0
3178,2463,0
3194,2442,0
3203,2434,0
3207,2435,0
3209,2439,0
3205,2454,0
3197,2478,0
3188,2502,0
3185,2527,0
3185,2543,0
3188,2550,0
3196,2548,0
3209,2536,1
3271,2424,0
3271,2424,0
3269,2426,0
3269,2431,0
3264,2447,0
3260,2473,0
3255,2500,0
3247,2524,0
3240,2540,0
3239,2542,0
3241,2540,0
3247,2524,0
3268,2493,0
3289,2462,0
3314,2433,0
3337,2416,0
3356,2408,0
3367,2408,0
3375,2417,0
3377,2432,0
3374,2452,0
3372,2477,0
3369,2502,0
3365,2522,0
3363,2535,0
3367,2543,0
3373,2542,0
3382,2533,0
3392,2514,1
3512,2262,0
3509,2270,0
3503,2291,0
3493,2319,0
3480,2352,0
3468,2389,0
3450,2426,0
3432,2461,0
3422,2495,0
3419,2521,0
3419,2537,0
3426,2547,0
3434,2550,0
3443,2548,0
3456,2545,0
3468,2539,0
3476,2531,1
3458,2440,0
3459,2439,0
3459,2439,0
3464,2440,0
3475,2440,0
3485,2440,0
3502,2440,0
3519,2433,0
3535,2422,1
3724,2559,0
3721,2562,0
3720,2564,0
3718,2561,0
3721,2562,0
3729,2554,0
3742,2532,0
3765,2501,0
3788,2463,0
3818,2420,0
3851,2367,0
3883,2319,0
3904,2277,0
3931,2240,0
3954,2210,0
3969,2188,0
3979,2174,0
3987,2169,0
3986,2171,0
3986,2183,0
3978,2210,0
3967,2246,0
3957,2288,0
3947,2328,0
3943,2371,0
3939,2410,0
3930,2446,0
3928,2481,0
3925,2511,0
3922,2532,0
3919,2542,0
3917,2544,0
3921,2545,1
3824,2419,0
3823,2420,0
3822,2421,0
3829,2425,0
3840,2430,0
3857,2436,0
3877,2435,0
3911,2431,0
3941,2420,1
4029,2404,0
4029,2405,0
4034,2410,0
4033,2418,0
4036,2434,0
4029,2456,0
4019,2483,0
4011,2492,0
4003,2502,0
4003,2509,0
4007,2510,0
4010,2501,0
4025,2481,0
4039,2456,0
4061,2435,0
4080,2416,0
4104,2404,0
4120,2396,0
4134,2396,0
4140,2403,0
4145,2417,0
4143,2439,0
4137,2467,0
4133,2492,0
4131,2516,0
4131,2533,0
4131,2540,0
4137,2539,0
4149,2531,1
4338,2462,0
4331,2452,0
4322,2444,0
4307,2437,0
4276,2446,0
4258,2464,0
4237,2485,0
4222,2507,0
4216,2521,0
4220,2529,0
4233,2539,0
4246,2541,0
4266,2536,0
4283,2524,0
4303,2504,0
4319,2475,0
4338,2441,0
4354,2404,0
4371,2366,0
4384,2331,0
4398,2301,0
4411,2275,0
4420,2251,0
4427,2233,0
4433,2224,0
4432,2225,0
4423,2224,0
4429,2246,0
4427,2279,0
4420,2319,0
4410,2372,0
4402,2427,0
4396,2469,0
4401,2499,0
4413,2514,0
4431,2518,1
4973,2106,0
4970,2111,0
4970,2113,0
4967,2119,0
4964,2133,0
4958,2154,0
4945,2179,0
4927,2215,0
4907,2258,0
4885,2299,0
4861,2341,0
4845,2385,0
4830,2424,0
4824,2450,0
4828,2468,0
4836,2478,0
4847,2482,0
4862,2473,0
4871,2472,0
4879,2461,0
4881,2441,1
4844,2323,0
4841,2320,0
4841,2320,0
4845,2320,0
4858,2323,1
5035,2116,0
5035,2117,0
5035,2118,0
5035,2126,0
5038,2147,0
5033,2173,0
5028,2209,0
5018,2256,0
5006,2304,0
4989,2343,0
4978,2386,0
4968,2412,0
4962,2431,0
4960,2434,0
4964,2434,0
4973,2427,0
4987,2411,0
5009,2390,0
5033,2370,0
5057,2352,0
5082,2339,0
5103,2333,0
5117,2332,0
5122,2340,0
5125,2353,0
5125,2376,0
5118,2398,0
5114,2415,0
5113,2425,1
5207,2394,0
5208,2400,0
5210,2405,0
5214,2413,0
5225,2420,0
5239,2420,0
5255,2415,0
5271,2409,0
5288,2395,0
5305,2381,0
5318,2363,0
5330,2340,0
5335,2323,0
5334,2325,0
5323,2327,0
5306,2342,0
5286,2362,0
5265,2388,0
5253,2417,0
5250,2441,0
5255,2465,0
5269,2480,0
5294,2493,0
5318,2492,0
5347,2489,1
5732,2327,0
5731,2339,0
5724,2363,0
5713,2396,0
5702,2427,0
5694,2452,0
5693,2465,0
5703,2472,0
5713,2469,0
5733,2456,0
5753,2432,0
5776,2405,0
5800,2380,0
5817,2344,0
5831,2324,0
5836,2314,0
5839,2316,0
5838,2318,0
5829,2335,0
5817,2374,0
5815,2396,0
5814,2416,0
5817,2429,0
5827,2436,1
5960,2154,0
5957,2152,0
5957,2153,0
5956,2165,0
5949,2192,0
5938,2228,0
5926,2265,0
5915,2312,0
5901,2353,0
5888,2390,0
5884,2418,0
5887,2440,0
5887,2461,1
5864,2356,0
5872,2359,0
5884,2362,0
5897,2363,0
5914,2364,1
6009,2306,0
6003,2312,0
5995,2320,0
5988,2335,0
5981,2360,0
5980,2383,0
5974,2412,0
5969,2433,0
5966,2441,1
6057,2149,0
6038,2144,0
6034,2144,0
6035,2149,0
6037,2157,1
6145,2166,0
6147,2185,0
6140,2212,0
6125,2249,0
6112,2291,0
6094,2333,0
6085,2371,0
6076,2401,0
6078,2418,0
6083,2425,0
6092,2425,0
6105,2416,0
6124,2393,0
6143,2368,0
6167,2346,0
6179,2336,0
6187,2327,0
6196,2327,0
6199,2329,0
6194,2333,0
6194,2351,0
6189,2374,0
6184,2396,0
6180,2413,0
6177,2420,1
6265,2156,0
6263,2151,0
6264,2147,0
6267,2149,0
6276,2161,1
6390,2188,0
6387,2197,0
6377,2222,0
6365,2253,0
6328,2333,0
6304,2369,0
6293,2396,0
6288,2419,0
6285,2434,0
6290,2444,0
6297,2448,0
6301,2448,0
6313,2450,0
6319,2445,0
6331,2439,0
6335,2429,1
6295,2331,0
6289,2334,0
6285,2333,0
6289,2333,0
6299,2331,0
6322,2326,0
6343,2316,0
6364,2309,0
6388,2301,1
6547,2335,0
6541,2330,0
6534,2323,0
6524,2318,0
6511,2317,0
6492,2322,0
6469,2336,0
6443,2359,0
6420,2393,0
6407,2424,0
6396,2439,0
6375,2448,0
6385,2454,0
6400,2449,0
6425,2433,0
6447,2411,0
6472,2383,0
6493,2354,0
6507,2338,0
6509,2335,0
6513,2335,0
6512,2345,0
6503,2369,0
6502,2394,0
6498,2413,1
6590,2335,0
6585,2336,0
6589,2338,0
6587,2341,0
6581,2357,0
6569,2388,0
6560,2420,0
6552,2440,0
6551,2454,0
6550,2456,0
6555,2454,0
6557,2438,0
6570,2406,0
6583,2374,0
6592,2350,0
6600,2331,0
6608,2322,0
6609,2319,0
6613,2321,0
6611,2324,0
6615,2338,0
6616,2347,0
6623,2350,0
6635,2352,0
6642,2345,0
6654,2337,0
6662,2328,0
6667,2323,0
6668,2323,1
6688,2323,0
6694,2333,0
6687,2350,0
6681,2377,0
6674,2408,0
6668,2430,0
6669,2439,0
6670,2437,0
6667,2422,1
6722,2186,0
6715,2182,0
6708,2181,0
6711,2183,0
6713,2190,1
6815,2330,0
6810,2321,0
6811,2318,0
6799,2314,0
6788,2323,0
6773,2340,0
6758,2369,0
6741,2401,0
6737,2420,0
6740,2434,0
6752,2437,0
6768,2429,0
6791,2413,0
6809,2391,0
6825,2371,0
6828,2350,0
6834,2335,0
6835,2333,0
6831,2333,0
6834,2336,0
6832,2352,0
6831,2379,0
6831,2402,0
6830,2424,0
6830,2435,1
6880,2316,0
6879,2318,0
6876,2326,0
6869,2345,0
6865,2367,0
6858,2396,0
6850,2418,0
6843,2433,0
6848,2436,0
6852,2436,0
6855,2425,0
6867,2405,0
6882,2377,0
6902,2349,0
6924,2324,0
6946,2311,0
6963,2309,0
6973,2316,0
6976,2331,0
6968,2355,0
6957,2384,0
6952,2409,0
6944,2428,0
6944,2439,0
6947,2442,1
7081,2338,0
7075,2330,0
7068,2326,0
7055,2326,0
7047,2324,0
7037,2330,0
7026,2337,0
7014,2347,0
7002,2376,0
7007,2388,0
7012,2396,0
7026,2406,0
7036,2415,0
7037,2422,0
7043,2427,0
7045,2434,0
7043,2437,0
7043,2439,0
7041,2444,0
7024,2446,0
7001,2449,0
6982,2453,0
6955,2457,0
6939,2463,1
7067,2510,0
7067,2509,0
7069,2506,0
7070,2505,0
7070,2504,0
7070,2504,0
7070,2502,0
7071,2501,0
7071,2501,0
7071,2501,0
7071,2499,0
7071,2499,0
7067,2497,0
7072,2497,0
7070,2494,0
7067,2487,0
7065,2485,0
7060,2483,0
7061,2481,0
7061,2482,0
7051,2485,1