something to live by.
623
1134,1616,0
1130,1612,0
1126,1608,0
1117,1604,0
1097,1601,0
1076,1604,0
1050,1613,0
1028,1628,0
1009,1647,0
992,1662,0
985,1682,0
988,1706,0
998,1731,0
1018,1756,0
1045,1785,0
1071,1801,0
1097,1821,0
1115,1836,0
1123,1848,0
1119,1857,0
1102,1869,0
1072,1877,0
1036,1884,0
996,1883,0
960,1881,0
931,1879,0
913,1869,0
906,1856,0
914,1845,1
1230,1705,0
1220,1698,0
1213,1695,0
1202,1691,0
1191,1697,0
1181,1710,0
1167,1722,0
1155,1746,0
1145,1771,0
1144,1800,0
1146,1819,0
1157,1836,0
1172,1842,0
1193,1849,0
1218,1851,0
1237,1838,0
1260,1827,0
1280,1809,0
1291,1779,0
1298,1749,0
1298,1722,0
1289,1699,0
1281,1688,0
1265,1678,0
1249,1675,0
1242,1684,0
1233,1689,0
1231,1698,0
1243,1713,0
1258,1715,0
1282,1712,0
1313,1708,0
1341,1695,0
1370,1689,0
1391,1685,0
1401,1684,0
1405,1686,0
1408,1698,0
1411,1722,0
1408,1751,0
1404,1781,0
1404,1804,0
1404,1814,0
1409,1820,0
1411,1820,0
1410,1816,0
1414,1816,0
1423,1801,0
1437,1782,0
1453,1761,0
1473,1744,0
1491,1727,0
1515,1717,0
1534,1711,0
1551,1715,0
1561,1728,0
1568,1751,0
1568,1781,0
1568,1810,0
1567,1827,0
1569,1839,0
1575,1845,0
1576,1841,0
1586,1838,0
1599,1821,0
1619,1798,0
1643,1773,0
1664,1748,0
1686,1732,0
1701,1717,0
1713,1713,0
1715,1711,0
1720,1722,0
1715,1742,0
1708,1770,0
1704,1797,0
1699,1816,0
1702,1832,0
1713,1845,0
1726,1853,0
1746,1858,0
1769,1854,0
1796,1843,0
1827,1829,0
1855,1812,0
1877,1792,0
1894,1771,0
1906,1751,0
1909,1731,0
1911,1721,0
1906,1714,0
1899,1714,0
1886,1716,0
1872,1727,0
1861,1746,0
1851,1769,0
1844,1790,0
1845,1812,0
1851,1831,0
1862,1848,0
1877,1858,0
1895,1864,0
1920,1865,0
1945,1856,0
1976,1845,0
2009,1826,0
2036,1798,0
2066,1765,0
2095,1727,0
2123,1690,0
2147,1649,0
2167,1609,0
2181,1568,0
2195,1537,0
2203,1515,0
2210,1503,0
2208,1500,0
2207,1501,0
2205,1507,0
2200,1532,0
2193,1569,0
2187,1614,0
2180,1660,0
2176,1702,0
2181,1748,0
2182,1780,0
2187,1807,0
2193,1821,0
2203,1829,1
2128,1705,0
2130,1699,0
2149,1686,0
2177,1671,0
2205,1650,0
2239,1629,0
2268,1601,0
2300,1573,0
2323,1541,0
2347,1515,0
2364,1492,0
2379,1479,0
2386,1477,0
2382,1476,0
2381,1482,0
2375,1504,0
2368,1545,0
2357,1592,0
2347,1643,0
2339,1687,0
2336,1721,0
2342,1746,0
2354,1763,0
2362,1766,0
2375,1766,0
2396,1759,0
2425,1740,0
2450,1708,0
2476,1673,0
2499,1651,0
2509,1637,0
2519,1633,0
2519,1633,0
2518,1640,0
2516,1662,0
2508,1698,0
2504,1728,0
2509,1752,0
2515,1763,0
2531,1770,0
2546,1767,0
2570,1756,0
2597,1734,0
2622,1705,0
2648,1678,0
2662,1658,0
2672,1647,0
2676,1643,0
2676,1643,0
2673,1646,0
2673,1670,0
2665,1701,0
2661,1722,0
2664,1737,0
2673,1745,0
2685,1749,0
2698,1748,0
2714,1736,0
2735,1714,0
2764,1689,0
2794,1668,0
2816,1654,0
2827,1642,0
2840,1638,0
2847,1641,0
2854,1658,0
2853,1685,0
2844,1707,0
2847,1727,0
2849,1739,0
2857,1747,0
2861,1747,0
2871,1744,0
2890,1727,0
2919,1705,0
2946,1680,0
2976,1661,0
3001,1649,0
3017,1641,0
3028,1640,0
3029,1645,0
3033,1666,0
3027,1693,0
3019,1715,0
3028,1737,0
3034,1749,0
3048,1756,0
3069,1756,0
3095,1749,0
3124,1737,0
3152,1721,0
3175,1703,0
3189,1684,0
3193,1672,0
3190,1662,0
3175,1654,0
3159,1656,0
3137,1667,0
3117,1681,0
3110,1697,0
3111,1708,0
3117,1714,0
3130,1716,0
3151,1708,0
3177,1693,0
3198,1671,0
3216,1651,0
3227,1643,0
3232,1644,0
3231,1645,0
3235,1660,0
3240,1689,0
3240,1722,0
3243,1766,0
3242,1808,0
3248,1858,0
3255,1908,0
3252,1949,0
3245,1989,0
3230,2024,0
3206,2053,0
3177,2072,0
3146,2078,0
3115,2075,0
3084,2062,0
3060,2041,0
3041,2007,0
3030,1968,0
3018,1920,1
2721,1369,0
2718,1373,0
2714,1384,0
2708,1411,0
2704,1444,1
3666,1392,0
3667,1381,0
3670,1376,0
3670,1376,0
3668,1377,0
3665,1393,0
3653,1420,0
3635,1457,0
3620,1503,0
3603,1551,0
3595,1599,0
3593,1642,0
3597,1680,0
3612,1713,0
3625,1736,0
3639,1751,0
3658,1760,0
3673,1757,0
3687,1742,0
3689,1715,0
3678,1686,1
3546,1587,0
3549,1590,0
3560,1594,0
3585,1599,0
3630,1601,0
3677,1599,0
3728,1597,0
3775,1594,0
3813,1590,0
3840,1592,0
3856,1595,0
3858,1601,0
3851,1613,0
3836,1632,0
3824,1656,0
3812,1678,0
3815,1697,0
3826,1710,0
3846,1716,0
3868,1716,0
3899,1709,0
3928,1697,0
3952,1679,0
3967,1658,0
3974,1627,0
3970,1600,0
3957,1582,0
3922,1570,0
3898,1573,0
3870,1585,0
3849,1599,0
3831,1616,0
3819,1629,1
4169,1703,0
4168,1695,0
4174,1681,0
4186,1659,0
4204,1631,0
4225,1594,0
4251,1556,0
4266,1511,0
4280,1465,0
4287,1426,0
4292,1393,0
4296,1370,0
4292,1357,0
4288,1356,0
4288,1357,0
4283,1372,0
4276,1411,0
4266,1457,0
4262,1509,0
4266,1561,0
4279,1611,0
4296,1650,0
4319,1679,0
4338,1691,0
4369,1692,0
4406,1679,0
4441,1651,0
4468,1617,0
4497,1581,0
4509,1551,0
4519,1534,0
4521,1529,0
4517,1529,0
4519,1536,0
4514,1561,0
4509,1594,0
4507,1627,0
4513,1655,0
4526,1675,0
4539,1684,0
4561,1684,0
4584,1672,0
4608,1647,0
4630,1613,0
4644,1578,0
4659,1553,0
4665,1537,0
4667,1532,0
4666,1534,0
4664,1540,0
4661,1570,0
4659,1605,0
4662,1642,0
4672,1670,0
4688,1693,0
4704,1708,0
4724,1711,0
4743,1706,0
4760,1687,0
4777,1656,0
4794,1625,0
4796,1597,0
4800,1575,0
4801,1559,0
4799,1554,0
4804,1556,0
4802,1558,0
4814,1572,0
4828,1590,0
4856,1607,0
4888,1614,0
4931,1615,0
4975,1609,0
5022,1597,0
5057,1582,0
5081,1561,0
5092,1543,0
5092,1533,0
5084,1529,0
5072,1526,0
5053,1534,0
5026,1551,0
4999,1576,0
4981,1604,0
4983,1635,0
4997,1664,0
5021,1692,0
5059,1715,0
5100,1732,0
5145,1736,0
5172,1732,0
5186,1719,0
5180,1703,1
4528,1352,0
4526,1355,0
4527,1365,0
4525,1385,0
4517,1409,1
5400,1764,0
5404,1764,0
5414,1759,0
5439,1750,0
5467,1730,0
5491,1700,0
5519,1666,0
5555,1623,0
5578,1575,0
5600,1532,0
5612,1493,0
5622,1457,0
5631,1423,0
5629,1397,0
5629,1386,0
5624,1385,0
5619,1390,0
5604,1416,0
5593,1457,0
5582,1508,0
5573,1563,0
5576,1620,0
5588,1665,0
5601,1698,0
5623,1722,0
5641,1730,0
5668,1728,0
5694,1713,0
5724,1684,0
5748,1648,0
5772,1612,0
5783,1590,0
5786,1580,0
5786,1580,0
5786,1580,0
5783,1588,0
5786,1607,0
5788,1628,0
5792,1642,0
5807,1648,0
5824,1650,0
5847,1640,0
5877,1625,0
5900,1604,0
5923,1582,0
5941,1562,0
5954,1546,0
5960,1544,0
5960,1541,0
5959,1546,0
5951,1558,0
5947,1582,0
5945,1606,0
5945,1633,0
5945,1660,0
5949,1690,0
5952,1719,0
5955,1749,0
5962,1778,0
5960,1809,0
5963,1838,0
5964,1862,0
5970,1879,0
5968,1899,0
5967,1914,0
5969,1932,0
5969,1941,0
5976,1947,0
5972,1945,0
5972,1945,0
5976,1947,0
5973,1943,0
5974,1940,0
5974,1940,0
5974,1939,0
5974,1939,0
5974,1939,0
5974,1939,0
5974,1940,0
5974,1939,0
5974,1939,0
5971,1938,0
5971,1937,0
5959,1935,0
5960,1934,0
5960,1934,0
5960,1934,0
5963,1935,0
5963,1936,0
5962,1937,0
5960,1935,0
5962,1938,0
5962,1938,0
5962,1939,0
5962,1939,0
5962,1939,0
5962,1939,0
5962,1939,0
5962,1939,0
5962,1939,0
5965,1940,0
5962,1939,0
5966,1939,0
5966,1939,0
5962,1938,0
5962,1939,0
5966,1939,0
5966,1940,0
5962,1939,0
5965,1941,0
5962,1939,0
5966,1939,0
5966,1940,0
5966,1940,0
5962,1938,0
5962,1938,0
5967,1938,0
5966,1939,0
5967,1938,0
5962,1937,0
5967,1937,0
5962,1937,0
5966,1939,0
5962,1938,0
5962,1939,0
5962,1939,0
5966,1939,0
5962,1939,0
5961,1941,0
5962,1939,0
5962,1939,0
5962,1939,0
5962,1940,1
5715,1747,0
5726,1740,0
5733,1733,0
5742,1730,0
5751,1718,0
5763,1708,0
5766,1696,0
5773,1688,0
5776,1677,0
5776,1668,0
5775,1656,0
5774,1645,0
5766,1633,0
5759,1625,0
5757,1620,0
5747,1614,0
5738,1603,0
5734,1599,0
5730,1599,0
5725,1599,0
5727,1609,1
5981,1977,0
5978,1978,0
5969,1977,0
5965,1976,0
5957,1974,0
5947,1968,0
5941,1962,0
5936,1952,0
5931,1941,0
5929,1901,0
5938,1873,0
5957,1845,0
5988,1813,0
6033,1783,0
6079,1756,0
6116,1730,1
6294,1696,0
6290,1693,0
6288,1689,0
6284,1687,0
6285,1684,0
6285,1684,0
6281,1683,0
6271,1689,0
6261,1694,1