Lord&apos;s supper should first examine
608
629,3628,0
624,3626,0
625,3627,0
625,3627,0
626,3639,0
627,3660,0
626,3687,0
624,3719,0
621,3752,0
619,3783,0
616,3812,0
619,3836,0
627,3853,0
646,3871,0
670,3882,0
701,3894,0
732,3896,0
757,3902,0
776,3909,0
793,3906,0
815,3899,1
878,3803,0
872,3814,0
867,3835,0
866,3854,0
873,3871,0
883,3875,0
898,3880,0
917,3877,0
938,3866,0
953,3854,0
960,3839,0
958,3823,0
950,3810,0
930,3802,0
901,3788,0
876,3790,0
860,3790,1
1020,3796,0
1020,3804,0
1020,3816,0
1020,3828,0
1020,3848,0
1022,3868,0
1024,3872,0
1024,3880,0
1024,3876,0
1024,3876,0
1021,3860,0
1018,3844,0
1013,3828,0
1007,3808,0
1005,3788,0
1007,3776,0
1015,3764,1
1192,3771,0
1190,3771,0
1184,3775,0
1170,3779,0
1150,3783,0
1131,3796,0
1112,3812,0
1095,3829,0
1090,3853,0
1090,3864,0
1096,3876,0
1108,3888,0
1120,3889,0
1131,3888,0
1139,3888,0
1146,3876,0
1150,3860,0
1153,3840,0
1152,3812,0
1149,3783,0
1146,3756,0
1146,3732,0
1146,3716,0
1145,3700,0
1146,3696,0
1146,3696,0
1146,3696,0
1150,3708,0
1157,3728,0
1163,3752,0
1171,3771,0
1177,3787,0
1184,3802,0
1188,3811,0
1192,3823,0
1192,3822,0
1192,3823,0
1192,3823,0
1190,3823,0
1189,3819,0
1189,3823,0
1187,3823,0
1187,3819,0
1187,3823,0
1187,3819,1
1222,3597,0
1222,3602,0
1225,3609,0
1230,3633,0
1228,3658,0
1229,3694,0
1230,3721,0
1230,3737,0
1238,3749,1
1368,3733,0
1356,3730,0
1348,3730,0
1343,3731,0
1342,3735,0
1348,3755,0
1358,3774,0
1369,3793,0
1378,3812,0
1382,3828,0
1382,3836,0
1377,3844,0
1363,3850,0
1341,3847,0
1326,3848,0
1315,3845,0
1317,3836,1
1682,3714,0
1668,3700,0
1650,3695,0
1630,3690,0
1619,3699,0
1618,3708,0
1629,3726,0
1648,3744,0
1672,3764,0
1686,3782,0
1688,3802,0
1673,3817,0
1645,3833,0
1610,3839,0
1583,3846,0
1570,3844,0
1572,3840,1
1714,3744,0
1715,3749,0
1715,3753,0
1714,3769,0
1716,3785,0
1717,3797,0
1726,3816,0
1738,3822,0
1753,3827,0
1769,3828,0
1785,3817,0
1801,3802,0
1815,3782,0
1826,3759,0
1837,3749,0
1843,3744,0
1843,3744,0
1843,3744,0
1845,3752,0
1849,3764,0
1860,3785,0
1870,3799,0
1882,3805,0
1886,3804,0
1893,3795,1
1917,3756,0
1915,3752,0
1916,3756,0
1923,3771,0
1930,3790,0
1942,3820,0
1952,3843,0
1962,3868,0
1964,3884,0
1964,3893,0
1962,3894,0
1954,3887,0
1939,3862,0
1926,3832,0
1921,3800,0
1925,3763,0
1937,3735,0
1955,3714,0
1973,3701,0
1985,3702,0
1991,3709,0
1988,3718,0
1977,3737,0
1961,3754,0
1944,3762,0
1932,3769,0
1930,3769,0
1935,3760,1
2072,3708,0
2079,3710,0
2087,3725,0
2096,3752,0
2099,3775,0
2108,3806,0
2112,3839,0
2111,3859,0
2116,3883,0
2116,3895,0
2118,3903,0
2118,3903,0
2116,3895,0
2111,3872,0
2101,3836,0
2093,3798,0
2094,3769,0
2096,3735,0
2104,3708,0
2117,3695,0
2125,3689,0
2130,3687,0
2141,3701,0
2144,3712,0
2142,3725,0
2135,3744,0
2121,3756,0
2102,3766,1
2269,3778,0
2271,3777,0
2276,3775,0
2281,3766,0
2281,3744,0
2285,3735,0
2286,3725,0
2281,3715,0
2273,3705,0
2260,3701,0
2247,3701,0
2231,3702,0
2220,3713,0
2213,3729,0
2216,3749,0
2225,3766,0
2244,3782,0
2268,3790,0
2297,3798,0
2321,3793,0
2345,3785,0
2367,3773,0
2382,3755,0
2393,3742,0
2397,3729,0
2397,3720,0
2397,3716,0
2398,3719,0
2396,3716,0
2403,3730,0
2410,3745,0
2417,3755,0
2420,3759,0
2421,3763,0
2419,3759,0
2418,3754,0
2407,3733,0
2401,3719,0
2398,3699,0
2409,3690,0
2427,3679,0
2458,3671,0
2497,3668,0
2530,3664,0
2557,3670,1
2759,3648,0
2733,3652,0
2709,3659,0
2702,3672,0
2702,3680,0
2717,3700,0
2747,3721,0
2779,3742,0
2799,3758,0
2808,3776,0
2799,3790,0
2770,3802,0
2726,3801,0
2692,3807,0
2671,3813,0
2657,3805,0
2653,3794,1
2866,3559,0
2864,3556,0
2867,3559,0
2866,3568,0
2864,3592,0
2864,3632,0
2867,3676,0
2869,3711,0
2870,3737,0
2875,3757,0
2883,3766,0
2900,3766,0
2922,3755,0
2948,3742,0
2967,3731,0
2979,3730,0
2981,3729,0
2984,3736,0
2979,3744,0
2980,3756,0
2992,3764,1
3056,3665,0
3054,3666,0
3052,3676,0
3054,3694,0
3064,3715,0
3074,3728,0
3095,3743,0
3119,3754,0
3127,3748,0
3136,3747,0
3138,3737,0
3137,3724,0
3118,3698,0
3101,3689,0
3081,3687,0
3054,3689,0
3039,3698,1
3188,3652,0
3187,3648,0
3187,3649,0
3187,3653,0
3186,3668,0
3188,3694,0
3187,3718,0
3197,3740,0
3206,3744,0
3222,3744,0
3239,3734,0
3259,3717,0
3272,3695,0
3290,3683,0
3303,3680,0
3304,3674,0
3307,3677,0
3313,3693,0
3321,3715,0
3332,3737,0
3345,3748,1
3340,3547,0
3341,3550,0
3344,3553,0
3352,3577,0
3361,3609,0
3375,3652,0
3387,3693,0
3397,3720,0
3414,3737,1
3528,3703,0
3535,3694,0
3535,3684,0
3533,3680,0
3521,3679,0
3506,3685,0
3496,3701,0
3486,3713,0
3488,3727,0
3500,3737,0
3515,3742,0
3532,3744,0
3544,3737,0
3554,3724,0
3559,3702,0
3559,3673,0
3556,3641,0
3542,3601,0
3531,3569,0
3522,3547,0
3512,3529,0
3510,3525,0
3510,3525,0
3515,3537,0
3524,3569,0
3542,3621,0
3568,3670,0
3595,3710,1
3983,3559,0
3969,3546,0
3954,3537,0
3939,3529,0
3930,3526,0
3930,3527,0
3933,3535,0
3937,3552,0
3949,3584,0
3962,3624,0
3970,3665,0
3979,3703,0
3990,3737,0
4000,3755,0
4007,3769,0
4012,3776,0
4013,3774,1
3901,3670,0
3902,3669,0
3911,3667,0
3933,3665,0
3962,3661,1
4086,3635,0
4085,3636,0
4091,3647,0
4096,3663,0
4099,3677,0
4109,3699,0
4119,3712,0
4129,3719,1
4053,3568,0
4041,3563,0
4035,3557,0
4039,3559,0
4042,3561,1
4135,3645,0
4140,3651,0
4152,3668,0
4158,3679,0
4164,3694,0
4172,3703,0
4167,3702,0
4169,3700,0
4159,3687,0
4153,3672,0
4150,3653,0
4144,3643,0
4142,3634,0
4147,3629,0
4153,3624,1
4297,3623,0
4288,3621,0
4277,3619,0
4268,3622,0
4247,3619,0
4243,3629,0
4247,3642,0
4260,3658,0
4277,3674,0
4291,3683,0
4297,3694,0
4295,3700,0
4285,3705,0
4278,3701,0
4256,3699,0
4249,3694,0
4244,3682,1
4351,3521,0
4353,3519,0
4356,3522,0
4362,3539,0
4374,3566,0
4384,3607,0
4396,3639,0
4406,3663,0
4413,3673,1
4340,3604,0
4340,3604,0
4347,3603,0
4367,3601,0
4398,3599,1
4593,3654,0
4599,3654,0
4613,3656,0
4628,3653,0
4646,3645,0
4662,3634,0
4666,3624,0
4665,3614,0
4657,3606,0
4640,3600,0
4630,3604,0
4614,3609,0
4607,3621,0
4609,3638,0
4619,3656,0
4641,3668,0
4671,3682,0
4704,3689,0
4736,3685,0
4763,3673,1
4875,3588,0
4879,3590,0
4869,3600,0
4850,3622,0
4825,3648,0
4806,3668,0
4784,3687,0
4775,3689,0
4774,3691,1
4761,3606,0
4765,3608,0
4774,3621,0
4788,3636,0
4810,3653,0
4842,3665,0
4863,3672,0
4880,3678,0
4896,3672,1
4977,3612,0
4978,3611,0
4978,3611,0
4978,3611,0
4968,3609,0
4953,3615,0
4939,3624,0
4924,3635,0
4913,3648,0
4903,3665,0
4905,3679,0
4911,3685,0
4924,3684,0
4936,3682,0
4946,3677,0
4955,3667,0
4970,3650,0
4978,3635,0
4984,3622,0
4992,3620,0
4989,3617,0
4988,3618,0
4997,3619,0
5003,3637,0
5018,3650,0
5025,3666,0
5034,3674,0
5040,3673,0
5046,3666,1
5078,3580,0
5078,3580,0
5078,3580,0
5077,3583,0
5078,3582,0
5079,3592,0
5078,3600,0
5077,3612,0
5079,3623,0
5081,3632,0
5085,3640,0
5088,3643,0
5086,3644,0
5089,3641,0
5099,3636,0
5104,3624,0
5108,3614,0
5115,3606,0
5116,3597,0
5117,3596,0
5120,3593,0
5125,3600,0
5125,3605,0
5135,3619,0
5146,3631,0
5161,3637,0
5173,3637,0
5182,3638,0
5187,3638,0
5192,3639,0
5196,3639,0
5204,3650,0
5204,3660,1
5291,3593,0
5295,3595,0
5294,3597,0
5303,3612,0
5313,3631,0
5321,3653,0
5328,3668,0
5335,3680,0
5335,3680,1
5255,3486,0
5254,3481,0
5259,3481,0
5262,3482,0
5269,3487,1
5398,3568,0
5400,3573,0
5405,3592,0
5410,3612,0
5416,3630,0
5417,3642,0
5415,3650,0
5416,3655,0
5414,3652,0
5419,3652,0
5424,3639,0
5434,3628,0
5434,3615,0
5433,3603,0
5447,3617,0
5459,3628,0
5484,3641,0
5507,3643,0
5529,3641,0
5547,3638,0
5556,3627,0
5561,3613,0
5560,3602,0
5537,3599,0
5525,3608,0
5528,3617,0
5562,3645,0
5601,3654,0
5634,3656,0
5656,3654,0
5672,3652,1