of hook as you would a pencil. Bring
898
1378,1569,0
1373,1563,0
1368,1555,0
1368,1556,0
1366,1556,0
1358,1553,0
1350,1555,0
1340,1561,0
1327,1571,0
1316,1593,0
1301,1612,0
1286,1630,0
1278,1652,0
1274,1668,0
1274,1681,0
1278,1691,0
1288,1703,0
1296,1706,0
1307,1703,0
1324,1701,0
1338,1691,0
1350,1681,0
1358,1663,0
1369,1649,0
1373,1628,0
1378,1610,0
1379,1594,0
1377,1582,0
1368,1572,0
1362,1568,0
1356,1570,0
1351,1575,0
1346,1580,1
1525,1529,0
1524,1517,0
1529,1512,0
1526,1505,0
1521,1498,0
1515,1496,0
1506,1495,0
1500,1500,0
1489,1512,0
1477,1532,0
1467,1556,0
1457,1583,0
1450,1614,0
1442,1645,0
1438,1684,0
1432,1718,0
1429,1743,0
1427,1759,0
1425,1768,0
1426,1771,0
1427,1772,1
1423,1604,0
1422,1604,0
1426,1608,0
1431,1611,0
1439,1609,0
1450,1606,0
1462,1602,0
1475,1599,0
1489,1599,1
1838,1537,0
1833,1535,0
1833,1536,0
1831,1537,0
1831,1546,0
1822,1559,0
1819,1583,0
1813,1605,0
1805,1627,0
1803,1655,0
1794,1677,0
1786,1698,0
1779,1714,0
1773,1726,0
1774,1734,0
1774,1734,0
1772,1731,0
1773,1730,0
1775,1725,0
1784,1712,0
1793,1690,0
1804,1668,0
1819,1652,0
1833,1635,0
1850,1622,0
1860,1611,0
1874,1613,0
1877,1612,0
1881,1619,0
1883,1631,0
1881,1650,0
1875,1672,0
1868,1689,0
1859,1703,0
1856,1718,0
1855,1727,0
1862,1742,1
2002,1640,0
1998,1633,0
1995,1626,0
1988,1621,0
1981,1616,0
1973,1616,0
1964,1617,0
1953,1623,0
1940,1636,0
1927,1652,0
1918,1671,0
1909,1686,0
1908,1700,0
1908,1709,0
1913,1715,0
1923,1719,0
1939,1720,0
1956,1714,0
1971,1706,0
1985,1697,0
1997,1686,0
2000,1670,0
1997,1657,0
1989,1648,0
1980,1645,1
2095,1627,0
2089,1621,0
2090,1621,0
2086,1618,0
2081,1617,0
2072,1619,0
2062,1625,0
2048,1635,0
2040,1654,0
2029,1671,0
2022,1685,0
2019,1696,0
2022,1703,0
2032,1711,0
2046,1712,0
2063,1706,0
2088,1699,0
2111,1689,0
2129,1677,0
2136,1661,0
2139,1650,0
2133,1638,0
2119,1630,0
2101,1627,0
2085,1628,1
2244,1537,0
2241,1534,0
2241,1535,0
2243,1539,0
2236,1538,0
2234,1551,0
2224,1574,0
2212,1599,0
2200,1623,0
2188,1648,0
2181,1678,0
2169,1698,0
2162,1712,0
2162,1726,0
2162,1731,0
2162,1731,0
2164,1729,1
2256,1600,0
2238,1604,0
2228,1617,0
2211,1626,0
2200,1633,0
2195,1638,0
2194,1638,0
2193,1639,0
2193,1640,0
2198,1645,0
2205,1650,0
2213,1655,0
2229,1662,0
2245,1671,0
2252,1675,0
2266,1684,0
2276,1692,1
2536,1638,0
2535,1634,0
2540,1629,0
2543,1621,0
2554,1615,0
2564,1611,0
2566,1607,0
2573,1611,0
2577,1619,0
2581,1633,0
2579,1652,0
2579,1669,0
2579,1686,0
2574,1697,0
2572,1703,0
2572,1703,0
2572,1703,0
2577,1705,0
2574,1702,0
2569,1696,0
2566,1688,0
2561,1681,0
2551,1674,0
2538,1669,0
2527,1669,0
2512,1672,0
2501,1684,0
2486,1697,0
2474,1708,0
2470,1717,0
2469,1722,0
2474,1729,0
2477,1732,0
2487,1734,0
2506,1732,0
2532,1725,0
2555,1715,1
2688,1629,0
2692,1625,0
2689,1617,0
2684,1611,0
2680,1609,0
2667,1605,0
2654,1608,0
2642,1614,0
2630,1622,0
2626,1632,0
2627,1643,0
2629,1652,0
2639,1664,0
2643,1672,0
2656,1681,0
2658,1685,0
2661,1688,0
2660,1689,0
2652,1691,0
2643,1696,0
2630,1698,0
2615,1701,0
2606,1704,0
2596,1703,0
2596,1703,1
2861,1606,0
2858,1604,0
2857,1604,0
2856,1606,0
2854,1609,0
2848,1622,0
2840,1638,0
2839,1652,0
2835,1662,0
2835,1669,0
2842,1674,0
2842,1674,0
2852,1674,0
2866,1669,0
2883,1661,0
2895,1648,0
2914,1635,0
2929,1623,0
2942,1613,0
2946,1602,0
2948,1598,0
2948,1598,0
2948,1599,0
2947,1601,0
2941,1602,0
2935,1616,0
2919,1635,0
2912,1657,0
2902,1683,0
2891,1713,0
2877,1749,0
2866,1785,0
2856,1819,0
2849,1844,0
2844,1860,0
2843,1867,0
2844,1866,1
3063,1612,0
3062,1608,0
3064,1604,0
3062,1600,0
3059,1597,0
3052,1594,0
3038,1592,0
3028,1599,0
3011,1609,0
2996,1623,0
2986,1635,0
2977,1645,0
2980,1655,0
2988,1664,0
2996,1668,0
3010,1669,0
3023,1665,0
3041,1662,0
3052,1655,0
3054,1645,0
3059,1637,0
3054,1626,0
3052,1620,0
3047,1614,0
3047,1614,1
3109,1610,0
3112,1605,0
3117,1599,0
3122,1599,0
3117,1597,0
3117,1599,0
3115,1601,0
3107,1611,0
3100,1629,0
3086,1641,0
3083,1653,0
3082,1661,0
3083,1665,0
3091,1669,0
3092,1668,0
3108,1666,0
3124,1657,0
3141,1648,0
3160,1635,0
3177,1623,0
3194,1614,0
3200,1605,0
3203,1601,0
3203,1601,0
3203,1601,0
3202,1602,0
3200,1605,0
3193,1615,0
3185,1628,0
3176,1640,0
3166,1653,0
3158,1666,0
3155,1677,0
3153,1684,0
3150,1689,0
3153,1692,0
3156,1689,1
3428,1604,0
3433,1605,0
3429,1604,0
3428,1604,0
3431,1609,0
3424,1621,0
3412,1639,0
3404,1658,0
3401,1672,0
3399,1680,0
3401,1686,0
3404,1689,0
3408,1690,0
3414,1688,0
3423,1681,0
3435,1670,0
3448,1657,0
3461,1644,0
3469,1630,0
3480,1621,0
3486,1617,0
3486,1618,0
3486,1624,0
3485,1635,0
3486,1649,0
3484,1660,0
3491,1671,0
3497,1677,0
3508,1681,0
3518,1680,0
3535,1677,0
3547,1671,0
3556,1663,0
3562,1655,0
3564,1643,0
3566,1632,0
3566,1625,1
3667,1618,0
3665,1612,0
3659,1606,0
3657,1602,0
3649,1600,0
3643,1603,0
3633,1611,0
3618,1623,0
3610,1636,0
3607,1650,0
3605,1660,0
3607,1665,0
3612,1671,0
3624,1674,0
3635,1672,0
3652,1668,0
3665,1662,0
3674,1653,0
3679,1643,0
3685,1635,0
3681,1625,0
3677,1616,0
3662,1609,0
3654,1608,0
3648,1609,1
3764,1616,0
3765,1613,0
3763,1609,0
3763,1608,0
3763,1608,0
3758,1609,0
3756,1612,0
3749,1626,0
3737,1640,0
3730,1652,0
3729,1662,0
3729,1670,0
3730,1676,0
3733,1679,0
3741,1681,0
3751,1679,0
3764,1674,0
3777,1666,0
3792,1655,0
3803,1644,0
3818,1633,0
3826,1625,0
3829,1621,0
3829,1619,0
3825,1619,0
3828,1622,0
3820,1628,0
3808,1643,0
3800,1657,0
3793,1672,0
3790,1684,0
3788,1694,0
3794,1701,1
3934,1509,0
3935,1506,0
3935,1507,0
3933,1511,0
3927,1524,0
3920,1547,0
3909,1569,0
3898,1592,0
3882,1613,0
3867,1633,0
3862,1653,0
3861,1671,0
3860,1681,1
3995,1638,0
3998,1633,0
4005,1628,0
4008,1621,0
4003,1614,0
4005,1610,0
4000,1603,0
3988,1599,0
3967,1597,0
3947,1601,0
3929,1610,0
3916,1619,0
3909,1631,0
3904,1641,0
3904,1650,0
3912,1660,0
3926,1667,0
3943,1669,0
3957,1669,0
3969,1665,0
3981,1657,1
4061,1520,0
4059,1514,0
4060,1513,0
4060,1513,0
4054,1516,0
4043,1530,0
4029,1551,0
4022,1575,0
4016,1598,0
4010,1618,0
4003,1632,0
3998,1643,0
3998,1652,0
3999,1659,0
3996,1663,0
3995,1666,0
3991,1666,1
4300,1573,0
4300,1573,0
4301,1572,0
4307,1568,0
4317,1563,0
4324,1559,0
4332,1559,0
4340,1561,0
4345,1568,0
4349,1580,0
4350,1597,0
4348,1614,0
4350,1627,0
4350,1637,0
4352,1644,0
4350,1648,0
4345,1648,0
4349,1650,0
4349,1650,0
4350,1649,0
4343,1644,0
4336,1638,0
4334,1635,0
4324,1628,0
4312,1624,0
4295,1623,0
4280,1628,0
4267,1638,0
4249,1648,0
4241,1655,0
4242,1662,0
4244,1669,0
4246,1672,0
4258,1676,0
4271,1677,0
4285,1674,0
4305,1669,0
4318,1661,0
4338,1655,0
4347,1646,0
4349,1640,0
4354,1639,0
4350,1638,0
4353,1640,0
4349,1640,0
4345,1648,0
4338,1655,0
4338,1664,0
4335,1671,1
4683,1556,0
4680,1552,0
4677,1549,0
4676,1550,0
4677,1551,0
4675,1556,0
4664,1572,0
4659,1596,0
4653,1621,0
4642,1648,0
4635,1675,0
4625,1699,0
4618,1722,0
4620,1739,0
4620,1747,0
4620,1749,0
4622,1746,1
4652,1602,0
4644,1590,0
4649,1579,0
4658,1567,0
4669,1558,0
4685,1553,0
4707,1551,0
4723,1551,0
4735,1555,0
4749,1563,0
4762,1575,0
4763,1584,0
4759,1593,0
4756,1602,0
4744,1608,0
4729,1614,0
4714,1620,0
4696,1621,0
4688,1621,0
4683,1621,0
4680,1619,0
4681,1616,0
4681,1616,0
4681,1614,0
4690,1616,1
4803,1600,0
4799,1599,0
4800,1599,0
4809,1597,0
4823,1592,0
4838,1586,0
4857,1582,0
4873,1575,0
4880,1567,0
4886,1562,0
4887,1558,0
4889,1555,0
4886,1550,0
4883,1547,0
4871,1545,0
4865,1548,0
4850,1554,0
4841,1569,0
4826,1584,0
4817,1599,0
4811,1611,0
4812,1622,0
4818,1631,0
4828,1638,0
4835,1638,0
4850,1637,0
4868,1633,0
4884,1625,0
4905,1614,1
4934,1558,0
4928,1551,0
4924,1549,0
4928,1553,0
4922,1557,0
4921,1573,0
4910,1590,0
4908,1605,0
4899,1617,0
4896,1627,0
4898,1631,0
4895,1630,0
4898,1631,0
4895,1628,0
4897,1623,0
4900,1616,0
4909,1603,0
4920,1588,0
4930,1570,0
4943,1556,0
4956,1545,0
4967,1538,0
4984,1537,0
4993,1536,0
5000,1540,0
5002,1547,0
5006,1559,0
5005,1573,0
5003,1591,0
4998,1606,0
4998,1617,0
4990,1626,1
5126,1556,0
5126,1554,0
5127,1552,0
5125,1547,0
5126,1544,0
5119,1539,0
5112,1534,0
5104,1534,0
5095,1536,0
5084,1542,0
5069,1551,0
5057,1560,0
5044,1573,0
5030,1587,0
5021,1599,0
5021,1611,0
5027,1619,0
5033,1628,0
5047,1634,0
5063,1635,0
5084,1635,0
5108,1632,0
5127,1625,0
5147,1616,0
5160,1604,1
5196,1537,0
5200,1535,0
5196,1537,0
5196,1537,0
5195,1539,0
5192,1548,0
5190,1566,0
5181,1581,0
5172,1594,0
5172,1606,0
5168,1615,0
5170,1621,0
5166,1623,0
5170,1623,0
5170,1621,0
5181,1615,1
5223,1479,0
5221,1469,0
5223,1464,0
5224,1464,0
5224,1464,0
5223,1466,0
5220,1474,0
5226,1484,0
5224,1489,1
5298,1455,0
5298,1450,0
5300,1448,0
5296,1447,0
5295,1447,0
5298,1451,0
5283,1461,0
5272,1483,0
5264,1508,0
5255,1536,0
5246,1561,0
5233,1578,0
5228,1589,0
5225,1599,0
5224,1604,0
5226,1607,0
5228,1605,1
5301,1602,0
5301,1602,0
5296,1600,0
5301,1602,0
5301,1599,0
5297,1598,0
5297,1598,0
5301,1598,0
5306,1599,1
5619,1452,0
5620,1449,0
5624,1450,0
5619,1450,0
5616,1449,0
5618,1457,0
5613,1473,0
5603,1493,0
5597,1515,0
5590,1536,0
5584,1556,0
5574,1575,0
5568,1593,0
5563,1609,0
5564,1621,0
5566,1628,0
5569,1631,1
5583,1478,0
5584,1474,0
5585,1471,0
5594,1468,0
5611,1465,0
5629,1462,0
5645,1462,0
5665,1468,0
5676,1474,0
5681,1483,0
5683,1492,0
5680,1503,0
5672,1512,0
5658,1520,0
5643,1527,0
5617,1531,0
5607,1535,0
5600,1534,0
5599,1535,0
5599,1535,0
5603,1535,0
5608,1533,0
5626,1531,0
5641,1532,0
5657,1537,0
5671,1545,0
5677,1553,0
5682,1566,0
5682,1580,0
5670,1588,0
5659,1598,0
5648,1608,0
5628,1615,0
5614,1622,0
5596,1626,0
5583,1626,0
5575,1626,0
5566,1624,0
5559,1621,0
5553,1614,0
5560,1605,1
5749,1522,0
5750,1522,0
5747,1527,0
5745,1538,0
5736,1552,0
5735,1568,0
5731,1581,0
5728,1594,0
5721,1601,0
5720,1605,0
5719,1606,0
5720,1605,0
5720,1604,0
5718,1599,0
5721,1590,0
5720,1578,0
5727,1567,0
5732,1552,0
5740,1537,0
5752,1524,0
5771,1517,0
5781,1512,0
5793,1510,0
5800,1515,0
5808,1520,1
5852,1508,0
5858,1503,0
5859,1501,0
5858,1500,0
5858,1502,0
5858,1507,0
5857,1522,0
5849,1539,0
5838,1558,0
5826,1573,0
5817,1585,0
5815,1592,0
5818,1597,0
5814,1597,0
5814,1597,0
5820,1594,0
5825,1589,1
5882,1475,0
5882,1464,0
5883,1459,0
5884,1457,0
5884,1457,1
5910,1496,0
5914,1496,0
5913,1500,0
5910,1510,0
5902,1527,0
5897,1544,0
5884,1558,0
5877,1570,0
5875,1574,0
5875,1575,0
5875,1576,0
5875,1574,0
5876,1572,0
5877,1565,0
5885,1558,0
5897,1546,0
5913,1532,0
5929,1517,0
5949,1506,0
5964,1496,0
5982,1491,0
5991,1488,0
5993,1494,0
5995,1504,0
5990,1522,0
5990,1539,0
5981,1553,0
5981,1566,0
5982,1578,1
6143,1522,0
6144,1519,0
6146,1512,0
6143,1508,0
6141,1500,0
6138,1493,0
6131,1491,0
6122,1491,0
6106,1491,0
6092,1499,0
6073,1506,0
6058,1517,0
6048,1523,0
6046,1532,0
6047,1541,0
6049,1549,0
6055,1556,0
6066,1561,0
6082,1563,0
6099,1563,0
6113,1558,0
6122,1553,0
6129,1545,0
6140,1537,0
6145,1529,0
6148,1521,0
6150,1515,0
6150,1515,0
6145,1513,0
6149,1518,0
6141,1534,0
6126,1555,0
6114,1581,0
6107,1609,0
6099,1636,0
6095,1662,0
6089,1683,0
6072,1700,0
6051,1710,0
6028,1720,0
5998,1720,0
5972,1723,0
5955,1723,0
5940,1720,0
5933,1713,1