robes and dresses and one thinks
778
361,2168,0
364,2156,0
369,2149,0
376,2143,0
378,2136,0
381,2141,0
381,2159,0
376,2186,0
366,2225,0
348,2265,0
328,2300,0
308,2328,0
298,2341,0
298,2341,0
301,2337,0
310,2315,0
326,2287,0
347,2260,0
367,2238,0
384,2231,0
399,2227,0
410,2231,0
422,2235,0
435,2244,0
452,2248,0
473,2246,0
497,2236,0
523,2227,0
545,2212,0
564,2192,0
579,2175,0
587,2161,0
588,2149,0
584,2144,0
576,2142,0
564,2151,0
551,2169,0
537,2186,0
526,2212,0
518,2242,0
518,2263,0
527,2273,0
538,2276,0
551,2276,0
562,2265,0
571,2256,0
579,2237,0
584,2213,0
587,2193,0
587,2178,0
585,2169,0
580,2164,0
574,2162,0
566,2164,0
560,2171,0
558,2178,0
560,2179,0
569,2181,0
585,2177,0
608,2162,0
637,2140,0
663,2109,0
689,2077,0
710,2045,0
726,2012,0
735,1993,0
735,1981,0
729,1979,0
717,1981,0
702,1998,0
685,2031,0
670,2073,0
661,2116,0
660,2162,0
666,2195,0
680,2222,0
697,2238,0
719,2241,0
741,2237,0
761,2220,0
776,2202,0
785,2183,0
786,2163,0
780,2146,0
772,2137,0
763,2136,0
757,2143,0
755,2151,0
757,2155,0
768,2165,0
789,2171,0
816,2172,0
846,2163,0
876,2150,0
902,2133,0
921,2118,0
931,2107,0
930,2095,0
923,2091,0
910,2089,0
894,2096,0
874,2114,0
856,2133,0
846,2159,0
845,2187,0
852,2212,0
867,2226,0
892,2236,0
924,2235,0
962,2229,0
998,2212,0
1035,2188,0
1070,2164,0
1099,2145,0
1118,2125,0
1130,2108,0
1134,2092,0
1129,2080,0
1117,2072,0
1100,2069,0
1079,2069,0
1061,2077,0
1048,2089,0
1040,2101,0
1039,2116,0
1042,2133,0
1052,2149,0
1064,2161,0
1077,2177,0
1084,2188,0
1085,2197,0
1081,2205,0
1068,2212,0
1051,2220,0
1030,2220,0
1009,2224,0
993,2223,0
986,2222,0
991,2222,0
1005,2219,0
1030,2220,1
1449,2085,0
1448,2077,0
1446,2070,0
1440,2059,0
1433,2055,0
1423,2058,0
1404,2061,0
1382,2081,0
1359,2108,0
1337,2136,0
1324,2170,0
1319,2198,0
1317,2215,0
1324,2227,0
1336,2229,0
1351,2223,0
1368,2208,0
1387,2190,0
1402,2163,0
1416,2136,0
1426,2114,0
1432,2109,0
1430,2105,0
1428,2106,0
1424,2110,0
1418,2131,0
1411,2157,0
1406,2178,0
1406,2190,0
1412,2198,0
1420,2196,0
1431,2186,0
1448,2171,0
1466,2147,0
1487,2123,0
1510,2102,0
1524,2086,0
1534,2087,0
1534,2088,0
1534,2101,0
1528,2118,0
1523,2140,0
1521,2160,0
1523,2172,0
1531,2178,0
1540,2172,0
1559,2164,0
1580,2146,0
1604,2123,0
1631,2100,0
1656,2084,0
1672,2079,0
1679,2081,0
1686,2092,0
1690,2107,0
1691,2119,0
1697,2134,0
1709,2143,0
1720,2144,0
1737,2142,0
1756,2132,0
1776,2120,0
1795,2105,0
1816,2097,0
1830,2092,0
1839,2092,0
1841,2092,0
1841,2092,0
1841,2092,0
1841,2092,0
1840,2092,0
1837,2089,0
1835,2085,0
1835,2085,0
1830,2083,0
1821,2078,0
1813,2082,0
1805,2088,0
1792,2093,0
1780,2110,0
1769,2127,0
1764,2142,0
1767,2157,0
1768,2162,0
1773,2160,0
1786,2155,0
1800,2133,0
1825,2111,0
1848,2077,0
1874,2039,0
1898,1998,0
1920,1966,0
1937,1941,0
1944,1923,0
1944,1915,0
1946,1919,0
1942,1925,0
1931,1952,0
1915,1995,0
1896,2038,0
1878,2090,0
1861,2131,0
1857,2158,0
1867,2171,0
1888,2172,0
1924,2162,0
1966,2139,0
2016,2115,0
2063,2088,1
2291,2077,0
2289,2064,0
2284,2053,0
2282,2050,0
2269,2044,0
2252,2046,0
2234,2057,0
2207,2072,0
2184,2099,0
2164,2125,0
2158,2151,0
2155,2161,0
2162,2166,0
2178,2167,0
2200,2155,0
2227,2135,0
2251,2102,0
2280,2070,0
2306,2034,0
2331,2003,0
2347,1978,0
2355,1963,0
2355,1957,0
2351,1955,0
2343,1960,0
2330,1984,0
2316,2019,0
2301,2061,0
2286,2099,0
2280,2127,0
2285,2147,0
2292,2157,0
2307,2162,0
2322,2152,0
2345,2137,0
2371,2116,0
2395,2091,0
2421,2072,0
2439,2059,0
2450,2051,0
2453,2049,0
2453,2049,0
2454,2058,0
2451,2076,0
2442,2101,0
2433,2128,0
2418,2147,0
2410,2167,0
2404,2171,0
2404,2171,0
2408,2169,0
2412,2151,0
2424,2124,0
2444,2100,0
2464,2085,0
2478,2075,0
2492,2070,0
2509,2072,0
2530,2077,0
2546,2079,0
2569,2082,0
2590,2081,0
2614,2077,0
2635,2070,0
2651,2062,0
2664,2056,0
2664,2052,0
2657,2046,0
2642,2048,0
2621,2061,0
2596,2081,0
2574,2104,0
2557,2127,0
2555,2149,0
2560,2159,0
2579,2165,0
2608,2163,1
2751,2104,0
2779,2084,0
2797,2063,0
2806,2049,0
2804,2041,0
2793,2034,0
2777,2033,0
2755,2036,0
2735,2043,0
2721,2056,0
2709,2070,0
2707,2089,0
2704,2101,0
2710,2118,0
2714,2130,0
2721,2145,0
2722,2154,0
2718,2158,0
2715,2159,0
2704,2159,0
2692,2158,0
2678,2154,0
2666,2147,0
2666,2137,1
2883,2070,0
2900,2059,0
2907,2052,0
2899,2043,0
2890,2041,0
2869,2039,0
2851,2046,0
2827,2052,0
2809,2063,0
2804,2077,0
2806,2092,0
2818,2109,0
2831,2124,0
2845,2138,0
2859,2153,0
2864,2164,0
2861,2171,0
2856,2181,0
2842,2188,0
2825,2192,0
2807,2192,0
2801,2193,0
2798,2190,0
2801,2187,0
2815,2180,0
2838,2171,0
2872,2162,0
2907,2147,0
2948,2130,0
2982,2115,0
3006,2096,0
3018,2079,0
3025,2072,0
3017,2063,0
3003,2060,0
2981,2065,0
2958,2077,0
2938,2094,0
2924,2115,0
2920,2134,0
2928,2149,0
2943,2157,0
2965,2158,0
3002,2155,0
3037,2144,1
3170,2092,0
3185,2081,0
3195,2071,0
3202,2063,0
3202,2057,0
3193,2049,0
3177,2043,0
3159,2039,0
3141,2041,0
3129,2048,0
3117,2055,0
3114,2065,0
3117,2078,0
3122,2090,0
3135,2107,0
3144,2121,0
3148,2133,0
3146,2141,0
3144,2149,0
3138,2155,0
3120,2156,0
3103,2157,0
3078,2154,0
3059,2151,0
3045,2148,0
3036,2145,0
3038,2143,0
3050,2142,1
3537,2053,0
3534,2045,0
3532,2034,0
3530,2024,0
3527,2014,0
3518,2006,0
3505,2003,0
3484,2005,0
3460,2015,0
3436,2034,0
3408,2056,0
3390,2084,0
3380,2113,0
3376,2137,0
3383,2154,0
3397,2162,0
3411,2157,0
3438,2145,0
3467,2129,0
3490,2107,0
3510,2082,0
3527,2060,0
3531,2048,0
3528,2045,0
3527,2047,0
3518,2053,0
3502,2067,0
3494,2089,0
3487,2110,0
3485,2126,0
3487,2135,0
3495,2139,0
3508,2135,0
3529,2122,0
3554,2104,0
3577,2079,0
3604,2058,0
3629,2038,0
3647,2026,0
3662,2027,0
3660,2029,0
3660,2041,0
3650,2063,0
3635,2084,0
3623,2106,0
3616,2121,0
3615,2129,0
3619,2130,0
3631,2127,0
3647,2114,0
3670,2096,0
3695,2076,0
3720,2062,0
3739,2056,0
3752,2058,0
3759,2063,0
3759,2075,0
3761,2088,0
3766,2101,0
3774,2110,0
3785,2115,0
3800,2116,0
3818,2110,0
3841,2100,0
3868,2088,0
3893,2073,0
3916,2060,0
3936,2051,0
3944,2046,0
3952,2049,0
3958,2055,0
3958,2062,0
3961,2072,0
3966,2079,0
3968,2083,0
3971,2085,0
3975,2087,0
3976,2085,0
3976,2084,0
3976,2078,0
3970,2072,0
3960,2065,0
3940,2060,0
3923,2063,0
3899,2070,0
3877,2082,0
3860,2099,0
3851,2119,0
3845,2134,0
3849,2142,0
3861,2146,0
3880,2142,0
3906,2125,0
3929,2105,0
3954,2081,0
3976,2048,0
3998,2014,0
4023,1981,0
4041,1952,0
4054,1930,0
4062,1917,0
4065,1913,0
4065,1913,0
4058,1917,0
4042,1942,0
4020,1979,0
4000,2026,0
3982,2069,0
3969,2101,0
3973,2126,0
3983,2140,0
4005,2142,0
4044,2134,1
4396,2058,0
4394,2053,0
4389,2047,0
4381,2043,0
4372,2043,0
4360,2051,0
4338,2063,0
4316,2084,0
4297,2108,0
4287,2133,0
4287,2155,0
4296,2171,0
4307,2176,0
4317,2175,0
4332,2167,0
4350,2152,0
4361,2134,0
4369,2113,0
4372,2094,0
4366,2079,0
4360,2073,0
4348,2070,0
4333,2072,0
4328,2080,0
4328,2079,0
4332,2081,0
4348,2078,0
4372,2070,0
4398,2055,0
4427,2044,0
4453,2031,0
4472,2020,0
4488,2015,0
4495,2019,0
4500,2029,0
4495,2046,0
4483,2067,0
4466,2089,0
4455,2108,0
4447,2123,0
4449,2127,0
4457,2130,0
4474,2124,0
4495,2111,0
4521,2097,0
4543,2083,0
4564,2077,0
4573,2077,0
4574,2083,0
4572,2097,0
4567,2113,0
4566,2131,0
4568,2145,0
4584,2155,0
4599,2157,0
4623,2153,0
4648,2141,0
4679,2125,0
4708,2105,0
4733,2084,0
4748,2065,0
4755,2051,0
4755,2043,0
4746,2040,0
4731,2045,0
4709,2060,0
4693,2082,0
4687,2104,0
4687,2119,0
4698,2133,0
4722,2140,0
4755,2137,0
4794,2130,1
5189,1947,0
5190,1942,0
5191,1940,0
5191,1940,0
5191,1942,0
5186,1952,0
5175,1976,0
5170,2010,0
5158,2045,0
5142,2079,0
5131,2112,0
5116,2133,0
5109,2148,1
5081,2069,0
5078,2065,0
5082,2066,0
5094,2067,0
5115,2070,0
5146,2072,0
5183,2067,0
5214,2055,0
5252,2042,0
5290,2025,0
5322,2002,0
5351,1973,0
5375,1947,0
5388,1925,0
5392,1915,0
5389,1912,0
5390,1911,0
5382,1920,0
5366,1947,0
5347,1984,0
5324,2026,0
5302,2067,0
5284,2098,0
5278,2119,0
5277,2130,0
5280,2133,0
5296,2128,0
5316,2112,0
5346,2095,0
5374,2081,0
5390,2075,0
5395,2075,0
5400,2082,0
5397,2097,0
5395,2114,0
5390,2125,0
5390,2133,0
5397,2137,0
5402,2136,0
5414,2127,0
5434,2113,0
5456,2094,0
5481,2076,0
5496,2063,0
5506,2060,0
5505,2062,0
5503,2067,0
5499,2084,0
5496,2104,0
5488,2120,0
5487,2134,0
5488,2140,0
5494,2138,1
5534,1992,0
5523,1977,0
5526,1970,0
5525,1961,0
5529,1961,1
5539,2103,0
5540,2094,0
5549,2082,0
5559,2067,0
5570,2052,0
5581,2045,0
5587,2042,0
5590,2045,0
5587,2053,0
5579,2071,0
5571,2089,0
5566,2102,0
5566,2111,0
5565,2113,0
5570,2114,0
5581,2109,0
5595,2096,0
5613,2082,0
5632,2069,0
5642,2065,0
5643,2065,0
5643,2074,0
5640,2092,0
5631,2112,0
5632,2131,0
5635,2142,0
5643,2146,0
5653,2141,0
5677,2125,0
5709,2104,0
5738,2073,0
5771,2036,0
5796,1994,0
5819,1957,0
5834,1928,0
5841,1906,0
5845,1896,0
5839,1890,0
5839,1890,0
5833,1908,0
5817,1937,0
5800,1973,0
5790,2010,0
5779,2046,0
5767,2078,0
5760,2104,0
5754,2120,0
5754,2129,0
5751,2127,0
5754,2129,0
5769,2114,0
5787,2102,0
5805,2090,0
5826,2080,0
5843,2072,0
5861,2069,0
5879,2068,0
5887,2068,0
5887,2068,0
5883,2067,0
5877,2070,0
5862,2077,0
5833,2086,0
5803,2096,0
5768,2106,0
5754,2119,0
5750,2128,0
5750,2139,0
5759,2148,0
5779,2153,0
5811,2149,0
5845,2140,0
5882,2133,1
6055,2055,0
6053,2051,0
6042,2043,0
6026,2043,0
6003,2044,0
5981,2048,0
5960,2056,0
5947,2067,0
5940,2077,0
5940,2086,0
5949,2096,0
5966,2108,0
5982,2121,0
5992,2129,0
5998,2137,0
5996,2142,0
5993,2147,0
5983,2151,0
5966,2151,0
5940,2149,0
5920,2147,0
5899,2144,0
5888,2140,0
5885,2137,1