askew as otherwise it will not
604
624,4597,0
619,4577,0
613,4555,0
600,4538,0
581,4532,0
555,4537,0
526,4562,0
501,4599,0
479,4649,0
465,4699,0
459,4751,0
463,4792,0
475,4821,0
495,4832,0
522,4823,0
554,4799,0
579,4761,0
605,4716,0
627,4670,0
642,4631,0
651,4600,0
655,4580,0
655,4576,0
653,4579,0
652,4596,0
649,4640,0
646,4692,0
641,4752,0
645,4812,0
641,4864,0
637,4900,0
649,4917,0
659,4918,1
830,4553,0
816,4545,0
801,4543,0
785,4555,0
771,4566,0
760,4589,0
761,4608,0
769,4630,0
788,4651,0
810,4672,0
837,4685,0
858,4702,0
872,4724,0
873,4739,0
863,4763,0
844,4782,0
819,4801,0
793,4819,0
771,4835,0
758,4838,0
756,4837,1
989,4372,0
990,4360,0
989,4360,0
988,4363,0
983,4384,0
980,4419,0
977,4471,0
975,4523,0
972,4583,0
970,4647,0
970,4711,0
967,4763,0
965,4803,0
965,4827,0
963,4835,0
965,4831,0
970,4807,1
1072,4545,0
1075,4532,0
1071,4529,0
1059,4533,0
1039,4556,0
1016,4588,0
992,4628,0
974,4659,0
968,4687,0
974,4707,0
991,4724,0
1017,4729,0
1046,4728,0
1079,4724,0
1105,4721,0
1125,4708,1
1135,4660,0
1145,4660,0
1163,4648,0
1184,4643,0
1206,4630,0
1225,4614,0
1240,4598,0
1250,4577,0
1254,4561,0
1253,4545,0
1247,4537,0
1236,4533,0
1223,4534,0
1208,4543,0
1196,4567,0
1184,4596,0
1177,4627,0
1178,4664,0
1187,4703,0
1202,4734,0
1223,4763,0
1245,4777,0
1272,4784,0
1298,4780,0
1325,4754,1
1404,4505,0
1401,4505,0
1397,4513,0
1391,4533,0
1387,4561,0
1385,4598,0
1383,4638,0
1384,4678,0
1387,4714,0
1395,4742,0
1408,4756,0
1423,4755,0
1442,4741,0
1462,4712,0
1478,4679,0
1488,4642,0
1491,4613,0
1492,4597,0
1490,4594,0
1487,4594,0
1488,4614,0
1491,4649,0
1496,4685,0
1509,4729,0
1525,4759,0
1549,4776,0
1576,4782,0
1601,4771,0
1627,4743,0
1650,4709,0
1666,4662,0
1674,4617,0
1674,4576,0
1667,4545,0
1652,4514,0
1640,4504,0
1626,4498,1
2241,4594,0
2240,4570,0
2241,4546,0
2235,4526,0
2223,4512,0
2205,4513,0
2177,4524,0
2146,4553,0
2116,4592,0
2090,4631,0
2077,4675,0
2075,4708,0
2087,4731,0
2107,4739,0
2135,4736,0
2166,4712,0
2198,4680,0
2226,4640,0
2251,4601,0
2266,4567,0
2273,4541,0
2275,4536,0
2270,4533,0
2264,4543,0
2256,4578,0
2246,4618,0
2241,4673,0
2236,4719,0
2239,4760,0
2248,4792,0
2266,4799,0
2289,4780,0
2325,4754,1
2492,4512,0
2485,4497,0
2470,4486,0
2451,4488,0
2425,4496,0
2403,4515,0
2392,4540,0
2391,4560,0
2404,4582,0
2429,4599,0
2463,4614,0
2497,4628,0
2520,4638,0
2533,4655,0
2528,4661,0
2512,4678,0
2482,4692,0
2449,4706,0
2419,4715,0
2401,4724,1
3030,4602,0
3030,4589,0
3024,4570,0
3010,4550,0
2990,4533,0
2968,4525,0
2939,4524,0
2907,4533,0
2876,4555,0
2845,4584,0
2828,4625,0
2822,4667,0
2832,4706,0
2854,4736,0
2887,4749,0
2931,4753,0
2975,4739,0
3014,4710,0
3047,4678,0
3064,4635,0
3069,4594,0
3061,4562,0
3043,4535,0
3023,4523,0
3006,4521,1
3228,4336,0
3224,4341,0
3217,4364,0
3213,4396,0
3214,4441,0
3211,4487,0
3211,4541,0
3211,4599,0
3209,4648,0
3206,4694,0
3202,4727,0
3197,4742,0
3192,4740,1
3139,4548,0
3141,4548,0
3148,4544,0
3170,4547,1
3290,4343,0
3284,4338,0
3281,4339,0
3281,4353,0
3284,4383,0
3288,4422,0
3289,4466,0
3289,4515,0
3288,4565,0
3290,4618,0
3286,4660,0
3283,4697,0
3280,4721,0
3282,4733,0
3283,4728,0
3281,4711,0
3286,4682,0
3292,4644,0
3300,4599,0
3315,4560,0
3337,4526,0
3365,4507,0
3388,4495,0
3408,4502,0
3424,4521,0
3431,4555,0
3429,4596,0
3419,4637,0
3414,4676,1
3465,4585,0
3472,4587,0
3492,4589,0
3518,4594,0
3539,4590,0
3559,4584,0
3576,4579,0
3587,4564,0
3594,4546,0
3594,4527,0
3586,4514,0
3571,4499,0
3556,4502,0
3538,4518,0
3519,4543,0
3510,4584,0
3503,4628,0
3504,4673,0
3516,4712,0
3538,4737,0
3570,4752,0
3600,4744,0
3636,4724,0
3663,4691,0
3686,4654,1
3678,4608,0
3673,4643,0
3676,4678,0
3677,4706,0
3680,4722,0
3684,4729,0
3687,4728,0
3687,4714,0
3691,4689,0
3690,4652,0
3688,4611,0
3693,4577,0
3699,4540,0
3705,4508,0
3713,4490,0
3722,4480,0
3734,4476,0
3749,4477,0
3770,4487,0
3792,4492,1
3888,4507,0
3884,4500,0
3877,4490,0
3871,4489,0
3863,4494,0
3854,4510,0
3847,4538,0
3837,4572,0
3831,4610,0
3826,4649,0
3834,4687,0
3844,4710,0
3858,4720,0
3875,4719,0
3896,4705,0
3921,4681,0
3939,4646,0
3953,4612,0
3956,4582,0
3953,4560,0
3951,4548,0
3945,4547,0
3937,4551,0
3934,4577,0
3928,4610,0
3927,4648,0
3928,4690,0
3937,4727,0
3954,4754,0
3976,4765,0
4006,4768,0
4035,4755,0
4063,4727,0
4082,4690,0
4099,4650,0
4104,4608,0
4099,4567,0
4087,4537,0
4075,4517,0
4058,4504,0
4048,4501,1
4242,4471,0
4235,4481,0
4225,4508,0
4215,4541,0
4210,4584,0
4205,4625,0
4198,4665,0
4196,4705,0
4197,4739,0
4200,4760,0
4210,4768,0
4226,4762,0
4246,4739,1
4395,4497,0
4387,4488,0
4379,4488,0
4352,4519,0
4343,4542,0
4342,4567,0
4348,4591,0
4365,4615,0
4388,4632,0
4412,4649,0
4427,4663,0
4435,4672,0
4430,4681,0
4414,4693,0
4386,4704,0
4352,4713,0
4320,4726,0
4277,4742,0
4277,4742,1
4536,4636,0
4550,4630,0
4566,4617,0
4584,4598,0
4601,4579,0
4616,4563,0
4625,4545,0
4626,4529,0
4621,4517,0
4609,4512,0
4588,4519,0
4556,4533,0
4529,4560,0
4509,4596,0
4497,4635,0
4493,4669,0
4506,4704,0
4536,4736,0
4569,4751,0
4605,4759,0
4640,4758,1
4254,4308,0
4248,4307,0
4247,4308,0
4249,4316,0
4255,4327,1
5004,4536,0
5009,4543,0
5014,4550,0
5017,4569,0
5019,4636,0
5020,4678,0
5018,4717,0
5014,4758,0
5011,4786,0
5011,4806,0
5014,4804,1
5177,4358,0
5175,4343,0
5176,4342,0
5175,4343,0
5170,4360,0
5165,4387,0
5159,4425,0
5157,4473,0
5138,4582,0
5128,4635,0
5120,4685,0
5113,4723,1
5124,4596,0
5123,4586,0
5132,4577,0
5150,4572,0
5165,4564,1
4970,4411,0
4970,4405,0
4973,4403,0
4989,4405,0
5001,4410,1
5477,4580,0
5475,4565,0
5473,4544,0
5468,4526,0
5455,4511,0
5443,4506,0
5435,4509,0
5426,4524,0
5415,4551,0
5409,4589,0
5411,4633,0
5410,4678,0
5417,4710,0
5431,4731,0
5446,4738,0
5467,4729,0
5489,4707,0
5512,4673,0
5528,4636,0
5537,4605,0
5543,4587,0
5536,4577,0
5535,4578,0
5529,4590,0
5523,4619,0
5524,4657,0
5528,4698,0
5542,4729,0
5560,4755,0
5580,4764,0
5606,4766,0
5633,4746,0
5660,4719,0
5678,4683,0
5688,4639,0
5693,4599,0
5689,4568,0
5677,4541,0
5668,4528,0
5657,4521,0
5652,4521,1
5843,4504,0
5843,4509,0
5835,4530,0
5830,4559,0
5822,4596,0
5819,4641,0
5808,4682,0
5803,4722,0
5803,4755,0
5803,4772,0
5805,4771,0
5817,4748,0
5832,4702,1
5956,4364,0
5955,4365,0
5957,4381,0
5958,4410,0
5956,4449,0
5949,4492,0
5940,4545,0
5933,4595,0
5931,4643,0
5927,4684,0
5922,4719,1
6060,4315,0
6062,4319,0
6058,4324,0
6058,4355,0
6051,4401,0
6044,4451,0
6042,4508,0
6014,4666,1
5831,4288,0
5834,4291,0
5834,4291,0
5851,4302,0
5863,4312,1
6307,4561,0
6312,4562,0
6315,4570,0
6324,4591,0
6326,4626,0
6322,4661,0
6320,4707,0
6308,4746,0
6299,4780,0
6290,4802,0
6288,4815,0
6288,4815,0
6288,4799,0
6290,4771,0
6294,4737,0
6300,4693,0
6307,4654,0
6318,4611,0
6334,4572,0
6353,4544,0
6375,4525,0
6391,4517,0
6406,4523,0
6417,4549,0
6423,4586,0
6420,4632,0
6410,4682,0
6399,4731,0
6396,4772,1
6606,4628,0
6609,4604,0
6606,4582,0
6597,4567,0
6585,4563,0
6563,4571,0
6541,4594,0
6519,4625,0
6501,4666,0
6485,4710,0
6481,4752,0
6490,4785,0
6505,4799,0
6530,4806,0
6555,4796,0
6587,4769,0
6606,4734,0
6623,4695,0
6628,4656,0
6618,4623,0
6604,4597,0
6592,4581,0
6578,4572,0
6571,4567,0
6570,4562,1
6800,4348,0
6799,4349,0
6803,4357,0
6795,4381,0
6787,4426,0
6775,4470,0
6762,4525,0
6750,4587,0
6741,4651,0
6732,4707,0
6729,4755,0
6723,4787,0
6722,4801,1
6671,4545,0
6672,4543,0
6680,4539,0
6693,4536,0
6708,4537,0
6729,4541,0
6754,4543,0
6773,4538,0
6794,4536,1