from the drill flutes.
409
1589,4357,0
1580,4355,0
1573,4356,0
1564,4348,0
1556,4350,0
1545,4355,0
1534,4372,0
1520,4397,0
1504,4439,0
1491,4497,0
1483,4562,0
1481,4626,0
1485,4690,0
1489,4754,0
1493,4810,0
1497,4854,0
1500,4886,0
1500,4905,0
1502,4918,0
1501,4913,0
1502,4901,0
1499,4862,0
1501,4813,0
1500,4761,0
1496,4717,0
1487,4678,0
1476,4651,0
1464,4632,0
1453,4625,0
1436,4626,0
1415,4636,0
1404,4644,0
1409,4644,0
1434,4634,0
1479,4615,0
1528,4589,0
1573,4577,1
1666,4533,0
1656,4542,0
1647,4560,0
1640,4585,0
1634,4613,0
1628,4643,0
1626,4663,0
1628,4667,0
1637,4670,0
1643,4661,0
1648,4640,0
1651,4616,0
1648,4584,0
1642,4569,0
1639,4565,0
1639,4565,0
1645,4560,0
1660,4562,0
1681,4560,0
1706,4564,0
1734,4564,1
1865,4583,0
1865,4575,0
1861,4563,0
1852,4553,0
1837,4543,0
1821,4546,0
1798,4550,0
1778,4570,0
1763,4591,0
1759,4613,0
1767,4632,0
1785,4641,0
1812,4641,0
1841,4628,0
1865,4603,0
1884,4572,0
1893,4541,0
1896,4517,0
1889,4493,0
1876,4483,0
1858,4491,0
1832,4507,0
1816,4535,0
1812,4560,0
1820,4579,0
1836,4601,0
1857,4609,0
1884,4608,0
1916,4594,0
1953,4574,0
1985,4548,0
2013,4530,0
2027,4523,0
2030,4526,0
2027,4560,0
2017,4594,0
2012,4628,0
2017,4652,0
2030,4661,0
2050,4657,0
2080,4634,0
2119,4596,0
2157,4558,0
2189,4542,0
2198,4540,0
2200,4551,0
2202,4580,0
2198,4610,0
2200,4639,0
2210,4657,0
2234,4654,0
2282,4629,0
2339,4589,0
2387,4566,0
2413,4558,0
2417,4574,0
2413,4608,1
2758,4287,0
2761,4295,0
2758,4305,0
2751,4333,0
2743,4375,0
2738,4429,0
2729,4480,0
2724,4524,0
2721,4565,0
2715,4579,0
2717,4583,0
2710,4572,0
2695,4543,0
2685,4518,0
2673,4488,0
2666,4478,0
2656,4468,0
2659,4472,0
2675,4475,0
2714,4459,0
2767,4427,0
2815,4394,0
2860,4357,0
2896,4316,0
2924,4282,0
2931,4266,0
2931,4266,0
2916,4268,0
2888,4303,0
2859,4355,0
2842,4409,0
2835,4454,0
2844,4495,0
2861,4514,0
2883,4522,0
2904,4517,0
2926,4508,0
2938,4512,0
2937,4517,0
2932,4536,0
2934,4556,0
2938,4572,0
2958,4586,0
2987,4591,0
3013,4570,1
3084,4437,0
3088,4426,0
3088,4422,0
3087,4427,0
3072,4434,0
3051,4471,0
3029,4507,0
3023,4553,0
3022,4584,0
3035,4609,0
3060,4624,0
3098,4625,0
3144,4613,1
3517,4498,0
3518,4497,0
3513,4491,0
3503,4487,0
3489,4490,0
3468,4497,0
3443,4515,0
3424,4539,0
3414,4563,0
3417,4575,0
3432,4576,0
3460,4561,0
3491,4526,0
3527,4478,0
3561,4421,0
3590,4353,0
3624,4300,0
3642,4256,0
3653,4249,0
3648,4247,0
3648,4276,0
3625,4332,0
3609,4411,0
3583,4483,0
3569,4560,0
3565,4617,0
3571,4647,0
3583,4653,0
3598,4644,0
3629,4618,0
3664,4579,0
3702,4538,0
3735,4505,0
3762,4488,0
3776,4483,0
3784,4483,0
3794,4501,0
3798,4531,0
3795,4560,0
3796,4584,0
3800,4596,0
3802,4594,0
3801,4580,0
3795,4556,0
3779,4529,0
3759,4508,0
3748,4496,0
3743,4485,0
3748,4478,0
3760,4466,0
3788,4457,0
3816,4444,0
3846,4443,0
3870,4451,0
3887,4469,0
3889,4492,0
3880,4512,1
3928,4505,0
3930,4522,0
3925,4555,0
3918,4587,0
3912,4615,1
3959,4359,0
3936,4350,0
3933,4348,0
3930,4350,0
3921,4356,1
4083,4266,0
4076,4281,0
4066,4312,0
4051,4362,0
4031,4421,0
4016,4476,0
4018,4517,0
4029,4539,0
4048,4546,0
4080,4533,0
4120,4500,0
4167,4452,0
4213,4389,0
4258,4339,0
4282,4306,0
4282,4302,0
4279,4303,0
4263,4341,0
4252,4395,0
4246,4449,0
4245,4494,0
4248,4536,0
4256,4565,0
4261,4577,0
4266,4573,1
4665,4287,0
4659,4277,0
4656,4263,0
4652,4251,0
4649,4248,0
4640,4244,0
4632,4246,0
4621,4262,0
4603,4298,0
4586,4350,0
4574,4416,0
4570,4487,0
4572,4562,0
4572,4638,0
4572,4714,0
4560,4778,0
4552,4829,0
4546,4853,0
4536,4851,0
4515,4826,0
4500,4784,0
4486,4724,0
4491,4681,0
4502,4642,0
4521,4606,0
4560,4571,0
4611,4547,0
4657,4525,0
4688,4509,1
4748,4278,0
4748,4278,0
4744,4286,0
4727,4318,0
4708,4372,0
4693,4432,0
4688,4488,0
4695,4535,0
4705,4557,0
4726,4566,0
4752,4560,0
4779,4543,0
4807,4513,0
4828,4489,0
4835,4484,0
4838,4487,0
4832,4497,0
4830,4526,0
4827,4554,0
4830,4566,0
4850,4577,0
4875,4565,0
4905,4539,0
4939,4514,0
4964,4492,0
4978,4479,0
4982,4477,0
4980,4478,0
4986,4494,0
4980,4515,0
4971,4540,0
4964,4562,0
4964,4578,0
4973,4581,0
4993,4573,0
5023,4552,0
5056,4523,0
5093,4488,0
5131,4447,0
5161,4408,0
5181,4365,0
5197,4334,0
5205,4309,0
5207,4296,0
5202,4290,0
5195,4291,0
5183,4303,0
5161,4340,0
5143,4392,0
5126,4446,0
5123,4492,0
5122,4521,0
5127,4533,0
5130,4535,0
5130,4531,0
5124,4503,0
5113,4480,0
5098,4466,0
5083,4459,0
5081,4461,0
5084,4459,0
5089,4459,0
5127,4451,0
5180,4444,0
5235,4436,0
5290,4427,0
5335,4422,0
5376,4421,0
5401,4418,0
5407,4417,0
5403,4415,0
5375,4405,0
5341,4405,0
5313,4405,0
5299,4407,0
5299,4407,0
5313,4410,0
5344,4413,0
5382,4415,0
5435,4422,0
5501,4430,0
5566,4449,0
5620,4473,0
5656,4498,0
5672,4524,0
5662,4550,0
5622,4587,0
5569,4618,0
5530,4640,0
5506,4647,0
5509,4649,0
5523,4635,0
5556,4620,1
5341,4427,0
5347,4427,0
5373,4418,0
5407,4400,0
5441,4382,0
5470,4369,0
5485,4360,0
5489,4356,0
5475,4347,0
5446,4348,0
5397,4359,0
5344,4379,0
5306,4406,0
5293,4425,0
5300,4446,0
5329,4462,0
5375,4473,1
5893,4579,0
5895,4583,0
5899,4585,0
5895,4583,0
5896,4582,1