enthusiast is appended, and
618
641,2345,0
652,2343,0
668,2342,0
686,2333,0
702,2316,0
717,2306,0
726,2295,0
727,2288,0
722,2279,0
711,2281,0
694,2282,0
678,2291,0
658,2304,0
641,2321,0
635,2347,0
636,2376,0
644,2391,0
660,2406,0
680,2413,0
702,2413,0
726,2413,0
751,2401,0
776,2388,0
801,2371,0
829,2355,1
910,2242,0
906,2253,0
929,2275,0
939,2288,0
932,2312,0
868,2335,0
866,2350,0
866,2347,0
874,2343,0
889,2320,0
962,2298,0
976,2278,0
986,2267,0
957,2265,0
1001,2275,0
1013,2292,0
965,2310,0
970,2334,0
976,2350,0
984,2359,0
998,2367,1
1116,2137,0
1116,2152,0
1117,2181,0
1117,2212,0
1112,2241,0
1104,2260,0
1101,2297,0
1097,2325,0
1093,2345,0
1095,2365,0
1096,2369,0
1095,2365,0
1095,2360,1
1059,2273,0
1063,2273,0
1071,2277,0
1081,2277,0
1096,2273,0
1114,2273,0
1137,2264,0
1159,2248,0
1182,2231,1
1226,2135,0
1221,2147,0
1217,2164,0
1213,2188,0
1208,2213,0
1200,2238,0
1189,2265,0
1179,2299,0
1169,2323,0
1161,2335,0
1160,2340,0
1163,2339,0
1170,2326,0
1181,2302,0
1198,2285,0
1214,2265,0
1228,2256,0
1235,2255,0
1242,2267,0
1243,2282,0
1243,2306,0
1242,2323,0
1247,2334,0
1252,2342,0
1258,2341,1
1374,2256,0
1368,2265,0
1365,2282,0
1361,2294,0
1363,2314,0
1366,2326,0
1370,2330,0
1375,2333,0
1382,2331,0
1389,2326,0
1397,2321,0
1404,2313,0
1414,2307,0
1420,2294,0
1424,2281,0
1430,2276,0
1430,2263,0
1432,2255,0
1436,2255,0
1436,2251,0
1435,2246,0
1436,2251,0
1436,2251,0
1436,2251,0
1436,2251,0
1436,2251,0
1435,2251,0
1433,2251,0
1435,2263,0
1434,2280,0
1433,2296,0
1434,2308,0
1438,2319,0
1444,2326,0
1450,2329,0
1459,2332,0
1468,2326,0
1477,2320,0
1488,2318,0
1495,2305,0
1508,2298,1
1621,2231,0
1618,2227,0
1611,2225,0
1602,2224,0
1593,2234,0
1584,2248,0
1580,2266,0
1583,2286,0
1589,2304,0
1597,2323,0
1603,2342,0
1603,2351,0
1599,2356,0
1591,2357,0
1582,2364,0
1568,2363,0
1553,2358,0
1542,2348,0
1537,2341,0
1540,2336,0
1551,2330,1
1710,2251,0
1706,2269,0
1696,2285,0
1692,2307,0
1691,2332,0
1689,2345,0
1691,2353,0
1691,2345,0
1697,2330,1
1741,2179,0
1737,2172,0
1734,2169,0
1735,2168,0
1735,2168,0
1735,2168,0
1735,2168,0
1741,2175,0
1747,2186,1
1850,2246,0
1846,2256,0
1837,2268,0
1829,2284,0
1820,2304,0
1815,2327,0
1814,2340,0
1817,2347,0
1822,2350,0
1832,2351,0
1841,2343,0
1851,2332,0
1860,2316,0
1867,2297,0
1871,2273,0
1876,2253,0
1878,2236,0
1878,2227,0
1877,2224,0
1876,2224,0
1877,2228,0
1873,2238,0
1876,2262,0
1879,2283,0
1884,2298,0
1895,2311,0
1908,2318,0
1924,2321,0
1941,2318,1
2078,2210,0
2077,2211,0
2072,2213,0
2059,2215,0
2049,2229,0
2036,2243,0
2037,2265,0
2041,2280,0
2051,2297,0
2060,2311,0
2067,2321,0
2069,2333,0
2065,2344,0
2055,2352,0
2043,2362,0
2026,2366,0
2010,2368,0
1991,2363,0
1982,2358,0
1979,2351,0
1984,2340,1
2157,2152,0
2160,2163,0
2158,2182,0
2154,2211,0
2149,2246,0
2143,2280,0
2138,2309,0
2137,2332,0
2136,2351,0
2130,2362,0
2129,2376,0
2127,2377,0
2123,2370,1
2104,2299,0
2107,2302,0
2103,2295,0
2117,2298,0
2132,2294,0
2152,2294,0
2170,2293,0
2181,2288,0
2191,2287,0
2200,2287,0
2212,2289,0
2217,2287,0
2226,2287,1
2543,2241,0
2540,2252,0
2533,2272,0
2527,2295,0
2523,2317,0
2516,2332,0
2516,2346,0
2514,2352,0
2510,2350,1
2573,2164,0
2573,2164,0
2573,2164,0
2567,2159,0
2570,2162,0
2571,2161,0
2572,2160,0
2576,2163,0
2589,2173,1
2680,2238,0
2673,2234,0
2671,2236,0
2666,2239,0
2659,2246,0
2655,2263,0
2649,2282,0
2655,2303,0
2659,2320,0
2664,2336,0
2659,2344,0
2658,2355,0
2651,2365,0
2633,2373,0
2622,2385,0
2606,2388,0
2585,2387,0
2569,2383,0
2559,2381,0
2560,2380,0
2557,2371,1
3122,2240,0
3124,2244,0
3123,2245,0
3117,2245,0
3101,2243,0
3090,2248,0
3076,2263,0
3060,2282,0
3043,2304,0
3037,2326,0
3030,2338,0
3035,2349,0
3045,2356,0
3053,2355,0
3064,2350,0
3078,2342,0
3090,2332,0
3096,2314,0
3107,2299,0
3112,2282,0
3117,2267,0
3119,2254,0
3123,2245,0
3119,2237,0
3122,2240,0
3121,2241,0
3121,2247,0
3117,2261,0
3107,2282,0
3109,2309,0
3112,2326,0
3120,2335,0
3139,2341,0
3154,2337,0
3177,2331,0
3198,2323,0
3217,2315,1
3362,2197,0
3356,2198,0
3350,2203,0
3342,2218,0
3341,2244,0
3335,2273,0
3329,2309,0
3323,2343,0
3315,2370,0
3313,2395,0
3310,2409,0
3310,2414,0
3307,2412,0
3303,2410,0
3303,2404,0
3300,2384,0
3299,2363,1
3388,2179,0
3407,2181,0
3426,2190,0
3436,2202,0
3443,2219,0
3446,2240,0
3435,2258,0
3419,2277,0
3397,2295,0
3369,2307,0
3350,2316,0
3328,2316,0
3315,2312,1
3557,2190,0
3550,2204,0
3550,2229,0
3544,2261,0
3535,2297,0
3525,2333,0
3521,2366,0
3518,2388,0
3518,2400,0
3517,2401,0
3518,2400,0
3522,2394,0
3525,2374,1
3577,2164,0
3596,2166,0
3617,2172,0
3631,2180,0
3641,2193,0
3643,2210,0
3638,2229,0
3629,2247,0
3614,2264,0
3597,2279,0
3579,2288,0
3562,2289,0
3549,2285,1
3754,2256,0
3769,2256,0
3785,2248,0
3806,2235,0
3819,2217,0
3836,2202,0
3838,2185,0
3839,2177,0
3829,2169,0
3812,2166,0
3790,2169,0
3773,2186,0
3758,2205,0
3752,2227,0
3759,2250,0
3767,2265,0
3787,2280,0
3807,2287,0
3830,2289,0
3856,2288,0
3877,2280,1
4007,2182,0
4006,2183,0
4007,2190,0
4002,2203,0
3994,2221,0
3993,2245,0
3986,2267,0
3981,2280,0
3985,2289,0
3985,2289,0
3983,2285,0
3991,2275,0
4005,2256,0
4022,2229,0
4044,2206,0
4069,2191,0
4081,2188,0
4090,2195,0
4087,2207,0
4091,2230,0
4091,2251,0
4090,2266,0
4096,2279,0
4107,2283,0
4120,2279,1
4307,2200,0
4291,2210,0
4273,2222,0
4266,2241,0
4251,2256,0
4254,2275,0
4253,2290,0
4260,2301,0
4268,2304,0
4275,2300,0
4294,2293,0
4313,2278,0
4325,2253,0
4340,2223,0
4354,2192,0
4363,2162,0
4370,2135,0
4378,2114,0
4379,2096,0
4386,2085,0
4385,2077,0
4382,2075,0
4381,2077,0
4373,2082,0
4369,2104,0
4357,2133,0
4355,2169,0
4352,2202,0
4355,2227,0
4365,2248,0
4381,2263,0
4399,2270,0
4413,2270,1
4524,2266,0
4538,2265,0
4558,2256,0
4572,2241,0
4584,2227,0
4586,2210,0
4592,2198,0
4581,2186,0
4567,2178,0
4553,2180,0
4541,2192,0
4531,2209,0
4522,2223,0
4529,2235,0
4542,2244,0
4558,2250,0
4575,2251,1
4754,2188,0
4758,2191,0
4752,2191,0
4747,2193,0
4746,2195,0
4736,2195,0
4734,2201,0
4726,2207,0
4715,2217,0
4707,2232,0
4697,2249,0
4697,2266,0
4694,2270,0
4704,2277,0
4710,2275,0
4723,2268,0
4736,2254,0
4747,2233,0
4764,2212,0
4775,2182,0
4792,2151,0
4800,2119,0
4809,2095,0
4809,2077,0
4810,2065,0
4809,2059,0
4806,2056,0
4806,2057,0
4800,2060,0
4792,2075,0
4784,2106,0
4774,2144,0
4774,2178,0
4777,2204,0
4787,2227,0
4800,2245,0
4811,2259,0
4828,2270,0
4839,2275,0
4855,2279,0
4869,2280,1
5013,2257,0
5008,2256,0
5010,2261,0
5001,2272,0
4979,2295,0
4958,2324,0
4933,2351,0
4915,2376,0
4903,2404,1
5519,2198,0
5516,2195,0
5516,2195,0
5507,2195,0
5496,2199,0
5480,2207,0
5472,2224,0
5454,2243,0
5448,2265,0
5443,2283,0
5454,2298,0
5460,2303,0
5470,2301,0
5478,2294,0
5496,2284,0
5503,2268,0
5513,2249,0
5518,2230,0
5521,2212,0
5518,2200,0
5513,2193,0
5508,2193,0
5515,2198,0
5505,2209,0
5507,2232,0
5507,2252,0
5515,2264,0
5525,2270,0
5544,2276,0
5566,2277,0
5586,2273,0
5607,2265,0
5629,2256,1
5704,2187,0
5704,2187,0
5707,2189,0
5698,2190,0
5697,2202,0
5692,2222,0
5682,2245,0
5676,2267,0
5671,2279,0
5671,2279,0
5674,2273,0
5692,2260,0
5713,2244,0
5735,2223,0
5753,2214,0
5753,2212,0
5755,2217,0
5764,2230,0
5765,2244,0
5769,2258,0
5773,2268,1
5955,2189,0
5944,2193,0
5944,2205,0
5929,2219,0
5921,2236,0
5916,2258,0
5923,2275,0
5927,2285,0
5934,2287,0
5943,2287,0
5955,2280,0
5969,2270,0
5973,2250,0
5985,2229,0
5991,2205,0
5993,2178,0
6001,2152,0
6006,2128,0
6005,2106,0
6010,2092,0
5998,2080,0
6001,2075,0
5996,2074,0
6000,2077,0
5991,2089,0
5988,2117,0
5984,2150,0
5979,2183,0
5983,2216,0
5984,2244,0
5996,2265,0
6009,2276,0
6036,2285,0
6054,2284,0
6073,2280,0
6092,2277,0
6105,2275,1