Here is a project that will be welcomed by the
891
678,3778,0
676,3778,0
674,3782,0
674,3806,0
675,3838,0
678,3879,0
680,3911,0
680,3935,0
681,3956,0
682,3972,0
682,3983,0
682,3988,0
682,3988,0
681,3984,0
677,3971,0
670,3947,0
664,3922,0
662,3901,0
663,3894,0
664,3889,0
669,3890,0
677,3895,0
687,3896,0
697,3901,0
707,3902,0
716,3899,0
727,3900,0
738,3889,0
748,3885,0
755,3878,0
760,3875,0
764,3867,0
764,3855,1
769,3803,0
769,3799,0
770,3807,0
776,3829,0
781,3853,0
786,3885,0
786,3917,0
788,3945,0
791,3969,0
793,3986,0
795,3993,0
796,3998,0
800,3998,1
868,3942,0
873,3939,0
880,3931,0
883,3919,0
886,3908,0
887,3899,0
885,3892,0
880,3887,0
872,3887,0
864,3894,0
859,3914,0
856,3937,0
858,3959,0
862,3974,0
871,3983,0
883,3988,0
895,3983,0
909,3981,0
922,3974,0
933,3962,0
941,3954,0
947,3950,0
951,3954,0
955,3962,0
957,3971,0
960,3978,0
962,3982,0
961,3983,0
962,3982,0
960,3978,0
958,3959,0
957,3942,0
959,3927,0
963,3918,0
969,3903,0
978,3895,0
989,3887,1
1042,3937,0
1047,3940,0
1054,3937,0
1062,3933,0
1071,3921,0
1076,3909,0
1080,3901,0
1080,3892,0
1078,3889,0
1071,3888,0
1059,3884,0
1051,3889,0
1044,3904,0
1039,3928,0
1041,3952,0
1044,3969,0
1049,3976,0
1060,3980,0
1071,3981,0
1082,3981,0
1092,3976,0
1103,3972,0
1112,3964,0
1126,3948,1
1318,3869,0
1319,3881,0
1323,3901,0
1326,3925,0
1326,3936,0
1327,3949,0
1328,3952,0
1329,3952,0
1331,3945,1
1319,3796,0
1317,3793,0
1315,3793,0
1315,3793,0
1318,3797,1
1448,3846,0
1447,3842,0
1445,3842,0
1438,3847,0
1424,3852,0
1410,3870,0
1397,3883,0
1389,3895,0
1388,3904,0
1391,3908,0
1402,3915,0
1416,3913,0
1431,3920,0
1443,3919,0
1453,3922,0
1459,3929,0
1460,3933,0
1459,3941,0
1457,3954,0
1449,3963,0
1439,3971,0
1430,3981,0
1418,3982,0
1409,3982,0
1402,3978,0
1400,3975,0
1401,3967,0
1406,3962,0
1416,3954,1
1701,3873,0
1690,3870,0
1680,3872,0
1670,3877,0
1663,3887,0
1658,3904,0
1660,3923,0
1663,3931,0
1675,3942,0
1687,3940,0
1701,3933,0
1713,3923,0
1720,3902,0
1725,3885,0
1727,3880,0
1726,3881,0
1724,3877,0
1724,3889,0
1726,3909,0
1729,3925,0
1732,3933,0
1740,3939,0
1749,3941,0
1756,3936,0
1763,3927,1
1899,3908,0
1901,3920,0
1908,3947,0
1912,3975,0
1918,4006,0
1921,4042,0
1919,4063,0
1920,4080,0
1921,4083,0
1921,4083,0
1922,4082,0
1923,4079,0
1918,4051,0
1910,4028,0
1899,3993,0
1898,3965,0
1902,3940,0
1910,3918,0
1916,3896,0
1926,3886,0
1938,3882,0
1948,3884,0
1959,3894,0
1965,3909,0
1968,3921,0
1968,3937,0
1971,3953,0
1964,3954,0
1961,3964,0
1954,3965,0
1947,3966,0
1940,3968,0
1932,3957,1
2060,3901,0
2058,3902,0
2056,3907,0
2054,3916,0
2053,3928,0
2053,3937,0
2052,3937,0
2053,3937,0
2051,3933,0
2053,3933,0
2050,3925,0
2047,3913,0
2044,3902,0
2043,3886,0
2047,3877,0
2054,3871,0
2064,3868,0
2078,3868,0
2095,3872,0
2111,3872,0
2123,3872,0
2132,3874,0
2135,3873,0
2140,3880,0
2136,3885,0
2130,3895,0
2121,3906,0
2118,3923,0
2117,3937,0
2124,3947,0
2133,3948,0
2147,3949,0
2159,3937,0
2173,3925,0
2183,3913,0
2190,3899,0
2191,3887,0
2188,3878,0
2177,3865,0
2166,3860,0
2162,3865,0
2158,3866,0
2159,3875,0
2164,3882,0
2171,3887,1
2276,3855,0
2278,3867,0
2280,3884,0
2282,3909,0
2282,3933,0
2280,3967,0
2279,3997,0
2280,4026,0
2280,4047,0
2282,4068,0
2284,4075,0
2287,4078,0
2292,4077,1
2295,3790,0
2295,3785,0
2294,3782,0
2294,3782,0
2292,3783,0
2295,3790,0
2299,3793,0
2307,3799,0
2315,3808,1
2362,3936,0
2365,3935,0
2377,3935,0
2386,3932,0
2396,3925,0
2402,3909,0
2408,3899,0
2410,3886,0
2409,3882,0
2404,3879,0
2390,3872,0
2375,3872,0
2362,3881,0
2355,3893,0
2351,3911,0
2357,3930,0
2367,3938,0
2379,3943,0
2396,3945,0
2415,3948,0
2433,3942,1
2521,3878,0
2513,3869,0
2507,3866,0
2500,3865,0
2495,3871,0
2489,3882,0
2485,3901,0
2485,3918,0
2487,3930,0
2497,3939,0
2503,3937,0
2516,3940,0
2528,3936,0
2541,3931,0
2551,3918,0
2561,3906,0
2569,3889,1
2591,3776,0
2589,3773,0
2588,3778,0
2593,3798,0
2590,3820,0
2590,3851,0
2587,3878,0
2587,3904,0
2586,3921,0
2591,3937,0
2595,3948,0
2595,3948,0
2599,3951,1
2568,3873,0
2568,3873,0
2568,3873,0
2569,3872,0
2576,3874,0
2587,3878,0
2601,3877,0
2618,3874,0
2639,3874,0
2658,3870,0
2675,3867,0
2689,3865,0
2701,3865,0
2711,3865,0
2721,3869,0
2725,3867,1
2979,3802,0
2986,3812,0
2984,3822,0
2987,3848,0
2987,3880,0
2992,3918,0
2993,3947,0
2994,3965,0
2996,3986,0
2994,3992,0
2996,4000,0
2996,3999,0
2997,4000,1
2945,3913,0
2946,3918,0
2948,3925,0
2964,3935,0
2980,3933,0
3002,3930,0
3022,3920,0
3040,3911,0
3053,3899,0
3058,3887,0
3066,3879,0
3069,3867,0
3069,3854,0
3064,3838,0
3055,3820,0
3049,3814,0
3052,3817,0
3052,3822,0
3060,3845,0
3067,3873,0
3071,3903,0
3071,3935,0
3069,3958,0
3066,3973,0
3068,3977,0
3071,3980,0
3074,3978,0
3077,3968,0
3095,3930,0
3098,3928,0
3114,3948,0
3118,3959,0
3116,3964,0
3119,3972,0
3125,3974,0
3128,3968,0
3137,3963,1
3195,3908,0
3197,3906,0
3190,3901,0
3185,3904,0
3177,3913,0
3165,3929,0
3160,3950,0
3155,3962,0
3159,3974,0
3165,3974,0
3177,3972,0
3187,3963,0
3197,3953,0
3201,3942,0
3202,3932,0
3201,3928,0
3200,3928,0
3198,3933,0
3197,3948,0
3197,3962,0
3197,3971,0
3206,3984,0
3211,3986,0
3216,3983,0
3226,3977,1
3259,3829,0
3262,3832,0
3261,3842,0
3264,3859,0
3265,3886,0
3267,3913,0
3267,3941,0
3264,3956,0
3265,3969,0
3272,3983,0
3272,3983,0
3271,3980,0
3273,3974,1
3254,3920,0
3251,3913,0
3251,3909,0
3255,3911,0
3255,3906,0
3264,3910,0
3269,3907,0
3282,3909,0
3296,3909,0
3310,3911,0
3322,3909,0
3331,3908,0
3341,3910,0
3344,3909,0
3344,3909,0
3345,3908,1
3549,3892,0
3551,3896,0
3551,3906,0
3553,3933,0
3556,3959,0
3556,3974,0
3563,3983,0
3570,3984,0
3580,3983,0
3584,3970,0
3595,3963,0
3597,3952,0
3597,3947,0
3600,3950,0
3600,3959,0
3605,3976,0
3609,3982,0
3616,3988,0
3625,3991,0
3630,3988,0
3634,3979,0
3643,3974,0
3648,3961,0
3650,3945,0
3655,3927,0
3655,3913,0
3660,3900,0
3662,3897,0
3668,3899,1
3723,3889,0
3725,3898,0
3724,3908,0
3720,3925,0
3718,3942,0
3717,3957,0
3715,3964,0
3715,3969,0
3719,3971,1
3724,3814,0
3720,3812,0
3723,3815,0
3720,3812,0
3723,3816,0
3725,3819,0
3727,3823,0
3731,3824,0
3736,3821,1
3776,3797,0
3775,3807,0
3776,3826,0
3783,3851,0
3785,3879,0
3786,3908,0
3788,3931,0
3793,3952,0
3795,3966,0
3800,3977,0
3801,3981,0
3801,3981,0
3805,3983,0
3804,3979,0
3803,3964,0
3802,3945,1
3855,3807,0
3860,3809,0
3858,3810,0
3863,3826,0
3865,3851,0
3867,3877,0
3867,3904,0
3864,3930,0
3861,3947,0
3863,3962,0
3865,3969,0
3870,3976,0
3872,3974,1
4071,3831,0
4072,3830,0
4071,3831,0
4075,3843,0
4077,3867,0
4078,3897,0
4077,3928,0
4077,3953,0
4076,3970,0
4073,3978,0
4073,3983,0
4072,3978,0
4075,3981,0
4076,3970,0
4080,3952,0
4085,3937,0
4092,3927,0
4102,3924,0
4115,3924,0
4126,3925,0
4139,3930,0
4149,3937,0
4159,3950,0
4163,3962,0
4157,3977,0
4146,3986,0
4138,3998,0
4128,4006,0
4113,4007,0
4108,4006,0
4106,4003,0
4109,4000,0
4117,3998,1
4241,3965,0
4248,3965,0
4256,3958,0
4266,3950,0
4268,3942,0
4273,3939,0
4270,3936,0
4263,3935,0
4252,3935,0
4242,3943,0
4232,3957,0
4229,3976,0
4225,3989,0
4229,4000,0
4242,4010,0
4255,4016,0
4272,4017,0
4293,4016,0
4316,4011,0
4336,4000,0
4358,3992,1
4516,3916,0
4533,3945,0
4539,3965,0
4541,3975,0
4546,3981,0
4551,3981,0
4558,3980,0
4562,3972,0
4565,3963,0
4568,3954,0
4567,3950,0
4567,3950,0
4569,3959,0
4578,3973,0
4583,3979,0
4587,3981,0
4599,3986,0
4604,3982,0
4611,3976,0
4616,3964,0
4625,3951,0
4629,3930,0
4637,3913,0
4640,3893,0
4648,3886,1
4692,3954,0
4695,3945,0
4700,3936,0
4702,3928,0
4700,3924,0
4696,3923,0
4687,3921,0
4678,3923,0
4671,3935,0
4666,3952,0
4665,3968,0
4669,3981,0
4678,3989,0
4689,3995,0
4705,3998,0
4719,3995,0
4733,3986,1
4788,3815,0
4788,3815,0
4787,3817,0
4788,3832,0
4801,3865,0
4806,3893,0
4809,3918,0
4811,3940,0
4813,3960,0
4816,3978,0
4816,3989,0
4816,3995,0
4820,3997,1
4947,3932,0
4942,3931,0
4939,3929,0
4933,3929,0
4921,3930,0
4909,3937,0
4897,3950,0
4892,3966,0
4891,3978,0
4897,3989,0
4903,3995,0
4919,4001,0
4934,4003,0
4952,4002,0
4965,3995,0
4975,3988,0
4984,3980,1
5043,3936,0
5038,3935,0
5029,3933,0
5016,3935,0
5007,3945,0
4999,3959,0
4994,3969,0
5000,3981,0
5009,3988,0
5022,3993,0
5035,3991,0
5046,3986,0
5052,3979,0
5058,3972,0
5059,3965,0
5053,3954,0
5047,3943,0
5038,3935,0
5038,3936,0
5038,3936,0
5038,3936,1
5110,3942,0
5110,3947,0
5116,3958,0
5116,3969,0
5119,3983,0
5122,3998,0
5125,4007,0
5127,4010,0
5132,4012,0
5134,4010,0
5136,4000,0
5144,3992,0
5149,3976,0
5155,3963,0
5163,3954,0
5175,3953,0
5180,3954,0
5186,3959,0
5190,3966,0
5194,3975,0
5199,3981,0
5202,3983,0
5208,3982,0
5216,3979,0
5221,3969,0
5230,3959,0
5248,3951,0
5260,3943,0
5260,3937,0
5267,3942,0
5272,3955,0
5273,3971,0
5273,3982,0
5271,3991,0
5278,4001,0
5281,4003,0
5287,4003,1
5397,3982,0
5409,3974,0
5417,3966,0
5422,3960,0
5419,3956,0
5414,3952,0
5408,3952,0
5392,3952,0
5380,3960,0
5371,3976,0
5363,3990,0
5366,4005,0
5371,4017,0
5381,4024,0
5398,4029,0
5415,4028,0
5436,4023,1
5505,3974,0
5506,3972,0
5505,3968,0
5506,3967,0
5497,3964,0
5483,3969,0
5472,3981,0
5465,3995,0
5465,4007,0
5467,4011,0
5476,4014,0
5489,4011,0
5499,3999,0
5516,3986,0
5527,3967,0
5546,3925,0
5550,3903,0
5545,3882,0
5547,3875,0
5547,3875,0
5547,3881,0
5547,3899,0
5548,3929,0
5552,3962,0
5546,3988,0
5552,4012,0
5558,4029,0
5566,4044,0
5576,4051,0
5580,4053,0
5586,4051,0
5588,4048,1
5873,3832,0
5872,3826,0
5868,3825,0
5876,3834,0
5876,3853,0
5885,3888,0
5884,3921,0
5877,3949,0
5877,3976,0
5876,3997,0
5876,4008,0
5876,4010,0
5877,4007,0
5882,4003,0
5876,3983,0
5887,3963,0
5892,3945,0
5898,3937,0
5915,3934,0
5924,3929,0
5941,3933,0
5950,3941,0
5959,3955,0
5958,3970,0
5952,3990,0
5947,4009,0
5937,4022,0
5917,4028,0
5909,4037,0
5901,4041,0
5890,4036,0
5891,4036,0
5893,4032,1
6055,3988,0
6049,3984,0
6048,3985,0
6046,3987,0
6045,4002,0
6058,4024,0
6057,4031,0
6063,4036,0
6072,4039,0
6082,4033,0
6090,4022,0
6099,4008,0
6106,3995,0
6112,3978,0
6114,3969,0
6119,3971,0
6115,3969,0
6119,3977,0
6111,3987,0
6113,4012,0
6104,4036,0
6100,4067,0
6095,4101,0
6085,4126,0
6081,4155,0
6083,4179,0
6082,4194,0
6085,4202,0
6089,4204,1
6350,3856,0
6350,3857,0
6353,3860,0
6352,3875,0
6353,3902,0
6359,3934,0
6362,3964,0
6365,3993,0
6371,4012,0
6364,4015,0
6367,4017,0
6369,4016,0
6377,4012,0
6377,3998,0
6377,3984,0
6377,3976,0
6383,3976,0
6388,3976,0
6399,3981,0
6413,3983,0
6426,3984,0
6437,3976,0
6454,3966,0
6464,3952,0
6472,3933,0
6479,3916,0
6483,3896,0
6482,3877,0
6478,3862,0
6469,3859,0
6473,3863,0
6471,3878,0
6474,3909,0
6477,3940,0
6483,3974,0
6481,4003,0
6488,4022,0
6486,4032,0
6490,4032,0
6497,4029,0
6507,4017,0
6517,4002,0
6527,3986,0
6541,3981,0
6553,3979,0
6558,3985,0
6568,3998,0
6575,4010,0
6578,4019,0
6580,4030,0
6585,4036,0
6591,4036,0
6599,4030,1
6638,3996,0
6640,3993,0
6647,3989,0
6656,3983,0
6659,3972,0
6667,3962,0
6670,3957,0
6667,3954,0
6654,3951,0
6643,3959,0
6633,3975,0
6623,3996,0
6622,4019,0
6623,4039,0
6631,4055,0
6645,4062,0
6657,4067,0
6682,4066,0
6698,4063,0
6711,4060,0
6720,4059,1