will be seen in the plan, the transoms have
920
1289,1723,1
1289,1730,0
1289,1743,0
1290,1767,0
1293,1799,0
1296,1831,0
1299,1855,0
1305,1874,0
1310,1885,0
1313,1889,0
1314,1885,0
1317,1872,0
1322,1852,0
1326,1822,0
1330,1798,0
1331,1785,0
1334,1789,0
1334,1797,0
1335,1817,0
1341,1837,0
1346,1848,0
1356,1858,0
1366,1865,0
1374,1863,0
1380,1854,0
1392,1844,0
1400,1821,0
1405,1788,0
1414,1758,0
1414,1730,0
1415,1725,0
1412,1726,0
1407,1735,1
1446,1734,0
1446,1739,0
1442,1736,0
1442,1744,0
1442,1756,0
1442,1776,0
1443,1801,0
1440,1822,0
1443,1842,0
1446,1853,0
1450,1861,0
1455,1864,0
1457,1859,1
1438,1655,0
1431,1648,0
1430,1648,0
1431,1652,0
1430,1652,1
1536,1686,0
1528,1709,0
1529,1746,0
1528,1780,0
1529,1817,0
1527,1846,0
1529,1867,0
1529,1879,0
1532,1886,1
1585,1633,0
1580,1646,0
1577,1664,0
1575,1691,0
1570,1721,0
1570,1763,0
1570,1801,0
1571,1830,0
1573,1854,0
1573,1870,0
1575,1882,0
1578,1886,0
1584,1884,1
1779,1662,0
1780,1683,0
1781,1709,0
1784,1743,0
1783,1778,0
1789,1810,0
1790,1831,0
1792,1848,0
1792,1861,0
1784,1856,0
1779,1850,0
1780,1848,0
1784,1833,0
1782,1809,0
1789,1789,0
1795,1768,0
1802,1752,0
1815,1746,0
1828,1744,0
1841,1747,0
1850,1752,0
1861,1769,0
1865,1785,0
1865,1802,0
1861,1817,0
1855,1829,0
1841,1840,0
1823,1844,0
1807,1846,0
1788,1841,0
1778,1837,0
1774,1829,0
1777,1819,1
1906,1814,0
1901,1812,0
1900,1808,0
1906,1805,0
1915,1795,0
1929,1783,0
1940,1764,0
1952,1749,0
1960,1735,0
1963,1724,0
1962,1720,0
1952,1716,0
1942,1722,0
1925,1727,0
1906,1737,0
1888,1751,0
1877,1770,0
1870,1791,0
1867,1806,0
1877,1819,0
1897,1826,0
1925,1826,0
1954,1820,0
1987,1816,0
2013,1811,1
2280,1694,0
2277,1691,0
2273,1689,0
2263,1687,0
2251,1691,0
2235,1698,0
2221,1709,0
2204,1716,0
2196,1727,0
2190,1731,0
2194,1737,0
2198,1740,0
2211,1740,0
2232,1744,0
2250,1746,0
2268,1754,0
2275,1759,0
2286,1770,0
2287,1779,0
2286,1790,0
2276,1797,0
2270,1807,0
2256,1812,0
2242,1816,0
2223,1816,0
2206,1813,0
2194,1807,0
2188,1800,0
2180,1791,1
2338,1754,0
2347,1752,0
2355,1746,0
2361,1736,0
2372,1727,0
2379,1717,0
2382,1709,0
2380,1700,0
2378,1696,0
2374,1695,0
2364,1698,0
2348,1706,0
2333,1718,0
2316,1732,0
2304,1746,0
2302,1762,0
2304,1776,0
2312,1785,0
2328,1792,0
2350,1796,0
2378,1795,0
2400,1787,0
2422,1779,0
2442,1773,0
2455,1768,1
2438,1766,1
2431,1766,0
2440,1764,0
2446,1754,0
2461,1746,0
2470,1733,0
2478,1720,0
2486,1713,0
2483,1705,0
2476,1700,0
2470,1700,0
2462,1703,0
2446,1705,0
2434,1717,0
2415,1728,0
2407,1745,0
2401,1761,0
2404,1773,0
2412,1783,0
2429,1789,0
2448,1789,0
2471,1785,0
2497,1778,0
2518,1766,0
2536,1754,0
2549,1742,0
2550,1725,0
2552,1712,0
2550,1703,0
2549,1703,0
2548,1704,0
2547,1711,0
2546,1723,0
2542,1732,0
2546,1744,0
2552,1756,0
2551,1762,0
2552,1767,0
2548,1766,0
2551,1768,0
2548,1766,0
2552,1767,0
2550,1763,0
2550,1752,0
2550,1740,0
2551,1724,0
2557,1707,0
2560,1688,0
2568,1674,0
2577,1665,0
2592,1662,0
2604,1661,0
2613,1664,0
2627,1678,0
2634,1693,0
2633,1705,0
2639,1722,0
2634,1732,0
2634,1744,0
2637,1753,0
2633,1756,0
2634,1761,0
2637,1764,0
2637,1763,0
2644,1763,1
2843,1678,0
2842,1679,0
2842,1685,0
2840,1699,0
2835,1717,0
2835,1735,0
2835,1754,0
2836,1770,0
2837,1781,0
2837,1787,0
2837,1788,0
2840,1785,0
2839,1773,1
2839,1614,1
2891,1695,1
2887,1732,0
2889,1741,0
2893,1748,0
2895,1751,0
2895,1752,0
2891,1750,0
2891,1750,0
2893,1749,0
2889,1741,0
2893,1730,0
2895,1710,0
2897,1687,0
2910,1672,0
2917,1657,0
2930,1648,0
2944,1643,0
2950,1642,0
2960,1649,0
2963,1664,0
2962,1691,0
2963,1722,0
2963,1746,0
2964,1763,0
2971,1775,1
3154,1559,1
3151,1562,0
3152,1575,0
3153,1596,0
3151,1619,0
3152,1646,0
3155,1676,0
3154,1698,0
3156,1716,0
3155,1730,0
3156,1736,0
3155,1737,0
3156,1736,0
3157,1734,0
3147,1720,0
3144,1705,0
3130,1689,0
3121,1681,0
3117,1680,0
3110,1677,0
3113,1679,0
3110,1677,0
3117,1674,0
3130,1669,0
3148,1664,0
3175,1661,0
3201,1660,0
3217,1657,0
3238,1657,1
3209,1548,0
3203,1543,0
3203,1543,0
3202,1544,0
3201,1553,0
3207,1573,0
3211,1595,0
3211,1623,0
3211,1652,0
3216,1679,0
3217,1700,0
3216,1715,0
3217,1727,0
3218,1731,0
3218,1732,0
3218,1731,0
3216,1713,0
3225,1688,0
3238,1663,0
3245,1645,0
3259,1638,0
3269,1638,0
3275,1645,0
3280,1658,0
3280,1672,0
3284,1688,0
3288,1702,0
3291,1714,0
3293,1725,1
3340,1690,0
3337,1689,0
3337,1687,0
3345,1684,0
3353,1672,0
3370,1660,0
3382,1641,0
3400,1628,0
3407,1616,0
3414,1614,0
3411,1611,0
3405,1612,0
3385,1614,0
3366,1621,0
3345,1633,0
3330,1648,0
3317,1660,0
3318,1674,0
3330,1684,0
3346,1689,0
3373,1692,0
3398,1690,0
3428,1688,0
3453,1686,0
3479,1684,1
3593,1640,0
3587,1635,0
3588,1635,0
3588,1635,0
3590,1640,0
3591,1652,0
3596,1676,0
3602,1705,0
3608,1733,0
3609,1755,0
3612,1772,0
3618,1785,0
3619,1790,0
3615,1788,0
3616,1788,0
3619,1783,0
3614,1768,0
3606,1744,0
3602,1720,0
3595,1693,0
3588,1665,0
3589,1640,0
3590,1615,0
3606,1595,0
3619,1579,0
3632,1573,0
3644,1577,0
3654,1591,0
3656,1611,0
3665,1638,0
3658,1658,0
3648,1674,0
3631,1686,0
3618,1693,0
3603,1696,0
3590,1693,0
3581,1685,0
3584,1679,0
3594,1671,0
3613,1663,0
3633,1653,1
3706,1511,0
3702,1517,0
3699,1533,0
3696,1556,0
3689,1585,0
3691,1616,0
3689,1642,0
3691,1662,0
3696,1679,0
3695,1689,0
3704,1698,0
3702,1700,0
3706,1701,1
3831,1609,0
3824,1603,0
3818,1599,0
3805,1597,0
3795,1598,0
3784,1602,0
3775,1611,0
3771,1628,0
3764,1650,0
3757,1669,0
3754,1684,0
3757,1693,0
3764,1697,0
3774,1696,0
3789,1686,0
3807,1670,0
3817,1651,0
3826,1635,0
3836,1624,0
3842,1621,0
3839,1619,0
3842,1621,0
3837,1623,0
3838,1638,0
3834,1654,0
3835,1669,0
3841,1683,0
3841,1691,0
3846,1697,1
3892,1648,0
3889,1661,0
3888,1672,0
3892,1683,0
3896,1690,0
3896,1691,0
3892,1690,0
3892,1690,0
3894,1686,0
3889,1670,0
3888,1654,0
3884,1636,0
3890,1623,0
3893,1611,0
3904,1599,0
3913,1588,0
3929,1583,0
3942,1585,0
3943,1592,0
3947,1609,0
3954,1632,0
3952,1652,0
3957,1669,0
3959,1681,0
3958,1693,1
4053,1692,0
4046,1698,0
4037,1714,0
4026,1737,0
4012,1761,1
4268,1536,0
4265,1533,0
4265,1533,0
4267,1538,0
4263,1549,0
4263,1567,0
4262,1590,0
4263,1616,0
4261,1640,0
4265,1660,0
4263,1673,0
4259,1681,0
4262,1686,0
4262,1686,0
4258,1684,0
4258,1676,0
4251,1660,0
4243,1643,0
4230,1630,0
4227,1627,0
4224,1626,0
4224,1626,0
4223,1626,0
4225,1624,0
4234,1622,0
4245,1618,0
4263,1616,0
4290,1617,0
4308,1614,1
4326,1513,0
4325,1515,0
4326,1523,0
4324,1539,0
4322,1563,0
4322,1592,0
4321,1622,0
4323,1649,0
4319,1667,0
4321,1681,0
4318,1689,0
4316,1691,0
4317,1690,0
4319,1685,0
4323,1669,0
4330,1645,0
4340,1622,0
4355,1607,0
4367,1599,0
4372,1598,0
4376,1599,0
4381,1606,0
4384,1622,0
4384,1642,0
4381,1657,0
4384,1670,0
4384,1678,0
4391,1682,0
4396,1682,1
4437,1649,0
4437,1648,0
4434,1645,0
4439,1644,0
4447,1637,0
4459,1628,0
4469,1616,0
4480,1601,0
4489,1590,0
4491,1584,0
4492,1583,0
4483,1582,0
4473,1585,0
4459,1590,0
4442,1598,0
4427,1611,0
4413,1623,0
4410,1640,0
4409,1653,0
4418,1661,0
4442,1667,0
4465,1665,0
4496,1664,0
4524,1662,0
4546,1660,1
4698,1504,0
4695,1503,0
4694,1504,0
4695,1512,0
4695,1525,0
4693,1544,0
4690,1573,0
4700,1611,0
4700,1652,0
4702,1679,0
4707,1698,0
4711,1710,0
4708,1718,0
4712,1719,0
4709,1717,0
4704,1708,0
4698,1691,0
4683,1673,0
4673,1655,0
4659,1638,0
4654,1631,0
4647,1626,0
4647,1626,0
4647,1626,0
4652,1626,0
4670,1623,0
4689,1618,0
4715,1616,0
4738,1613,1
4750,1594,0
4755,1604,0
4758,1617,0
4760,1633,0
4766,1651,0
4772,1667,0
4772,1681,0
4776,1691,0
4775,1693,0
4775,1693,0
4775,1693,0
4770,1684,0
4776,1669,0
4775,1651,0
4778,1631,0
4786,1613,0
4794,1602,1
4917,1595,0
4915,1587,0
4910,1578,0
4907,1574,0
4895,1571,0
4887,1571,0
4873,1575,0
4864,1586,0
4854,1603,0
4840,1625,0
4829,1645,0
4832,1659,0
4837,1668,0
4847,1673,0
4861,1672,0
4873,1663,0
4891,1651,0
4905,1636,0
4920,1619,0
4930,1604,0
4932,1598,0
4932,1598,0
4932,1599,0
4929,1609,0
4926,1626,0
4921,1639,0
4920,1652,0
4920,1664,0
4925,1673,0
4931,1681,0
4933,1685,0
4933,1686,0
4937,1686,1
4992,1597,0
4989,1597,0
4987,1600,0
4987,1611,0
4985,1628,0
4980,1644,0
4985,1662,0
4985,1674,0
4985,1686,0
4983,1690,0
4987,1691,0
4984,1689,0
4982,1683,0
4982,1669,0
4980,1653,0
4982,1636,0
4982,1623,0
4988,1609,0
4997,1597,0
5009,1588,0
5018,1582,0
5028,1580,0
5035,1585,0
5040,1595,0
5040,1616,0
5037,1638,0
5038,1658,0
5045,1675,0
5047,1688,1
5187,1588,0
5180,1582,0
5178,1575,0
5168,1570,0
5160,1568,0
5151,1569,0
5134,1570,0
5123,1577,0
5103,1586,0
5094,1599,0
5086,1610,0
5089,1622,0
5096,1628,0
5104,1631,0
5125,1632,0
5142,1631,0
5163,1631,0
5179,1635,0
5185,1641,0
5190,1650,0
5191,1660,0
5188,1669,0
5180,1677,0
5166,1683,0
5151,1688,0
5129,1690,0
5115,1691,0
5103,1689,0
5088,1682,0
5079,1675,0
5074,1664,0
5077,1655,0
5093,1648,1
5277,1595,0
5272,1587,0
5265,1582,0
5257,1580,0
5248,1580,0
5239,1582,0
5224,1589,0
5213,1599,0
5207,1616,0
5204,1636,0
5201,1656,0
5208,1670,0
5218,1677,0
5231,1678,0
5245,1674,0
5261,1664,0
5278,1652,0
5288,1637,0
5294,1619,0
5291,1602,0
5285,1596,0
5282,1593,0
5280,1598,0
5286,1604,0
5293,1611,1
5354,1607,0
5351,1613,0
5347,1626,0
5345,1642,0
5349,1656,0
5349,1667,0
5351,1674,0
5353,1679,0
5357,1682,0
5353,1679,0
5354,1679,0
5351,1673,0
5352,1660,0
5350,1641,0
5353,1620,0
5359,1601,0
5360,1587,0
5367,1579,0
5377,1575,0
5381,1573,0
5385,1575,0
5384,1590,0
5385,1614,0
5381,1637,0
5379,1655,0
5380,1667,0
5381,1672,0
5381,1674,0
5381,1674,0
5378,1669,0
5383,1657,0
5384,1640,0
5392,1618,0
5402,1597,0
5408,1580,0
5416,1571,0
5431,1565,0
5439,1562,0
5443,1563,0
5448,1573,0
5452,1589,0
5449,1610,0
5452,1628,0
5450,1644,0
5451,1656,0
5455,1666,0
5458,1672,0
5461,1674,0
5462,1673,1
5581,1582,0
5578,1576,0
5571,1573,0
5567,1571,0
5555,1569,0
5547,1570,0
5532,1575,0
5521,1583,0
5505,1595,0
5493,1606,0
5489,1616,0
5488,1621,0
5495,1625,0
5506,1629,0
5523,1631,0
5539,1632,0
5560,1633,0
5576,1636,0
5586,1643,0
5588,1649,0
5594,1657,0
5595,1666,0
5588,1673,0
5582,1681,0
5575,1688,0
5558,1689,0
5545,1690,0
5530,1686,0
5517,1684,0
5503,1674,0
5498,1667,0
5488,1657,0
5494,1654,1
5810,1481,0
5807,1480,0
5807,1480,0
5806,1481,0
5809,1485,0
5810,1498,0
5808,1522,0
5801,1555,0
5800,1588,0
5804,1617,0
5806,1638,0
5801,1652,0
5804,1658,0
5803,1660,0
5804,1658,0
5802,1650,0
5812,1631,0
5820,1605,0
5833,1577,0
5851,1558,0
5865,1550,0
5874,1550,0
5885,1558,0
5884,1574,0
5890,1597,0
5892,1616,0
5895,1632,0
5895,1646,0
5902,1654,1
6015,1566,0
6009,1558,0
6003,1550,0
5996,1542,0
5986,1537,0
5978,1535,0
5960,1537,0
5946,1544,0
5934,1558,0
5921,1577,0
5913,1603,0
5911,1622,0
5911,1634,0
5921,1643,0
5929,1645,0
5944,1638,0
5960,1626,0
5978,1609,0
5988,1589,0
5997,1573,0
5998,1567,0
6002,1568,0
6001,1572,0
5996,1587,0
5996,1605,0
5995,1620,0
6000,1633,0
6005,1644,0
6007,1652,1
6054,1561,0
6047,1555,0
6047,1555,0
6046,1556,0
6046,1557,0
6049,1563,0
6051,1573,0
6055,1587,0
6063,1602,0
6071,1618,0
6079,1632,0
6089,1643,0
6092,1646,0
6095,1648,0
6091,1647,0
6097,1642,0
6102,1623,0
6114,1600,0
6121,1573,0
6134,1557,0
6139,1552,1
6145,1634,0
6142,1633,0
6145,1632,0
6148,1624,0
6164,1615,0
6171,1602,0
6187,1589,0
6196,1573,0
6206,1563,0
6205,1556,0
6205,1554,0
6198,1551,0
6184,1555,0
6169,1563,0
6154,1574,0
6142,1589,0
6129,1603,0
6131,1614,0
6144,1625,0
6172,1630,0
6204,1631,0
6242,1631,0
6274,1635,0
6292,1631,0
6300,1631,1