one shilling.
347
716,7055,0
712,7050,0
707,7050,0
699,7045,0
692,7045,0
678,7053,0
663,7067,0
647,7086,0
630,7113,0
615,7144,0
603,7176,0
597,7207,0
594,7236,0
602,7248,0
612,7257,0
626,7258,0
640,7250,0
661,7236,0
675,7212,0
697,7181,0
714,7147,0
728,7111,0
740,7076,0
744,7052,0
748,7032,0
750,7028,0
749,7028,0
748,7032,0
746,7044,0
747,7056,0
748,7072,0
752,7080,0
760,7085,0
772,7085,0
786,7074,0
805,7059,0
819,7035,0
837,7016,0
846,7000,0
856,6989,0
861,6988,0
863,6997,0
861,7016,0
854,7045,0
846,7072,0
842,7104,0
834,7132,0
832,7152,0
830,7164,0
832,7164,0
835,7156,0
842,7144,0
849,7124,0
857,7097,0
866,7069,0
875,7049,0
886,7037,0
892,7029,0
899,7034,0
904,7041,0
909,7066,0
909,7098,0
908,7134,0
906,7170,0
908,7202,0
913,7226,0
924,7234,0
936,7238,0
950,7231,0
970,7215,0
983,7192,0
1001,7164,0
1011,7136,0
1020,7108,0
1029,7088,0
1028,7080,0
1021,7076,0
1010,7080,0
1002,7092,0
995,7116,0
987,7144,0
991,7167,0
995,7191,0
1008,7204,0
1026,7204,0
1049,7200,0
1077,7184,0
1107,7164,0
1139,7136,1
1387,7145,0
1387,7142,0
1389,7141,0
1397,7125,0
1406,7101,0
1416,7080,0
1428,7051,0
1437,7026,0
1445,7002,0
1450,6995,0
1454,6990,0
1458,6994,0
1467,7009,0
1474,7033,0
1479,7065,0
1486,7100,0
1490,7140,0
1491,7180,0
1487,7208,0
1481,7229,0
1471,7241,0
1462,7246,0
1452,7246,0
1440,7239,0
1433,7231,0
1426,7224,0
1424,7220,0
1425,7219,0
1428,7224,0
1435,7224,0
1447,7226,0
1462,7234,0
1479,7229,0
1498,7215,0
1518,7194,0
1537,7157,0
1554,7115,0
1569,7062,0
1581,7005,0
1588,6957,0
1591,6905,0
1587,6865,0
1584,6837,0
1577,6821,0
1570,6822,0
1563,6835,0
1558,6871,0
1555,6920,0
1560,6971,0
1565,7019,0
1577,7066,0
1587,7110,0
1597,7141,0
1608,7168,0
1616,7183,0
1626,7186,0
1633,7178,0
1640,7166,0
1648,7137,0
1655,7100,0
1666,7063,0
1677,7030,0
1689,7005,0
1698,6992,0
1708,6995,0
1714,7007,0
1723,7030,0
1725,7057,0
1730,7089,0
1734,7117,0
1738,7137,0
1743,7149,0
1749,7148,0
1755,7139,0
1762,7123,0
1771,7094,0
1778,7065,0
1787,7040,0
1792,7023,0
1797,7011,0
1799,7007,0
1800,7014,0
1802,7026,0
1802,7050,0
1803,7079,0
1807,7102,0
1812,7126,0
1822,7140,0
1831,7148,0
1845,7147,0
1860,7136,0
1878,7118,0
1894,7093,0
1908,7058,0
1922,7021,0
1933,6983,0
1941,6949,0
1947,6913,0
1949,6880,0
1951,6852,0
1949,6820,0
1947,6792,0
1944,6775,0
1935,6761,0
1929,6753,0
1918,6751,0
1906,6756,0
1896,6778,0
1886,6811,0
1881,6848,0
1877,6889,0
1879,6941,0
1885,6984,0
1896,7031,0
1913,7074,0
1925,7104,0
1943,7127,0
1961,7137,0
1980,7134,0
2000,7120,0
2017,7097,0
2031,7062,0
2045,7021,0
2056,6974,0
2070,6924,0
2077,6870,0
2084,6825,0
2082,6784,0
2079,6761,0
2070,6746,0
2058,6739,0
2043,6754,0
2029,6785,0
2015,6823,0
2007,6869,0
2007,6920,0
2013,6976,0
2022,7024,0
2037,7065,0
2057,7099,0
2077,7121,0
2100,7134,0
2118,7127,0
2138,7120,0
2154,7101,0
2166,7075,0
2177,7013,0
2186,6979,0
2188,6950,0
2192,6929,0
2190,6913,0
2190,6905,0
2190,6909,0
2190,6913,0
2191,6934,0
2191,6954,0
2193,6982,0
2199,7009,0
2200,7029,0
2210,7048,0
2218,7062,0
2227,7065,0
2237,7067,0
2246,7062,0
2257,7048,0
2267,7022,0
2279,6996,0
2291,6973,0
2298,6947,0
2304,6926,0
2309,6913,0
2314,6920,0
2321,6944,0
2320,6968,0
2323,7000,0
2323,7028,0
2328,7064,0
2334,7071,0
2340,7070,0
2345,7057,0
2355,7035,0
2360,7005,0
2367,6971,0
2379,6944,0
2386,6927,0
2393,6917,0
2400,6912,0
2403,6911,0
2412,6930,0
2412,6950,0
2413,6979,0
2415,7007,0
2422,7026,0
2429,7041,0
2444,7042,0
2465,7038,0
2485,7017,0
2511,6992,0
2536,6966,0
2563,6931,0
2591,6905,0
2610,6889,0
2623,6872,0
2627,6876,0
2619,6882,0
2603,6889,0
2580,6911,0
2554,6929,0
2527,6947,0
2509,6968,0
2496,6983,0
2497,6995,0
2502,6997,0
2519,6997,0
2588,6950,0
2603,6927,0
2616,6908,0
2623,6893,0
2623,6889,0
2622,6889,0
2622,6893,0
2615,6908,0
2618,6931,0
2623,6963,0
2630,6998,0
2641,7041,0
2649,7084,0
2657,7124,0
2666,7154,0
2663,7183,0
2660,7196,0
2649,7207,0
2634,7215,0
2613,7212,0
2590,7195,0
2567,7176,0
2533,7154,0
2504,7132,0
2473,7094,1
2219,6717,0
2219,6717,0
2222,6729,0
2219,6750,0
2217,6775,1
1786,6814,0
1782,6823,0
1785,6835,0
1782,6860,0
1788,6886,1
2775,6963,0
2777,6963,0
2780,6963,0
2779,6962,0
2777,6963,0
2777,6963,0
2772,6965,0
2763,6963,0
2760,6968,1