and round off any sharp edges (such
895
1098,2169,0
1091,2164,0
1083,2161,0
1072,2157,0
1057,2149,0
1042,2145,0
1022,2136,0
1006,2140,0
989,2142,0
973,2149,0
959,2161,0
947,2173,0
939,2192,0
933,2207,0
932,2231,0
935,2251,0
942,2268,0
953,2277,0
968,2286,0
986,2287,0
1003,2287,0
1018,2280,0
1032,2268,0
1044,2245,0
1055,2220,0
1063,2201,0
1064,2177,0
1065,2161,0
1064,2145,0
1066,2145,0
1065,2145,0
1064,2149,0
1065,2165,0
1066,2189,0
1068,2212,0
1071,2237,0
1074,2260,0
1076,2277,0
1078,2285,0
1084,2293,0
1091,2293,1
1124,2188,0
1128,2188,0
1136,2200,0
1141,2212,0
1150,2236,0
1154,2251,0
1161,2271,0
1165,2287,0
1167,2295,0
1167,2295,0
1162,2287,0
1157,2271,0
1155,2255,0
1151,2227,0
1153,2204,0
1160,2183,0
1170,2166,0
1182,2154,0
1194,2145,0
1210,2149,0
1224,2156,0
1237,2171,0
1247,2186,0
1255,2205,0
1260,2224,0
1262,2241,0
1260,2253,0
1257,2261,0
1252,2261,1
1416,2246,0
1429,2244,0
1437,2234,0
1438,2222,0
1435,2206,0
1427,2190,0
1414,2177,0
1399,2171,0
1386,2174,0
1370,2176,0
1354,2183,0
1339,2192,0
1327,2210,0
1317,2223,0
1314,2240,0
1317,2259,0
1326,2275,0
1340,2293,0
1356,2303,0
1373,2305,0
1389,2298,0
1406,2288,0
1420,2270,0
1433,2251,0
1442,2225,0
1447,2195,0
1452,2166,0
1455,2141,0
1454,2117,0
1452,2101,0
1450,2089,0
1449,2089,0
1445,2090,0
1444,2103,0
1440,2123,0
1443,2156,0
1449,2191,0
1455,2227,0
1461,2258,0
1469,2289,0
1474,2309,0
1480,2324,0
1484,2327,0
1490,2326,0
1501,2320,1
1655,2176,0
1659,2183,0
1662,2195,0
1666,2215,0
1674,2241,0
1677,2261,0
1682,2285,0
1682,2293,0
1686,2300,0
1686,2296,0
1684,2289,0
1679,2273,0
1677,2253,0
1676,2233,0
1677,2212,0
1681,2193,0
1693,2182,0
1705,2169,0
1718,2161,0
1734,2160,0
1749,2164,0
1762,2168,0
1771,2173,0
1775,2171,0
1780,2174,1
1853,2186,0
1860,2183,0
1863,2177,0
1862,2169,0
1856,2159,0
1848,2154,0
1833,2146,0
1821,2147,0
1809,2151,0
1795,2156,0
1783,2164,0
1776,2179,0
1771,2194,0
1771,2212,0
1776,2230,0
1788,2248,0
1804,2263,0
1824,2273,0
1846,2282,0
1867,2283,0
1886,2280,0
1903,2277,0
1916,2273,0
1923,2262,0
1925,2248,0
1922,2231,0
1911,2214,0
1899,2198,0
1884,2182,0
1868,2171,0
1853,2164,0
1840,2161,0
1830,2161,1
1952,2198,0
1954,2218,0
1955,2235,0
1964,2257,0
1973,2271,0
1982,2280,0
1994,2284,0
2012,2285,0
2026,2278,0
2042,2271,0
2055,2260,0
2065,2243,0
2065,2217,0
2072,2199,0
2075,2184,0
2078,2174,0
2079,2169,0
2079,2169,0
2082,2172,0
2081,2177,0
2084,2194,0
2085,2211,0
2087,2228,0
2088,2245,0
2093,2260,0
2094,2268,0
2096,2273,0
2104,2281,0
2106,2277,1
2164,2197,0
2170,2217,0
2175,2237,0
2176,2254,0
2180,2270,0
2182,2282,0
2183,2287,0
2184,2286,0
2184,2282,0
2183,2273,0
2186,2263,0
2186,2244,0
2188,2225,0
2191,2205,0
2199,2192,0
2211,2181,0
2222,2174,0
2234,2172,0
2246,2174,0
2261,2185,0
2275,2199,0
2289,2219,0
2297,2239,0
2304,2256,0
2308,2268,0
2308,2273,0
2306,2274,0
2307,2273,0
2313,2270,1
2429,2260,0
2441,2257,0
2452,2250,0
2456,2237,0
2451,2217,0
2444,2197,0
2436,2178,0
2422,2164,0
2408,2154,0
2391,2151,0
2381,2157,0
2367,2167,0
2356,2183,0
2351,2205,0
2347,2226,0
2352,2251,0
2360,2274,0
2371,2292,0
2380,2299,0
2388,2299,0
2399,2293,0
2415,2283,0
2426,2262,0
2435,2237,0
2442,2207,0
2446,2176,0
2451,2149,0
2455,2127,0
2460,2113,0
2461,2102,0
2465,2100,0
2463,2101,0
2459,2104,0
2462,2121,0
2464,2145,0
2463,2170,0
2465,2198,0
2466,2226,0
2470,2251,0
2472,2270,0
2474,2283,0
2473,2288,0
2476,2291,0
2473,2288,0
2473,2284,1
2774,2205,0
2774,2199,0
2772,2190,0
2767,2184,0
2756,2178,0
2742,2174,0
2726,2171,0
2714,2176,0
2702,2186,0
2687,2198,0
2675,2212,0
2669,2227,0
2666,2245,0
2669,2262,0
2680,2279,0
2695,2292,0
2717,2302,0
2742,2308,0
2764,2306,0
2780,2298,0
2794,2287,0
2805,2272,0
2809,2253,0
2807,2234,0
2797,2216,0
2791,2207,0
2783,2202,0
2774,2199,0
2767,2200,1
2861,2053,0
2854,2075,0
2852,2105,0
2850,2139,0
2852,2179,0
2859,2222,0
2873,2268,0
2884,2310,0
2895,2348,0
2900,2375,0
2907,2400,0
2907,2415,0
2912,2428,0
2912,2433,0
2909,2429,0
2909,2425,0
2907,2411,1
2936,2265,0
2941,2268,0
2938,2265,0
2930,2265,0
2913,2264,0
2898,2268,0
2881,2270,0
2868,2277,0
2856,2282,0
2842,2283,0
2828,2280,0
2816,2273,0
2808,2265,1
3079,2084,0
3069,2065,0
3052,2049,0
3033,2039,0
3017,2038,0
3007,2050,0
2996,2067,0
2991,2094,0
2989,2129,0
2990,2167,0
2998,2209,0
3007,2251,0
3021,2292,0
3032,2330,0
3039,2362,0
3047,2386,0
3052,2404,0
3051,2410,0
3051,2410,0
3050,2405,0
3045,2393,1
3066,2276,0
3066,2276,0
3064,2273,0
3054,2271,0
3036,2267,0
3008,2259,0
2988,2257,0
2970,2257,0
2954,2260,0
2941,2262,0
2934,2267,0
2924,2266,0
2919,2265,1
3411,2267,0
3417,2260,0
3421,2249,0
3419,2234,0
3413,2217,0
3406,2201,0
3392,2187,0
3378,2178,0
3367,2178,0
3347,2176,0
3333,2181,0
3320,2189,0
3305,2200,0
3296,2215,0
3291,2233,0
3289,2251,0
3298,2272,0
3304,2283,0
3322,2299,0
3343,2312,0
3364,2318,0
3382,2316,0
3399,2309,0
3410,2292,0
3415,2268,0
3416,2244,0
3414,2222,0
3411,2207,0
3411,2200,0
3411,2201,0
3413,2205,0
3414,2216,0
3411,2231,0
3411,2250,0
3415,2268,0
3419,2283,0
3421,2292,1
3473,2209,0
3475,2212,0
3479,2225,0
3486,2243,0
3486,2260,0
3490,2281,0
3496,2298,0
3496,2305,0
3500,2306,0
3498,2301,0
3496,2292,0
3497,2278,0
3498,2259,0
3499,2239,0
3507,2224,0
3520,2214,0
3534,2205,0
3547,2201,0
3559,2200,0
3570,2205,0
3583,2215,0
3592,2229,0
3603,2247,0
3609,2265,0
3607,2280,0
3608,2290,0
3604,2296,0
3606,2299,0
3602,2297,1
3773,2152,0
3770,2157,0
3765,2170,0
3756,2187,0
3746,2207,0
3734,2231,0
3728,2258,0
3723,2283,0
3713,2301,0
3710,2318,0
3707,2328,0
3699,2330,0
3699,2333,0
3696,2328,0
3700,2324,0
3704,2313,0
3709,2299,0
3715,2292,0
3718,2284,0
3722,2278,0
3722,2271,0
3720,2267,0
3715,2260,0
3703,2251,0
3691,2240,0
3674,2229,0
3660,2221,0
3645,2213,0
3631,2206,0
3617,2198,0
3608,2190,0
3607,2186,0
3602,2178,1
4055,2190,0
4057,2186,0
4053,2184,0
4049,2184,0
4044,2186,0
4032,2187,0
4029,2192,0
4027,2195,0
4024,2200,0
4024,2206,0
4031,2211,0
4037,2216,0
4044,2219,0
4058,2228,0
4070,2239,0
4082,2249,0
4093,2262,0
4104,2274,0
4113,2289,0
4121,2306,0
4127,2324,0
4130,2341,0
4104,2364,0
4087,2367,0
4071,2367,0
4051,2362,0
4031,2355,0
4009,2345,0
3995,2335,0
3974,2317,1
4167,2106,0
4172,2121,0
4174,2140,0
4176,2166,0
4179,2198,0
4182,2231,0
4184,2263,0
4191,2295,0
4193,2320,0
4196,2337,0
4198,2349,0
4200,2352,0
4198,2350,0
4198,2342,0
4198,2328,0
4201,2309,0
4203,2285,0
4209,2262,0
4219,2246,0
4232,2235,0
4249,2230,0
4264,2229,0
4276,2233,0
4289,2243,0
4299,2257,0
4311,2281,0
4319,2306,0
4328,2328,0
4328,2342,0
4328,2350,0
4326,2345,1
4473,2288,0
4475,2277,0
4475,2263,0
4469,2249,0
4457,2239,0
4445,2234,0
4432,2232,0
4420,2237,0
4406,2244,0
4394,2256,0
4385,2270,0
4379,2287,0
4377,2304,0
4380,2323,0
4388,2339,0
4398,2352,0
4416,2363,0
4429,2364,0
4445,2361,0
4457,2350,0
4471,2337,0
4476,2321,0
4476,2284,0
4470,2278,0
4473,2281,0
4471,2284,0
4473,2289,0
4471,2300,0
4464,2311,0
4464,2325,0
4474,2355,1
4529,2273,0
4534,2287,0
4535,2302,0
4536,2315,0
4539,2325,0
4535,2325,0
4540,2326,0
4538,2321,0
4539,2311,0
4540,2294,0
4545,2278,0
4550,2261,0
4557,2251,0
4569,2247,0
4578,2246,0
4590,2250,0
4597,2253,0
4604,2257,0
4614,2264,0
4628,2273,0
4634,2278,1
4660,2258,0
4659,2265,0
4658,2277,0
4661,2295,0
4661,2317,0
4664,2345,0
4661,2371,0
4662,2400,0
4666,2425,0
4665,2442,0
4660,2449,0
4659,2451,0
4659,2449,0
4651,2441,0
4650,2427,0
4645,2405,0
4644,2353,0
4650,2328,0
4655,2304,0
4667,2285,0
4678,2265,0
4694,2255,0
4710,2250,0
4724,2251,0
4763,2334,0
4754,2350,0
4739,2360,0
4722,2366,0
4704,2362,0
4686,2353,0
4669,2337,1
5047,2312,0
5054,2315,0
5058,2316,0
5064,2315,0
5074,2312,0
5084,2309,0
5096,2304,0
5113,2298,0
5128,2286,0
5139,2273,0
5144,2256,0
5148,2239,0
5142,2224,0
5135,2211,0
5125,2204,0
5113,2203,0
5101,2209,0
5079,2215,0
5067,2229,0
5061,2250,0
5051,2270,0
5060,2337,0
5074,2355,0
5091,2366,0
5109,2373,0
5129,2379,0
5143,2379,1
5291,2311,0
5294,2304,0
5294,2297,0
5297,2281,0
5280,2261,0
5273,2250,0
5258,2242,0
5244,2244,0
5232,2250,0
5216,2263,0
5212,2282,0
5206,2303,0
5202,2325,0
5208,2349,0
5216,2367,0
5228,2381,0
5241,2389,0
5299,2357,0
5310,2336,0
5315,2306,0
5320,2273,0
5320,2235,0
5323,2203,0
5318,2175,0
5313,2156,0
5313,2222,0
5319,2256,0
5327,2294,0
5333,2324,0
5338,2352,0
5342,2369,0
5351,2378,0
5356,2378,1
5510,2283,0
5513,2277,0
5509,2265,0
5502,2253,0
5491,2240,0
5481,2231,0
5462,2225,0
5452,2228,0
5436,2232,0
5427,2243,0
5420,2258,0
5412,2273,0
5409,2291,0
5409,2309,0
5412,2327,0
5414,2340,0
5424,2350,0
5434,2357,0
5445,2361,0
5472,2352,0
5482,2341,0
5484,2327,0
5487,2314,0
5487,2301,0
5488,2292,0
5490,2289,0
5499,2307,0
5503,2324,0
5510,2347,0
5516,2370,0
5523,2393,0
5525,2415,0
5531,2440,0
5534,2460,0
5464,2490,0
5449,2475,0
5443,2461,0
5438,2445,1
5463,2351,0
5477,2352,0
5488,2347,0
5502,2345,0
5517,2341,0
5537,2338,0
5556,2335,0
5571,2330,0
5594,2329,0
5607,2321,0
5621,2309,0
5628,2295,0
5631,2280,0
5632,2268,0
5625,2254,0
5616,2245,0
5609,2241,0
5596,2241,0
5551,2309,0
5557,2324,0
5564,2336,0
5577,2346,0
5588,2350,0
5601,2353,0
5610,2353,0
5615,2350,0
5629,2347,0
5630,2348,0
5630,2348,0
5634,2348,0
5636,2342,1
5681,2258,0
5689,2250,0
5684,2239,0
5684,2231,0
5677,2226,0
5673,2226,0
5663,2229,0
5658,2238,0
5654,2248,0
5653,2260,0
5658,2289,0
5658,2297,0
5668,2305,0
5682,2314,0
5691,2321,0
5704,2333,0
5713,2340,0
5727,2396,0
5719,2400,0
5713,2407,0
5701,2410,0
5689,2408,0
5670,2403,0
5663,2399,0
5636,2370,0
5641,2363,0
5653,2357,1
6056,2163,0
6065,2162,0
6070,2162,0
6074,2160,0
6078,2162,0
6073,2162,0
6075,2169,0
6071,2178,0
6063,2190,0
6054,2202,0
6051,2219,0
6043,2238,0
6038,2260,0
6039,2285,0
6041,2314,0
6058,2372,0
6065,2398,0
6080,2423,0
6090,2441,0
6100,2455,0
6107,2461,0
6110,2463,0
6120,2461,1
6155,2251,0
6150,2251,0
6144,2254,0
6133,2259,0
6130,2267,1
6126,2287,0
6130,2299,0
6130,2308,0
6139,2318,0
6153,2326,0
6158,2333,0
6172,2342,0
6182,2351,0
6194,2362,0
6203,2372,0
6211,2384,0
6215,2395,0
6218,2406,0
6215,2414,0
6211,2422,0
6131,2408,0
6126,2400,0
6124,2393,1
6239,2287,0
6242,2289,0
6237,2292,0
6230,2297,0
6221,2307,0
6224,2323,0
6230,2341,0
6235,2359,0
6246,2374,0
6251,2384,0
6265,2391,0
6281,2393,0
6290,2391,0
6302,2386,0
6314,2376,0
6326,2347,0
6329,2330,0
6334,2317,0
6338,2307,0
6341,2302,0
6337,2299,0
6338,2299,0
6334,2340,0
6337,2362,0
6338,2381,0
6343,2398,0
6345,2407,0
6350,2414,0
6350,2416,0
6354,2416,0
6364,2413,1
6490,2336,0
6493,2330,0
6493,2321,0
6484,2309,0
6476,2297,0
6466,2289,0
6455,2284,0
6443,2282,0
6433,2286,0
6418,2289,0
6411,2299,0
6402,2310,0
6396,2325,0
6394,2342,0
6390,2360,0
6394,2380,0
6405,2398,0
6416,2412,0
6430,2420,0
6495,2410,0
6507,2403,0
6513,2398,0
6519,2396,0
6525,2391,1
6541,2217,0
6545,2219,0
6541,2229,0
6541,2242,0
6538,2260,0
6538,2283,0
6536,2307,0
6534,2335,0
6536,2361,0
6538,2379,0
6537,2393,0
6535,2396,0
6539,2398,0
6536,2394,0
6535,2386,0
6536,2372,0
6542,2358,0
6548,2342,0
6558,2330,0
6568,2325,0
6578,2323,0
6589,2327,0
6595,2333,0
6601,2405,0
6597,2405,0
6592,2406,1