as shown in Fig. 4. Build the
775
1118,1512,0
1148,1508,0
1146,1503,0
1138,1499,0
1136,1496,0
1115,1493,0
1100,1488,0
1091,1497,0
1066,1505,0
1045,1529,0
996,1550,0
978,1578,0
965,1609,0
957,1640,0
954,1668,0
957,1691,0
964,1705,0
978,1718,0
992,1719,0
1007,1707,0
1025,1689,0
1045,1660,0
1066,1625,0
1088,1581,0
1107,1537,0
1150,1491,0
1155,1470,0
1157,1467,0
1157,1467,0
1158,1474,0
1151,1499,0
1140,1536,0
1131,1588,0
1123,1628,0
1123,1660,0
1117,1684,0
1129,1696,0
1129,1704,0
1133,1704,0
1141,1699,0
1160,1682,1
1318,1512,0
1299,1507,0
1277,1510,0
1245,1515,0
1213,1527,0
1206,1543,0
1196,1556,0
1191,1568,0
1196,1584,0
1209,1595,0
1230,1605,0
1252,1614,0
1249,1631,0
1269,1637,0
1286,1647,0
1293,1654,0
1290,1654,0
1281,1663,0
1262,1674,0
1235,1677,0
1248,1684,0
1213,1687,0
1196,1693,0
1182,1693,0
1184,1689,0
1199,1689,0
1224,1678,0
1267,1657,0
1290,1654,1
1759,1538,0
1744,1532,0
1724,1529,0
1694,1529,0
1663,1539,0
1629,1553,0
1598,1564,0
1587,1576,0
1589,1589,0
1598,1602,0
1619,1616,0
1652,1629,0
1691,1639,0
1732,1648,0
1767,1654,0
1792,1664,0
1802,1673,0
1798,1675,0
1780,1688,0
1744,1700,0
1710,1714,0
1671,1725,0
1638,1728,0
1622,1730,0
1619,1726,0
1625,1715,0
1649,1694,0
1687,1672,0
1732,1640,1
1894,1386,0
1893,1382,0
1892,1383,0
1894,1386,0
1894,1405,0
1895,1438,0
1896,1479,0
1890,1521,0
1882,1568,0
1877,1616,0
1871,1656,0
1862,1683,0
1858,1694,0
1861,1697,0
1859,1689,0
1864,1664,0
1875,1626,0
1891,1590,0
1913,1559,0
1932,1538,0
1946,1529,0
1957,1532,0
1969,1548,0
1979,1575,0
1985,1609,0
1989,1644,0
1990,1672,0
1989,1691,0
1993,1703,0
1993,1703,0
2000,1703,0
2012,1686,0
2038,1655,1
2219,1537,0
2210,1534,0
2205,1538,0
2195,1541,0
2178,1545,0
2164,1551,0
2154,1564,0
2143,1582,0
2137,1606,0
2133,1629,0
2137,1655,0
2139,1674,0
2154,1692,0
2175,1703,0
2200,1704,0
2228,1698,0
2260,1689,0
2278,1670,0
2291,1649,0
2288,1621,0
2279,1592,0
2258,1561,0
2230,1533,0
2204,1514,0
2174,1498,0
2147,1487,0
2130,1481,0
2127,1478,1
2340,1499,0
2334,1494,0
2334,1494,0
2338,1496,0
2340,1511,0
2347,1537,0
2350,1566,0
2357,1602,0
2366,1638,0
2376,1671,0
2389,1698,0
2404,1715,0
2414,1722,0
2421,1722,0
2426,1719,0
2426,1696,0
2427,1664,0
2428,1631,0
2434,1592,0
2437,1556,0
2445,1526,0
2449,1505,0
2449,1499,0
2452,1502,0
2449,1505,0
2451,1526,0
2455,1561,0
2454,1594,0
2461,1633,0
2468,1670,0
2475,1701,0
2490,1726,0
2500,1738,0
2509,1741,0
2518,1739,0
2526,1719,0
2538,1686,0
2549,1648,0
2561,1608,0
2572,1573,0
2574,1541,0
2579,1523,0
2584,1513,0
2589,1512,0
2591,1516,1
2720,1500,0
2714,1496,0
2717,1497,0
2714,1496,0
2714,1496,0
2717,1498,0
2714,1507,0
2712,1523,0
2702,1541,0
2699,1563,0
2690,1585,0
2682,1607,0
2673,1628,0
2671,1648,0
2668,1663,0
2666,1671,0
2668,1674,0
2668,1674,0
2666,1671,0
2666,1665,0
2671,1648,0
2672,1624,0
2678,1598,0
2693,1570,0
2704,1538,0
2716,1505,0
2737,1480,0
2754,1457,0
2773,1445,0
2786,1442,0
2796,1447,0
2808,1460,0
2820,1483,0
2826,1508,0
2832,1539,0
2838,1571,0
2847,1605,0
2852,1636,0
2852,1660,0
2850,1675,0
2857,1686,0
2853,1685,0
2854,1684,0
2858,1684,0
2856,1680,0
2852,1674,0
2852,1667,0
2852,1661,0
2856,1657,1
3333,1508,0
3329,1506,0
3329,1508,0
3328,1508,0
3327,1509,0
3323,1516,0
3317,1534,0
3313,1556,0
3306,1582,0
3300,1607,0
3296,1628,0
3293,1646,0
3294,1660,0
3297,1668,0
3297,1669,0
3301,1669,0
3304,1665,1
3322,1414,0
3320,1411,0
3320,1410,0
3317,1406,0
3322,1405,0
3320,1401,0
3321,1399,0
3322,1399,0
3322,1399,0
3325,1401,0
3324,1404,0
3329,1411,0
3332,1422,1
3433,1526,0
3428,1527,0
3431,1531,0
3422,1537,0
3418,1553,0
3407,1570,0
3402,1594,0
3387,1619,0
3377,1642,0
3374,1660,0
3368,1662,0
3373,1662,0
3373,1656,0
3384,1639,0
3400,1613,0
3414,1584,0
3434,1556,0
3462,1533,0
3477,1515,0
3493,1510,0
3508,1517,0
3517,1534,0
3523,1562,0
3524,1594,0
3522,1626,0
3522,1652,0
3524,1672,0
3527,1681,0
3540,1684,1
3904,1372,0
3908,1372,0
3903,1372,0
3906,1376,0
3901,1398,0
3888,1426,0
3882,1459,0
3865,1496,0
3859,1534,0
3848,1566,0
3848,1594,0
3849,1618,0
3853,1635,0
3858,1643,0
3863,1643,0
3870,1629,0
3884,1609,1
3889,1404,0
3889,1404,0
3889,1404,0
3903,1404,0
3920,1404,0
3942,1404,0
3970,1399,0
4002,1396,0
4025,1391,0
4044,1386,0
4059,1382,0
4068,1382,0
4064,1382,0
4063,1382,0
4038,1382,0
4029,1392,0
4007,1405,1
3838,1505,0
3839,1504,0
3857,1504,0
3881,1498,0
3907,1491,0
3930,1479,0
3957,1467,0
3983,1459,0
3999,1454,0
4013,1450,0
4027,1450,0
4033,1454,1
4157,1483,0
4155,1486,0
4152,1493,0
4136,1509,0
4122,1530,0
4114,1548,0
4104,1561,0
4103,1573,0
4103,1582,0
4106,1585,0
4114,1586,0
4118,1576,0
4131,1560,1
4145,1404,0
4143,1399,0
4145,1392,0
4143,1387,0
4144,1387,0
4140,1385,0
4143,1387,0
4145,1392,1
4304,1524,0
4295,1515,0
4284,1510,0
4261,1503,0
4244,1502,0
4225,1505,0
4210,1510,0
4198,1516,0
4197,1530,0
4203,1545,0
4211,1557,0
4220,1565,0
4229,1565,0
4244,1563,0
4253,1552,0
4268,1537,0
4284,1520,0
4295,1503,0
4309,1488,0
4317,1481,0
4317,1481,0
4318,1480,0
4319,1489,0
4297,1508,0
4294,1537,0
4294,1568,0
4289,1598,0
4280,1626,0
4265,1652,0
4251,1672,0
4228,1681,0
4220,1688,0
4210,1691,0
4200,1686,0
4185,1679,0
4175,1672,0
4174,1667,0
4175,1654,0
4191,1640,0
4211,1625,0
4243,1611,1
4430,1584,0
4430,1586,0
4428,1589,0
4422,1592,0
4418,1592,0
4419,1591,0
4420,1588,0
4425,1587,0
4422,1583,0
4416,1577,0
4413,1573,0
4412,1566,0
4411,1556,1
4702,1384,0
4704,1380,0
4709,1379,0
4705,1377,0
4693,1377,0
4678,1382,0
4654,1389,0
4634,1401,0
4599,1417,0
4566,1435,0
4538,1455,0
4514,1474,0
4501,1483,0
4505,1487,0
4514,1494,0
4538,1497,0
4574,1494,0
4610,1491,0
4650,1484,0
4682,1479,0
4705,1475,0
4722,1473,0
4727,1473,0
4727,1474,0
4722,1474,0
4726,1475,0
4722,1473,0
4700,1464,0
4702,1459,1
4682,1396,0
4686,1394,0
4678,1392,0
4683,1393,0
4682,1394,0
4683,1404,0
4673,1431,0
4661,1466,0
4649,1500,0
4640,1522,0
4635,1538,0
4632,1543,0
4632,1544,0
4632,1543,0
4637,1542,0
4633,1541,0
4634,1539,0
4636,1534,0
4642,1529,0
4644,1524,0
4661,1522,1
4816,1567,0
4812,1566,0
4809,1565,0
4813,1565,0
4809,1565,0
4809,1565,0
4801,1563,0
4801,1561,0
4805,1563,0
4805,1561,0
4806,1559,0
4821,1565,0
4846,1566,1
5115,1322,0
5113,1316,0
5113,1315,0
5113,1315,0
5113,1317,0
5110,1329,0
5105,1357,0
5100,1388,0
5098,1426,0
5093,1467,0
5088,1508,0
5079,1544,0
5084,1581,0
5087,1607,0
5097,1626,0
5103,1634,0
5113,1630,1
5080,1372,0
5098,1368,0
5108,1363,0
5126,1358,0
5146,1357,0
5176,1357,0
5204,1358,0
5233,1363,0
5256,1370,0
5274,1378,0
5279,1388,0
5272,1398,0
5260,1413,0
5230,1428,0
5201,1441,0
5173,1452,0
5149,1460,0
5135,1464,0
5127,1464,0
5123,1462,0
5127,1462,0
5138,1467,0
5157,1475,0
5176,1481,0
5206,1493,0
5232,1502,0
5262,1513,0
5279,1524,0
5289,1534,0
5298,1544,0
5294,1557,0
5277,1571,0
5251,1583,0
5209,1599,0
5167,1608,0
5133,1619,0
5104,1628,0
5082,1632,0
5073,1634,0
5074,1632,0
5079,1630,0
5096,1628,0
5129,1619,0
5158,1608,0
5212,1598,1
5394,1480,0
5381,1481,0
5359,1485,0
5347,1499,0
5336,1520,0
5335,1548,0
5333,1579,0
5344,1609,0
5353,1634,0
5364,1650,0
5383,1657,0
5405,1656,0
5421,1642,0
5448,1617,0
5470,1585,0
5499,1551,0
5513,1513,0
5527,1483,0
5536,1465,0
5534,1459,0
5534,1459,0
5533,1461,0
5528,1479,0
5522,1513,0
5511,1549,0
5493,1582,0
5491,1611,0
5484,1633,0
5487,1648,0
5491,1661,0
5499,1664,0
5503,1662,0
5503,1649,1
5649,1417,0
5653,1417,0
5653,1418,0
5654,1432,0
5643,1456,0
5631,1483,0
5618,1513,0
5605,1543,0
5601,1568,0
5600,1588,0
5604,1601,0
5602,1606,0
5606,1607,1
5671,1350,0
5670,1339,0
5673,1325,0
5670,1321,0
5671,1317,0
5668,1318,0
5670,1319,0
5670,1322,0
5673,1327,0
5675,1336,0
5689,1344,0
5706,1346,0
5730,1348,1
5817,1330,0
5810,1327,0
5801,1327,0
5792,1332,0
5783,1346,0
5770,1370,0
5758,1400,0
5748,1435,0
5728,1478,0
5716,1523,0
5706,1568,0
5699,1607,0
5699,1632,0
5707,1646,0
5714,1650,0
5723,1647,0
5745,1634,0
5764,1610,0
5793,1582,0
5818,1556,0
5838,1532,0
5860,1513,0
5876,1500,0
5890,1494,1
5967,1498,0
5965,1493,0
5950,1486,0
5933,1485,0
5916,1490,0
5895,1503,0
5878,1519,0
5865,1538,0
5862,1562,0
5860,1585,0
5862,1606,0
5868,1627,0
5877,1638,0
5887,1644,0
5904,1644,0
5921,1633,0
5939,1612,0
5955,1585,0
5974,1549,0
5993,1513,0
6012,1471,0
6030,1435,0
6042,1403,0
6052,1379,0
6047,1363,0
6044,1360,0
6044,1360,0
6044,1375,0
6026,1419,0
6005,1465,0
5986,1521,0
5968,1570,0
5955,1616,0
5952,1651,0
5954,1674,0
5960,1684,0
5963,1686,0
5968,1684,0
5971,1672,0
5980,1656,0
5979,1644,1
6399,1406,0
6396,1404,0
6396,1401,0
6400,1401,0
6399,1405,0
6396,1418,0
6391,1438,0
6389,1465,0
6386,1493,0
6379,1522,0
6379,1553,0
6375,1587,0
6377,1621,0
6372,1654,0
6373,1680,0
6370,1704,0
6371,1716,0
6362,1721,0
6370,1721,0
6368,1713,0
6377,1698,1
6302,1518,0
6301,1520,0
6297,1520,0
6301,1520,0
6309,1522,0
6332,1526,0
6361,1528,0
6393,1532,0
6430,1533,0
6463,1532,0
6493,1531,0
6493,1528,0
6500,1530,0
6497,1528,0
6505,1532,0
6500,1532,0
6495,1534,1
6609,1455,0
6611,1451,0
6608,1447,0
6607,1446,0
6607,1447,0
6609,1455,0
6604,1478,0
6597,1507,0
6589,1539,0
6581,1571,0
6572,1607,0
6558,1640,0
6532,1661,0
6527,1679,0
6526,1684,0
6530,1686,0
6536,1678,0
6556,1653,0
6576,1621,0
6606,1589,0
6638,1558,0
6656,1536,0
6674,1526,0
6683,1524,0
6686,1530,0
6691,1544,0
6693,1568,0
6686,1598,0
6690,1631,0
6690,1659,0
6698,1677,0
6694,1691,0
6698,1705,0
6702,1708,0
6703,1707,0
6702,1708,0
6706,1708,0
6712,1701,0
6727,1689,0
6758,1669,0
6790,1645,0
6828,1624,0
6858,1601,0
6883,1583,0
6898,1569,0
6898,1556,0
6781,1563,0
6747,1597,0
6729,1624,0
6737,1657,0
6758,1687,0
6801,1709,0
6849,1716,0
6904,1712,1