clamp. Bend round the frame to
838
807,4900,0
803,4900,0
797,4900,0
789,4900,0
783,4903,0
775,4903,0
764,4906,0
750,4909,0
733,4915,0
714,4930,0
694,4953,0
680,4976,0
670,4999,0
661,5031,0
659,5062,0
658,5094,0
662,5127,0
670,5156,0
686,5181,0
703,5202,0
727,5216,0
755,5230,0
785,5232,0
816,5229,0
850,5228,0
885,5217,0
914,5194,0
940,5170,0
962,5139,1
957,4771,0
955,4771,0
955,4771,0
953,4779,0
952,4795,0
950,4823,0
950,4859,0
952,4894,0
955,4946,0
955,4999,0
960,5051,0
963,5103,0
968,5155,0
962,5199,0
970,5247,0
973,5259,0
979,5267,0
989,5267,0
996,5248,0
1003,5228,0
1013,5204,0
1025,5176,0
1042,5149,0
1062,5120,0
1081,5088,1
1190,5011,0
1189,5015,0
1184,5015,0
1177,5020,0
1166,5028,0
1152,5036,0
1136,5047,0
1119,5064,0
1104,5084,0
1091,5108,0
1085,5132,0
1084,5156,0
1088,5173,0
1098,5189,0
1112,5196,0
1128,5200,0
1141,5192,0
1155,5180,0
1167,5163,0
1175,5136,0
1181,5108,0
1185,5075,0
1188,5051,0
1191,5031,0
1195,5023,0
1196,5018,0
1198,5023,0
1199,5027,0
1202,5047,0
1205,5075,0
1207,5103,0
1213,5135,0
1218,5167,0
1226,5198,0
1235,5218,0
1246,5233,0
1254,5245,1
1320,5002,0
1317,5002,0
1314,5003,0
1311,5007,0
1311,5023,0
1311,5043,0
1312,5067,0
1312,5091,0
1314,5115,0
1314,5147,0
1316,5170,0
1315,5191,0
1315,5203,0
1314,5207,0
1312,5202,0
1309,5195,0
1308,5171,0
1306,5144,0
1310,5111,0
1317,5083,0
1327,5054,0
1337,5038,0
1348,5025,0
1357,5021,0
1364,5016,0
1374,5028,0
1379,5040,0
1385,5063,0
1390,5091,0
1389,5118,0
1389,5146,0
1388,5166,0
1387,5178,0
1386,5183,0
1387,5183,0
1387,5171,0
1391,5146,0
1399,5117,0
1410,5089,0
1423,5064,0
1438,5039,0
1455,5018,0
1467,5005,0
1479,5004,0
1488,5003,0
1495,5014,0
1499,5034,0
1498,5058,0
1494,5091,0
1486,5124,0
1479,5156,0
1472,5177,0
1471,5185,1
1569,5028,0
1568,5036,0
1568,5052,0
1566,5076,0
1562,5108,0
1561,5149,0
1565,5193,0
1563,5241,0
1566,5289,0
1568,5341,0
1570,5381,0
1570,5421,0
1568,5450,0
1565,5475,0
1559,5483,0
1553,5487,0
1546,5476,0
1539,5456,0
1532,5421,0
1527,5377,0
1527,5337,0
1529,5284,0
1538,5240,0
1551,5190,0
1569,5141,0
1592,5094,0
1608,5055,0
1636,5037,0
1708,5044,0
1717,5075,0
1712,5104,0
1699,5138,0
1681,5172,0
1655,5199,0
1628,5219,0
1598,5226,0
1578,5232,0
1563,5225,0
1553,5214,0
1549,5207,0
1551,5190,0
1557,5170,1
1766,5238,0
1765,5246,0
1765,5246,0
1763,5247,0
1761,5247,0
1762,5250,0
1761,5246,0
1761,5246,0
1764,5245,1
2033,4852,0
2031,4857,0
2029,4866,0
2029,4881,0
2029,4898,0
2031,4926,0
2036,4962,0
2045,5021,0
2048,5065,0
2052,5117,0
2054,5170,0
2052,5215,0
2050,5257,0
2046,5290,0
2042,5307,0
2039,5311,0
2041,5310,1
1985,4854,0
1985,4850,0
1985,4846,0
1986,4841,0
1995,4844,0
2007,4842,0
2029,4841,0
2056,4847,0
2088,4852,0
2125,4865,0
2155,4879,0
2187,4900,0
2205,4917,0
2215,4935,0
2209,4961,0
2190,4986,0
2164,5012,0
2135,5040,0
2110,5065,0
2089,5081,0
2082,5091,0
2087,5103,0
2097,5109,0
2121,5112,0
2153,5117,0
2188,5122,0
2224,5134,0
2253,5144,0
2275,5159,0
2287,5177,0
2288,5197,0
2277,5216,0
2254,5242,0
2221,5262,0
2183,5282,0
2145,5303,0
2106,5310,0
2073,5317,0
2044,5319,0
2027,5322,0
2018,5315,1
2331,5244,0
2339,5246,0
2347,5240,0
2362,5237,0
2378,5228,0
2397,5215,0
2412,5202,0
2425,5192,0
2430,5186,0
2429,5178,0
2420,5168,0
2410,5163,0
2392,5159,0
2375,5163,0
2351,5165,0
2330,5178,0
2317,5199,0
2306,5217,0
2300,5240,0
2297,5265,0
2303,5288,0
2316,5314,0
2327,5332,0
2346,5348,0
2364,5355,0
2386,5363,0
2408,5353,0
2432,5342,0
2458,5320,1
2504,5149,0
2497,5154,0
2495,5168,0
2497,5188,0
2498,5213,0
2504,5236,0
2504,5265,0
2509,5289,0
2511,5313,0
2516,5328,0
2516,5332,0
2518,5332,0
2521,5323,0
2520,5294,0
2521,5256,0
2528,5221,0
2539,5193,0
2556,5170,0
2574,5153,0
2587,5149,0
2603,5153,0
2618,5165,0
2627,5183,0
2638,5209,0
2640,5238,0
2639,5271,0
2637,5302,0
2638,5326,0
2639,5338,1
2766,5201,0
2767,5197,0
2765,5193,0
2757,5192,0
2746,5204,0
2731,5221,0
2719,5242,0
2715,5269,0
2715,5290,0
2718,5306,0
2731,5318,0
2744,5322,0
2761,5316,0
2778,5306,0
2796,5288,0
2809,5258,0
2817,5218,0
2823,5174,0
2827,5130,0
2828,5083,0
2834,5043,0
2833,4999,0
2840,4972,0
2831,4932,0
2830,4916,0
2825,4905,0
2821,4907,0
2815,4951,0
2818,4993,0
2820,5039,0
2825,5093,0
2830,5149,0
2831,5205,0
2832,5260,0
2832,5314,0
2833,5351,0
2835,5385,0
2839,5409,0
2853,5408,1
3093,5231,0
3091,5245,0
3092,5261,0
3095,5286,0
3097,5307,0
3101,5335,0
3103,5356,0
3108,5379,0
3107,5388,0
3110,5400,0
3109,5401,0
3107,5401,0
3098,5388,0
3088,5366,0
3074,5337,0
3059,5304,0
3052,5273,0
3048,5244,0
3049,5214,0
3054,5185,0
3068,5163,0
3085,5148,0
3105,5135,0
3131,5133,0
3156,5132,1
3325,5185,0
3322,5187,0
3315,5190,0
3302,5187,0
3286,5184,0
3271,5187,0
3256,5193,0
3240,5204,0
3230,5226,0
3221,5248,0
3218,5274,0
3224,5303,0
3233,5329,0
3249,5353,0
3270,5374,0
3291,5388,0
3312,5396,0
3327,5394,0
3337,5389,0
3346,5380,0
3348,5359,0
3346,5329,0
3341,5296,0
3337,5267,0
3332,5238,0
3327,5219,0
3321,5204,0
3315,5194,0
3310,5191,0
3307,5189,0
3310,5195,0
3316,5198,0
3332,5208,1
3414,5184,0
3415,5188,0
3414,5197,0
3416,5218,0
3418,5243,0
3424,5272,0
3427,5301,0
3439,5335,0
3449,5356,0
3461,5368,0
3475,5376,0
3487,5375,0
3493,5363,0
3500,5338,0
3502,5310,0
3503,5284,0
3506,5260,0
3510,5244,0
3511,5231,0
3513,5231,0
3514,5233,0
3517,5250,0
3517,5277,0
3522,5310,0
3522,5341,0
3526,5370,0
3532,5394,0
3539,5412,0
3548,5430,1
3588,5167,0
3597,5170,0
3600,5174,0
3605,5193,0
3604,5221,0
3604,5261,0
3596,5296,0
3592,5338,0
3585,5373,0
3578,5398,0
3579,5416,0
3580,5419,0
3579,5412,0
3583,5391,0
3589,5358,0
3598,5318,0
3609,5281,0
3626,5250,0
3642,5224,0
3660,5211,0
3675,5202,0
3687,5201,0
3699,5209,0
3717,5226,0
3723,5241,0
3735,5271,0
3735,5298,0
3735,5334,0
3730,5368,0
3725,5397,0
3719,5419,0
3720,5436,0
3720,5440,1
3880,5289,0
3881,5288,0
3877,5286,0
3869,5286,0
3855,5288,0
3836,5295,0
3819,5313,0
3802,5335,0
3792,5363,0
3787,5388,0
3790,5405,0
3800,5421,0
3815,5427,0
3829,5425,0
3843,5413,0
3858,5391,0
3870,5358,0
3879,5321,0
3886,5272,0
3888,5220,0
3897,5178,0
3910,5144,0
3916,5103,0
3916,5062,0
3919,5032,0
3918,5005,0
3921,4994,0
3915,4984,0
3918,4992,0
3916,5002,0
3918,5028,0
3920,5064,0
3923,5108,0
3928,5161,0
3930,5214,0
3932,5269,0
3933,5314,0
3937,5357,0
3943,5391,0
3952,5414,0
3962,5426,1
4300,5026,0
4298,5022,0
4298,5028,0
4293,5026,0
4293,5045,0
4291,5060,0
4286,5084,0
4288,5115,0
4290,5156,0
4294,5197,0
4296,5243,0
4302,5291,0
4304,5337,0
4304,5376,0
4303,5409,0
4303,5431,0
4299,5439,0
4295,5436,0
4296,5427,0
4292,5405,0
4291,5374,1
4186,5315,0
4182,5313,0
4182,5313,0
4182,5309,0
4192,5312,0
4210,5310,0
4243,5313,0
4279,5320,0
4315,5316,0
4349,5313,0
4382,5311,0
4411,5312,1
4461,5086,0
4461,5086,0
4459,5083,0
4459,5093,0
4449,5104,0
4446,5136,0
4447,5173,0
4444,5214,0
4451,5262,0
4459,5310,0
4466,5352,0
4468,5390,0
4468,5418,0
4468,5428,0
4468,5428,0
4466,5424,0
4466,5414,0
4466,5390,0
4465,5367,0
4474,5352,0
4485,5340,0
4495,5328,0
4509,5324,0
4521,5325,0
4534,5332,0
4546,5343,0
4557,5360,0
4564,5388,0
4562,5418,0
4562,5442,0
4566,5468,0
4568,5482,0
4573,5478,1
4605,5404,0
4607,5407,0
4613,5408,0
4623,5407,0
4636,5402,0
4645,5392,0
4659,5387,0
4668,5376,0
4674,5361,0
4679,5349,0
4678,5330,0
4672,5314,0
4666,5309,0
4652,5309,0
4637,5319,0
4627,5341,0
4613,5361,0
4609,5387,0
4608,5412,0
4612,5438,0
4620,5462,0
4637,5479,0
4654,5492,0
4678,5500,0
4707,5500,1
5183,5143,0
5176,5132,0
5170,5127,0
5161,5125,0
5144,5123,0
5123,5125,0
5106,5133,0
5085,5144,0
5064,5167,0
5044,5198,0
5026,5233,0
5014,5277,0
5006,5324,0
5008,5377,0
5011,5425,0
5021,5473,0
5028,5517,0
5038,5559,0
5051,5600,0
5058,5629,0
5063,5650,0
5067,5671,0
5070,5684,0
5068,5686,0
5062,5681,1
4954,5501,0
4938,5489,0
4930,5484,0
4919,5477,0
4915,5476,0
4916,5475,0
4929,5480,0
4949,5485,0
4977,5486,0
5010,5485,0
5050,5487,0
5085,5485,0
5115,5476,1
5185,5530,0
5186,5544,0
5183,5545,0
5184,5545,0
5184,5540,0
5181,5532,0
5175,5517,0
5163,5500,0
5157,5485,0
5150,5465,0
5145,5443,0
5147,5427,0
5149,5406,0
5158,5394,0
5170,5379,0
5185,5372,0
5203,5368,0
5219,5366,0
5240,5370,0
5262,5378,0
5282,5387,1
5380,5405,0
5378,5407,0
5368,5404,0
5361,5405,0
5350,5404,0
5339,5407,0
5325,5414,0
5312,5429,0
5297,5447,0
5288,5469,0
5288,5494,0
5295,5520,0
5302,5534,0
5316,5544,0
5333,5545,0
5349,5544,0
5360,5534,0
5371,5520,0
5380,5502,0
5390,5484,0
5393,5461,0
5395,5439,0
5403,5427,0
5405,5421,0
5405,5421,0
5403,5423,0
5405,5437,0
5406,5451,0
5415,5480,0
5422,5500,0
5429,5520,0
5439,5542,0
5449,5561,1
5518,5467,0
5516,5465,0
5518,5468,0
5514,5470,0
5515,5481,0
5514,5497,0
5516,5516,0
5520,5538,0
5521,5564,0
5522,5588,0
5525,5606,0
5525,5612,0
5525,5617,0
5529,5614,0
5527,5600,0
5529,5578,0
5529,5547,0
5531,5514,0
5534,5480,0
5543,5451,0
5552,5419,0
5566,5395,0
5577,5375,0
5590,5368,0
5598,5368,0
5604,5373,0
5611,5393,0
5614,5417,0
5619,5450,0
5619,5482,0
5621,5516,0
5619,5539,0
5620,5554,0
5617,5557,0
5617,5557,0
5615,5553,0
5619,5540,0
5619,5513,0
5625,5487,0
5635,5462,0
5645,5438,0
5659,5420,0
5672,5410,0
5679,5403,0
5691,5404,0
5698,5414,0
5700,5427,0
5702,5452,0
5703,5488,0
5694,5518,0
5692,5552,0
5690,5584,0
5687,5602,1
5767,5501,0
5766,5508,0
5762,5511,0
5762,5517,0
5765,5525,0
5769,5527,0
5779,5533,0
5791,5535,0
5807,5531,0
5826,5525,0
5844,5513,0
5855,5499,0
5861,5482,0
5869,5465,0
5867,5444,0
5861,5423,0
5859,5414,0
5846,5404,0
5836,5402,0
5820,5407,0
5806,5424,0
5789,5444,0
5783,5477,0
5779,5513,0
5780,5548,0
5787,5585,0
5803,5619,0
5822,5644,0
5852,5667,1
6153,5125,0
6151,5126,0
6153,5130,0
6152,5137,0
6150,5149,0
6145,5168,0
6146,5195,0
6145,5229,0
6142,5267,0
6146,5312,0
6148,5361,0
6143,5405,0
6144,5460,0
6142,5506,0
6134,5546,0
6134,5584,0
6132,5613,0
6131,5637,0
6130,5648,0
6126,5651,0
6125,5647,1
6049,5467,0
6051,5465,0
6059,5468,0
6067,5466,0
6087,5470,0
6108,5472,0
6141,5474,0
6173,5476,0
6208,5477,0
6245,5479,0
6272,5475,0
6301,5474,0
6321,5472,1
6344,5460,0
6339,5460,0
6331,5457,0
6317,5459,0
6305,5465,0
6288,5476,0
6276,5493,0
6269,5517,0
6274,5546,0
6278,5574,0
6295,5603,0
6316,5627,0
6341,5648,0
6372,5662,0
6399,5670,0
6425,5672,0
6442,5672,0
6449,5665,0
6452,5657,0
6447,5639,0
6437,5615,0
6425,5593,0
6407,5567,0
6393,5542,0
6379,5516,0
6363,5493,0
6349,5472,0
6332,5455,1