moulds.
137
1091,4625,0
1088,4632,0
1088,4652,0
1086,4676,0
1088,4709,0
1091,4736,0
1094,4760,0
1097,4780,0
1097,4789,0
1095,4784,0
1093,4776,0
1091,4752,0
1092,4720,0
1097,4693,0
1105,4664,0
1117,4644,0
1126,4632,0
1131,4637,0
1134,4648,0
1136,4672,0
1138,4700,0
1138,4720,0
1140,4724,0
1141,4724,0
1147,4707,0
1156,4680,0
1169,4652,0
1183,4632,0
1196,4623,0
1209,4623,0
1219,4638,0
1233,4666,0
1240,4698,0
1244,4725,0
1237,4750,0
1231,4766,0
1225,4770,1
1386,4673,0
1385,4661,0
1383,4658,0
1376,4651,0
1368,4655,0
1354,4660,0
1341,4669,0
1327,4677,0
1313,4694,0
1303,4714,0
1298,4743,0
1297,4767,0
1305,4795,0
1321,4802,0
1345,4805,0
1369,4795,0
1393,4782,0
1413,4764,0
1425,4739,0
1428,4715,0
1422,4700,0
1411,4684,0
1391,4670,0
1371,4667,0
1358,4668,0
1351,4672,0
1353,4688,0
1363,4695,0
1379,4695,1
1503,4664,0
1496,4673,0
1493,4698,0
1491,4722,0
1508,4765,0
1582,4672,1
1643,4560,0
1643,4629,0
1643,4653,0
1642,4689,0
1638,4718,0
1640,4746,1
1797,4704,0
1786,4698,0
1775,4691,0
1760,4681,0
1741,4672,0
1722,4678,0
1710,4693,0
1706,4714,0
1708,4741,0
1715,4769,0
1722,4784,0
1736,4790,0
1750,4784,0
1767,4765,0
1783,4739,0
1798,4704,0
1811,4661,0
1812,4628,0
1804,4589,0
1800,4553,0
1798,4546,0
1795,4550,0
1790,4564,0
1783,4589,0
1783,4625,0
1785,4665,0
1775,4700,0
1774,4728,0
1778,4752,1
1925,4686,0
1918,4683,0
1906,4677,0
1889,4672,0
1874,4675,0
1862,4689,0
1855,4702,0
1853,4715,0
1857,4727,0
1868,4737,0
1883,4746,0
1903,4747,0
1924,4748,0
1941,4752,0
1953,4758,0
1959,4770,0
1956,4777,0
1950,4791,0
1937,4802,0
1924,4809,0
1908,4811,0
1891,4802,0
1881,4795,0
1878,4788,0
1883,4783,1
2058,4819,0
2053,4819,0
2048,4821,0
2047,4821,0
2053,4820,1