is in another and green and costs
932
709,4428,0
708,4428,0
710,4429,0
713,4429,0
718,4425,0
725,4418,0
734,4410,0
744,4395,0
752,4376,0
762,4356,0
769,4333,0
777,4314,0
784,4295,0
789,4278,0
790,4274,0
790,4274,0
789,4283,0
787,4294,0
785,4314,0
783,4342,0
781,4374,0
781,4402,0
787,4418,0
795,4435,0
803,4436,0
813,4432,0
820,4425,0
828,4406,0
838,4381,0
850,4350,0
866,4319,0
885,4292,0
904,4277,0
924,4270,0
939,4266,0
951,4274,0
962,4299,0
967,4323,0
967,4348,0
962,4371,0
953,4390,0
942,4402,0
931,4414,0
918,4418,0
904,4405,1
773,4137,0
764,4123,0
763,4116,0
771,4116,0
786,4118,1
1232,4249,0
1233,4242,0
1233,4237,0
1232,4234,0
1234,4242,0
1233,4254,0
1235,4270,0
1235,4293,0
1235,4322,0
1239,4345,0
1244,4357,0
1251,4369,0
1259,4372,0
1266,4372,0
1273,4368,0
1278,4352,0
1285,4332,0
1293,4307,0
1303,4279,0
1315,4258,0
1327,4244,0
1338,4232,0
1348,4227,0
1359,4231,0
1368,4242,0
1375,4258,0
1377,4274,0
1377,4285,0
1375,4302,0
1375,4306,0
1376,4306,0
1379,4297,0
1385,4277,0
1396,4256,0
1409,4235,0
1423,4218,0
1435,4213,0
1442,4216,0
1447,4224,0
1456,4243,0
1464,4258,0
1475,4278,0
1486,4292,0
1498,4304,0
1511,4309,1
1208,4134,0
1203,4127,0
1204,4123,0
1217,4126,0
1238,4126,1
1922,4173,0
1911,4163,0
1899,4157,0
1890,4159,0
1872,4155,0
1853,4167,0
1829,4179,0
1812,4203,0
1800,4225,0
1797,4246,0
1800,4261,0
1809,4272,0
1823,4278,0
1838,4275,0
1853,4264,0
1870,4249,0
1886,4233,0
1894,4208,0
1903,4188,0
1908,4176,0
1909,4172,0
1908,4168,0
1908,4168,0
1910,4175,0
1913,4191,0
1921,4234,0
1938,4267,0
2089,4217,0
2084,4239,0
2124,4170,0
2137,4158,0
2147,4156,0
2162,4205,0
2176,4239,0
2186,4245,0
2198,4246,0
2212,4242,0
2225,4234,0
2236,4223,0
2243,4204,0
2246,4191,0
2248,4186,0
2249,4186,0
2251,4189,0
2255,4200,0
2263,4219,0
2274,4237,0
2289,4253,0
2306,4265,0
2326,4271,0
2345,4274,0
2362,4273,0
2375,4264,0
2381,4250,0
2384,4237,0
2378,4213,0
2367,4192,0
2350,4176,0
2326,4158,0
2302,4149,0
2282,4147,0
2263,4148,0
2253,4156,0
2248,4165,0
2252,4172,0
2272,4184,0
2299,4184,0
2329,4179,0
2359,4164,0
2392,4150,0
2423,4131,0
2445,4098,0
2463,4066,0
2474,4032,0
2476,3998,0
2474,3969,0
2469,3945,0
2462,3927,0
2459,3918,0
2458,3919,0
2459,3923,0
2460,3936,0
2462,3961,0
2465,3998,0
2466,4040,0
2471,4085,0
2480,4128,0
2492,4171,0
2507,4213,0
2519,4242,0
2537,4273,0
2555,4292,0
2572,4303,0
2593,4308,0
2606,4299,1
2376,4083,0
2374,4084,0
2379,4082,0
2397,4085,0
2423,4085,0
2454,4077,0
2488,4070,0
2523,4061,0
2553,4046,0
2584,4034,0
2608,4012,0
2622,3989,0
2627,3969,0
2620,3955,0
2607,3947,0
2593,3945,0
2581,3945,0
2567,3950,0
2560,3966,0
2552,3986,0
2550,4022,0
2547,4057,0
2550,4094,0
2557,4134,0
2567,4169,0
2574,4196,0
2581,4220,0
2587,4239,0
2590,4246,0
2593,4249,0
2599,4246,0
2606,4235,0
2618,4222,0
2629,4210,0
2641,4205,0
2654,4204,0
2664,4204,0
2677,4217,0
2690,4233,0
2702,4245,0
2721,4259,0
2734,4263,0
2754,4271,0
2770,4270,0
2781,4261,0
2789,4249,0
2794,4233,0
2796,4215,0
2798,4198,0
2794,4186,0
2784,4177,0
2770,4170,0
2758,4176,0
2748,4184,0
2745,4198,0
2745,4215,0
2749,4235,0
2755,4250,0
2768,4261,0
2786,4271,0
2803,4273,0
2823,4273,0
2839,4271,0
2852,4261,0
2864,4247,0
2878,4232,0
2888,4215,0
2898,4202,0
2903,4190,0
2910,4187,0
2912,4178,0
2916,4176,0
2922,4177,0
2929,4183,0
2931,4186,0
2937,4197,0
2941,4204,0
2948,4214,0
2955,4220,0
2964,4228,0
2970,4230,0
2975,4232,0
2976,4232,0
2979,4234,0
2981,4234,0
2985,4237,0
2990,4239,0
2992,4237,0
2990,4234,0
2992,4237,0
2991,4238,0
2992,4237,0
2992,4238,0
2992,4238,0
2992,4238,0
2993,4237,0
2993,4237,0
2993,4237,0
2993,4237,0
2993,4237,0
2993,4237,0
2992,4238,0
2990,4239,0
2989,4239,0
2988,4239,0
2988,4239,0
2986,4236,0
2987,4236,0
2988,4231,1
3437,4096,0
3429,4091,0
3419,4087,0
3406,4086,0
3388,4087,0
3368,4099,0
3351,4114,0
3337,4135,0
3325,4155,0
3319,4183,0
3314,4203,0
3317,4220,0
3330,4235,0
3338,4236,0
3354,4241,0
3368,4237,0
3380,4226,0
3393,4205,0
3409,4181,0
3419,4152,0
3428,4129,0
3432,4112,0
3438,4109,0
3434,4102,0
3433,4102,0
3438,4109,0
3436,4120,0
3438,4145,0
3436,4171,0
3445,4203,0
3442,4218,0
3451,4240,0
3460,4249,0
3466,4255,0
3467,4249,0
3477,4244,0
3485,4220,0
3503,4201,0
3514,4170,0
3534,4153,0
3549,4140,0
3566,4134,0
3574,4128,0
3591,4141,0
3600,4155,0
3604,4176,0
3603,4196,0
3600,4216,0
3595,4229,0
3590,4231,0
3592,4234,0
3595,4229,0
3607,4212,0
3621,4189,0
3641,4167,0
3658,4151,0
3672,4142,0
3686,4147,0
3690,4154,0
3698,4173,0
3698,4191,0
3704,4212,0
3706,4224,0
3711,4236,0
3723,4243,0
3730,4242,0
3742,4239,0
3751,4225,0
3757,4201,0
3764,4177,0
3770,4159,0
3767,4146,0
3765,4143,0
3764,4144,0
3760,4146,0
3761,4159,0
3766,4176,0
3773,4195,0
3785,4211,0
3800,4225,0
3816,4229,0
3836,4234,0
3851,4229,0
3861,4222,0
3872,4210,0
3877,4192,0
3876,4169,0
3878,4152,0
3870,4133,0
3854,4120,0
3831,4111,0
3808,4114,0
3790,4116,0
3771,4124,0
3756,4139,0
3750,4167,0
3750,4191,0
3759,4213,0
3775,4227,0
3796,4237,0
3819,4242,0
3838,4238,0
3857,4230,0
3872,4215,0
3883,4187,0
3894,4155,0
3908,4126,0
3912,4089,0
3916,4057,0
3911,4024,0
3905,3994,0
3901,3973,0
3894,3952,0
3892,3945,0
3890,3941,0
3892,3945,0
3892,3955,0
3893,3979,0
3892,4005,0
3893,4043,0
3889,4080,0
3894,4121,0
3904,4153,0
3916,4180,0
3934,4205,0
3951,4228,0
3970,4244,0
3988,4256,0
4002,4255,0
4018,4258,0
4034,4262,0
4041,4256,0
4049,4256,0
4051,4254,0
4051,4255,0
4051,4254,0
4050,4255,0
4050,4255,0
4050,4255,0
4049,4256,0
4049,4256,0
4049,4256,0
4050,4255,0
4053,4258,0
4050,4255,0
4054,4258,0
4055,4257,0
4055,4257,0
4052,4254,0
4056,4256,0
4053,4253,0
4055,4257,0
4055,4257,0
4051,4255,0
4054,4258,0
4050,4255,0
4052,4258,0
4052,4258,0
4052,4258,0
4051,4259,0
4051,4260,0
4051,4259,0
4050,4255,0
4052,4258,0
4051,4259,0
4052,4258,0
4053,4258,0
4056,4261,0
4053,4258,0
4053,4258,0
4054,4258,0
4053,4258,0
4053,4258,0
4052,4258,0
4055,4261,0
4051,4260,0
4053,4263,0
4053,4263,0
4052,4258,0
4055,4261,0
4052,4258,0
4053,4258,0
4057,4261,0
4056,4261,0
4053,4258,0
4056,4261,0
4054,4258,0
4053,4258,0
4056,4261,0
4053,4258,0
4053,4258,0
4052,4258,0
4055,4261,0
4052,4258,0
4056,4261,0
4055,4261,0
4052,4258,0
4054,4262,0
4052,4258,0
4052,4258,0
4051,4259,0
4050,4261,0
4050,4261,0
4049,4261,0
4049,4261,0
4049,4261,0
4050,4261,0
4049,4261,0
4048,4262,0
4047,4262,0
4046,4263,0
4045,4264,0
4040,4262,1
4442,4104,0
4445,4080,0
4445,4059,0
4444,4039,0
4440,4022,0
4428,4005,0
4411,3994,0
4391,3990,0
4367,3994,0
4350,4009,0
4329,4032,0
4310,4058,0
4297,4090,0
4292,4120,0
4291,4141,0
4297,4157,0
4307,4164,0
4319,4166,0
4331,4160,0
4348,4141,0
4368,4115,0
4391,4085,0
4410,4058,0
4423,4041,0
4427,4037,0
4425,4034,0
4430,4041,0
4432,4055,0
4435,4080,0
4442,4114,0
4454,4162,0
4463,4213,0
4474,4270,0
4483,4320,0
4486,4369,0
4489,4418,0
4481,4460,0
4468,4491,0
4451,4514,0
4431,4524,0
4417,4526,0
4405,4515,0
4391,4495,0
4383,4466,0
4377,4430,0
4375,4381,0
4379,4331,0
4388,4279,0
4401,4232,0
4419,4191,0
4430,4151,0
4447,4121,0
4461,4088,0
4478,4057,0
4496,4031,0
4514,4014,0
4529,4007,0
4537,4005,0
4542,4012,0
4547,4022,0
4552,4040,0
4554,4065,0
4553,4092,0
4554,4118,0
4559,4140,0
4563,4153,0
4575,4164,0
4588,4168,0
4605,4169,0
4622,4165,0
4640,4155,0
4664,4143,0
4681,4123,0
4698,4108,0
4708,4093,0
4712,4078,0
4712,4066,0
4708,4055,0
4702,4049,0
4692,4041,0
4680,4042,0
4666,4050,0
4655,4065,0
4644,4081,0
4644,4108,0
4642,4125,0
4650,4145,0
4664,4160,0
4682,4176,0
4703,4179,0
4724,4176,0
4746,4172,0
4770,4160,0
4783,4143,0
4794,4121,0
4804,4102,0
4806,4082,0
4805,4067,0
4799,4056,0
4795,4054,0
4788,4056,0
4777,4061,0
4764,4073,0
4755,4093,0
4748,4115,0
4755,4137,0
4760,4152,0
4766,4169,0
4774,4179,0
4782,4187,0
4792,4189,0
4802,4191,0
4809,4184,0
4814,4174,0
4822,4156,0
4831,4137,0
4838,4118,0
4847,4104,0
4859,4093,0
4874,4085,0
4886,4078,0
4895,4080,0
4904,4088,0
4915,4105,0
4918,4119,0
4912,4126,0
4907,4131,0
4907,4135,0
4907,4135,0
4905,4132,0
4905,4127,0
4908,4118,0
4912,4102,0
4919,4085,0
4938,4073,0
4955,4061,0
4964,4052,0
4977,4056,0
4989,4061,0
4994,4068,0
5006,4083,0
5013,4099,0
5013,4111,0
5016,4125,0
5013,4133,0
5012,4140,0
5015,4148,0
5011,4147,0
5016,4153,0
5016,4153,0
5015,4154,0
5014,4155,0
5015,4154,0
5013,4150,0
5014,4149,0
5014,4143,0
5013,4133,1
5377,4017,0
5367,4010,0
5353,4008,0
5339,4010,0
5320,4015,0
5302,4028,0
5282,4044,0
5268,4065,0
5259,4087,0
5264,4104,0
5268,4117,0
5275,4121,0
5285,4123,0
5302,4123,0
5310,4113,0
5324,4098,0
5337,4077,0
5354,4054,0
5367,4034,0
5376,4018,0
5376,4012,0
5377,4011,0
5377,4017,0
5377,4028,0
5380,4048,0
5383,4070,0
5387,4096,0
5389,4116,0
5392,4131,0
5395,4135,0
5395,4135,0
5397,4131,0
5403,4119,0
5414,4102,0
5424,4079,0
5436,4058,0
5448,4044,0
5465,4038,0
5481,4039,0
5498,4048,0
5511,4065,0
5516,4082,0
5518,4099,0
5513,4111,0
5512,4118,0
5518,4123,0
5517,4118,0
5514,4109,0
5520,4097,0
5529,4081,0
5540,4061,0
5556,4050,0
5568,4048,0
5581,4051,0
5590,4059,0
5597,4070,0
5606,4083,0
5617,4094,0
5627,4102,0
5639,4107,0
5648,4102,0
5664,4096,0
5676,4082,0
5680,4065,0
5687,4051,0
5689,4041,0
5689,4041,0
5687,4044,0
5687,4051,0
5689,4066,0
5695,4085,0
5706,4102,0
5716,4114,0
5733,4118,0
5749,4120,0
5764,4114,0
5778,4104,0
5781,4087,0
5786,4069,0
5779,4051,0
5774,4040,0
5759,4032,0
5740,4029,0
5722,4034,0
5701,4039,0
5688,4049,0
5682,4068,0
5681,4089,0
5694,4110,0
5707,4119,0
5721,4121,0
5737,4115,0
5755,4106,0
5769,4089,0
5779,4064,0
5788,4036,0
5790,4001,0
5791,3969,0
5784,3937,0
5781,3910,0
5778,3889,0
5774,3875,0
5771,3871,0
5771,3872,0
5771,3877,0
5778,3901,0
5785,3931,0
5784,3963,0
5787,4005,0
5797,4044,0
5815,4072,0
5836,4089,0
5858,4102,0
5880,4106,0
5901,4105,0
5919,4102,0
5937,4093,1
6171,4000,0
6172,3999,0
6164,3998,0
6151,4000,0
6131,4007,0
6112,4019,0
6096,4033,0
6082,4051,0
6078,4077,0
6080,4100,0
6089,4121,0
6104,4140,0
6119,4147,0
6141,4152,0
6165,4153,0
6186,4145,0
6211,4133,0
6231,4113,0
6246,4087,0
6253,4064,0
6253,4051,0
6247,4046,0
6237,4046,0
6232,4052,0
6232,4065,0
6237,4080,0
6242,4093,0
6254,4104,0
6263,4111,0
6275,4116,0
6290,4116,0
6297,4111,0
6306,4102,0
6310,4082,0
6307,4059,0
6300,4043,0
6282,4034,0
6261,4033,0
6244,4036,0
6228,4045,0
6219,4050,0
6223,4052,0
6225,4050,0
6243,4046,0
6270,4036,0
6296,4027,0
6326,4020,0
6357,4020,0
6389,4029,0
6414,4043,0
6433,4063,0
6449,4083,0
6447,4099,0
6446,4114,0
6438,4125,0
6427,4133,0
6413,4139,0
6400,4136,0
6399,4138,0
6399,4138,0
6404,4138,0
6412,4140,0
6426,4134,0
6451,4128,0
6466,4114,0
6482,4092,0
6499,4068,0
6512,4037,0
6517,4001,0
6519,3963,0
6516,3927,0
6511,3898,0
6510,3879,0
6504,3865,0
6500,3858,0
6494,3858,0
6488,3868,0
6485,3887,0
6484,3916,0
6487,3947,0
6490,3983,0
6501,4017,0
6509,4040,0
6518,4055,0
6526,4065,0
6529,4068,0
6529,4068,0
6527,4063,0
6522,4050,0
6510,4032,0
6497,4017,0
6476,4003,0
6461,3998,0
6449,3993,0
6437,3990,0
6430,3986,0
6430,3986,0
6437,3990,0
6453,3988,0
6474,3986,0
6500,3983,0
6525,3976,0
6553,3972,0
6581,3966,0
6599,3961,0
6616,3950,0
6621,3944,0
6622,3941,0
6620,3937,0
6618,3941,0
6611,3943,0
6606,3950,0
6604,3960,0
6602,3971,0
6609,3983,0
6612,3991,0
6621,3999,0
6638,4003,0
6659,4007,0
6678,4008,0
6699,4012,0
6714,4020,0
6725,4032,0
6732,4050,0
6732,4063,0
6732,4077,0
6723,4083,0
6713,4090,0
6693,4092,0
6679,4098,0
6662,4100,0
6653,4099,0
6652,4102,0
6651,4103,0
6650,4104,0
6650,4104,0
6656,4104,0
6665,4104,0
6672,4100,0
6678,4100,0
6678,4100,1