herring will spawn wherever the
707
493,4541,0
490,4553,0
489,4577,0
489,4609,0
488,4654,0
490,4702,0
493,4755,0
495,4804,0
499,4852,0
501,4893,0
502,4925,0
504,4938,0
505,4942,0
506,4938,0
511,4922,0
518,4891,0
526,4848,0
535,4813,0
547,4774,0
562,4743,0
579,4725,0
596,4719,0
612,4724,0
628,4739,0
640,4768,0
651,4801,0
661,4838,0
672,4871,0
685,4892,0
700,4905,0
720,4903,0
743,4893,0
767,4866,0
787,4835,0
802,4796,0
811,4760,0
813,4721,0
808,4692,0
797,4676,0
783,4667,0
769,4661,0
755,4669,0
743,4692,0
738,4724,0
739,4763,0
748,4796,0
763,4830,0
781,4851,0
802,4860,0
823,4866,0
844,4858,0
868,4844,0
887,4825,0
906,4813,0
923,4801,0
938,4802,0
950,4811,0
962,4827,0
970,4847,0
973,4867,0
974,4879,0
974,4879,0
975,4883,0
975,4879,0
972,4867,0
965,4839,0
957,4815,0
952,4787,0
949,4758,0
947,4727,0
950,4702,0
955,4678,0
965,4663,0
977,4651,0
992,4652,0
1008,4652,0
1025,4660,1
1087,4796,0
1088,4812,0
1088,4816,0
1088,4816,0
1088,4816,0
1088,4812,0
1085,4801,0
1081,4777,0
1076,4752,0
1071,4732,0
1068,4712,0
1066,4693,0
1066,4680,0
1068,4669,0
1074,4660,0
1085,4657,0
1100,4652,0
1119,4648,0
1140,4648,0
1161,4644,0
1183,4647,0
1201,4647,0
1212,4647,0
1218,4654,0
1224,4666,0
1229,4686,0
1230,4702,0
1233,4726,0
1235,4741,0
1237,4762,0
1240,4777,0
1243,4785,0
1247,4793,0
1249,4797,0
1250,4794,0
1253,4794,0
1256,4781,1
1298,4652,0
1298,4651,0
1301,4655,0
1305,4671,0
1312,4698,0
1316,4722,0
1322,4746,0
1327,4762,0
1333,4769,0
1343,4769,0
1356,4760,0
1372,4743,0
1387,4726,0
1400,4717,0
1420,4716,0
1435,4715,0
1451,4726,0
1468,4740,0
1486,4755,0
1504,4760,0
1524,4763,0
1544,4753,0
1562,4739,0
1575,4722,0
1584,4700,0
1585,4684,0
1581,4676,0
1573,4669,0
1560,4666,0
1544,4676,0
1533,4693,0
1527,4710,0
1528,4718,0
1534,4730,0
1543,4733,0
1551,4728,0
1558,4727,0
1563,4722,0
1566,4722,0
1566,4719,0
1566,4722,0
1566,4722,0
1568,4727,0
1574,4746,0
1582,4773,0
1591,4804,0
1599,4847,0
1604,4895,0
1605,4944,0
1602,4992,0
1595,5033,0
1586,5066,0
1573,5079,0
1560,5089,0
1541,5079,0
1520,5061,0
1500,5026,1
1191,4423,0
1190,4431,0
1190,4431,0
1191,4435,0
1192,4443,0
1196,4455,0
1199,4463,0
1206,4479,0
1211,4486,1
1841,4673,0
1841,4673,0
1841,4676,0
1843,4693,0
1845,4720,0
1845,4753,0
1843,4786,0
1847,4822,0
1850,4841,0
1856,4852,0
1862,4855,0
1870,4850,0
1875,4829,0
1888,4819,0
1899,4804,0
1908,4799,0
1917,4797,0
1930,4803,0
1942,4813,0
1955,4823,0
1969,4833,0
1982,4838,0
1995,4844,0
2002,4838,0
2005,4838,0
2007,4829,0
2007,4821,0
2001,4798,0
1995,4774,0
1990,4751,0
1989,4731,0
1988,4706,0
1993,4685,0
2004,4666,0
2018,4655,0
2037,4652,0
2054,4652,0
2072,4657,0
2085,4670,0
2096,4687,0
2105,4718,0
2112,4749,0
2115,4782,0
2120,4809,0
2121,4825,0
2123,4837,0
2125,4841,0
2126,4841,0
2129,4831,1
2187,4526,0
2187,4526,0
2189,4538,0
2192,4570,0
2194,4606,0
2199,4655,0
2201,4708,0
2203,4756,0
2205,4805,0
2210,4841,0
2215,4862,0
2223,4871,0
2230,4866,1
2247,4535,0
2248,4535,0
2249,4534,0
2251,4546,0
2254,4583,0
2258,4628,0
2260,4672,0
2262,4725,0
2263,4775,0
2266,4816,0
2270,4839,0
2275,4854,0
2280,4857,0
2282,4852,0
2283,4835,0
2276,4796,0
2265,4748,1
2019,4459,0
2017,4463,0
2014,4463,0
2016,4468,0
2017,4476,0
2017,4476,0
2019,4483,0
2020,4492,0
2026,4502,1
2618,4622,0
2607,4626,0
2593,4630,0
2579,4640,0
2567,4647,0
2557,4656,0
2554,4661,0
2558,4672,0
2569,4685,0
2587,4700,0
2606,4710,0
2630,4724,0
2654,4736,0
2675,4754,0
2690,4775,0
2695,4794,0
2690,4818,0
2677,4839,0
2655,4855,0
2634,4866,0
2615,4868,0
2603,4864,0
2594,4845,0
2600,4823,0
2615,4788,0
2638,4755,0
2668,4728,0
2696,4705,0
2719,4688,0
2741,4688,0
2759,4695,0
2772,4712,0
2784,4750,0
2794,4801,0
2794,4844,0
2802,4905,0
2803,4956,0
2806,4997,0
2808,5021,0
2811,5025,0
2811,5025,0
2811,5026,0
2808,5004,0
2804,4968,0
2796,4920,0
2791,4874,0
2790,4829,0
2788,4777,0
2788,4731,0
2790,4692,0
2799,4663,0
2805,4635,0
2820,4630,0
2834,4628,0
2844,4628,0
2858,4648,0
2876,4684,0
2881,4717,0
2882,4755,0
2875,4796,0
2859,4823,0
2847,4850,0
2839,4857,0
2829,4852,0
2822,4838,0
2816,4810,0
2820,4783,0
2830,4754,0
2845,4726,1
3071,4659,0
3075,4661,0
3074,4662,0
3068,4656,0
3052,4645,0
3034,4644,0
3011,4654,0
2991,4676,0
2969,4707,0
2953,4735,0
2949,4768,0
2951,4783,0
2959,4793,0
2970,4793,0
2987,4782,0
3011,4763,0
3031,4732,0
3047,4705,0
3059,4681,0
3066,4674,0
3066,4674,0
3068,4677,0
3070,4699,0
3069,4729,0
3068,4756,0
3076,4788,0
3082,4807,0
3092,4820,0
3103,4819,1
3170,4658,0
3170,4657,0
3170,4658,0
3173,4670,0
3177,4698,0
3179,4733,0
3179,4764,0
3180,4794,0
3179,4808,0
3181,4811,0
3185,4809,0
3192,4801,0
3206,4787,0
3217,4764,0
3229,4753,0
3240,4748,0
3254,4751,0
3262,4751,0
3277,4762,0
3291,4773,0
3305,4780,0
3315,4783,0
3317,4779,0
3319,4782,0
3317,4778,0
3315,4766,0
3311,4741,0
3309,4720,0
3308,4693,0
3306,4664,0
3313,4647,0
3316,4631,0
3323,4624,0
3327,4617,0
3342,4628,0
3351,4637,0
3362,4653,0
3373,4679,0
3379,4702,0
3386,4727,0
3389,4738,0
3396,4748,0
3402,4749,0
3409,4746,0
3423,4729,0
3439,4703,0
3451,4670,0
3469,4652,0
3486,4638,0
3498,4632,0
3511,4634,0
3525,4648,0
3538,4669,0
3549,4695,0
3558,4717,0
3569,4739,0
3579,4751,0
3587,4760,0
3597,4765,0
3610,4771,0
3623,4764,1
3901,4641,0
3904,4644,0
3906,4652,0
3914,4675,0
3922,4704,0
3930,4736,0
3937,4770,0
3944,4798,0
3948,4815,0
3953,4821,0
3952,4816,0
3966,4813,0
3977,4792,0
3995,4771,0
4010,4752,0
4025,4742,0
4041,4742,0
4058,4749,0
4076,4766,0
4091,4781,0
4105,4795,0
4114,4804,0
4122,4808,0
4128,4809,0
4129,4804,0
4131,4788,0
4123,4764,0
4118,4739,0
4108,4712,0
4100,4688,0
4089,4666,0
4082,4647,0
4075,4632,0
4073,4625,0
4073,4625,0
4072,4625,0
4071,4625,0
4075,4628,0
4075,4628,0
4076,4628,0
4076,4628,0
4076,4628,0
4076,4628,0
4077,4627,0
4079,4620,1
4186,4507,0
4189,4524,0
4193,4552,0
4199,4591,0
4208,4635,0
4213,4678,0
4217,4719,0
4224,4764,0
4227,4796,0
4234,4815,0
4238,4822,0
4248,4825,0
4261,4816,0
4276,4796,0
4294,4769,0
4310,4743,0
4326,4717,0
4343,4700,0
4357,4695,0
4367,4697,0
4377,4705,0
4389,4727,0
4399,4753,0
4410,4780,0
4425,4799,0
4439,4813,0
4460,4818,0
4482,4817,0
4501,4802,0
4522,4787,0
4538,4760,0
4548,4733,0
4555,4707,0
4553,4688,0
4549,4676,0
4548,4677,0
4548,4677,0
4546,4684,0
4549,4712,0
4553,4748,0
4563,4787,0
4575,4817,0
4591,4835,0
4611,4845,0
4628,4838,0
4647,4828,0
4669,4811,0
4683,4789,0
4695,4765,0
4706,4751,0
4711,4742,0
4713,4741,0
4714,4745,0
4717,4753,0
4721,4770,0
4719,4782,0
4722,4795,0
4722,4800,0
4725,4803,0
4726,4802,0
4722,4795,0
4713,4771,0
4707,4746,0
4699,4722,0
4691,4697,0
4685,4676,0
4682,4658,0
4681,4649,0
4681,4649,0
4681,4649,0
4683,4652,0
4693,4669,0
4706,4690,0
4721,4710,0
4746,4729,0
4775,4743,0
4806,4753,0
4835,4751,0
4862,4749,0
4890,4741,0
4907,4727,0
4923,4714,0
4929,4698,0
4924,4681,0
4920,4669,0
4911,4661,0
4905,4661,0
4897,4668,0
4890,4685,0
4890,4716,0
4893,4749,0
4898,4781,0
4911,4812,0
4929,4839,0
4949,4854,0
4975,4862,0
5002,4862,0
5026,4851,0
5050,4832,0
5067,4811,0
5081,4783,1
5062,4667,0
5060,4669,0
5068,4689,0
5074,4715,0
5085,4748,0
5091,4781,0
5105,4816,0
5115,4839,0
5127,4855,0
5134,4859,0
5146,4860,0
5153,4849,0
5168,4829,0
5180,4793,0
5189,4758,0
5201,4726,0
5208,4692,0
5213,4666,0
5219,4650,0
5221,4642,1
5294,4825,0
5297,4822,0
5307,4808,0
5317,4782,0
5326,4752,0
5330,4721,0
5333,4697,0
5329,4678,0
5320,4665,0
5313,4661,0
5306,4668,0
5289,4683,0
5280,4713,0
5278,4748,0
5282,4782,0
5296,4812,0
5318,4835,0
5341,4847,0
5368,4850,0
5398,4844,0
5424,4825,0
5444,4806,0
5462,4789,0
5478,4780,0
5480,4777,0
5477,4775,0
5484,4785,0
5485,4801,0
5489,4818,0
5496,4833,0
5501,4846,0
5502,4850,0
5504,4854,0
5501,4852,0
5499,4847,0
5494,4830,0
5492,4805,0
5484,4779,0
5482,4753,0
5482,4726,0
5482,4698,0
5491,4672,0
5506,4653,0
5529,4641,0
5555,4632,1
5913,4540,0
5916,4543,0
5923,4553,0
5926,4572,0
5931,4608,0
5932,4649,0
5940,4693,0
5943,4736,0
5945,4775,0
5953,4808,0
5957,4826,0
5961,4834,0
5964,4836,0
5966,4835,0
5970,4830,0
5962,4810,0
5948,4783,1
5868,4693,0
5869,4693,0
5871,4690,0
5885,4682,0
5908,4669,0
5935,4652,0
5967,4628,0
6002,4602,0
6028,4573,0
6052,4545,0
6071,4524,0
6080,4512,0
6085,4514,0
6087,4519,0
6087,4543,0
6088,4582,0
6088,4625,0
6086,4669,0
6091,4712,0
6101,4749,0
6112,4772,0
6129,4789,0
6149,4792,0
6169,4787,0
6193,4772,0
6213,4750,0
6235,4731,0
6255,4721,0
6267,4719,0
6275,4722,0
6286,4734,0
6295,4753,0
6309,4775,0
6326,4792,0
6350,4799,0
6377,4799,0
6408,4794,0
6435,4781,0
6457,4763,0
6475,4747,0
6481,4729,0
6476,4715,0
6462,4706,0
6444,4703,0
6421,4712,0
6405,4736,0
6394,4769,0
6407,4808,0
6432,4840,0
6470,4864,0
6518,4875,0
6555,4869,1