speed alone is not the answer.
579
532,4131,0
506,4135,0
479,4135,0
449,4151,0
424,4163,0
405,4181,0
397,4191,0
397,4203,0
408,4209,0
427,4213,0
456,4217,0
489,4214,0
526,4219,0
555,4227,0
577,4234,0
585,4239,0
579,4254,0
559,4268,0
526,4284,0
487,4298,0
452,4309,0
426,4317,0
409,4319,0
401,4314,0
402,4306,1
651,4210,0
650,4226,0
651,4254,0
652,4286,0
652,4323,0
653,4360,0
656,4391,0
659,4412,0
661,4424,0
661,4424,0
661,4416,0
658,4396,0
656,4355,0
648,4314,0
639,4265,0
634,4220,0
637,4180,0
646,4145,0
662,4126,0
682,4116,0
701,4118,0
723,4136,0
740,4155,0
750,4175,0
753,4203,0
746,4219,0
731,4238,0
707,4243,0
680,4249,0
653,4242,0
637,4232,0
629,4227,0
629,4219,1
851,4230,0
858,4234,0
873,4231,0
892,4220,0
913,4205,0
932,4186,0
948,4170,0
959,4155,0
965,4135,0
961,4127,0
950,4114,0
930,4114,0
904,4121,0
876,4140,0
852,4158,0
836,4186,0
832,4209,0
842,4234,0
864,4255,0
897,4269,0
935,4266,1
1002,4220,0
994,4224,0
997,4228,0
1013,4228,0
1038,4224,0
1069,4217,0
1102,4200,0
1134,4184,0
1160,4168,0
1175,4147,0
1184,4139,0
1182,4127,0
1167,4116,0
1148,4120,0
1118,4124,0
1089,4145,0
1066,4169,0
1056,4196,0
1057,4225,0
1073,4249,0
1102,4264,1
1406,4172,0
1401,4167,0
1393,4160,0
1377,4154,0
1356,4155,0
1331,4164,0
1305,4178,0
1283,4199,0
1268,4220,0
1262,4240,0
1266,4260,0
1278,4272,0
1297,4270,0
1319,4266,0
1341,4249,0
1363,4223,0
1380,4189,0
1393,4145,0
1405,4099,0
1411,4050,0
1415,4014,0
1418,3986,0
1417,3965,0
1414,3950,0
1416,3954,0
1414,3958,0
1415,3981,0
1416,4018,0
1418,4062,0
1421,4114,0
1425,4165,0
1433,4213,0
1445,4256,0
1460,4291,0
1474,4314,0
1486,4337,0
1496,4344,1
2102,4147,0
2099,4144,0
2088,4134,0
2070,4127,0
2044,4124,0
2015,4132,0
1983,4151,0
1949,4175,0
1925,4213,0
1911,4249,0
1911,4281,0
1919,4300,0
1935,4309,0
1954,4304,0
1975,4292,0
1997,4268,0
2022,4232,0
2044,4191,0
2060,4162,0
2073,4142,0
2077,4124,0
2078,4124,0
2077,4129,0
2075,4150,0
2074,4179,0
2076,4211,0
2082,4239,0
2096,4264,0
2113,4280,1
2214,3937,0
2205,3957,0
2200,3991,0
2193,4031,0
2187,4083,0
2179,4135,0
2183,4192,0
2186,4237,0
2199,4275,1
2405,4208,0
2403,4201,0
2394,4187,0
2383,4179,0
2369,4178,0
2351,4188,0
2330,4203,0
2314,4229,0
2306,4261,0
2307,4285,0
2318,4303,0
2339,4313,0
2362,4311,0
2388,4298,0
2410,4274,0
2428,4248,0
2436,4219,0
2435,4198,0
2422,4181,0
2405,4175,0
2384,4174,1
2515,4145,0
2516,4150,0
2520,4169,0
2516,4187,0
2513,4214,0
2509,4241,0
2509,4262,0
2513,4273,0
2521,4275,0
2532,4267,0
2550,4252,0
2566,4225,0
2586,4200,0
2604,4176,0
2620,4162,0
2635,4155,0
2647,4155,0
2654,4161,0
2662,4184,0
2665,4209,0
2665,4234,0
2668,4259,0
2674,4278,0
2680,4285,0
2691,4289,1
2766,4262,0
2772,4260,0
2789,4254,0
2811,4239,0
2834,4221,0
2857,4206,0
2875,4186,0
2888,4172,0
2891,4161,0
2887,4154,0
2871,4147,0
2846,4150,0
2818,4162,0
2796,4186,0
2783,4213,0
2783,4242,0
2803,4273,0
2837,4294,0
2879,4306,0
2923,4313,1
3337,4167,0
3330,4190,0
3328,4219,0
3322,4240,0
3326,4265,1
3360,4020,0
3356,4013,0
3360,4016,0
3357,4013,0
3361,4020,1
3531,4132,0
3528,4129,0
3524,4126,0
3514,4123,0
3493,4118,0
3470,4126,0
3448,4140,0
3426,4157,0
3419,4176,0
3422,4193,0
3436,4208,0
3465,4223,0
3498,4232,0
3527,4237,0
3554,4249,0
3568,4255,0
3571,4262,0
3562,4268,0
3541,4276,0
3509,4285,0
3477,4295,0
3449,4297,0
3433,4302,0
3425,4302,0
3425,4297,1
3833,4154,0
3838,4160,0
3837,4175,0
3834,4197,0
3828,4225,0
3824,4257,0
3822,4283,0
3828,4303,0
3837,4311,0
3851,4311,0
3868,4299,0
3888,4277,0
3907,4244,0
3928,4215,0
3944,4194,0
3957,4179,0
3972,4173,0
3985,4174,0
3995,4186,0
4006,4208,0
4009,4231,0
4014,4257,0
4017,4274,0
4025,4288,0
4034,4292,1
4163,4201,0
4160,4203,0
4155,4202,0
4142,4203,0
4126,4209,0
4109,4227,0
4095,4246,0
4088,4272,0
4094,4297,0
4107,4312,0
4128,4316,0
4159,4314,0
4185,4299,0
4208,4283,0
4223,4261,0
4227,4238,0
4220,4218,0
4205,4205,0
4179,4194,0
4152,4194,0
4133,4204,1
4333,4003,0
4331,3994,0
4333,3998,0
4339,4014,0
4334,4039,0
4328,4074,0
4324,4119,0
4323,4167,0
4322,4219,0
4323,4265,0
4322,4301,0
4327,4327,0
4327,4337,0
4330,4340,0
4328,4332,0
4321,4312,0
4314,4286,1
4285,4224,0
4287,4222,0
4304,4223,0
4328,4220,1
4686,4020,0
4688,4046,0
4697,4086,0
4703,4129,0
4707,4175,0
4708,4227,0
4704,4274,0
4701,4314,0
4704,4343,0
4710,4364,0
4712,4367,0
4718,4363,0
4717,4343,1
4647,4223,0
4649,4222,0
4662,4220,0
4688,4220,0
4713,4213,1
4789,3988,0
4792,3991,0
4790,4004,0
4794,4029,0
4795,4060,0
4799,4101,0
4804,4146,0
4807,4192,0
4813,4235,0
4819,4268,0
4826,4293,0
4833,4303,0
4840,4307,0
4853,4302,0
4868,4283,0
4889,4263,0
4907,4251,0
4923,4242,0
4936,4241,0
4944,4245,0
4952,4259,0
4959,4279,0
4961,4299,0
4971,4324,0
4981,4340,0
4995,4355,0
5009,4359,0
5028,4357,0
5052,4352,0
5074,4341,0
5096,4326,0
5112,4304,0
5119,4280,0
5122,4261,0
5117,4244,0
5108,4237,0
5090,4232,0
5075,4239,0
5061,4254,0
5057,4274,0
5069,4302,0
5092,4324,0
5121,4340,0
5155,4352,0
5186,4355,1
5668,4182,0
5662,4177,0
5658,4175,0
5645,4173,0
5624,4178,0
5600,4194,0
5575,4215,0
5559,4245,0
5545,4272,0
5545,4301,0
5554,4322,0
5573,4335,0
5596,4335,0
5620,4321,0
5646,4303,0
5663,4273,0
5680,4242,0
5691,4212,0
5687,4186,0
5687,4173,0
5685,4169,0
5681,4168,0
5682,4178,0
5684,4200,0
5689,4225,0
5689,4256,0
5697,4289,0
5708,4319,0
5716,4339,0
5734,4355,0
5752,4360,0
5762,4348,0
5779,4329,1
5812,4193,0
5806,4194,0
5807,4206,0
5803,4222,0
5803,4246,0
5805,4269,0
5804,4288,0
5812,4304,0
5820,4307,0
5832,4305,0
5844,4290,0
5861,4265,0
5880,4238,0
5896,4212,0
5911,4188,0
5926,4176,0
5938,4174,0
5945,4179,0
5955,4196,0
5957,4220,0
5950,4252,0
5945,4284,0
5942,4313,0
5944,4335,1
6123,4194,0
6117,4187,0
6112,4181,0
6099,4178,0
6083,4179,0
6060,4189,0
6038,4203,0
6030,4219,0
6030,4237,0
6042,4255,0
6064,4273,0
6092,4289,0
6121,4304,0
6145,4319,0
6162,4329,0
6169,4340,0
6167,4348,0
6157,4355,0
6134,4357,0
6110,4361,0
6084,4362,0
6067,4363,0
6057,4362,0
6055,4358,0
6067,4350,1
6232,4196,0
6235,4199,0
6233,4203,0
6231,4217,0
6229,4239,0
6227,4268,0
6235,4297,0
6238,4318,0
6252,4332,0
6271,4341,0
6289,4338,0
6309,4326,0
6324,4307,0
6338,4283,0
6351,4266,0
6350,4254,0
6351,4253,0
6349,4255,0
6345,4268,0
6338,4283,0
6340,4307,0
6346,4325,0
6358,4341,0
6373,4348,0
6394,4348,0
6418,4341,0
6440,4327,0
6458,4310,0
6464,4290,0
6467,4266,0
6466,4247,0
6458,4231,0
6452,4220,0
6438,4211,0
6432,4213,0
6425,4214,0
6430,4222,1
6496,4333,0
6502,4332,0
6524,4324,0
6546,4307,0
6570,4289,0
6593,4271,0
6608,4252,0
6621,4234,0
6621,4219,0
6619,4210,0
6605,4201,0
6587,4205,0
6568,4225,0
6551,4247,0
6541,4273,0
6541,4301,0
6555,4329,0
6577,4345,0
6607,4352,0
6642,4352,0
6676,4341,1
6736,4260,0
6732,4263,0
6729,4268,0
6724,4281,0
6725,4302,0
6725,4321,0
6729,4343,0
6732,4360,0
6737,4373,0
6737,4374,0
6737,4372,0
6735,4361,0
6730,4335,0
6724,4308,0
6717,4277,0
6717,4252,0
6720,4233,0
6723,4215,0
6736,4205,0
6754,4199,0
6787,4202,0
6812,4208,0
6833,4212,0
6842,4215,0
6850,4217,1
6887,4377,0
6884,4381,0
6884,4381,0
6884,4382,0
6889,4383,0
6888,4384,0
6891,4393,0
6892,4392,1