in their southery march the
582
528,3997,0
521,4000,0
516,4011,0
513,4035,0
511,4063,0
511,4099,0
513,4137,0
517,4174,0
523,4206,0
530,4228,0
541,4242,0
554,4243,0
569,4241,0
583,4222,0
599,4188,0
615,4150,0
627,4103,0
637,4059,0
644,4024,0
649,3993,0
650,3980,0
649,3981,0
650,3984,0
655,4000,0
661,4034,0
667,4070,0
673,4104,0
679,4136,0
687,4157,0
693,4166,0
703,4163,0
716,4156,0
731,4129,0
748,4098,0
767,4076,0
787,4062,0
805,4051,0
826,4053,0
843,4057,0
860,4078,0
875,4103,0
887,4128,0
899,4152,0
908,4169,0
912,4173,1
484,3841,0
468,3841,0
461,3849,0
466,3858,0
482,3869,1
1155,3848,0
1153,3855,0
1152,3880,0
1158,3920,0
1163,3959,0
1165,4007,0
1170,4056,0
1174,4104,0
1177,4147,0
1179,4187,0
1181,4215,0
1184,4227,0
1186,4232,0
1187,4231,0
1188,4231,0
1185,4211,0
1175,4184,1
1062,4057,0
1063,4061,0
1067,4061,0
1081,4056,0
1103,4048,0
1130,4040,0
1159,4020,0
1194,4003,0
1276,3916,0
1294,3890,0
1305,3870,0
1312,3865,0
1314,3865,0
1317,3869,0
1322,3905,0
1325,3952,0
1327,4005,0
1329,4068,0
1331,4128,0
1337,4176,0
1344,4203,0
1350,4212,0
1364,4210,0
1380,4197,0
1401,4167,0
1422,4134,0
1441,4104,0
1462,4086,0
1479,4080,0
1493,4078,0
1508,4097,0
1522,4124,0
1536,4150,0
1549,4169,0
1566,4184,0
1583,4185,0
1604,4174,0
1623,4152,0
1645,4124,0
1662,4089,0
1673,4056,0
1676,4023,0
1673,4003,0
1668,3995,0
1661,3993,0
1652,3994,0
1644,4007,0
1637,4032,0
1637,4065,0
1644,4104,0
1658,4138,0
1676,4160,0
1696,4169,0
1719,4169,0
1742,4162,0
1766,4141,0
1788,4113,0
1807,4085,0
1821,4050,0
1830,4024,0
1835,4015,0
1836,4015,0
1837,4019,0
1838,4022,0
1843,4054,0
1848,4082,0
1855,4113,0
1861,4145,0
1866,4168,0
1872,4188,0
1878,4198,0
1886,4205,0
1895,4207,0
1906,4196,0
1911,4172,1
1963,4160,0
1962,4176,0
1964,4188,0
1965,4192,0
1964,4193,0
1963,4188,0
1955,4165,0
1946,4131,0
1937,4100,0
1927,4065,0
1920,4034,0
1918,4006,0
1922,3985,0
1932,3966,0
1949,3954,0
1970,3941,0
1993,3935,0
2014,3930,0
2031,3930,0
2041,3936,1
1760,3817,0
1748,3819,0
1746,3829,0
1751,3836,0
1768,3841,1
2378,3977,0
2377,3978,0
2373,3979,0
2364,3987,0
2352,3999,0
2335,4009,0
2318,4023,0
2308,4043,0
2301,4057,0
2306,4068,0
2326,4083,0
2351,4092,0
2384,4106,0
2411,4114,0
2439,4133,0
2460,4157,0
2470,4179,0
2470,4196,0
2462,4211,0
2443,4222,0
2416,4226,0
2386,4223,0
2359,4215,0
2340,4205,0
2328,4187,1
2585,4064,0
2586,4068,0
2583,4065,0
2574,4056,0
2564,4051,0
2557,4053,0
2542,4055,0
2525,4061,0
2509,4071,0
2497,4092,0
2487,4117,0
2483,4149,0
2486,4177,0
2495,4196,0
2507,4203,0
2523,4210,0
2538,4200,0
2557,4198,0
2571,4180,0
2584,4162,0
2591,4138,0
2594,4116,0
2592,4091,0
2596,4081,0
2596,4068,0
2597,4059,0
2598,4054,0
2602,4053,0
2609,4058,0
2618,4073,0
2626,4099,0
2632,4123,0
2641,4145,0
2651,4158,0
2659,4164,0
2668,4160,0
2683,4150,0
2697,4127,0
2713,4103,0
2731,4082,0
2748,4075,0
2758,4070,0
2770,4078,0
2780,4092,0
2789,4115,0
2794,4138,0
2803,4160,0
2811,4179,0
2821,4191,0
2828,4193,0
2837,4184,0
2847,4163,0
2858,4132,1
2876,3899,0
2878,3906,0
2875,3921,0
2879,3959,0
2887,4008,0
2895,4058,0
2902,4102,0
2908,4144,0
2912,4178,0
2912,4191,0
2912,4191,0
2912,4191,0
2913,4190,0
2906,4176,0
2897,4149,0
2890,4121,0
2883,4089,0
2878,4052,0
2878,4017,0
2886,3986,0
2898,3946,0
2917,3915,0
2934,3888,0
2953,3875,0
2968,3866,0
2984,3872,0
2994,3884,0
3006,3918,0
3016,3963,0
3024,4012,0
3029,4060,0
3035,4106,0
3043,4142,0
3052,4159,0
3066,4166,0
3081,4159,0
3099,4137,0
3118,4104,0
3133,4069,0
3148,4053,0
3153,4040,0
3158,4043,0
3160,4046,0
3168,4059,0
3178,4082,0
3192,4106,0
3204,4117,0
3226,4133,0
3243,4133,0
3264,4130,0
3284,4119,0
3302,4105,0
3310,4077,0
3317,4050,0
3320,4025,0
3317,4008,0
3314,4005,0
3311,4003,0
3311,4007,0
3305,4024,0
3305,4061,0
3310,4100,0
3318,4133,0
3336,4159,0
3351,4169,0
3372,4171,0
3395,4167,0
3416,4155,0
3436,4143,0
3454,4141,0
3466,4143,0
3473,4143,0
3480,4153,0
3481,4157,0
3480,4159,0
3481,4158,0
3481,4158,0
3483,4156,0
3478,4141,0
3472,4111,0
3466,4082,0
3465,4056,0
3462,4029,0
3463,4009,0
3465,3995,0
3468,3993,0
3475,3987,0
3489,3989,0
3505,3993,0
3529,4001,0
3550,4007,0
3568,4008,0
3585,4012,1
3614,3984,0
3615,3988,0
3616,3988,0
3620,4003,0
3626,4019,0
3638,4034,0
3653,4040,0
3670,4043,0
3691,4039,0
3706,4027,0
3721,4012,0
3731,4001,0
3732,4000,0
3734,4004,0
3731,4005,0
3727,4034,0
3723,4075,0
3720,4120,0
3718,4179,0
3719,4245,0
3711,4297,0
3710,4350,0
3706,4391,0
3708,4422,0
3711,4439,0
3718,4449,0
3722,4451,0
3736,4451,1
4081,3996,0
4080,3997,0
4087,4007,0
4096,4031,0
4104,4059,0
4114,4097,0
4123,4131,0
4130,4161,0
4133,4179,0
4140,4189,0
4138,4186,0
4140,4183,0
4147,4158,0
4154,4123,0
4163,4085,0
4175,4055,0
4189,4034,0
4199,4025,0
4207,4024,0
4217,4037,0
4229,4063,0
4237,4092,0
4246,4111,0
4255,4119,0
4268,4119,0
4275,4107,0
4296,4097,0
4308,4076,0
4321,4060,0
4336,4052,0
4345,4050,0
4352,4055,0
4363,4072,0
4368,4094,0
4377,4123,0
4386,4146,0
4394,4166,0
4399,4177,0
4408,4185,0
4423,4188,0
4437,4176,1
4577,3995,0
4567,3993,0
4549,3989,0
4536,3995,0
4521,4008,0
4505,4034,0
4488,4070,0
4477,4111,0
4473,4145,0
4478,4158,0
4488,4159,0
4511,4156,0
4532,4138,0
4552,4109,0
4576,4088,0
4595,4066,0
4606,4055,0
4617,4057,0
4619,4061,0
4621,4074,0
4624,4104,0
4630,4126,0
4639,4140,0
4650,4145,0
4667,4147,0
4679,4135,0
4700,4126,0
4717,4116,0
4731,4110,0
4745,4113,0
4754,4121,0
4758,4128,0
4761,4136,0
4763,4140,0
4765,4143,0
4765,4143,0
4763,4140,0
4765,4138,0
4762,4118,0
4755,4093,0
4746,4068,0
4740,4041,0
4735,4018,0
4729,4001,0
4729,3991,0
4735,3990,0
4739,3982,0
4751,3975,0
4772,3971,0
4801,3970,0
4837,3970,0
4876,3970,0
4916,3970,0
4947,3966,0
4975,3966,0
4990,3963,0
4995,3963,0
4994,3964,0
4992,3966,0
4985,3967,0
4971,3970,0
4951,3975,0
4932,3988,0
4922,4010,0
4912,4036,0
4908,4067,0
4908,4095,0
4916,4121,0
4929,4136,0
4945,4143,0
4965,4140,0
4990,4128,0
5016,4108,0
5039,4079,0
5056,4044,0
5070,4007,0
5078,3969,0
5079,3933,0
5080,3902,0
5080,3885,0
5079,3880,0
5079,3880,0
5078,3882,0
5081,3908,0
5080,3950,0
5081,3994,0
5084,4038,0
5088,4074,0
5099,4097,0
5113,4111,0
5129,4111,0
5146,4100,0
5170,4080,0
5195,4062,0
5216,4050,0
5231,4045,0
5238,4044,0
5250,4055,0
5260,4073,0
5274,4100,0
5287,4126,0
5303,4150,0
5323,4169,0
5347,4185,0
5376,4191,1
5730,3890,0
5730,3892,0
5728,3894,0
5734,3917,0
5733,3951,0
5731,3985,0
5735,4024,0
5738,4065,0
5733,4101,0
5732,4140,0
5732,4169,0
5731,4190,0
5735,4203,0
5739,4210,0
5743,4212,0
5749,4212,0
5754,4200,1
5641,4017,0
5641,4019,0
5639,4014,0
5651,4012,0
5668,3999,0
5692,3981,0
5727,3964,0
5757,3939,0
5790,3919,0
5818,3902,0
5837,3890,0
5850,3887,0
5861,3894,0
5865,3913,0
5870,3952,0
5865,3998,0
5864,4050,0
5865,4099,0
5870,4138,0
5880,4163,0
5893,4172,0
5911,4175,0
5931,4162,0
5954,4143,0
5976,4120,0
5996,4102,0
6013,4094,0
6024,4092,0
6030,4097,0
6039,4113,0
6050,4137,0
6061,4161,0
6081,4182,0
6100,4190,0
6129,4192,0
6155,4184,0
6181,4172,0
6201,4153,0
6220,4135,0
6230,4116,0
6224,4096,0
6221,4087,0
6208,4078,0
6194,4076,0
6182,4086,0
6166,4106,0
6161,4139,0
6162,4176,0
6177,4210,0
6206,4237,0
6238,4249,0
6272,4250,0
6302,4244,1