ded into the path of the seine net they
743
647,3855,0
629,3849,0
612,3847,0
600,3858,0
712,3843,0
717,3870,0
723,3904,0
731,3924,0
743,3946,0
759,3952,0
775,3952,0
791,3942,0
808,3926,0
822,3904,0
830,3880,0
834,3860,0
834,3844,0
830,3832,0
825,3831,0
820,3843,0
813,3851,0
808,3867,0
808,3887,0
815,3903,0
825,3921,0
839,3921,0
859,3934,0
879,3947,0
895,3932,1
965,3863,0
966,3851,0
960,3839,0
951,3834,0
938,3838,0
921,3846,0
908,3856,0
899,3868,0
895,3880,0
896,3892,0
901,3896,0
909,3901,0
920,3896,0
933,3889,0
945,3875,0
953,3851,0
962,3826,0
970,3799,0
974,3771,0
977,3747,0
977,3723,0
977,3703,0
976,3699,0
976,3699,0
974,3703,0
972,3723,0
970,3754,0
972,3791,0
978,3836,0
984,3863,0
991,3888,0
994,3896,1
1288,3814,0
1306,3793,0
1322,3776,0
1333,3764,0
1341,3751,0
1348,3747,0
1350,3742,0
1350,3742,0
1351,3750,0
1348,3759,0
1344,3778,0
1341,3803,0
1339,3823,0
1340,3851,0
1352,3859,0
1363,3850,0
1379,3836,0
1392,3811,0
1407,3794,0
1419,3772,0
1430,3755,0
1439,3742,0
1445,3734,0
1449,3730,0
1450,3729,0
1452,3737,0
1450,3754,0
1447,3778,0
1442,3802,0
1440,3827,0
1440,3843,0
1441,3855,0
1445,3863,0
1451,3862,0
1462,3853,0
1474,3831,0
1489,3810,0
1504,3792,0
1515,3771,0
1525,3761,0
1529,3752,0
1531,3752,0
1532,3761,0
1531,3772,0
1530,3793,0
1533,3808,0
1539,3820,0
1549,3826,0
1558,3825,1
1667,3648,0
1669,3651,0
1669,3655,0
1670,3671,0
1668,3691,0
1666,3716,0
1662,3742,0
1660,3766,0
1658,3790,0
1654,3803,0
1655,3819,0
1652,3820,0
1656,3819,1
1625,3678,0
1628,3682,0
1635,3689,0
1644,3696,0
1659,3709,0
1673,3719,0
1689,3732,0
1711,3749,0
1730,3754,0
1748,3759,0
1764,3752,0
1778,3745,0
1787,3731,0
1792,3725,0
1792,3721,0
1788,3718,0
1781,3720,0
1773,3725,0
1765,3739,0
1761,3760,0
1761,3781,0
1766,3800,0
1778,3814,0
1791,3820,0
1805,3813,0
1815,3799,0
1819,3782,1
1340,3626,0
1348,3638,0
1350,3646,0
1348,3642,0
1353,3630,1
2163,3590,0
2171,3595,0
2171,3595,0
2171,3599,0
2164,3609,0
2157,3629,0
2146,3649,0
2137,3677,0
2129,3708,0
2121,3736,0
2117,3761,0
2114,3784,0
2109,3793,1
2094,3668,0
2109,3673,0
2129,3679,0
2149,3677,0
2173,3674,0
2200,3670,0
2222,3654,0
2244,3643,0
2261,3624,0
2275,3611,0
2285,3604,0
2287,3598,0
2289,3602,0
2285,3607,0
2282,3625,0
2270,3642,0
2263,3674,0
2255,3707,0
2249,3738,0
2246,3764,0
2246,3781,0
2252,3788,0
2260,3785,0
2272,3772,0
2287,3755,0
2301,3733,0
2309,3709,0
2320,3697,0
2327,3694,0
2330,3697,0
2334,3708,0
2331,3718,0
2333,3740,0
2338,3762,0
2344,3773,0
2357,3785,0
2372,3789,0
2394,3790,0
2413,3778,0
2433,3762,0
2451,3747,0
2458,3723,0
2464,3707,0
2468,3698,0
2463,3691,0
2457,3689,0
2449,3692,0
2443,3703,0
2441,3720,0
2441,3738,0
2449,3756,0
2455,3767,0
2467,3779,1
2727,3611,0
2729,3619,0
2726,3633,0
2718,3660,0
2704,3688,0
2692,3724,0
2680,3760,0
2671,3804,0
2661,3838,0
2658,3874,0
2653,3894,0
2652,3904,0
2651,3899,0
2656,3880,0
2668,3853,0
2685,3810,0
2704,3767,0
2724,3723,0
2737,3682,0
2753,3647,0
2772,3633,0
2784,3628,0
2794,3636,0
2798,3656,0
2794,3681,0
2788,3706,0
2777,3715,0
2767,3725,0
2753,3723,0
2740,3720,0
2729,3707,0
2728,3695,0
2731,3680,1
2903,3653,0
2908,3636,0
2914,3629,0
2907,3609,0
2902,3603,0
2893,3600,0
2879,3602,0
2869,3617,0
2856,3636,0
2848,3654,0
2842,3674,0
2842,3696,0
2847,3713,0
2853,3718,0
2867,3720,0
2884,3711,0
2899,3695,0
2910,3676,0
2917,3658,0
2924,3645,0
2926,3636,0
2924,3632,0
2924,3637,0
2922,3647,0
2920,3661,0
2922,3679,0
2925,3690,0
2934,3700,0
2948,3706,1
3066,3515,0
3067,3524,0
3068,3543,0
3064,3568,0
3057,3591,0
3049,3619,0
3042,3645,0
3037,3671,0
3033,3691,0
3029,3708,0
3030,3720,0
3031,3720,0
3030,3707,1
3011,3603,0
3015,3606,0
3024,3614,0
3035,3617,0
3052,3621,0
3073,3623,0
3092,3617,0
3113,3604,0
3132,3588,0
3146,3571,0
3158,3553,0
3165,3535,0
3168,3524,0
3167,3520,0
3164,3522,0
3158,3530,0
3149,3549,0
3144,3576,0
3137,3604,0
3129,3632,0
3126,3658,0
3126,3676,0
3126,3684,0
3129,3687,0
3135,3684,0
3145,3674,0
3157,3662,0
3168,3650,0
3178,3645,0
3184,3641,0
3192,3645,0
3195,3653,0
3197,3666,0
3202,3687,0
3203,3699,0
3210,3709,1
3566,3633,0
3573,3628,0
3576,3617,0
3574,3602,0
3565,3585,0
3559,3573,0
3549,3566,0
3535,3562,0
3522,3566,0
3508,3571,0
3503,3584,0
3501,3601,0
3501,3620,0
3503,3644,0
3509,3663,0
3522,3679,0
3544,3688,1
3566,3549,0
3578,3545,0
3597,3541,0
3621,3539,0
3639,3535,0
3662,3527,0
3683,3510,0
3703,3490,0
3718,3472,0
3730,3454,0
3735,3438,0
3739,3431,0
3740,3430,0
3735,3433,0
3734,3455,0
3723,3484,0
3717,3530,0
3708,3578,0
3703,3632,0
3692,3679,0
3688,3718,0
3684,3740,0
3682,3762,0
3667,3757,0
3658,3759,0
3645,3749,0
3638,3740,0
3631,3724,0
3631,3710,1
3715,3617,0
3718,3619,0
3718,3620,0
3706,3624,0
3687,3624,0
3672,3620,0
3667,3618,0
3670,3607,1
3848,3569,0
3865,3564,0
3887,3552,0
3912,3536,0
3933,3508,0
3957,3482,0
3973,3452,0
3983,3427,0
3993,3409,0
3998,3397,0
4000,3396,0
4002,3399,0
3994,3407,0
3993,3429,0
3983,3460,0
3972,3496,0
3964,3535,0
3954,3568,0
3948,3595,0
3939,3612,0
3940,3623,1
3927,3530,0
3940,3539,0
3956,3546,0
3975,3551,0
3993,3551,0
4017,3547,0
4040,3532,0
4061,3513,0
4077,3493,0
4089,3472,0
4099,3458,0
4100,3445,0
4100,3440,0
4102,3443,0
4096,3450,0
4087,3468,0
4082,3495,0
4073,3529,0
4067,3562,0
4061,3593,0
4061,3615,0
4062,3629,0
4067,3630,0
4079,3625,0
4094,3607,0
4109,3588,0
4120,3568,0
4128,3554,0
4133,3546,0
4131,3542,0
4134,3550,0
4133,3561,0
4137,3580,0
4141,3602,0
4150,3621,0
4164,3636,0
4179,3643,0
4201,3645,0
4222,3632,0
4240,3615,0
4256,3600,0
4268,3584,0
4270,3566,0
4270,3555,0
4267,3547,0
4261,3548,0
4254,3553,0
4249,3564,0
4246,3583,0
4247,3604,0
4254,3624,0
4263,3643,0
4275,3659,1
4548,3575,0
4553,3581,0
4557,3581,0
4572,3577,0
4585,3564,0
4600,3544,0
4613,3529,0
4620,3516,0
4626,3503,0
4628,3496,0
4632,3498,0
4635,3506,0
4637,3528,0
4638,3549,0
4636,3581,0
4625,3609,0
4618,3633,0
4613,3645,0
4602,3650,0
4595,3652,0
4592,3643,0
4582,3637,0
4579,3633,0
4582,3631,0
4590,3629,0
4595,3629,0
4614,3631,0
4631,3631,0
4655,3636,0
4675,3627,0
4698,3614,0
4725,3591,0
4740,3569,0
4747,3544,0
4753,3526,0
4754,3513,0
4752,3509,0
4742,3509,0
4729,3517,0
4717,3535,0
4710,3555,0
4704,3585,0
4707,3610,0
4711,3629,0
4718,3645,0
4734,3652,0
4747,3650,0
4765,3643,0
4778,3629,0
4793,3612,0
4804,3594,0
4817,3574,0
4824,3561,0
4831,3553,0
4833,3551,0
4835,3555,0
4840,3561,0
4836,3578,0
4835,3595,0
4835,3614,0
4839,3633,0
4845,3640,0
4850,3646,0
4850,3646,0
4854,3646,1
4853,3469,0
4850,3472,0
4850,3477,0
4845,3477,0
4845,3477,1
4906,3523,0
4905,3530,0
4907,3546,0
4910,3567,0
4910,3584,0
4915,3597,0
4917,3601,0
4927,3603,0
4936,3597,0
4951,3587,0
4967,3568,0
4980,3548,0
4992,3528,0
4996,3517,0
4995,3512,0
5000,3518,0
4997,3528,0
5004,3544,0
5008,3564,0
5016,3585,0
5032,3609,0
5047,3622,0
5067,3631,0
5084,3630,0
5098,3618,0
5120,3606,0
5130,3588,0
5137,3566,0
5144,3552,0
5144,3539,0
5140,3532,0
5129,3532,0
5117,3541,0
5117,3554,0
5110,3568,0
5115,3588,0
5122,3603,0
5136,3619,0
5153,3629,0
5168,3629,0
5181,3620,1
5452,3479,0
5452,3486,0
5449,3496,0
5448,3517,0
5441,3540,0
5438,3570,0
5431,3597,0
5424,3626,0
5421,3649,0
5426,3662,0
5425,3663,0
5430,3658,0
5437,3643,0
5450,3620,0
5463,3597,0
5477,3572,0
5486,3547,0
5497,3533,0
5502,3525,0
5506,3527,0
5511,3535,0
5516,3554,0
5515,3575,0
5516,3600,0
5519,3623,0
5524,3635,0
5537,3645,0
5553,3644,0
5576,3640,0
5595,3621,0
5619,3603,0
5637,3580,0
5653,3558,0
5662,3539,0
5664,3523,0
5660,3515,0
5651,3513,0
5643,3517,0
5634,3530,0
5633,3551,0
5630,3576,0
5629,3596,0
5640,3615,0
5656,3628,0
5675,3635,0
5699,3631,0
5723,3618,0
5747,3598,0
5769,3570,0
5788,3544,0
5805,3512,0
5818,3479,0
5830,3449,0
5836,3431,0
5837,3424,0
5836,3426,0
5830,3433,0
5827,3454,0
5818,3479,0
5816,3510,0
5812,3543,0
5814,3576,0
5816,3599,0
5827,3619,0
5834,3629,0
5843,3631,0
5854,3629,0
5863,3617,0
5876,3605,1
5863,3498,0
5851,3494,0
5828,3493,0
5810,3498,0
5785,3493,1
6104,3390,0
6102,3400,0
6099,3420,0
6091,3447,0
6086,3484,0
6073,3524,0
6066,3556,0
6058,3583,0
6051,3600,1
6022,3479,0
6034,3483,0
6051,3487,0
6073,3489,0
6092,3482,0
6121,3475,0
6142,3457,0
6162,3440,0
6178,3424,0
6188,3408,0
6194,3397,0
6197,3393,0
6194,3391,0
6188,3399,0
6182,3417,0
6172,3441,0
6165,3467,0
6162,3493,0
6156,3516,0
6158,3535,0
6162,3543,0
6169,3547,0
6179,3540,0
6194,3523,0
6212,3503,0
6228,3485,0
6237,3472,0
6248,3469,0
6253,3470,0
6260,3481,0
6256,3493,0
6258,3513,0
6261,3532,0
6264,3548,0
6278,3564,0
6290,3574,0
6305,3580,0
6322,3576,0
6344,3564,0
6365,3546,0
6382,3519,0
6399,3501,0
6405,3484,0
6407,3473,0
6401,3467,0
6398,3464,0
6389,3465,0
6384,3472,0
6376,3484,0
6372,3498,0
6379,3516,0
6382,3535,0
6387,3550,0
6399,3560,0
6412,3561,0
6436,3554,0
6461,3538,1
6515,3449,0
6513,3452,0
6514,3460,0
6518,3468,0
6522,3476,0
6531,3485,0
6538,3489,0
6542,3489,0
6554,3486,0
6558,3477,0
6558,3470,0
6563,3471,0
6560,3469,0
6555,3477,0
6546,3498,0
6538,3535,0
6519,3588,0
6503,3641,0
6489,3687,0
6479,3716,0
6468,3733,0
6464,3739,0
6457,3734,0
6448,3720,0
6452,3698,0
6457,3669,0
6472,3645,0
6488,3621,0
6506,3607,0
6521,3600,0
6532,3597,0
6545,3598,1