in Kent as a form of
439
1496,4709,0
1496,4709,0
1496,4709,0
1496,4710,0
1494,4710,0
1494,4710,0
1493,4706,0
1494,4710,0
1494,4705,0
1496,4705,0
1497,4710,0
1498,4713,0
1496,4717,0
1496,4737,0
1491,4762,0
1488,4787,0
1483,4815,0
1484,4831,0
1488,4842,0
1495,4846,0
1501,4845,0
1510,4841,0
1520,4831,0
1530,4815,0
1539,4797,0
1546,4781,0
1551,4768,0
1554,4760,0
1553,4756,0
1553,4755,0
1553,4760,0
1553,4764,0
1560,4780,0
1569,4794,0
1580,4806,0
1594,4816,0
1610,4814,0
1626,4812,0
1645,4806,0
1661,4796,0
1672,4774,0
1681,4757,0
1683,4753,0
1683,4757,0
1684,4765,0
1686,4792,0
1690,4816,0
1699,4835,0
1710,4838,1
1498,4585,0
1489,4586,0
1489,4586,0
1489,4586,0
1493,4585,1
1997,4623,0
1995,4616,0
1995,4615,0
1995,4615,0
1994,4616,0
1997,4631,0
2000,4655,0
2002,4683,0
2003,4719,0
2004,4748,0
2005,4784,0
2004,4818,0
2001,4850,0
2000,4876,0
1999,4896,0
2000,4895,0
2006,4878,1
2164,4671,0
2160,4669,0
2150,4667,0
2128,4672,0
2097,4688,0
2056,4709,0
2010,4734,0
1968,4768,0
1935,4798,0
1920,4821,0
1921,4833,0
1932,4840,0
1959,4838,0
1993,4832,0
2033,4828,0
2072,4823,0
2104,4821,1
2171,4813,0
2176,4812,0
2185,4811,0
2194,4796,0
2205,4789,0
2210,4771,0
2211,4759,0
2208,4743,0
2200,4736,0
2188,4732,0
2174,4735,0
2159,4751,0
2145,4770,0
2139,4793,0
2140,4817,0
2147,4836,0
2161,4853,0
2181,4857,0
2205,4855,0
2234,4844,0
2260,4838,0
2276,4813,0
2287,4801,0
2289,4793,0
2287,4794,0
2285,4794,0
2282,4794,0
2280,4811,0
2281,4823,0
2288,4830,0
2300,4831,0
2318,4827,0
2338,4817,0
2358,4807,0
2374,4794,0
2383,4784,0
2385,4783,0
2383,4784,0
2384,4796,0
2381,4813,0
2384,4829,0
2391,4840,0
2400,4845,0
2414,4842,0
2430,4833,1
2519,4672,0
2521,4663,0
2521,4659,0
2518,4656,0
2514,4653,0
2510,4654,0
2510,4666,0
2508,4684,0
2509,4713,0
2509,4743,0
2508,4772,0
2508,4801,0
2507,4826,0
2509,4847,0
2511,4859,0
2514,4866,0
2510,4863,0
2511,4859,0
2508,4842,0
2504,4832,0
2499,4821,0
2493,4813,0
2485,4809,0
2478,4802,0
2475,4803,0
2475,4803,0
2478,4806,0
2482,4804,0
2496,4809,0
2508,4806,0
2523,4805,0
2531,4803,0
2538,4804,1
2971,4828,0
2977,4820,0
2984,4813,0
2984,4800,0
2980,4789,0
2973,4783,0
2956,4777,0
2934,4782,0
2907,4793,0
2879,4808,0
2854,4830,0
2840,4849,0
2837,4862,0
2853,4874,0
2883,4875,0
2920,4864,0
2960,4849,0
2992,4827,0
3013,4814,0
3018,4804,0
3013,4793,0
3006,4792,0
2992,4788,0
2987,4794,0
2983,4804,0
2981,4815,0
2986,4830,0
2996,4842,0
3013,4857,1
3273,4777,0
3269,4774,0
3265,4772,0
3254,4768,0
3235,4760,0
3218,4767,0
3194,4770,0
3170,4776,0
3148,4787,0
3133,4797,0
3125,4801,0
3127,4809,0
3134,4811,0
3151,4816,0
3171,4816,0
3194,4818,0
3218,4825,0
3236,4830,0
3249,4837,0
3255,4847,0
3250,4854,0
3238,4873,0
3212,4881,0
3189,4895,0
3169,4895,0
3156,4901,0
3149,4900,0
3147,4888,0
3163,4872,1
3654,4874,0
3663,4869,0
3672,4865,0
3679,4857,0
3686,4848,0
3690,4831,0
3691,4817,0
3695,4811,0
3691,4799,0
3684,4789,0
3670,4784,0
3650,4781,0
3628,4789,0
3601,4799,0
3582,4818,0
3566,4831,0
3563,4850,0
3566,4863,0
3575,4871,0
3586,4870,0
3611,4871,0
3637,4856,0
3657,4836,0
3677,4816,0
3684,4798,0
3687,4792,0
3689,4795,0
3689,4796,0
3681,4809,0
3679,4833,0
3685,4853,0
3697,4869,0
3720,4875,1
3991,4821,0
4001,4818,0
4021,4811,0
4034,4788,0
4057,4770,0
4077,4742,0
4089,4715,0
4095,4682,0
4098,4657,0
4092,4632,0
4082,4623,0
4065,4616,0
4046,4624,0
4020,4645,0
4012,4685,0
3996,4723,0
3993,4772,0
3991,4816,0
3990,4864,0
3995,4907,0
3998,4939,0
4001,4965,0
4005,4985,0
4005,4991,0
4006,4990,0
4004,4982,0
4002,4959,0
3999,4934,0
3987,4903,0
3976,4886,0
3966,4873,0
3948,4862,0
3942,4860,0
3938,4853,0
3938,4853,0
3947,4857,0
3962,4862,0
3976,4863,0
3995,4865,0
4014,4868,0
4032,4876,1
4082,4858,0
4079,4855,0
4085,4861,0
4090,4866,0
4093,4869,0
4098,4876,0
4107,4885,0
4114,4889,0
4135,4895,0
4140,4887,0
4155,4886,0
4152,4874,0
4150,4862,0
4133,4839,0
4122,4832,0
4106,4823,0
4096,4820,0
4078,4822,0
4078,4836,0
4080,4845,0
4089,4849,1
4198,4859,0
4199,4862,0
4195,4865,0
4199,4876,0
4206,4886,0
4213,4896,0
4218,4898,0
4218,4898,0
4220,4897,0
4218,4879,0
4210,4865,0
4210,4855,0
4203,4841,0
4208,4838,0
4207,4838,0
4212,4840,0
4206,4838,0
4217,4841,0
4231,4842,0
4252,4842,0
4275,4840,1
4288,4851,0
4290,4839,0
4296,4830,0
4300,4828,0
4307,4833,0
4310,4840,0
4315,4847,0
4314,4852,0
4316,4866,0
4319,4878,0
4325,4883,0
4341,4887,0
4360,4883,0
4371,4876,0
4387,4869,0
4394,4856,0
4399,4856,0
4393,4851,0
4398,4857,0
4391,4857,0
4394,4875,0
4395,4884,0
4403,4893,0
4425,4897,0
4450,4894,0
4473,4887,0
4496,4881,0
4512,4869,0
4514,4866,0
4514,4866,0
4514,4867,0
4510,4875,0
4511,4890,1
4841,4848,0
4835,4859,0
4834,4875,0
4829,4884,0
4834,4895,0
4854,4910,0
4864,4907,0
4889,4907,0
4906,4899,0
4920,4888,0
4929,4871,0
4930,4858,0
4921,4850,0
4906,4842,0
4880,4838,0
4852,4834,0
4848,4838,1
4997,4787,0
4992,4796,0
4996,4804,0
5008,4810,0
5018,4806,0
5040,4809,0
5054,4796,0
5074,4785,0
5081,4768,0
5082,4746,0
5075,4726,0
5063,4710,0
5049,4695,0
5033,4688,0
5024,4685,0
5023,4686,0
5021,4698,0
5021,4719,0
5024,4748,0
5023,4787,0
5023,4828,0
5021,4871,0
5018,4915,0
5018,4952,0
5020,4982,0
5018,5004,0
5020,5017,0
5021,5022,0
5021,5022,0
5021,5021,0
5021,5012,0
5015,4991,0
5008,4965,1
4969,4894,0
4967,4891,0
4967,4891,0
4975,4894,0
4990,4893,0
5005,4891,0
5028,4892,0
5035,4886,0
5040,4887,0
5040,4887,0
5040,4886,0
5040,4886,0
5037,4884,0
5038,4883,0
5044,4884,0
5047,4881,1