money saved on buying small pots to
747
446,4611,0
442,4628,0
436,4647,0
433,4671,0
429,4693,0
419,4717,0
415,4741,0
415,4757,0
413,4764,0
412,4772,0
414,4769,0
416,4765,0
424,4758,0
432,4739,0
439,4716,0
449,4697,0
454,4669,0
456,4661,0
460,4649,0
463,4634,0
470,4640,0
476,4636,0
482,4649,0
482,4673,0
473,4708,0
473,4724,0
473,4732,0
472,4732,0
477,4733,0
485,4722,0
496,4707,0
513,4685,0
528,4663,0
547,4649,0
563,4647,0
576,4644,0
586,4645,0
588,4654,0
587,4678,0
581,4693,0
573,4724,0
569,4740,0
568,4752,0
571,4757,1
754,4661,0
752,4660,0
747,4657,0
736,4643,0
722,4630,0
704,4625,0
680,4627,0
660,4629,0
645,4640,0
633,4654,0
632,4674,0
637,4687,0
653,4704,0
673,4714,0
695,4712,0
719,4710,0
741,4696,0
756,4685,0
762,4673,0
759,4661,0
752,4652,1
813,4640,0
814,4644,0
817,4644,0
816,4645,0
813,4652,0
810,4664,0
805,4676,0
803,4695,0
799,4712,0
795,4727,0
798,4736,0
799,4736,0
799,4736,0
805,4724,0
811,4712,0
824,4697,0
837,4678,0
853,4666,0
866,4659,0
874,4659,0
880,4660,0
883,4668,0
883,4681,0
876,4700,0
874,4716,1
955,4675,0
955,4675,0
958,4678,0
962,4679,0
968,4678,0
974,4679,0
986,4676,0
1001,4672,0
1007,4664,0
1013,4648,0
1015,4640,0
1015,4632,0
1003,4623,0
994,4623,0
977,4628,0
958,4643,0
948,4659,0
944,4674,0
951,4698,0
959,4719,0
975,4735,0
995,4748,0
1013,4752,0
1029,4752,0
1046,4741,1
1130,4620,0
1131,4612,0
1133,4620,0
1131,4620,0
1132,4632,0
1135,4644,0
1143,4656,0
1150,4676,0
1157,4688,0
1165,4700,0
1174,4712,0
1179,4715,0
1181,4716,1
1220,4606,0
1222,4610,0
1219,4618,0
1208,4627,0
1189,4651,0
1165,4684,0
1133,4705,0
1109,4736,0
1091,4769,0
1081,4792,0
1074,4813,0
1078,4816,0
1088,4816,1
1495,4665,0
1493,4666,0
1491,4661,0
1486,4654,0
1476,4647,0
1463,4636,0
1446,4633,0
1428,4631,0
1411,4632,0
1404,4632,0
1403,4632,0
1408,4640,0
1423,4652,0
1441,4666,0
1457,4685,0
1473,4700,0
1486,4710,0
1488,4718,0
1486,4726,0
1469,4731,0
1443,4738,0
1418,4736,0
1400,4737,0
1385,4730,0
1377,4727,1
1637,4678,0
1635,4674,0
1635,4671,0
1625,4659,0
1605,4649,0
1580,4649,0
1553,4652,0
1531,4661,0
1515,4676,0
1510,4688,0
1510,4700,0
1523,4719,0
1542,4721,0
1561,4719,0
1581,4713,0
1603,4702,0
1619,4688,0
1628,4676,0
1638,4670,0
1640,4665,0
1637,4670,0
1635,4670,0
1630,4687,0
1627,4704,0
1627,4719,0
1628,4736,0
1628,4743,0
1635,4743,0
1648,4741,1
1716,4647,0
1718,4647,0
1721,4651,0
1715,4655,0
1720,4663,0
1720,4679,0
1722,4691,0
1723,4715,0
1728,4734,0
1741,4748,0
1749,4756,0
1758,4758,0
1775,4755,0
1788,4746,0
1798,4728,0
1812,4714,0
1822,4700,0
1828,4687,0
1832,4678,0
1836,4673,1
1844,4737,0
1849,4741,0
1862,4734,0
1879,4727,0
1902,4719,0
1921,4707,0
1943,4695,0
1965,4683,0
1979,4676,0
1989,4666,0
1991,4665,0
1989,4666,0
1975,4664,0
1955,4660,0
1930,4676,0
1899,4690,0
1874,4707,0
1855,4731,0
1845,4748,0
1848,4768,0
1867,4786,0
1896,4801,0
1925,4804,0
1958,4801,0
1990,4796,1
2113,4774,0
2114,4774,0
2120,4760,0
2123,4746,0
2118,4727,0
2109,4714,0
2090,4689,0
2078,4687,0
2065,4682,0
2057,4693,0
2053,4714,0
2051,4726,0
2061,4741,0
2077,4749,0
2091,4751,0
2110,4750,0
2128,4746,0
2148,4733,0
2164,4717,0
2185,4692,0
2197,4667,0
2210,4644,0
2215,4626,0
2222,4612,0
2227,4606,0
2221,4608,0
2221,4612,0
2224,4620,0
2219,4649,0
2215,4680,0
2200,4708,0
2195,4743,0
2200,4770,1
2618,4745,0
2617,4745,0
2617,4741,0
2616,4737,0
2613,4730,0
2600,4708,0
2580,4702,0
2557,4702,0
2526,4704,0
2509,4713,0
2507,4722,0
2505,4752,0
2516,4765,0
2531,4777,0
2553,4792,0
2572,4785,0
2601,4789,0
2622,4769,0
2642,4754,0
2659,4740,0
2664,4720,0
2670,4710,0
2666,4699,0
2655,4685,0
2649,4679,1
2751,4698,0
2754,4705,0
2756,4709,0
2751,4702,0
2745,4700,0
2745,4712,0
2740,4719,0
2736,4729,0
2738,4745,0
2733,4755,0
2732,4768,0
2729,4787,0
2725,4788,0
2733,4782,0
2745,4760,0
2758,4747,0
2776,4740,0
2784,4711,0
2801,4713,0
2820,4710,0
2838,4716,0
2849,4725,0
2849,4738,0
2851,4758,0
2843,4775,0
2828,4789,0
2823,4799,0
2822,4804,1
3093,4623,0
3091,4628,0
3088,4625,0
3088,4625,0
3091,4628,0
3091,4642,0
3086,4688,0
3085,4710,0
3081,4734,0
3078,4751,0
3069,4773,0
3065,4783,0
3064,4788,0
3064,4789,0
3069,4787,0
3075,4775,0
3092,4763,0
3110,4742,0
3131,4733,0
3150,4719,0
3171,4724,0
3187,4724,0
3199,4736,0
3198,4746,0
3186,4755,0
3168,4773,0
3140,4790,0
3112,4803,0
3093,4814,0
3079,4813,0
3076,4809,0
3079,4794,1
3259,4690,0
3262,4702,0
3255,4710,0
3246,4724,0
3238,4740,0
3228,4759,0
3226,4777,0
3230,4793,0
3232,4806,0
3241,4805,0
3257,4803,0
3281,4796,0
3303,4776,0
3323,4757,0
3342,4743,0
3351,4727,0
3356,4719,0
3351,4717,0
3350,4722,0
3352,4729,0
3350,4744,0
3348,4759,0
3350,4780,0
3358,4794,0
3363,4800,1
3422,4722,0
3426,4724,0
3426,4724,0
3428,4731,0
3428,4741,0
3429,4758,0
3431,4775,0
3439,4794,0
3447,4803,0
3451,4810,0
3460,4809,0
3473,4808,0
3482,4784,1
3540,4727,0
3539,4728,0
3539,4732,0
3521,4737,0
3499,4753,0
3472,4777,0
3445,4804,0
3414,4829,0
3390,4858,0
3381,4876,0
3379,4886,0
3394,4883,1
3580,4723,0
3580,4724,0
3583,4727,0
3583,4731,0
3578,4739,0
3578,4757,0
3574,4763,0
3569,4784,0
3575,4804,0
3576,4817,0
3575,4826,0
3577,4830,0
3578,4811,1
3595,4619,0
3594,4615,0
3594,4606,0
3596,4600,0
3602,4597,1
3646,4732,0
3648,4736,0
3650,4740,0
3652,4748,0
3649,4749,0
3645,4760,0
3645,4774,0
3641,4786,0
3635,4793,0
3635,4803,0
3636,4802,0
3639,4800,0
3638,4787,0
3643,4775,0
3653,4747,0
3662,4733,0
3674,4722,0
3687,4710,0
3696,4699,0
3714,4702,0
3723,4706,0
3727,4714,0
3730,4727,0
3731,4743,0
3725,4761,0
3725,4780,0
3720,4792,0
3725,4808,0
3728,4811,1
3871,4739,0
3875,4742,0
3874,4738,0
3870,4736,0
3862,4722,0
3855,4721,0
3839,4712,0
3828,4719,0
3813,4724,0
3800,4731,0
3791,4746,0
3791,4760,0
3803,4780,0
3813,4793,0
3831,4801,0
3853,4807,0
3871,4806,0
3887,4800,0
3901,4787,0
3912,4770,0
3915,4751,0
3921,4742,0
3921,4728,0
3923,4731,0
3921,4724,0
3923,4736,0
3923,4750,0
3925,4781,0
3926,4809,0
3924,4839,0
3917,4862,0
3909,4885,0
3900,4904,0
3888,4916,0
3875,4919,0
3860,4918,0
3847,4907,1
4329,4729,0
4326,4727,0
4320,4722,0
4303,4709,0
4285,4707,0
4251,4697,0
4227,4698,0
4208,4702,0
4198,4704,0
4195,4707,0
4207,4717,0
4217,4725,0
4239,4739,0
4254,4748,0
4264,4760,0
4263,4762,0
4256,4765,0
4241,4771,0
4223,4775,0
4201,4770,0
4188,4765,0
4179,4760,0
4181,4755,0
4177,4737,0
4192,4728,1
4373,4673,0
4371,4675,0
4372,4684,0
4367,4697,0
4364,4714,0
4352,4733,0
4346,4752,0
4344,4778,0
4339,4796,0
4338,4807,0
4338,4811,0
4340,4811,0
4343,4803,0
4355,4784,0
4369,4764,0
4380,4742,0
4389,4726,0
4407,4718,0
4418,4710,0
4424,4705,0
4431,4710,0
4432,4724,0
4430,4741,0
4425,4763,0
4418,4779,0
4413,4792,0
4408,4796,0
4406,4793,0
4408,4791,0
4415,4777,0
4428,4766,0
4443,4751,0
4461,4743,0
4480,4739,0
4494,4739,0
4511,4746,0
4517,4755,0
4521,4768,0
4515,4782,0
4512,4800,0
4505,4820,1
4640,4793,0
4642,4792,0
4643,4790,0
4642,4782,0
4637,4765,0
4630,4750,0
4613,4738,0
4599,4734,0
4579,4728,0
4564,4735,0
4555,4746,0
4550,4766,0
4547,4779,0
4557,4801,0
4565,4810,0
4576,4816,0
4592,4824,0
4604,4815,0
4621,4808,0
4628,4792,0
4638,4774,0
4644,4769,0
4647,4768,0
4642,4766,0
4641,4772,0
4635,4787,0
4632,4809,0
4627,4823,0
4625,4854,0
4625,4859,0
4628,4858,0
4637,4846,1
4697,4683,0
4697,4677,0
4700,4675,0
4698,4671,0
4702,4673,0
4700,4679,0
4699,4690,0
4699,4716,0
4693,4741,0
4688,4771,0
4684,4799,0
4680,4823,0
4673,4843,0
4671,4850,0
4673,4854,0
4671,4840,0
4676,4815,1
4760,4647,0
4763,4649,0
4767,4657,0
4765,4669,0
4762,4691,0
4747,4744,0
4745,4772,0
4744,4798,0
4739,4827,0
4744,4849,0
4749,4859,0
4760,4867,1
5036,4769,0
5037,4770,0
5037,4774,0
5038,4784,0
5041,4802,0
5043,4827,0
5036,4854,0
5033,4882,0
5017,4911,0
5002,4934,0
4991,4954,0
4978,4964,0
4971,4964,0
4965,4954,0
4970,4934,0
4980,4906,0
4994,4879,0
5014,4846,0
5030,4812,0
5056,4784,0
5076,4762,0
5100,4746,0
5122,4743,0
5140,4743,0
5152,4748,0
5154,4758,0
5145,4770,0
5131,4783,0
5100,4794,0
5076,4798,0
5059,4802,0
5044,4795,0
5041,4787,1
5288,4755,0
5289,4760,0
5285,4758,0
5277,4748,0
5261,4741,0
5237,4736,0
5216,4739,0
5196,4746,0
5182,4753,0
5179,4768,0
5181,4781,0
5188,4791,0
5205,4802,0
5221,4811,0
5233,4810,0
5250,4805,0
5261,4796,1
5371,4660,0
5371,4660,0
5371,4661,0
5370,4661,0
5369,4668,0
5349,4780,0
5344,4800,0
5339,4817,0
5336,4830,1
5315,4752,0
5323,4749,0
5342,4753,0
5366,4753,0
5391,4758,1
5547,4758,0
5552,4758,0
5554,4756,0
5556,4754,0
5549,4749,0
5543,4739,0
5523,4736,0
5501,4741,0
5479,4745,0
5469,4755,0
5459,4770,0
5462,4784,0
5477,4801,0
5502,4823,0
5532,4839,0
5553,4857,0
5562,4871,0
5557,4870,0
5544,4871,0
5512,4869,0
5480,4865,0
5446,4864,0
5415,4861,0
5398,4854,0
5395,4846,1
5874,4705,0
5874,4705,0
5877,4707,0
5879,4711,0
5880,4716,0
5877,4736,0
5875,4756,0
5876,4783,0
5876,4807,0
5877,4834,0
5877,4857,0
5878,4879,0
5880,4895,1
5813,4825,0
5815,4828,0
5826,4829,0
5841,4830,0
5865,4830,0
5887,4830,0
5911,4834,0
5931,4836,0
5957,4838,1
6112,4862,0
6113,4859,0
6114,4857,0
6107,4848,0
6096,4830,0
6076,4816,0
6055,4804,0
6024,4802,0
5999,4811,0
5981,4818,0
5968,4833,0
5969,4848,0
5980,4860,0
6003,4871,0
6023,4874,0
6048,4870,0
6066,4857,1