their results by buying a small hand-
772
454,3507,0
454,3507,0
453,3506,0
453,3510,0
454,3503,0
454,3507,0
454,3507,0
454,3503,0
455,3506,0
455,3506,0
456,3507,0
456,3511,0
456,3507,0
456,3515,0
456,3519,0
458,3527,0
458,3544,0
460,3556,0
460,3581,0
464,3606,0
466,3626,0
470,3655,0
473,3684,0
474,3718,0
475,3742,0
476,3766,0
477,3778,0
475,3783,0
473,3786,1
429,3660,0
435,3662,0
444,3664,0
454,3665,0
466,3663,0
482,3650,0
501,3657,0
520,3656,0
532,3650,1
611,3515,0
609,3536,0
604,3563,0
599,3600,0
591,3630,0
586,3654,0
577,3681,0
572,3704,0
569,3708,0
569,3716,0
569,3708,0
571,3705,0
579,3681,0
589,3655,0
601,3636,0
613,3621,0
626,3615,0
638,3609,0
649,3614,0
656,3622,0
658,3643,0
653,3667,0
646,3690,0
638,3713,0
634,3717,1
704,3677,0
709,3677,0
719,3674,0
733,3676,0
750,3673,0
764,3671,0
776,3664,0
784,3656,0
787,3636,0
786,3629,0
783,3617,0
774,3607,0
760,3606,0
741,3616,0
719,3626,0
699,3644,0
683,3667,0
675,3686,0
681,3703,0
696,3720,0
720,3735,0
745,3741,0
772,3740,0
796,3734,0
819,3719,1
854,3641,0
853,3641,0
853,3641,0
852,3662,0
851,3677,0
854,3697,0
851,3713,0
854,3730,0
854,3741,0
854,3745,0
854,3741,0
856,3734,1
867,3510,0
868,3510,0
868,3506,0
867,3506,0
868,3502,1
914,3633,0
916,3637,0
921,3637,0
924,3641,0
926,3645,0
928,3649,0
928,3661,0
927,3669,0
928,3681,0
932,3705,0
929,3709,0
928,3717,0
928,3717,0
928,3721,0
928,3709,0
932,3694,0
935,3670,0
943,3654,0
950,3634,0
960,3619,0
970,3611,0
986,3612,0
1002,3608,0
1013,3608,0
1023,3617,1
1274,3635,0
1274,3647,0
1274,3667,0
1271,3687,0
1269,3711,0
1263,3732,0
1257,3749,0
1253,3760,0
1252,3768,0
1252,3768,0
1252,3756,0
1257,3740,0
1263,3716,0
1270,3688,0
1281,3663,0
1290,3638,0
1301,3621,0
1311,3613,0
1320,3608,0
1329,3612,0
1337,3615,1
1376,3668,0
1385,3667,0
1402,3662,0
1420,3660,0
1437,3654,0
1454,3653,0
1467,3643,0
1475,3634,0
1479,3626,0
1476,3617,0
1466,3611,0
1448,3609,0
1423,3611,0
1401,3626,0
1383,3636,0
1370,3648,0
1365,3665,0
1363,3685,0
1367,3697,0
1375,3708,0
1390,3719,0
1414,3725,0
1438,3726,0
1461,3720,0
1483,3710,1
1626,3621,0
1625,3621,0
1620,3622,0
1607,3620,0
1588,3623,0
1568,3626,0
1546,3633,0
1533,3643,0
1528,3656,0
1532,3672,0
1541,3682,0
1553,3697,0
1564,3712,0
1570,3719,0
1570,3723,0
1564,3728,0
1549,3730,0
1531,3728,0
1517,3725,0
1506,3723,0
1500,3715,1
1667,3664,0
1660,3673,0
1652,3687,0
1650,3707,0
1652,3719,0
1662,3730,0
1679,3735,0
1791,3738,0
1795,3733,1
1903,3558,0
1903,3558,0
1905,3558,0
1906,3566,0
1899,3580,0
1891,3597,0
1882,3617,0
1873,3639,0
1867,3665,0
1860,3684,0
1852,3697,0
1849,3710,0
1851,3709,1
2007,3544,0
2007,3544,0
2007,3556,0
2000,3570,0
1990,3594,0
1982,3617,0
1970,3640,0
1959,3663,0
1952,3686,0
1943,3701,0
1938,3710,0
1936,3715,0
1935,3711,1
1919,3657,0
1921,3656,0
1935,3658,0
1949,3653,0
1966,3654,0
1982,3649,0
1996,3646,0
2009,3642,0
2014,3636,1
2140,3655,0
2145,3658,0
2147,3657,0
2147,3657,0
2142,3654,0
2140,3655,0
2132,3649,0
2121,3648,0
2106,3648,0
2092,3648,0
2080,3651,0
2076,3657,0
2076,3665,0
2080,3672,0
2090,3682,0
2100,3692,0
2111,3706,0
2118,3711,0
2123,3723,0
2122,3723,0
2119,3724,0
2112,3721,0
2098,3717,0
2084,3713,0
2073,3708,1
2359,3525,0
2362,3528,0
2364,3532,0
2369,3543,0
2374,3558,0
2376,3575,0
2380,3599,0
2381,3619,0
2379,3641,0
2379,3667,0
2374,3686,0
2366,3698,0
2364,3711,0
2359,3713,0
2357,3709,0
2361,3704,0
2369,3692,0
2383,3678,0
2398,3664,0
2420,3651,0
2444,3642,0
2471,3645,0
2487,3647,0
2499,3660,0
2497,3668,0
2490,3689,0
2473,3708,0
2447,3718,0
2429,3730,0
2412,3732,0
2403,3735,0
2393,3726,0
2393,3718,1
2520,3624,0
2519,3625,0
2522,3632,0
2525,3639,0
2526,3648,0
2531,3655,0
2539,3665,0
2548,3674,0
2558,3682,0
2562,3689,0
2566,3691,0
2566,3691,0
2564,3689,1
2619,3599,0
2620,3603,0
2619,3603,0
2613,3610,0
2597,3626,0
2583,3655,0
2560,3677,0
2540,3707,0
2521,3732,0
2504,3756,0
2492,3774,0
2490,3788,0
2501,3788,1
2910,3513,0
2910,3522,0
2910,3539,0
2910,3563,0
2903,3585,0
2895,3612,0
2886,3643,0
2874,3672,0
2864,3695,0
2857,3711,0
2854,3713,0
2853,3710,0
2853,3696,0
2868,3684,0
2888,3665,0
2910,3640,0
2941,3623,0
2972,3611,0
2999,3601,0
3017,3604,0
3024,3614,0
3018,3627,0
3001,3645,0
2973,3665,0
2939,3679,0
2917,3695,0
2897,3696,0
2882,3691,0
2871,3677,1
3061,3592,0
3061,3598,0
3057,3609,0
3052,3626,0
3045,3648,0
3035,3667,0
3034,3686,0
3037,3698,0
3051,3708,0
3064,3706,0
3083,3701,0
3103,3689,0
3124,3672,0
3141,3652,0
3160,3636,0
3172,3624,0
3177,3617,0
3177,3617,0
3177,3621,0
3173,3629,0
3166,3647,0
3160,3660,0
3160,3674,0
3163,3686,0
3170,3696,1
3235,3648,0
3236,3646,0
3236,3646,0
3236,3646,0
3238,3650,0
3240,3654,0
3242,3662,0
3246,3673,0
3252,3692,0
3260,3707,0
3265,3718,0
3271,3723,0
3279,3732,1
3349,3621,0
3349,3626,0
3341,3636,0
3327,3655,0
3310,3684,0
3282,3712,0
3257,3745,0
3232,3771,0
3219,3796,0
3209,3812,0
3204,3819,0
3206,3814,0
3223,3803,1
3424,3630,0
3419,3637,0
3411,3653,0
3402,3673,0
3391,3695,0
3380,3712,0
3378,3732,0
3372,3741,0
3375,3747,1
3465,3494,0
3465,3494,0
3467,3497,0
3464,3495,0
3465,3498,1
3492,3626,0
3491,3628,0
3493,3631,0
3494,3634,0
3498,3647,0
3498,3661,0
3494,3678,0
3485,3694,0
3478,3704,0
3476,3711,0
3477,3710,0
3477,3709,0
3481,3706,0
3484,3686,0
3493,3665,0
3502,3649,0
3510,3633,0
3523,3624,0
3538,3623,0
3550,3625,0
3562,3636,0
3567,3648,0
3571,3664,0
3566,3677,0
3566,3696,0
3561,3711,0
3558,3718,0
3565,3722,0
3573,3717,1
3785,3639,0
3790,3641,0
3784,3630,0
3781,3627,0
3768,3622,0
3750,3620,0
3737,3626,0
3722,3633,0
3711,3645,0
3706,3665,0
3699,3679,0
3701,3694,0
3709,3706,0
3720,3714,0
3727,3714,0
3735,3713,0
3747,3708,0
3756,3696,0
3756,3676,0
3758,3665,0
3759,3660,0
3754,3658,0
3752,3660,0
3749,3667,0
3744,3685,0
3737,3711,0
3732,3740,0
3722,3767,0
3713,3793,0
3708,3812,0
3699,3819,0
3691,3819,0
3686,3817,0
3683,3814,0
3683,3805,0
3684,3789,0
3699,3774,1
4168,3701,0
4166,3698,0
4167,3692,0
4164,3679,0
4153,3661,0
4139,3647,0
4122,3641,0
4097,3641,0
4068,3650,0
4048,3673,0
4023,3684,0
4017,3703,0
4016,3715,0
4033,3732,0
4047,3736,0
4074,3740,0
4094,3729,0
4121,3722,0
4130,3697,0
4149,3687,0
4152,3667,0
4162,3664,0
4158,3658,0
4162,3664,0
4155,3660,0
4159,3672,0
4155,3680,0
4157,3695,0
4166,3709,1
4553,3682,0
4553,3677,0
4548,3670,0
4543,3665,0
4526,3658,0
4505,3656,0
4478,3660,0
4447,3669,0
4432,3682,0
4423,3691,0
4420,3705,0
4427,3720,0
4436,3733,0
4449,3748,0
4458,3756,0
4463,3763,0
4462,3764,0
4451,3764,0
4431,3766,0
4410,3763,0
4398,3759,0
4388,3752,0
4385,3737,0
4398,3725,0
4420,3711,1
4590,3668,0
4592,3672,0
4589,3670,0
4590,3674,0
4594,3682,0
4593,3694,0
4590,3708,0
4586,3723,0
4580,3739,0
4578,3752,0
4573,3757,0
4574,3762,0
4572,3758,0
4574,3756,0
4579,3745,0
4591,3729,0
4602,3713,0
4618,3703,0
4628,3693,0
4640,3687,0
4652,3685,0
4659,3690,0
4669,3703,0
4669,3719,0
4661,3739,0
4648,3757,0
4635,3771,0
4630,3776,0
4630,3776,0
4633,3772,0
4642,3764,0
4654,3751,0
4669,3736,0
4686,3725,0
4702,3718,0
4720,3712,0
4733,3716,0
4742,3718,0
4755,3728,0
4758,3742,0
4755,3756,0
4751,3766,0
4746,3778,0
4744,3780,1
4900,3726,0
4902,3730,0
4903,3728,0
4896,3725,0
4887,3718,0
4879,3715,0
4865,3706,0
4849,3699,0
4840,3697,0
4826,3694,0
4815,3701,0
4809,3713,0
4804,3723,0
4806,3740,0
4810,3752,0
4821,3764,0
4833,3775,0
4844,3781,0
4852,3776,0
4867,3773,0
4882,3769,0
4886,3759,0
4895,3754,0
4898,3752,0
4894,3750,0
4896,3754,0
4893,3762,0
4889,3773,0
4889,3785,0
4888,3797,0
4891,3800,0
4891,3800,0
4900,3796,1
4974,3628,0
4975,3625,0
4977,3624,0
4976,3626,0
4975,3627,0
4977,3641,0
4973,3658,0
4969,3681,0
4968,3706,0
4965,3728,0
4963,3747,0
4962,3766,0
4962,3777,1
5037,3592,0
5037,3592,0
5037,3592,0
5040,3600,0
5038,3615,0
5035,3636,0
5023,3662,0
5019,3691,0
5015,3720,0
5014,3745,0
5014,3769,0
5011,3783,0
5012,3793,1
5347,3596,0
5347,3595,0
5349,3597,0
5350,3604,0
5352,3614,0
5358,3633,0
5359,3650,0
5356,3672,0
5356,3698,0
5353,3714,0
5354,3731,0
5356,3742,0
5354,3750,0
5357,3752,0
5357,3752,0
5356,3748,0
5356,3742,0
5361,3728,0
5371,3717,0
5384,3707,0
5395,3694,0
5408,3684,0
5418,3686,0
5431,3688,0
5445,3697,0
5452,3713,0
5454,3729,0
5455,3747,0
5436,3783,0
5438,3788,0
5443,3787,1
5628,3749,0
5632,3750,0
5634,3749,0
5629,3741,0
5622,3731,0
5611,3719,0
5596,3711,0
5581,3706,0
5562,3703,0
5545,3706,0
5508,3725,0
5504,3738,0
5503,3752,0
5513,3765,0
5527,3773,0
5538,3778,0
5559,3778,0
5574,3771,0
5588,3760,0
5601,3750,0
5610,3740,0
5611,3732,0
5612,3731,0
5612,3730,0
5611,3732,0
5609,3741,0
5607,3755,0
5607,3770,0
5608,3781,0
5612,3794,0
5616,3796,0
5625,3791,1
5693,3725,0
5695,3721,0
5697,3719,0
5694,3716,0
5692,3719,0
5692,3726,0
5691,3740,0
5683,3756,0
5680,3773,0
5675,3786,0
5675,3794,0
5677,3798,0
5675,3793,0
5680,3785,0
5690,3774,0
5702,3758,0
5718,3743,0
5735,3730,0
5752,3720,0
5769,3716,0
5783,3718,0
5796,3728,0
5799,3737,0
5800,3755,0
5793,3771,0
5788,3791,0
5781,3807,0
5773,3817,1
5931,3788,0
5933,3791,0
5933,3792,0
5927,3786,0
5923,3779,0
5908,3764,0
5865,3756,0
5858,3759,0
5849,3764,0
5844,3777,0
5855,3816,0
5868,3826,0
5874,3829,0
5887,3826,0
5900,3816,0
5916,3800,0
5933,3778,0
5946,3754,0
5959,3730,0
5970,3708,0
5976,3692,0
5980,3681,0
5971,3673,0
5966,3685,0
5965,3707,0
5965,3735,0
5964,3764,0
5958,3792,0
5955,3817,0
5955,3836,0
5955,3849,1
6087,3777,0
6095,3781,0
6109,3781,0
6121,3784,0
6141,3786,0
6160,3785,0
6170,3785,0
6175,3778,1