grape-vines, blackberries and other fruits
930
748,1673,0
746,1677,0
737,1666,0
724,1659,0
723,1663,0
706,1663,0
657,1671,0
637,1698,0
621,1727,0
615,1754,0
616,1763,0
624,1766,0
634,1768,0
646,1763,0
662,1755,0
678,1734,0
698,1710,0
716,1686,0
732,1661,0
769,1657,0
750,1653,0
755,1654,0
783,1672,0
772,1682,0
782,1713,0
788,1742,0
791,1779,0
785,1807,0
776,1842,0
763,1872,0
748,1898,0
734,1919,0
723,1933,0
717,1936,0
716,1932,0
716,1923,0
715,1903,0
718,1879,0
727,1848,0
740,1810,0
760,1773,0
781,1733,0
805,1705,0
827,1680,0
847,1659,0
861,1640,0
875,1647,0
883,1652,0
887,1665,0
892,1685,0
887,1685,0
889,1689,0
889,1689,0
889,1689,0
892,1689,0
892,1681,0
900,1678,0
909,1667,0
921,1660,0
933,1662,0
947,1667,0
958,1668,0
974,1677,0
989,1678,0
1005,1679,0
1017,1676,0
1030,1677,0
1039,1673,0
1048,1669,0
1053,1665,0
1053,1661,0
1049,1661,0
1037,1664,0
1023,1680,0
1006,1695,0
994,1711,0
986,1718,0
986,1730,0
989,1734,0
994,1735,0
1005,1739,0
1013,1732,0
1027,1724,0
1039,1708,0
1049,1693,0
1059,1681,0
1064,1673,0
1061,1664,0
1061,1669,0
1057,1677,0
1056,1685,0
1059,1693,0
1064,1696,0
1072,1701,0
1077,1696,0
1086,1697,0
1095,1689,0
1107,1681,0
1118,1668,0
1127,1656,0
1137,1648,0
1142,1640,0
1146,1639,0
1150,1647,0
1153,1663,0
1149,1684,0
1146,1715,0
1143,1748,0
1139,1771,0
1134,1788,0
1130,1796,0
1127,1796,0
1127,1796,0
1125,1784,0
1128,1764,0
1138,1740,0
1150,1715,0
1165,1698,0
1183,1685,0
1197,1664,0
1216,1655,0
1230,1645,0
1240,1644,0
1246,1648,0
1247,1655,0
1244,1664,0
1237,1673,0
1228,1681,0
1211,1691,0
1196,1704,0
1186,1713,0
1182,1725,0
1182,1738,0
1183,1746,0
1187,1749,0
1198,1752,0
1216,1751,0
1240,1744,0
1257,1727,0
1278,1712,0
1299,1698,0
1317,1679,0
1329,1660,0
1332,1648,0
1327,1648,0
1315,1658,0
1298,1674,0
1293,1690,0
1298,1702,0
1308,1708,0
1321,1710,0
1331,1708,0
1341,1710,1
1455,1658,0
1455,1658,0
1459,1662,0
1467,1667,0
1474,1669,0
1497,1677,0
1521,1674,0
1544,1671,0
1562,1669,0
1575,1669,0
1587,1666,0
1606,1667,0
1621,1662,1
1717,1580,0
1710,1583,0
1700,1588,0
1693,1603,0
1684,1621,0
1686,1642,0
1686,1654,0
1693,1664,0
1698,1672,0
1705,1677,0
1711,1679,0
1716,1677,0
1725,1673,0
1730,1657,0
1741,1639,0
1754,1621,0
1770,1609,0
1784,1597,0
1797,1582,0
1814,1568,0
1833,1558,0
1843,1552,0
1853,1556,0
1856,1559,0
1860,1567,0
1862,1575,0
1864,1587,0
1864,1605,0
1860,1626,0
1856,1641,0
1855,1650,0
1857,1655,0
1857,1655,1
1861,1496,0
1861,1488,0
1862,1482,0
1861,1478,0
1862,1477,0
1858,1475,0
1865,1481,0
1867,1483,0
1872,1495,1
1920,1587,0
1923,1590,0
1930,1595,0
1935,1602,0
1940,1612,0
1944,1619,0
1952,1628,0
1960,1638,0
1961,1647,0
1962,1660,0
1962,1669,0
1965,1677,0
1969,1679,0
1974,1680,0
1983,1679,0
1990,1671,0
2000,1656,0
2014,1638,0
2025,1616,0
2034,1601,0
2039,1592,0
2041,1590,0
2038,1587,0
2038,1588,0
2034,1590,0
2035,1599,0
2034,1610,0
2039,1621,0
2046,1627,0
2056,1633,0
2061,1635,0
2071,1643,0
2080,1646,0
2089,1645,0
2100,1643,0
2110,1640,0
2118,1639,0
2125,1639,0
2132,1640,0
2135,1638,0
2140,1634,0
2148,1633,0
2151,1631,0
2154,1629,0
2154,1629,0
2154,1629,0
2157,1631,0
2159,1629,0
2164,1626,0
2165,1621,0
2171,1616,0
2174,1609,0
2176,1603,0
2174,1593,0
2176,1587,0
2174,1584,0
2168,1584,0
2164,1587,0
2157,1596,0
2151,1607,0
2154,1619,0
2158,1626,0
2164,1632,0
2174,1638,0
2181,1639,0
2194,1638,0
2209,1632,0
2222,1622,0
2244,1616,0
2261,1611,0
2279,1613,0
2295,1619,0
2309,1630,0
2318,1642,0
2318,1653,0
2311,1668,0
2301,1687,0
2286,1705,0
2266,1715,0
2261,1724,0
2256,1722,0
2256,1722,0
2260,1720,0
2263,1713,0
2271,1705,1
2464,1689,0
2454,1709,0
2444,1730,0
2436,1747,0
2429,1762,0
2425,1777,0
2425,1788,0
2417,1783,0
2423,1773,1
2651,1686,0
2651,1686,0
2659,1684,0
2667,1676,0
2673,1664,0
2684,1652,0
2695,1628,0
2711,1604,0
2726,1580,0
2730,1558,0
2731,1544,0
2733,1541,0
2726,1544,0
2719,1559,0
2709,1582,0
2705,1611,0
2705,1635,0
2705,1652,0
2711,1664,0
2716,1671,0
2719,1674,0
2723,1675,0
2722,1670,0
2726,1665,0
2726,1659,0
2728,1652,0
2729,1643,0
2736,1637,0
2742,1635,0
2739,1632,0
2746,1636,0
2752,1642,0
2758,1648,0
2770,1652,0
2784,1653,0
2797,1652,0
2811,1648,0
2824,1639,0
2837,1628,0
2853,1616,0
2866,1600,0
2879,1584,0
2887,1566,0
2895,1556,0
2898,1552,0
2894,1552,0
2888,1559,0
2876,1574,0
2865,1595,0
2854,1615,0
2852,1637,0
2854,1652,0
2859,1660,0
2871,1662,0
2885,1658,0
2900,1654,0
2911,1652,1
3030,1597,0
3033,1591,0
3037,1587,0
3030,1582,0
3025,1584,0
3014,1592,0
2996,1603,0
2983,1619,0
2975,1630,0
2977,1640,0
2977,1645,0
2981,1648,0
2992,1647,0
3004,1644,0
3014,1638,0
3029,1632,0
3042,1620,0
3055,1609,0
3062,1606,0
3062,1608,0
3062,1621,0
3061,1635,0
3063,1646,0
3066,1654,0
3073,1659,0
3082,1661,0
3086,1656,0
3095,1650,0
3107,1640,0
3121,1628,0
3133,1610,0
3145,1594,0
3161,1585,0
3175,1578,0
3193,1573,0
3214,1570,0
3221,1566,0
3232,1563,0
3234,1561,0
3238,1563,0
3233,1563,0
3216,1566,0
3202,1581,0
3176,1598,0
3158,1616,0
3148,1631,0
3149,1643,0
3148,1652,0
3156,1661,0
3163,1664,0
3175,1662,0
3189,1655,0
3202,1644,0
3218,1628,0
3242,1607,0
3254,1581,0
3268,1560,0
3275,1541,0
3281,1531,0
3283,1528,0
3279,1528,0
3276,1539,0
3263,1552,0
3264,1565,0
3262,1570,0
3268,1574,0
3277,1575,0
3291,1568,0
3310,1562,0
3323,1556,0
3342,1555,0
3352,1553,0
3360,1556,0
3358,1561,0
3354,1573,0
3339,1590,0
3320,1604,0
3307,1617,0
3300,1628,0
3298,1638,0
3297,1647,0
3293,1653,0
3299,1659,0
3311,1662,0
3324,1665,0
3329,1664,0
3340,1662,0
3353,1657,0
3367,1650,0
3382,1641,0
3397,1626,0
3415,1612,0
3428,1598,0
3440,1585,0
3445,1571,0
3450,1560,0
3448,1548,0
3450,1538,0
3445,1530,0
3445,1530,0
3438,1534,0
3430,1548,0
3425,1571,0
3421,1594,0
3420,1619,0
3426,1640,0
3433,1651,0
3436,1654,0
3452,1657,0
3468,1655,0
3481,1649,0
3497,1639,0
3505,1626,0
3511,1615,0
3511,1608,0
3512,1606,0
3508,1604,0
3513,1605,0
3515,1609,0
3526,1614,0
3534,1616,0
3547,1617,0
3553,1616,0
3562,1615,0
3566,1610,0
3573,1606,0
3580,1599,0
3580,1593,0
3577,1590,0
3568,1590,0
3559,1597,0
3548,1608,0
3540,1621,0
3536,1635,0
3536,1651,0
3540,1660,0
3547,1664,0
3561,1664,0
3576,1662,0
3586,1653,0
3606,1643,0
3621,1626,0
3640,1608,0
3658,1593,0
3672,1585,0
3671,1577,0
3675,1578,0
3677,1584,0
3680,1593,0
3674,1604,0
3672,1615,0
3668,1623,0
3670,1629,0
3668,1632,0
3664,1631,0
3665,1628,0
3665,1621,0
3669,1614,0
3676,1609,0
3682,1607,0
3688,1604,0
3691,1597,0
3704,1590,0
3718,1582,0
3735,1576,0
3746,1573,0
3755,1573,0
3761,1577,0
3764,1581,0
3766,1585,0
3766,1595,0
3762,1610,0
3749,1624,0
3744,1635,0
3742,1638,0
3742,1638,0
3739,1636,0
3742,1631,0
3747,1621,0
3758,1609,0
3766,1593,0
3785,1585,0
3791,1580,0
3804,1582,0
3812,1584,0
3821,1584,0
3835,1582,0
3851,1578,0
3863,1573,0
3878,1569,0
3894,1563,0
3906,1556,0
3909,1552,0
3912,1555,0
3912,1565,0
3911,1582,0
3899,1597,0
3897,1611,0
3892,1620,0
3895,1623,0
3897,1621,1
3927,1515,0
3924,1502,0
3929,1491,0
3934,1481,0
3937,1473,0
3949,1467,0
3956,1462,0
3962,1457,1
3954,1569,0
3945,1577,0
3952,1592,0
3960,1602,0
3974,1609,0
3988,1609,0
4006,1608,0
4020,1599,0
4038,1589,0
4048,1577,0
4061,1569,0
4068,1563,0
4057,1558,0
4048,1559,0
4033,1563,0
4030,1568,0
4029,1571,0
4036,1575,0
4044,1574,0
4065,1569,0
4090,1562,0
4111,1554,0
4133,1544,0
4162,1539,0
4186,1544,0
4206,1558,0
4215,1575,0
4221,1592,0
4218,1609,0
4205,1626,0
4193,1643,0
4176,1651,0
4169,1657,0
4164,1657,0
4164,1657,0
4159,1648,0
4165,1638,1
4636,1578,0
4628,1568,0
4620,1562,0
4608,1560,0
4582,1561,0
4562,1568,0
4541,1580,0
4520,1597,0
4508,1616,0
4505,1632,0
4506,1641,0
4509,1645,0
4525,1648,0
4540,1643,0
4556,1635,0
4577,1626,0
4591,1612,0
4607,1597,0
4620,1577,0
4630,1559,0
4637,1552,0
4633,1552,0
4622,1559,0
4611,1578,0
4603,1596,0
4601,1611,0
4605,1621,0
4610,1632,0
4616,1637,0
4620,1638,0
4630,1634,0
4639,1624,0
4654,1609,0
4665,1592,0
4681,1584,0
4689,1585,0
4695,1591,0
4697,1599,0
4702,1607,0
4707,1615,0
4710,1618,0
4718,1620,0
4728,1617,0
4741,1606,0
4758,1595,0
4777,1591,0
4790,1590,0
4793,1593,0
4801,1604,0
4809,1618,0
4813,1629,0
4823,1638,0
4834,1644,1
4968,1608,0
4972,1608,0
4971,1609,0
4966,1609,0
4961,1624,0
4941,1643,0
4932,1667,0
4923,1679,0
4924,1689,0
4923,1689,0
4934,1686,0
4944,1669,0
4953,1643,0
4970,1611,0
4984,1572,0
5007,1532,0
5017,1502,0
5026,1488,0
5035,1488,0
5026,1489,0
5027,1499,0
5016,1520,0
5017,1551,0
5011,1581,0
5006,1606,0
5013,1622,0
5021,1633,0
5031,1640,1
5386,1635,0
5390,1624,0
5385,1611,0
5376,1599,0
5364,1588,0
5347,1586,0
5325,1590,0
5299,1604,0
5281,1623,0
5269,1645,0
5261,1665,0
5267,1683,0
5265,1689,0
5281,1693,0
5289,1693,0
5300,1686,0
5315,1669,0
5333,1652,0
5339,1635,0
5342,1617,0
5342,1601,0
5347,1590,0
5351,1590,0
5351,1590,0
5346,1593,0
5351,1602,0
5358,1605,0
5371,1607,0
5384,1603,0
5404,1594,0
5417,1578,0
5441,1557,0
5458,1529,0
5480,1498,0
5496,1472,0
5502,1454,0
5504,1446,0
5508,1445,0
5512,1450,0
5516,1464,0
5516,1491,0
5516,1518,0
5514,1552,0
5512,1585,0
5511,1613,0
5507,1627,0
5505,1633,0
5503,1638,0
5499,1638,1
5465,1614,0
5472,1620,0
5483,1624,0
5496,1624,0
5511,1618,0
5525,1609,0
5546,1597,0
5569,1578,0
5581,1553,0
5596,1531,0
5604,1506,0
5617,1488,0
5614,1483,0
5610,1485,0
5606,1497,0
5604,1517,0
5601,1540,0
5602,1566,0
5607,1592,0
5592,1611,0
5593,1621,0
5600,1624,0
5609,1623,0
5624,1618,0
5639,1609,0
5648,1606,0
5659,1611,0
5669,1621,0
5677,1635,0
5677,1650,0
5684,1664,0
5694,1672,0
5706,1676,0
5723,1674,0
5738,1668,0
5751,1652,0
5766,1633,0
5775,1615,0
5779,1602,0
5769,1595,0
5760,1597,0
5753,1606,0
5742,1616,0
5742,1627,0
5739,1637,0
5750,1645,0
5759,1650,0
5776,1654,0
5789,1650,0
5799,1648,0
5813,1640,0
5835,1637,0
5839,1639,0
5836,1647,0
5837,1659,0
5838,1669,0
5839,1681,0
5833,1684,0
5837,1686,0
5827,1678,0
5832,1664,0
5841,1647,0
5867,1616,0
5878,1607,0
5890,1597,0
5905,1585,0
5926,1573,1
6276,1422,0
6271,1409,0
6268,1401,0
6255,1405,0
6240,1418,0
6235,1439,0
6221,1462,0
6215,1501,0
6196,1542,0
6179,1589,0
6169,1636,0
6162,1677,0
6157,1705,0
6153,1721,0
6153,1732,0
6149,1734,0
6138,1730,1
6124,1649,0
6116,1648,0
6121,1646,0
6126,1645,0
6142,1644,0
6152,1640,0
6174,1633,0
6194,1625,0
6214,1610,0
6239,1596,0
6261,1580,0
6276,1571,0
6284,1568,0
6295,1575,0
6296,1586,0
6300,1602,0
6305,1617,0
6305,1629,0
6302,1640,0
6296,1647,0
6295,1651,0
6295,1651,0
6300,1648,0
6303,1634,0
6310,1623,0
6321,1616,0
6330,1611,0
6336,1605,0
6346,1599,0
6356,1594,0
6370,1590,0
6375,1587,0
6383,1584,0
6393,1578,0
6403,1574,0
6408,1570,0
6412,1570,0
6411,1573,0
6409,1582,0
6405,1594,0
6402,1607,0
6400,1616,0
6401,1626,0
6402,1637,0
6404,1647,0
6411,1651,0
6414,1653,0
6428,1651,0
6433,1644,0
6444,1635,0
6456,1621,0
6469,1602,0
6478,1585,0
6486,1575,0
6486,1575,0
6485,1575,0
6476,1591,0
6473,1607,0
6469,1623,0
6470,1631,0
6480,1640,0
6495,1632,0
6505,1621,0
6526,1608,0
6547,1592,0
6566,1580,0
6576,1575,0
6576,1576,0
6577,1586,0
6578,1599,0
6574,1615,0
6578,1631,0
6583,1644,0
6584,1651,1
6613,1523,0
6611,1498,0
6621,1476,0
6630,1457,0
6634,1438,0
6652,1428,0
6663,1418,0
6676,1417,0
6687,1421,0
6693,1431,0
6698,1449,0
6695,1472,0
6690,1499,0
6682,1529,0
6674,1563,0
6667,1593,0
6662,1612,0
6654,1622,0
6653,1626,0
6653,1626,0
6656,1616,0
6664,1601,0
6676,1586,0
6695,1576,0
6714,1567,0
6732,1562,0
6756,1563,0
6780,1566,0
6804,1570,0
6819,1575,0
6830,1581,0
6820,1590,0
6812,1602,0
6794,1611,0
6776,1616,0
6763,1618,0
6763,1617,1