Afterwards they should romp
653
1249,878,0
1251,873,0
1236,864,0
1214,856,0
1198,860,0
1170,859,0
1151,870,0
1124,880,0
1098,897,0
1072,918,0
1059,953,0
1042,989,0
1042,1041,0
1050,1088,0
1069,1133,0
1098,1173,0
1136,1207,0
1170,1221,0
1194,1207,0
1222,1179,0
1240,1132,0
1249,1078,0
1249,1017,0
1246,960,0
1242,916,0
1242,891,0
1242,887,0
1243,895,0
1249,931,0
1263,982,0
1283,1034,0
1295,1072,0
1314,1105,0
1324,1126,0
1341,1147,0
1344,1147,0
1348,1133,1
1469,832,0
1463,817,0
1447,803,0
1436,796,0
1420,795,0
1414,808,0
1401,827,0
1398,859,0
1397,900,0
1405,948,0
1410,1003,0
1428,1072,0
1438,1137,0
1447,1197,0
1460,1252,0
1468,1288,0
1475,1307,0
1475,1303,0
1477,1281,0
1477,1247,0
1474,1205,1
1435,1018,0
1438,1025,0
1434,1031,0
1407,1025,0
1377,1015,1
1572,831,0
1569,828,0
1569,832,0
1564,846,0
1562,872,0
1560,912,0
1561,964,0
1570,1023,0
1578,1073,0
1584,1116,0
1592,1147,0
1599,1162,0
1593,1156,1
1510,992,0
1523,1003,0
1532,1017,0
1549,1035,0
1561,1046,0
1576,1056,0
1590,1058,0
1605,1054,0
1623,1047,1
1713,1044,0
1733,1050,0
1747,1049,0
1751,1031,0
1754,1008,0
1744,979,0
1734,962,0
1722,956,0
1713,964,0
1692,975,0
1679,999,0
1676,1031,0
1677,1059,0
1691,1084,0
1713,1108,0
1739,1129,0
1767,1143,0
1783,1142,0
1800,1125,0
1814,1094,0
1830,1059,0
1838,1031,0
1849,1016,0
1853,1008,0
1860,1007,0
1866,1012,0
1878,1034,0
1881,1064,0
1884,1097,0
1884,1124,0
1886,1137,0
1891,1139,0
1882,1120,0
1878,1088,0
1866,1044,0
1861,1006,0
1863,977,0
1868,960,0
1889,956,0
1903,952,0
1923,950,1
2005,953,0
2009,955,0
2011,965,0
2012,982,0
2008,1004,0
2017,1036,0
2024,1063,0
2041,1086,0
2061,1100,0
2076,1096,0
2089,1076,0
2099,1046,0
2095,1013,0
2092,993,0
2090,989,0
2089,997,0
2094,1022,0
2104,1053,0
2109,1077,0
2133,1093,0
2152,1095,0
2168,1083,0
2174,1056,0
2180,1016,0
2170,977,1
2334,1008,0
2345,998,0
2348,986,0
2342,974,0
2333,967,0
2319,965,0
2304,967,0
2283,977,0
2275,994,0
2263,1019,0
2265,1049,0
2276,1076,0
2294,1091,0
2318,1093,0
2342,1081,0
2358,1064,0
2367,1039,0
2363,1007,0
2355,982,0
2345,970,0
2338,973,0
2333,995,0
2345,1028,0
2358,1050,0
2385,1068,1
2495,1008,0
2504,1015,0
2511,1034,0
2516,1058,0
2521,1088,0
2523,1114,0
2533,1135,0
2542,1143,0
2540,1138,0
2539,1111,0
2540,1064,0
2528,1007,0
2525,962,0
2519,931,0
2520,921,0
2533,924,0
2548,930,0
2571,938,0
2589,947,0
2611,962,0
2640,986,1
2783,977,0
2784,975,0
2781,972,0
2770,967,0
2755,961,0
2740,955,0
2718,955,0
2697,963,0
2685,986,0
2674,1015,0
2678,1050,0
2682,1084,0
2700,1110,0
2717,1120,0
2738,1114,0
2765,1092,0
2789,1056,0
2812,1009,0
2820,956,0
2823,907,0
2815,866,0
2806,834,0
2813,816,0
2811,810,0
2813,815,0
2812,839,0
2814,877,0
2823,928,0
2835,989,0
2853,1052,0
2874,1100,0
2904,1129,0
2929,1143,0
2952,1141,0
2971,1129,0
2989,1112,0
3003,1093,1
3071,979,0
3068,975,0
3064,962,0
3050,943,0
3030,929,0
3016,923,0
2996,928,0
2992,948,0
2994,975,0
3008,1006,0
3019,1037,0
3037,1067,0
3059,1094,0
3078,1119,0
3092,1148,0
3098,1172,0
3096,1183,0
3080,1181,0
3055,1167,0
3027,1143,0
2997,1114,1
3377,796,0
3386,796,0
3390,796,0
3389,798,0
3390,813,0
3382,839,0
3381,884,0
3378,944,0
3383,1015,0
3391,1072,0
3413,1114,0
3426,1145,0
3426,1164,1
3313,961,0
3318,971,0
3325,977,0
3329,975,0
3337,965,0
3351,951,0
3375,939,0
3407,931,0
3440,933,0
3460,938,0
3479,943,0
3493,938,0
3506,926,1
3500,788,0
3498,779,0
3498,779,0
3496,786,0
3493,797,0
3493,813,0
3493,839,0
3493,873,0
3493,914,0
3496,959,0
3501,1003,0
3506,1041,0
3515,1074,0
3532,1093,0
3540,1095,0
3554,1083,0
3567,1057,0
3573,1030,0
3579,998,0
3590,977,0
3597,970,0
3608,975,0
3624,992,0
3635,1019,0
3647,1059,0
3655,1109,0
3667,1156,0
3684,1181,0
3702,1187,0
3723,1178,0
3742,1163,0
3761,1143,0
3783,1119,0
3800,1095,0
3812,1071,0
3823,1052,0
3824,1034,0
3818,1014,0
3807,996,0
3793,985,0
3781,983,0
3762,989,0
3754,1005,0
3742,1028,0
3744,1061,0
3753,1097,0
3767,1127,0
3798,1150,0
3828,1160,0
3854,1158,0
3877,1153,0
3894,1141,0
3906,1129,1
3958,977,0
3958,977,0
3958,979,0
3955,986,0
3947,1001,0
3947,1029,0
3950,1064,0
3955,1096,0
3969,1119,0
3991,1131,0
4010,1133,0
4034,1126,0
4055,1114,0
4068,1087,0
4080,1044,0
4087,993,0
4086,948,0
4077,919,0
4075,911,0
4077,917,0
4079,944,0
4088,986,0
4102,1041,0
4110,1098,0
4124,1159,0
4133,1208,0
4136,1249,0
4135,1287,0
4131,1322,0
4118,1354,0
4101,1386,0
4080,1417,0
4058,1437,0
4034,1431,0
4019,1406,0
4007,1363,0
3991,1318,1
4454,921,0
4451,916,0
4444,914,0
4427,914,0
4415,916,0
4398,921,0
4388,928,0
4377,939,0
4373,954,0
4369,967,0
4375,979,0
4384,991,0
4401,1008,0
4414,1037,0
4437,1077,0
4447,1113,0
4456,1143,0
4457,1165,0
4451,1173,0
4436,1167,0
4423,1140,0
4406,1097,0
4388,1058,0
4379,1029,0
4380,1008,1
4567,734,0
4568,735,0
4567,740,0
4560,760,0
4558,793,0
4556,844,0
4565,902,0
4576,963,0
4588,1018,0
4597,1062,0
4611,1089,0
4618,1093,0
4631,1078,0
4647,1047,0
4659,1013,0
4670,985,0
4683,963,0
4693,952,0
4706,949,0
4718,953,0
4731,965,0
4740,998,0
4746,1048,0
4757,1100,0
4769,1135,0
4780,1141,0
4789,1122,0
4804,1097,0
4811,1069,1
4928,983,0
4934,975,0
4932,965,0
4927,953,0
4912,941,0
4894,932,0
4874,931,0
4851,943,0
4835,963,0
4831,998,0
4827,1033,0
4835,1066,0
4850,1094,0
4879,1110,0
4908,1107,0
4929,1091,0
4942,1066,0
4949,1035,0
4944,1006,0
4929,979,0
4917,955,1
5043,941,0
5045,949,0
5041,967,0
5037,991,0
5034,1024,0
5033,1065,0
5041,1100,0
5055,1126,0
5077,1136,0
5095,1131,0
5120,1114,0
5138,1091,0
5149,1059,0
5155,1032,0
5162,1016,0
5163,1013,0
5167,1015,0
5170,1038,0
5182,1078,0
5195,1111,0
5216,1129,0
5233,1140,0
5253,1146,0
5268,1149,0
5282,1141,1
5297,833,0
5301,836,0
5312,844,0
5315,854,0
5316,869,0
5320,890,0
5326,928,0
5333,977,0
5337,1041,0
5344,1102,0
5356,1143,0
5364,1161,0
5376,1165,1
5537,1063,0
5549,1064,0
5558,1057,0
5557,1044,0
5552,1028,0
5537,1015,0
5523,1004,0
5516,1001,0
5502,1007,0
5490,1026,0
5482,1049,0
5485,1078,0
5490,1108,0
5500,1136,0
5525,1155,0
5547,1169,0
5566,1170,0
5582,1158,0
5600,1131,0
5610,1086,0
5613,1023,0
5617,960,0
5612,916,0
5602,882,0
5593,860,0
5586,851,0
5582,851,0
5580,866,0
5579,895,0
5588,939,0
5597,1001,0
5621,1068,0
5650,1128,0
5681,1175,0
5709,1213,0
5727,1240,0
5742,1247,1
5962,1095,0
5969,1101,0
5976,1110,0
5980,1129,0
5978,1162,0
5985,1204,0
5992,1248,0
6001,1281,0
6005,1295,0
6012,1288,0
6011,1254,0
6010,1200,0
6010,1146,0
6015,1097,0
6026,1060,0
6034,1030,0
6057,1018,0
6087,1013,0
6114,1022,0
6148,1039,0
6175,1061,1
6273,1038,0
6268,1047,0
6257,1058,0
6239,1067,0
6220,1091,0
6204,1131,0
6195,1177,0
6189,1222,0
6194,1261,0
6211,1293,0
6233,1305,0
6264,1299,0
6297,1275,0
6314,1236,0
6322,1192,0
6315,1146,0
6294,1105,0
6267,1072,0
6241,1056,0
6231,1047,0
6223,1046,1
6384,1102,0
6384,1122,0
6386,1157,0
6395,1196,0
6408,1229,0
6420,1251,0
6436,1257,0
6450,1247,0
6460,1217,0
6467,1179,0
6471,1135,0
6473,1101,0
6476,1087,0
6480,1087,0
6485,1105,0
6495,1141,0
6502,1191,0
6509,1240,0
6522,1277,0
6529,1295,0
6539,1290,0
6553,1259,0
6563,1231,0
6568,1208,0
6575,1188,1
6563,1249,0
6568,1251,0
6568,1251,0
6565,1240,0
6565,1218,0
6562,1193,0
6563,1167,0
6563,1147,0
6565,1136,0
6570,1129,0
6575,1123,0
6587,1119,0
6589,1115,0
6597,1116,0
6600,1117,0
6604,1117,0
6609,1118,0
6609,1116,0
6613,1118,0
6612,1119,0
6611,1124,0
6607,1125,0
6609,1136,0
6608,1146,0
6610,1156,0
6611,1172,0
6615,1192,0
6619,1218,0
6625,1250,0
6630,1283,0
6637,1312,0
6642,1328,1
6724,1219,0
6732,1222,0
6734,1231,0
6732,1243,0
6727,1268,0
6724,1307,0
6722,1351,0
6723,1405,0
6727,1459,0
6730,1501,0
6737,1527,0
6732,1527,0
6728,1509,0
6728,1474,0
6724,1416,0
6723,1368,0
6727,1309,0
6731,1250,0
6744,1200,0
6758,1166,0
6775,1143,0
6800,1134,0
6819,1147,0
6838,1176,0
6846,1221,0
6846,1265,0
6835,1298,0
6824,1315,0
6797,1324,0
6766,1318,0
6729,1300,0
6705,1276,0
6693,1230,1