block out the original value.
566
598,5414,0
591,5462,0
586,5506,0
582,5549,0
576,5576,0
570,5597,0
564,5608,0
614,5484,0
640,5458,0
670,5448,0
708,5448,0
736,5449,0
755,5475,0
766,5503,0
763,5540,0
743,5574,0
717,5617,0
687,5646,0
658,5676,0
627,5686,0
597,5687,0
570,5673,0
553,5659,0
548,5639,1
814,5598,0
830,5562,0
844,5519,0
859,5467,0
871,5417,0
878,5373,0
880,5333,0
881,5308,0
880,5296,0
877,5300,0
868,5328,0
859,5368,0
846,5427,0
834,5491,0
827,5550,0
830,5610,0
835,5658,1
1054,5576,0
1062,5536,0
1061,5504,0
1049,5484,0
1027,5476,0
1001,5480,0
972,5499,0
947,5527,0
936,5559,0
937,5590,0
951,5610,0
975,5631,0
1003,5631,0
1030,5628,0
1054,5617,0
1070,5596,0
1077,5572,0
1075,5545,0
1068,5520,0
1059,5504,1
1220,5475,0
1220,5467,0
1211,5462,0
1196,5467,0
1177,5483,0
1155,5511,0
1135,5548,0
1127,5588,0
1129,5616,0
1146,5636,0
1175,5643,0
1206,5634,0
1239,5618,1
1360,5281,0
1357,5313,0
1356,5353,0
1356,5397,0
1358,5441,0
1358,5485,0
1356,5521,0
1354,5541,0
1356,5553,0
1363,5549,0
1375,5540,0
1389,5511,0
1409,5482,0
1434,5448,0
1461,5419,0
1481,5397,0
1500,5388,0
1498,5379,0
1500,5392,0
1482,5400,0
1465,5434,0
1440,5460,0
1423,5494,0
1415,5525,0
1417,5557,0
1429,5581,0
1454,5595,0
1488,5605,0
1532,5605,1
1966,5418,0
1968,5397,0
1965,5377,0
1953,5364,0
1936,5362,0
1908,5363,0
1883,5387,0
1851,5407,0
1827,5447,0
1816,5490,0
1821,5525,0
1838,5555,0
1864,5571,0
1896,5579,0
1931,5578,0
1962,5565,0
1992,5544,0
2012,5512,0
2025,5472,0
2031,5431,0
2028,5399,0
2014,5377,0
1995,5361,0
1975,5351,0
1961,5358,1
2153,5313,0
2153,5318,0
2151,5327,0
2147,5347,0
2142,5377,0
2138,5414,0
2135,5456,0
2133,5485,0
2138,5512,0
2149,5527,0
2157,5533,0
2164,5519,0
2179,5496,0
2203,5466,0
2225,5421,0
2251,5386,0
2274,5352,0
2293,5332,0
2306,5320,0
2314,5319,0
2318,5326,0
2320,5342,0
2319,5375,0
2316,5405,0
2311,5442,0
2316,5478,0
2321,5510,0
2334,5535,0
2347,5545,1
2530,5137,0
2526,5158,0
2520,5190,0
2515,5228,0
2510,5276,0
2507,5323,0
2507,5368,0
2509,5409,0
2513,5441,0
2516,5469,0
2521,5489,0
2526,5499,0
2527,5499,1
2360,5303,0
2358,5303,0
2360,5303,0
2367,5298,0
2384,5301,0
2411,5294,0
2444,5298,0
2478,5285,0
2513,5283,0
2548,5278,0
2579,5277,0
2607,5272,0
2628,5267,1
3120,5172,0
3122,5158,0
3129,5164,0
3125,5161,0
3127,5186,0
3126,5217,0
3126,5261,0
3122,5318,0
3111,5369,0
3098,5421,0
3100,5477,0
3101,5511,0
3112,5537,1
3026,5347,0
3031,5349,0
3044,5340,0
3071,5330,0
3108,5311,1
3261,5170,0
3257,5189,0
3252,5217,0
3247,5267,0
3240,5323,0
3231,5386,0
3220,5426,0
3221,5464,0
3230,5494,0
3242,5511,0
3261,5516,0
3276,5497,0
3296,5472,0
3314,5434,0
3334,5399,0
3349,5366,0
3362,5343,0
3371,5339,0
3373,5343,0
3370,5357,0
3362,5387,0
3351,5426,0
3346,5472,0
3349,5510,0
3361,5536,0
3390,5554,0
3421,5562,0
3455,5547,0
3490,5536,0
3519,5510,0
3544,5477,0
3561,5437,0
3573,5397,0
3573,5366,0
3566,5351,0
3549,5345,0
3527,5360,0
3503,5385,0
3481,5426,0
3467,5467,0
3462,5501,0
3481,5530,0
3513,5552,0
3554,5560,0
3602,5559,1
3903,5294,0
3893,5281,0
3881,5284,0
3859,5291,0
3834,5313,0
3806,5342,0
3784,5380,0
3776,5434,0
3776,5475,0
3790,5507,0
3817,5526,0
3853,5538,0
3888,5534,0
3918,5518,0
3946,5494,0
3964,5457,0
3973,5415,0
3974,5378,0
3966,5351,0
3954,5339,0
3931,5324,1
4058,5331,0
4060,5334,0
4061,5348,0
4063,5374,0
4065,5401,0
4066,5428,0
4071,5453,0
4070,5462,0
4069,5463,0
4068,5458,0
4062,5443,0
4058,5424,0
4053,5394,0
4051,5363,0
4056,5337,0
4070,5320,0
4086,5301,0
4108,5283,0
4138,5270,0
4164,5260,0
4188,5258,0
4199,5261,0
4205,5276,0
4204,5300,0
4202,5335,0
4193,5367,0
4196,5403,0
4205,5434,0
4223,5456,0
4242,5468,0
4268,5472,0
4288,5455,0
4304,5426,1
4213,5168,0
4203,5160,0
4200,5156,0
4205,5163,0
4220,5182,1
4401,5266,0
4404,5254,0
4400,5233,0
4391,5224,0
4377,5225,0
4355,5230,0
4336,5251,0
4319,5275,0
4316,5306,0
4323,5335,0
4338,5359,0
4356,5380,0
4374,5397,0
4395,5417,0
4410,5436,0
4422,5461,0
4429,5495,0
4429,5533,0
4420,5580,0
4406,5631,0
4390,5688,0
4372,5740,0
4355,5779,0
4343,5803,0
4335,5808,0
4328,5798,0
4327,5766,0
4329,5715,0
4336,5660,0
4350,5600,0
4373,5544,0
4395,5484,0
4421,5424,0
4454,5380,0
4478,5340,0
4503,5313,0
4523,5301,0
4543,5302,0
4560,5319,0
4571,5350,0
4574,5387,0
4577,5423,0
4582,5454,0
4587,5475,0
4592,5480,1
4559,5174,0
4562,5173,0
4565,5170,0
4574,5183,0
4588,5203,1
4616,5388,0
4619,5404,0
4625,5410,0
4635,5407,0
4648,5395,0
4664,5374,0
4676,5342,0
4688,5308,0
4698,5286,0
4706,5272,0
4713,5266,0
4716,5265,0
4719,5277,0
4725,5302,0
4727,5330,0
4730,5362,0
4737,5386,0
4745,5405,0
4756,5417,0
4770,5421,0
4784,5417,0
4801,5405,0
4816,5379,0
4835,5356,0
4847,5337,0
4855,5326,0
4861,5327,0
4861,5332,0
4862,5347,0
4864,5369,0
4872,5388,0
4888,5402,1
4993,5344,0
4991,5330,0
4975,5322,0
4957,5320,0
4941,5332,0
4928,5347,0
4924,5360,0
4926,5368,0
4938,5375,0
4953,5378,0
4973,5378,0
4987,5373,0
4999,5368,0
5011,5370,0
5021,5378,0
5028,5387,0
5044,5400,0
5059,5404,0
5079,5399,0
5102,5386,0
5125,5368,0
5144,5339,0
5163,5303,0
5170,5252,0
5170,5199,0
5156,5149,0
5140,5116,0
5115,5095,0
5091,5089,0
5069,5097,0
5047,5118,0
5039,5161,0
5035,5205,0
5047,5261,0
5069,5320,0
5092,5379,0
5118,5429,0
5140,5472,0
5154,5503,0
5159,5524,1
5557,5240,0
5561,5267,0
5566,5300,0
5572,5343,0
5576,5387,0
5581,5431,0
5583,5465,0
5586,5489,0
5584,5506,0
5586,5511,0
5588,5508,0
5588,5492,0
5597,5458,0
5611,5420,0
5629,5373,0
5653,5325,0
5672,5281,0
5688,5245,0
5699,5219,0
5704,5203,0
5700,5197,1
5823,5290,0
5811,5268,0
5799,5257,0
5784,5260,0
5762,5269,0
5740,5290,0
5723,5326,0
5706,5368,0
5694,5412,0
5695,5442,0
5704,5455,0
5720,5458,0
5741,5455,0
5759,5439,0
5778,5417,0
5799,5393,0
5809,5362,0
5820,5347,0
5822,5344,0
5823,5355,0
5820,5379,0
5813,5412,0
5807,5445,0
5813,5471,0
5829,5489,0
5852,5496,0
5880,5491,0
5910,5476,0
5938,5449,0
5962,5412,0
5977,5365,0
5987,5311,0
5989,5254,0
5993,5204,0
5991,5161,0
5988,5132,0
5979,5113,0
5972,5109,0
5964,5117,0
5954,5137,0
5947,5172,0
5940,5216,0
5940,5273,0
5943,5336,0
5946,5399,0
5946,5458,0
5953,5512,0
5960,5549,0
5972,5571,0
5984,5576,0
5999,5568,0
6018,5545,0
6035,5508,0
6054,5456,0
6066,5406,0
6082,5364,0
6094,5330,0
6097,5310,0
6099,5303,0
6098,5303,0
6100,5318,0
6099,5348,0
6098,5381,0
6099,5414,0
6104,5448,0
6109,5477,0
6113,5495,0
6121,5504,0
6129,5507,0
6137,5494,0
6148,5473,0
6162,5441,0
6175,5407,0
6186,5374,0
6201,5349,0
6205,5328,0
6209,5313,0
6212,5310,0
6208,5308,0
6208,5319,0
6207,5337,0
6206,5371,0
6206,5405,0
6213,5443,0
6224,5477,0
6235,5506,0
6252,5528,0
6273,5536,0
6300,5537,0
6329,5525,0
6353,5502,0
6381,5469,0
6408,5425,0
6424,5385,0
6437,5349,0
6439,5318,0
6432,5296,0
6425,5286,0
6408,5281,0
6390,5294,0
6366,5313,0
6337,5342,0
6323,5374,0
6319,5412,0
6323,5448,0
6350,5483,0
6381,5508,0
6416,5530,0
6452,5550,0
6493,5560,0
6531,5568,0
6558,5569,0
6580,5557,1
6621,5492,0
6623,5496,0
6623,5495,0
6616,5485,0
6612,5461,1