(S.G.338-339). Above the bridge
646
738,4988,0
727,4996,0
714,5003,0
701,5022,0
681,5036,0
656,5082,0
638,5221,0
636,5281,0
660,5332,1
962,5035,0
953,5031,0
941,5018,0
920,5018,0
895,5017,0
870,5024,0
837,5038,0
814,5069,0
800,5088,0
797,5104,0
804,5117,0
822,5126,0
846,5134,0
875,5149,0
904,5154,0
930,5162,0
953,5175,0
968,5187,0
975,5203,0
976,5224,0
967,5243,0
953,5259,0
931,5266,0
902,5277,0
870,5276,0
841,5271,0
816,5253,0
800,5241,0
798,5232,1
1079,5240,0
1078,5237,0
1078,5236,0
1076,5236,0
1075,5236,0
1075,5236,0
1075,5232,0
1079,5232,0
1088,5228,1
1307,5006,0
1293,4999,0
1279,5004,0
1264,5001,0
1249,5005,0
1235,5018,0
1221,5035,0
1213,5058,0
1208,5083,0
1217,5098,0
1230,5102,0
1248,5101,0
1264,5085,0
1283,5072,0
1301,5047,0
1311,5031,0
1315,5023,0
1317,5023,0
1314,5023,0
1310,5023,0
1305,5031,0
1301,5040,0
1299,5072,0
1303,5103,0
1308,5119,0
1315,5134,0
1319,5158,0
1320,5186,0
1316,5219,0
1303,5256,0
1281,5280,0
1253,5301,0
1226,5310,1
1416,5237,0
1416,5237,0
1416,5241,0
1416,5241,0
1415,5237,0
1414,5241,0
1414,5237,0
1413,5233,0
1414,5238,1
1607,5023,0
1614,5015,0
1627,4998,0
1650,4994,0
1669,4989,0
1686,4994,0
1701,5004,0
1711,5016,0
1709,5028,0
1701,5040,0
1689,5055,0
1676,5072,0
1659,5078,0
1644,5080,0
1638,5088,0
1636,5085,0
1638,5080,0
1648,5076,0
1662,5069,0
1679,5068,0
1698,5077,0
1712,5084,0
1723,5094,0
1732,5110,0
1732,5125,0
1730,5150,0
1719,5168,0
1698,5190,0
1681,5213,0
1662,5226,0
1637,5230,0
1615,5228,0
1595,5218,1
1788,4988,0
1794,4984,0
1805,4970,0
1821,4959,0
1845,4956,0
1870,4956,0
1894,4964,0
1913,4977,0
1923,4991,0
1925,5011,0
1967,5122,0
1968,5142,0
1961,5167,0
1945,5190,0
1914,5216,0
1883,5228,0
1854,5229,0
1828,5221,0
1808,5207,0
1804,5187,1
2142,5005,0
2140,4993,0
2135,4978,0
2123,4964,0
2111,4958,0
2092,4958,0
2075,4963,0
2059,4973,0
2043,4985,0
2039,5002,0
2041,5018,0
2058,5039,0
2077,5052,0
2097,5068,0
2118,5088,0
2135,5101,0
2149,5122,0
2150,5134,0
2149,5155,0
2137,5166,0
2118,5170,0
2099,5173,0
2081,5173,0
2053,5142,0
2053,5122,0
2066,5095,0
2087,5070,0
2111,5045,0
2128,5029,0
2137,5010,0
2137,4998,0
2137,4990,1
2248,5055,0
2245,5052,0
2245,5052,0
2247,5051,0
2251,5050,0
2264,5047,0
2282,5047,0
2300,5042,0
2321,5037,0
2338,5033,0
2352,5037,0
2359,5035,0
2362,5034,0
2362,5034,0
2362,5038,0
2357,5036,0
2356,5040,1
2542,5008,0
2539,5005,0
2541,4996,0
2548,4981,0
2561,4961,0
2581,4951,0
2601,4939,0
2621,4946,0
2637,4962,0
2642,4968,0
2642,4986,0
2636,5004,0
2624,5016,0
2610,5028,0
2598,5037,0
2588,5040,0
2583,5038,0
2585,5037,0
2595,5038,0
2610,5038,0
2631,5043,0
2656,5061,0
2671,5081,0
2676,5096,0
2678,5116,0
2671,5140,0
2656,5157,0
2633,5181,0
2608,5197,0
2576,5199,0
2548,5198,0
2528,5187,0
2511,5163,1
2779,4956,0
2797,4945,0
2818,4937,0
2840,4934,0
2857,4940,0
2874,4956,0
2886,4985,0
2885,5002,0
2878,5022,0
2865,5035,0
2848,5050,0
2830,5060,0
2819,5060,0
2816,5057,0
2823,5055,0
2838,5054,0
2856,5047,0
2883,5050,0
2907,5054,0
2928,5067,0
2942,5083,0
2948,5106,0
2942,5131,0
2929,5153,0
2907,5173,0
2878,5187,0
2846,5195,0
2819,5200,0
2794,5196,1
3110,4973,0
3112,4968,0
3105,4953,0
3101,4946,0
3091,4938,0
3078,4934,0
3062,4928,0
3053,4936,0
3040,4941,0
3032,4958,0
3024,4978,0
3030,5002,0
3037,5011,0
3053,5018,0
3068,5012,0
3088,5004,0
3102,4985,0
3119,4974,0
3124,4954,0
3134,4958,0
3133,4954,0
3133,4958,0
3129,4965,0
3132,4985,0
3129,5009,0
3134,5041,0
3128,5065,0
3124,5097,0
3112,5124,0
3096,5156,0
3074,5183,0
3051,5204,0
3020,5203,1
3174,4866,0
3180,4877,0
3180,4874,0
3187,4883,0
3197,4900,0
3212,4924,0
3219,4943,0
3230,4977,0
3240,5009,0
3246,5040,0
3249,5074,0
3249,5110,0
3245,5150,0
3230,5192,0
3213,5225,0
3194,5259,0
3173,5280,1
3331,5182,0
3335,5193,0
3332,5190,0
3330,5191,0
3325,5185,0
3325,5189,0
3325,5190,0
3325,5189,0
3328,5187,1
3716,4908,0
3715,4913,0
3711,4916,0
3708,4936,0
3696,4965,0
3682,5001,0
3671,5043,0
3658,5081,0
3648,5108,0
3639,5131,0
3632,5144,0
3631,5145,0
3634,5143,1
3725,4927,0
3730,4932,0
3742,4949,0
3746,4965,0
3770,5007,0
3781,5042,0
3790,5073,0
3799,5096,0
3809,5118,0
3810,5127,0
3817,5137,0
3812,5130,0
3815,5133,1
3658,5050,0
3679,5038,0
3714,5042,0
3748,5042,0
3781,5041,0
3805,5033,0
3828,5030,0
3841,5023,0
3847,5014,1
3901,4913,0
3903,4931,0
3906,4961,0
3907,4993,0
3912,5032,0
3909,5057,0
3909,5070,0
3907,5072,0
3911,5074,0
3909,5066,0
3912,5055,0
3916,5034,0
3928,5017,0
3945,5004,0
3959,4994,0
3977,4988,0
3994,4988,0
4007,4990,0
4020,5000,0
4027,5014,0
4039,5035,0
4040,5058,0
4033,5076,0
4024,5096,0
4009,5115,0
3992,5129,0
3970,5132,0
3944,5129,0
3921,5119,1
4121,5027,0
4105,5033,0
4097,5043,0
4085,5054,0
4080,5076,0
4080,5094,0
4095,5123,0
4114,5139,0
4136,5140,0
4161,5139,0
4181,5127,0
4202,5108,0
4218,5084,0
4222,5063,0
4214,5044,0
4208,5039,0
4190,5035,1
4341,5013,0
4346,5033,0
4350,5055,0
4361,5086,0
4366,5103,0
4371,5113,0
4374,5115,0
4376,5115,0
4379,5113,0
4384,5100,0
4390,5086,0
4399,5061,0
4415,5035,0
4426,5013,0
4436,4997,0
4440,4989,0
4444,4986,1
4478,5046,0
4478,5046,0
4488,5039,0
4503,5038,0
4517,5028,0
4537,5023,0
4555,5016,0
4570,5009,0
4582,5002,0
4585,4998,0
4588,4997,0
4585,4994,0
4579,4992,0
4571,4990,0
4555,4985,0
4546,4992,0
4533,4992,0
4519,4992,0
4510,4998,0
4502,5009,0
4502,5029,0
4494,5064,0
4497,5096,0
4506,5124,0
4520,5132,0
4538,5125,0
4562,5108,0
4577,5088,0
4587,5067,1
4879,4880,0
4877,4901,0
4876,4934,0
4879,4977,0
4876,5019,0
4873,5058,0
4874,5092,0
4874,5108,0
4871,5115,1
4809,5011,0
4838,5004,0
4868,4991,0
4903,4979,0
4938,4961,0
4966,4938,0
4992,4916,0
5016,4896,0
5031,4879,0
5036,4864,0
5038,4857,0
5034,4856,0
5023,4854,0
5005,4854,0
4992,4860,0
4975,4868,0
4965,4881,0
4957,4899,0
4956,4925,0
4955,4952,0
4957,4981,0
4959,5010,0
4963,5033,0
4967,5050,0
4975,5059,0
4980,5059,0
4987,5055,0
4997,5042,0
5011,5024,0
5025,5004,0
5041,4985,0
5059,4975,0
5072,4975,0
5085,4980,0
5097,4995,0
5099,5020,0
5117,5088,0
5126,5091,1
5192,5014,0
5195,5014,0
5205,5009,0
5216,5005,0
5229,4999,0
5233,4985,0
5243,4977,0
5249,4972,0
5249,4966,0
5244,4965,0
5233,4964,0
5224,4967,0
5217,4973,0
5206,4977,0
5196,4985,0
5192,5005,0
5194,5034,0
5204,5058,1
5532,4905,0
5535,4929,0
5533,4963,0
5537,5004,0
5537,5035,1
5535,4979,0
5552,4969,0
5570,4956,0
5597,4959,0
5620,4964,0
5639,4973,0
5649,4980,0
5663,5001,0
5665,5021,0
5658,5038,0
5644,5063,0
5627,5085,0
5600,5103,0
5574,5110,0
5552,5108,0
5530,5096,0
5521,5077,1
5713,4991,0
5713,5014,0
5714,5041,0
5716,5066,0
5717,5082,0
5713,5092,0
5708,5090,0
5706,5082,0
5703,5062,0
5704,5038,0
5714,5018,0
5727,5000,0
5747,4987,0
5769,4977,0
5790,4967,0
5815,4965,0
5837,4966,0
5858,4973,0
5875,4985,0
5884,4999,0
5893,5023,0
5892,5042,0
5890,5059,0
5894,5072,0
5896,5076,0
5896,5070,0
5894,5060,0
5897,5042,1
5896,4913,0
5894,4910,0
5892,4905,0
5892,4904,1
6083,5007,0
6085,5005,0
6085,5000,0
6080,4994,0
6072,4985,0
6054,4974,0
6039,4967,0
6023,4971,0
6008,4975,0
5994,4983,0
5981,4997,0
5976,5020,0
5972,5047,0
5985,5067,0
6003,5077,0
6032,5076,0
6052,5061,1
6092,4922,0
6089,4925,0
6087,4934,0
6090,4959,0
6090,4995,0
6092,5043,0
6097,5078,0
6105,5098,0
6119,5108,1
6270,4990,0
6264,4985,0
6249,4977,0
6233,4976,0
6215,4978,0
6201,4989,0
6189,5006,0
6181,5027,0
6191,5045,0
6206,5052,0
6224,5050,0
6242,5043,0
6261,5035,0
6275,5021,0
6280,5008,0
6283,5000,0
6281,5002,0
6278,5004,0
6271,5012,0
6266,5029,0
6259,5055,0
6256,5086,0
6255,5122,0
6254,5164,0
6251,5202,0
6245,5230,0
6237,5256,0
6222,5277,0
6200,5294,0
6169,5307,0
6138,5314,0
6095,5301,0
6060,5279,1
6307,5027,0
6317,5023,0
6336,5014,0
6360,5010,0
6382,5004,0
6400,5003,0
6413,4994,0
6432,4991,0
6443,4991,0
6447,4985,0
6451,4987,0
6445,4982,0
6437,4979,0
6427,4972,0
6416,4968,0
6396,4958,0
6380,4959,0
6365,4963,0
6346,4972,0
6332,4987,0
6329,5020,0
6336,5060,0
6355,5091,0
6384,5108,0
6413,5106,0
6438,5091,0
6455,5072,0
6469,5057,0
6468,5041,1