two lowest values of the red
527
697,4134,0
695,4134,0
695,4143,0
693,4166,0
687,4217,0
692,4258,0
690,4302,0
684,4362,0
684,4394,0
685,4414,0
686,4430,0
687,4442,0
687,4442,1
609,4290,0
610,4290,0
622,4287,0
644,4281,0
668,4275,0
691,4270,0
711,4260,0
727,4254,0
740,4246,0
749,4243,0
752,4244,0
752,4244,0
752,4247,1
808,4244,0
814,4260,0
823,4289,0
835,4309,0
844,4342,0
847,4358,0
851,4374,0
854,4374,0
855,4374,0
856,4371,0
860,4362,0
865,4339,0
871,4311,0
875,4299,0
885,4280,0
893,4260,0
900,4253,0
907,4245,0
911,4237,0
913,4237,0
913,4233,0
913,4237,0
915,4241,0
917,4253,0
922,4273,0
933,4302,0
948,4331,0
959,4343,0
971,4355,0
982,4364,0
989,4363,0
996,4368,0
1000,4364,0
1008,4356,0
1010,4340,0
1007,4316,0
1007,4272,0
1030,4229,0
1033,4232,1
1174,4244,0
1166,4236,0
1155,4232,0
1142,4232,0
1129,4240,0
1112,4229,0
1101,4249,0
1090,4273,0
1088,4304,0
1095,4344,0
1112,4369,0
1134,4376,0
1151,4364,0
1168,4355,0
1178,4327,0
1189,4287,0
1186,4251,0
1172,4236,0
1151,4224,0
1124,4232,0
1096,4261,1
1673,4108,0
1669,4141,0
1663,4174,0
1660,4235,0
1660,4284,0
1659,4316,0
1661,4352,0
1661,4365,0
1660,4365,1
1823,4188,0
1806,4187,0
1788,4191,0
1768,4198,0
1750,4209,0
1734,4227,0
1727,4254,0
1722,4275,0
1731,4289,0
1749,4295,0
1774,4291,0
1802,4286,0
1828,4268,0
1851,4252,0
1865,4229,0
1870,4216,0
1861,4205,1
1981,4201,0
1979,4202,0
1981,4205,0
1986,4225,0
1992,4256,0
1996,4280,0
2000,4299,0
2005,4311,0
2008,4310,0
2012,4304,0
2020,4291,0
2027,4273,0
2032,4246,0
2042,4228,0
2047,4206,0
2055,4204,0
2055,4200,0
2059,4207,0
2060,4211,0
2065,4231,0
2066,4246,0
2075,4274,0
2084,4292,0
2092,4298,0
2101,4304,0
2106,4299,0
2111,4293,0
2120,4279,0
2128,4252,0
2142,4223,0
2154,4200,0
2165,4193,0
2171,4191,1
2248,4256,0
2246,4257,0
2248,4252,0
2259,4250,0
2269,4239,0
2293,4198,0
2286,4192,0
2210,4251,0
2210,4280,0
2219,4298,0
2238,4309,0
2256,4304,0
2280,4298,0
2302,4283,1
2441,4188,0
2419,4192,0
2397,4194,0
2380,4204,0
2393,4234,0
2468,4229,0
2487,4235,0
2497,4241,0
2502,4251,0
2498,4266,0
2485,4279,0
2463,4295,0
2438,4307,0
2417,4319,0
2398,4321,0
2384,4307,1
2640,4111,0
2633,4126,0
2630,4157,0
2627,4198,0
2620,4234,0
2616,4270,0
2622,4302,0
2625,4309,0
2632,4311,0
2642,4307,0
2656,4307,0
2664,4295,0
2671,4287,1
2581,4202,0
2597,4196,0
2632,4183,0
2666,4179,0
2692,4172,1
3021,4145,0
3023,4192,0
3029,4224,0
3034,4249,0
3041,4263,0
3047,4270,0
3048,4268,0
3054,4270,0
3057,4260,0
3061,4244,0
3070,4222,0
3082,4189,0
3098,4155,0
3117,4132,0
3134,4127,0
3142,4123,0
3141,4119,0
3143,4123,0
3143,4127,0
3146,4131,1
3376,4150,0
3375,4141,0
3370,4135,0
3362,4130,0
3353,4126,0
3339,4121,0
3327,4123,0
3308,4120,0
3293,4128,0
3278,4140,0
3264,4162,0
3250,4188,0
3243,4219,0
3240,4239,0
3247,4254,0
3257,4257,0
3275,4252,0
3299,4244,0
3325,4225,0
3345,4195,0
3364,4170,0
3375,4150,0
3387,4143,0
3387,4139,0
3388,4143,0
3384,4145,0
3380,4162,0
3378,4186,0
3382,4211,0
3393,4227,0
3411,4231,0
3429,4221,0
3453,4207,1
3546,4018,0
3548,4046,0
3552,4081,0
3556,4125,0
3554,4159,0
3551,4185,0
3553,4203,0
3552,4208,0
3553,4208,1
3643,4075,0
3643,4094,0
3642,4118,0
3640,4143,0
3635,4161,0
3635,4175,0
3636,4179,0
3638,4177,0
3645,4173,0
3655,4162,0
3669,4144,0
3682,4121,0
3703,4106,0
3719,4097,0
3732,4092,0
3742,4094,0
3747,4102,0
3753,4122,0
3758,4147,0
3761,4174,0
3764,4191,0
3773,4200,0
3788,4199,0
3806,4192,0
3824,4180,1
3864,4133,0
3862,4129,0
3871,4127,0
3882,4121,0
3891,4109,0
3904,4100,0
3913,4088,0
3919,4079,0
3917,4070,0
3908,4062,0
3904,4065,0
3894,4071,0
3879,4078,0
3862,4089,0
3855,4114,0
3853,4140,0
3857,4157,0
3870,4168,0
3882,4168,0
3898,4162,0
3916,4150,1
4107,4032,0
4097,4029,0
4082,4027,0
4068,4032,0
4051,4034,0
4044,4051,0
4039,4064,0
4040,4074,0
4043,4077,0
4057,4085,0
4073,4083,0
4092,4085,0
4111,4085,0
4127,4087,0
4133,4088,0
4139,4094,0
4140,4102,0
4135,4117,0
4126,4133,0
4109,4152,0
4086,4164,0
4063,4172,0
4044,4176,0
4025,4169,0
4012,4155,1
4495,4020,0
4488,4016,0
4484,4015,0
4473,4015,0
4455,4014,0
4439,4022,0
4416,4032,0
4399,4051,0
4380,4073,0
4369,4109,0
4366,4143,0
4368,4166,0
4383,4185,0
4405,4193,0
4430,4188,0
4452,4169,0
4473,4141,0
4497,4114,0
4513,4080,0
4518,4054,0
4513,4036,0
4503,4035,0
4495,4047,0
4485,4056,0
4488,4064,1
4626,3983,0
4617,3986,0
4606,3991,0
4606,4013,0
4598,4036,0
4605,4079,0
4601,4114,0
4608,4156,0
4608,4187,0
4607,4215,0
4606,4238,0
4601,4253,0
4593,4259,1
4576,4121,0
4583,4119,0
4601,4109,0
4628,4101,0
4653,4094,0
4673,4087,0
4692,4085,0
4696,4077,0
4707,4077,1
4973,3923,0
4968,3934,0
4973,3962,0
4978,4004,0
4980,4048,0
4980,4087,0
4975,4109,0
4974,4127,0
4973,4132,0
4973,4132,0
4974,4127,0
4973,4117,0
4974,4099,1
4903,4061,0
4919,4058,0
4946,4047,0
4978,4032,0
5011,4010,0
5046,3991,0
5077,3970,0
5101,3945,0
5127,3929,0
5137,3911,0
5141,3896,0
5140,3892,0
5130,3884,0
5125,3884,0
5114,3884,0
5105,3887,0
5093,3894,0
5084,3911,0
5077,3935,0
5073,3969,0
5075,4007,0
5079,4043,0
5087,4069,0
5093,4085,0
5099,4091,0
5102,4088,0
5115,4081,0
5123,4061,0
5142,4036,0
5154,4010,0
5173,3998,0
5187,3993,0
5204,3998,0
5214,4011,0
5224,4036,0
5229,4065,0
5234,4089,0
5245,4101,0
5262,4101,0
5281,4091,0
5298,4073,1
5338,4036,0
5343,4036,0
5352,4032,0
5364,4025,0
5376,4018,0
5386,4012,0
5393,4005,0
5398,3998,0
5398,3993,0
5396,3989,0
5392,3987,0
5388,3986,0
5378,3986,0
5371,3988,0
5358,3991,0
5347,3995,0
5338,4006,0
5335,4027,0
5335,4058,0
5341,4087,0
5355,4106,0
5377,4111,0
5399,4105,0
5431,4089,0
5456,4066,1
5718,3945,0
5715,3947,0
5721,3965,0
5723,3995,0
5726,4028,0
5731,4060,0
5734,4075,0
5734,4081,0
5734,4081,0
5734,4081,0
5730,4073,0
5725,4060,0
5724,4037,0
5725,4011,0
5732,3984,0
5751,3966,0
5768,3952,1
5873,4020,0
5877,4015,0
5885,4005,0
5908,4002,0
5916,3991,0
5933,3988,0
5935,3978,0
5946,3978,0
5940,3967,0
5938,3964,0
5930,3960,0
5917,3957,0
5900,3959,0
5885,3965,0
5870,3979,0
5856,4003,0
5845,4028,0
5851,4053,0
5867,4065,0
5886,4068,0
5914,4058,1
6146,3987,0
6141,3974,0
6132,3960,0
6116,3948,0
6101,3942,0
6082,3940,0
6063,3944,0
6047,3959,0
6030,3981,0
6025,4008,0
6028,4029,0
6046,4039,0
6061,4033,0
6091,4027,0
6106,4007,0
6128,3991,0
6143,3965,0
6152,3940,0
6157,3920,0
6157,3906,0
6154,3897,0
6148,3892,0
6144,3890,0
6141,3888,0
6143,3891,0
6140,3889,0
6145,3894,0
6146,3908,0
6144,3937,0
6146,3981,0
6153,4026,0
6165,4054,0
6186,4068,0
6203,4065,0
6227,4059,0
6240,4043,0
6250,4029,1