appeared on stamps.
468
964,7611,0
964,7611,0
969,7619,0
969,7615,0
962,7603,0
946,7591,0
929,7582,0
909,7558,0
890,7554,0
868,7549,0
847,7548,0
826,7564,0
798,7579,0
780,7614,0
767,7641,0
764,7678,0
768,7714,0
778,7738,0
793,7755,0
815,7759,0
831,7755,0
851,7736,0
868,7709,0
883,7673,0
893,7629,0
902,7598,0
907,7574,0
908,7558,0
907,7550,0
907,7554,0
907,7574,0
905,7602,0
903,7638,0
902,7673,0
904,7706,0
906,7730,0
908,7742,1
1006,7540,0
1003,7552,0
1004,7583,0
1003,7628,0
999,7687,0
999,7755,0
995,7827,0
984,7907,0
982,7987,0
980,8047,0
982,8083,0
983,8087,0
990,8063,1
966,7619,0
966,7583,0
972,7551,0
979,7531,0
984,7520,0
995,7519,0
1015,7523,0
1039,7535,0
1064,7548,0
1078,7568,0
1079,7592,0
1069,7616,0
1047,7640,0
1021,7664,0
996,7680,0
979,7695,0
977,7691,1
1161,7535,0
1163,7555,0
1170,7596,0
1177,7639,0
1179,7695,0
1179,7752,0
1176,7819,0
1177,7883,0
1179,7936,1
1168,7516,0
1174,7492,0
1180,7471,0
1188,7468,0
1197,7471,0
1208,7487,0
1223,7506,0
1239,7538,0
1248,7570,0
1252,7606,0
1245,7642,0
1233,7678,0
1216,7707,1
1163,7752,0
1170,7748,0
1187,7739,0
1213,7719,0
1250,7694,0
1290,7665,0
1332,7632,0
1365,7594,0
1398,7557,0
1416,7524,0
1423,7500,0
1415,7472,0
1401,7453,0
1380,7450,0
1360,7458,0
1336,7484,0
1319,7521,0
1303,7565,0
1299,7612,0
1303,7665,0
1321,7712,0
1342,7752,0
1372,7774,0
1404,7789,1
1582,7563,0
1581,7551,0
1575,7539,0
1568,7536,0
1556,7533,0
1537,7538,0
1517,7567,0
1499,7596,0
1486,7629,0
1486,7661,0
1491,7689,0
1501,7704,0
1515,7716,0
1529,7710,0
1545,7697,0
1561,7668,0
1574,7640,0
1586,7611,0
1590,7583,0
1592,7562,0
1592,7554,0
1592,7554,0
1594,7567,0
1599,7590,0
1604,7622,0
1614,7661,0
1628,7700,0
1648,7735,0
1667,7757,0
1686,7772,0
1704,7774,0
1715,7766,0
1723,7748,0
1727,7712,0
1727,7672,0
1727,7628,0
1728,7588,0
1730,7543,0
1741,7506,0
1757,7477,0
1784,7450,1
1878,7666,0
1880,7678,0
1884,7681,0
1886,7677,0
1894,7664,0
1905,7630,0
1918,7596,0
1927,7567,0
1930,7543,0
1929,7523,0
1920,7511,0
1905,7510,0
1886,7524,0
1867,7542,0
1850,7580,0
1841,7621,0
1840,7666,0
1854,7701,0
1875,7726,0
1907,7743,0
1944,7750,1
2145,7632,0
2143,7608,0
2143,7584,0
2133,7562,0
2115,7547,0
2094,7547,0
2073,7550,0
2051,7568,0
2029,7600,0
2015,7641,0
2016,7682,0
2034,7708,0
2059,7725,0
2092,7720,0
2125,7692,0
2159,7655,0
2188,7598,0
2210,7534,0
2225,7467,0
2230,7401,0
2230,7345,0
2224,7301,0
2219,7282,0
2217,7273,0
2217,7282,0
2219,7306,0
2224,7354,0
2232,7417,0
2239,7489,0
2250,7564,0
2263,7627,0
2287,7692,0
2311,7740,0
2330,7766,0
2359,7773,0
2391,7763,1
2663,7564,0
2671,7542,0
2678,7521,0
2673,7509,0
2661,7499,0
2641,7495,0
2620,7504,0
2596,7526,0
2580,7562,0
2569,7604,0
2565,7650,0
2574,7685,0
2601,7712,0
2630,7727,0
2664,7723,0
2701,7712,0
2731,7685,0
2753,7651,0
2760,7617,0
2751,7581,0
2733,7557,0
2709,7538,0
2688,7530,0
2671,7530,0
2664,7535,1
2825,7504,0
2830,7485,0
2833,7460,0
2832,7444,0
2832,7440,0
2830,7440,0
2829,7457,0
2827,7490,0
2826,7528,0
2832,7571,0
2840,7610,0
2852,7645,0
2864,7662,0
2881,7670,0
2903,7666,0
2927,7651,0
2949,7621,0
2970,7583,0
2990,7549,0
3009,7523,0
3022,7503,0
3029,7493,0
3029,7493,0
3031,7509,0
3030,7538,0
3030,7576,0
3035,7620,0
3045,7663,0
3056,7697,1
3484,7458,0
3495,7433,0
3493,7417,0
3481,7400,0
3465,7384,0
3443,7383,0
3422,7390,0
3401,7401,0
3389,7417,0
3390,7442,0
3405,7470,0
3422,7507,0
3452,7535,0
3488,7566,0
3515,7595,0
3537,7621,0
3544,7640,0
3539,7659,0
3522,7673,0
3490,7682,0
3450,7692,0
3399,7690,0
3359,7690,0
3331,7682,0
3315,7670,1
3662,7252,0
3666,7234,0
3669,7228,0
3668,7229,0
3668,7241,0
3667,7272,0
3661,7312,0
3656,7365,0
3655,7420,0
3650,7482,0
3652,7536,0
3654,7582,0
3651,7616,0
3650,7639,0
3644,7644,0
3637,7639,0
3623,7622,1
3559,7496,0
3546,7480,0
3536,7461,0
3535,7453,0
3544,7446,0
3563,7448,0
3594,7450,0
3637,7452,0
3685,7456,0
3737,7463,0
3788,7465,0
3830,7467,1
3881,7533,0
3879,7530,0
3883,7520,0
3877,7496,0
3868,7478,0
3851,7463,0
3823,7453,0
3793,7456,0
3762,7467,0
3736,7493,0
3714,7530,0
3702,7574,0
3703,7615,0
3715,7650,0
3733,7673,0
3756,7685,0
3778,7682,0
3800,7670,0
3814,7644,0
3829,7612,0
3835,7572,0
3836,7541,0
3834,7516,0
3834,7504,0
3831,7497,0
3836,7499,0
3841,7518,0
3845,7547,0
3853,7587,0
3860,7631,0
3870,7666,0
3883,7691,0
3897,7711,0
3908,7711,0
3920,7702,0
3931,7677,0
3941,7634,0
3955,7591,0
3964,7540,0
3971,7498,0
3982,7463,0
3989,7439,0
3993,7429,0
3993,7434,0
3993,7447,0
3995,7476,0
3993,7516,0
3994,7549,0
4003,7589,0
4012,7620,0
4020,7642,0
4031,7651,0
4040,7651,0
4051,7639,0
4061,7613,0
4071,7575,0
4085,7539,0
4096,7504,0
4108,7473,0
4118,7451,0
4123,7437,0
4123,7436,0
4124,7444,0
4124,7467,0
4128,7495,0
4134,7532,0
4138,7569,0
4145,7605,0
4152,7628,0
4162,7641,0
4174,7645,0
4181,7634,0
4203,7607,0
4210,7573,0
4226,7540,0
4234,7494,0
4251,7460,0
4261,7429,0
4268,7410,0
4272,7398,0
4272,7402,0
4273,7412,0
4274,7433,0
4275,7463,0
4283,7499,0
4284,7533,0
4292,7569,0
4304,7598,0
4319,7619,1
4410,7503,0
4409,7509,0
4410,7526,0
4410,7555,0
4404,7590,0
4403,7634,0
4397,7689,0
4395,7750,0
4393,7818,0
4390,7880,0
4393,7935,0
4391,7974,0
4395,8003,1
4382,7459,0
4392,7419,0
4406,7391,0
4427,7372,0
4450,7366,0
4480,7370,0
4505,7381,0
4531,7398,0
4548,7426,0
4559,7456,0
4560,7482,0
4557,7515,0
4540,7545,0
4515,7569,0
4490,7594,0
4463,7620,0
4438,7631,1
4710,7369,0
4709,7360,0
4712,7354,0
4706,7353,0
4696,7340,0
4673,7333,0
4654,7339,0
4632,7349,0
4613,7363,0
4611,7382,0
4611,7405,0
4625,7424,0
4652,7451,0
4688,7473,0
4728,7494,0
4763,7516,0
4794,7541,0
4818,7560,0
4828,7578,0
4822,7595,0
4807,7607,0
4777,7617,0
4746,7618,0
4710,7623,0
4671,7629,0
4630,7635,0
4608,7637,0
4593,7639,0
4590,7640,1
4988,7639,1