history people have been passing
808
506,5675,0
504,5678,0
508,5699,0
509,5719,0
511,5751,0
512,5788,0
516,5836,0
514,5885,0
517,5941,0
518,5997,0
518,6054,0
518,6097,0
521,6126,0
521,6130,0
523,6131,0
523,6111,0
526,6074,0
527,6034,0
533,5986,0
542,5939,0
557,5892,0
574,5858,0
595,5824,0
620,5806,0
642,5795,0
662,5805,0
676,5830,0
686,5867,0
690,5911,0
689,5963,0
684,6010,0
677,6054,0
672,6082,1
771,5836,0
770,5848,0
774,5872,0
774,5904,0
772,5948,0
772,5996,0
773,6036,0
778,6080,0
781,6113,0
785,6128,0
794,6129,0
789,6097,0
792,6058,1
798,5717,0
795,5721,0
794,5721,0
796,5725,0
801,5741,1
1042,5808,0
1035,5804,0
1024,5808,0
1001,5804,0
974,5815,0
943,5822,0
918,5846,0
900,5865,0
890,5877,0
889,5897,0
900,5909,0
919,5926,0
948,5934,0
982,5947,0
1015,5964,0
1044,5979,0
1066,6000,0
1079,6024,0
1081,6040,0
1076,6056,0
1063,6068,0
1042,6084,0
1019,6088,0
990,6087,0
965,6087,0
945,6078,0
931,6054,0
930,6030,0
943,6003,1
1182,5668,0
1183,5667,0
1182,5668,0
1182,5687,0
1180,5708,0
1180,5752,0
1182,5795,0
1184,5851,0
1184,5911,0
1190,5960,0
1194,6003,0
1199,6031,0
1200,6047,1
1129,5844,0
1131,5840,0
1154,5847,0
1182,5846,0
1216,5851,0
1252,5858,0
1293,5861,0
1331,5863,0
1364,5865,1
1464,5872,0
1467,5871,0
1461,5860,0
1446,5856,0
1423,5853,1
1366,5885,0
1345,5918,0
1334,5950,0
1336,5986,0
1346,6014,0
1369,6045,0
1394,6056,0
1421,6058,0
1446,6044,0
1470,6027,0
1484,6002,0
1491,5970,0
1485,5938,0
1471,5911,0
1450,5884,0
1433,5877,0
1421,5866,0
1418,5863,0
1425,5853,0
1447,5860,1
1590,5821,0
1590,5825,0
1592,5834,0
1592,5853,0
1597,5890,0
1603,5924,0
1609,5960,0
1614,5988,0
1618,6015,0
1620,6032,0
1620,6027,0
1621,6027,0
1618,6015,0
1617,5984,0
1616,5952,0
1614,5908,0
1619,5875,0
1627,5834,0
1640,5800,0
1662,5774,0
1684,5759,0
1708,5757,0
1732,5771,0
1753,5784,0
1773,5810,1
1766,5839,0
1766,5843,0
1769,5843,0
1780,5857,0
1794,5863,0
1814,5881,0
1839,5902,0
1860,5919,0
1882,5940,0
1903,5954,0
1920,5964,0
1932,5966,0
1941,5961,1
1966,5844,0
1965,5844,0
1966,5856,0
1957,5877,0
1947,5903,0
1936,5940,0
1921,5979,0
1906,6026,0
1896,6072,0
1887,6109,0
1884,6134,0
1881,6147,0
1888,6141,1
2164,5894,0
2169,5914,0
2170,5938,0
2170,5971,0
2169,6007,0
2169,6052,0
2171,6092,0
2172,6128,0
2175,6157,0
2176,6173,0
2176,6172,0
2177,6169,0
2175,6157,0
2171,6126,0
2168,6089,0
2165,5963,0
2168,5918,0
2188,5849,0
2203,5817,0
2227,5796,0
2252,5783,0
2280,5789,0
2303,5797,0
2318,5815,0
2326,5841,0
2323,5870,0
2313,5897,0
2294,5913,0
2275,5930,0
2256,5938,0
2232,5934,0
2205,5923,0
2181,5911,0
2161,5899,0
2147,5890,0
2142,5878,1
2412,5863,0
2422,5865,0
2441,5859,0
2465,5858,0
2483,5841,0
2506,5832,0
2519,5811,0
2531,5800,0
2531,5780,0
2525,5764,0
2514,5755,0
2499,5747,0
2478,5756,0
2453,5770,0
2425,5786,0
2412,5825,0
2401,5853,0
2403,5881,0
2415,5903,0
2437,5926,0
2461,5945,0
2496,5966,0
2525,5971,0
2562,5978,0
2593,5957,1
2733,5770,0
2727,5767,0
2717,5762,0
2703,5757,0
2686,5762,0
2666,5772,0
2643,5791,0
2623,5813,0
2615,5840,0
2609,5858,0
2620,5889,0
2632,5906,0
2654,5921,0
2682,5926,0
2709,5922,0
2734,5910,0
2753,5892,0
2769,5871,0
2776,5849,0
2772,5820,0
2758,5791,0
2741,5775,0
2719,5761,0
2704,5752,0
2699,5750,1
2855,5795,0
2857,5803,0
2857,5811,0
2858,5832,0
2863,5863,0
2866,5904,0
2870,5954,0
2870,5999,0
2871,6042,0
2874,6074,0
2876,6090,0
2877,6094,0
2878,6089,0
2871,6062,0
2862,6031,0
2853,5988,0
2846,5944,0
2841,5899,0
2837,5859,0
2840,5824,0
2847,5784,0
2863,5759,0
2885,5739,0
2914,5730,0
2943,5732,0
2970,5745,0
2987,5756,0
3004,5783,0
3003,5797,0
3003,5822,0
2986,5836,0
2966,5859,0
2936,5870,0
2906,5871,0
2879,5867,0
2860,5861,0
2846,5852,1
3071,5603,0
3070,5608,0
3068,5609,0
3074,5631,0
3071,5646,0
3079,5681,0
3080,5714,0
3084,5759,0
3082,5798,0
3081,5837,0
3083,5866,0
3088,5890,0
3092,5897,1
3153,5863,0
3160,5860,0
3183,5864,0
3204,5852,0
3231,5846,0
3252,5821,0
3273,5800,0
3286,5774,0
3294,5749,0
3293,5723,0
3288,5712,0
3269,5694,0
3246,5695,0
3214,5704,0
3189,5725,0
3161,5745,0
3150,5783,0
3143,5815,0
3150,5851,0
3165,5883,0
3198,5919,0
3233,5940,0
3272,5955,0
3308,5955,0
3348,5955,1
3603,5634,0
3602,5639,0
3599,5641,0
3604,5664,0
3602,5687,0
3604,5721,0
3605,5756,0
3613,5796,0
3614,5831,0
3623,5871,0
3623,5892,0
3626,5904,0
3626,5904,0
3628,5899,0
3632,5885,0
3634,5853,0
3643,5827,0
3647,5785,0
3660,5753,0
3671,5717,0
3692,5703,0
3707,5687,0
3728,5682,0
3744,5686,0
3761,5710,0
3771,5740,0
3772,5780,0
3769,5822,0
3771,5869,0
3761,5892,0
3761,5918,0
3763,5926,0
3773,5921,1
3929,5760,0
3927,5757,0
3917,5740,0
3906,5731,0
3884,5720,0
3865,5716,0
3834,5706,0
3818,5731,0
3793,5752,0
3782,5784,0
3779,5817,0
3785,5849,0
3799,5877,0
3816,5896,0
3836,5904,0
3854,5896,0
3874,5882,0
3892,5860,0
3903,5832,0
3906,5798,0
3909,5774,0
3909,5748,0
3907,5740,0
3907,5740,0
3906,5745,0
3910,5752,0
3916,5780,0
3926,5815,0
3933,5853,0
3937,5894,0
3947,5931,0
3954,5954,0
3963,5962,1
4036,5723,0
4033,5724,0
4037,5731,0
4039,5744,0
4047,5766,0
4056,5793,0
4065,5824,0
4076,5855,0
4082,5879,0
4094,5900,0
4110,5914,0
4123,5921,0
4130,5921,0
4143,5915,0
4150,5893,0
4158,5866,0
4165,5835,0
4175,5797,0
4181,5752,0
4194,5718,0
4202,5691,0
4210,5677,0
4213,5671,0
4217,5673,0
4222,5679,1
4232,5802,0
4242,5806,0
4255,5803,0
4270,5800,0
4287,5789,0
4301,5777,0
4317,5758,0
4324,5740,0
4326,5721,0
4321,5706,0
4312,5697,0
4292,5689,0
4270,5693,0
4244,5708,0
4222,5734,0
4206,5762,0
4202,5791,0
4208,5824,0
4224,5857,0
4244,5882,0
4268,5902,0
4296,5918,0
4326,5928,0
4360,5928,0
4391,5919,1
4576,5605,0
4572,5608,0
4569,5615,0
4567,5639,0
4567,5678,0
4571,5722,0
4574,5772,0
4578,5821,0
4579,5868,0
4584,5906,0
4592,5926,0
4595,5928,0
4593,5921,0
4592,5893,0
4588,5858,0
4590,5823,0
4597,5786,0
4607,5747,0
4619,5721,0
4642,5701,0
4661,5688,0
4695,5695,0
4716,5706,0
4736,5730,0
4746,5762,0
4746,5795,0
4733,5827,0
4715,5858,0
4685,5877,0
4661,5888,0
4628,5884,0
4601,5878,0
4577,5865,0
4559,5851,0
4551,5842,0
4545,5827,0
4551,5820,1
4780,5816,0
4781,5820,0
4782,5819,0
4792,5822,0
4810,5825,0
4831,5821,0
4855,5810,0
4876,5800,0
4903,5788,0
4923,5769,0
4938,5744,0
4941,5723,0
4937,5701,0
4924,5680,0
4904,5670,0
4876,5670,0
4845,5681,0
4817,5701,0
4798,5727,0
4787,5759,0
4788,5792,0
4792,5832,0
4803,5868,0
4818,5896,0
4843,5923,0
4877,5939,0
4911,5940,0
4951,5938,0
4988,5923,1
4996,5820,0
4999,5822,0
5006,5823,0
5021,5822,0
5040,5819,0
5060,5810,0
5087,5800,0
5135,5770,0
5149,5751,0
5163,5731,0
5164,5714,0
5157,5700,0
5143,5690,0
5117,5689,0
5093,5697,0
5064,5713,0
5043,5733,0
5026,5761,0
5018,5790,0
5019,5828,0
5030,5860,0
5051,5890,0
5077,5914,0
5104,5930,0
5140,5939,0
5173,5940,0
5209,5934,0
5241,5916,1
5253,5713,0
5248,5717,0
5245,5720,0
5242,5737,0
5250,5766,0
5253,5798,0
5258,5834,0
5265,5869,0
5271,5904,0
5276,5925,0
5284,5940,0
5284,5939,0
5284,5930,0
5285,5909,0
5281,5877,0
5277,5840,0
5282,5807,0
5290,5771,0
5305,5739,0
5318,5714,0
5338,5694,0
5366,5678,0
5388,5680,0
5405,5687,0
5419,5702,0
5432,5732,0
5437,5759,0
5446,5798,0
5444,5834,0
5439,5873,0
5441,5913,0
5433,5943,0
5434,5962,1
5627,5756,0
5628,5755,0
5631,5758,0
5632,5762,0
5632,5778,0
5635,5806,0
5638,5844,0
5643,5897,0
5645,5952,0
5643,6014,0
5646,6072,0
5651,6124,0
5651,6165,0
5653,6183,0
5653,6182,0
5653,6172,0
5652,6144,0
5643,6101,0
5639,6052,0
5635,6000,0
5631,5947,0
5630,5892,0
5631,5839,0
5643,5789,0
5663,5742,0
5687,5706,0
5717,5687,0
5741,5682,0
5766,5688,0
5785,5709,0
5794,5738,0
5793,5774,0
5789,5809,0
5774,5842,0
5752,5866,0
5729,5879,0
5705,5877,0
5680,5868,0
5660,5853,0
5642,5836,0
5632,5819,1
5955,5720,0
5946,5711,0
5935,5699,0
5920,5692,0
5905,5694,0
5885,5706,0
5861,5727,0
5843,5764,0
5829,5796,0
5829,5832,0
5841,5859,0
5858,5876,0
5882,5882,0
5907,5872,0
5930,5852,0
5950,5825,0
5967,5794,0
5980,5766,0
5980,5740,0
5978,5726,0
5972,5715,0
5971,5716,0
5970,5717,0
5976,5733,0
5979,5758,0
5985,5794,0
5986,5835,0
5994,5871,0
6001,5903,0
6010,5926,0
6018,5929,0
6028,5926,0
6039,5911,1
6227,5672,0
6225,5669,0
6219,5659,0
6199,5649,0
6177,5649,0
6145,5651,0
6115,5657,0
6092,5673,0
6069,5687,0
6059,5707,0
6061,5727,0
6068,5742,0
6088,5762,0
6120,5776,0
6148,5793,0
6179,5815,0
6203,5831,0
6224,5849,0
6235,5866,0
6239,5879,0
6229,5888,0
6218,5897,0
6200,5903,0
6177,5902,0
6147,5897,0
6121,5892,0
6099,5887,0
6083,5879,0
6073,5872,1
6327,5672,0
6324,5664,0
6319,5652,0
6300,5643,0
6272,5641,0
6242,5648,0
6213,5658,0
6191,5668,0
6182,5688,0
6185,5701,0
6206,5720,0
6227,5738,0
6260,5757,0
6292,5771,0
6325,5789,0
6358,5808,0
6401,5865,0
6396,5877,0
6389,5888,0
6370,5895,0
6344,5897,0
6316,5902,0
6280,5896,0
6259,5888,0
6242,5882,0
6228,5873,0
6224,5861,1
6427,5682,0
6430,5684,0
6430,5684,0
6431,5694,0
6428,5713,0
6434,5741,0
6436,5773,0
6438,5809,0
6437,5843,0
6444,5870,0
6448,5888,0
6453,5894,0
6450,5886,1
6437,5577,0
6433,5575,0
6435,5573,0
6438,5576,0
6438,5581,1
6541,5682,0
6539,5684,0
6543,5697,0
6545,5716,0
6544,5745,0
6548,5781,0
6555,5814,0
6557,5850,0
6560,5875,0
6566,5892,0
6571,5898,0
6570,5894,0
6572,5885,0
6575,5855,0
6574,5823,0
6577,5786,0
6589,5747,0
6601,5713,0
6613,5678,0
6633,5653,0
6658,5637,0
6678,5629,0
6693,5636,0
6705,5653,0
6716,5681,0
6720,5722,0
6718,5759,0
6719,5798,0
6717,5839,0
6719,5865,0
6720,5881,0
6726,5886,0
6741,5876,1
6931,5774,0
6934,5771,0
6932,5750,0
6930,5730,0
6922,5709,0
6908,5690,0
6887,5677,0
6866,5670,0
6843,5672,0
6811,5680,0
6786,5701,0
6767,5726,0
6761,5761,0
6759,5791,0
6761,5818,0
6776,5841,0
6802,5855,0
6833,5858,0
6855,5859,0
6878,5841,0
6900,5824,0
6906,5806,0
6911,5779,0
6911,5756,0
6906,5737,0
6896,5718,0
6893,5711,0
6890,5708,0
6894,5709,0
6899,5727,0
6901,5749,0
6903,5776,0
6909,5815,0
6920,5860,0
6932,5906,0
6938,5952,0
6942,5999,0
6938,6037,0
6930,6068,0
6918,6085,0
6898,6098,0
6869,6105,0
6840,6094,0
6811,6078,0
6782,6061,1