which cannot be immediately remembered.
846
518,4835,0
515,4846,0
511,4866,0
510,4902,0
514,4943,1
526,4953,0
530,4941,0
536,4925,0
542,4906,0
548,4895,0
553,4883,0
557,4888,0
564,4900,0
570,4917,0
579,4930,0
590,4939,0
603,4936,0
613,4930,0
623,4910,0
632,4891,0
642,4864,0
651,4837,0
655,4818,0
655,4805,0
660,4801,1
721,4586,0
723,4602,0
725,4615,0
723,4659,0
721,4698,0
721,4755,0
718,4794,0
716,4834,0
719,4858,0
723,4867,0
727,4867,0
733,4859,0
744,4836,0
753,4813,0
769,4806,0
784,4799,0
795,4799,0
804,4804,0
814,4813,0
816,4825,0
824,4850,0
825,4869,0
827,4889,0
831,4902,0
837,4910,1
921,4777,0
923,4786,0
925,4802,0
923,4834,0
921,4857,0
917,4882,0
914,4898,0
914,4902,0
914,4890,1
903,4605,0
903,4601,0
903,4601,0
901,4608,0
900,4613,1
1058,4772,0
1051,4772,0
1040,4776,0
1025,4784,0
1010,4796,0
996,4807,0
989,4828,0
986,4847,0
989,4876,0
998,4896,0
1013,4912,0
1032,4916,0
1052,4912,1
1141,4540,0
1141,4553,0
1141,4572,0
1143,4611,0
1143,4656,0
1143,4704,0
1142,4756,0
1138,4796,0
1136,4836,0
1134,4872,0
1133,4893,0
1134,4895,0
1138,4888,0
1148,4864,0
1161,4836,0
1177,4804,0
1194,4775,0
1212,4754,0
1227,4738,0
1238,4738,0
1247,4749,0
1250,4765,0
1250,4789,0
1246,4813,0
1243,4838,0
1245,4873,0
1248,4889,0
1256,4901,0
1265,4896,1
1630,4772,0
1621,4772,0
1602,4770,0
1578,4777,0
1548,4784,0
1517,4799,0
1494,4818,0
1477,4844,0
1471,4868,0
1476,4888,0
1491,4902,0
1517,4908,0
1548,4909,1
1755,4795,0
1742,4801,0
1725,4807,0
1705,4818,0
1684,4833,0
1666,4856,0
1654,4882,0
1651,4906,0
1657,4921,0
1667,4924,0
1680,4922,0
1697,4912,0
1713,4894,0
1724,4869,0
1734,4851,0
1744,4838,0
1749,4828,0
1750,4828,0
1750,4828,0
1752,4836,0
1754,4852,0
1758,4880,0
1758,4900,0
1762,4924,0
1768,4935,1
1864,4798,0
1867,4806,0
1873,4821,0
1874,4841,0
1879,4864,0
1879,4889,0
1879,4910,0
1879,4925,0
1882,4929,0
1884,4924,0
1890,4912,0
1896,4891,0
1901,4861,1
1966,4776,0
1969,4783,0
1978,4786,0
1976,4802,0
1981,4818,0
1983,4833,0
1985,4850,0
1985,4862,0
1988,4873,0
1990,4881,0
1994,4888,0
1997,4896,0
2000,4900,0
2000,4899,0
2002,4899,0
2002,4899,0
2001,4900,0
2001,4900,0
2002,4899,0
1995,4896,0
1999,4892,0
2000,4895,0
2000,4895,0
1994,4897,1
2049,4775,0
2044,4784,0
2043,4801,0
2041,4822,0
2041,4847,0
2039,4876,0
2038,4892,0
2037,4892,0
2042,4891,0
2053,4885,0
2066,4870,0
2077,4851,0
2093,4828,0
2111,4811,0
2128,4799,0
2143,4796,0
2152,4794,0
2162,4804,0
2164,4816,0
2167,4840,0
2165,4864,0
2164,4886,0
2166,4901,0
2171,4905,0
2183,4901,1
2310,4792,0
2308,4788,0
2299,4782,0
2284,4782,0
2266,4790,0
2247,4804,0
2230,4821,0
2222,4843,0
2219,4864,0
2229,4882,0
2247,4890,0
2270,4888,0
2294,4878,0
2315,4860,0
2331,4840,0
2335,4814,0
2331,4794,0
2323,4784,0
2311,4779,0
2301,4777,0
2298,4774,1
2420,4552,0
2421,4560,0
2417,4565,0
2410,4579,0
2405,4606,0
2398,4646,0
2394,4693,0
2393,4743,0
2392,4786,0
2398,4830,0
2401,4870,0
2402,4895,0
2401,4904,1
2364,4823,0
2364,4818,0
2373,4816,0
2388,4816,0
2410,4813,0
2434,4811,0
2461,4803,0
2492,4801,1
2779,4594,0
2776,4607,0
2775,4633,0
2772,4669,0
2753,4757,0
2741,4795,0
2736,4830,0
2731,4850,0
2731,4858,0
2733,4854,0
2741,4846,0
2811,4765,0
2850,4759,0
2861,4768,0
2879,4799,1
2879,4816,0
2893,4823,0
2900,4825,0
2923,4829,0
2935,4816,0
2958,4811,0
2980,4801,0
3002,4788,0
3016,4778,0
3024,4766,0
3023,4758,0
3013,4749,0
2999,4751,0
2977,4755,0
2953,4770,0
2935,4790,0
2917,4818,0
2915,4841,0
2922,4872,0
2973,4899,0
3011,4905,0
3045,4905,0
3076,4905,0
3100,4903,1
3289,4805,0
3288,4815,0
3287,4824,0
3289,4840,0
3294,4865,0
3294,4886,0
3295,4908,0
3294,4922,0
3299,4928,1
3292,4644,0
3288,4632,0
3288,4632,0
3284,4625,0
3284,4625,1
3341,4771,0
3343,4784,0
3345,4800,0
3344,4818,0
3344,4837,0
3341,4850,0
3344,4864,0
3346,4866,0
3351,4864,0
3360,4860,0
3368,4847,0
3380,4837,0
3390,4823,0
3400,4813,0
3405,4811,0
3407,4814,0
3411,4830,0
3410,4844,0
3409,4862,0
3410,4871,0
3416,4872,0
3428,4876,0
3438,4866,0
3450,4851,0
3462,4835,0
3478,4823,0
3491,4821,0
3496,4823,0
3501,4833,0
3503,4846,0
3502,4865,0
3505,4891,0
3505,4903,1
3574,4794,0
3574,4804,0
3573,4818,0
3573,4837,0
3568,4857,0
3566,4871,0
3571,4879,0
3574,4876,0
3585,4871,0
3599,4863,0
3614,4847,0
3628,4830,0
3638,4810,0
3648,4809,0
3653,4811,0
3653,4820,0
3653,4839,0
3650,4859,0
3652,4875,0
3657,4877,0
3670,4870,0
3685,4857,0
3703,4838,0
3719,4815,0
3735,4797,0
3747,4789,0
3757,4794,0
3759,4801,0
3762,4823,0
3760,4847,0
3759,4871,0
3760,4884,0
3766,4890,1
3800,4857,0
3805,4867,0
3814,4876,0
3826,4878,0
3842,4879,0
3865,4874,0
3883,4863,0
3903,4852,0
3916,4838,0
3923,4825,0
3924,4815,0
3920,4808,0
3912,4809,0
3896,4813,0
3877,4821,0
3866,4836,0
3858,4859,0
3855,4884,0
3857,4912,0
3866,4929,0
3882,4943,0
3901,4945,0
3925,4945,0
3945,4934,0
3967,4920,1
4040,4838,0
4034,4827,0
4027,4827,0
4009,4823,0
3991,4830,0
3973,4841,0
3959,4859,0
3956,4881,0
3957,4894,0
3971,4908,0
3983,4910,0
4001,4903,0
4020,4887,0
4041,4860,0
4058,4825,0
4072,4783,0
4079,4741,0
4083,4710,0
4088,4692,0
4087,4673,0
4087,4673,0
4089,4677,0
4088,4686,0
4085,4707,0
4085,4742,0
4084,4785,0
4081,4825,0
4082,4862,0
4081,4891,0
4082,4914,0
4083,4923,0
4087,4926,1
4131,4835,0
4131,4846,0
4130,4865,0
4128,4886,0
4124,4902,0
4122,4908,0
4123,4907,0
4126,4892,0
4133,4873,1
4155,4709,0
4154,4705,0
4154,4705,0
4155,4705,1
4278,4852,0
4268,4850,0
4254,4850,0
4235,4853,0
4217,4859,0
4202,4875,0
4189,4893,0
4182,4912,0
4185,4924,0
4193,4933,0
4209,4933,0
4225,4927,0
4243,4910,0
4258,4891,0
4273,4871,0
4282,4854,0
4290,4850,0
4290,4849,0
4292,4853,0
4292,4867,0
4293,4891,0
4290,4917,0
4291,4946,0
4295,4968,0
4302,4982,1
4370,4630,0
4370,4630,0
4369,4631,0
4372,4635,0
4371,4640,0
4372,4654,0
4372,4673,0
4375,4702,0
4374,4731,0
4376,4765,0
4378,4798,0
4382,4825,0
4381,4840,0
4388,4854,0
4387,4855,0
4384,4847,0
4378,4838,1
4309,4798,0
4307,4799,0
4310,4802,0
4318,4806,0
4331,4801,0
4347,4801,0
4360,4796,0
4371,4798,0
4379,4796,1
4420,4886,0
4425,4893,0
4430,4893,0
4442,4895,0
4462,4895,0
4483,4886,0
4497,4869,0
4514,4857,0
4521,4843,0
4522,4832,0
4516,4821,0
4504,4815,0
4485,4813,0
4469,4821,0
4447,4827,0
4432,4842,0
4421,4865,0
4418,4892,0
4420,4920,0
4435,4944,0
4455,4958,0
4483,4969,0
4509,4969,0
4534,4961,0
4555,4946,1
4615,4660,0
4615,4660,0
4613,4661,0
4616,4675,0
4618,4694,0
4616,4721,0
4613,4748,0
4611,4785,0
4608,4822,0
4609,4857,0
4613,4883,0
4612,4899,0
4615,4907,1
4652,4819,0
4655,4822,0
4655,4826,0
4658,4835,0
4665,4849,0
4673,4864,0
4682,4877,0
4696,4886,0
4718,4895,0
4738,4889,0
4760,4883,0
4782,4870,0
4804,4858,0
4824,4847,0
4834,4844,0
4834,4844,0
4833,4855,0
4821,4875,0
4793,4896,0
4760,4928,0
4724,4965,0
4688,5003,0
4656,5036,0
4640,5058,0
4630,5074,1
5101,4777,0
5102,4781,0
5102,4787,0
5106,4799,0
5110,4817,0
5110,4833,0
5108,4850,0
5110,4869,0
5116,4891,0
5122,4907,0
5123,4911,0
5122,4912,0
5122,4912,0
5117,4906,0
5114,4898,0
5111,4879,0
5113,4862,0
5120,4850,0
5124,4831,0
5134,4816,0
5146,4801,0
5163,4792,0
5173,4783,0
5185,4783,0
5195,4784,1
5205,4813,0
5210,4820,0
5216,4825,0
5228,4830,0
5240,4830,0
5260,4828,0
5275,4820,0
5293,4815,0
5301,4802,0
5310,4794,0
5313,4786,0
5310,4777,0
5303,4773,0
5294,4775,0
5277,4781,0
5261,4796,0
5250,4811,0
5241,4824,0
5242,4839,0
5249,4854,0
5265,4867,0
5283,4873,0
5301,4871,0
5318,4867,0
5336,4862,1
5399,4750,0
5398,4751,0
5400,4754,0
5405,4767,0
5405,4782,0
5404,4800,0
5400,4819,0
5401,4835,0
5405,4842,0
5408,4845,0
5414,4845,0
5421,4838,0
5426,4823,0
5434,4810,0
5441,4792,0
5451,4782,0
5462,4779,0
5464,4777,0
5464,4777,0
5465,4782,0
5464,4792,0
5467,4811,0
5467,4828,0
5468,4839,0
5472,4841,0
5479,4840,0
5488,4830,0
5501,4819,0
5512,4802,0
5523,4786,0
5537,4779,0
5543,4772,0
5552,4775,0
5552,4780,0
5554,4795,0
5553,4813,0
5554,4839,0
5552,4859,0
5554,4874,0
5560,4879,0
5564,4874,1
5602,4838,0
5609,4848,0
5615,4853,0
5626,4859,0
5637,4859,0
5652,4856,0
5665,4849,0
5675,4838,0
5678,4825,0
5682,4816,0
5680,4807,0
5671,4799,0
5666,4798,0
5656,4802,0
5645,4806,0
5639,4818,0
5634,4835,0
5639,4857,0
5646,4879,0
5657,4896,0
5674,4907,0
5690,4914,0
5706,4915,0
5720,4912,0
5730,4903,1
5783,4817,0
5782,4818,0
5782,4823,0
5784,4833,0
5788,4852,0
5786,4865,0
5788,4880,0
5788,4886,0
5795,4889,0
5806,4890,0
5817,4885,0
5827,4874,0
5836,4859,0
5849,4851,0
5858,4848,0
5861,4850,0
5865,4857,0
5864,4870,0
5865,4888,0
5864,4900,0
5868,4907,0
5878,4908,0
5885,4901,0
5899,4891,0
5914,4877,0
5928,4863,0
5937,4848,0
5950,4845,0
5958,4848,0
5959,4853,0
5962,4866,0
5964,4883,0
5965,4899,1
6044,4704,0
6046,4702,0
6044,4704,0
6044,4710,0
6049,4727,0
6049,4751,0
6047,4783,0
6048,4818,0
6045,4850,0
6045,4873,0
6037,4882,0
6039,4886,0
6041,4884,0
6048,4876,0
6058,4860,0
6073,4849,0
6098,4847,0
6116,4844,0
6131,4847,0
6143,4857,0
6152,4871,0
6156,4889,0
6155,4903,0
6148,4915,0
6135,4924,0
6110,4927,0
6085,4931,0
6054,4927,0
6030,4923,0
6017,4919,0
6015,4916,0
6020,4911,0
6034,4903,1
6209,4886,0
6226,4884,0
6238,4878,0
6253,4873,0
6256,4862,0
6259,4854,0
6259,4849,0
6257,4845,0
6249,4842,0
6237,4842,0
6215,4848,0
6200,4859,0
6187,4868,0
6179,4876,0
6180,4893,0
6191,4916,0
6209,4932,0
6228,4947,0
6259,4954,0
6290,4956,0
6316,4953,0
6331,4947,0
6340,4937,0
6348,4929,0
6350,4920,1
6363,4840,0
6365,4844,0
6365,4850,0
6365,4861,0
6366,4879,0
6373,4901,0
6372,4921,0
6369,4941,0
6370,4958,0
6365,4968,0
6368,4973,0
6368,4971,0
6363,4965,0
6363,4949,0
6367,4926,0
6379,4907,0
6398,4891,0
6418,4875,0
6430,4859,0
6450,4850,0
6462,4842,1
6495,4884,0
6493,4886,0
6497,4888,0
6512,4888,0
6529,4881,0
6550,4876,0
6565,4863,0
6578,4854,0
6576,4851,0
6576,4844,0
6563,4842,0
6546,4848,0
6524,4856,0
6498,4868,0
6482,4880,0
6469,4894,0
6469,4907,0
6480,4919,0
6498,4929,0
6521,4933,0
6548,4932,1
6681,4863,0
6673,4860,0
6662,4859,0
6647,4859,0
6628,4864,0
6610,4872,0
6600,4891,0
6594,4909,0
6597,4930,0
6608,4936,0
6619,4935,0
6637,4927,0
6652,4910,0
6669,4882,0
6683,4847,0
6693,4804,0
6702,4762,0
6709,4728,0
6715,4702,0
6717,4680,0
6718,4666,0
6719,4664,0
6715,4669,0
6715,4689,0
6712,4718,0
6708,4755,0
6704,4798,0
6693,4842,0
6683,4880,0
6676,4912,0
6671,4930,0
6676,4943,0
6674,4946,1
6812,4924,0
6812,4924,0
6812,4924,0
6813,4924,0
6814,4923,0
6810,4921,0
6809,4922,0
6811,4925,0
6813,4929,0
6812,4930,0
6816,4938,0
6817,4936,0
6823,4936,1