and the low viewpoint was
676
816,3542,0
809,3530,0
808,3518,0
808,3510,0
803,3498,0
794,3492,0
780,3495,0
760,3498,0
737,3507,0
712,3529,0
687,3549,0
665,3579,0
646,3605,0
631,3636,0
625,3655,0
626,3663,0
634,3664,0
649,3654,0
670,3633,0
696,3603,0
722,3570,0
743,3535,0
760,3510,0
769,3490,0
771,3490,0
769,3490,0
756,3518,0
741,3544,0
728,3575,0
722,3598,0
723,3619,0
731,3627,0
748,3633,0
774,3623,0
805,3605,0
840,3580,0
873,3550,0
902,3532,0
922,3521,0
934,3518,0
940,3526,0
940,3546,0
934,3566,0
928,3585,0
926,3597,0
928,3601,0
938,3602,0
957,3590,0
987,3568,0
1022,3536,0
1059,3513,0
1096,3493,0
1126,3480,0
1144,3480,0
1154,3491,0
1158,3512,0
1152,3536,0
1143,3564,0
1134,3592,0
1128,3612,0
1130,3629,1
1452,3516,0
1455,3520,0
1455,3516,0
1453,3516,0
1447,3516,0
1433,3522,0
1409,3537,0
1379,3559,0
1353,3585,0
1334,3607,0
1323,3628,0
1320,3641,0
1325,3644,0
1334,3643,0
1353,3626,0
1382,3603,0
1414,3572,0
1447,3537,0
1476,3497,0
1501,3458,0
1520,3423,0
1532,3390,0
1544,3363,0
1551,3346,0
1549,3346,0
1542,3355,0
1530,3390,0
1516,3432,0
1501,3478,0
1488,3524,0
1481,3573,0
1479,3613,0
1482,3645,0
1494,3676,0
1509,3682,0
1536,3679,1
1997,3334,0
1995,3334,0
1995,3339,0
1995,3352,0
1996,3376,0
1993,3407,0
1985,3445,0
1969,3488,0
1950,3538,0
1935,3592,0
1922,3636,0
1913,3679,0
1904,3710,1
1908,3532,0
1908,3537,0
1909,3544,0
1917,3563,0
1930,3572,0
1950,3579,0
1975,3577,0
2003,3566,0
2035,3544,0
2067,3514,0
2100,3479,0
2128,3441,0
2151,3399,0
2169,3360,0
2180,3322,0
2183,3304,0
2180,3297,0
2176,3298,0
2167,3314,0
2148,3354,0
2132,3406,0
2112,3462,0
2094,3518,0
2084,3567,0
2081,3605,0
2087,3629,0
2098,3638,0
2114,3633,0
2140,3609,0
2172,3573,0
2203,3534,0
2228,3501,0
2246,3490,0
2253,3491,0
2258,3503,0
2263,3530,0
2268,3559,0
2276,3585,0
2292,3609,0
2309,3620,0
2332,3624,0
2360,3619,0
2396,3605,0
2431,3575,0
2465,3539,0
2487,3499,0
2494,3467,0
2490,3446,0
2480,3438,0
2468,3443,0
2454,3461,0
2445,3491,0
2446,3530,0
2455,3565,0
2468,3590,0
2496,3613,0
2530,3624,1
2828,3578,0
2838,3582,0
2856,3583,0
2878,3571,0
2902,3549,0
2928,3526,0
2953,3498,0
2977,3465,0
2996,3432,0
3013,3399,0
3021,3366,0
3023,3336,0
3021,3318,0
3009,3302,0
2999,3300,0
2986,3307,0
2967,3332,0
2945,3365,0
2923,3409,0
2898,3455,0
2881,3506,0
2871,3556,0
2871,3597,0
2879,3633,0
2897,3660,0
2923,3674,0
2958,3673,0
2999,3660,0
3045,3633,0
3090,3599,0
3131,3565,0
3165,3531,0
3188,3502,0
3202,3479,0
3205,3462,0
3202,3455,0
3202,3456,0
3192,3462,0
3175,3487,0
3158,3517,0
3145,3548,0
3137,3576,0
3134,3602,0
3134,3624,0
3139,3644,0
3145,3655,0
3152,3660,0
3162,3658,0
3176,3645,0
3196,3629,0
3208,3602,0
3219,3577,0
3223,3546,0
3225,3516,0
3223,3484,0
3221,3462,0
3213,3443,0
3204,3435,0
3204,3436,0
3202,3436,0
3209,3450,0
3220,3467,0
3235,3481,0
3257,3491,0
3287,3495,0
3317,3494,0
3350,3491,0
3374,3484,0
3394,3480,0
3399,3477,0
3399,3477,0
3399,3482,0
3389,3503,0
3382,3532,0
3370,3559,0
3361,3589,0
3357,3616,0
3358,3635,0
3368,3648,0
3384,3651,0
3404,3643,0
3434,3628,0
3460,3604,0
3476,3579,0
3490,3565,0
3493,3562,0
3492,3563,0
3491,3568,0
3488,3585,0
3490,3603,0
3494,3620,0
3504,3633,0
3513,3636,0
3529,3639,0
3542,3631,0
3555,3606,0
3572,3575,0
3584,3536,0
3593,3494,0
3590,3450,0
3586,3418,1
3892,3396,0
3889,3393,0
3884,3391,0
3885,3390,0
3888,3393,0
3884,3392,0
3887,3395,0
3885,3396,0
3880,3406,0
3879,3428,0
3875,3453,0
3867,3484,0
3853,3523,0
3844,3567,0
3834,3605,0
3831,3638,0
3838,3674,0
3846,3699,0
3853,3712,0
3864,3720,0
3875,3721,0
3889,3710,0
3907,3685,0
3926,3655,0
3940,3617,0
3952,3580,0
3964,3545,0
3966,3506,0
3973,3474,0
3976,3444,0
3971,3416,0
3969,3397,0
3965,3384,0
3960,3378,0
3960,3378,0
3960,3378,0
3964,3385,0
3968,3398,0
3976,3412,0
3989,3428,0
4005,3440,0
4025,3448,0
4047,3456,0
4073,3460,0
4094,3462,0
4111,3462,0
4128,3469,0
4138,3475,0
4145,3491,0
4149,3510,0
4142,3532,0
4133,3561,0
4118,3585,0
4106,3612,0
4099,3634,0
4094,3649,0
4095,3658,0
4097,3658,0
4099,3634,0
4109,3593,0
4117,3539,1
4147,3279,0
4140,3258,0
4140,3253,0
4136,3251,0
4137,3256,0
4135,3274,0
4138,3293,0
4142,3312,1
4199,3571,0
4203,3573,0
4212,3571,0
4228,3561,0
4247,3543,0
4268,3523,0
4290,3503,0
4304,3477,0
4318,3454,0
4328,3433,0
4328,3410,0
4326,3395,0
4323,3387,0
4315,3383,0
4302,3385,0
4287,3405,0
4270,3438,0
4248,3477,0
4236,3522,0
4232,3563,0
4233,3595,0
4243,3618,0
4258,3631,0
4278,3636,0
4304,3628,0
4331,3607,0
4362,3578,0
4389,3545,0
4417,3519,0
4434,3496,0
4446,3490,0
4445,3491,0
4442,3499,0
4436,3528,0
4433,3559,0
4429,3590,0
4430,3624,0
4435,3653,0
4440,3675,0
4444,3687,0
4458,3697,0
4474,3698,0
4495,3689,0
4514,3670,0
4529,3644,0
4547,3621,0
4558,3598,0
4567,3577,0
4571,3556,0
4578,3543,0
4581,3535,0
4582,3533,0
4582,3533,0
4582,3533,0
4582,3534,0
4583,3538,0
4587,3546,0
4588,3550,0
4589,3554,0
4591,3559,0
4594,3561,0
4592,3563,0
4594,3567,0
4593,3573,0
4593,3585,0
4588,3601,0
4587,3621,0
4582,3636,0
4585,3650,0
4592,3666,0
4601,3674,0
4611,3682,0
4623,3686,0
4634,3687,0
4648,3684,0
4666,3676,0
4679,3657,0
4698,3638,0
4710,3614,0
4722,3588,0
4725,3556,0
4728,3523,0
4727,3489,0
4724,3456,0
4715,3424,0
4709,3402,0
4702,3385,0
4694,3376,0
4690,3375,1
4891,3399,0
4890,3401,0
4891,3412,0
4892,3436,0
4886,3467,0
4879,3506,0
4863,3548,0
4840,3596,0
4818,3650,0
4800,3704,0
4787,3747,0
4780,3777,0
4779,3795,0
4777,3797,0
4778,3795,0
4780,3783,0
4788,3740,0
4801,3691,0
4816,3629,0
4840,3567,0
4861,3513,0
4882,3471,0
4898,3440,0
4907,3417,0
4916,3413,0
4916,3413,0
4920,3427,0
4924,3452,0
4934,3478,0
4941,3501,0
4952,3518,0
4964,3529,0
4989,3538,0
5014,3533,0
5050,3520,0
5087,3496,0
5121,3467,0
5146,3436,0
5165,3413,0
5176,3399,0
5174,3394,0
5178,3395,0
5178,3397,0
5175,3399,0
5166,3417,0
5146,3441,0
5126,3473,0
5108,3503,0
5088,3532,0
5079,3561,0
5076,3584,0
5079,3604,0
5084,3617,0
5094,3624,0
5114,3625,0
5139,3614,0
5159,3590,0
5187,3563,0
5208,3531,0
5224,3499,0
5231,3465,0
5226,3433,0
5212,3411,0
5195,3400,0
5178,3395,0
5172,3397,0
5169,3400,0
5166,3412,0
5172,3430,0
5184,3446,0
5202,3456,0
5230,3460,0
5269,3456,0
5303,3445,0
5333,3431,0
5363,3419,0
5380,3409,0
5384,3403,0
5384,3404,0
5376,3409,0
5356,3434,0
5337,3459,0
5323,3490,0
5313,3515,0
5308,3534,0
5313,3547,0
5329,3560,0
5351,3564,0
5378,3556,0
5417,3539,0
5458,3518,0
5490,3489,0
5521,3467,0
5540,3448,0
5546,3440,0
5546,3440,0
5544,3444,0
5540,3455,0
5529,3477,0
5520,3503,0
5510,3529,0
5506,3547,0
5507,3559,0
5513,3566,0
5524,3570,0
5539,3563,0
5561,3547,0
5593,3525,0
5621,3501,0
5648,3484,0
5676,3473,0
5692,3465,0
5711,3465,0
5722,3469,0
5725,3479,0
5728,3496,0
5725,3515,0
5725,3535,0
5718,3551,0
5718,3564,0
5711,3574,0
5706,3580,0
5709,3583,0
5708,3571,0
5704,3550,1
5438,3283,0
5425,3280,0
5424,3282,0
5426,3293,0
5430,3308,1
5900,3286,0
5909,3288,0
5915,3292,0
5924,3301,0
5926,3320,0
5920,3344,0
5914,3374,0
5900,3409,0
5881,3445,0
5862,3479,0
5849,3512,0
5844,3535,0
5840,3552,1
5801,3462,0
5804,3465,0
5808,3467,0
5820,3470,0
5846,3474,0
5885,3482,0
5917,3485,0
5950,3493,0
5973,3501,1
6225,3452,0
6227,3457,0
6232,3465,0
6233,3479,0
6232,3496,0
6227,3518,0
6223,3546,0
6210,3573,0
6203,3598,0
6195,3623,0
6187,3642,0
6184,3654,0
6185,3660,0
6189,3660,0
6198,3655,0
6210,3636,0
6226,3613,0
6238,3588,0
6250,3569,0
6255,3561,0
6259,3563,0
6261,3567,0
6263,3586,0
6263,3609,0
6267,3630,0
6273,3649,0
6280,3661,0
6285,3668,0
6297,3672,0
6307,3672,0
6328,3661,0
6348,3640,0
6370,3613,0
6386,3580,0
6397,3541,0
6404,3509,0
6411,3481,0
6412,3465,0
6406,3451,0
6408,3448,0
6409,3454,1
6616,3508,0
6607,3489,0
6609,3479,0
6604,3471,0
6604,3472,0
6601,3468,0
6589,3482,0
6565,3497,0
6546,3522,0
6520,3548,0
6502,3576,0
6488,3600,0
6484,3621,0
6483,3631,0
6487,3638,0
6492,3638,0
6502,3629,0
6524,3611,0
6538,3587,0
6563,3562,0
6583,3537,0
6597,3515,0
6609,3501,0
6608,3496,0
6611,3499,0
6606,3498,0
6602,3521,0
6594,3542,0
6590,3571,0
6586,3594,0
6584,3611,0
6591,3624,0
6600,3631,0
6610,3631,0
6630,3622,0
6654,3604,0
6683,3580,0
6708,3555,0
6731,3525,0
6758,3501,0
6785,3481,0
6803,3466,0
6814,3462,0
6819,3462,0
6824,3467,0
6826,3481,0
6832,3502,0
6835,3530,0
6835,3561,0
6826,3592,0
6818,3621,0
6809,3644,0
6796,3665,0
6780,3683,0
6755,3694,0
6733,3706,0
6705,3712,1