criticism all the way along plus the
580
884,3110,0
880,3105,0
871,3097,0
860,3093,0
846,3092,0
833,3098,0
818,3109,0
805,3124,0
799,3139,0
800,3156,0
808,3169,0
822,3177,0
842,3183,0
864,3185,0
885,3182,0
899,3175,0
915,3172,1
936,3097,0
938,3101,0
943,3117,0
946,3129,0
948,3146,0
952,3162,0
954,3170,0
955,3170,0
955,3170,0
953,3158,0
950,3141,0
945,3125,0
939,3110,0
938,3093,0
946,3081,0
962,3074,0
978,3071,0
994,3075,0
1008,3080,0
1023,3088,1
1068,3068,0
1068,3069,0
1072,3073,0
1078,3085,0
1083,3100,0
1085,3120,0
1090,3133,0
1095,3145,0
1098,3148,1
1062,3016,0
1055,3005,0
1056,3004,0
1059,3004,0
1064,3005,1
1114,2980,0
1114,2984,0
1114,2989,0
1114,3000,0
1116,3021,0
1123,3049,0
1126,3072,0
1131,3100,0
1134,3124,0
1136,3136,0
1138,3148,0
1137,3148,1
1126,3093,0
1134,3096,0
1153,3095,0
1174,3095,0
1194,3095,1
1238,3092,0
1241,3105,0
1245,3116,0
1249,3132,0
1252,3144,1
1225,3005,0
1221,3001,0
1220,3001,0
1222,3005,0
1223,3009,1
1377,3082,0
1374,3086,0
1365,3091,0
1350,3092,0
1333,3098,1
1302,3120,0
1296,3129,0
1300,3141,0
1311,3148,0
1330,3150,0
1353,3152,0
1377,3150,0
1396,3144,1
1445,3086,0
1445,3086,0
1445,3090,0
1448,3105,0
1451,3121,0
1455,3137,0
1459,3148,0
1466,3160,0
1468,3159,1
1439,3018,0
1432,3007,0
1440,3026,1
1570,3071,0
1566,3072,0
1554,3074,0
1534,3078,0
1512,3085,0
1493,3092,0
1481,3097,0
1479,3098,0
1489,3108,0
1506,3118,0
1529,3131,0
1553,3144,0
1569,3148,0
1582,3158,0
1585,3163,0
1583,3171,0
1573,3173,0
1560,3179,0
1544,3181,0
1532,3183,0
1522,3176,1
1631,3101,0
1634,3109,0
1635,3121,0
1638,3136,0
1640,3152,0
1640,3160,0
1643,3168,0
1643,3168,0
1640,3161,0
1636,3149,0
1631,3138,0
1626,3127,0
1624,3119,0
1619,3104,0
1620,3103,0
1623,3107,0
1633,3117,0
1643,3127,0
1657,3141,0
1670,3146,0
1680,3141,0
1694,3138,0
1705,3127,0
1715,3117,0
1720,3108,0
1720,3099,0
1720,3099,0
1721,3104,0
1724,3115,0
1727,3131,0
1733,3154,0
1736,3165,0
1745,3180,1
2166,3136,0
2161,3121,0
2154,3107,0
2144,3093,0
2132,3081,0
2119,3076,0
2106,3077,0
2091,3082,0
2078,3095,0
2071,3110,0
2070,3123,0
2076,3138,0
2084,3144,0
2096,3148,0
2110,3148,0
2119,3136,0
2135,3126,0
2147,3114,0
2152,3103,0
2152,3098,0
2154,3102,0
2159,3109,0
2164,3119,0
2172,3138,0
2177,3153,0
2182,3169,0
2188,3179,0
2195,3181,0
2203,3173,1
2217,3022,0
2215,3018,0
2221,3038,0
2225,3062,0
2227,3091,0
2230,3121,0
2233,3141,0
2234,3149,0
2239,3152,0
2241,3142,0
2249,3126,0
2250,3095,0
2257,3071,0
2266,3049,0
2271,3030,0
2276,3020,0
2279,3018,0
2285,3029,0
2292,3048,0
2298,3076,0
2304,3107,0
2311,3140,0
2316,3160,0
2323,3173,0
2333,3178,1
2632,3017,0
2632,3017,0
2639,3028,0
2646,3042,0
2651,3062,0
2652,3083,0
2654,3110,0
2654,3129,0
2655,3146,0
2651,3152,0
2649,3153,0
2644,3146,0
2639,3132,1
2614,3095,0
2623,3090,0
2647,3092,0
2671,3092,1
2712,2995,0
2714,2999,0
2720,3014,0
2726,3033,0
2739,3059,0
2745,3083,0
2749,3108,0
2750,3126,0
2749,3135,0
2750,3134,0
2754,3133,0
2762,3119,0
2775,3102,0
2790,3088,0
2806,3080,0
2818,3077,0
2825,3082,0
2839,3102,0
2847,3121,0
2854,3139,0
2859,3155,1
2907,3125,0
2911,3129,0
2924,3134,0
2942,3137,0
2958,3136,0
2972,3132,0
2979,3119,0
2982,3107,0
2979,3095,0
2968,3087,0
2954,3087,0
2933,3091,0
2920,3104,0
2914,3117,0
2918,3133,0
2933,3152,0
2956,3165,0
2977,3171,0
3001,3175,0
3025,3178,0
3042,3173,1
3269,3067,0
3269,3068,0
3267,3074,0
3267,3089,0
3269,3107,0
3269,3127,0
3267,3144,0
3268,3158,0
3267,3163,0
3271,3166,0
3269,3162,0
3273,3158,0
3277,3151,0
3280,3144,0
3280,3139,0
3286,3139,0
3294,3143,0
3303,3146,0
3320,3154,0
3339,3160,0
3358,3165,0
3369,3167,0
3376,3167,0
3376,3161,0
3378,3150,0
3381,3138,0
3377,3125,0
3372,3115,0
3366,3109,0
3364,3105,0
3364,3105,0
3368,3107,0
3380,3107,1
3508,3098,0
3502,3092,0
3492,3085,0
3477,3081,0
3457,3087,0
3438,3098,0
3423,3110,0
3417,3124,0
3419,3139,0
3429,3151,0
3439,3153,0
3452,3153,0
3465,3144,0
3481,3135,0
3497,3122,0
3508,3113,0
3513,3110,0
3515,3112,0
3520,3124,0
3524,3141,0
3527,3159,1
3691,3104,0
3688,3101,0
3695,3117,0
3691,3136,0
3682,3165,0
3670,3192,0
3661,3214,0
3656,3235,0
3648,3241,1
3609,3116,0
3610,3115,0
3614,3118,0
3627,3128,0
3643,3140,1
4033,3134,0
4032,3151,0
4034,3166,0
4044,3179,0
4055,3185,0
4064,3187,0
4077,3185,0
4087,3175,0
4096,3161,0
4104,3147,0
4104,3136,0
4105,3134,0
4102,3131,0
4111,3141,0
4120,3154,0
4126,3170,0
4135,3189,0
4146,3207,0
4155,3216,0
4162,3209,0
4173,3190,1
4204,3023,0
4204,3025,0
4209,3042,0
4213,3068,0
4217,3098,0
4219,3126,0
4225,3148,0
4231,3165,1
4295,3138,0
4287,3134,0
4283,3127,0
4280,3119,0
4281,3112,0
4285,3100,0
4297,3095,0
4311,3090,0
4331,3093,0
4348,3098,0
4358,3110,0
4365,3127,0
4360,3144,0
4348,3157,0
4333,3168,0
4316,3175,0
4301,3178,0
4288,3174,0
4283,3168,0
4285,3155,0
4294,3139,1
4425,3130,0
4427,3141,0
4434,3157,0
4430,3168,0
4426,3177,0
4423,3182,0
4418,3176,0
4415,3165,0
4417,3147,0
4421,3130,0
4426,3112,0
4439,3103,0
4451,3095,0
4466,3097,0
4480,3105,0
4490,3118,0
4492,3134,0
4498,3151,0
4504,3163,0
4515,3175,0
4526,3179,1
4618,3121,0
4622,3110,0
4617,3104,0
4610,3107,0
4592,3109,0
4578,3119,0
4561,3127,0
4553,3142,0
4544,3147,0
4551,3157,0
4553,3155,0
4567,3151,0
4584,3144,0
4603,3139,0
4616,3136,0
4628,3136,0
4633,3140,0
4645,3151,0
4653,3167,0
4660,3189,0
4658,3210,0
4662,3237,0
4657,3255,0
4653,3271,0
4640,3274,0
4629,3274,0
4618,3268,0
4608,3255,0
4603,3243,0
4600,3228,0
4603,3212,0
4621,3204,1
4933,3119,0
4936,3122,0
4932,3119,0
4936,3127,0
4941,3140,0
4951,3160,0
4953,3178,0
4962,3199,0
4963,3218,0
4967,3238,0
4963,3248,0
4963,3255,0
4963,3256,1
4951,3121,0
4956,3114,0
4970,3109,0
4986,3108,0
5008,3119,0
5025,3130,0
5031,3141,0
5036,3154,0
5039,3170,0
5027,3179,0
5017,3193,0
4994,3197,0
4980,3202,1
5076,2999,0
5074,3007,0
5079,3030,0
5074,3055,0
5077,3085,0
5073,3112,0
5079,3137,0
5083,3153,0
5085,3162,0
5098,3166,0
5103,3158,0
5114,3150,0
5131,3141,0
5137,3127,0
5139,3117,0
5138,3110,0
5139,3109,0
5141,3115,0
5151,3127,0
5159,3143,0
5165,3156,0
5172,3167,0
5175,3168,0
5188,3170,0
5197,3159,0
5209,3150,0
5220,3140,0
5219,3129,0
5224,3127,0
5224,3129,0
5230,3134,0
5225,3141,0
5228,3156,0
5236,3173,0
5239,3183,0
5244,3189,0
5259,3190,1
5376,3119,0
5370,3116,0
5352,3112,0
5337,3114,0
5315,3117,0
5310,3124,0
5302,3129,0
5307,3136,0
5316,3143,0
5336,3150,0
5356,3157,0
5375,3165,0
5381,3170,0
5371,3170,0
5363,3174,0
5349,3180,0
5330,3185,0
5310,3187,0
5306,3193,0
5294,3189,0
5300,3180,1
5732,2982,0
5735,2984,0
5738,2996,0
5740,3015,0
5745,3038,0
5748,3063,0
5751,3088,0
5755,3112,0
5757,3130,0
5759,3144,0
5759,3151,0
5754,3150,0
5747,3139,1
5723,3102,0
5743,3100,0
5764,3098,0
5788,3096,1
5814,3024,0
5813,3026,0
5818,3041,0
5824,3061,0
5824,3085,0
5826,3111,0
5827,3134,0
5834,3152,0
5835,3157,0
5844,3158,0
5850,3149,0
5861,3138,0
5872,3129,0
5885,3123,0
5890,3122,0
5897,3127,0
5906,3141,0
5911,3156,0
5911,3172,0
5914,3182,0
5919,3189,1
5964,3170,0
5969,3170,0
5983,3169,0
5996,3165,0
6009,3158,0
6015,3148,0
6017,3138,0
6011,3131,0
6001,3124,0
5988,3129,0
5974,3139,0
5966,3151,0
5962,3164,0
5968,3178,0
5980,3189,0
6007,3200,0
6037,3204,1