is the superfluous amount of
773
1204,3742,0
1204,3746,0
1201,3742,0
1205,3754,0
1206,3762,0
1208,3782,0
1210,3814,0
1211,3854,0
1211,3898,0
1210,3930,0
1210,3946,0
1210,3954,0
1211,3958,1
1196,3619,0
1196,3614,0
1197,3611,0
1200,3607,0
1204,3602,0
1206,3598,0
1214,3602,0
1224,3614,0
1234,3629,1
1377,3752,0
1374,3748,0
1365,3741,0
1356,3742,0
1342,3747,0
1324,3752,0
1310,3765,0
1295,3774,0
1288,3783,0
1286,3787,0
1286,3787,0
1293,3798,0
1303,3802,0
1321,3812,0
1343,3819,0
1370,3837,0
1390,3852,0
1406,3870,0
1414,3886,0
1416,3897,0
1409,3911,0
1396,3916,0
1378,3921,0
1361,3926,0
1344,3931,0
1324,3928,0
1306,3933,0
1290,3927,0
1279,3919,1
1620,3518,0
1620,3537,0
1623,3570,0
1630,3649,0
1631,3690,0
1634,3734,0
1638,3773,0
1643,3809,0
1647,3841,0
1652,3868,0
1653,3880,0
1655,3889,0
1657,3888,1
1679,3726,0
1679,3726,0
1678,3723,0
1677,3723,0
1667,3725,0
1652,3727,0
1635,3729,0
1618,3736,0
1601,3739,0
1585,3737,0
1573,3739,0
1564,3740,0
1559,3745,0
1558,3744,0
1558,3740,0
1567,3732,0
1580,3718,1
1667,3501,0
1671,3505,0
1674,3516,0
1682,3547,0
1690,3586,0
1697,3634,0
1705,3689,0
1711,3742,0
1718,3776,0
1724,3804,0
1727,3828,0
1728,3839,0
1728,3839,0
1727,3840,0
1725,3828,0
1727,3812,0
1732,3795,0
1744,3780,0
1756,3761,0
1767,3759,0
1775,3758,0
1785,3764,0
1792,3771,0
1801,3789,0
1809,3812,0
1808,3824,0
1812,3849,0
1812,3860,0
1812,3865,1
1826,3829,0
1836,3836,0
1848,3837,0
1857,3831,0
1873,3831,0
1886,3820,0
1902,3817,0
1913,3806,0
1920,3797,0
1925,3787,0
1923,3771,0
1920,3764,0
1908,3754,0
1893,3749,0
1880,3756,0
1866,3764,0
1854,3778,0
1845,3793,0
1841,3805,0
1841,3814,0
1847,3829,0
1857,3843,0
1870,3853,0
1887,3857,0
1910,3864,0
1931,3864,0
1954,3867,0
1971,3863,0
1988,3863,1
2249,3717,0
2249,3717,0
2249,3717,0
2248,3717,0
2241,3720,0
2230,3723,0
2218,3727,0
2205,3731,0
2193,3739,0
2182,3743,0
2174,3745,0
2171,3750,0
2169,3751,0
2169,3755,0
2171,3762,0
2180,3768,0
2194,3776,0
2213,3787,0
2230,3794,0
2248,3810,0
2263,3826,0
2272,3840,0
2275,3847,0
2275,3851,0
2268,3858,0
2253,3863,0
2236,3868,0
2218,3870,0
2198,3867,0
2182,3867,0
2169,3863,0
2162,3861,0
2159,3858,1
2327,3724,0
2325,3720,0
2327,3728,0
2330,3744,0
2333,3764,0
2338,3784,0
2342,3800,0
2350,3822,0
2358,3840,0
2366,3855,0
2374,3865,0
2379,3863,0
2387,3865,0
2393,3849,0
2398,3831,0
2408,3814,0
2412,3791,0
2417,3773,0
2415,3748,0
2415,3739,0
2415,3735,0
2417,3739,0
2417,3742,0
2422,3762,0
2426,3782,0
2438,3807,0
2444,3822,0
2451,3836,0
2460,3850,1
2509,3750,0
2513,3787,0
2516,3829,0
2520,3875,0
2526,3916,0
2531,3952,0
2532,3973,0
2536,3988,0
2535,3988,0
2534,3989,0
2531,3982,0
2528,3965,0
2523,3937,0
2522,3908,0
2519,3866,0
2516,3829,0
2518,3798,0
2524,3774,0
2528,3751,0
2535,3740,0
2544,3732,0
2555,3731,0
2564,3731,0
2578,3743,0
2588,3757,0
2596,3775,0
2597,3792,0
2597,3809,0
2589,3821,0
2582,3832,0
2572,3837,0
2560,3838,0
2549,3837,1
2623,3811,0
2634,3815,0
2644,3815,0
2655,3814,0
2665,3810,0
2676,3806,0
2688,3800,0
2695,3793,0
2704,3789,0
2707,3779,0
2709,3773,0
2704,3763,0
2695,3757,0
2684,3754,0
2671,3756,0
2660,3756,0
2650,3760,0
2639,3765,0
2634,3776,0
2629,3787,0
2629,3800,0
2635,3814,0
2645,3827,0
2656,3836,0
2673,3842,0
2694,3851,0
2714,3854,0
2732,3855,0
2753,3859,0
2768,3857,0
2785,3857,0
2795,3848,0
2806,3843,0
2811,3836,0
2817,3834,0
2819,3833,0
2817,3825,0
2811,3814,0
2805,3805,0
2792,3783,0
2782,3771,0
2771,3754,0
2762,3740,0
2760,3732,0
2756,3720,0
2760,3723,0
2766,3716,0
2779,3711,0
2794,3712,0
2808,3713,0
2824,3719,0
2836,3723,0
2845,3722,1
3030,3500,0
3030,3491,0
3027,3478,0
3023,3467,0
3015,3453,0
3008,3443,0
3001,3438,0
2989,3431,0
2972,3427,0
2958,3431,0
2943,3434,0
2930,3442,0
2919,3453,0
2911,3471,0
2907,3496,0
2906,3524,0
2905,3556,0
2908,3595,0
2914,3637,0
2922,3679,0
2929,3725,0
2934,3771,0
2934,3807,0
2938,3846,0
2937,3882,0
2942,3915,0
2942,3933,0
2946,3949,0
2948,3953,1
2963,3743,0
2962,3744,0
2955,3747,0
2944,3749,0
2931,3751,0
2916,3754,0
2901,3756,0
2890,3763,0
2881,3767,0
2873,3771,0
2869,3777,0
2863,3776,0
2861,3777,1
3033,3503,0
3037,3510,0
3037,3519,0
3042,3539,0
3042,3561,0
3048,3595,0
3051,3631,0
3057,3674,0
3064,3715,0
3071,3752,0
3074,3778,0
3079,3803,0
3086,3826,0
3089,3843,0
3095,3853,0
3097,3858,0
3098,3856,0
3099,3855,0
3103,3849,0
3107,3842,0
3108,3832,0
3112,3825,0
3120,3817,0
3129,3807,0
3134,3795,0
3139,3783,0
3146,3774,0
3154,3761,0
3162,3747,0
3163,3728,0
3165,3717,0
3165,3708,0
3165,3708,0
3165,3708,0
3166,3712,0
3168,3720,0
3173,3736,0
3180,3754,0
3188,3773,0
3194,3788,0
3205,3805,0
3212,3814,0
3221,3824,0
3230,3828,0
3233,3826,0
3238,3814,0
3242,3798,0
3245,3776,0
3245,3757,0
3244,3740,0
3245,3735,0
3245,3735,0
3245,3735,0
3253,3744,0
3257,3759,0
3264,3779,0
3276,3800,0
3286,3822,0
3293,3836,0
3300,3847,0
3303,3849,1
3413,3724,0
3416,3726,0
3411,3720,0
3411,3720,0
3409,3717,0
3408,3718,0
3408,3718,0
3408,3718,0
3411,3720,0
3408,3718,0
3409,3717,0
3408,3718,0
3409,3717,0
3409,3717,0
3408,3718,0
3411,3720,0
3411,3720,0
3408,3718,0
3408,3718,0
3411,3720,0
3408,3718,0
3410,3721,0
3407,3718,0
3407,3718,0
3407,3718,0
3407,3718,0
3407,3718,0
3409,3720,0
3407,3718,0
3407,3718,0
3410,3721,0
3407,3718,0
3405,3719,0
3399,3718,0
3393,3717,0
3382,3715,0
3376,3714,0
3367,3715,0
3361,3720,0
3353,3725,0
3346,3733,0
3335,3740,0
3327,3751,0
3320,3764,0
3320,3783,0
3321,3800,0
3327,3816,0
3335,3830,0
3346,3841,0
3364,3855,0
3382,3857,0
3403,3858,0
3421,3856,0
3435,3852,0
3444,3841,0
3457,3829,0
3462,3807,0
3465,3785,0
3462,3768,0
3452,3750,0
3439,3740,0
3424,3735,0
3409,3731,0
3397,3724,0
3385,3718,1
3504,3711,0
3504,3711,0
3503,3712,0
3504,3720,0
3504,3735,0
3508,3752,0
3510,3773,0
3518,3802,0
3524,3822,0
3535,3844,0
3547,3860,0
3555,3869,0
3566,3876,0
3577,3878,0
3585,3868,0
3596,3851,0
3606,3829,0
3610,3802,0
3612,3773,0
3605,3742,0
3603,3725,0
3603,3719,0
3603,3719,0
3602,3720,0
3605,3738,0
3610,3769,0
3619,3801,0
3629,3834,0
3639,3855,1
3749,3747,0
3749,3742,0
3742,3733,0
3736,3732,0
3729,3732,0
3713,3729,0
3701,3728,0
3691,3730,0
3682,3732,0
3679,3740,0
3673,3738,0
3677,3749,0
3682,3756,0
3694,3772,0
3708,3786,0
3724,3805,0
3737,3825,0
3746,3843,0
3752,3859,0
3747,3867,0
3742,3876,0
3730,3880,0
3719,3883,0
3703,3879,0
3689,3875,1
4194,3695,0
4196,3694,0
4196,3688,0
4193,3679,0
4186,3670,0
4179,3665,0
4167,3665,0
4151,3669,0
4135,3678,0
4121,3689,0
4105,3698,0
4096,3711,0
4089,3732,0
4089,3754,0
4087,3771,0
4089,3784,0
4102,3800,0
4115,3810,0
4132,3817,0
4149,3818,0
4164,3816,0
4178,3809,0
4188,3795,0
4193,3775,0
4193,3754,0
4191,3735,0
4189,3720,0
4187,3712,0
4187,3712,0
4187,3712,0
4190,3719,0
4198,3740,0
4208,3768,0
4213,3789,0
4224,3807,0
4236,3817,0
4249,3822,1
4258,3701,0
4258,3717,0
4266,3743,0
4272,3770,0
4276,3793,0
4283,3808,0
4287,3810,0
4284,3807,0
4285,3800,0
4290,3785,0
4292,3769,0
4291,3748,0
4293,3725,0
4295,3700,0
4303,3677,0
4314,3662,0
4324,3658,0
4336,3663,0
4348,3674,0
4355,3694,0
4363,3714,0
4373,3738,0
4377,3755,0
4378,3766,0
4381,3769,0
4379,3765,0
4379,3754,0
4384,3739,0
4387,3724,0
4393,3714,0
4399,3702,0
4408,3694,0
4418,3690,0
4427,3692,0
4439,3703,0
4451,3720,0
4452,3741,0
4459,3772,0
4459,3795,0
4462,3813,0
4461,3825,1
4569,3701,0
4571,3699,0
4570,3694,0
4563,3689,0
4553,3688,0
4542,3688,0
4531,3691,0
4521,3696,0
4516,3707,0
4505,3718,0
4500,3729,0
4499,3745,0
4507,3765,0
4515,3780,0
4531,3792,0
4551,3800,0
4571,3805,0
4588,3805,0
4595,3798,0
4608,3790,0
4613,3769,0
4613,3747,0
4605,3727,0
4594,3709,0
4586,3701,0
4577,3698,0
4573,3702,0
4561,3703,0
4560,3709,1
4636,3660,0
4641,3668,0
4643,3677,0
4644,3693,0
4647,3718,0
4654,3746,0
4657,3765,0
4666,3778,0
4674,3788,0
4684,3795,0
4692,3798,0
4698,3798,0
4705,3791,0
4715,3781,0
4719,3766,0
4722,3746,0
4722,3727,0
4721,3706,0
4721,3689,0
4719,3679,0
4719,3679,0
4715,3677,0
4720,3684,0
4722,3699,0
4731,3724,0
4737,3746,0
4750,3774,0
4763,3795,0
4772,3808,0
4782,3816,0
4790,3819,0
4799,3814,0
4807,3806,1
4799,3722,0
4805,3746,0
4809,3770,0
4813,3789,0
4817,3802,0
4819,3805,0
4819,3805,0
4821,3804,0
4825,3793,0
4825,3777,0
4827,3758,0
4832,3740,0
4838,3723,0
4841,3707,0
4851,3703,0
4857,3697,0
4867,3698,0
4876,3699,0
4888,3704,0
4900,3714,0
4910,3727,0
4920,3746,0
4930,3771,0
4936,3788,0
4936,3798,1
4999,3527,0
5008,3559,0
5012,3595,0
5021,3640,0
5026,3684,0
5031,3727,0
5032,3761,0
5037,3791,0
5036,3809,0
5041,3821,0
5037,3819,0
5036,3820,0
5031,3814,0
5029,3799,0
5020,3773,0
5009,3749,0
4997,3721,0
4986,3698,0
4977,3678,0
4963,3658,0
4956,3647,0
4957,3646,0
4957,3646,0
4961,3648,0
4976,3650,0
4997,3656,0
5015,3659,0
5034,3662,0
5053,3670,0
5069,3677,0
5085,3682,0
5096,3683,0
5101,3678,1
5455,3690,0
5460,3691,0
5460,3690,0
5460,3684,0
5455,3672,0
5446,3663,0
5435,3658,0
5426,3662,0
5405,3669,0
5391,3680,0
5381,3691,0
5368,3701,0
5364,3713,0
5363,3727,0
5370,3744,0
5380,3756,0
5402,3769,0
5426,3782,0
5453,3788,0
5470,3793,0
5489,3795,0
5501,3785,0
5511,3766,0
5513,3740,0
5512,3715,0
5506,3697,0
5491,3684,0
5478,3681,0
5467,3682,0
5453,3686,0
5446,3689,0
5441,3689,0
5440,3677,1
5638,3416,0
5629,3414,0
5614,3414,0
5600,3420,0
5590,3434,0
5585,3455,0
5577,3486,0
5574,3524,0
5578,3571,0
5586,3626,0
5593,3684,0
5601,3737,0
5608,3780,0
5609,3806,0
5611,3828,0
5610,3836,0
5607,3839,0
5601,3834,0
5590,3814,0
5578,3785,0
5567,3754,0
5555,3725,0
5543,3702,0
5544,3687,0
5540,3679,0
5541,3679,0
5555,3673,0
5573,3669,0
5597,3665,0
5622,3666,0
5641,3668,0
5658,3672,0
5671,3674,1