to have been restored and it is
602
636,4386,0
630,4393,0
626,4408,0
620,4432,0
611,4471,0
605,4519,0
598,4574,0
589,4642,0
579,4705,0
571,4772,0
564,4832,0
557,4883,0
550,4923,1
496,4582,0
497,4582,0
503,4579,0
513,4580,0
528,4582,0
544,4584,0
565,4582,0
589,4581,0
618,4584,1
791,4743,0
794,4743,0
793,4747,0
788,4743,0
762,4746,0
740,4768,0
716,4798,0
697,4825,0
685,4860,0
682,4883,0
688,4905,0
702,4922,0
722,4927,0
747,4921,0
770,4902,0
795,4867,0
813,4825,0
828,4782,0
835,4738,0
836,4706,0
829,4698,0
815,4697,0
798,4707,0
783,4735,0
774,4758,1
1122,4420,0
1116,4440,0
1110,4484,0
1097,4536,0
1082,4593,0
1065,4648,0
1047,4700,0
1030,4756,0
1019,4796,0
1012,4824,0
1011,4832,0
1013,4832,0
1015,4828,0
1020,4816,0
1027,4784,0
1035,4752,0
1047,4712,0
1064,4676,0
1083,4644,0
1102,4620,0
1119,4612,0
1128,4612,0
1132,4620,0
1131,4644,0
1122,4688,0
1109,4728,0
1101,4784,0
1097,4828,0
1097,4861,1
1294,4703,0
1295,4703,0
1297,4703,0
1289,4708,0
1270,4720,0
1249,4741,0
1229,4758,0
1212,4787,0
1204,4815,0
1204,4842,0
1218,4879,0
1231,4902,0
1246,4910,0
1264,4909,0
1280,4888,0
1295,4852,0
1307,4806,0
1317,4766,0
1326,4734,0
1329,4718,0
1330,4718,0
1328,4722,0
1322,4746,0
1316,4786,0
1312,4831,0
1305,4867,0
1302,4899,0
1299,4919,0
1300,4927,1
1431,4671,0
1431,4671,0
1432,4683,0
1426,4719,0
1418,4760,0
1407,4805,0
1401,4845,0
1397,4878,0
1399,4898,0
1406,4898,0
1426,4883,0
1454,4857,0
1485,4811,0
1514,4772,0
1544,4741,0
1568,4719,0
1585,4700,1
1547,4873,0
1570,4871,0
1602,4859,0
1628,4836,0
1650,4809,0
1674,4782,0
1693,4739,0
1710,4701,0
1718,4676,0
1715,4664,0
1708,4664,0
1686,4676,0
1660,4703,0
1635,4739,0
1616,4785,0
1611,4830,0
1621,4865,0
1642,4887,0
1667,4892,0
1696,4892,0
1725,4876,1
2102,4411,0
2101,4411,0
2101,4428,0
2095,4462,0
2088,4513,0
2076,4569,0
2060,4630,0
2045,4690,0
2026,4748,0
2011,4799,0
1998,4843,0
1988,4869,0
1984,4879,0
1984,4874,0
1984,4866,0
1987,4838,0
1996,4803,0
2009,4772,0
2024,4743,0
2042,4720,0
2060,4704,0
2075,4693,0
2085,4685,0
2093,4688,0
2094,4692,0
2092,4705,0
2082,4736,0
2068,4772,0
2049,4808,0
2032,4845,0
2014,4868,0
2002,4879,0
1988,4882,0
1973,4873,0
1959,4863,0
1948,4852,0
1940,4842,1
2116,4879,0
2125,4881,0
2143,4874,0
2157,4870,0
2170,4855,0
2185,4835,0
2200,4806,0
2212,4775,0
2219,4744,0
2219,4724,0
2213,4713,0
2200,4708,0
2179,4722,0
2154,4743,0
2133,4774,0
2116,4802,0
2112,4831,0
2118,4850,0
2136,4862,0
2162,4865,0
2191,4866,1
2252,4893,0
2258,4896,0
2273,4892,0
2289,4888,0
2307,4875,0
2326,4854,0
2343,4828,0
2359,4803,0
2371,4778,0
2381,4764,0
2379,4748,0
2371,4746,0
2350,4739,0
2325,4754,0
2301,4782,0
2280,4808,0
2271,4835,0
2272,4855,0
2284,4873,0
2306,4888,0
2333,4893,1
2545,4764,0
2541,4757,0
2536,4755,0
2528,4757,0
2516,4765,0
2496,4784,0
2478,4814,0
2458,4841,0
2449,4882,0
2434,4898,0
2432,4915,0
2434,4915,0
2446,4912,0
2468,4888,0
2499,4850,0
2533,4815,0
2568,4787,0
2601,4772,0
2622,4765,0
2637,4768,0
2640,4775,0
2639,4796,0
2626,4822,0
2610,4848,0
2593,4875,0
2581,4895,0
2572,4911,0
2572,4915,0
2579,4912,1
2980,4768,0
2963,4809,0
2941,4847,0
2919,4895,0
2902,4936,0
2889,4966,0
2879,4983,0
2881,4995,0
2884,4990,0
2905,4982,0
2930,4955,0
2960,4913,0
2988,4871,0
3019,4833,0
3047,4800,0
3070,4777,0
3084,4767,0
3102,4755,0
3115,4758,0
3122,4763,0
3124,4775,1
3074,4910,0
3076,4910,0
3086,4917,0
3105,4927,0
3132,4933,0
3167,4932,0
3203,4920,0
3245,4909,0
3279,4893,0
3313,4864,0
3339,4834,0
3358,4798,0
3362,4779,0
3351,4761,0
3325,4765,0
3293,4777,0
3265,4808,0
3245,4839,0
3239,4859,0
3243,4875,0
3259,4899,0
3287,4912,0
3319,4924,0
3348,4927,0
3386,4927,1
3535,4748,0
3529,4746,0
3518,4748,0
3499,4753,0
3482,4762,0
3468,4783,0
3452,4805,0
3443,4837,0
3442,4873,0
3452,4912,0
3465,4938,0
3480,4956,0
3494,4972,0
3492,4973,0
3489,4975,0
3471,4974,0
3447,4968,0
3419,4951,0
3396,4940,0
3371,4929,0
3358,4932,1
3730,4531,0
3725,4529,0
3723,4529,0
3711,4533,0
3696,4550,0
3681,4583,0
3665,4630,0
3653,4688,0
3640,4750,0
3629,4806,0
3624,4854,0
3620,4893,0
3621,4924,0
3619,4939,0
3620,4934,0
3628,4920,0
3630,4883,1
3624,4621,0
3627,4624,0
3636,4628,0
3648,4635,0
3665,4648,0
3687,4659,0
3715,4665,0
3743,4662,0
3776,4661,1
3926,4800,0
3927,4799,0
3925,4796,0
3908,4787,0
3888,4786,0
3856,4795,0
3820,4817,0
3790,4857,0
3764,4895,0
3761,4934,0
3766,4954,0
3784,4966,0
3813,4968,0
3846,4959,0
3880,4935,0
3905,4902,0
3927,4860,0
3940,4824,0
3942,4804,0
3937,4801,0
3923,4801,0
3904,4818,0
3889,4842,0
3878,4857,0
3880,4864,1
4083,4780,0
4084,4785,0
4074,4801,0
4056,4837,0
4031,4876,0
4006,4915,0
3991,4943,0
3981,4963,0
3983,4967,0
3986,4965,0
4009,4955,0
4039,4917,0
4073,4882,0
4105,4847,0
4140,4821,0
4172,4809,0
4193,4799,1
4158,4961,0
4182,4974,0
4214,4977,0
4249,4973,0
4283,4961,0
4317,4938,0
4348,4902,0
4369,4858,0
4380,4821,0
4381,4801,0
4374,4796,0
4350,4798,0
4319,4814,0
4286,4843,0
4265,4881,0
4249,4911,0
4246,4937,0
4254,4961,0
4275,4976,0
4305,4984,0
4336,4983,1
4536,4876,0
4526,4879,0
4504,4874,0
4479,4878,0
4451,4893,0
4421,4915,0
4400,4944,0
4385,4979,0
4382,5000,0
4396,5019,0
4418,5023,0
4453,5018,0
4492,4996,0
4534,4961,0
4567,4907,0
4601,4848,0
4628,4782,0
4654,4731,0
4681,4690,0
4700,4654,0
4715,4632,0
4726,4623,0
4727,4622,0
4725,4629,0
4712,4664,0
4698,4722,0
4688,4796,0
4682,4871,0
4678,4935,1
5150,4846,0
5146,4844,0
5134,4838,0
5122,4833,0
5097,4828,0
5069,4830,0
5035,4844,0
5006,4869,0
4977,4897,0
4968,4927,0
4967,4953,0
4974,4967,0
4994,4973,0
5027,4961,0
5067,4927,0
5112,4879,0
5148,4827,0
5177,4785,0
5197,4761,0
5201,4758,0
5195,4769,0
5176,4813,0
5156,4873,0
5133,4934,0
5117,4989,0
5111,5031,0
5106,5051,0
5108,5054,0
5117,5047,1
5295,4813,0
5294,4819,0
5293,4832,0
5287,4863,0
5273,4897,0
5261,4934,0
5245,4970,0
5229,4999,0
5217,5021,0
5215,5027,0
5222,5027,0
5236,5004,0
5265,4957,0
5302,4915,0
5337,4882,0
5377,4862,0
5408,4851,0
5429,4847,0
5441,4857,0
5441,4881,0
5426,4915,0
5404,4963,0
5377,5008,0
5357,5042,0
5342,5055,1
5636,4855,0
5636,4854,0
5630,4850,0
5607,4844,0
5578,4850,0
5540,4875,0
5503,4915,0
5476,4967,0
5465,5020,0
5470,5054,0
5484,5058,0
5511,5043,0
5547,5011,0
5587,4952,0
5626,4876,0
5663,4801,0
5702,4728,0
5728,4666,0
5754,4622,0
5764,4605,0
5769,4606,0
5769,4606,0
5766,4614,0
5754,4650,0
5738,4708,0
5721,4783,0
5701,4864,0
5687,4934,0
5683,4987,0
5680,5023,0
5686,5040,0
5694,5038,0
5706,5015,1
5897,4790,0
5894,4806,0
5887,4836,0
5878,4884,0
5867,4942,0
5853,5002,0
5844,5054,0
5835,5097,0
5832,5121,1
5947,4603,0
5949,4600,0
5947,4596,0
5953,4601,0
5950,4606,0
5952,4609,0
5950,4629,0
5959,4649,0
5976,4661,1
6152,4565,0
6150,4567,0
6156,4572,0
6148,4587,0
6129,4639,0
6105,4708,0
6078,4784,0
6053,4859,0
6030,4929,0
6012,4999,0
5998,5055,0
5991,5090,0
5989,5097,1
6025,4772,0
6024,4772,0
6023,4773,0
6027,4777,0
6039,4793,0
6057,4814,0
6081,4828,0
6109,4845,0
6137,4852,1
6332,4887,0
6319,4913,0
6307,4945,0
6296,4991,0
6280,5038,0
6268,5086,0
6258,5125,0
6254,5146,0
6258,5154,1
6381,4623,0
6377,4621,0
6378,4620,0
6376,4623,0
6379,4625,0
6378,4626,0
6384,4644,0
6391,4672,0
6404,4695,1
6603,4886,0
6602,4888,0
6596,4895,0
6572,4905,0
6543,4926,0
6519,4953,0
6490,4980,0
6469,5009,0
6456,5042,0
6457,5082,0
6464,5115,0
6475,5146,0
6486,5169,0
6491,5186,0
6492,5198,0
6481,5209,0
6466,5219,0
6439,5226,0
6403,5222,0
6362,5214,0
6318,5207,1