as we read them and seeing how the
741
844,3267,0
849,3256,0
851,3240,0
850,3233,0
846,3223,0
841,3215,0
831,3211,0
820,3214,0
805,3221,0
793,3235,0
781,3255,0
772,3277,0
767,3305,0
770,3329,0
783,3342,0
801,3349,0
822,3346,0
842,3332,0
858,3317,0
866,3301,0
869,3286,0
863,3273,0
855,3264,0
846,3256,0
839,3255,0
837,3259,0
835,3263,0
837,3275,0
842,3291,0
851,3313,0
861,3334,0
873,3354,0
887,3363,1
1049,3240,0
1049,3225,0
1049,3216,0
1044,3209,0
1035,3204,0
1020,3204,0
1003,3208,0
986,3211,0
969,3218,0
952,3230,0
940,3242,0
935,3250,0
937,3257,0
948,3262,0
969,3271,0
995,3271,0
1023,3276,0
1046,3280,0
1066,3292,0
1078,3300,0
1081,3313,0
1076,3325,0
1063,3337,0
1044,3349,0
1022,3356,0
1003,3364,0
988,3363,0
982,3363,0
982,3359,1
1286,3198,0
1288,3202,0
1294,3213,0
1303,3232,0
1312,3248,0
1322,3263,0
1331,3279,0
1341,3286,0
1351,3289,0
1360,3288,0
1369,3275,0
1377,3263,0
1378,3242,0
1377,3226,0
1372,3210,0
1365,3199,0
1361,3195,0
1360,3199,0
1357,3204,0
1357,3216,0
1361,3232,0
1370,3251,0
1386,3274,0
1402,3284,0
1421,3290,0
1438,3288,0
1455,3286,0
1469,3276,0
1479,3263,0
1481,3243,0
1480,3226,0
1475,3207,0
1469,3192,0
1466,3184,0
1462,3176,0
1461,3176,0
1460,3177,1
1534,3182,0
1523,3196,0
1515,3209,0
1515,3233,0
1521,3253,1
1905,3190,0
1906,3189,0
1905,3190,0
1908,3197,0
1911,3209,0
1916,3228,0
1923,3247,0
1927,3259,0
1935,3273,0
1939,3276,0
1942,3279,0
1942,3279,0
1942,3279,0
1937,3269,0
1928,3255,0
1919,3240,0
1908,3226,0
1899,3212,0
1898,3213,0
1896,3209,0
1903,3211,0
1915,3212,0
1936,3218,0
1959,3221,0
1990,3224,0
2016,3221,0
2043,3216,0
2066,3209,0
2084,3203,0
2094,3194,0
2098,3189,0
2089,3175,0
2078,3167,0
2063,3163,0
2046,3165,0
2029,3170,0
2014,3183,0
2002,3199,0
1996,3218,0
1999,3238,0
2009,3256,0
2026,3267,0
2047,3273,0
2075,3277,0
2102,3273,1
2230,3193,0
2227,3177,0
2229,3168,0
2228,3164,0
2216,3156,0
2203,3157,0
2187,3163,0
2171,3173,0
2158,3186,0
2147,3202,0
2145,3225,0
2149,3240,0
2162,3252,0
2180,3255,0
2203,3250,0
2225,3242,0
2245,3230,0
2260,3220,0
2263,3202,0
2264,3193,0
2260,3186,0
2251,3180,0
2248,3182,0
2246,3187,0
2248,3199,0
2253,3214,0
2263,3233,0
2274,3245,0
2288,3252,1
2426,3204,0
2422,3187,0
2422,3175,0
2415,3160,0
2406,3151,0
2395,3147,0
2376,3142,0
2357,3146,0
2333,3152,0
2314,3164,0
2301,3182,0
2297,3202,0
2300,3218,0
2311,3230,0
2329,3235,0
2354,3239,0
2379,3237,0
2400,3228,0
2421,3218,0
2439,3206,0
2450,3188,1
2432,3002,0
2432,3007,0
2430,3017,0
2431,3039,0
2430,3065,0
2432,3091,0
2434,3117,0
2437,3141,0
2446,3168,0
2453,3192,0
2461,3209,0
2468,3224,0
2473,3239,0
2473,3252,0
2475,3264,0
2480,3271,0
2487,3268,1
2786,3011,0
2782,3010,0
2782,3011,0
2782,3014,0
2784,3028,0
2787,3045,0
2794,3068,0
2799,3098,0
2803,3127,0
2805,3158,0
2805,3187,0
2804,3210,0
2806,3227,1
2724,3177,0
2719,3175,0
2728,3179,0
2741,3181,0
2760,3179,0
2782,3177,0
2809,3175,0
2836,3168,0
2861,3159,1
2859,2991,0
2864,2998,0
2866,3010,0
2872,3035,0
2876,3064,0
2879,3095,0
2884,3126,0
2890,3155,0
2896,3175,0
2904,3188,0
2912,3198,0
2922,3202,0
2931,3200,0
2944,3192,0
2956,3171,0
2970,3148,0
2986,3129,0
2998,3115,0
3004,3107,0
3008,3109,0
3008,3114,0
3008,3128,0
3006,3148,0
3011,3174,0
3018,3193,0
3028,3206,0
3046,3213,0
3066,3210,0
3092,3202,0
3117,3189,0
3141,3174,0
3158,3153,0
3172,3134,0
3174,3112,0
3165,3093,0
3159,3088,0
3145,3084,0
3130,3085,0
3117,3093,0
3106,3106,0
3101,3124,0
3095,3142,0
3102,3167,0
3115,3187,0
3131,3200,0
3151,3206,0
3174,3209,0
3197,3204,0
3214,3196,1
3243,3087,0
3243,3086,0
3246,3089,0
3246,3095,0
3249,3112,0
3252,3130,0
3256,3151,0
3257,3165,0
3262,3176,0
3269,3182,0
3277,3185,0
3279,3179,0
3288,3173,0
3293,3160,0
3300,3144,0
3307,3124,0
3313,3104,0
3321,3093,0
3327,3093,0
3330,3095,0
3337,3105,0
3347,3124,0
3356,3142,0
3361,3153,0
3373,3165,0
3381,3168,0
3390,3165,0
3399,3160,0
3408,3152,0
3413,3139,0
3425,3124,0
3435,3105,0
3445,3097,0
3448,3095,0
3452,3097,0
3451,3103,0
3452,3122,0
3454,3141,0
3453,3152,0
3460,3162,0
3463,3165,0
3465,3163,0
3473,3162,0
3479,3158,0
3492,3157,1
3831,3100,0
3828,3093,0
3827,3088,0
3822,3082,0
3812,3075,0
3784,3176,0
3805,3173,0
3827,3164,0
3848,3154,0
3859,3139,0
3865,3127,0
3865,3117,0
3860,3106,0
3849,3100,0
3846,3103,0
3842,3107,0
3839,3114,0
3843,3127,0
3846,3141,0
3857,3157,0
3870,3168,0
3884,3176,0
3898,3175,0
3913,3171,0
3928,3163,0
3942,3156,0
3952,3146,0
3952,3128,0
3956,3113,0
3954,3098,0
3950,3085,0
3943,3075,0
3943,3075,0
3943,3075,0
3945,3079,0
3953,3095,0
3957,3112,0
3965,3132,0
3979,3152,0
3991,3163,0
3997,3163,0
4007,3163,0
4017,3160,0
4025,3153,0
4027,3139,0
4036,3124,0
4045,3105,0
4056,3088,0
4066,3076,0
4074,3074,0
4077,3076,0
4082,3088,0
4087,3106,0
4091,3127,0
4096,3144,0
4108,3160,0
4114,3166,0
4127,3170,0
4140,3167,1
4284,3120,0
4285,3114,0
4283,3105,0
4275,3095,0
4267,3086,0
4253,3078,0
4237,3071,0
4223,3074,0
4208,3079,0
4191,3086,0
4181,3101,0
4178,3123,0
4179,3145,0
4181,3160,0
4193,3170,0
4212,3174,0
4229,3167,0
4254,3159,0
4272,3145,0
4289,3132,0
4304,3116,1
4276,2967,0
4278,2984,0
4279,3001,0
4287,3028,0
4292,3053,0
4303,3081,0
4314,3105,0
4325,3123,0
4338,3139,1
4697,3075,0
4685,3066,0
4673,3060,0
4661,3057,0
4649,3059,0
4628,3059,0
4606,3061,0
4592,3065,0
4583,3070,0
4584,3075,0
4588,3082,0
4599,3088,0
4622,3098,0
4651,3107,0
4678,3118,0
4697,3126,0
4714,3137,0
4719,3144,0
4722,3153,0
4712,3158,0
4696,3165,0
4677,3170,0
4650,3170,0
4630,3168,0
4613,3164,0
4605,3161,0
4603,3158,0
4611,3156,0
4620,3150,1
4784,3152,0
4796,3144,0
4814,3134,0
4833,3122,0
4849,3110,0
4859,3096,0
4870,3083,0
4869,3069,0
4866,3062,0
4857,3059,0
4838,3058,0
4818,3064,0
4792,3071,0
4776,3086,0
4765,3098,0
4765,3113,0
4774,3127,0
4789,3140,0
4815,3152,0
4840,3159,0
4870,3160,0
4904,3162,0
4934,3156,0
4961,3148,0
4980,3136,0
4995,3122,0
5000,3103,0
5004,3084,0
4999,3064,0
4992,3053,0
4981,3048,0
4963,3045,0
4944,3051,0
4926,3062,0
4910,3077,0
4905,3095,0
4909,3110,0
4922,3125,0
4945,3135,0
4972,3139,0
5006,3140,1
5083,3044,0
5079,3042,0
5084,3049,0
5091,3067,0
5089,3083,0
5096,3102,0
5100,3116,0
5106,3127,0
5113,3132,1
5119,2999,0
5115,2992,0
5113,2989,0
5115,2992,0
5115,2999,1
5186,3057,0
5185,3052,0
5185,3052,0
5186,3057,0
5192,3071,0
5195,3086,0
5205,3107,0
5210,3120,0
5221,3132,0
5231,3139,0
5239,3141,0
5251,3139,0
5256,3131,0
5265,3119,0
5273,3101,0
5284,3085,0
5291,3075,0
5299,3076,0
5298,3078,0
5305,3091,0
5304,3105,0
5308,3122,0
5315,3139,0
5326,3150,0
5337,3156,1
5467,3129,0
5463,3120,0
5460,3111,0
5460,3104,0
5450,3089,0
5443,3078,0
5435,3069,0
5429,3064,0
5420,3063,0
5405,3064,0
5395,3071,0
5378,3083,0
5367,3098,0
5370,3116,0
5373,3126,0
5388,3137,0
5405,3142,0
5421,3140,0
5438,3136,0
5447,3129,0
5452,3123,0
5453,3114,0
5449,3106,0
5442,3102,0
5443,3101,0
5442,3102,0
5443,3108,0
5447,3122,0
5453,3141,0
5465,3168,0
5473,3191,0
5482,3214,0
5485,3237,0
5494,3259,0
5495,3279,0
5491,3297,0
5482,3310,0
5472,3317,0
5462,3318,0
5446,3313,0
5431,3300,0
5426,3286,0
5415,3267,0
5413,3250,0
5410,3233,1
5656,2882,0
5656,2891,0
5653,2904,0
5656,2922,0
5658,2941,0
5663,2965,0
5667,2989,0
5672,3010,0
5675,3029,0
5677,3047,0
5678,3062,0
5682,3071,0
5686,3078,0
5686,3078,0
5691,3079,0
5690,3066,0
5697,3047,0
5710,3025,0
5719,3003,0
5738,2987,0
5756,2973,0
5778,2967,0
5791,2970,0
5802,2981,0
5803,2996,0
5805,3016,0
5803,3033,0
5800,3048,0
5805,3062,0
5809,3071,0
5822,3079,0
5835,3082,0
5849,3081,1
5921,3025,0
5919,3011,0
5921,3001,0
5919,2995,0
5914,2989,0
5904,2989,0
5890,2991,0
5875,2999,0
5863,3012,0
5848,3030,0
5843,3046,0
5850,3064,0
5862,3076,0
5881,3083,0
5899,3083,0
5921,3080,0
5926,3071,0
5933,3059,0
5936,3046,0
5935,3032,0
5928,3020,0
5922,3015,0
5923,3014,0
5917,3014,0
5922,3022,1
5981,2986,0
5983,2982,0
5983,2982,0
5984,2987,0
5982,2999,0
5983,3021,0
5976,3042,0
5978,3062,0
5984,3075,0
5993,3082,0
6003,3082,0
6019,3079,0
6032,3072,0
6037,3055,0
6039,3036,0
6041,3018,0
6035,3004,0
6032,3000,0
6032,3000,0
6027,3002,0
6028,3015,0
6027,3033,0
6032,3049,0
6042,3063,0
6051,3071,0
6063,3073,0
6081,3075,0
6090,3069,0
6104,3061,0
6112,3039,0
6123,3018,0
6131,2995,0
6132,2977,0
6127,2970,0
6125,2966,0
6117,2964,0
6115,2966,1
6462,2804,0
6461,2807,0
6457,2814,0
6456,2826,0
6454,2837,0
6455,2854,0
6456,2870,0
6463,2893,0
6469,2917,0
6470,2941,0
6466,2965,0
6466,2992,0
6459,3014,0
6455,3036,0
6456,3052,0
6454,3064,0
6458,3074,1
6348,2984,0
6337,2979,0
6336,2978,0
6348,2982,0
6365,2984,0
6388,2983,0
6422,2980,0
6461,2975,0
6494,2970,1
6563,2825,0
6567,2825,0
6565,2828,0
6566,2837,0
6570,2856,0
6576,2881,0
6583,2911,0
6594,2943,0
6598,2971,0
6600,2993,0
6604,3010,0
6611,3024,0
6609,3035,0
6614,3035,0
6618,3035,0
6632,3028,0
6650,3010,0
6668,2983,0
6691,2965,0
6708,2958,0
6716,2958,0
6719,2960,0
6715,2968,0
6719,2989,0
6714,3008,0
6718,3026,0
6722,3037,0
6736,3042,0
6759,3042,0
6785,3036,0
6808,3024,0
6831,3016,0
6841,3002,0
6852,2989,0
6852,2970,0
6840,2959,0
6831,2951,0
6819,2950,0
6808,2952,0
6790,2962,0
6790,2980,0
6785,2999,0
6793,3019,0
6806,3037,0
6833,3045,1