and his own teacher.
488
587,4682,0
586,4682,0
582,4681,0
578,4677,0
572,4671,0
566,4671,0
558,4670,0
547,4669,0
538,4676,0
525,4690,0
511,4709,0
499,4728,0
488,4758,0
482,4786,0
481,4802,0
488,4823,0
501,4828,0
523,4828,0
550,4814,0
571,4788,0
591,4770,1
515,4604,0
509,4612,0
509,4608,0
513,4608,0
523,4606,0
538,4603,0
554,4597,0
569,4595,0
579,4601,0
584,4608,0
586,4625,0
584,4654,0
581,4685,0
578,4717,0
576,4753,0
579,4785,0
585,4806,0
594,4819,0
608,4821,0
624,4814,0
646,4800,0
665,4774,0
685,4743,0
704,4717,0
721,4690,0
729,4674,0
732,4676,0
733,4675,0
732,4695,0
728,4719,0
725,4751,0
726,4775,0
733,4796,0
749,4793,0
771,4778,0
798,4755,0
826,4726,0
851,4699,0
870,4679,0
880,4676,0
880,4684,0
875,4704,0
868,4748,0
864,4780,0
866,4808,0
875,4824,0
893,4833,0
920,4825,0
949,4806,1
1077,4693,0
1070,4688,0
1063,4688,0
1052,4685,0
1040,4680,0
1028,4672,0
1016,4669,0
1006,4668,0
996,4672,0
988,4680,0
981,4700,0
977,4727,0
976,4755,0
978,4787,0
985,4820,0
996,4836,0
1011,4836,0
1033,4820,0
1060,4776,0
1090,4720,0
1122,4652,0
1151,4584,0
1177,4512,0
1199,4451,0
1214,4414,0
1223,4386,0
1220,4378,0
1216,4394,0
1199,4430,0
1179,4491,0
1162,4560,0
1146,4636,0
1133,4716,0
1124,4776,0
1125,4833,0
1134,4856,0
1153,4868,1
1477,4410,0
1481,4426,0
1481,4449,0
1476,4490,0
1467,4536,0
1458,4584,0
1449,4633,0
1442,4678,0
1444,4722,0
1449,4758,0
1462,4776,0
1481,4787,0
1503,4784,0
1527,4775,0
1550,4757,0
1572,4738,0
1590,4720,0
1602,4706,0
1609,4701,0
1610,4701,0
1611,4710,0
1611,4730,0
1612,4746,0
1615,4761,0
1623,4780,0
1634,4792,0
1649,4794,0
1667,4791,0
1687,4777,0
1708,4761,0
1725,4743,0
1738,4729,0
1746,4719,0
1747,4719,0
1751,4727,0
1747,4739,0
1746,4756,0
1749,4780,0
1758,4795,0
1773,4801,0
1794,4797,0
1820,4785,0
1846,4765,0
1875,4744,0
1900,4715,0
1920,4695,0
1930,4673,0
1932,4657,0
1926,4649,0
1915,4647,0
1901,4654,0
1890,4664,0
1884,4677,0
1886,4689,0
1896,4700,0
1915,4708,0
1942,4711,0
1973,4713,0
2002,4720,0
2023,4724,0
2036,4734,0
2034,4738,0
2026,4752,0
2012,4770,0
1988,4784,0
1964,4796,0
1938,4806,0
1915,4810,0
1895,4805,1
1804,4613,0
1798,4619,0
1798,4615,0
1798,4615,0
1800,4614,1
2366,4655,0
2364,4652,0
2362,4648,0
2357,4649,0
2344,4649,0
2324,4654,0
2302,4669,0
2282,4691,0
2264,4720,0
2253,4756,0
2248,4787,0
2255,4818,0
2270,4839,0
2297,4862,0
2327,4861,0
2364,4856,0
2396,4830,0
2424,4805,0
2444,4779,0
2454,4746,0
2456,4717,0
2444,4683,0
2423,4660,0
2394,4644,0
2362,4636,0
2335,4640,0
2314,4649,0
2302,4665,0
2299,4682,1
2529,4681,0
2525,4687,0
2525,4700,0
2519,4719,0
2515,4741,0
2522,4772,0
2529,4794,0
2543,4819,0
2558,4836,0
2575,4843,0
2593,4842,0
2613,4835,0
2626,4822,0
2639,4813,0
2645,4803,0
2649,4802,0
2649,4801,0
2651,4806,0
2656,4821,0
2659,4833,0
2669,4845,0
2683,4854,0
2702,4856,0
2724,4848,0
2746,4832,0
2765,4804,0
2783,4775,0
2798,4745,0
2804,4712,0
2805,4691,0
2797,4672,0
2783,4661,0
2764,4650,0
2750,4655,0
2741,4664,0
2735,4678,0
2738,4698,0
2748,4716,0
2760,4725,0
2780,4734,0
2806,4737,0
2837,4734,0
2869,4726,0
2893,4707,0
2919,4697,0
2934,4683,0
2946,4682,0
2944,4678,0
2946,4690,0
2942,4710,0
2933,4734,0
2927,4763,0
2926,4789,0
2932,4809,0
2944,4821,0
2963,4822,0
2991,4815,0
3018,4794,0
3048,4777,0
3073,4758,0
3092,4751,0
3096,4743,0
3103,4754,0
3102,4772,0
3095,4796,0
3090,4821,0
3093,4845,0
3103,4858,0
3127,4866,1
3444,4369,0
3446,4354,0
3448,4348,0
3448,4353,0
3449,4371,0
3445,4400,0
3440,4439,0
3440,4494,0
3436,4546,0
3436,4601,0
3433,4652,0
3431,4699,0
3428,4741,0
3428,4768,0
3428,4786,0
3429,4789,0
3432,4788,0
3434,4769,0
3433,4738,0
3433,4706,0
3428,4669,0
3422,4631,0
3409,4597,0
3394,4569,0
3374,4548,0
3360,4542,0
3344,4541,0
3337,4553,0
3332,4574,0
3333,4600,0
3342,4632,0
3360,4664,0
3385,4690,0
3416,4707,0
3456,4717,0
3496,4719,0
3537,4714,0
3568,4693,0
3596,4673,0
3617,4657,0
3622,4640,0
3616,4625,0
3600,4620,0
3576,4620,0
3549,4635,0
3525,4653,0
3508,4685,0
3504,4719,0
3506,4749,0
3517,4771,0
3537,4792,0
3564,4804,0
3594,4811,1
3703,4710,0
3701,4710,0
3701,4715,0
3693,4719,0
3680,4722,0
3667,4726,0
3655,4736,0
3643,4748,0
3631,4759,0
3623,4772,0
3620,4784,0
3622,4796,0
3632,4804,0
3653,4816,0
3672,4809,0
3700,4803,0
3728,4787,1
3653,4641,0
3648,4644,0
3648,4644,0
3657,4644,0
3676,4642,0
3703,4635,0
3735,4635,0
3761,4633,0
3783,4643,0
3794,4651,0
3798,4667,0
3795,4693,0
3781,4719,0
3761,4744,0
3747,4772,0
3741,4799,0
3742,4821,0
3749,4835,0
3762,4841,0
3785,4837,0
3812,4826,1
3966,4675,0
3965,4676,0
3957,4672,0
3945,4675,0
3929,4680,0
3909,4688,0
3895,4707,0
3879,4726,0
3868,4751,0
3858,4780,0
3854,4806,0
3858,4832,0
3867,4850,0
3887,4866,0
3909,4866,0
3937,4859,0
3969,4839,0
4000,4811,0
4029,4768,0
4062,4724,0
4094,4673,0
4118,4623,0
4139,4574,0
4147,4529,0
4155,4495,0
4152,4468,0
4145,4453,0
4131,4454,0
4112,4467,0
4092,4500,0
4070,4544,0
4048,4597,0
4032,4657,0
4017,4714,0
4007,4763,0
4006,4806,0
4008,4828,0
4017,4842,0
4031,4842,0
4049,4831,0
4067,4815,0
4089,4801,0
4099,4780,0
4111,4772,0
4116,4769,0
4117,4773,0
4120,4786,0
4121,4804,0
4121,4823,0
4136,4846,0
4150,4857,0
4168,4859,0
4193,4857,0
4220,4845,0
4244,4823,0
4261,4796,0
4275,4772,0
4283,4748,0
4273,4720,0
4263,4707,0
4245,4696,0
4234,4703,0
4217,4710,0
4206,4732,0
4201,4760,0
4204,4792,0
4207,4819,0
4225,4845,0
4241,4859,0
4268,4870,0
4298,4868,0
4328,4858,0
4360,4840,0
4387,4825,0
4411,4809,0
4427,4796,0
4436,4791,0
4439,4794,0
4438,4799,0
4437,4810,0
4432,4818,0
4433,4832,0
4434,4837,0
4436,4840,0
4435,4836,0
4438,4828,0
4438,4814,0
4438,4799,0
4435,4776,0
4430,4756,0
4425,4739,0
4418,4724,0
4417,4715,0
4412,4709,0
4412,4709,0
4414,4712,0
4423,4726,0
4434,4738,0
4449,4751,0
4466,4763,0
4491,4775,1
4615,4892,0
4616,4896,0
4616,4896,0
4616,4897,0
4614,4898,0
4613,4898,0
4612,4899,0
4611,4900,0
4608,4903,0
4606,4899,0
4606,4900,0
4603,4896,0
4605,4895,0
4611,4895,0
4613,4883,0
4622,4862,0
4632,4823,1