intuitive grasp of the
385
693,3961,0
692,3961,0
696,3965,0
704,3986,0
709,4015,0
717,4051,0
721,4084,0
724,4112,0
725,4133,1
692,3820,0
686,3819,0
685,3819,0
686,3819,0
692,3828,1
767,3968,0
768,3968,0
769,3968,0
772,3976,0
777,3993,0
781,4009,0
784,4037,0
787,4053,0
789,4061,0
791,4062,0
796,4058,0
805,4043,0
818,4020,0
836,4000,0
855,3994,0
875,3991,0
891,4000,0
905,4020,0
914,4045,0
922,4074,0
927,4093,1
1013,3831,0
1015,3840,0
1020,3864,0
1021,3900,0
1023,3948,0
1025,3996,0
1027,4036,0
1028,4068,0
1030,4092,0
1030,4100,0
1032,4096,0
1027,4076,0
1021,4048,1
960,3966,0
961,3963,0
971,3967,0
994,3964,0
1023,3968,0
1049,3960,0
1073,3952,0
1093,3945,1
1124,3960,0
1127,3976,0
1132,4000,0
1138,4024,0
1146,4040,0
1157,4056,0
1167,4059,0
1181,4051,0
1197,4039,0
1212,4010,0
1225,3986,0
1241,3969,0
1253,3952,0
1261,3948,0
1269,3956,0
1275,3971,0
1281,3999,0
1286,4027,0
1290,4051,0
1296,4070,1
1339,3956,0
1339,3959,0
1343,3967,0
1348,3991,0
1352,4010,0
1355,4030,0
1355,4043,0
1353,4039,0
1351,4027,1
1325,3808,0
1322,3808,0
1324,3804,0
1327,3800,0
1334,3807,1
1440,3791,0
1442,3795,0
1446,3798,0
1452,3810,0
1457,3834,0
1463,3877,0
1464,3925,0
1467,3969,0
1470,4008,0
1476,4061,0
1478,4068,0
1476,4065,1
1424,3945,0
1425,3945,0
1438,3948,0
1459,3950,0
1488,3951,0
1520,3947,0
1549,3939,0
1573,3933,1
1606,3940,0
1611,3956,0
1614,3975,0
1611,4000,0
1607,4021,0
1605,4033,0
1607,4037,0
1608,4024,1
1621,3812,0
1616,3814,0
1617,3813,0
1619,3817,0
1627,3831,1
1706,3949,0
1708,3952,0
1715,3952,0
1727,3962,0
1737,3976,0
1749,3998,0
1759,4013,0
1773,4027,0
1785,4029,0
1799,4030,0
1812,4020,0
1829,4004,0
1844,3981,0
1859,3957,0
1874,3937,0
1888,3923,0
1899,3921,1
1929,4044,0
1934,4044,0
1949,4032,0
1965,4012,0
1977,3985,0
1987,3958,0
1993,3935,0
1993,3919,0
1990,3915,0
1983,3921,0
1971,3933,0
1960,3955,0
1955,3990,0
1960,4017,0
1978,4041,0
2012,4054,0
2053,4057,1
2778,3922,0
2768,3913,0
2759,3909,0
2744,3902,0
2728,3906,0
2710,3922,0
2685,3950,0
2670,3982,0
2663,3998,0
2678,4017,0
2699,4018,0
2721,4008,0
2741,3991,0
2760,3970,0
2779,3952,0
2789,3935,0
2793,3924,0
2795,3928,0
2795,3936,0
2796,3957,0
2802,3986,0
2813,4025,0
2828,4066,0
2840,4109,0
2848,4145,0
2849,4167,0
2849,4193,0
2837,4202,0
2828,4211,0
2810,4214,0
2791,4213,0
2767,4193,0
2753,4173,0
2745,4145,0
2748,4118,0
2761,4092,0
2780,4065,1
2912,3939,0
2914,3947,0
2921,3957,0
2932,3978,0
2943,3991,0
2950,3996,0
2955,3998,0
2960,4000,0
2962,3986,0
2963,3968,0
2967,3947,0
2977,3930,0
2988,3914,0
3003,3902,0
3025,3899,0
3048,3892,0
3070,3884,1
3218,3872,0
3209,3872,0
3199,3878,0
3179,3884,0
3162,3903,0
3144,3928,0
3130,3949,0
3127,3963,0
3137,3971,0
3159,3974,0
3176,3955,0
3198,3933,0
3218,3913,0
3231,3896,0
3241,3890,0
3250,3894,0
3255,3906,0
3258,3927,0
3261,3948,0
3263,3966,0
3272,3979,1
3448,3858,0
3440,3854,0
3428,3848,0
3415,3851,0
3402,3853,0
3397,3867,0
3396,3877,0
3401,3883,0
3421,3899,0
3444,3908,0
3468,3916,0
3482,3922,0
3491,3930,0
3484,3934,0
3469,3944,0
3441,3952,0
3408,3954,0
3382,3960,0
3360,3955,0
3359,3956,0
3368,3946,1
3571,3869,0
3572,3872,0
3575,3884,0
3578,3902,0
3584,3926,0
3590,3957,0
3600,3988,0
3609,4011,0
3619,4033,0
3625,4044,0
3626,4043,0
3625,4039,0
3620,4027,0
3609,4005,0
3600,3983,0
3592,3955,0
3589,3928,0
3597,3904,0
3608,3877,0
3631,3856,0
3665,3847,0
3694,3842,0
3713,3843,0
3720,3847,0
3716,3860,0
3705,3877,0
3684,3893,0
3659,3905,0
3641,3913,1
4369,3839,0
4365,3837,0
4361,3835,0
4348,3831,0
4329,3831,0
4315,3839,0
4289,3845,0
4278,3865,0
4262,3884,0
4262,3906,0
4273,3923,0
4293,3931,0
4318,3932,0
4336,3921,0
4355,3910,0
4362,3893,0
4366,3874,0
4360,3851,0
4353,3837,0
4345,3829,0
4337,3819,1
4529,3672,0
4521,3669,0
4517,3667,0
4511,3672,0
4507,3693,0
4514,3726,0
4519,3771,0
4530,3822,0
4538,3868,0
4543,3907,0
4555,3940,0
4555,3956,0
4559,3964,1
4469,3872,0
4472,3870,0
4482,3860,0
4508,3852,0
4543,3847,0
4577,3843,0
4613,3836,0
4648,3835,1
5120,3631,0
5119,3631,0
5122,3641,0
5137,3666,0
5147,3696,0
5158,3733,0
5171,3773,0
5177,3808,0
5181,3834,0
5186,3853,0
5189,3861,0
5185,3859,0
5175,3847,1
5106,3773,0
5110,3774,0
5120,3776,0
5140,3777,0
5163,3770,0
5185,3756,0
5207,3739,0
5228,3720,0
5237,3697,0
5246,3674,0
5248,3652,0
5250,3638,0
5253,3635,0
5252,3636,0
5253,3648,0
5257,3678,0
5258,3714,0
5262,3754,0
5271,3792,0
5276,3817,0
5286,3831,0
5296,3836,0
5306,3830,0
5323,3823,0
5339,3812,0
5353,3802,0
5364,3793,0
5380,3793,0
5394,3796,0
5410,3808,0
5423,3824,0
5446,3841,0
5465,3848,0
5491,3855,0
5516,3849,0
5540,3839,0
5557,3824,0
5569,3811,0
5566,3795,0
5558,3786,0
5543,3785,0
5530,3789,0
5522,3805,0
5520,3825,0
5533,3841,0
5554,3854,0
5583,3863,0
5622,3865,1