yours, and by sticking to it
355
1603,2818,0
1604,2825,0
1606,2846,0
1613,2864,0
1626,2882,0
1640,2892,0
1654,2897,0
1664,2887,1
1679,2822,0
1680,2834,0
1663,2854,0
1644,2895,0
1626,2948,0
1609,2995,0
1597,3023,0
1599,3046,1
1862,2803,0
1850,2799,0
1840,2801,0
1825,2805,0
1810,2814,0
1802,2837,0
1795,2864,0
1797,2892,0
1810,2905,0
1828,2904,0
1852,2894,0
1876,2866,0
1899,2837,0
1903,2815,0
1896,2805,0
1877,2799,0
1856,2801,1
1985,2819,0
1982,2844,0
1986,2869,0
1997,2885,0
2010,2886,0
2025,2872,0
2047,2856,0
2067,2827,0
2084,2804,0
2091,2796,0
2086,2794,0
2085,2812,0
2084,2843,0
2085,2859,1
2210,2848,0
2201,2856,0
2203,2864,0
2205,2867,0
2207,2863,0
2212,2852,0
2217,2832,0
2234,2820,0
2240,2796,0
2252,2795,0
2259,2796,0
2263,2794,1
2372,2832,0
2367,2830,0
2362,2841,0
2347,2857,0
2330,2874,0
2318,2879,0
2311,2878,0
2310,2874,0
2322,2873,1
2499,2897,0
2485,2914,0
2463,2943,0
2439,2973,1
2885,2738,0
2856,2733,0
2842,2739,0
2831,2752,0
2819,2770,0
2826,2808,0
2825,2832,0
2837,2853,0
2847,2856,0
2866,2853,0
2890,2837,0
2917,2809,0
2940,2787,0
2944,2770,0
2946,2768,0
2941,2767,0
2938,2779,0
2931,2799,0
2928,2816,1
3057,2761,0
3053,2789,0
3047,2808,0
3052,2815,0
3059,2815,0
3066,2799,0
3100,2753,0
3117,2730,0
3130,2730,0
3126,2738,0
3121,2762,0
3116,2786,0
3115,2808,0
3121,2818,1
3246,2743,0
3243,2740,0
3241,2736,0
3235,2731,0
3230,2731,0
3217,2731,0
3206,2745,0
3194,2760,0
3186,2782,0
3187,2802,0
3199,2818,0
3207,2817,0
3233,2816,1
3313,2653,0
3308,2653,0
3300,2664,0
3288,2697,0
3282,2749,0
3286,2794,0
3291,2815,0
3296,2826,0
3308,2838,1
3758,2635,0
3750,2649,0
3749,2673,0
3744,2703,0
3739,2736,0
3737,2773,0
3740,2777,0
3744,2776,0
3748,2767,0
3757,2752,0
3770,2739,0
3782,2731,0
3796,2734,0
3810,2748,0
3814,2768,0
3812,2793,0
3819,2825,0
3818,2849,0
3807,2862,0
3792,2866,0
3775,2866,0
3754,2858,0
3744,2852,0
3744,2840,1
3928,2780,0
3924,2773,0
3927,2776,0
3927,2782,0
3930,2803,0
3936,2825,0
3952,2843,0
3966,2851,0
3985,2849,1
4019,2793,0
4014,2805,0
3992,2835,0
3969,2883,0
3948,2934,0
3937,2979,0
3937,3008,0
3937,3020,1
4456,2762,0
4452,2760,0
4439,2757,0
4423,2758,0
4413,2763,0
4393,2764,0
4386,2772,0
4384,2781,0
4388,2790,0
4401,2800,0
4418,2810,0
4433,2817,0
4446,2827,0
4444,2835,0
4430,2845,0
4416,2856,0
4396,2863,0
4381,2862,0
4372,2859,0
4374,2857,0
4379,2853,1
4543,2664,0
4528,2692,0
4520,2736,0
4517,2780,0
4515,2815,1
4494,2750,0
4494,2750,0
4494,2750,0
4507,2753,0
4522,2753,1
4597,2773,0
4596,2781,0
4589,2796,0
4586,2815,0
4584,2830,1
4625,2687,0
4616,2679,0
4623,2682,0
4617,2684,0
4613,2689,1
4797,2755,0
4790,2751,0
4785,2752,0
4773,2755,0
4758,2762,0
4743,2777,0
4724,2796,0
4714,2818,0
4712,2841,0
4721,2854,0
4742,2860,0
4769,2857,0
4801,2846,1
4959,2664,0
4961,2670,0
4960,2692,0
4954,2723,0
4950,2758,0
4943,2791,0
4944,2811,0
4943,2819,0
4947,2820,1
5029,2747,0
5012,2744,0
5002,2753,0
4979,2758,0
4964,2767,0
4951,2779,0
4949,2796,0
4949,2811,0
4961,2820,0
4977,2824,0
4996,2825,0
5014,2827,0
5028,2822,1
5117,2803,0
5122,2811,0
5119,2830,0
5115,2849,0
5118,2859,1
5154,2702,0
5151,2697,0
5146,2697,0
5150,2707,0
5154,2716,1
5203,2802,0
5209,2809,0
5209,2823,0
5213,2839,0
5206,2850,1
5217,2854,0
5225,2842,0
5237,2823,0
5258,2805,0
5280,2793,0
5292,2789,0
5297,2796,0
5288,2811,0
5281,2837,0
5285,2860,0
5290,2873,0
5303,2883,1
5433,2827,0
5436,2820,0
5434,2811,0
5429,2804,0
5416,2793,0
5404,2789,0
5394,2791,0
5387,2802,0
5382,2818,0
5380,2837,0
5390,2852,0
5400,2859,0
5414,2856,0
5428,2850,0
5433,2842,0
5434,2840,0
5432,2844,0
5422,2852,0
5410,2872,0
5407,2908,0
5399,2948,0
5397,2972,0
5404,2986,0
5403,3001,0
5392,3011,0
5390,3021,0
5370,3023,0
5346,3016,0
5335,3011,1
5810,2613,0
5803,2644,0
5800,2685,0
5794,2730,0
5791,2777,0
5793,2813,0
5797,2832,0
5791,2840,0
5790,2844,1
5752,2733,0
5751,2733,0
5751,2733,0
5759,2735,0
5781,2729,1
6008,2737,0
5995,2736,0
5976,2736,0
5960,2741,0
5945,2753,0
5939,2773,0
5933,2799,0
5941,2828,0
5957,2838,0
5971,2840,0
5992,2833,0
6010,2817,0
6028,2791,0
6032,2776,0
6026,2761,0
6010,2749,0
5998,2745,1
6324,2767,0
6322,2779,0
6319,2794,0
6317,2818,0
6319,2832,1
6351,2665,0
6341,2658,0
6341,2658,0
6336,2659,0
6344,2661,1
6488,2627,0
6474,2648,0
6469,2689,0
6458,2729,0
6449,2766,0
6452,2798,0
6452,2825,0
6449,2838,0
6454,2847,1
6442,2737,0
6433,2734,0
6442,2735,0
6455,2736,0
6488,2742,1