minutes, it may take you twenty
755
909,2106,0
908,2106,0
909,2109,0
910,2118,0
913,2137,0
915,2158,0
916,2178,0
917,2198,0
915,2210,0
912,2215,0
910,2214,0
910,2214,0
912,2206,0
916,2190,0
922,2171,0
930,2152,0
944,2145,0
957,2133,0
974,2130,0
991,2131,0
1008,2140,0
1023,2156,0
1030,2172,0
1030,2192,0
1023,2208,0
1018,2227,0
1013,2231,0
1011,2236,0
1011,2232,0
1011,2219,0
1016,2204,0
1024,2176,0
1035,2152,0
1052,2133,0
1073,2117,0
1097,2105,0
1119,2096,0
1140,2096,0
1161,2111,0
1176,2126,0
1184,2146,0
1190,2166,0
1194,2190,0
1196,2210,0
1196,2225,0
1196,2237,0
1196,2238,0
1196,2237,0
1199,2229,1
1281,2126,0
1281,2130,0
1286,2142,0
1291,2158,0
1295,2177,0
1295,2189,0
1298,2205,0
1297,2213,0
1299,2221,1
1237,1966,0
1232,1959,0
1235,1962,0
1240,1966,0
1252,1981,1
1413,2108,0
1412,2112,0
1411,2121,0
1413,2137,0
1416,2157,0
1414,2169,0
1416,2188,0
1415,2201,0
1414,2210,0
1412,2214,0
1412,2214,0
1414,2214,0
1415,2205,0
1421,2196,0
1428,2178,0
1438,2165,0
1454,2154,0
1471,2138,0
1488,2127,0
1503,2120,0
1519,2124,0
1529,2130,0
1538,2145,0
1546,2163,0
1551,2178,0
1556,2193,0
1564,2212,0
1566,2219,0
1567,2220,0
1568,2219,0
1571,2219,0
1573,2205,0
1584,2195,1
1641,2126,0
1641,2126,0
1644,2129,0
1650,2140,0
1653,2151,0
1662,2169,0
1671,2188,0
1682,2205,0
1698,2222,0
1713,2230,0
1727,2230,0
1746,2228,0
1763,2217,0
1780,2199,0
1795,2178,0
1808,2160,0
1811,2142,0
1814,2132,0
1817,2131,0
1815,2128,0
1817,2131,0
1818,2135,0
1821,2147,0
1828,2166,0
1836,2183,0
1845,2201,0
1857,2219,0
1868,2231,0
1873,2234,0
1878,2236,0
1879,2231,0
1882,2222,1
1879,1980,0
1878,1981,0
1889,1997,0
1895,2017,0
1903,2039,0
1917,2064,0
1930,2089,0
1948,2116,0
1964,2144,0
1978,2168,0
1993,2193,0
2003,2210,0
2010,2220,0
2012,2223,0
2014,2223,0
2010,2216,0
2000,2203,1
1909,2124,0
1904,2118,0
1907,2116,0
1912,2118,0
1921,2119,0
1935,2122,0
1953,2123,0
1973,2126,0
1996,2129,0
2018,2133,0
2037,2136,0
2055,2140,1
2116,2154,0
2118,2154,0
2128,2157,0
2140,2160,0
2152,2159,0
2164,2157,0
2179,2152,0
2196,2152,0
2203,2144,0
2210,2140,0
2214,2137,0
2211,2130,0
2206,2124,0
2198,2120,0
2181,2115,0
2163,2116,0
2145,2121,0
2124,2124,0
2111,2130,0
2101,2140,0
2094,2149,0
2093,2158,0
2097,2169,0
2107,2182,0
2124,2196,0
2142,2204,0
2162,2208,0
2188,2212,0
2210,2209,1
2386,2116,0
2372,2115,0
2357,2121,0
2341,2126,0
2324,2132,0
2318,2141,0
2314,2147,0
2313,2153,0
2316,2161,0
2326,2169,0
2342,2177,0
2366,2186,0
2388,2190,0
2415,2198,0
2441,2208,0
2456,2213,0
2473,2226,0
2480,2236,0
2482,2244,0
2480,2254,0
2472,2265,0
2453,2273,0
2430,2277,0
2408,2282,0
2391,2289,0
2373,2285,0
2367,2285,0
2367,2285,0
2362,2277,1
2607,2283,0
2607,2283,0
2604,2280,0
2606,2284,0
2603,2292,0
2602,2302,0
2598,2309,0
2598,2314,0
2603,2315,1
2811,2121,0
2810,2121,0
2809,2122,0
2813,2130,0
2810,2142,0
2811,2163,0
2806,2183,0
2808,2203,0
2806,2215,0
2809,2222,0
2809,2222,0
2811,2220,0
2808,2207,1
2753,1935,0
2749,1933,0
2749,1933,0
2751,1937,0
2760,1945,1
2966,1924,0
2967,1928,0
2963,1938,0
2969,1956,0
2971,1977,0
2972,1998,0
2976,2024,0
2977,2051,0
2973,2078,0
2977,2108,0
2977,2135,0
2975,2154,0
2977,2169,0
2979,2178,0
2981,2186,0
2976,2186,0
2980,2188,1
2906,2042,0
2905,2043,0
2909,2045,0
2919,2048,0
2933,2051,0
2956,2055,0
2978,2056,0
3000,2057,0
3020,2058,0
3031,2058,0
3041,2060,0
3049,2063,0
3052,2065,1
3304,2105,0
3305,2109,0
3307,2119,0
3310,2135,0
3314,2154,0
3312,2168,0
3308,2179,0
3305,2187,0
3300,2187,0
3300,2186,0
3298,2178,0
3305,2164,0
3312,2144,0
3325,2123,0
3349,2108,0
3372,2094,0
3392,2088,0
3408,2093,0
3415,2104,0
3424,2124,0
3428,2145,0
3423,2163,0
3416,2176,0
3414,2186,0
3408,2186,0
3405,2183,0
3408,2174,0
3415,2154,0
3430,2129,0
3449,2107,0
3474,2089,0
3502,2079,0
3525,2075,0
3544,2082,0
3556,2094,0
3568,2111,0
3573,2131,0
3578,2150,0
3581,2166,0
3587,2178,0
3587,2184,1
3744,2157,0
3742,2153,0
3742,2146,0
3739,2138,0
3730,2130,0
3714,2123,0
3696,2122,0
3673,2126,0
3648,2131,0
3635,2143,0
3626,2153,0
3628,2164,0
3636,2174,0
3650,2181,0
3670,2183,0
3690,2183,0
3710,2176,0
3726,2168,0
3733,2158,0
3737,2147,0
3736,2135,0
3735,2130,0
3731,2128,0
3731,2128,0
3734,2132,0
3737,2140,0
3737,2152,0
3749,2170,0
3759,2185,0
3773,2198,0
3785,2204,0
3798,2207,0
3805,2204,1
3810,2128,0
3810,2129,0
3815,2135,0
3826,2147,0
3844,2163,0
3860,2175,0
3883,2190,0
3904,2203,0
3922,2212,1
4017,2096,0
4015,2100,0
4003,2111,0
3998,2133,0
3986,2157,0
3973,2190,0
3952,2224,0
3936,2260,0
3922,2294,0
3909,2324,0
3894,2344,0
3889,2357,0
3888,2365,1
4302,1989,0
4301,1990,0
4304,2001,0
4307,2021,0
4308,2044,0
4315,2071,0
4320,2094,0
4324,2117,0
4333,2142,0
4335,2163,0
4336,2183,0
4337,2196,0
4338,2203,1
4251,2084,0
4246,2078,0
4247,2075,0
4256,2077,0
4270,2077,0
4296,2079,0
4323,2082,0
4345,2083,0
4374,2090,1
4555,2120,0
4548,2116,0
4537,2109,0
4525,2107,0
4506,2108,0
4489,2113,0
4471,2122,0
4453,2135,0
4444,2151,0
4442,2164,0
4444,2176,0
4451,2187,0
4463,2198,0
4486,2205,0
4508,2207,0
4529,2204,0
4551,2198,0
4571,2188,0
4584,2173,0
4593,2158,0
4593,2141,0
4595,2129,0
4591,2118,0
4587,2112,0
4582,2111,0
4582,2113,0
4582,2119,0
4582,2135,0
4584,2157,0
4585,2178,0
4596,2200,0
4601,2215,0
4611,2224,1
4703,1967,0
4696,1963,0
4695,1965,0
4698,1976,0
4691,1992,0
4687,2017,0
4681,2044,0
4676,2072,0
4670,2099,0
4666,2125,0
4664,2145,0
4664,2162,0
4667,2171,0
4669,2176,0
4678,2178,0
4681,2172,0
4696,2161,0
4712,2139,0
4739,2115,0
4760,2092,0
4774,2075,0
4787,2067,0
4789,2062,0
4795,2060,0
4796,2058,1
4702,2098,0
4705,2102,0
4712,2107,0
4724,2118,0
4739,2133,0
4754,2147,0
4769,2162,0
4784,2174,0
4796,2185,0
4803,2190,0
4815,2193,0
4821,2190,0
4830,2181,1
4861,2133,0
4860,2134,0
4869,2135,0
4881,2135,0
4895,2136,0
4910,2134,0
4922,2129,0
4930,2122,0
4939,2113,0
4946,2107,0
4946,2097,0
4945,2090,0
4939,2083,0
4928,2080,0
4907,2077,0
4885,2077,0
4869,2083,0
4855,2091,0
4845,2102,0
4839,2114,0
4837,2126,0
4843,2141,0
4861,2159,0
4877,2171,0
4903,2182,0
4927,2189,0
4959,2196,0
4994,2198,0
5029,2200,1
5181,2099,0
5181,2100,0
5198,2110,0
5218,2124,0
5233,2139,0
5256,2155,0
5284,2171,0
5305,2184,0
5318,2192,1
5396,2090,0
5400,2092,0
5399,2096,0
5393,2107,0
5381,2125,0
5369,2149,0
5356,2180,0
5337,2210,0
5316,2244,0
5301,2275,0
5288,2300,0
5278,2318,0
5274,2335,0
5270,2342,0
5269,2344,0
5274,2343,0
5279,2335,1
5451,2124,0
5446,2126,0
5439,2132,0
5429,2143,0
5419,2156,0
5412,2170,0
5419,2186,0
5428,2204,0
5431,2215,0
5449,2225,0
5462,2227,0
5484,2226,0
5507,2215,0
5526,2202,0
5538,2186,0
5540,2171,0
5534,2156,0
5525,2147,0
5503,2137,0
5477,2135,0
5458,2138,0
5438,2144,0
5431,2152,0
5426,2161,0
5434,2174,1
5589,2149,0
5583,2142,0
5579,2140,0
5580,2140,0
5578,2144,0
5586,2156,0
5593,2171,0
5599,2186,0
5613,2203,0
5622,2212,0
5641,2219,0
5659,2217,0
5680,2211,0
5699,2198,0
5711,2181,0
5723,2164,0
5729,2149,0
5727,2133,0
5726,2123,0
5725,2116,0
5725,2116,0
5725,2116,0
5724,2118,0
5728,2130,0
5733,2147,0
5738,2168,0
5744,2185,0
5750,2200,0
5762,2212,0
5764,2218,0
5778,2227,0
5788,2232,0
5796,2234,1
6058,1968,0
6056,1970,0
6059,1976,0
6066,1991,0
6080,2012,0
6087,2036,0
6095,2065,0
6099,2096,0
6104,2127,0
6110,2157,0
6118,2181,0
6123,2202,0
6126,2212,0
6128,2221,0
6127,2222,0
6128,2221,0
6126,2215,1
6049,2082,0
6042,2077,0
6043,2077,0
6047,2077,0
6063,2079,0
6080,2079,0
6106,2079,0
6131,2080,0
6155,2083,0
6167,2085,0
6183,2091,0
6194,2095,1
6206,2121,0
6202,2120,0
6205,2123,0
6203,2128,0
6212,2140,0
6223,2154,0
6237,2173,0
6248,2188,0
6263,2206,0
6271,2216,0
6286,2222,0
6291,2220,0
6294,2215,0
6300,2200,0
6304,2178,0
6309,2152,0
6305,2129,0
6304,2110,0
6300,2097,0
6298,2090,0
6302,2090,0
6299,2089,0
6305,2096,0
6312,2110,0
6314,2128,0
6324,2147,0
6338,2166,0
6349,2182,0
6359,2190,0
6374,2197,0
6377,2198,0
6386,2198,0
6389,2190,0
6391,2173,0
6399,2152,0
6403,2130,0
6401,2111,0
6399,2092,0
6391,2079,0
6391,2068,0
6389,2061,1
6468,2174,0
6464,2171,0
6464,2171,0
6469,2173,0
6473,2171,0
6482,2169,0
6501,2164,0
6521,2157,0
6537,2147,0
6549,2137,0
6553,2128,0
6555,2122,0
6548,2117,0
6541,2111,0
6526,2108,0
6511,2112,0
6500,2121,0
6488,2130,0
6482,2145,0
6476,2161,0
6483,2180,0
6488,2199,0
6500,2214,0
6522,2224,0
6549,2229,1
6642,2101,0
6640,2107,0
6635,2121,0
6639,2137,0
6636,2157,0
6632,2169,0
6631,2181,0
6621,2188,0
6619,2190,0
6619,2190,0
6617,2184,0
6621,2173,0
6621,2152,0
6630,2125,0
6638,2102,0
6652,2085,0
6659,2075,0
6670,2072,0
6674,2070,0
6685,2077,0
6687,2083,0
6698,2099,0
6704,2120,0
6709,2142,0
6719,2162,0
6725,2181,0
6729,2193,0
6732,2198,0
6735,2200,0
6732,2198,0
6738,2193,0
6748,2176,0
6756,2154,1
6763,1913,0
6759,1913,0
6761,1920,0
6765,1931,0
6769,1950,0
6774,1973,0
6782,2000,0
6785,2029,0
6791,2061,0
6794,2091,0
6798,2116,0
6799,2137,0
6801,2146,0
6794,2130,1
6750,2046,0
6754,2047,0
6762,2049,0
6773,2053,0
6790,2055,0
6818,2058,0
6838,2059,0
6859,2061,1
6881,2096,0
6880,2099,0
6883,2102,0
6897,2112,0
6911,2121,0
6928,2132,0
6951,2140,0
6973,2151,0
6987,2156,1
7016,2082,0
7011,2086,0
7005,2092,0
7001,2101,0
7000,2118,0
6990,2138,0
6981,2161,0
6966,2193,0
6947,2223,0
6930,2249,0
6915,2276,0
6905,2293,0
6902,2304,0
6898,2304,0
6898,2302,0
6898,2291,0
6895,2274,1
6614,2099,0
6613,2101,0
6619,2108,0
6630,2125,0
6638,2150,1