unemployment will increase.
701
591,7499,0
587,7507,0
583,7511,0
576,7526,0
581,7547,0
570,7571,0
559,7598,0
563,7626,0
576,7651,0
591,7668,0
613,7673,0
639,7670,0
666,7657,0
691,7646,0
712,7627,0
731,7604,0
745,7581,0
755,7561,0
758,7541,0
755,7533,0
748,7528,0
742,7532,0
739,7536,0
735,7552,0
734,7572,0
735,7588,0
740,7616,0
746,7637,0
754,7657,1
822,7591,0
809,7591,0
798,7583,0
786,7570,0
776,7566,0
778,7550,0
782,7530,0
788,7518,0
802,7503,0
820,7495,0
842,7488,0
868,7489,0
892,7494,0
912,7502,0
929,7527,0
941,7547,0
948,7575,0
946,7603,0
944,7631,0
949,7647,0
957,7663,1
1073,7680,0
1072,7675,0
1078,7664,0
1092,7651,0
1112,7624,0
1135,7604,0
1158,7576,0
1179,7551,0
1190,7528,0
1193,7515,0
1191,7503,0
1177,7503,0
1154,7507,0
1122,7524,0
1092,7548,0
1061,7572,0
1039,7604,0
1028,7632,0
1030,7660,0
1044,7680,0
1067,7692,0
1102,7692,0
1138,7688,0
1177,7675,0
1219,7663,1
1304,7513,0
1305,7513,0
1305,7512,0
1303,7512,0
1304,7517,0
1306,7525,0
1312,7540,0
1317,7560,0
1323,7576,0
1330,7600,0
1336,7620,0
1339,7644,0
1339,7659,0
1340,7668,0
1339,7667,0
1340,7668,0
1340,7655,0
1341,7636,0
1346,7615,0
1356,7591,0
1371,7570,0
1389,7554,0
1410,7541,0
1432,7532,0
1452,7530,0
1471,7534,0
1486,7545,0
1494,7569,0
1498,7588,0
1493,7609,0
1485,7624,0
1476,7638,0
1467,7646,0
1463,7642,0
1464,7634,0
1469,7614,0
1477,7593,0
1491,7573,0
1524,7523,0
1542,7509,0
1561,7500,0
1581,7503,0
1594,7510,0
1610,7525,0
1619,7540,0
1624,7556,0
1631,7583,0
1636,7603,1
1693,7559,0
1693,7555,0
1696,7550,0
1696,7550,0
1695,7555,0
1699,7570,0
1703,7586,0
1708,7605,0
1714,7637,0
1721,7664,0
1727,7700,0
1734,7735,0
1737,7772,0
1735,7800,0
1727,7816,0
1718,7829,0
1708,7834,0
1698,7827,0
1689,7808,0
1683,7780,0
1681,7744,0
1685,7707,0
1693,7667,0
1705,7625,0
1724,7592,0
1748,7558,0
1773,7535,0
1800,7516,0
1828,7513,0
1851,7516,0
1870,7526,0
1878,7545,0
1879,7561,0
1870,7582,0
1854,7603,0
1826,7619,0
1800,7634,0
1777,7644,0
1759,7641,0
1751,7641,0
1747,7634,1
1913,7381,0
1913,7376,0
1913,7376,0
1913,7376,0
1915,7384,0
1921,7403,0
1925,7431,0
1932,7463,0
1935,7494,0
1940,7526,0
1943,7554,0
1948,7581,0
1955,7601,1
2155,7554,0
2163,7545,0
2161,7533,0
2155,7526,0
2142,7511,0
2127,7506,0
2106,7497,0
2085,7491,0
2061,7491,0
2036,7497,0
2014,7505,0
1996,7523,0
1989,7540,0
1990,7560,0
2003,7579,0
2026,7591,0
2060,7600,0
2096,7603,0
2131,7598,0
2166,7593,0
2193,7589,0
2208,7579,0
2213,7574,0
2210,7567,0
2210,7562,1
2222,7475,0
2219,7480,0
2218,7480,0
2218,7480,0
2224,7491,0
2235,7505,0
2247,7520,0
2264,7537,0
2283,7555,0
2304,7571,0
2326,7580,0
2347,7593,0
2364,7598,1
2415,7520,0
2412,7516,0
2407,7513,0
2400,7513,0
2393,7523,0
2387,7533,0
2381,7554,0
2371,7572,0
2363,7602,0
2348,7632,0
2327,7661,0
2304,7689,0
2289,7716,0
2274,7738,0
2267,7752,0
2264,7760,0
2268,7767,1
2480,7504,0
2478,7496,0
2478,7495,0
2478,7492,0
2480,7504,0
2482,7515,0
2483,7535,0
2482,7552,0
2478,7569,0
2476,7593,0
2473,7610,0
2472,7623,0
2470,7627,0
2473,7631,0
2473,7623,0
2477,7610,0
2481,7588,0
2492,7567,0
2507,7547,0
2527,7527,0
2550,7511,0
2572,7494,0
2598,7488,0
2620,7488,0
2635,7492,0
2646,7507,0
2649,7526,0
2647,7547,0
2642,7564,0
2635,7579,0
2627,7584,0
2627,7588,0
2628,7576,0
2637,7566,0
2651,7546,0
2667,7527,0
2688,7510,0
2707,7493,0
2724,7485,0
2742,7486,0
2755,7491,0
2767,7501,0
2775,7519,0
2780,7542,0
2787,7565,0
2795,7588,0
2800,7603,0
2810,7613,0
2820,7615,1
2824,7602,0
2829,7605,0
2839,7598,0
2852,7587,0
2869,7575,0
2890,7565,0
2912,7547,0
2931,7535,0
2939,7521,0
2943,7507,0
2937,7496,0
2925,7491,0
2908,7491,0
2888,7500,0
2865,7514,0
2841,7528,0
2827,7548,0
2818,7571,0
2822,7590,0
2832,7604,0
2854,7620,0
2883,7624,0
2914,7621,0
2947,7617,0
2972,7603,0
2996,7593,0
3007,7573,0
3011,7559,0
3019,7541,0
3019,7533,0
3020,7529,0
3019,7528,0
3018,7529,0
3021,7540,0
3025,7557,0
3026,7568,0
3027,7584,0
3028,7596,0
3025,7598,0
3023,7594,0
3024,7586,0
3022,7569,0
3025,7547,0
3032,7526,0
3042,7502,0
3056,7486,0
3073,7473,0
3091,7463,0
3112,7463,0
3136,7472,0
3160,7486,0
3177,7506,0
3190,7535,0
3199,7558,0
3203,7582,0
3208,7597,0
3211,7608,1
3273,7299,0
3275,7289,0
3281,7283,0
3281,7283,0
3286,7294,0
3291,7318,0
3293,7346,0
3300,7386,0
3305,7427,0
3309,7472,0
3317,7515,0
3323,7555,0
3327,7587,0
3322,7613,0
3323,7626,0
3314,7637,0
3308,7630,0
3301,7624,0
3292,7610,0
3284,7592,0
3273,7574,0
3267,7563,0
3262,7548,0
3260,7540,0
3266,7535,0
3283,7529,0
3309,7526,0
3339,7521,0
3379,7525,0
3420,7533,0
3468,7539,0
3519,7547,0
3564,7557,1
3812,7504,0
3807,7493,0
3805,7485,0
3802,7482,0
3800,7479,0
3799,7482,0
3802,7499,0
3805,7514,0
3807,7535,0
3815,7562,0
3822,7586,0
3829,7604,0
3841,7625,0
3851,7634,0
3862,7639,0
3871,7631,0
3880,7619,0
3892,7598,0
3899,7574,0
3905,7546,0
3911,7526,0
3916,7511,0
3915,7504,0
3916,7507,0
3916,7511,0
3915,7529,0
3917,7550,0
3923,7578,0
3930,7604,0
3945,7633,0
3958,7654,0
3975,7673,0
3991,7683,0
4006,7682,0
4016,7678,0
4023,7658,0
4032,7634,0
4038,7610,0
4037,7579,0
4042,7560,0
4039,7540,0
4039,7527,0
4036,7523,0
4038,7528,0
4040,7531,1
4143,7537,0
4145,7531,0
4142,7520,0
4137,7513,0
4135,7513,0
4137,7513,0
4139,7521,0
4146,7540,0
4150,7559,0
4159,7586,0
4167,7609,0
4174,7632,0
4185,7645,0
4188,7651,0
4193,7650,0
4196,7640,0
4196,7622,1
4165,7371,0
4165,7354,0
4165,7337,0
4166,7332,0
4167,7327,0
4167,7331,0
4167,7344,0
4171,7359,0
4173,7371,1
4269,7299,0
4269,7295,0
4266,7292,0
4261,7294,0
4263,7311,0
4261,7329,0
4263,7363,0
4267,7392,0
4263,7433,0
4265,7472,0
4263,7512,0
4261,7547,0
4261,7582,0
4261,7608,0
4261,7625,0
4266,7632,0
4268,7632,1
4324,7332,0
4326,7309,0
4332,7293,0
4333,7284,0
4331,7284,0
4332,7293,0
4330,7316,0
4328,7338,0
4326,7375,0
4325,7410,0
4321,7447,0
4323,7490,0
4322,7529,0
4325,7567,0
4331,7600,0
4341,7630,0
4352,7652,1
4769,7513,0
4768,7510,0
4770,7508,0
4768,7501,0
4768,7500,0
4768,7501,0
4770,7500,0
4772,7508,0
4765,7525,0
4767,7537,0
4763,7552,0
4763,7574,0
4762,7593,0
4763,7620,0
4765,7636,0
4767,7657,0
4772,7677,1
4784,7389,0
4786,7383,0
4794,7376,0
4792,7372,0
4789,7369,0
4789,7369,0
4793,7381,0
4799,7395,0
4804,7415,1
4865,7550,0
4864,7545,0
4864,7546,0
4865,7550,0
4863,7559,0
4863,7574,0
4866,7595,0
4863,7609,0
4868,7625,0
4866,7639,0
4864,7649,0
4863,7650,0
4869,7651,0
4869,7642,0
4874,7626,0
4882,7600,0
4899,7581,0
4934,7537,0
4953,7522,0
4976,7510,0
4997,7508,0
5021,7513,0
5033,7525,0
5045,7546,0
5050,7570,0
5058,7598,0
5060,7624,0
5064,7640,0
5069,7659,0
5081,7667,0
5088,7663,0
5104,7659,1
5239,7534,0
5242,7528,0
5238,7521,0
5231,7516,0
5219,7513,0
5201,7514,0
5179,7522,0
5154,7532,0
5133,7548,0
5115,7567,0
5103,7586,0
5098,7607,0
5105,7622,0
5127,7641,0
5152,7651,0
5191,7663,0
5231,7663,0
5272,7658,0
5308,7656,0
5333,7652,0
5351,7646,1
5371,7635,0
5376,7637,0
5377,7641,0
5375,7637,0
5373,7638,0
5373,7634,0
5363,7625,0
5350,7596,0
5348,7574,0
5344,7554,0
5343,7530,0
5345,7511,0
5349,7495,0
5359,7480,0
5371,7473,0
5386,7469,0
5405,7472,0
5422,7480,0
5437,7494,0
5455,7512,1
5426,7617,0
5430,7619,0
5443,7616,0
5462,7609,0
5491,7601,0
5523,7596,0
5557,7581,0
5590,7571,0
5614,7560,0
5629,7552,0
5631,7545,0
5630,7540,0
5617,7539,0
5592,7540,0
5557,7549,0
5523,7559,0
5490,7574,0
5470,7596,0
5459,7611,0
5465,7627,0
5480,7641,0
5504,7649,0
5535,7655,0
5569,7658,0
5610,7656,1
5799,7600,0
5806,7591,0
5805,7577,0
5801,7566,0
5791,7558,0
5773,7546,0
5751,7541,0
5728,7546,0
5700,7554,0
5673,7567,0
5650,7580,0
5642,7599,0
5642,7617,0
5654,7629,0
5677,7639,0
5707,7639,0
5739,7634,0
5769,7624,0
5793,7613,0
5815,7605,0
5831,7590,0
5838,7576,0
5846,7571,0
5845,7566,0
5839,7564,0
5843,7568,0
5841,7573,0
5841,7588,0
5844,7605,0
5851,7619,0
5858,7633,0
5873,7652,0
5892,7659,0
5909,7663,0
5926,7662,0
5950,7656,1
6018,7548,0
6002,7535,0
5979,7527,0
5947,7519,0
5913,7518,0
5889,7519,0
5879,7525,0
5884,7531,0
5903,7543,0
5935,7551,0
5973,7564,0
6013,7580,0
6049,7599,0
6073,7617,0
6085,7639,0
6078,7652,0
6065,7666,0
6042,7682,0
6011,7687,0
5979,7689,0
5960,7692,0
5955,7691,0
5957,7685,0
5972,7675,0
5998,7662,0
6027,7649,0
6060,7635,0
6098,7620,0
6133,7601,0
6165,7584,0
6196,7563,0
6210,7548,0
6223,7529,0
6218,7518,0
6204,7508,0
6183,7504,0
6156,7508,0
6129,7516,0
6109,7530,0
6101,7555,0
6107,7576,0
6126,7591,0
6160,7611,0
6213,7629,0
6264,7642,0
6315,7650,0
6357,7661,0
6390,7666,1
6527,7682,0
6527,7681,0
6534,7681,0
6533,7677,0
6534,7676,0
6529,7675,0
6530,7678,0
6529,7675,0
6532,7678,0
6527,7675,0
6530,7678,0
6527,7675,0
6529,7680,0
6526,7682,0
6525,7682,0
6525,7682,0
6522,7685,1