see next page. Take your
440
1226,2404,0
1221,2405,0
1209,2401,0
1193,2402,0
1179,2415,0
1165,2423,0
1158,2436,0
1157,2448,0
1163,2459,0
1179,2479,0
1200,2498,0
1223,2516,0
1242,2531,0
1257,2546,0
1261,2558,0
1263,2569,0
1257,2574,0
1242,2587,0
1220,2593,0
1195,2598,0
1172,2595,0
1161,2595,0
1156,2587,0
1160,2579,0
1173,2559,1
1326,2504,0
1331,2503,0
1344,2502,0
1359,2496,0
1373,2486,0
1382,2465,0
1385,2449,0
1382,2437,0
1373,2425,0
1359,2420,0
1345,2421,0
1329,2431,0
1313,2457,0
1295,2482,0
1283,2523,0
1278,2552,0
1285,2572,0
1303,2586,0
1327,2584,0
1354,2577,1
1479,2543,0
1484,2546,0
1500,2548,0
1518,2536,0
1541,2524,0
1563,2503,0
1580,2483,0
1590,2465,0
1592,2452,0
1586,2441,0
1573,2432,0
1555,2427,0
1534,2439,0
1510,2461,0
1489,2493,0
1477,2528,0
1474,2556,0
1483,2579,0
1503,2596,0
1529,2599,0
1560,2602,1
1889,2492,0
1889,2492,0
1891,2492,0
1891,2492,0
1894,2495,0
1894,2511,0
1894,2541,0
1894,2567,0
1891,2589,0
1891,2601,0
1894,2604,0
1897,2603,0
1909,2599,0
1925,2572,0
1952,2545,0
1974,2511,0
2001,2493,0
2022,2485,0
2039,2486,0
2051,2494,0
2063,2515,0
2065,2531,0
2070,2556,0
2067,2569,0
2070,2581,1
2157,2548,0
2166,2549,0
2183,2545,0
2205,2540,0
2224,2526,0
2240,2509,0
2248,2487,0
2256,2474,0
2252,2463,0
2245,2457,0
2234,2453,0
2225,2463,0
2208,2475,0
2192,2502,0
2179,2534,0
2174,2562,0
2183,2589,0
2203,2610,0
2227,2618,0
2256,2617,0
2289,2610,1
2365,2480,0
2365,2480,0
2368,2482,0
2381,2498,0
2400,2515,0
2420,2531,0
2440,2543,0
2458,2550,0
2475,2560,1
2393,2578,0
2393,2573,0
2405,2558,0
2426,2532,0
2449,2501,1
2538,2316,0
2538,2316,0
2543,2323,0
2540,2330,0
2541,2353,0
2538,2385,0
2531,2422,0
2531,2465,0
2529,2499,0
2533,2534,0
2536,2560,0
2542,2580,0
2550,2594,1
2509,2526,0
2507,2522,0
2511,2524,0
2517,2520,0
2533,2516,0
2549,2511,0
2561,2503,0
2583,2508,0
2597,2508,1
3045,2458,0
3047,2461,0
3053,2476,0
3060,2507,0
3072,2545,0
3076,2584,0
3081,2630,0
3081,2672,0
3083,2711,0
3083,2741,0
3082,2757,0
3083,2762,0
3084,2760,0
3082,2753,0
3076,2726,0
3066,2683,0
3060,2637,0
3061,2584,0
3064,2530,0
3075,2495,0
3090,2472,0
3110,2459,0
3132,2455,0
3153,2458,0
3175,2475,0
3192,2499,0
3197,2521,0
3194,2545,0
3185,2569,0
3168,2583,0
3151,2593,0
3133,2593,0
3122,2591,1
3300,2457,0
3297,2454,0
3297,2454,0
3288,2452,0
3275,2453,0
3259,2463,0
3242,2485,0
3233,2516,0
3228,2542,0
3232,2564,0
3242,2577,0
3257,2584,0
3273,2581,0
3291,2577,0
3306,2562,0
3317,2540,0
3329,2518,0
3330,2495,0
3334,2490,0
3334,2490,0
3334,2491,0
3333,2497,0
3336,2528,0
3344,2549,0
3354,2567,1
3497,2475,0
3498,2474,0
3489,2466,0
3481,2463,0
3462,2464,0
3442,2480,0
3426,2508,0
3411,2533,0
3411,2555,0
3415,2568,0
3429,2577,0
3444,2574,0
3456,2562,0
3475,2549,0
3484,2523,0
3492,2497,0
3494,2478,0
3497,2475,0
3496,2475,0
3497,2480,0
3493,2507,0
3496,2545,0
3501,2586,0
3500,2632,0
3498,2683,0
3490,2735,0
3477,2779,0
3459,2813,0
3440,2829,0
3426,2832,0
3409,2819,0
3392,2791,0
3391,2760,1
3548,2514,0
3550,2518,0
3556,2523,0
3575,2526,0
3595,2517,0
3618,2504,0
3637,2489,0
3654,2476,0
3662,2467,0
3664,2465,0
3660,2458,0
3651,2449,0
3637,2446,0
3618,2450,0
3599,2465,0
3584,2487,0
3580,2515,0
3580,2538,0
3595,2563,0
3614,2578,0
3643,2588,1
3814,2566,0
3814,2567,0
3814,2567,0
3814,2567,0
3810,2564,1
4143,2239,0
4143,2237,0
4147,2239,0
4149,2251,0
4159,2285,0
4165,2326,0
4167,2371,0
4168,2419,0
4168,2466,0
4169,2504,0
4169,2531,0
4172,2541,0
4171,2542,1
4053,2263,0
4053,2263,0
4059,2260,0
4082,2256,0
4114,2253,0
4154,2251,0
4195,2248,0
4227,2243,0
4257,2239,0
4281,2239,0
4302,2244,0
4314,2254,0
4327,2273,1
4341,2458,0
4341,2458,0
4339,2454,0
4334,2446,0
4319,2435,0
4305,2433,0
4289,2442,0
4273,2458,0
4264,2490,0
4264,2516,0
4271,2535,0
4285,2544,0
4297,2545,0
4315,2542,0
4331,2528,0
4343,2509,0
4351,2486,0
4362,2463,0
4362,2442,0
4360,2438,0
4358,2441,0
4359,2460,0
4364,2496,0
4365,2522,0
4373,2545,1
4486,2260,0
4486,2260,0
4491,2267,0
4495,2299,0
4491,2342,0
4497,2393,0
4491,2437,0
4492,2471,0
4495,2497,0
4497,2507,0
4503,2511,0
4513,2505,0
4530,2485,0
4557,2453,0
4580,2425,0
4605,2400,0
4625,2383,0
4638,2370,0
4650,2365,0
4650,2365,0
4642,2371,1
4512,2464,0
4514,2468,0
4533,2482,0
4556,2490,0
4580,2492,1
4690,2498,0
4700,2504,0
4731,2509,0
4748,2504,0
4779,2492,0
4794,2478,0
4816,2464,0
4818,2446,0
4824,2434,0
4811,2426,0
4807,2425,0
4782,2427,0
4772,2444,0
4762,2468,0
4762,2497,0
4763,2518,0
4787,2532,0
4815,2541,0
4854,2539,0
4879,2530,0
4919,2525,1
5190,2434,0
5192,2439,0
5207,2460,0
5228,2489,0
5243,2510,1
5373,2415,0
5368,2415,0
5359,2423,0
5342,2446,0
5323,2492,0
5296,2547,0
5273,2610,0
5250,2675,0
5231,2729,0
5216,2766,0
5215,2784,0
5210,2784,0
5227,2772,1
5440,2441,0
5440,2441,0
5436,2441,0
5424,2447,0
5419,2463,0
5409,2492,0
5402,2519,0
5406,2547,0
5414,2564,0
5438,2573,0
5458,2569,0
5479,2556,0
5503,2536,0
5515,2514,0
5518,2490,0
5514,2464,0
5508,2449,0
5486,2439,0
5469,2437,0
5449,2440,0
5434,2452,1
5602,2448,0
5603,2457,0
5603,2482,0
5602,2512,0
5605,2538,0
5612,2560,0
5625,2569,0
5637,2573,0
5649,2568,0
5668,2558,0
5684,2545,0
5697,2527,0
5709,2512,0
5718,2504,0
5718,2504,0
5717,2506,0
5720,2517,0
5718,2538,0
5722,2559,0
5725,2579,0
5726,2593,1
5807,2487,0
5808,2484,0
5809,2483,0
5809,2483,0
5808,2485,0
5805,2498,0
5805,2525,0
5806,2551,0
5808,2574,0
5804,2590,0
5812,2601,0
5812,2601,0
5815,2596,0
5822,2589,0
5837,2568,0
5853,2538,0
5877,2509,1