about for a man who had been
568
895,4008,0
890,4007,0
883,4003,0
874,3999,0
862,4003,0
847,4002,0
831,4008,0
813,4020,0
791,4034,0
772,4065,0
755,4103,0
746,4147,0
745,4183,0
757,4215,0
774,4233,0
797,4230,0
824,4225,0
850,4205,0
873,4175,0
893,4148,0
909,4113,0
919,4089,0
924,4081,0
923,4073,0
921,4077,0
920,4077,0
918,4085,0
916,4089,0
915,4109,0
916,4121,0
919,4133,0
921,4150,0
924,4165,1
1111,3820,0
1111,3824,0
1108,3829,0
1105,3844,0
1097,3872,0
1086,3913,0
1076,3956,0
1066,4004,0
1054,4053,0
1043,4100,0
1037,4145,0
1035,4160,0
1041,4169,0
1051,4164,0
1068,4152,0
1093,4137,0
1119,4121,0
1143,4109,0
1166,4111,0
1182,4115,0
1192,4123,0
1194,4135,0
1189,4147,0
1175,4159,0
1151,4176,0
1127,4184,0
1103,4193,0
1085,4204,0
1071,4205,1
1356,4095,0
1360,4090,0
1362,4091,0
1361,4090,0
1351,4079,0
1336,4073,0
1317,4070,0
1294,4078,0
1271,4100,0
1252,4129,0
1242,4157,0
1241,4185,0
1252,4208,0
1273,4220,0
1301,4218,0
1333,4209,0
1363,4186,0
1385,4161,0
1399,4132,0
1401,4108,0
1397,4087,0
1383,4073,0
1365,4062,0
1346,4068,0
1323,4073,0
1307,4089,0
1300,4102,0
1304,4118,0
1317,4125,1
1474,4097,0
1471,4097,0
1469,4102,0
1466,4106,0
1463,4118,0
1462,4134,0
1459,4147,0
1460,4167,0
1467,4181,0
1479,4193,0
1501,4195,0
1527,4187,0
1554,4169,0
1580,4149,0
1597,4131,0
1607,4126,0
1609,4125,0
1608,4129,0
1602,4143,0
1593,4164,0
1588,4188,0
1592,4200,0
1604,4203,0
1622,4188,0
1649,4169,1
1818,3908,0
1810,3906,0
1799,3924,0
1785,3959,0
1770,4003,0
1755,4054,0
1744,4109,0
1734,4151,0
1730,4180,0
1727,4189,0
1726,4185,0
1724,4177,0
1718,4153,0
1705,4111,0
1691,4077,0
1677,4051,0
1665,4041,0
1658,4029,0
1658,4029,0
1666,4024,0
1691,4020,0
1732,4014,0
1780,4010,0
1833,4003,0
1882,3997,0
1922,3989,1
2339,4007,0
2339,4007,0
2339,4003,0
2340,4003,0
2339,3995,0
2335,3979,0
2334,3967,0
2326,3948,0
2315,3935,0
2297,3928,0
2277,3931,0
2253,3938,0
2233,3961,0
2215,3988,0
2200,4025,0
2189,4074,0
2182,4126,0
2181,4184,0
2180,4239,0
2179,4292,0
2175,4343,0
2170,4390,0
2162,4425,0
2152,4448,0
2142,4455,1
2139,4158,0
2143,4157,0
2158,4157,0
2176,4152,0
2199,4150,0
2219,4140,0
2244,4138,0
2265,4127,0
2283,4121,1
2432,4132,0
2441,4133,0
2447,4131,0
2451,4131,0
2449,4127,0
2441,4116,0
2430,4111,0
2413,4109,0
2395,4116,0
2374,4126,0
2357,4145,0
2348,4168,0
2347,4193,0
2352,4213,0
2367,4226,0
2390,4235,0
2415,4231,0
2440,4217,0
2461,4198,0
2475,4176,0
2480,4157,0
2478,4142,0
2463,4126,0
2448,4122,0
2428,4121,0
2415,4130,0
2406,4137,0
2405,4141,0
2415,4146,1
2547,4138,0
2548,4146,0
2546,4151,0
2543,4161,0
2541,4170,0
2541,4179,0
2542,4182,0
2550,4188,0
2558,4186,0
2573,4175,0
2596,4162,0
2620,4149,0
2644,4139,1
2924,4172,0
2929,4174,0
2929,4174,0
2926,4167,0
2919,4162,0
2910,4152,0
2895,4145,0
2881,4143,0
2865,4142,0
2853,4143,0
2844,4142,0
2845,4150,0
2845,4155,0
2850,4165,0
2862,4179,0
2877,4189,0
2895,4193,0
2912,4191,0
2931,4186,0
2948,4179,0
2959,4169,0
2964,4167,0
2967,4170,0
2965,4171,0
2958,4179,0
2947,4193,0
2941,4208,0
2934,4215,0
2938,4223,1
3206,4157,0
3209,4160,0
3206,4157,0
3204,4154,0
3202,4155,0
3197,4157,0
3192,4164,0
3186,4177,0
3182,4188,0
3180,4193,0
3186,4200,0
3194,4200,0
3209,4196,0
3230,4185,0
3255,4172,0
3278,4164,0
3295,4159,0
3307,4161,0
3310,4164,0
3311,4178,0
3301,4192,0
3296,4209,0
3290,4216,0
3290,4216,0
3301,4215,0
3325,4207,0
3348,4193,0
3378,4186,0
3397,4179,0
3408,4177,0
3414,4184,0
3409,4196,0
3402,4213,0
3394,4222,0
3390,4225,0
3392,4224,0
3402,4213,1
3529,4185,0
3529,4189,0
3528,4190,0
3529,4189,0
3526,4186,0
3524,4183,0
3518,4177,0
3510,4178,0
3498,4181,0
3484,4189,0
3472,4205,0
3463,4220,0
3457,4232,0
3462,4239,0
3474,4242,0
3491,4236,0
3506,4222,0
3523,4208,0
3538,4198,0
3542,4191,0
3540,4188,0
3540,4192,0
3530,4193,0
3526,4205,0
3521,4213,1
3608,4178,0
3609,4182,0
3608,4182,0
3607,4188,0
3607,4193,0
3606,4203,0
3602,4210,0
3599,4221,0
3596,4228,0
3598,4236,0
3606,4241,0
3616,4239,0
3633,4228,0
3654,4220,0
3674,4212,0
3696,4212,0
3710,4213,0
3718,4216,0
3724,4227,0
3721,4239,0
3718,4251,1
3974,4206,0
3964,4199,0
3957,4194,0
3955,4196,0
3957,4199,0
3957,4199,0
3954,4210,0
3955,4235,0
3951,4258,0
3950,4278,0
3952,4290,0
3959,4295,0
3973,4295,0
3990,4288,0
4007,4271,0
4031,4260,0
4049,4246,0
4061,4237,0
4070,4240,0
4073,4249,0
4070,4266,0
4067,4293,0
4068,4312,0
4074,4321,0
4089,4321,0
4106,4309,0
4135,4287,0
4163,4256,0
4192,4225,1
4314,4060,0
4316,4063,0
4319,4073,0
4314,4092,0
4306,4123,0
4294,4159,0
4280,4201,0
4266,4243,0
4258,4284,0
4251,4310,0
4255,4327,0
4265,4330,0
4282,4327,0
4304,4315,0
4328,4300,0
4350,4289,0
4362,4285,0
4374,4290,0
4375,4299,0
4372,4317,0
4365,4333,0
4359,4338,0
4361,4341,0
4372,4343,0
4384,4328,1
4521,4268,0
4521,4268,0
4519,4264,0
4512,4260,0
4505,4256,0
4492,4251,0
4478,4251,0
4459,4257,0
4444,4275,0
4431,4291,0
4429,4313,0
4433,4330,0
4447,4338,0
4467,4344,0
4485,4338,0
4507,4331,0
4519,4316,0
4533,4305,0
4531,4286,0
4521,4268,0
4515,4262,1
4751,4047,0
4753,4051,0
4755,4064,0
4752,4090,0
4743,4121,0
4734,4160,0
4724,4197,0
4720,4232,0
4714,4260,0
4714,4281,0
4717,4290,0
4731,4298,0
4750,4297,0
4775,4291,0
4798,4286,0
4819,4289,0
4834,4297,0
4848,4311,0
4851,4325,0
4851,4340,0
4854,4354,0
4860,4365,0
4867,4369,0
4879,4365,0
4899,4357,1
5024,4311,0
5025,4311,0
5020,4310,0
5009,4304,0
4994,4302,0
4977,4301,0
4953,4302,0
4938,4310,0
4922,4319,0
4917,4329,0
4919,4339,0
4924,4345,0
4942,4350,0
4956,4348,0
4979,4348,0
4996,4344,0
5011,4340,0
5016,4340,0
5018,4344,0
5014,4348,0
5010,4358,1
5150,4328,0
5154,4331,0
5155,4329,0
5156,4328,0
5157,4327,0
5150,4317,0
5147,4314,0
5140,4316,0
5127,4323,0
5115,4335,0
5105,4351,0
5098,4367,0
5096,4381,0
5103,4396,0
5113,4403,0
5132,4407,0
5151,4401,0
5168,4384,0
5190,4362,0
5212,4331,0
5227,4292,0
5237,4253,0
5243,4219,0
5247,4198,0
5248,4186,1
5455,4127,0
5456,4133,0
5457,4143,0
5456,4162,0
5451,4184,0
5442,4212,0
5430,4237,0
5422,4263,0
5413,4285,0
5412,4302,0
5414,4312,0
5415,4316,0
5430,4324,0
5444,4327,0
5460,4333,0
5478,4344,0
5492,4358,0
5506,4373,0
5513,4389,0
5513,4400,0
5501,4411,0
5486,4422,0
5461,4430,0
5433,4430,0
5414,4434,0
5397,4428,0
5387,4421,0
5389,4413,0
5402,4404,1
5608,4375,0
5609,4374,0
5612,4375,0
5619,4374,0
5628,4371,0
5641,4362,0
5658,4356,0
5667,4346,0
5673,4340,0
5673,4340,0
5668,4339,0
5651,4339,0
5631,4350,0
5608,4362,0
5588,4378,0
5581,4398,0
5581,4415,0
5596,4428,0
5617,4436,0
5642,4437,0
5670,4437,1
5775,4369,0
5774,4370,0
5782,4374,0
5788,4374,0
5800,4372,0
5814,4367,0
5826,4361,0
5839,4357,0
5840,4351,0
5837,4348,0
5829,4345,0
5815,4343,0
5795,4346,0
5771,4350,0
5747,4360,0
5730,4372,0
5721,4389,0
5715,4406,0
5723,4427,0
5738,4441,0
5764,4453,1
5946,4344,0
5945,4345,0
5947,4348,0
5940,4357,0
5929,4377,0
5922,4396,0
5914,4411,0
5912,4426,0
5917,4438,0
5921,4445,0
5936,4447,0
5960,4445,0
5984,4430,0
6015,4418,0
6042,4406,0
6067,4406,0
6080,4409,0
6089,4418,0
6095,4435,0
6094,4455,0
6099,4472,1