sticking to it. The murder
734
1023,4992,0
1011,4976,0
996,4959,0
974,4951,0
943,4958,0
907,4973,0
874,5000,0
847,5035,0
839,5063,0
847,5086,0
873,5104,0
914,5117,0
958,5127,0
999,5144,0
1032,5156,0
1052,5172,0
1058,5192,0
1054,5209,0
1039,5228,0
1007,5248,0
973,5263,0
941,5279,0
912,5294,0
891,5297,0
887,5301,0
886,5301,0
889,5296,0
895,5293,0
907,5289,0
923,5286,0
943,5274,0
967,5259,0
992,5236,1
1131,4768,0
1134,4800,0
1137,4840,0
1139,4888,0
1142,4944,0
1144,5004,0
1148,5068,0
1152,5128,0
1157,5184,0
1162,5224,0
1169,5255,0
1174,5267,0
1176,5271,0
1177,5272,0
1175,5259,0
1172,5243,0
1168,5224,0
1163,5196,0
1156,5168,1
1031,5024,0
1035,5024,0
1049,5021,0
1067,5012,0
1090,5009,0
1120,5004,0
1155,4996,0
1191,4987,0
1220,4982,0
1241,4978,0
1252,4981,0
1253,4977,0
1253,4982,0
1247,4990,0
1244,4990,0
1242,4990,0
1242,4985,1
1327,4974,0
1326,4970,0
1326,4974,0
1326,4974,0
1327,4982,0
1326,4994,0
1325,5010,0
1325,5038,0
1327,5066,0
1327,5094,0
1328,5130,0
1329,5166,0
1334,5197,0
1338,5222,0
1344,5238,0
1346,5245,0
1348,5245,0
1346,5237,0
1346,5226,0
1345,5205,0
1343,5173,1
1253,4761,0
1253,4757,0
1253,4757,0
1252,4757,0
1250,4757,0
1251,4758,0
1252,4757,0
1253,4757,0
1253,4757,0
1257,4761,0
1265,4765,0
1272,4765,0
1286,4772,1
1529,5004,0
1524,4996,0
1520,4984,0
1510,4977,0
1499,4970,0
1481,4971,0
1459,4982,0
1444,4999,0
1424,5024,0
1411,5053,0
1397,5091,0
1389,5131,0
1392,5170,0
1404,5198,0
1424,5225,0
1450,5243,0
1484,5253,0
1519,5249,0
1549,5243,0
1575,5236,0
1591,5226,0
1602,5209,0
1604,5192,0
1602,5177,0
1594,5154,1
1600,4835,0
1607,4883,0
1611,4931,0
1616,4987,0
1622,5034,0
1630,5086,0
1637,5125,0
1638,5157,0
1639,5185,0
1639,5205,0
1639,5214,0
1639,5214,0
1640,5205,0
1645,5193,0
1650,5168,1
1721,4925,0
1719,4922,0
1709,4919,0
1694,4925,0
1674,4935,0
1654,4950,0
1631,4977,0
1608,5007,0
1591,5034,0
1587,5062,0
1593,5081,0
1611,5104,0
1636,5117,0
1669,5129,0
1705,5145,0
1735,5157,0
1758,5167,0
1776,5180,0
1788,5190,0
1792,5194,0
1794,5202,1
1813,4941,0
1812,4940,0
1810,4936,0
1812,4941,0
1811,4940,0
1812,4945,0
1811,4944,0
1810,4945,0
1812,5122,0
1816,5158,0
1823,5185,0
1831,5204,0
1839,5216,0
1841,5216,0
1841,5215,0
1842,5212,0
1838,5204,0
1831,5184,0
1828,5161,1
1759,4710,0
1760,4710,0
1760,4710,0
1758,4710,0
1756,4706,1
1900,5206,0
1902,5214,0
1901,5210,0
1901,5202,0
1899,5178,0
1896,5150,0
1899,5116,0
1906,5071,0
1914,5025,0
1923,4979,0
1936,4936,0
1954,4900,0
1971,4876,0
1987,4870,0
2000,4879,0
2018,4904,0
2032,4938,0
2045,4980,0
2060,5031,0
2071,5081,0
2079,5129,0
2084,5173,0
2085,5209,0
2086,5238,0
2084,5246,0
2087,5250,0
2092,5245,0
2100,5231,0
2111,5204,1
2260,4990,0
2262,4981,0
2256,4970,0
2241,4958,0
2224,4953,0
2202,4951,0
2176,4956,0
2151,4975,0
2131,4999,0
2119,5026,0
2121,5063,0
2131,5093,0
2149,5122,0
2171,5146,0
2193,5154,0
2218,5156,0
2237,5143,0
2253,5127,0
2257,5098,0
2259,5064,0
2258,5035,0
2253,5012,0
2250,5004,0
2248,5005,0
2248,5014,0
2255,5040,0
2268,5078,0
2283,5120,0
2300,5169,0
2316,5224,0
2330,5278,0
2339,5332,0
2335,5379,0
2325,5427,0
2308,5455,0
2285,5482,0
2259,5491,0
2232,5497,0
2205,5482,0
2185,5458,0
2175,5423,0
2176,5386,0
2186,5335,0
2210,5293,0
2237,5246,0
2271,5205,0
2309,5180,0
2338,5151,0
2362,5133,1
2614,4700,0
2616,4699,0
2615,4695,0
2616,4699,0
2616,4716,0
2617,4745,0
2618,4778,0
2613,4818,0
2613,4869,0
2615,4922,0
2618,4985,0
2618,5043,0
2619,5098,0
2620,5143,0
2621,5180,0
2623,5201,0
2624,5209,0
2626,5208,0
2627,5204,0
2625,5192,0
2620,5177,0
2620,5160,0
2619,5136,0
2615,5103,0
2610,5072,1
2504,4969,0
2504,4978,0
2502,4975,0
2507,4973,0
2524,4972,0
2547,4965,0
2576,4956,0
2606,4951,0
2633,4951,0
2659,4955,0
2676,4953,0
2690,4961,0
2697,4968,0
2702,4978,0
2704,4990,0
2698,4983,0
2702,4990,1
2906,5011,0
2911,5001,0
2902,4978,0
2891,4970,0
2866,4953,0
2837,4944,0
2803,4944,0
2767,4947,0
2731,4960,0
2701,4983,0
2679,5006,0
2671,5039,0
2678,5074,0
2697,5106,0
2731,5137,0
2767,5158,0
2809,5169,0
2843,5166,0
2872,5151,0
2888,5125,0
2900,5095,0
2901,5060,0
2890,5021,0
2876,4997,0
2859,4978,0
2842,4967,0
2830,4963,0
2822,4957,0
2828,4968,1
3143,4889,0
3143,4893,0
3144,4898,0
3145,4901,0
3145,4905,0
3148,4917,0
3152,4942,0
3156,4967,0
3159,5004,0
3162,5038,0
3163,5072,0
3165,5105,0
3167,5131,0
3173,5150,0
3175,5158,0
3182,5168,0
3177,5162,0
3181,5165,0
3175,5154,0
3175,5150,0
3170,5134,1
3087,4726,0
3086,4727,0
3086,4727,0
3087,4730,0
3086,4731,0
3084,4727,0
3087,4730,0
3093,4736,0
3107,4743,1
3284,4665,0
3281,4666,0
3282,4671,0
3279,4681,0
3279,4704,0
3275,4731,0
3274,4768,0
3274,4812,0
3276,4864,0
3279,4924,0
3281,4986,0
3281,5043,0
3290,5100,0
3297,5141,0
3304,5168,0
3313,5190,0
3317,5193,0
3320,5196,0
3320,5192,0
3316,5175,0
3312,5160,1
3206,4953,0
3208,4957,0
3215,4963,0
3220,4961,0
3238,4965,0
3260,4968,0
3284,4966,0
3309,4963,0
3334,4965,0
3356,4968,0
3367,4968,0
3375,4968,0
3375,4972,1
3398,5151,0
3397,5156,0
3397,5156,0
3398,5160,0
3398,5160,0
3389,5146,0
3386,5144,0
3390,5146,0
3395,5149,1
3598,4663,0
3598,4663,0
3598,4663,0
3600,4667,0
3595,4678,0
3595,4697,0
3597,4724,0
3599,4758,0
3601,4799,0
3602,4843,0
3607,4900,0
3612,4956,0
3618,5012,0
3622,5063,0
3626,5115,0
3629,5155,0
3631,5185,0
3632,5197,0
3631,5198,0
3633,5197,0
3634,5178,1
3435,4706,0
3433,4707,0
3432,4707,0
3438,4712,0
3448,4712,0
3465,4717,0
3488,4718,0
3520,4724,0
3553,4729,0
3586,4734,0
3619,4738,0
3653,4743,0
3683,4743,0
3713,4745,0
3732,4739,0
3751,4736,0
3765,4734,0
3773,4729,0
3777,4726,0
3779,4725,0
3778,4726,1
3761,4657,0
3762,4670,0
3767,4690,0
3771,4711,0
3773,4742,0
3776,4778,0
3777,4823,0
3775,4871,0
3778,4924,0
3782,4977,0
3783,5026,0
3783,5064,0
3788,5088,0
3789,5101,0
3787,5098,0
3786,5094,0
3793,5076,0
3797,5051,0
3805,5015,0
3822,4977,0
3843,4933,0
3863,4898,0
3880,4874,0
3904,4860,0
3925,4857,0
3942,4865,0
3955,4886,0
3963,4917,0
3971,4960,0
3974,4999,0
3977,5045,0
3980,5084,0
3985,5119,0
3993,5138,0
3995,5145,0
4003,5146,0
4012,5139,0
4024,5123,0
4032,5096,0
4046,5069,0
4057,5034,0
4072,5001,0
4083,4965,0
4089,4929,0
4092,4899,0
4087,4869,0
4080,4850,0
4068,4838,0
4060,4839,0
4051,4849,0
4045,4872,0
4039,4903,0
4044,4949,0
4050,5000,0
4063,5053,0
4080,5105,0
4102,5152,0
4122,5191,0
4143,5220,0
4162,5241,0
4180,5249,1
4339,4845,0
4339,4850,0
4340,4848,0
4340,4854,0
4343,4871,0
4346,4893,0
4347,4917,0
4349,4950,0
4348,4989,0
4345,5030,0
4343,5069,0
4345,5102,0
4346,5120,0
4351,5122,0
4345,5117,0
4345,5097,0
4346,5063,0
4350,5021,0
4357,4973,0
4370,4926,0
4382,4879,0
4398,4843,0
4410,4813,0
4425,4799,0
4438,4799,0
4448,4807,0
4459,4828,0
4465,4858,0
4473,4902,0
4477,4944,0
4481,4989,0
4482,5028,0
4481,5058,0
4480,5073,0
4485,5070,0
4485,5060,0
4480,5033,0
4489,5004,0
4495,4956,0
4507,4907,0
4525,4864,0
4544,4825,0
4563,4796,0
4584,4780,0
4601,4777,0
4622,4792,0
4635,4816,0
4647,4853,0
4656,4902,0
4659,4953,0
4658,5004,0
4659,5055,0
4661,5092,0
4663,5120,0
4672,5133,0
4680,5138,0
4690,5130,1
4753,4787,0
4751,4787,0
4753,4791,0
4751,4793,0
4750,4809,0
4751,4833,0
4755,4866,0
4758,4905,0
4763,4950,0
4769,4997,0
4777,5045,0
4789,5086,0
4802,5112,0
4816,5126,0
4830,5131,0
4838,5120,0
4847,5098,0
4856,5065,0
4866,5028,0
4873,4982,0
4876,4933,0
4881,4883,0
4881,4842,0
4884,4813,0
4883,4799,0
4883,4799,0
4883,4804,0
4882,4825,0
4887,4863,0
4891,4906,0
4893,4951,0
4903,4999,0
4910,5040,0
4922,5076,0
4931,5103,0
4938,5119,0
4943,5129,0
4946,5132,0
4946,5128,0
4951,5119,0
4948,5101,1
5022,5114,0
5023,5117,0
5021,5109,0
5016,5093,0
5009,5067,0
4999,5039,0
4997,5011,0
4984,4980,0
4977,4950,0
4969,4920,0
4964,4888,0
4963,4863,0
4968,4842,0
4973,4828,0
4980,4818,0
4991,4813,0
5002,4809,0
5014,4810,0
5030,4812,0
5044,4811,0
5062,4811,1
5262,4859,0
5248,4845,0
5232,4832,0
5214,4827,0
5186,4820,0
5161,4825,0
5132,4834,0
5109,4854,0
5091,4886,0
5077,4919,0
5074,4958,0
5079,4995,0
5093,5035,0
5113,5071,0
5137,5098,0
5160,5110,0
5179,5110,0
5204,5099,0
5224,5077,0
5234,5038,0
5248,4994,0
5253,4937,0
5257,4879,0
5260,4818,0
5260,4758,0
5260,4705,0
5256,4654,0
5257,4620,0
5251,4598,0
5247,4591,0
5250,4594,0
5248,4613,0
5255,4649,0
5269,4746,0
5276,4804,0
5289,4866,0
5299,4922,0
5308,4973,0
5316,5014,0
5325,5048,0
5330,5065,0
5334,5072,0
5335,5071,0
5337,5065,0
5335,5050,0
5335,5034,0
5334,5014,0
5335,4992,1
5397,5113,0
5396,5109,0
5398,5107,0
5403,5102,0
5407,5088,0
5416,5075,0
5428,5055,0
5442,5031,0
5455,5004,0
5465,4973,0
5474,4942,0
5474,4910,0
5474,4877,0
5466,4851,0
5458,4836,0
5444,4828,0
5429,4831,0
5416,4849,0
5404,4876,0
5392,4909,0
5389,4955,0
5392,5000,0
5402,5045,0
5420,5088,0
5441,5122,0
5464,5144,0
5489,5161,0
5504,5162,0
5515,5158,0
5526,5154,0
5529,5140,0
5526,5122,0
5524,5103,1
5582,5087,0
5579,5084,0
5581,5082,0
5582,5072,0
5578,5052,0
5579,5031,0
5575,5001,0
5571,4966,0
5569,4931,0
5566,4899,0
5564,4869,0
5563,4842,0
5569,4826,0
5575,4814,0
5582,4807,0
5595,4806,0
5614,4809,0
5641,4811,0
5668,4813,0
5699,4816,0
5724,4813,1