With virtually no practical means of political
918
484,3691,0
487,3703,0
490,3724,0
491,3740,0
492,3757,0
494,3777,0
497,3802,0
500,3823,0
503,3840,0
506,3856,0
512,3873,0
519,3883,0
526,3892,0
530,3893,0
533,3892,0
535,3881,0
539,3869,0
542,3858,0
546,3842,0
549,3826,0
551,3810,0
553,3798,0
555,3795,0
559,3795,0
562,3795,0
565,3796,0
569,3809,0
576,3822,0
583,3839,0
593,3857,0
605,3874,0
613,3884,0
618,3884,0
622,3884,0
626,3881,0
632,3878,0
635,3862,0
635,3842,0
633,3813,0
632,3789,0
633,3765,0
638,3742,0
646,3723,0
654,3707,0
660,3696,0
667,3684,0
674,3677,0
682,3674,0
690,3675,0
696,3679,0
701,3684,0
708,3697,0
714,3710,0
719,3726,0
721,3743,0
721,3759,0
722,3779,0
726,3800,0
729,3824,0
733,3844,0
735,3860,0
735,3864,0
735,3868,0
735,3869,0
737,3865,1
673,3609,0
677,3605,0
677,3605,0
676,3604,0
675,3605,1
777,3672,0
787,3700,0
796,3721,0
803,3749,0
808,3774,0
811,3795,0
813,3811,0
815,3823,0
815,3826,1
788,3744,0
791,3744,0
798,3737,0
804,3738,0
814,3727,0
824,3720,0
833,3708,0
842,3689,0
854,3677,0
863,3662,0
872,3646,0
879,3631,0
887,3623,0
895,3628,0
897,3628,0
897,3628,0
898,3644,0
899,3660,0
902,3688,0
907,3716,0
910,3748,0
915,3777,0
921,3801,0
927,3817,0
928,3822,0
930,3822,0
931,3817,0
936,3806,0
941,3790,0
948,3770,0
953,3754,0
962,3739,0
970,3731,0
979,3723,0
989,3727,0
998,3736,0
1006,3752,0
1015,3776,0
1025,3804,0
1036,3833,0
1045,3860,1
1209,3838,0
1215,3846,0
1218,3858,0
1219,3862,0
1220,3866,0
1221,3865,0
1223,3865,0
1226,3862,0
1229,3849,0
1233,3838,0
1236,3817,0
1242,3805,0
1247,3793,0
1254,3781,0
1258,3768,0
1266,3764,0
1271,3755,1
1303,3794,0
1306,3809,0
1310,3829,0
1311,3838,0
1312,3849,0
1312,3853,0
1312,3853,0
1311,3849,0
1308,3838,1
1286,3658,0
1289,3650,0
1291,3650,0
1290,3646,0
1292,3650,1
1355,3766,0
1359,3781,0
1364,3798,0
1367,3809,0
1372,3821,0
1372,3821,0
1372,3824,0
1375,3821,0
1377,3812,0
1380,3800,0
1384,3779,0
1390,3767,0
1399,3754,0
1406,3742,0
1413,3733,0
1421,3724,0
1430,3719,1
1473,3703,0
1483,3737,0
1493,3765,0
1498,3788,0
1500,3808,0
1500,3817,0
1499,3821,0
1496,3817,0
1489,3810,1
1499,3744,0
1516,3742,0
1529,3732,0
1544,3727,0
1554,3720,0
1561,3712,0
1568,3711,0
1572,3714,0
1573,3714,0
1573,3723,0
1576,3738,0
1579,3758,0
1582,3773,0
1587,3793,0
1591,3805,0
1592,3812,0
1594,3817,0
1595,3817,0
1600,3812,0
1604,3799,0
1609,3785,0
1614,3773,0
1617,3761,0
1623,3752,0
1627,3742,0
1633,3742,0
1636,3742,0
1639,3744,0
1640,3749,0
1648,3768,0
1657,3786,0
1665,3806,0
1672,3817,0
1677,3824,0
1679,3827,0
1686,3826,0
1691,3822,1
1715,3744,0
1713,3757,0
1710,3769,0
1711,3785,0
1713,3798,0
1720,3812,0
1729,3823,0
1736,3826,0
1743,3824,0
1751,3819,0
1759,3814,0
1763,3801,0
1763,3789,0
1768,3771,0
1766,3755,0
1768,3752,0
1766,3743,0
1768,3743,0
1768,3743,0
1767,3751,0
1768,3763,0
1771,3779,0
1778,3798,0
1788,3817,0
1795,3827,0
1805,3841,0
1814,3848,0
1823,3846,0
1832,3840,0
1840,3831,0
1845,3809,0
1850,3788,0
1855,3762,0
1857,3728,0
1860,3699,0
1860,3671,0
1861,3650,0
1862,3629,0
1861,3613,0
1862,3609,0
1862,3609,0
1863,3612,0
1862,3621,0
1864,3641,0
1869,3669,0
1874,3696,0
1879,3719,0
1889,3747,0
1897,3769,0
1905,3784,0
1914,3798,0
1920,3800,0
1925,3800,1
1956,3735,0
1966,3765,0
1971,3784,0
1978,3807,0
1984,3822,0
1993,3836,0
1997,3839,0
2002,3839,0
2008,3836,1
2025,3733,0
2029,3749,0
2034,3764,0
2042,3787,0
2051,3805,0
2059,3824,0
2063,3826,0
2067,3830,0
2071,3829,0
2077,3822,0
2084,3813,0
2092,3802,0
2099,3788,0
2105,3773,0
2110,3760,0
2118,3753,0
2125,3747,0
2133,3749,0
2136,3748,0
2139,3751,0
2143,3766,0
2145,3788,0
2146,3812,0
2145,3841,0
2144,3875,0
2141,3909,0
2138,3947,0
2140,3984,0
2133,4003,0
2126,4017,0
2112,4017,0
2102,4015,0
2094,4005,0
2084,3982,0
2079,3963,0
2075,3935,0
2072,3911,1
2306,3790,0
2321,3819,0
2328,3838,0
2334,3857,0
2338,3872,0
2338,3877,0
2337,3881,0
2338,3885,0
2338,3885,0
2340,3884,0
2338,3868,0
2340,3855,0
2338,3834,0
2338,3813,0
2338,3788,0
2342,3770,0
2352,3762,0
2362,3750,0
2373,3746,0
2384,3746,0
2396,3750,0
2412,3771,0
2423,3788,0
2433,3809,0
2437,3825,0
2441,3844,0
2445,3860,0
2450,3875,0
2450,3880,1
2466,3814,0
2473,3833,0
2477,3844,0
2486,3858,0
2497,3867,0
2509,3870,0
2521,3870,0
2536,3869,0
2545,3861,0
2550,3850,0
2550,3832,0
2542,3810,0
2535,3796,0
2523,3778,0
2516,3773,0
2508,3768,0
2499,3767,1
2686,3888,0
2692,3916,0
2693,3937,0
2697,3958,0
2696,3971,0
2698,3983,0
2696,3984,0
2697,3984,0
2698,3983,0
2695,3967,0
2692,3947,0
2689,3922,0
2692,3903,0
2695,3880,0
2696,3854,0
2700,3830,0
2709,3809,0
2715,3788,0
2723,3772,0
2731,3759,0
2741,3754,0
2753,3754,0
2762,3758,0
2771,3766,0
2777,3782,0
2780,3802,0
2776,3814,0
2771,3829,0
2760,3838,0
2750,3843,0
2741,3847,0
2733,3846,0
2728,3843,1
2815,3737,0
2817,3736,0
2821,3739,0
2820,3744,0
2818,3753,1
2824,3800,0
2827,3815,0
2825,3821,0
2827,3825,0
2828,3824,0
2828,3819,0
2833,3813,0
2835,3798,0
2842,3786,0
2848,3774,0
2856,3766,0
2866,3761,1
2935,3758,0
2929,3765,0
2926,3780,0
2922,3791,0
2924,3808,0
2929,3823,0
2937,3838,0
2951,3848,0
2957,3849,0
2965,3850,0
2973,3846,0
2979,3834,0
2983,3823,0
2988,3807,0
2990,3792,0
2987,3771,0
2987,3756,0
2987,3753,0
2989,3756,0
2991,3756,0
2986,3758,0
2988,3770,0
2994,3789,0
3001,3809,0
3013,3825,0
3018,3836,0
3025,3846,0
3028,3845,0
3028,3844,1
3047,3775,0
3047,3785,0
3042,3791,0
3045,3804,0
3052,3818,0
3059,3827,0
3071,3834,0
3081,3839,0
3096,3844,0
3105,3839,0
3118,3836,0
3126,3827,0
3135,3818,1
3169,3780,0
3175,3803,0
3178,3820,0
3182,3836,0
3180,3842,1
3173,3741,0
3187,3737,0
3196,3728,0
3211,3723,0
3221,3716,0
3235,3718,0
3245,3716,0
3256,3723,0
3261,3729,0
3266,3741,0
3281,3769,0
3285,3785,0
3294,3807,0
3291,3814,0
3293,3823,0
3293,3827,0
3291,3824,1
3262,3677,0
3269,3678,0
3269,3672,0
3272,3671,0
3268,3664,1
3366,3740,0
3356,3741,0
3350,3750,0
3339,3752,0
3335,3764,0
3338,3781,0
3341,3798,0
3344,3810,0
3350,3821,0
3357,3831,0
3365,3834,0
3378,3841,0
3391,3842,0
3402,3839,0
3414,3837,0
3426,3834,0
3440,3830,1
3494,3732,0
3485,3738,0
3475,3745,0
3469,3758,0
3466,3770,0
3465,3785,0
3472,3805,0
3476,3817,0
3484,3829,0
3490,3835,0
3496,3836,0
3508,3839,0
3514,3829,0
3524,3822,0
3530,3809,0
3535,3792,0
3539,3778,0
3544,3766,0
3546,3755,0
3551,3752,0
3554,3754,0
3551,3752,0
3549,3757,0
3551,3771,0
3551,3785,0
3568,3812,0
3571,3834,0
3587,3853,0
3589,3856,0
3603,3866,0
3612,3865,0
3625,3860,0
3635,3839,0
3643,3819,0
3648,3795,0
3654,3771,0
3658,3744,0
3658,3715,0
3656,3686,0
3659,3665,0
3658,3650,0
3656,3636,0
3656,3636,0
3656,3636,0
3656,3642,0
3660,3663,0
3665,3690,0
3668,3718,0
3674,3756,1
3893,3839,0
3894,3832,0
3900,3824,0
3903,3811,0
3907,3798,0
3911,3785,0
3912,3768,0
3921,3761,0
3928,3756,0
3938,3753,0
3944,3753,0
3950,3759,0
3960,3771,0
3966,3787,0
3975,3811,0
3983,3834,0
3990,3850,0
3989,3855,0
3991,3858,0
3995,3856,0
3993,3853,0
4002,3845,0
4005,3831,0
4020,3820,0
4020,3800,0
4032,3785,0
4042,3772,0
4053,3763,0
4063,3754,0
4072,3752,0
4081,3754,0
4087,3760,0
4094,3776,0
4102,3800,0
4109,3820,0
4115,3841,0
4124,3860,0
4131,3875,0
4124,3880,0
4132,3889,0
4135,3887,1
4227,3804,0
4223,3796,0
4229,3786,0
4224,3774,0
4218,3769,0
4210,3766,0
4208,3761,0
4193,3760,0
4189,3762,0
4175,3764,0
4167,3771,0
4161,3782,0
4161,3798,0
4158,3810,0
4163,3826,0
4167,3840,0
4174,3853,0
4185,3865,0
4200,3880,0
4220,3889,0
4234,3892,0
4248,3892,0
4261,3886,0
4278,3882,0
4287,3873,1
4301,3776,0
4298,3789,0
4300,3804,0
4302,3818,0
4313,3835,0
4315,3844,0
4324,3853,0
4330,3858,0
4340,3859,0
4345,3855,0
4352,3848,0
4362,3840,0
4363,3827,0
4374,3817,0
4373,3803,0
4381,3785,0
4373,3771,0
4371,3756,0
4372,3749,0
4368,3742,0
4373,3744,0
4376,3741,0
4367,3748,0
4374,3759,0
4372,3782,0
4384,3804,0
4394,3828,0
4403,3851,0
4412,3870,0
4415,3882,0
4422,3888,0
4425,3886,0
4432,3879,1
4466,3837,0
4472,3848,0
4470,3849,0
4473,3852,0
4475,3851,0
4477,3843,0
4483,3832,0
4483,3822,0
4492,3807,0
4500,3795,0
4504,3780,0
4514,3769,0
4526,3759,0
4532,3753,0
4541,3749,0
4548,3749,0
4558,3750,0
4566,3759,0
4570,3766,0
4577,3781,0
4582,3794,0
4589,3809,0
4595,3820,0
4599,3827,0
4602,3830,1
4660,3779,0
4669,3782,0
4681,3786,0
4700,3796,0
4714,3805,0
4727,3814,0
4737,3826,0
4741,3834,0
4741,3839,0
4739,3847,0
4734,3852,0
4725,3855,0
4717,3858,0
4705,3853,0
4693,3846,1
4907,3730,0
4902,3737,0
4895,3743,0
4890,3754,0
4891,3771,0
4896,3789,0
4897,3800,0
4901,3812,0
4904,3821,0
4915,3832,0
4925,3839,0
4939,3848,0
4951,3848,0
4963,3846,0
4970,3838,0
4978,3830,0
4987,3822,0
4992,3809,0
4991,3793,0
4987,3780,0
4975,3764,0
4963,3747,0
4944,3732,0
4937,3728,0
4929,3725,1
5061,3545,0
5060,3535,0
5055,3528,0
5046,3526,0
5041,3531,0
5035,3539,0
5031,3555,0
5028,3578,0
5032,3609,0
5035,3643,0
5040,3679,0
5047,3720,0
5049,3759,0
5059,3802,0
5069,3844,0
5068,3875,0
5074,3904,0
5068,3916,0
5065,3924,0
5062,3927,0
5059,3925,0
5059,3919,0
5058,3909,0
5050,3888,0
5047,3867,0
5052,3851,0
5052,3827,0
5059,3807,0
5064,3783,0
5074,3769,0
5079,3751,0
5088,3740,0
5096,3730,1
5364,3996,0
5361,3981,0
5354,3959,0
5351,3938,0
5351,3914,0
5343,3887,0
5340,3858,0
5339,3829,0
5335,3802,0
5346,3785,0
5356,3773,0
5368,3764,0
5382,3754,0
5395,3756,0
5407,3762,0
5414,3772,0
5417,3787,0
5421,3802,0
5419,3822,0
5407,3836,0
5390,3843,0
5377,3847,0
5366,3847,0
5361,3848,0
5351,3846,1
5470,3748,0
5463,3756,0
5452,3764,0
5450,3778,0
5448,3787,0
5448,3800,0
5457,3814,0
5464,3825,0
5479,3837,0
5489,3843,0
5503,3847,0
5517,3848,0
5525,3844,0
5533,3835,0
5540,3826,0
5545,3814,0
5543,3798,0
5535,3783,0
5531,3773,0
5522,3766,0
5508,3758,1
5594,3715,0
5598,3735,0
5601,3757,0
5608,3781,0
5615,3804,0
5626,3829,0
5638,3846,0
5645,3856,0
5658,3865,0
5665,3863,0
5677,3860,0
5689,3853,0
5699,3846,0
5709,3833,0
5716,3817,0
5725,3807,0
5726,3792,0
5733,3783,0
5739,3776,0
5740,3773,0
5740,3773,0
5740,3776,0
5741,3787,0
5743,3803,0
5744,3815,0
5745,3826,0
5745,3833,0
5747,3838,0
5746,3839,1
5739,3684,0
5740,3682,0
5740,3682,0
5741,3681,0
5744,3677,1
5800,3735,0
5809,3764,0
5815,3788,0
5824,3816,0
5829,3836,0
5836,3853,0
5836,3858,0
5834,3855,0
5830,3848,1
5779,3778,1
5791,3773,0
5798,3771,0
5813,3771,0
5828,3772,0
5842,3766,0
5858,3764,0
5868,3759,0
5882,3759,0
5899,3758,0
5908,3759,0
5919,3763,0
5928,3771,0
5935,3783,0
5938,3792,0
5946,3807,0
5947,3820,0
5950,3829,0
5950,3835,0
5949,3838,0
5948,3839,1
5927,3691,1
6025,3774,0
6017,3785,0
6014,3797,0
6017,3812,0
6020,3829,0
6030,3843,0
6041,3855,0
6049,3863,0
6062,3873,0
6082,3873,0
6093,3872,0
6109,3870,0
6120,3862,1
6178,3774,0
6171,3784,0
6172,3795,0
6173,3809,0
6181,3825,0
6186,3831,0
6197,3837,0
6206,3838,0
6213,3835,0
6222,3829,0
6225,3819,0
6230,3805,0
6232,3788,0
6236,3776,0
6242,3766,0
6240,3756,0
6243,3752,0
6240,3749,0
6242,3753,0
6241,3761,0
6239,3778,0
6247,3795,0
6252,3810,0
6257,3821,0
6266,3836,0
6277,3842,0
6291,3849,0
6305,3851,0
6317,3848,0
6330,3836,0
6342,3819,0
6355,3801,0
6360,3778,0
6364,3751,0
6367,3725,0
6368,3696,0
6370,3665,0
6365,3642,0
6358,3617,0
6358,3594,0
6350,3577,0
6351,3568,0
6352,3568,0
6350,3570,0
6347,3581,0
6355,3605,0
6358,3631,0
6361,3663,0
6367,3703,0
6379,3737,0
6391,3776,0
6399,3813,0
6416,3846,1