vagance so characteristic of
785
922,2299,0
920,2299,0
950,2305,0
961,2321,0
926,2335,0
931,2356,0
951,2400,0
982,2454,0
999,2475,0
1016,2488,0
1035,2496,0
1050,2492,0
1063,2485,0
1071,2468,0
1078,2445,0
1081,2417,0
1081,2393,0
1077,2372,0
1070,2352,0
1062,2340,0
1057,2333,0
1055,2329,0
1056,2329,0
1065,2325,0
1083,2325,0
1113,2325,0
1146,2320,0
1184,2318,0
1216,2312,0
1245,2314,0
1262,2313,0
1271,2316,0
1270,2316,0
1266,2325,0
1247,2335,0
1222,2352,0
1193,2374,0
1167,2403,0
1147,2428,0
1139,2444,0
1139,2444,0
1149,2451,0
1163,2447,0
1180,2434,0
1199,2418,0
1216,2393,0
1232,2371,0
1246,2355,0
1250,2338,0
1251,2334,0
1249,2334,0
1249,2338,0
1245,2347,0
1245,2371,0
1248,2391,0
1257,2410,0
1272,2425,0
1295,2434,0
1320,2436,0
1348,2433,0
1375,2426,0
1402,2417,0
1426,2403,0
1449,2391,0
1469,2374,0
1486,2359,0
1502,2352,0
1513,2346,0
1524,2344,0
1533,2346,0
1535,2341,0
1535,2341,0
1537,2345,0
1534,2345,0
1526,2352,0
1512,2359,0
1498,2374,0
1483,2392,0
1469,2411,0
1460,2429,0
1459,2441,0
1463,2449,0
1476,2454,0
1491,2452,0
1508,2445,0
1527,2433,0
1541,2414,0
1557,2398,0
1568,2384,0
1575,2374,0
1574,2370,0
1573,2370,0
1570,2371,0
1571,2379,0
1568,2396,0
1564,2417,0
1563,2446,0
1561,2475,0
1561,2507,0
1560,2537,0
1558,2562,0
1552,2579,0
1547,2592,0
1539,2597,0
1532,2603,0
1521,2597,0
1512,2594,0
1505,2584,0
1500,2572,0
1502,2560,0
1509,2547,0
1523,2527,0
1546,2503,0
1576,2480,0
1613,2460,0
1651,2441,0
1687,2424,0
1722,2410,0
1751,2394,0
1780,2385,0
1798,2375,0
1807,2367,0
1811,2367,0
1809,2367,0
1807,2367,0
1800,2366,0
1790,2364,0
1782,2371,0
1771,2384,0
1758,2396,0
1749,2415,0
1744,2434,0
1742,2451,0
1745,2466,0
1751,2478,0
1759,2483,0
1769,2485,0
1776,2478,0
1788,2474,0
1795,2460,0
1804,2448,0
1809,2430,0
1812,2408,0
1815,2391,0
1815,2378,0
1811,2367,0
1811,2367,0
1811,2367,0
1807,2363,0
1811,2371,0
1814,2382,0
1820,2401,0
1827,2420,0
1839,2441,0
1848,2455,0
1860,2468,0
1872,2477,0
1879,2474,0
1890,2474,0
1901,2470,0
1909,2459,0
1918,2447,0
1926,2432,0
1932,2416,0
1941,2405,0
1944,2391,0
1951,2384,0
1952,2374,0
1952,2371,0
1952,2371,0
1952,2370,0
1953,2374,0
1952,2374,0
1957,2386,0
1957,2394,0
1961,2410,0
1966,2429,0
1968,2441,0
1970,2453,0
1976,2464,0
1976,2464,0
1977,2463,0
1979,2463,0
1980,2458,0
1988,2451,0
1993,2432,0
2008,2421,0
2019,2408,0
2031,2394,0
2048,2391,0
2058,2386,0
2070,2390,0
2075,2392,0
2082,2402,0
2089,2417,0
2094,2432,0
2097,2444,0
2107,2456,0
2117,2465,0
2128,2469,0
2143,2471,0
2159,2468,0
2180,2463,0
2202,2452,0
2222,2438,0
2247,2429,0
2265,2415,0
2287,2404,0
2304,2395,0
2321,2389,0
2333,2383,0
2341,2378,0
2349,2379,0
2350,2377,0
2353,2380,0
2350,2378,0
2349,2379,0
2346,2380,0
2336,2381,0
2328,2391,0
2314,2398,0
2304,2412,0
2292,2424,0
2289,2439,0
2290,2451,0
2297,2461,0
2314,2475,0
2332,2479,0
2354,2481,0
2380,2480,0
2404,2476,0
2426,2468,0
2450,2463,0
2463,2451,0
2478,2441,0
2485,2432,0
2488,2426,0
2484,2419,0
2475,2411,0
2469,2410,0
2456,2408,0
2443,2412,0
2432,2423,0
2417,2432,0
2412,2448,0
2412,2462,0
2417,2473,0
2432,2487,0
2451,2499,0
2475,2508,0
2502,2516,0
2533,2526,0
2555,2526,0
2577,2531,0
2598,2536,0
2610,2538,0
2618,2538,0
2622,2539,0
2628,2540,1
2975,2374,0
2973,2371,0
2971,2373,0
2963,2375,0
2949,2381,0
2931,2391,0
2914,2405,0
2900,2422,0
2892,2438,0
2888,2451,0
2895,2467,0
2907,2478,0
2924,2490,0
2943,2500,0
2958,2509,0
2969,2515,0
2970,2519,0
2969,2525,0
2963,2536,0
2950,2545,0
2932,2555,0
2916,2562,0
2907,2569,0
2902,2567,0
2909,2568,0
2923,2561,0
2947,2548,0
2977,2529,0
3010,2502,0
3045,2478,0
3081,2458,0
3107,2441,0
3122,2427,0
3134,2420,0
3133,2417,0
3131,2418,0
3120,2423,0
3110,2438,0
3097,2455,0
3083,2471,0
3079,2491,0
3086,2507,0
3095,2515,0
3110,2516,0
3132,2515,0
3153,2507,0
3170,2496,0
3183,2485,0
3192,2477,0
3194,2469,0
3187,2460,0
3173,2451,0
3163,2449,0
3148,2446,0
3136,2447,0
3129,2447,0
3132,2450,0
3139,2449,0
3153,2446,0
3178,2446,0
3205,2443,0
3235,2443,0
3255,2440,0
3271,2441,0
3276,2441,0
3279,2444,0
3276,2441,0
3275,2442,0
3274,2443,1
3736,2503,0
3733,2500,0
3730,2497,0
3721,2497,0
3704,2497,0
3690,2507,0
3668,2520,0
3651,2538,0
3638,2559,0
3632,2576,0
3633,2586,0
3650,2591,0
3677,2588,0
3708,2570,0
3745,2542,0
3788,2511,0
3822,2470,0
3851,2429,0
3875,2386,0
3892,2346,0
3894,2311,0
3892,2286,0
3884,2270,0
3875,2262,0
3866,2261,0
3861,2268,0
3854,2283,0
3855,2309,0
3858,2339,0
3863,2376,0
3874,2415,0
3880,2451,0
3884,2483,0
3889,2509,0
3896,2526,0
3901,2531,0
3912,2532,0
3920,2523,0
3933,2507,0
3947,2488,0
3966,2473,0
3976,2460,0
3982,2452,0
3988,2451,0
3995,2455,0
4002,2466,0
4005,2482,0
4007,2497,0
4015,2514,0
4018,2522,0
4027,2524,0
4042,2525,0
4056,2519,0
4075,2509,0
4091,2495,0
4115,2483,0
4132,2468,0
4146,2455,0
4159,2444,0
4176,2440,0
4184,2437,0
4187,2434,0
4190,2435,0
4189,2437,0
4188,2439,0
4185,2443,0
4176,2448,0
4165,2456,0
4160,2469,0
4145,2482,0
4136,2500,0
4126,2515,0
4124,2529,0
4128,2538,0
4133,2538,0
4147,2533,0
4163,2526,0
4184,2512,0
4197,2493,0
4212,2474,0
4225,2455,0
4235,2441,0
4240,2434,0
4237,2432,0
4236,2433,0
4229,2435,0
4223,2444,0
4220,2461,0
4222,2480,0
4225,2497,0
4234,2511,0
4247,2526,0
4263,2532,0
4281,2535,0
4297,2533,0
4311,2527,0
4328,2517,0
4342,2505,0
4352,2490,0
4359,2474,0
4364,2461,0
4369,2453,0
4367,2449,0
4368,2448,0
4363,2447,0
4366,2450,0
4368,2462,0
4371,2479,0
4374,2494,0
4379,2507,0
4384,2515,0
4391,2519,0
4400,2521,0
4407,2518,0
4418,2515,0
4425,2506,0
4432,2495,0
4443,2486,0
4447,2474,0
4453,2465,0
4461,2461,0
4469,2456,0
4480,2453,0
4495,2453,0
4509,2453,0
4522,2455,0
4535,2458,0
4543,2460,0
4543,2460,0
4547,2461,0
4543,2460,0
4539,2459,0
4533,2460,0
4522,2462,0
4513,2468,0
4502,2478,0
4495,2490,0
4488,2499,0
4490,2509,0
4499,2518,0
4514,2525,0
4529,2524,0
4550,2521,0
4569,2516,0
4588,2508,0
4603,2499,0
4611,2487,0
4616,2480,0
4611,2474,0
4611,2473,0
4608,2471,0
4607,2472,0
4606,2473,0
4601,2475,0
4606,2489,0
4616,2503,0
4621,2516,0
4632,2528,0
4645,2538,0
4660,2545,0
4677,2548,0
4692,2547,0
4708,2545,0
4730,2540,0
4746,2531,0
4761,2521,0
4780,2514,0
4792,2502,0
4806,2495,0
4821,2487,0
4828,2481,0
4840,2478,0
4845,2477,0
4842,2474,0
4842,2475,0
4842,2475,0
4841,2477,0
4840,2478,0
4837,2484,0
4828,2490,0
4820,2502,0
4808,2516,0
4797,2532,0
4799,2552,0
4796,2563,0
4801,2569,0
4815,2571,0
4838,2563,0
4866,2549,0
4891,2525,0
4924,2503,0
4950,2474,0
4977,2444,0
4994,2415,0
5006,2392,0
5016,2377,0
5018,2371,0
5016,2368,0
5011,2369,0
5002,2377,0
4991,2396,0
4987,2419,0
4981,2446,0
4978,2473,0
4982,2499,0
4987,2522,0
4994,2540,0
5002,2550,0
5012,2556,0
5018,2555,0
5019,2553,0
5018,2547,0
5011,2536,0
5004,2525,0
4997,2519,0
4988,2512,0
4984,2511,0
4985,2510,0
4985,2510,0
4990,2509,0
5002,2512,0
5016,2511,0
5035,2510,0
5061,2507,0
5078,2500,0
5096,2495,0
5108,2488,0
5117,2482,0
5117,2480,0
5116,2476,0
5108,2473,0
5097,2475,0
5083,2484,0
5069,2492,0
5062,2505,0
5059,2518,0
5062,2529,0
5069,2540,0
5086,2550,0
5110,2557,0
5133,2557,0
5158,2554,0
5180,2548,0
5204,2540,0
5225,2527,0
5241,2514,0
5251,2504,0
5256,2496,0
5256,2496,0
5257,2495,0
5251,2495,0
5250,2498,0
5253,2511,0
5250,2522,0
5248,2533,0
5253,2543,0
5254,2548,0
5253,2550,0
5257,2551,0
5258,2549,0
5260,2546,0
5265,2537,0
5272,2526,0
5279,2511,0
5286,2498,0
5296,2488,0
5308,2483,0
5319,2481,0
5327,2482,0
5335,2487,0
5342,2498,0
5347,2513,0
5350,2532,0
5351,2548,0
5352,2562,0
5349,2567,0
5351,2570,0
5356,2569,0
5357,2560,0
5361,2545,0
5361,2521,1
5380,2442,0
5383,2428,0
5385,2418,0
5385,2408,0
5388,2403,0
5394,2399,0
5397,2401,0
5399,2407,1
5417,2586,0
5412,2584,0
5408,2584,0
5409,2584,0
5408,2584,0
5409,2584,0
5409,2584,0
5405,2581,0
5409,2582,0
5410,2581,0
5412,2578,0
5414,2574,0
5415,2572,0
5418,2566,0
5428,2564,0
5432,2557,0
5440,2551,0
5446,2548,0
5458,2545,0
5469,2540,0
5480,2535,0
5487,2532,0
5501,2531,0
5506,2530,0
5520,2531,0
5523,2532,0
5526,2534,0
5532,2540,0
5535,2545,0
5532,2557,0
5534,2570,0
5530,2580,0
5528,2592,0
5519,2598,0
5512,2602,0
5511,2604,0
5508,2602,0
5508,2601,0
5516,2597,0
5525,2588,0
5546,2575,0
5569,2557,0
5597,2538,0
5625,2519,0
5658,2498,0
5687,2476,0
5714,2458,0
5727,2441,0
5735,2434,0
5739,2433,0
5735,2433,0
5733,2436,0
5723,2449,0
5712,2471,0
5698,2498,0
5682,2523,0
5675,2545,0
5664,2564,0
5660,2581,0
5653,2586,0
5656,2590,0
5656,2589,0
5657,2587,0
5657,2579,0
5659,2567,0
5664,2556,0
5680,2543,0
5687,2531,0
5711,2519,0
5728,2511,0
5753,2505,0
5778,2502,0
5795,2502,0
5812,2504,0
5822,2509,0
5832,2516,0
5836,2528,0
5840,2545,0
5840,2564,0
5834,2586,0
5831,2600,0
5824,2612,0
5824,2613,0
5822,2607,0
5824,2596,1
5885,2453,0
5882,2451,0
5880,2446,0
5880,2446,0
5880,2444,1
5999,2529,0
5999,2531,0
5998,2531,0
5993,2532,0
5988,2536,0
5975,2543,0
5956,2555,0
5940,2569,0
5931,2579,0
5935,2587,0
5950,2594,0
5976,2596,0
6014,2591,1
6333,2514,0
6338,2511,0
6345,2507,0
6345,2506,0
6349,2507,0
6347,2512,0
6336,2528,0
6319,2546,0
6313,2567,0
6305,2584,0
6305,2595,0
6311,2602,0
6324,2601,0
6343,2596,0
6370,2588,0
6392,2576,0
6413,2559,0
6425,2543,0
6432,2528,0
6436,2518,0
6432,2507,0
6423,2497,0
6413,2490,0
6403,2485,0
6398,2484,0
6399,2485,0
6399,2485,0
6406,2487,0
6426,2491,0
6453,2490,0
6486,2483,0
6518,2470,0
6555,2454,0
6587,2439,0
6616,2421,0
6637,2400,0
6652,2384,0
6657,2372,0
6652,2364,0
6632,2359,0
6612,2367,0
6581,2391,0
6549,2426,0
6524,2466,0
6507,2507,0
6494,2545,0
6490,2582,0
6495,2612,0
6502,2636,0
6512,2653,0
6524,2663,0
6527,2666,0
6533,2663,0
6534,2660,0
6529,2644,0
6525,2624,0
6517,2603,0
6510,2588,0
6500,2579,0
6501,2579,0
6505,2580,0
6525,2583,0
6559,2587,0
6600,2591,0
6637,2587,1