custom, but one example must suffice.
1134
1302,3710,0
1300,3706,0
1301,3702,0
1301,3698,0
1300,3694,0
1299,3690,0
1295,3687,0
1290,3682,0
1283,3679,0
1277,3675,0
1175,3824,0
1178,3843,0
1187,3859,0
1197,3867,0
1212,3870,0
1264,3836,1
1368,3677,0
1366,3685,0
1360,3689,0
1358,3706,0
1352,3718,0
1347,3738,0
1344,3759,0
1344,3783,0
1343,3799,0
1348,3819,0
1356,3830,0
1365,3837,0
1379,3841,0
1392,3835,0
1404,3822,0
1414,3805,0
1423,3785,0
1435,3763,0
1449,3741,0
1459,3720,0
1467,3696,0
1473,3679,0
1476,3666,0
1474,3662,0
1472,3662,0
1471,3671,0
1464,3688,0
1455,3709,0
1450,3737,0
1440,3766,0
1435,3791,0
1434,3811,0
1436,3831,1
1581,3681,0
1575,3682,0
1571,3687,0
1565,3687,0
1558,3688,0
1553,3693,0
1547,3694,0
1541,3699,0
1536,3708,0
1531,3715,0
1528,3728,0
1528,3737,0
1533,3752,0
1542,3766,0
1556,3781,0
1570,3791,0
1582,3802,0
1591,3812,0
1593,3820,0
1590,3825,0
1581,3831,0
1566,3832,0
1546,3834,0
1521,3830,0
1500,3836,0
1481,3835,0
1466,3829,0
1461,3821,0
1466,3816,1
1704,3596,0
1703,3597,0
1704,3600,0
1701,3605,0
1698,3618,0
1692,3631,0
1686,3648,0
1680,3670,0
1675,3699,0
1670,3723,0
1667,3752,0
1666,3785,0
1664,3814,0
1664,3838,0
1663,3851,0
1664,3859,0
1665,3858,0
1666,3855,0
1667,3842,0
1672,3829,0
1677,3816,1
1638,3721,0
1632,3718,0
1631,3718,0
1633,3718,0
1642,3720,0
1659,3726,0
1684,3730,0
1711,3729,0
1741,3732,1
1876,3728,0
1870,3722,0
1865,3719,0
1860,3715,0
1856,3713,0
1853,3713,0
1848,3714,0
1840,3716,0
1830,3722,0
1816,3730,0
1802,3740,0
1787,3755,0
1773,3775,0
1763,3797,0
1761,3817,0
1768,3841,0
1779,3855,0
1796,3867,0
1818,3875,0
1839,3875,0
1860,3871,0
1876,3855,0
1889,3840,0
1896,3822,0
1899,3801,0
1896,3778,0
1891,3762,0
1881,3744,0
1874,3737,0
1865,3731,0
1861,3732,0
1859,3737,0
1860,3744,1
1965,3728,1
1965,3732,0
1962,3737,0
1958,3742,0
1954,3755,0
1950,3773,0
1947,3790,0
1942,3808,0
1940,3829,0
1937,3846,0
1937,3854,0
1939,3862,0
1937,3858,0
1937,3850,0
1940,3841,0
1942,3824,0
1948,3806,0
1954,3784,0
1965,3765,0
1978,3745,0
1993,3725,0
2007,3713,0
2021,3705,0
2034,3706,0
2041,3713,0
2048,3728,0
2048,3744,0
2049,3769,0
2045,3790,0
2046,3819,0
2042,3836,0
2043,3853,0
2041,3861,0
2041,3865,0
2043,3865,0
2043,3861,0
2043,3848,0
2046,3835,0
2050,3822,0
2055,3804,0
2062,3785,0
2073,3770,0
2083,3750,0
2096,3739,0
2109,3727,0
2121,3723,0
2130,3720,0
2135,3728,0
2137,3740,0
2136,3756,0
2135,3778,0
2134,3802,0
2129,3820,0
2127,3842,0
2123,3855,0
2122,3864,0
2122,3868,1
2236,3877,0
2234,3872,0
2234,3873,0
2233,3873,0
2231,3873,0
2234,3889,0
2231,3904,0
2222,3918,0
2213,3938,1
2481,3601,0
2480,3611,0
2478,3624,0
2476,3643,0
2472,3661,0
2467,3684,0
2459,3709,0
2454,3745,0
2444,3771,0
2437,3800,0
2427,3819,0
2420,3835,0
2417,3849,0
2415,3850,0
2417,3853,0
2417,3845,0
2423,3834,0
2432,3819,0
2440,3798,0
2450,3773,0
2463,3751,0
2478,3732,0
2492,3713,0
2509,3703,0
2525,3691,0
2544,3692,0
2562,3699,0
2579,3716,0
2591,3737,0
2598,3766,0
2597,3792,0
2592,3819,0
2583,3841,0
2569,3860,0
2548,3868,0
2526,3872,0
2511,3874,0
2493,3867,0
2481,3860,0
2472,3846,0
2468,3830,1
2677,3718,0
2673,3711,0
2675,3714,0
2674,3715,0
2673,3724,0
2666,3731,0
2661,3747,0
2651,3764,0
2642,3785,0
2634,3807,0
2632,3825,0
2637,3844,0
2648,3857,0
2663,3859,0
2684,3859,0
2707,3853,0
2731,3842,0
2750,3825,0
2765,3805,0
2776,3787,0
2787,3773,0
2791,3754,0
2790,3736,0
2786,3724,0
2784,3721,0
2781,3718,0
2779,3723,0
2777,3737,0
2774,3752,0
2770,3772,0
2767,3800,0
2763,3824,0
2761,3847,0
2764,3867,0
2767,3879,0
2772,3882,0
2776,3875,1
2917,3614,0
2919,3617,0
2917,3618,0
2914,3624,0
2912,3638,0
2906,3655,0
2897,3678,0
2888,3701,0
2876,3729,0
2866,3756,0
2858,3787,0
2853,3816,0
2851,3839,0
2849,3854,0
2850,3863,0
2851,3862,0
2852,3857,0
2854,3847,0
2861,3834,0
2865,3815,0
2868,3795,1
2851,3737,0
2851,3737,0
2852,3737,0
2861,3745,0
2876,3747,0
2898,3754,0
2934,3758,0
2961,3753,0
2989,3752,0
3009,3754,0
3023,3756,0
3030,3757,1
3168,3776,0
3163,3774,0
3156,3764,0
3153,3756,0
3151,3748,0
3151,3744,0
3147,3732,0
3141,3727,0
3136,3725,0
3127,3726,0
3116,3727,0
3107,3737,0
3096,3748,0
3086,3763,0
3074,3778,0
3064,3797,0
3059,3819,0
3056,3838,0
3060,3859,0
3068,3877,0
3078,3884,0
3093,3891,0
3111,3886,0
3131,3875,0
3158,3864,0
3177,3844,0
3194,3825,0
3202,3802,0
3203,3778,0
3200,3761,0
3194,3747,0
3185,3738,0
3177,3733,1
3301,3742,0
3298,3744,0
3294,3747,0
3291,3754,0
3285,3761,0
3278,3776,0
3271,3794,0
3262,3814,0
3252,3829,0
3247,3851,0
3242,3867,0
3239,3878,0
3238,3883,0
3241,3886,0
3243,3880,0
3245,3870,0
3250,3853,0
3252,3833,0
3259,3815,0
3264,3794,0
3273,3773,0
3284,3759,0
3296,3746,0
3311,3741,0
3327,3741,0
3341,3751,0
3351,3764,0
3356,3783,0
3359,3806,0
3357,3831,0
3347,3851,0
3341,3874,0
3333,3887,0
3327,3896,0
3327,3896,0
3328,3895,0
3334,3886,1
3433,3792,0
3426,3791,0
3426,3791,0
3424,3793,0
3426,3795,0
3430,3793,0
3436,3790,0
3450,3790,0
3460,3783,0
3465,3771,0
3474,3764,0
3478,3756,0
3477,3748,0
3475,3745,0
3467,3741,0
3457,3742,0
3442,3747,0
3425,3754,0
3407,3765,0
3392,3780,0
3384,3794,0
3381,3811,0
3385,3831,0
3392,3851,0
3404,3867,0
3420,3881,0
3436,3885,0
3457,3890,0
3479,3885,0
3498,3877,0
3523,3871,0
3543,3863,0
3559,3857,1
3690,3824,0
3689,3826,0
3691,3829,0
3687,3831,0
3691,3834,0
3699,3838,0
3713,3839,0
3730,3835,0
3754,3832,0
3776,3826,0
3800,3819,0
3817,3810,0
3831,3800,0
3839,3790,0
3846,3784,0
3846,3775,0
3843,3766,0
3839,3759,0
3834,3753,0
3826,3749,0
3813,3744,0
3796,3747,0
3772,3749,0
3747,3754,0
3725,3765,0
3711,3779,0
3701,3797,0
3696,3815,0
3697,3834,0
3709,3855,0
3720,3872,0
3731,3884,0
3743,3894,0
3751,3899,0
3763,3900,0
3768,3892,0
3788,3887,1
4034,3783,0
4029,3777,0
4028,3778,0
4026,3780,0
4020,3785,0
4010,3793,0
3995,3805,0
3981,3820,0
3964,3835,0
3948,3852,0
3932,3870,0
3923,3887,0
3916,3896,0
3913,3899,0
3917,3901,0
3918,3895,0
3922,3882,1
3904,3754,0
3896,3750,0
3895,3751,0
3899,3758,0
3911,3769,0
3927,3787,0
3941,3801,0
3957,3824,0
3974,3848,0
3986,3868,0
4000,3892,0
4010,3911,0
4022,3926,0
4032,3934,0
4034,3931,0
4040,3927,0
4044,3914,1
4177,3767,0
4178,3762,0
4181,3759,0
4181,3759,0
4176,3758,0
4167,3760,0
4154,3766,0
4139,3774,0
4121,3783,0
4111,3798,0
4094,3812,0
4085,3830,0
4074,3849,0
4073,3870,0
4075,3889,0
4084,3903,0
4098,3911,0
4114,3914,0
4131,3911,0
4146,3899,0
4162,3885,0
4181,3869,0
4193,3849,0
4199,3827,0
4205,3807,0
4201,3790,0
4202,3778,0
4198,3771,0
4197,3771,0
4191,3778,0
4186,3796,0
4181,3817,0
4180,3839,0
4181,3863,0
4188,3884,0
4202,3904,0
4214,3914,0
4228,3918,0
4242,3918,0
4247,3902,0
4258,3888,1
4297,3763,0
4295,3759,0
4297,3763,0
4293,3767,0
4288,3782,0
4283,3797,0
4278,3817,0
4273,3839,0
4268,3858,0
4266,3876,0
4266,3892,0
4261,3901,0
4262,3906,0
4263,3905,0
4263,3899,0
4268,3884,0
4273,3865,0
4281,3847,0
4287,3826,0
4296,3807,0
4307,3787,0
4319,3771,0
4334,3763,0
4349,3759,0
4360,3761,0
4371,3773,0
4378,3787,0
4384,3809,0
4386,3829,0
4386,3855,0
4384,3878,0
4384,3900,0
4381,3919,0
4379,3931,0
4373,3932,0
4377,3934,0
4379,3931,0
4379,3920,0
4385,3904,0
4391,3888,0
4399,3870,0
4403,3851,0
4408,3836,0
4415,3819,0
4424,3805,0
4435,3795,0
4444,3786,0
4459,3784,0
4471,3788,0
4477,3794,0
4484,3810,0
4485,3829,0
4480,3852,0
4473,3875,0
4466,3896,0
4461,3918,0
4459,3935,0
4459,3946,0
4462,3949,0
4461,3944,0
4467,3934,1
4572,3786,0
4565,3793,0
4558,3805,0
4550,3819,0
4546,3840,0
4536,3865,0
4530,3892,0
4518,3920,0
4512,3952,0
4498,3981,0
4492,4013,0
4485,4041,0
4478,4063,0
4476,4091,0
4473,4088,0
4477,4080,0
4483,4048,0
4488,4028,0
4499,4007,0
4505,3979,0
4516,3954,0
4525,3930,0
4531,3903,0
4542,3882,0
4552,3860,0
4562,3841,0
4572,3824,0
4582,3810,0
4591,3801,0
4606,3798,0
4615,3795,0
4624,3797,0
4632,3805,0
4640,3820,0
4639,3833,0
4638,3851,0
4636,3870,0
4628,3887,0
4622,3905,0
4609,3916,0
4599,3926,0
4589,3931,0
4583,3935,0
4570,3931,0
4562,3928,0
4561,3923,0
4555,3913,0
4556,3906,0
4553,3893,0
4560,3887,1
4760,3734,0
4758,3730,0
4758,3730,0
4759,3735,0
4757,3743,0
4747,3753,0
4743,3770,0
4726,3787,0
4713,3811,0
4700,3836,0
4690,3861,0
4681,3887,0
4679,3911,0
4675,3925,0
4678,3940,0
4683,3945,0
4688,3946,1
4774,3880,0
4775,3880,0
4776,3878,0
4784,3876,0
4796,3869,0
4816,3867,0
4833,3860,0
4854,3855,0
4867,3848,0
4880,3841,0
4885,3836,0
4883,3826,0
4879,3819,0
4876,3816,0
4869,3812,0
4859,3811,0
4845,3814,0
4830,3817,0
4812,3829,0
4790,3841,0
4774,3858,0
4763,3880,0
4762,3904,0
4768,3925,0
4786,3946,0
4809,3963,0
4835,3972,0
4866,3975,0
4899,3976,0
4921,3971,0
4936,3961,0
4941,3949,0
4944,3940,1
5082,3788,0
5079,3792,0
5077,3799,0
5074,3810,0
5068,3822,0
5062,3839,0
5056,3858,0
5052,3880,0
5047,3902,0
5042,3921,0
5036,3937,0
5036,3954,0
5035,3963,0
5037,3966,0
5035,3963,0
5037,3959,0
5035,3944,0
5042,3932,0
5047,3913,0
5056,3894,0
5064,3872,0
5076,3854,0
5086,3831,0
5100,3816,0
5111,3798,0
5130,3788,0
5142,3781,0
5158,3782,0
5168,3788,0
5182,3803,0
5189,3824,0
5191,3846,0
5189,3872,0
5192,3904,0
5187,3928,0
5184,3950,0
5177,3964,0
5178,3974,0
5172,3974,0
5176,3976,0
5177,3969,0
5178,3956,0
5185,3943,0
5188,3927,0
5194,3909,0
5202,3889,0
5208,3870,0
5214,3851,0
5221,3830,0
5229,3815,0
5243,3805,0
5253,3800,0
5264,3800,0
5269,3806,0
5274,3813,0
5279,3832,0
5277,3853,0
5273,3880,0
5267,3906,0
5265,3933,0
5263,3958,0
5263,3976,0
5262,3988,0
5263,3993,0
5264,3993,0
5267,3989,0
5269,3980,0
5277,3967,0
5291,3957,1
5378,3821,1
5378,3810,0
5373,3808,0
5373,3814,0
5368,3821,0
5362,3834,0
5355,3848,0
5349,3867,0
5342,3887,0
5339,3909,0
5339,3928,0
5343,3946,0
5348,3959,0
5361,3969,0
5374,3971,0
5389,3966,0
5406,3959,0
5424,3946,0
5441,3926,0
5461,3909,0
5476,3885,0
5491,3867,0
5501,3848,0
5504,3833,0
5501,3817,0
5501,3810,0
5499,3807,0
5497,3809,0
5496,3817,0
5491,3836,0
5485,3855,0
5480,3880,0
5477,3908,0
5475,3936,0
5471,3958,0
5473,3980,0
5477,3995,0
5475,3997,0
5478,3999,0
5480,3997,0
5483,3987,1
5663,3846,0
5668,3841,0
5667,3836,0
5664,3833,0
5662,3829,0
5653,3827,0
5647,3827,0
5636,3829,0
5629,3831,0
5618,3838,0
5608,3843,0
5602,3852,0
5593,3858,0
5585,3867,0
5583,3876,0
5586,3890,0
5590,3904,0
5600,3917,0
5610,3931,0
5622,3947,0
5632,3959,0
5639,3971,0
5639,3977,0
5638,3985,0
5634,3989,0
5622,3991,0
5611,3998,0
5595,3998,0
5573,3998,0
5555,4001,0
5541,4000,0
5529,3995,0
5524,3988,0
5527,3980,0
5534,3971,0
5545,3964,0
5557,3955,1
5793,3730,0
5795,3742,0
5787,3752,0
5783,3770,0
5773,3790,0
5757,3812,0
5745,3840,0
5739,3872,0
5730,3904,0
5728,3939,0
5721,3965,0
5719,3987,0
5720,3998,0
5722,4003,0
5723,4000,0
5726,3990,0
5733,3976,1
5701,3843,0
5692,3842,0
5692,3841,0
5692,3842,0
5699,3846,0
5708,3848,0
5726,3850,0
5750,3853,0
5773,3855,0
5794,3855,0
5808,3855,0
5817,3858,0
5814,3855,0
5811,3858,0
5802,3858,0
5797,3858,0
5794,3861,1
6107,3860,0
6105,3854,0
6109,3851,0
6107,3845,0
6107,3840,0
6109,3836,0
6103,3831,0
6096,3826,0
6095,3829,0
6085,3828,0
6075,3829,0
6065,3835,0
6051,3840,0
6042,3852,0
6034,3865,0
6028,3877,0
6026,3894,0
6030,3910,0
6037,3927,0
6049,3944,0
6057,3959,0
6063,3971,0
6068,3985,0
6070,3995,0
6070,4003,0
6063,4010,0
6055,4015,0
6039,4017,0
6022,4018,0
6005,4020,0
5988,4015,0
5976,4012,0
5968,4003,0
5966,3992,0
5975,3980,0
5989,3969,0
6003,3957,1
6184,3854,0
6179,3863,0
6171,3873,0
6165,3889,0
6156,3908,0
6148,3932,0
6140,3957,0
6131,3981,0
6132,4007,0
6135,4028,0
6140,4041,0
6153,4051,0
6169,4056,0
6184,4050,0
6202,4040,0
6219,4023,0
6238,4005,0
6254,3982,0
6266,3960,0
6278,3937,0
6283,3916,0
6288,3896,0
6289,3881,0
6290,3872,0
6288,3868,0
6290,3873,0
6286,3884,0
6283,3903,0
6273,3922,0
6266,3947,0
6259,3976,0
6257,3999,0
6256,4020,0
6259,4036,0
6263,4046,0
6264,4044,0
6273,4039,1
6472,3791,0
6475,3780,0
6475,3773,0
6477,3769,0
6470,3766,0
6465,3767,0
6459,3774,0
6445,3781,0
6429,3790,0
6413,3801,0
6401,3818,0
6389,3836,0
6384,3856,0
6375,3877,0
6367,3902,0
6361,3930,0
6351,3959,0
6343,3991,0
6329,4017,0
6319,4044,0
6311,4068,0
6302,4085,0
6301,4101,0
6297,4106,0
6302,4106,1
6351,3904,0
6343,3901,0
6343,3901,0
6343,3902,0
6346,3905,0
6352,3909,0
6361,3911,0
6378,3913,0
6397,3914,0
6418,3911,0
6439,3911,0
6447,3906,0
6452,3906,1
6618,3804,0
6616,3798,0
6614,3795,0
6615,3793,0
6613,3789,0
6609,3788,0
6600,3786,0
6594,3788,0
6585,3788,0
6577,3792,0
6570,3796,0
6562,3802,0
6551,3810,0
6543,3822,0
6533,3838,0
6524,3856,0
6518,3881,0
6509,3909,0
6500,3936,0
6489,3965,0
6476,3991,0
6470,4020,0
6463,4042,0
6457,4065,0
6453,4083,0
6450,4094,0
6447,4099,0
6447,4099,0
6449,4096,0
6450,4087,0
6454,4075,0
6456,4059,0
6461,4045,1
6481,3948,0
6478,3947,0
6478,3945,0
6483,3946,0
6487,3947,0
6493,3952,0
6498,3952,0
6507,3952,0
6518,3952,0
6534,3948,0
6545,3947,0
6551,3946,0
6548,3942,1
6663,3901,0
6657,3904,0
6652,3911,0
6648,3918,0
6639,3924,0
6634,3937,0
6624,3952,0
6616,3971,0
6611,3993,0
6602,4012,0
6599,4031,0
6597,4041,0
6596,4049,0
6597,4046,0
6600,4044,0
6601,4035,0
6601,4021,1
6704,3818,0
6701,3822,0
6697,3828,0
6694,3832,0
6693,3835,1
6798,3923,0
6797,3918,0
6786,3911,0
6779,3907,0
6772,3904,0
6763,3904,0
6752,3906,0
6744,3911,0
6733,3919,0
6721,3930,0
6712,3945,0
6696,3960,0
6685,3977,0
6676,3997,0
6667,4016,0
6668,4036,0
6673,4057,0
6688,4071,0
6706,4080,0
6727,4085,0
6748,4082,0
6770,4078,0
6787,4069,0
6801,4055,0
6812,4039,1
6842,3950,0
6840,3954,0
6839,3954,0
6843,3957,0
6848,3956,0
6854,3954,0
6865,3951,0
6884,3952,0
6903,3953,0
6915,3948,0
6928,3943,0
6937,3935,0
6943,3927,0
6948,3919,0
6945,3909,0
6948,3905,0
6943,3897,0
6936,3894,0
6927,3892,0
6916,3894,0
6908,3899,0
6894,3906,0
6884,3916,0
6872,3925,0
6864,3937,0
6857,3950,0
6852,3964,0
6852,3978,0
6854,3998,0
6853,4012,0
6861,4030,0
6862,4043,0
6874,4054,0
6884,4061,0
6901,4065,0
6919,4067,0
6937,4068,0
6951,4061,0
6961,4053,0
6969,4048,0
6969,4041,0
6968,4035,0
6969,4034,0
6968,4034,0
6963,4036,1
7021,4070,0
7021,4070,0
7019,4067,0
7020,4066,0
7020,4066,0
7020,4066,0
7019,4068,0
7021,4071,0
7018,4075,1