steps, carpeted in blue velvet
663
1031,2240,0
1027,2236,0
1025,2236,0
1024,2240,0
1016,2248,0
1008,2263,0
1000,2280,0
997,2295,0
999,2311,0
1006,2323,0
1013,2328,0
1023,2332,0
1031,2340,0
1034,2345,0
1035,2352,0
1032,2368,0
1025,2388,0
1016,2408,0
1005,2427,0
989,2439,0
974,2446,0
961,2446,0
950,2445,0
942,2441,0
935,2428,0
932,2420,0
932,2408,0
937,2396,0
948,2389,1
1099,2205,0
1099,2205,0
1098,2212,0
1097,2233,0
1093,2253,0
1086,2277,0
1078,2309,0
1067,2337,0
1057,2357,0
1054,2373,0
1054,2381,0
1056,2381,0
1056,2373,1
1045,2305,0
1043,2304,0
1046,2304,0
1054,2313,0
1064,2309,0
1081,2309,0
1101,2309,0
1119,2300,0
1136,2292,0
1150,2284,0
1157,2275,0
1161,2267,0
1162,2259,0
1162,2255,0
1158,2251,0
1155,2251,0
1153,2251,0
1150,2259,0
1143,2272,0
1138,2292,0
1131,2308,0
1131,2328,0
1134,2340,0
1141,2348,0
1150,2347,0
1165,2347,0
1180,2338,0
1196,2326,0
1214,2313,0
1228,2296,0
1242,2282,0
1250,2270,0
1253,2261,0
1254,2262,0
1254,2261,0
1256,2265,0
1254,2274,0
1252,2289,0
1248,2310,0
1244,2334,0
1240,2363,0
1237,2384,0
1235,2399,0
1235,2407,0
1235,2408,0
1234,2403,0
1233,2400,0
1234,2384,0
1236,2359,0
1243,2335,0
1251,2310,0
1259,2289,0
1267,2273,0
1279,2263,0
1316,2248,0
1346,2224,0
1358,2222,0
1359,2226,0
1365,2236,0
1312,2256,0
1303,2269,0
1290,2286,0
1277,2299,0
1264,2309,0
1252,2310,0
1245,2310,0
1240,2307,0
1235,2299,0
1234,2292,1
1420,2233,0
1415,2229,0
1411,2227,0
1411,2231,0
1408,2227,0
1404,2231,0
1395,2241,0
1390,2254,0
1385,2263,0
1384,2275,0
1385,2279,0
1392,2286,0
1452,2280,0
1407,2284,0
1416,2282,0
1424,2281,0
1426,2280,0
1426,2280,0
1430,2288,0
1427,2292,0
1423,2301,0
1417,2311,0
1404,2321,0
1387,2331,0
1364,2338,0
1345,2345,0
1334,2346,0
1326,2342,0
1324,2339,0
1324,2331,0
1329,2326,0
1332,2318,1
1540,2328,0
1536,2329,0
1536,2338,0
1533,2350,0
1532,2367,1
1869,2235,0
1859,2231,0
1850,2229,0
1841,2229,0
1838,2243,0
1824,2252,0
1906,2311,0
1931,2301,0
1944,2282,0
1960,2273,0
1968,2260,0
1971,2250,0
1971,2246,0
1971,2246,0
1967,2243,0
1960,2241,0
1955,2248,0
1941,2253,0
1926,2264,0
1913,2278,0
1899,2288,0
1897,2301,0
1895,2306,0
1908,2315,0
1922,2318,0
1934,2313,0
1945,2300,0
1959,2289,0
1971,2280,0
1976,2265,0
1981,2263,0
1981,2263,0
1979,2259,0
1981,2263,0
1978,2268,0
1977,2282,0
1972,2293,0
1970,2302,0
1973,2310,0
1978,2312,0
1990,2312,0
2005,2305,0
2023,2293,0
2044,2283,0
2065,2270,0
2078,2259,0
2092,2261,0
2094,2260,0
2096,2263,0
2099,2275,0
2098,2285,0
2099,2297,0
2101,2306,0
2093,2301,0
2093,2301,0
2094,2300,0
2094,2296,0
2095,2286,0
2092,2270,0
2094,2256,0
2099,2239,0
2107,2236,0
2108,2231,0
2113,2228,0
2117,2226,0
2127,2230,0
2133,2231,0
2140,2233,0
2143,2235,0
2142,2236,1
2195,2235,0
2198,2243,0
2198,2252,0
2197,2266,0
2196,2284,0
2190,2301,0
2176,2313,0
2168,2335,0
2160,2352,0
2146,2355,0
2147,2359,0
2147,2358,0
2149,2357,0
2153,2338,0
2161,2316,0
2175,2291,0
2189,2265,0
2205,2248,0
2213,2230,0
2223,2220,0
2238,2217,0
2252,2212,0
2266,2214,0
2277,2221,0
2281,2233,0
2279,2248,0
2277,2268,0
2267,2278,0
2250,2282,0
2244,2290,0
2239,2293,0
2239,2293,0
2240,2292,0
2240,2288,0
2244,2277,0
2253,2273,0
2258,2268,0
2263,2266,0
2269,2268,0
2280,2270,0
2295,2275,0
2309,2277,0
2325,2277,0
2342,2276,0
2359,2271,0
2372,2262,0
2387,2253,0
2399,2241,0
2405,2227,0
2403,2214,0
2403,2210,0
2397,2209,0
2388,2210,0
2372,2215,0
2364,2230,0
2359,2247,0
2354,2259,0
2359,2275,0
2367,2285,0
2383,2294,0
2402,2296,0
2420,2289,0
2446,2277,0
2468,2258,0
2490,2233,0
2511,2205,0
2531,2175,0
2541,2148,0
2548,2133,0
2547,2124,0
2545,2121,0
2545,2121,0
2547,2124,0
2545,2140,0
2544,2161,0
2540,2189,0
2535,2217,0
2531,2239,0
2527,2251,0
2525,2258,0
2525,2258,0
2526,2258,0
2526,2253,0
2521,2236,0
2518,2219,0
2518,2204,0
2513,2193,0
2514,2193,0
2514,2192,0
2514,2192,0
2516,2192,0
2523,2196,0
2531,2200,0
2542,2207,0
2555,2212,0
2569,2212,0
2585,2210,0
2595,2203,0
2606,2195,0
2615,2183,0
2620,2174,0
2622,2167,0
2622,2162,0
2619,2159,0
2621,2163,0
2618,2166,0
2608,2178,0
2604,2191,0
2598,2206,0
2598,2220,0
2606,2235,0
2621,2248,0
2640,2254,0
2663,2252,0
2691,2246,0
2719,2239,0
2742,2226,0
2758,2212,0
2772,2202,0
2780,2189,0
2779,2175,0
2784,2169,0
2781,2162,0
2779,2159,0
2775,2156,0
2768,2157,0
2755,2164,0
2739,2176,0
2727,2191,0
2716,2205,0
2714,2217,0
2717,2225,0
2721,2227,0
2729,2226,0
2743,2219,0
2759,2206,0
2770,2186,0
2784,2164,0
2797,2142,0
2806,2120,0
2808,2096,0
2810,2083,0
2812,2077,0
2813,2076,0
2813,2076,0
2818,2082,0
2809,2095,0
2803,2116,0
2794,2140,0
2784,2159,0
2786,2179,0
2789,2192,0
2796,2202,1
3082,2262,0
3091,2258,0
3104,2246,0
3117,2228,0
3135,2210,0
3152,2193,0
3168,2176,0
3181,2163,0
3194,2154,0
3204,2150,0
3209,2151,0
3212,2159,0
3206,2170,0
3203,2186,0
3199,2202,0
3193,2213,0
3195,2222,0
3198,2225,0
3204,2225,0
3214,2221,0
3226,2208,0
3240,2193,0
3254,2178,0
3265,2166,0
3273,2163,0
3273,2163,0
3276,2166,0
3276,2178,0
3274,2191,0
3274,2204,0
3276,2213,0
3278,2217,0
3286,2221,0
3293,2219,0
3301,2210,0
3316,2199,0
3329,2185,0
3341,2176,0
3344,2174,0
3343,2175,0
3347,2183,0
3349,2193,0
3355,2204,0
3364,2212,0
3372,2215,1
3202,2093,0
3197,2092,0
3194,2090,0
3197,2092,0
3203,2092,1
3633,2304,0
3634,2302,0
3638,2291,0
3650,2277,0
3661,2258,0
3677,2239,0
3691,2215,0
3703,2185,0
3727,2154,0
3747,2120,0
3767,2086,0
3782,2057,0
3790,2038,0
3797,2029,0
3795,2026,0
3795,2026,0
3793,2027,0
3785,2045,0
3775,2074,0
3763,2106,0
3756,2140,0
3761,2169,0
3766,2188,0
3772,2200,0
3779,2204,0
3785,2204,0
3794,2198,0
3805,2184,0
3817,2168,0
3821,2154,0
3821,2141,0
3819,2130,0
3811,2120,0
3805,2114,0
3802,2112,0
3802,2112,0
3802,2111,1
3944,2025,0
3946,2043,0
3941,2065,0
3942,2092,0
3938,2120,0
3930,2145,0
3926,2164,0
3935,2181,0
3941,2186,0
3952,2184,0
3974,2175,0
3994,2159,0
4017,2139,0
4034,2120,0
4048,2106,0
4059,2096,0
4065,2095,0
4065,2095,0
4064,2097,0
4065,2110,0
4058,2122,0
4056,2137,0
4057,2151,0
4056,2159,0
4059,2162,0
4063,2163,0
4071,2159,0
4079,2147,0
4093,2133,0
4106,2121,0
4112,2117,0
4113,2116,0
4112,2117,0
4118,2124,0
4121,2134,0
4126,2142,0
4135,2149,0
4143,2151,0
4155,2147,0
4171,2137,0
4184,2125,0
4198,2111,0
4215,2098,0
4222,2084,0
4224,2075,0
4222,2069,0
4215,2066,0
4212,2071,0
4201,2082,0
4194,2100,0
4191,2121,0
4190,2138,0
4198,2154,0
4213,2162,0
4235,2162,0
4261,2159,0
4283,2154,1
4549,2202,0
4549,2200,0
4556,2196,0
4565,2183,0
4582,2169,0
4593,2149,0
4609,2129,0
4622,2105,0
4632,2087,0
4639,2074,0
4640,2065,0
4641,2062,0
4637,2060,0
4640,2063,0
4637,2077,0
4632,2095,0
4630,2116,0
4631,2131,0
4637,2143,0
4640,2146,0
4652,2149,0
4654,2146,0
4660,2136,0
4666,2123,0
4671,2106,0
4678,2094,0
4675,2083,0
4676,2080,0
4677,2079,0
4681,2080,0
4681,2080,0
4680,2081,0
4683,2083,0
4693,2090,0
4701,2094,0
4712,2096,0
4727,2096,0
4739,2092,0
4746,2084,0
4756,2074,0
4767,2063,0
4771,2053,0
4770,2047,0
4768,2044,0
4768,2044,0
4765,2048,0
4758,2062,0
4751,2075,0
4751,2094,0
4747,2110,0
4748,2124,0
4760,2137,0
4771,2140,0
4794,2141,0
4821,2133,0
4847,2123,0
4879,2107,0
4902,2088,0
4927,2072,0
4945,2053,0
4958,2036,0
4970,2019,0
4981,2006,0
4977,1995,0
4980,1991,0
4979,1993,0
4975,1993,0
4975,2002,0
4970,2022,0
4963,2045,0
4951,2070,0
4951,2097,0
4953,2119,0
4963,2135,0
4975,2148,0
4991,2150,0
5014,2149,1
5056,2072,0
5053,2070,0
5050,2067,0
5053,2070,0
5055,2077,0
5048,2089,0
5043,2101,0
5045,2114,0
5042,2122,0
5046,2130,0
5049,2133,0
5054,2133,0
5058,2124,0
5066,2109,0
5079,2092,0
5092,2072,0
5105,2055,0
5109,2046,0
5114,2046,0
5114,2044,0
5109,2045,1
5118,2109,0
5125,2113,0
5131,2112,0
5147,2106,0
5160,2097,0
5166,2084,0
5180,2075,0
5183,2065,0
5179,2057,0
5176,2053,0
5172,2051,0
5163,2053,0
5162,2064,0
5156,2077,0
5149,2092,0
5151,2106,0
5158,2118,0
5172,2128,0
5186,2126,0
5213,2125,0
5240,2114,0
5266,2097,0
5291,2079,0
5320,2056,0
5338,2034,0
5343,2013,0
5346,1997,0
5349,1989,0
5351,1984,0
5347,1984,0
5346,1986,0
5342,1996,0
5332,2017,0
5330,2041,0
5325,2065,0
5323,2089,0
5323,2106,0
5330,2121,0
5334,2131,0
5342,2133,0
5351,2132,1
5268,2044,0
5262,2037,0
5267,2037,0
5268,2033,0
5279,2029,0
5298,2027,0
5332,2026,0
5364,2026,0
5387,2023,1