and a gin punch. The young woma
645
641,3298,1
638,3289,0
634,3281,0
627,3268,0
617,3266,0
607,3269,0
594,3275,0
579,3297,0
566,3327,0
558,3370,0
557,3411,0
566,3445,0
577,3459,0
589,3457,0
602,3450,0
613,3420,0
624,3389,0
633,3349,0
639,3322,0
646,3307,0
647,3303,0
647,3303,0
646,3310,0
646,3335,0
649,3372,0
657,3409,0
668,3438,0
678,3456,0
682,3461,1
717,3296,0
716,3303,0
719,3316,0
723,3344,0
728,3378,0
733,3410,0
738,3431,0
740,3443,0
740,3443,0
741,3439,0
744,3419,0
748,3375,0
752,3340,0
757,3316,0
762,3308,0
764,3313,0
768,3322,0
774,3350,0
779,3382,0
784,3411,0
791,3428,0
795,3440,0
799,3436,0
806,3425,0
814,3397,1
875,3326,0
880,3327,0
885,3327,0
883,3331,0
881,3330,0
873,3338,0
863,3362,0
854,3392,0
850,3421,0
851,3433,0
855,3437,0
858,3437,0
864,3433,0
871,3418,0
880,3402,0
888,3367,0
898,3332,0
904,3292,0
901,3259,0
902,3247,0
900,3239,0
899,3239,0
899,3243,0
897,3243,0
897,3247,0
896,3259,0
897,3295,0
901,3340,0
907,3385,0
910,3424,0
912,3460,0
917,3481,1
1232,3337,0
1232,3333,0
1231,3329,0
1228,3317,0
1222,3302,0
1214,3294,0
1203,3294,0
1192,3311,0
1181,3339,0
1172,3375,0
1168,3408,0
1170,3436,0
1172,3439,0
1178,3439,0
1191,3431,0
1201,3398,0
1209,3358,0
1216,3330,0
1221,3314,0
1223,3317,0
1223,3317,0
1225,3341,0
1228,3369,0
1230,3393,0
1234,3417,0
1245,3440,0
1256,3443,0
1270,3435,0
1287,3426,1
1563,3284,0
1561,3280,0
1561,3284,0
1553,3281,0
1543,3286,0
1530,3292,0
1517,3306,0
1507,3328,0
1498,3345,0
1498,3361,0
1500,3369,0
1507,3372,0
1517,3367,0
1529,3354,0
1543,3339,0
1556,3329,0
1566,3323,0
1574,3326,0
1585,3345,0
1590,3376,0
1594,3420,0
1596,3472,0
1599,3529,0
1597,3577,0
1589,3615,0
1580,3637,0
1568,3643,0
1555,3632,0
1545,3609,0
1541,3569,0
1545,3525,0
1553,3491,0
1564,3469,1
1684,3315,0
1684,3315,0
1684,3315,0
1684,3319,0
1682,3332,0
1683,3364,0
1682,3389,0
1685,3409,0
1687,3416,0
1688,3411,0
1693,3399,0
1697,3366,0
1701,3328,1
1696,3199,0
1690,3196,0
1692,3195,0
1691,3195,0
1691,3195,0
1693,3199,0
1696,3203,0
1704,3217,1
1763,3283,0
1758,3284,0
1756,3292,0
1758,3316,0
1757,3345,0
1759,3378,0
1758,3402,0
1756,3419,0
1758,3422,0
1759,3414,0
1767,3392,0
1777,3349,0
1791,3321,0
1801,3303,0
1812,3296,0
1819,3295,0
1829,3305,0
1836,3327,0
1840,3351,0
1843,3379,0
1846,3407,1
2118,3486,0
2123,3535,0
2127,3571,0
2130,3600,0
2131,3616,0
2129,3617,0
2131,3620,0
2128,3612,0
2122,3598,0
2114,3575,0
2105,3544,0
2099,3517,0
2092,3481,0
2091,3440,0
2094,3401,0
2101,3370,0
2110,3346,0
2123,3320,0
2137,3308,0
2148,3312,0
2154,3318,0
2161,3333,0
2162,3358,0
2163,3392,0
2159,3419,0
2153,3437,0
2145,3443,0
2136,3443,0
2121,3431,1
2246,3325,0
2239,3323,0
2237,3332,0
2232,3346,0
2229,3373,0
2228,3403,0
2231,3431,0
2236,3442,0
2246,3443,0
2261,3433,0
2280,3409,0
2297,3378,0
2316,3349,0
2330,3326,0
2338,3319,0
2340,3326,0
2342,3356,0
2339,3391,0
2338,3417,0
2342,3433,0
2347,3439,1
2408,3329,0
2405,3326,0
2410,3333,0
2410,3362,0
2411,3397,0
2414,3418,0
2418,3429,0
2422,3431,0
2425,3430,0
2427,3416,0
2435,3391,0
2448,3364,0
2459,3337,0
2472,3319,0
2480,3315,0
2487,3325,0
2491,3345,0
2493,3375,0
2490,3394,0
2488,3399,0
2491,3402,1
2583,3317,0
2579,3314,0
2580,3318,0
2575,3320,0
2566,3328,0
2555,3342,0
2546,3369,0
2538,3394,0
2539,3416,0
2548,3426,0
2561,3428,0
2579,3424,0
2599,3411,0
2619,3392,0
2634,3363,0
2649,3324,0
2668,3287,0
2673,3249,0
2672,3218,0
2665,3204,0
2656,3204,0
2644,3210,0
2632,3230,0
2620,3258,0
2615,3296,0
2617,3339,0
2622,3378,0
2632,3399,0
2644,3415,0
2654,3415,0
2673,3411,0
2690,3384,0
2709,3352,0
2720,3332,0
2729,3332,0
2735,3339,0
2741,3362,0
2749,3390,0
2761,3402,0
2781,3400,0
2794,3384,1
2859,3417,0
2858,3418,0
2860,3417,0
2861,3416,0
2864,3419,1
3148,3242,0
3151,3245,0
3150,3240,0
3150,3240,0
3150,3240,0
3155,3247,0
3156,3255,0
3162,3281,0
3168,3310,0
3177,3347,0
3182,3382,0
3188,3426,0
3192,3461,0
3199,3486,0
3207,3500,0
3211,3502,0
3217,3503,1
3116,3253,0
3119,3255,0
3123,3253,0
3134,3251,0
3157,3250,0
3185,3245,0
3215,3239,0
3247,3236,0
3274,3232,1
3351,3180,0
3347,3183,0
3349,3192,0
3349,3206,0
3354,3239,0
3356,3276,0
3361,3322,0
3361,3367,0
3362,3414,0
3363,3452,0
3365,3477,0
3366,3480,0
3371,3481,0
3379,3471,0
3387,3442,0
3398,3409,0
3411,3375,0
3428,3338,0
3444,3315,0
3459,3315,0
3463,3316,0
3467,3329,0
3471,3351,0
3469,3373,0
3467,3399,0
3466,3424,0
3469,3442,0
3479,3455,0
3494,3457,0
3514,3453,0
3532,3440,0
3554,3428,0
3571,3405,0
3590,3380,0
3604,3349,0
3619,3327,0
3617,3313,0
3612,3317,0
3595,3320,0
3583,3341,0
3566,3363,0
3560,3393,0
3560,3428,0
3569,3452,0
3597,3467,1
3889,3319,0
3889,3318,0
3889,3318,0
3892,3322,0
3892,3332,0
3896,3356,0
3907,3388,0
3912,3420,0
3919,3457,0
3928,3492,0
3935,3512,0
3939,3519,0
3947,3522,1
4008,3329,0
4007,3329,0
4006,3336,0
4005,3354,0
3996,3378,0
3987,3407,0
3973,3447,0
3955,3500,0
3937,3557,0
3921,3612,0
3913,3665,0
3902,3694,0
3902,3710,1
4149,3356,0
4147,3352,0
4143,3345,0
4131,3339,0
4121,3338,0
4106,3346,0
4089,3363,0
4070,3386,0
4052,3413,0
4044,3448,0
4046,3472,0
4060,3487,0
4078,3487,0
4102,3482,0
4122,3463,0
4140,3440,0
4155,3416,0
4159,3395,0
4159,3373,0
4155,3355,0
4152,3341,1
4218,3344,0
4217,3345,0
4218,3350,0
4213,3371,0
4215,3403,0
4213,3427,0
4218,3450,0
4222,3462,0
4227,3462,0
4236,3455,0
4251,3434,0
4265,3399,0
4277,3376,0
4286,3361,0
4289,3358,0
4292,3361,0
4291,3368,0
4290,3397,0
4289,3426,0
4286,3450,0
4292,3467,0
4302,3469,0
4312,3464,0
4326,3445,0
4339,3416,0
4348,3390,0
4357,3374,0
4364,3367,0
4363,3368,0
4367,3375,0
4367,3405,0
4367,3433,0
4364,3448,0
4368,3449,0
4375,3448,0
4388,3429,0
4401,3397,0
4417,3376,0
4424,3369,0
4434,3369,0
4447,3378,0
4457,3391,0
4471,3406,0
4476,3411,0
4490,3421,0
4497,3419,0
4509,3412,0
4521,3399,0
4529,3385,0
4533,3369,0
4536,3355,0
4531,3348,0
4520,3348,0
4507,3356,0
4488,3370,0
4475,3385,0
4461,3399,0
4459,3414,0
4463,3426,0
4476,3436,0
4494,3440,0
4514,3441,0
4532,3440,0
4550,3445,0
4565,3459,0
4580,3483,0
4593,3521,0
4598,3563,0
4599,3613,0
4588,3659,0
4575,3700,0
4553,3726,0
4537,3731,0
4519,3715,0
4505,3689,0
4502,3664,0
4510,3646,0
4524,3616,0
4543,3573,0
4563,3535,0
4584,3518,1
4830,3329,0
4830,3329,0
4833,3332,0
4832,3333,0
4830,3334,0
4828,3344,0
4831,3372,0
4830,3402,0
4837,3433,0
4842,3450,0
4850,3459,0
4855,3460,0
4865,3454,0
4876,3442,0
4886,3424,0
4894,3408,0
4902,3399,0
4905,3401,0
4904,3402,0
4911,3419,0
4915,3440,0
4927,3456,0
4938,3462,0
4953,3462,0
4965,3454,0
4980,3442,0
4995,3426,0
5006,3404,0
5011,3380,0
5002,3354,0
4987,3333,0
4973,3320,0
4958,3313,1
5134,3322,0
5134,3317,0
5132,3311,0
5125,3308,0
5115,3309,0
5109,3316,0
5089,3327,0
5075,3351,0
5064,3378,0
5058,3398,0
5062,3419,0
5075,3435,0
5096,3440,0
5115,3436,0
5132,3428,0
5144,3413,0
5157,3391,0
5171,3366,0
5173,3337,0
5168,3318,0
5156,3315,1
5258,3338,0
5258,3338,0
5258,3338,0
5261,3341,0
5260,3349,0
5264,3378,0
5264,3403,0
5267,3425,0
5268,3437,0
5269,3436,0
5272,3431,0
5277,3413,0
5284,3385,1
5303,3333,0
5305,3315,0
5313,3319,0
5321,3334,0
5328,3366,0
5331,3395,0
5334,3418,0
5335,3429,0
5342,3432,0
5354,3423,0
5369,3397,0
5389,3364,1
5414,3323,0
5424,3324,0
5430,3329,0
5429,3363,0
5427,3387,0
5427,3407,0
5428,3426,1
5547,3295,1
5525,3305,0
5513,3310,0
5503,3315,0
5491,3318,0
5483,3324,0
5472,3330,0
5462,3344,0
5455,3362,0
5458,3384,0
5465,3403,0
5472,3412,0
5487,3413,0
5499,3409,0
5513,3399,0
5527,3385,0
5537,3365,0
5547,3343,0
5549,3327,0
5551,3317,0
5551,3317,0
5554,3321,0
5550,3326,0
5552,3357,0
5551,3386,0
5554,3408,0
5560,3422,0
5569,3436,0
5580,3442,1
5632,3299,0
5628,3298,0
5632,3305,0
5636,3328,0
5634,3352,0
5634,3380,0
5636,3411,0
5639,3414,0
5641,3412,0
5642,3404,0
5656,3378,0
5674,3337,0
5691,3305,0
5703,3293,0
5713,3293,0
5721,3297,0
5729,3313,0
5732,3338,0
5738,3363,0
5740,3387,0
5747,3408,0
5747,3421,0
5752,3426,0
5757,3420,1