customarily imagined as well as
653
778,3129,1
771,3117,0
767,3108,0
760,3095,0
749,3086,0
735,3080,0
719,3074,0
701,3076,0
682,3078,0
663,3087,0
646,3105,0
626,3130,0
610,3177,0
605,3212,0
618,3238,0
637,3253,0
663,3261,0
692,3268,0
721,3264,0
752,3259,0
783,3250,1
820,3077,0
817,3073,0
819,3077,0
820,3097,0
823,3129,0
830,3162,0
840,3192,0
856,3216,0
872,3233,0
883,3235,0
894,3235,0
904,3220,0
914,3197,0
926,3165,0
936,3134,0
940,3098,0
938,3074,0
936,3069,0
935,3069,0
932,3077,0
930,3109,0
933,3137,0
938,3165,0
943,3185,0
950,3206,1
1087,3048,0
1061,3049,0
1032,3060,0
1011,3071,0
1006,3072,0
1018,3084,0
1043,3096,0
1073,3116,0
1099,3132,0
1121,3148,0
1135,3164,0
1137,3180,0
1126,3192,0
1107,3201,0
1081,3209,0
1054,3216,0
1033,3216,1
1180,2979,0
1179,2983,0
1183,2999,0
1189,3030,0
1194,3066,0
1200,3106,0
1205,3142,0
1213,3177,0
1217,3198,0
1220,3209,0
1221,3214,0
1220,3209,0
1218,3197,1
1177,3119,1
1203,3110,0
1230,3097,0
1265,3091,0
1288,3081,0
1304,3080,0
1307,3080,0
1303,3084,0
1301,3108,0
1287,3134,0
1283,3166,0
1287,3182,0
1303,3192,0
1321,3203,0
1347,3209,0
1369,3207,0
1384,3201,0
1395,3192,0
1402,3180,0
1405,3163,0
1404,3147,0
1394,3124,0
1379,3105,0
1356,3092,0
1331,3086,1
1437,3087,0
1438,3091,0
1441,3098,0
1447,3114,0
1452,3133,0
1459,3157,0
1466,3180,0
1471,3203,0
1474,3219,0
1474,3219,0
1474,3219,0
1473,3215,0
1474,3203,0
1475,3179,0
1476,3151,0
1480,3122,0
1489,3104,0
1498,3095,0
1506,3094,0
1517,3104,0
1532,3122,0
1544,3141,0
1551,3151,0
1558,3167,0
1563,3174,0
1563,3170,0
1563,3170,0
1567,3158,0
1573,3132,0
1582,3110,0
1593,3092,0
1612,3084,0
1626,3077,0
1640,3087,0
1651,3102,0
1660,3132,0
1664,3160,0
1668,3188,0
1668,3204,0
1668,3221,0
1667,3228,1
1755,3095,0
1754,3092,0
1763,3086,0
1782,3081,0
1803,3080,0
1831,3098,0
1856,3116,0
1879,3134,0
1894,3148,0
1899,3154,0
1901,3158,0
1899,3154,0
1900,3158,0
1899,3158,0
1894,3156,0
1880,3151,0
1859,3140,0
1836,3138,0
1812,3144,0
1787,3154,0
1760,3173,0
1741,3193,0
1739,3206,0
1747,3208,0
1776,3214,0
1812,3209,0
1851,3200,0
1882,3192,0
1903,3191,1
1934,3078,0
1932,3078,0
1938,3093,0
1949,3123,0
1960,3145,0
1971,3167,0
1979,3181,0
1983,3189,0
1985,3196,0
1985,3197,0
1981,3193,0
1974,3183,0
1966,3165,0
1959,3146,0
1959,3129,0
1964,3111,0
1976,3098,0
1990,3090,0
2007,3085,0
2024,3079,0
2043,3082,1
2105,3065,0
2104,3065,0
2105,3082,0
2104,3099,0
2106,3115,0
2108,3135,0
2111,3156,0
2116,3180,0
2117,3192,0
2118,3199,0
2118,3204,0
2117,3204,0
2115,3201,1
2092,2993,1
2190,2908,0
2187,2914,0
2189,2938,0
2192,2977,0
2200,3021,0
2208,3065,0
2216,3108,0
2219,3146,0
2225,3174,1
2271,3074,0
2270,3087,0
2275,3111,0
2288,3132,0
2304,3147,0
2323,3156,0
2345,3160,0
2364,3156,0
2380,3145,0
2397,3134,0
2406,3107,0
2415,3086,0
2419,3066,0
2420,3065,0
2415,3063,0
2412,3065,0
2405,3091,0
2393,3131,0
2379,3168,0
2369,3211,0
2361,3257,0
2355,3291,0
2347,3306,0
2348,3324,0
2347,3332,0
2346,3333,0
2347,3332,0
2350,3331,0
2354,3321,1
2685,3071,0
2688,3069,0
2680,3073,0
2684,3094,0
2687,3119,0
2692,3140,0
2698,3163,0
2700,3185,0
2697,3195,0
2700,3209,0
2702,3216,0
2702,3216,0
2704,3210,1
2703,3033,1
2762,3082,0
2758,3080,0
2760,3088,0
2755,3109,0
2762,3141,0
2766,3168,0
2771,3192,0
2772,3205,0
2774,3209,0
2777,3211,0
2775,3208,0
2776,3199,0
2778,3170,0
2784,3138,0
2791,3112,0
2795,3095,0
2801,3091,0
2809,3096,0
2820,3107,0
2829,3126,0
2843,3150,0
2850,3170,0
2852,3182,0
2854,3186,0
2859,3188,0
2856,3185,0
2860,3168,0
2869,3139,0
2882,3104,0
2896,3076,0
2907,3069,0
2915,3074,0
2923,3083,0
2934,3105,0
2943,3127,0
2953,3149,0
2956,3165,0
2961,3182,0
2961,3192,0
2965,3203,0
2963,3200,1
2993,3076,0
2991,3073,0
2999,3071,0
3023,3065,0
3049,3072,0
3076,3093,0
3103,3117,0
3125,3141,0
3139,3156,0
3146,3165,0
3148,3168,0
3148,3169,0
3147,3170,0
3135,3163,0
3117,3156,0
3098,3146,0
3074,3136,0
3056,3139,0
3033,3145,0
3021,3163,0
3018,3189,0
3023,3195,0
3041,3197,0
3074,3199,0
3107,3197,1
3392,3108,1
3364,3074,0
3338,3065,0
3303,3062,0
3260,3074,0
3223,3100,0
3195,3136,0
3190,3165,0
3204,3180,0
3232,3188,0
3269,3192,0
3308,3182,0
3353,3175,0
3380,3159,0
3401,3142,0
3404,3119,0
3403,3100,0
3395,3092,0
3385,3089,0
3378,3095,0
3369,3106,0
3366,3129,0
3377,3166,0
3388,3203,0
3395,3238,0
3394,3268,0
3390,3296,0
3380,3318,0
3363,3332,0
3344,3344,0
3320,3351,0
3300,3356,0
3278,3351,0
3257,3346,0
3237,3336,0
3228,3328,0
3225,3315,1
3478,3059,0
3476,3062,0
3481,3074,0
3483,3103,0
3487,3129,0
3489,3148,0
3489,3160,0
3493,3172,0
3494,3180,1
3484,2987,0
3479,2981,0
3479,2980,0
3479,2980,0
3481,2984,1
3578,3070,0
3580,3074,0
3578,3086,0
3583,3113,0
3585,3137,0
3592,3158,0
3592,3168,0
3597,3179,0
3597,3180,0
3597,3179,0
3594,3171,0
3590,3148,0
3592,3120,0
3597,3091,0
3605,3072,0
3616,3063,0
3628,3058,0
3645,3059,0
3664,3069,0
3682,3091,0
3697,3120,0
3709,3152,0
3711,3171,0
3713,3185,0
3714,3195,0
3713,3202,0
3715,3205,0
3718,3203,0
3730,3197,1
3849,3138,0
3845,3136,0
3852,3141,0
3863,3146,0
3880,3147,0
3895,3144,0
3912,3134,0
3937,3126,0
3950,3113,0
3953,3105,0
3945,3091,0
3932,3075,0
3915,3064,0
3887,3058,0
3854,3062,0
3822,3081,0
3788,3107,0
3769,3136,0
3769,3157,0
3785,3175,0
3814,3191,0
3846,3200,0
3881,3206,0
3909,3208,0
3931,3204,1
4149,3101,0
4149,3095,0
4140,3081,0
4140,3075,0
4124,3062,0
4105,3054,0
4078,3047,0
4054,3049,0
4029,3057,0
4010,3078,0
3994,3110,0
3987,3144,0
3998,3168,0
4022,3183,0
4053,3192,0
4085,3195,0
4107,3189,0
4131,3183,0
4143,3163,0
4151,3139,0
4153,3108,0
4152,3074,0
4142,3037,0
4136,3004,0
4125,2974,0
4118,2953,0
4115,2944,0
4112,2941,0
4115,2944,0
4118,2953,0
4121,2977,0
4127,3013,0
4141,3051,0
4150,3082,0
4155,3107,0
4159,3130,0
4165,3147,0
4171,3158,0
4173,3162,0
4172,3163,0
4173,3162,1
4359,3061,0
4358,3056,0
4364,3049,0
4374,3037,0
4389,3027,0
4407,3024,0
4425,3027,0
4449,3043,0
4476,3067,0
4492,3090,0
4510,3113,0
4517,3129,0
4524,3139,0
4524,3141,0
4524,3139,0
4524,3141,0
4519,3139,0
4509,3133,0
4494,3125,0
4475,3117,0
4456,3113,0
4433,3117,0
4415,3131,0
4397,3150,0
4391,3169,0
4398,3178,0
4418,3182,0
4447,3185,0
4473,3180,0
4502,3177,0
4528,3172,0
4546,3164,0
4562,3150,1
4647,3048,0
4636,3042,0
4616,3043,0
4588,3051,0
4569,3062,0
4566,3066,0
4577,3078,0
4608,3096,0
4635,3115,0
4657,3131,0
4677,3151,0
4688,3163,0
4692,3170,0
4692,3176,0
4672,3182,0
4648,3186,0
4624,3189,0
4608,3189,0
4594,3186,0
4596,3184,1
4826,3053,0
4825,3055,0
4827,3066,0
4833,3092,0
4843,3124,0
4859,3154,0
4869,3175,0
4881,3192,0
4893,3202,0
4898,3202,0
4901,3197,0
4909,3182,0
4915,3155,0
4914,3117,0
4918,3086,0
4915,3062,0
4919,3064,0
4919,3071,0
4926,3095,0
4935,3122,0
4948,3151,0
4966,3180,0
4974,3202,0
4988,3216,0
4997,3219,0
4999,3217,0
4999,3209,0
5004,3189,0
5006,3154,0
5014,3117,0
5019,3076,0
5022,3045,0
5018,3030,1
5093,3092,0
5093,3091,0
5107,3099,0
5122,3107,0
5147,3112,0
5166,3114,0
5185,3114,0
5202,3111,0
5216,3104,0
5223,3096,0
5227,3089,0
5223,3081,0
5212,3071,0
5192,3064,0
5168,3062,0
5148,3076,0
5122,3100,0
5105,3136,0
5101,3161,0
5113,3179,0
5136,3194,0
5163,3205,0
5189,3211,0
5212,3214,0
5231,3214,1
5279,2922,0
5284,2942,0
5288,2972,0
5293,3008,0
5303,3050,0
5310,3088,0
5315,3124,0
5319,3154,0
5323,3175,1
5370,2928,0
5367,2932,0
5372,2947,0
5373,2975,0
5378,3011,0
5378,3046,0
5385,3085,0
5387,3126,0
5389,3165,0
5389,3193,0
5386,3204,0
5390,3211,0
5390,3212,1
5621,3084,1
5649,3063,0
5672,3057,0
5698,3052,0
5726,3061,0
5752,3079,0
5771,3109,0
5791,3138,0
5794,3156,0
5798,3165,0
5798,3171,0
5798,3172,0
5796,3173,0
5797,3173,0
5790,3168,0
5779,3157,0
5763,3144,0
5742,3133,0
5723,3132,0
5697,3135,0
5674,3157,0
5648,3181,0
5643,3204,0
5648,3211,0
5668,3217,0
5699,3221,0
5732,3222,0
5763,3218,0
5794,3215,1
5984,3075,1
5911,3086,0
5889,3102,0
5884,3117,0
5887,3126,0
5909,3145,0
5937,3160,0
5972,3173,0
6000,3187,0
6008,3197,0
6010,3203,0
6008,3205,0
5998,3215,0
5973,3216,0
5949,3217,0
5930,3218,0
5910,3218,0
5896,3218,0
5887,3217,0
5883,3216,0
5879,3215,1