valuable present from a man who is
626
625,4746,0
624,4750,0
627,4750,0
629,4758,0
634,4779,0
640,4800,0
651,4821,0
663,4846,0
673,4863,0
680,4879,0
683,4895,0
687,4900,0
689,4904,0
691,4905,0
694,4897,0
704,4882,0
715,4858,0
722,4827,0
731,4811,0
739,4792,0
745,4776,0
748,4764,0
749,4760,0
750,4760,0
750,4756,1
888,4748,0
885,4744,0
878,4743,0
862,4735,0
839,4742,0
813,4753,0
789,4779,0
767,4810,0
755,4841,0
755,4857,0
767,4870,0
787,4871,0
813,4869,0
834,4850,0
854,4843,0
870,4832,0
880,4836,0
883,4844,0
885,4857,0
881,4880,0
876,4900,0
875,4908,0
880,4905,0
889,4889,0
905,4857,1
960,4623,0
960,4623,0
960,4623,0
960,4639,0
957,4666,0
954,4711,0
951,4746,0
955,4787,0
957,4815,0
960,4842,0
962,4859,0
965,4863,0
968,4859,1
1013,4743,0
1014,4740,0
1014,4744,0
1013,4755,0
1009,4780,0
1007,4808,0
1011,4832,0
1020,4848,0
1035,4860,0
1049,4861,0
1061,4852,0
1076,4836,0
1090,4821,0
1101,4800,0
1112,4776,0
1122,4760,0
1125,4756,0
1125,4760,0
1125,4772,0
1119,4800,0
1118,4824,0
1120,4840,0
1123,4856,0
1122,4860,0
1124,4864,1
1308,4763,0
1303,4755,0
1295,4747,0
1285,4743,0
1271,4736,0
1254,4741,0
1232,4750,0
1210,4775,0
1193,4803,0
1184,4827,0
1184,4844,0
1189,4851,0
1201,4859,0
1216,4854,0
1235,4854,0
1249,4841,0
1266,4845,0
1280,4836,0
1290,4847,0
1293,4855,0
1294,4876,0
1296,4903,0
1299,4919,0
1303,4923,0
1310,4927,1
1385,4661,0
1386,4666,0
1388,4666,0
1392,4682,0
1392,4710,0
1394,4742,0
1393,4778,0
1389,4811,0
1388,4834,0
1385,4854,0
1382,4859,0
1384,4862,0
1386,4859,0
1390,4842,0
1405,4821,0
1423,4804,0
1436,4794,0
1455,4789,0
1476,4792,0
1495,4794,0
1512,4804,0
1521,4816,0
1522,4835,0
1512,4848,0
1498,4870,0
1474,4888,0
1444,4898,0
1413,4908,0
1389,4918,0
1377,4923,0
1375,4923,0
1382,4911,0
1396,4894,1
1545,4684,0
1546,4688,0
1549,4700,0
1547,4720,0
1547,4753,0
1551,4784,0
1552,4824,0
1551,4860,0
1549,4893,0
1545,4913,0
1544,4926,0
1544,4929,0
1551,4929,1
1608,4911,0
1616,4905,0
1639,4895,0
1661,4876,0
1677,4850,0
1693,4828,0
1707,4802,0
1710,4777,0
1708,4761,0
1697,4751,0
1681,4757,0
1656,4772,0
1627,4800,0
1608,4830,0
1605,4863,0
1616,4894,0
1640,4916,0
1669,4936,0
1698,4944,0
1732,4944,1
2041,4777,0
2043,4785,0
2050,4804,0
2057,4827,0
2064,4862,0
2070,4898,0
2077,4933,0
2079,4970,0
2078,5002,0
2075,5028,0
2073,5052,0
2072,5064,0
2074,5069,0
2075,5068,0
2075,5064,0
2077,5051,0
2081,5026,0
2088,4997,0
2094,4963,0
2094,4917,0
2100,4883,0
2105,4850,0
2109,4820,0
2118,4801,0
2128,4783,0
2140,4776,0
2154,4777,0
2166,4778,0
2179,4795,0
2187,4814,0
2190,4838,0
2187,4864,0
2176,4886,0
2162,4907,0
2145,4918,0
2125,4922,0
2106,4922,0
2092,4917,0
2081,4912,0
2072,4893,0
2073,4888,1
2246,4911,0
2247,4911,0
2249,4906,0
2248,4898,0
2243,4874,0
2237,4852,0
2236,4827,0
2238,4810,0
2244,4783,0
2254,4768,0
2268,4752,0
2285,4753,0
2299,4745,1
2331,4876,0
2342,4882,0
2359,4874,0
2379,4860,0
2391,4840,0
2401,4816,0
2405,4802,0
2405,4786,0
2401,4782,0
2388,4774,0
2374,4775,0
2357,4783,0
2343,4808,0
2330,4823,0
2323,4854,0
2325,4879,0
2335,4905,1
2511,4809,0
2509,4792,0
2505,4777,0
2493,4768,0
2478,4760,0
2459,4761,0
2446,4766,0
2439,4772,0
2442,4788,0
2456,4808,0
2478,4831,0
2502,4854,0
2518,4878,0
2516,4891,0
2501,4903,0
2476,4915,0
2444,4917,0
2416,4912,0
2403,4907,0
2403,4895,0
2417,4883,1
2567,4908,0
2572,4907,0
2591,4901,0
2607,4883,0
2620,4862,0
2630,4838,0
2637,4814,0
2636,4798,0
2630,4787,0
2618,4779,0
2605,4782,0
2587,4793,0
2571,4815,0
2566,4845,0
2572,4877,0
2589,4901,0
2615,4919,1
2703,4809,0
2704,4808,0
2704,4813,0
2702,4830,0
2703,4855,0
2701,4877,0
2706,4892,0
2712,4903,0
2716,4910,0
2717,4905,0
2724,4898,0
2734,4882,0
2744,4854,0
2760,4826,0
2782,4802,0
2791,4789,0
2807,4784,0
2820,4792,0
2825,4798,0
2823,4812,0
2824,4838,0
2825,4871,0
2827,4900,0
2828,4925,0
2829,4937,1
2905,4707,0
2912,4700,0
2922,4692,0
2926,4694,0
2924,4699,0
2922,4727,0
2919,4766,0
2917,4810,0
2920,4852,0
2926,4888,0
2929,4908,0
2936,4923,0
2933,4920,1
2887,4775,0
2895,4771,0
2907,4775,0
2931,4774,0
2966,4777,0
2998,4777,0
3029,4781,0
3057,4783,1
3376,4816,0
3385,4806,0
3399,4791,0
3414,4779,0
3423,4762,0
3422,4730,0
3426,4714,0
3423,4698,0
3419,4686,0
3414,4681,0
3411,4682,0
3407,4693,0
3404,4713,0
3402,4745,0
3408,4787,0
3416,4828,0
3422,4864,0
3428,4902,0
3433,4944,0
3433,4980,0
3433,5015,1
3377,4918,0
3367,4910,0
3366,4900,0
3368,4900,0
3381,4898,0
3407,4895,0
3438,4896,0
3466,4897,0
3493,4900,1
3551,4947,0
3548,4939,0
3546,4923,0
3542,4903,0
3538,4873,0
3536,4847,0
3544,4824,0
3547,4804,0
3560,4793,0
3580,4787,0
3603,4788,0
3633,4794,0
3658,4804,1
3722,4842,0
3712,4838,0
3695,4838,0
3674,4840,0
3655,4850,0
3640,4869,0
3626,4890,0
3630,4905,0
3646,4924,0
3666,4932,0
3690,4932,0
3706,4923,0
3718,4907,0
3728,4888,0
3740,4864,0
3743,4843,1
3766,4793,0
3769,4796,0
3779,4813,0
3784,4833,0
3787,4864,0
3795,4891,0
3798,4917,0
3798,4927,0
3800,4930,0
3800,4930,0
3798,4927,0
3805,4918,0
3813,4895,0
3824,4861,0
3839,4838,0
3856,4828,0
3865,4823,0
3874,4827,0
3880,4842,0
3882,4859,0
3882,4887,0
3882,4896,0
3888,4902,0
3893,4900,0
3905,4896,0
3916,4886,0
3930,4868,0
3951,4846,0
3970,4824,0
3990,4803,0
4005,4794,0
4021,4797,0
4025,4804,0
4035,4825,0
4038,4848,0
4039,4871,0
4040,4884,1
4381,4751,0
4365,4753,0
4344,4763,0
4326,4781,0
4307,4804,0
4287,4833,0
4278,4863,0
4274,4879,0
4280,4891,0
4288,4895,0
4304,4898,0
4321,4892,0
4337,4880,0
4350,4871,0
4367,4864,0
4377,4866,0
4380,4869,0
4387,4885,0
4391,4901,0
4398,4920,0
4406,4929,1
4643,4790,0
4643,4790,0
4649,4806,0
4651,4840,0
4658,4900,0
4669,4917,0
4672,4924,0
4672,4924,0
4676,4922,0
4675,4917,0
4680,4903,0
4688,4882,0
4695,4861,0
4706,4838,0
4719,4817,0
4749,4804,0
4761,4815,0
4767,4830,0
4771,4853,0
4771,4873,0
4775,4886,0
4781,4895,0
4789,4900,0
4793,4896,0
4804,4893,0
4818,4883,0
4833,4864,0
4849,4842,0
4865,4830,0
4879,4823,0
4888,4831,0
4897,4850,0
4903,4871,0
4908,4893,0
4917,4905,0
4923,4916,0
4932,4924,0
4938,4929,1
5077,4818,0
5073,4817,0
5069,4815,0
5064,4815,0
5054,4818,0
5042,4828,0
5028,4854,0
5014,4883,0
5002,4907,0
5002,4929,0
5007,4941,0
5054,4948,0
5069,4936,0
5082,4925,0
5099,4931,0
5105,4947,0
5115,4960,0
5124,4963,0
5131,4957,0
5139,4939,1
5163,4828,0
5158,4843,0
5161,4868,0
5165,4891,0
5171,4901,0
5183,4923,0
5184,4922,0
5185,4922,0
5219,4865,0
5239,4847,0
5257,4837,0
5280,4838,0
5299,4847,0
5315,4859,0
5325,4877,0
5333,4898,0
5339,4912,0
5349,4931,0
5351,4941,0
5351,4946,0
5348,4953,1
5576,4830,0
5569,4842,0
5562,4865,0
5556,4893,0
5558,4919,0
5564,4936,0
5576,4952,0
5584,4961,0
5595,4967,0
5605,4968,0
5618,4966,0
5658,4967,0
5667,4975,0
5682,4983,0
5704,4989,0
5732,4991,0
5754,4980,0
5780,4965,0
5800,4952,0
5807,4934,0
5810,4920,0
5809,4904,0
5801,4883,0
5793,4869,0
5784,4855,0
5780,4842,1
5827,4730,0
5831,4738,0
5836,4763,0
5839,4799,0
5846,4838,0
5855,4875,0
5861,4903,0
5863,4924,0
5870,4939,0
5872,4943,0
5873,4941,0
5902,4888,0
5921,4881,0
5940,4884,0
5955,4892,0
5965,4905,0
5972,4926,0
5980,4946,0
5979,4964,0
5984,4977,0
5991,4987,0
5994,4983,1
6128,4891,0
6119,4883,0
6108,4876,0
6089,4880,0
6067,4891,0
6048,4905,0
6038,4927,0
6040,4949,0
6055,4968,0
6078,4977,0
6102,4982,0
6124,4977,0
6143,4968,0
6160,4956,0
6169,4945,0
6172,4936,0
6176,4933,1
6403,4928,0
6405,4932,0
6408,4946,0
6408,4970,0
6413,4989,0
6419,5005,0
6423,5018,0
6423,5018,0
6423,5007,1
6377,4782,0
6377,4775,0
6380,4772,0
6382,4775,0
6388,4782,1
6572,4928,0
6570,4925,0
6558,4921,0
6544,4918,0
6531,4915,1
6486,4918,0
6484,4926,0
6492,4942,0
6506,4962,0
6527,4986,0
6553,5017,0
6572,5045,0
6580,5072,0
6578,5085,0
6563,5090,0
6539,5088,0
6515,5078,1