found the 1939-45 war a different
959
1930,2228,0
1920,2215,0
1911,2205,0
1900,2197,0
1892,2200,0
1878,2202,0
1859,2210,0
1837,2222,0
1819,2236,0
1815,2263,0
1818,2296,0
1829,2335,0
1841,2364,0
1859,2392,0
1877,2411,0
1890,2423,0
1893,2423,0
1894,2422,0
1888,2411,0
1881,2401,0
1867,2385,1
1790,2343,0
1794,2347,0
1800,2345,0
1813,2345,0
1830,2343,0
1843,2335,0
1862,2336,0
1877,2335,0
1888,2335,1
2019,2338,0
2014,2336,0
2005,2331,0
1994,2328,0
1981,2324,0
1959,2333,0
1949,2341,0
1948,2359,0
1947,2372,0
1957,2390,0
1973,2401,0
1992,2402,0
2013,2402,0
2029,2395,0
2036,2387,0
2037,2374,0
2034,2362,0
2029,2351,0
2016,2340,0
2002,2333,0
1992,2328,0
1988,2325,0
1994,2328,0
2002,2324,1
2111,2336,0
2099,2333,0
2094,2340,0
2091,2350,0
2092,2363,0
2094,2374,0
2101,2376,0
2116,2383,0
2162,2360,0
2166,2350,0
2164,2333,0
2159,2313,0
2158,2304,0
2151,2294,0
2151,2294,0
2147,2292,0
2149,2299,0
2157,2314,0
2163,2328,0
2169,2343,0
2176,2353,0
2186,2362,0
2194,2367,0
2203,2371,0
2206,2370,1
2210,2281,0
2208,2283,0
2208,2287,0
2205,2293,0
2206,2302,0
2213,2316,0
2215,2328,0
2219,2344,0
2224,2360,0
2224,2365,0
2225,2368,0
2234,2373,0
2236,2358,0
2241,2342,0
2249,2324,0
2257,2306,0
2265,2293,0
2268,2287,0
2272,2285,0
2273,2283,0
2276,2286,0
2280,2294,0
2282,2306,0
2287,2321,0
2288,2330,0
2292,2342,0
2297,2352,0
2299,2356,0
2304,2362,1
2427,2285,0
2425,2282,0
2423,2277,0
2420,2275,0
2412,2270,0
2400,2264,0
2390,2265,0
2373,2267,0
2355,2273,0
2344,2285,0
2338,2297,0
2339,2315,0
2344,2331,0
2354,2344,0
2365,2351,0
2380,2356,0
2393,2353,0
2409,2348,0
2417,2329,0
2427,2309,0
2432,2282,0
2436,2251,0
2434,2219,0
2429,2193,0
2428,2179,0
2424,2172,0
2422,2198,0
2422,2217,0
2430,2245,0
2434,2270,0
2450,2299,0
2458,2321,0
2469,2343,0
2481,2364,0
2493,2380,0
2499,2386,0
2511,2388,0
2522,2381,1
2640,2183,0
2637,2181,0
2635,2183,0
2634,2188,0
2637,2201,0
2643,2217,0
2650,2237,0
2655,2258,0
2660,2280,0
2669,2303,0
2672,2320,0
2683,2342,0
2690,2357,0
2687,2359,0
2690,2361,0
2689,2352,0
2688,2343,1
2619,2285,0
2610,2282,0
2610,2282,0
2613,2284,0
2619,2285,0
2627,2279,0
2647,2275,0
2671,2266,0
2695,2257,0
2717,2251,0
2726,2244,0
2729,2236,0
2736,2230,1
2724,2157,0
2717,2154,0
2715,2155,0
2713,2156,0
2714,2166,0
2717,2184,0
2719,2203,0
2722,2226,0
2729,2252,0
2737,2276,0
2741,2298,0
2750,2316,0
2761,2328,0
2753,2324,0
2754,2323,0
2756,2316,0
2762,2302,0
2770,2286,0
2774,2271,0
2777,2259,0
2777,2249,0
2779,2242,0
2787,2240,0
2788,2239,0
2802,2249,0
2805,2256,0
2811,2268,0
2820,2286,0
2823,2299,0
2830,2314,0
2835,2325,0
2840,2332,0
2841,2336,0
2842,2335,0
2844,2333,0
2852,2327,1
2902,2264,0
2897,2263,0
2895,2265,0
2894,2265,0
2901,2270,0
2910,2273,0
2917,2271,0
2941,2277,0
2956,2275,0
2976,2273,0
2990,2266,0
3003,2259,0
3009,2254,0
3007,2251,0
3007,2251,0
2989,2245,0
2968,2247,0
2952,2256,0
2934,2267,0
2924,2281,0
2920,2295,0
2918,2309,0
2922,2320,0
2933,2332,0
2946,2341,0
2967,2350,0
2984,2352,0
2997,2351,0
3011,2354,0
3020,2357,0
3021,2356,0
3020,2357,0
3025,2362,0
3034,2367,0
3047,2371,1
3218,2193,0
3218,2194,0
3220,2198,0
3218,2200,0
3216,2201,0
3223,2200,0
3235,2198,0
3250,2183,0
3308,2130,0
3319,2111,0
3324,2094,0
3327,2083,0
3331,2079,0
3331,2079,0
3327,2083,0
3326,2097,0
3325,2116,0
3323,2138,0
3320,2166,0
3315,2194,0
3317,2228,0
3315,2254,0
3316,2275,0
3318,2286,0
3324,2292,0
3325,2291,0
3325,2284,1
3460,2112,1
3453,2107,0
3443,2102,0
3433,2100,0
3416,2096,0
3408,2100,0
3394,2104,0
3382,2112,0
3380,2127,0
3380,2140,0
3385,2152,0
3399,2165,0
3412,2169,0
3423,2169,0
3437,2164,0
3448,2157,0
3450,2143,0
3455,2131,0
3448,2113,0
3440,2099,0
3438,2096,0
3429,2093,0
3429,2093,0
3428,2094,0
3426,2096,0
3431,2109,0
3436,2123,0
3441,2142,0
3449,2162,0
3459,2182,0
3470,2199,0
3484,2215,0
3493,2228,0
3503,2241,0
3506,2251,0
3504,2258,0
3500,2264,0
3494,2270,0
3485,2275,0
3469,2273,0
3454,2273,0
3439,2273,0
3428,2273,0
3415,2268,0
3414,2269,1
3545,2101,0
3544,2102,0
3544,2102,0
3543,2098,0
3551,2094,0
3566,2088,0
3584,2084,0
3601,2082,0
3611,2082,0
3614,2083,0
3617,2087,0
3616,2094,0
3604,2104,0
3594,2118,0
3574,2129,0
3556,2140,0
3551,2146,0
3553,2150,0
3553,2150,0
3561,2152,0
3571,2153,0
3590,2154,0
3608,2157,0
3625,2162,0
3640,2169,0
3648,2178,0
3655,2188,0
3652,2198,0
3648,2210,0
3639,2221,0
3629,2234,0
3615,2245,0
3606,2256,0
3591,2260,0
3582,2265,0
3568,2264,0
3561,2265,0
3561,2267,0
3561,2265,0
3570,2262,0
3588,2252,1
3728,2125,0
3726,2114,0
3722,2107,0
3712,2100,0
3701,2096,0
3690,2096,0
3677,2101,0
3662,2107,0
3651,2114,0
3649,2125,0
3655,2135,0
3668,2145,0
3693,2153,0
3713,2153,0
3735,2151,0
3749,2145,0
3749,2137,0
3749,2130,0
3740,2116,0
3730,2103,0
3718,2092,0
3714,2091,0
3710,2089,0
3706,2087,0
3711,2096,0
3713,2104,0
3722,2120,0
3726,2135,0
3737,2159,0
3742,2180,0
3747,2199,0
3761,2221,0
3771,2240,0
3778,2257,0
3789,2276,0
3793,2290,0
3806,2307,0
3806,2313,0
3797,2312,0
3795,2314,0
3782,2311,0
3764,2308,0
3748,2303,0
3739,2302,0
3731,2299,0
3733,2297,0
3735,2288,0
3752,2280,0
3775,2269,1
3842,2193,0
3842,2193,0
3841,2194,0
3849,2198,0
3847,2193,0
3863,2192,0
3881,2187,0
3902,2186,0
3910,2181,0
3921,2180,0
3923,2176,0
3941,2172,0
3974,2166,1
4040,2082,0
4037,2080,0
4036,2081,0
4039,2084,0
4040,2090,0
4046,2102,0
4051,2118,0
4051,2138,0
4050,2162,0
4051,2190,0
4051,2217,0
4051,2232,0
4046,2238,0
4051,2244,0
4051,2244,0
4054,2240,0
4053,2227,1
4049,2089,0
4046,2087,0
4039,2084,0
4037,2086,0
4031,2089,0
4015,2098,0
3998,2109,0
3992,2125,0
3978,2139,0
3970,2152,0
3971,2165,0
3971,2171,0
3979,2174,0
3994,2173,0
4017,2169,0
4044,2164,0
4061,2159,0
4077,2157,0
4083,2156,0
4087,2157,0
4091,2158,0
4090,2159,0
4095,2159,0
4107,2156,0
4124,2150,1
4138,2079,0
4135,2075,0
4135,2075,0
4134,2077,0
4138,2086,0
4146,2101,0
4143,2115,0
4146,2133,0
4144,2150,0
4146,2169,0
4144,2186,0
4145,2199,0
4145,2205,0
4148,2210,0
4144,2208,0
4150,2207,0
4151,2197,0
4162,2189,0
4176,2182,0
4186,2174,0
4199,2167,0
4216,2164,0
4222,2162,0
4230,2163,0
4242,2169,0
4247,2174,0
4251,2183,0
4253,2195,0
4254,2209,0
4249,2224,0
4244,2239,0
4239,2253,0
4233,2262,0
4221,2265,0
4214,2270,0
4200,2268,0
4186,2268,0
4168,2266,0
4150,2263,0
4135,2257,0
4132,2254,0
4128,2245,0
4137,2232,0
4152,2217,0
4164,2200,1
4125,2099,0
4123,2094,0
4126,2089,0
4141,2088,0
4158,2082,0
4184,2079,0
4213,2077,0
4247,2075,0
4266,2075,0
4275,2075,0
4275,2075,0
4271,2074,0
4270,2075,0
4274,2077,0
4273,2077,0
4273,2079,0
4283,2086,1
4418,2154,0
4408,2147,0
4405,2147,0
4400,2147,0
4398,2149,0
4403,2157,0
4405,2171,0
4418,2188,0
4429,2207,0
4442,2224,0
4449,2236,0
4459,2243,0
4463,2244,0
4463,2244,0
4465,2241,0
4463,2229,0
4463,2212,0
4466,2193,0
4466,2176,0
4461,2162,0
4463,2157,0
4465,2156,0
4464,2157,0
4467,2159,0
4473,2171,0
4483,2187,0
4492,2204,0
4502,2217,0
4507,2225,0
4519,2229,0
4531,2231,0
4538,2228,0
4543,2219,0
4541,2207,0
4544,2194,0
4543,2180,0
4539,2171,0
4537,2166,0
4534,2163,0
4536,2162,0
4540,2162,0
4553,2163,0
4565,2164,0
4578,2167,0
4587,2168,1
4634,2166,0
4631,2162,0
4625,2157,0
4620,2151,0
4611,2148,0
4599,2148,0
4587,2153,0
4579,2166,0
4568,2177,0
4567,2193,0
4569,2207,0
4572,2217,0
4583,2223,0
4597,2223,0
4608,2219,0
4625,2214,0
4635,2205,0
4641,2195,0
4642,2183,0
4636,2170,0
4633,2159,0
4625,2148,0
4627,2147,0
4623,2143,0
4623,2143,0
4630,2149,0
4637,2160,0
4648,2174,0
4659,2187,0
4671,2199,0
4678,2203,0
4677,2203,0
4687,2203,0
4693,2200,0
4701,2193,0
4705,2179,0
4707,2166,0
4710,2159,0
4709,2155,0
4709,2154,0
4717,2157,0
4716,2158,0
4720,2166,0
4720,2176,0
4723,2188,0
4726,2198,0
4737,2210,0
4743,2217,0
4755,2226,0
4755,2226,0
4755,2227,0
4753,2224,0
4752,2217,0
4745,2205,0
4742,2194,0
4741,2179,0
4735,2166,0
4735,2157,0
4734,2150,0
4736,2146,0
4743,2142,0
4750,2138,0
4760,2137,0
4773,2137,0
4788,2142,0
4800,2145,0
4821,2147,0
4844,2147,1
4961,2140,0
4965,2139,0
4959,2135,0
4959,2135,0
4939,2130,0
4930,2130,0
4923,2135,0
4915,2142,0
4905,2151,0
4907,2166,0
4900,2179,0
4914,2196,0
4929,2210,0
4943,2218,0
4948,2217,0
4958,2214,0
4956,2202,0
4970,2191,0
4967,2173,0
4974,2157,0
4973,2143,0
4970,2132,0
4967,2128,0
4968,2127,0
4968,2127,0
4973,2133,0
4977,2143,0
4980,2155,0
4978,2167,0
4986,2178,0
4991,2187,0
4996,2193,0
5002,2200,0
5017,2205,0
5020,2200,0
5038,2193,0
5051,2182,1
5225,2128,0
5219,2123,0
5220,2121,0
5209,2115,0
5195,2109,0
5182,2108,0
5164,2107,0
5149,2109,0
5146,2118,0
5134,2131,0
5139,2149,0
5144,2169,0
5157,2186,0
5169,2198,0
5183,2205,0
5201,2205,0
5205,2196,0
5220,2186,0
5228,2169,0
5231,2145,0
5226,2118,0
5225,2092,0
5226,2071,0
5221,2052,0
5218,2039,0
5214,2028,0
5209,2022,0
5205,2019,0
5204,2019,0
5214,2029,0
5214,2047,0
5226,2071,0
5236,2095,0
5244,2116,0
5253,2135,0
5263,2151,0
5275,2163,0
5277,2168,0
5276,2169,0
5284,2173,0
5280,2171,1
5310,2106,0
5310,2105,0
5307,2104,0
5307,2104,0
5306,2106,0
5306,2115,0
5310,2127,0
5315,2141,0
5310,2153,0
5313,2166,0
5313,2176,0
5319,2181,0
5315,2181,0
5318,2176,0
5319,2164,0
5325,2150,0
5325,2132,1
5298,2046,0
5289,2036,0
5283,2029,0
5281,2024,0
5279,2021,0
5276,2018,0
5276,2017,0
5288,2020,0
5299,2023,0
5318,2022,0
5335,2021,1
5465,2043,0
5462,2039,0
5457,2032,0
5451,2025,0
5446,2018,0
5434,2012,0
5422,2012,0
5414,2018,0
5402,2029,0
5404,2044,0
5400,2060,0
5408,2084,0
5413,2111,0
5426,2141,0
5432,2166,0
5441,2185,0
5458,2198,0
5463,2204,0
5462,2206,0
5459,2204,0
5453,2198,1
5411,2146,0
5411,2146,0
5413,2142,0
5414,2137,0
5433,2135,0
5444,2131,0
5462,2128,0
5479,2122,0
5496,2113,1
5547,2036,0
5533,2025,0
5523,2018,0
5511,2014,0
5499,2014,0
5496,2022,0
5487,2033,0
5489,2048,0
5484,2068,0
5496,2092,0
5500,2113,0
5516,2135,0
5518,2152,0
5532,2167,0
5530,2174,0
5544,2181,0
5540,2181,0
5545,2179,0
5540,2169,0
5545,2159,1
5492,2111,0
5489,2109,0
5489,2109,0
5489,2109,0
5485,2107,0
5494,2107,0
5504,2104,0
5530,2103,0
5545,2099,1
5596,2112,0
5601,2111,0
5607,2108,0
5617,2105,0
5632,2099,0
5641,2090,0
5656,2083,0
5659,2077,0
5657,2071,0
5646,2066,0
5646,2066,0
5633,2067,0
5619,2071,0
5605,2082,0
5599,2095,0
5593,2109,0
5588,2120,0
5603,2136,0
5609,2145,0
5628,2149,0
5655,2149,0
5670,2144,0
5683,2134,0
5684,2122,0
5689,2109,0
5682,2096,0
5685,2087,0
5680,2079,0
5685,2077,0
5677,2077,0
5680,2079,0
5677,2084,0
5689,2096,0
5689,2109,0
5697,2122,0
5701,2131,0
5719,2140,0
5726,2145,0
5726,2145,0
5726,2145,0
5721,2136,0
5716,2127,0
5709,2114,0
5701,2101,0
5699,2087,0
5690,2076,0
5692,2070,0
5695,2064,0
5694,2057,0
5704,2053,0
5714,2049,0
5731,2048,0
5754,2048,1
5800,2080,0
5800,2080,0
5800,2080,0
5808,2083,0
5817,2082,0
5835,2081,0
5849,2077,0
5865,2071,0
5879,2067,0
5881,2062,0
5879,2055,0
5873,2051,0
5861,2048,0
5841,2052,0
5822,2060,0
5808,2072,0
5794,2085,0
5793,2099,0
5802,2110,0
5811,2118,0
5835,2123,0
5857,2123,0
5880,2118,0
5895,2113,0
5915,2106,0
5924,2094,0
5934,2081,0
5936,2065,0
5936,2052,0
5938,2048,0
5915,2041,0
5918,2045,0
5914,2056,0
5912,2070,0
5910,2087,0
5909,2101,0
5916,2113,0
5921,2122,0
5925,2124,0
5929,2125,0
5931,2121,0
5938,2112,0
5945,2095,0
5953,2075,0
5968,2058,0
5969,2044,0
5977,2036,0
5982,2033,0
5984,2028,0
5988,2028,0
5994,2035,0
6008,2044,0
6007,2059,0
6022,2073,0
6020,2089,0
6029,2102,0
6024,2113,0
6039,2121,0
6032,2124,0
6044,2130,0
6045,2125,0
6059,2121,0
6068,2109,0
6078,2097,1
6104,1908,0
6100,1909,0
6101,1906,0
6101,1904,0
6097,1904,0
6099,1912,0
6095,1923,0
6094,1937,0
6097,1955,0
6098,1973,0
6099,1995,0
6098,2019,0
6095,2041,0
6096,2060,0
6098,2078,0
6099,2086,0
6102,2090,0
6105,2092,0
6104,2093,0
6102,2090,0
6107,2087,1
6046,1989,0
6051,1987,0
6051,1985,0
6056,1985,0
6066,1982,0
6092,1978,0
6123,1976,0
6148,1974,0
6171,1973,0
6175,1973,0
6174,1972,0
6175,1971,0
6174,1975,0
6171,1971,0
6174,1973,0
6174,1976,0
6175,1984,1