It &apos;s a grave thought. This Book is worth
753
1406,2627,0
1409,2639,0
1411,2651,0
1414,2666,0
1415,2682,0
1420,2709,0
1421,2733,0
1418,2758,0
1414,2788,0
1411,2816,0
1407,2837,0
1405,2853,0
1406,2865,0
1404,2865,0
1408,2869,0
1409,2856,0
1414,2844,1
1472,2642,0
1472,2642,0
1472,2642,0
1474,2649,0
1476,2661,0
1482,2677,0
1489,2695,0
1493,2715,0
1494,2736,0
1493,2760,0
1491,2780,0
1488,2797,0
1483,2806,1
1437,2748,0
1438,2748,0
1446,2751,0
1458,2753,0
1468,2752,0
1479,2750,0
1486,2749,0
1491,2748,0
1493,2743,1
1585,2596,0
1583,2597,0
1587,2609,0
1585,2613,0
1582,2625,0
1580,2647,0
1573,2665,0
1566,2682,0
1561,2699,1
1642,2724,0
1638,2724,0
1636,2725,0
1631,2722,0
1626,2723,0
1616,2725,0
1607,2731,0
1597,2741,0
1591,2750,0
1586,2755,0
1588,2763,0
1592,2767,0
1601,2773,0
1613,2782,0
1623,2789,0
1636,2799,0
1643,2806,0
1645,2813,0
1641,2822,0
1635,2835,0
1621,2842,0
1604,2854,0
1583,2861,0
1562,2866,0
1544,2865,1
1976,2750,0
1975,2750,0
1964,2741,0
1957,2739,0
1951,2741,0
1940,2741,0
1929,2745,0
1915,2753,0
1903,2770,0
1889,2786,0
1879,2801,0
1879,2815,0
1883,2822,0
1896,2826,0
1910,2822,0
1925,2817,0
1935,2806,0
1945,2798,0
1955,2786,0
1966,2778,0
1973,2763,0
1981,2756,0
1984,2746,0
1988,2741,0
1988,2737,0
1989,2741,0
1990,2749,0
1991,2766,0
1985,2777,0
1983,2794,0
1981,2807,0
1979,2816,0
1983,2832,1
2257,2784,0
2255,2785,0
2248,2783,0
2240,2783,0
2228,2779,0
2218,2784,0
2205,2785,0
2193,2790,0
2181,2803,0
2170,2822,0
2158,2835,0
2155,2845,0
2165,2849,0
2177,2840,0
2194,2829,0
2211,2818,0
2222,2803,0
2236,2799,0
2246,2789,0
2255,2777,0
2268,2771,0
2278,2770,0
2281,2773,0
2278,2783,0
2272,2803,0
2265,2828,0
2257,2849,0
2255,2873,0
2247,2889,0
2242,2908,0
2235,2929,0
2222,2943,0
2205,2950,0
2192,2955,0
2180,2955,0
2168,2951,0
2161,2950,1
2369,2784,0
2374,2790,0
2377,2799,0
2376,2808,0
2376,2817,0
2376,2825,0
2374,2830,0
2369,2833,0
2366,2835,0
2362,2832,0
2362,2823,0
2368,2816,0
2371,2801,0
2381,2792,0
2390,2783,0
2402,2777,0
2409,2768,0
2419,2768,0
2426,2770,0
2435,2773,0
2443,2778,1
2511,2778,0
2508,2779,0
2505,2777,0
2500,2774,0
2492,2775,1
2476,2793,0
2470,2809,0
2468,2824,0
2466,2834,0
2472,2840,0
2485,2842,0
2495,2837,0
2507,2826,0
2523,2817,0
2534,2801,0
2545,2791,0
2553,2786,0
2553,2782,0
2553,2782,0
2553,2786,0
2549,2789,0
2547,2800,0
2544,2810,0
2543,2820,0
2544,2828,1
2597,2771,0
2593,2778,0
2593,2787,0
2593,2796,0
2599,2811,0
2603,2823,0
2605,2831,0
2607,2839,0
2610,2842,0
2611,2842,0
2618,2842,0
2622,2830,0
2635,2818,0
2649,2801,0
2660,2784,0
2665,2768,0
2671,2760,1
2711,2824,0
2717,2825,0
2723,2826,0
2730,2826,0
2737,2822,0
2746,2815,0
2754,2806,0
2765,2799,0
2774,2794,0
2779,2791,0
2782,2789,0
2779,2786,0
2776,2783,0
2771,2781,0
2765,2780,0
2753,2779,0
2739,2783,0
2724,2787,0
2712,2795,0
2701,2801,0
2692,2807,0
2685,2811,0
2683,2823,0
2683,2837,0
2687,2852,0
2699,2864,0
2714,2869,0
2736,2873,0
2751,2870,1
2991,2620,0
2991,2626,0
2991,2636,0
2986,2649,0
2980,2694,0
2972,2719,0
2972,2749,0
2965,2775,0
2959,2799,0
2951,2818,0
2948,2835,0
2951,2844,1
2923,2731,0
2924,2736,0
2924,2735,0
2934,2738,0
2947,2738,0
2967,2739,0
2982,2738,0
2991,2731,0
2994,2723,1
3069,2620,0
3064,2623,0
3071,2639,0
3068,2651,0
3062,2671,0
3056,2697,0
3048,2723,0
3038,2745,0
3034,2764,0
3032,2770,0
3035,2772,0
3047,2769,0
3063,2762,0
3083,2756,0
3098,2749,0
3115,2746,0
3131,2749,0
3141,2757,0
3143,2765,0
3144,2780,0
3141,2797,0
3135,2813,0
3128,2823,0
3129,2828,0
3135,2827,1
3244,2750,0
3239,2754,0
3233,2758,0
3228,2764,0
3219,2765,0
3218,2772,0
3215,2774,0
3213,2776,0
3206,2775,0
3202,2779,0
3194,2786,0
3189,2795,0
3184,2805,0
3177,2814,0
3176,2825,0
3175,2836,0
3182,2847,0
3190,2855,0
3196,2856,0
3208,2857,0
3222,2856,0
3234,2847,0
3249,2839,0
3264,2832,0
3272,2820,0
3279,2815,0
3281,2813,0
3279,2809,0
3271,2805,0
3262,2803,0
3248,2799,0
3238,2796,0
3230,2793,1
3335,2825,0
3346,2815,0
3358,2805,0
3365,2794,0
3368,2786,0
3366,2782,0
3359,2778,0
3356,2776,0
3351,2769,1
3443,2784,0
3437,2784,0
3431,2784,0
3424,2784,0
3414,2789,0
3403,2798,0
3393,2806,0
3384,2814,0
3382,2821,0
3384,2820,0
3394,2817,0
3407,2806,0
3423,2796,0
3439,2793,0
3454,2795,0
3465,2801,0
3470,2807,0
3478,2822,0
3477,2834,0
3472,2849,0
3465,2866,0
3453,2882,0
3438,2894,0
3424,2902,0
3410,2902,0
3402,2900,0
3395,2889,0
3389,2874,0
3391,2856,1
3523,2697,0
3520,2717,0
3515,2733,0
3515,2750,0
3516,2765,0
3514,2773,0
3518,2775,0
3527,2777,0
3539,2771,0
3551,2765,0
3563,2760,0
3577,2757,0
3589,2756,0
3600,2762,0
3606,2773,0
3605,2785,0
3600,2801,0
3598,2819,0
3596,2832,0
3590,2832,0
3590,2827,1
3670,2652,0
3670,2653,0
3676,2658,0
3676,2663,0
3675,2675,0
3677,2696,0
3674,2718,0
3670,2744,0
3663,2768,0
3660,2789,0
3658,2800,0
3663,2806,0
3670,2807,1
3590,2729,0
3595,2729,0
3613,2728,0
3631,2721,0
3661,2719,0
3684,2712,0
3713,2711,0
3733,2708,0
3751,2707,1
3798,2824,0
3794,2823,0
3798,2825,0
3795,2822,0
3799,2823,0
3795,2822,0
3791,2820,0
3790,2821,0
3789,2823,1
4001,2637,0
4003,2640,0
4008,2648,0
4010,2657,0
4014,2672,0
4014,2690,0
4015,2713,0
4011,2736,0
4006,2760,0
4002,2783,0
4000,2803,0
3996,2813,0
4001,2819,1
3931,2651,0
3935,2654,0
3940,2654,0
3950,2654,0
3964,2650,0
3988,2647,0
4015,2640,0
4039,2635,0
4060,2629,0
4080,2625,0
4090,2617,0
4104,2613,0
4111,2605,1
4131,2637,0
4130,2651,0
4128,2667,0
4126,2687,0
4122,2705,0
4123,2723,0
4120,2731,0
4122,2736,0
4126,2737,0
4130,2733,0
4139,2728,0
4152,2724,0
4167,2720,0
4179,2717,0
4199,2719,0
4218,2719,0
4234,2726,0
4243,2734,0
4250,2750,0
4247,2767,0
4239,2782,0
4242,2799,0
4242,2805,0
4242,2805,0
4239,2794,1
4324,2755,0
4327,2770,0
4331,2783,0
4339,2794,0
4343,2801,1
4340,2675,0
4336,2674,0
4336,2673,0
4340,2675,0
4341,2680,1
4441,2734,0
4437,2740,0
4431,2741,0
4422,2745,0
4413,2750,0
4401,2755,0
4395,2762,0
4394,2768,0
4390,2768,0
4403,2776,0
4413,2777,0
4435,2783,0
4451,2786,0
4468,2790,0
4483,2799,0
4488,2805,0
4490,2815,0
4484,2823,0
4471,2833,0
4456,2845,0
4438,2849,1
4611,2659,0
4606,2672,0
4601,2688,0
4592,2704,0
4591,2727,0
4587,2747,0
4577,2761,0
4577,2773,0
4573,2772,0
4587,2773,0
4601,2762,0
4622,2753,0
4643,2744,0
4671,2741,0
4685,2735,0
4705,2740,0
4716,2746,0
4724,2760,0
4717,2772,0
4710,2789,0
4695,2803,0
4674,2811,0
4651,2814,0
4640,2817,0
4617,2807,1
4801,2741,0
4794,2739,0
4789,2738,0
4770,2738,0
4763,2748,0
4748,2755,0
4747,2770,0
4740,2780,0
4750,2794,0
4760,2801,0
4777,2806,0
4793,2803,0
4816,2798,0
4833,2788,0
4850,2777,0
4859,2764,0
4870,2756,0
4859,2743,0
4852,2739,0
4841,2741,0
4817,2741,1
4939,2738,0
4932,2742,0
4917,2743,0
4909,2748,0
4891,2752,0
4884,2763,0
4881,2775,0
4885,2791,0
4888,2799,0
4898,2806,0
4908,2806,0
4918,2799,0
4932,2785,0
4953,2774,0
4958,2753,0
4970,2742,0
4976,2733,0
4965,2727,0
4947,2727,0
4917,2729,0
4899,2734,1
5006,2627,0
5010,2637,0
5010,2651,0
5010,2666,0
5016,2687,0
5018,2712,0
5019,2741,0
5015,2768,0
5009,2792,0
5014,2813,0
5017,2824,0
5021,2824,0
5023,2815,1
5048,2776,0
5045,2782,0
5048,2791,0
5048,2799,0
5064,2811,0
5073,2819,0
5084,2823,0
5089,2824,0
5094,2823,1
5016,2767,0
5016,2767,0
5028,2763,0
5047,2758,0
5064,2746,0
5084,2736,0
5099,2728,0
5112,2722,0
5119,2718,1
5308,2708,0
5310,2721,0
5310,2736,0
5313,2754,0
5321,2773,0
5327,2785,0
5332,2791,0
5337,2793,0
5339,2789,1
5298,2639,0
5295,2637,0
5298,2639,0
5298,2639,0
5296,2643,1
5390,2689,0
5385,2690,0
5380,2688,0
5373,2685,0
5368,2687,0
5366,2688,0
5357,2689,0
5354,2695,0
5351,2700,1
5349,2711,0
5355,2717,0
5366,2721,0
5383,2724,0
5405,2726,0
5421,2731,0
5426,2737,0
5430,2748,0
5429,2755,0
5425,2762,0
5418,2767,0
5414,2773,1
5573,2666,0
5569,2672,0
5571,2679,0
5577,2691,0
5579,2704,0
5578,2722,0
5583,2739,0
5583,2755,0
5583,2762,0
5595,2765,0
5611,2762,0
5631,2752,0
5652,2738,0
5672,2726,0
5686,2718,0
5688,2714,0
5692,2717,0
5692,2723,0
5696,2733,0
5693,2746,0
5684,2755,0
5680,2769,0
5680,2777,0
5679,2780,0
5683,2782,0
5689,2779,0
5697,2772,0
5701,2765,0
5712,2754,0
5723,2742,0
5728,2725,0
5740,2710,0
5744,2695,0
5742,2681,0
5744,2670,0
5744,2661,0
5742,2649,0
5746,2641,0
5744,2636,0
5744,2636,0
5735,2636,1
5820,2673,0
5806,2673,0
5795,2675,0
5785,2678,0
5780,2689,0
5756,2716,0
5751,2732,0
5757,2748,0
5770,2757,0
5791,2760,0
5815,2759,0
5835,2754,0
5856,2749,0
5869,2743,0
5877,2734,0
5887,2725,0
5893,2714,0
5897,2707,0
5891,2701,0
5883,2697,0
5874,2698,0
5857,2697,0
5840,2695,0
5836,2693,0
5835,2688,1
5938,2690,0
5933,2690,0
5935,2695,0
5932,2700,0
5932,2708,1
5921,2729,0
5921,2738,0
5919,2743,0
5921,2745,0
5923,2742,0
5928,2733,0
5933,2724,0
5936,2709,0
5943,2697,0
5948,2686,0
5958,2676,0
5963,2666,0
5979,2661,0
5989,2658,0
6003,2658,0
6003,2658,1
6047,2596,0
6048,2595,0
6051,2598,0
6050,2600,0
6050,2608,0
6054,2619,0
6054,2635,0
6057,2656,0
6050,2679,0
6045,2698,0
6044,2718,0
6042,2731,0
6040,2736,1
6003,2685,0
6005,2688,0
6018,2690,0
6037,2690,0
6051,2688,0
6061,2685,0
6070,2685,0
6079,2684,0
6082,2678,1
6128,2574,0
6132,2577,0
6135,2580,0
6135,2589,0
6134,2601,0
6128,2620,0
6122,2644,0
6114,2667,0
6109,2686,0
6110,2704,0
6114,2714,0
6124,2721,0
6132,2723,0
6145,2722,0
6151,2719,0
6162,2715,0
6174,2709,0
6184,2706,0
6190,2704,0
6198,2707,0
6199,2712,0
6203,2722,0
6202,2735,0
6201,2753,0
6198,2768,1