seizure of Cyprus. Five years ago
732
760,3477,0
758,3477,0
758,3477,0
757,3477,0
754,3473,0
746,3472,0
733,3471,0
716,3481,0
699,3487,0
685,3497,0
678,3508,0
678,3520,0
687,3526,0
702,3539,0
725,3546,0
752,3561,0
776,3563,0
793,3569,0
800,3581,0
796,3601,0
780,3615,0
756,3629,0
726,3638,0
694,3648,0
666,3653,0
644,3649,0
633,3636,0
632,3619,0
639,3600,1
869,3554,0
882,3543,0
896,3536,0
907,3524,0
912,3508,0
913,3496,0
907,3484,0
895,3479,0
880,3479,0
864,3481,0
849,3492,0
838,3503,0
832,3524,0
830,3544,0
837,3564,0
851,3581,0
874,3590,0
898,3588,0
928,3589,0
954,3574,0
975,3559,0
989,3547,0
998,3532,0
1003,3512,0
1007,3491,0
1008,3472,0
1008,3472,0
1007,3467,0
1008,3468,0
1008,3480,0
1011,3496,0
1015,3520,0
1021,3544,0
1026,3564,0
1032,3580,0
1035,3585,0
1038,3585,1
984,3375,0
981,3375,0
982,3371,0
984,3375,0
991,3371,1
1093,3469,0
1090,3469,0
1090,3465,0
1093,3457,0
1100,3444,0
1112,3440,0
1124,3436,0
1136,3436,0
1143,3436,0
1146,3444,0
1148,3460,0
1143,3476,0
1134,3496,0
1125,3520,0
1121,3540,0
1120,3552,0
1128,3564,0
1141,3568,0
1161,3572,0
1182,3567,0
1197,3559,1
1085,3513,0
1082,3508,0
1087,3505,0
1097,3501,0
1119,3496,0
1145,3488,0
1169,3475,0
1190,3471,0
1202,3462,1
1217,3434,0
1216,3434,0
1215,3438,0
1216,3450,0
1217,3465,0
1220,3486,0
1226,3501,0
1237,3517,0
1256,3528,0
1277,3535,0
1298,3530,0
1317,3516,0
1335,3503,0
1348,3486,0
1357,3465,0
1362,3440,0
1365,3424,0
1363,3404,0
1360,3400,0
1359,3401,0
1359,3401,0
1360,3409,0
1363,3428,0
1369,3452,0
1376,3476,0
1386,3498,0
1396,3514,0
1404,3525,0
1409,3528,0
1410,3528,0
1409,3525,0
1408,3509,1
1404,3412,0
1404,3408,0
1406,3412,0
1407,3412,0
1413,3428,0
1418,3447,0
1424,3470,0
1428,3486,0
1432,3502,0
1434,3510,0
1434,3510,0
1434,3510,0
1430,3502,0
1426,3487,0
1420,3467,0
1416,3452,0
1410,3432,0
1411,3424,0
1414,3411,0
1422,3403,0
1437,3397,0
1457,3391,0
1481,3392,0
1503,3393,0
1518,3395,0
1528,3397,0
1532,3401,0
1532,3405,1
1534,3462,0
1561,3402,0
1547,3419,0
1533,3433,0
1526,3450,0
1529,3466,0
1540,3477,0
1560,3486,0
1588,3490,1
2246,3405,0
2242,3397,0
2239,3395,0
2232,3389,0
2222,3383,0
2205,3377,0
2184,3376,0
2164,3378,0
2145,3385,0
2130,3398,0
2117,3415,0
2109,3434,0
2109,3451,0
2118,3461,0
2135,3468,0
2158,3469,0
2183,3465,0
2205,3453,0
2225,3447,0
2238,3433,0
2252,3424,1
2400,3306,0
2393,3296,0
2386,3286,0
2377,3276,0
2364,3269,0
2349,3267,0
2333,3269,0
2316,3271,0
2301,3278,0
2289,3291,0
2282,3315,0
2274,3343,0
2270,3379,0
2270,3417,0
2272,3455,0
2277,3491,0
2280,3520,0
2283,3540,0
2287,3552,0
2289,3555,0
2292,3554,1
2272,3464,0
2266,3452,0
2265,3445,0
2265,3440,0
2270,3435,0
2281,3431,0
2301,3428,0
2329,3425,0
2364,3424,0
2398,3424,0
2428,3421,0
2458,3425,1
2843,3307,0
2850,3298,0
2854,3288,0
2856,3281,0
2851,3271,0
2842,3267,0
2828,3265,0
2812,3270,0
2795,3279,0
2778,3293,0
2766,3313,0
2758,3339,0
2750,3362,0
2752,3388,0
2762,3411,0
2777,3425,0
2797,3432,0
2820,3434,0
2844,3430,0
2864,3419,0
2882,3409,1
2890,3327,0
2890,3327,0
2890,3327,0
2894,3338,0
2900,3354,0
2906,3368,0
2916,3381,0
2932,3395,0
2949,3399,0
2965,3395,0
2982,3388,0
2996,3375,0
3008,3363,0
3014,3351,0
3016,3345,0
3012,3343,0
3014,3351,0
3006,3360,0
2996,3380,0
2989,3413,0
2973,3445,0
2963,3483,0
2948,3514,0
2943,3549,0
2936,3576,1
3038,3337,0
3038,3337,0
3043,3343,0
3048,3354,0
3057,3372,1
3074,3445,0
3073,3470,0
3074,3488,0
3076,3501,0
3081,3508,0
3083,3510,0
3081,3508,0
3074,3497,0
3064,3475,0
3056,3452,0
3047,3425,0
3039,3397,0
3034,3372,0
3034,3348,0
3041,3325,0
3054,3308,0
3069,3293,0
3090,3289,0
3106,3288,0
3117,3291,0
3125,3300,0
3132,3315,0
3124,3330,0
3108,3349,0
3078,3363,0
3047,3373,0
3025,3387,0
3008,3388,0
3001,3382,0
3003,3376,0
3013,3366,0
3024,3349,1
3160,3287,0
3159,3288,0
3159,3292,0
3160,3301,0
3162,3315,0
3159,3326,0
3162,3343,0
3157,3351,0
3158,3359,0
3160,3363,0
3161,3362,0
3161,3358,0
3157,3346,0
3151,3332,0
3146,3315,0
3139,3295,0
3136,3278,0
3142,3265,0
3148,3251,0
3155,3237,0
3166,3230,0
3181,3229,0
3189,3223,0
3205,3226,0
3216,3229,1
3271,3244,0
3271,3244,0
3271,3244,0
3275,3251,0
3276,3260,0
3281,3276,0
3286,3292,0
3295,3310,0
3306,3322,0
3325,3329,0
3344,3329,0
3368,3327,0
3385,3315,0
3402,3308,0
3410,3291,0
3417,3276,0
3421,3258,0
3422,3247,0
3423,3242,0
3422,3243,0
3421,3243,0
3425,3250,0
3424,3261,0
3428,3278,0
3439,3299,0
3455,3317,0
3468,3328,0
3485,3335,0
3501,3337,1
3568,3245,0
3565,3237,0
3561,3229,0
3553,3221,0
3542,3215,0
3526,3216,0
3501,3216,0
3483,3226,0
3464,3230,0
3454,3233,0
3457,3240,0
3469,3252,0
3486,3259,0
3508,3267,0
3533,3277,0
3556,3290,0
3571,3299,0
3579,3308,0
3580,3316,0
3573,3322,0
3558,3329,0
3540,3338,0
3513,3338,0
3491,3340,0
3473,3339,0
3467,3339,0
3472,3340,0
3477,3337,0
3487,3333,1
3648,3319,0
3648,3319,0
3644,3316,0
3646,3320,0
3646,3320,1
3962,3112,0
3961,3114,0
3963,3117,0
3964,3122,0
3964,3127,0
3968,3135,0
3969,3139,0
3969,3140,0
3968,3141,0
3967,3141,0
3971,3148,0
3971,3154,0
3974,3163,0
3973,3170,0
3976,3184,0
3978,3204,0
3983,3226,0
3987,3250,0
3988,3271,0
3987,3288,0
3988,3299,0
3986,3300,0
3987,3300,0
3987,3294,0
3983,3281,1
3889,3144,0
3880,3141,0
3878,3137,0
3881,3136,0
3889,3133,0
3897,3125,0
3918,3122,0
3937,3115,0
3967,3113,0
3991,3108,0
4020,3107,0
4042,3107,0
4058,3108,1
3949,3192,0
3950,3197,0
3954,3198,0
3964,3199,0
3984,3198,0
4009,3190,0
4041,3182,0
4073,3173,0
4098,3165,0
4124,3161,0
4142,3159,0
4157,3160,0
4167,3162,0
4181,3171,0
4190,3185,0
4196,3206,0
4197,3230,0
4200,3255,0
4200,3271,0
4205,3284,0
4215,3291,0
4219,3287,0
4220,3274,0
4225,3259,0
4220,3233,1
4186,3086,0
4179,3081,0
4181,3079,0
4181,3078,0
4183,3076,1
4261,3134,0
4261,3134,0
4265,3135,0
4270,3141,0
4278,3151,0
4281,3164,0
4292,3188,0
4299,3210,0
4305,3226,0
4314,3240,0
4324,3247,0
4334,3248,0
4344,3244,0
4352,3234,0
4355,3215,0
4360,3191,0
4360,3161,0
4367,3136,0
4377,3119,0
4386,3103,0
4392,3090,1
4394,3189,0
4396,3199,0
4401,3206,0
4413,3211,0
4430,3211,0
4449,3200,0
4464,3183,0
4488,3170,0
4497,3151,0
4505,3137,0
4505,3126,0
4503,3120,0
4498,3121,0
4490,3130,0
4476,3146,0
4461,3169,0
4449,3194,0
4447,3221,0
4457,3245,0
4473,3263,0
4493,3271,0
4523,3274,0
4550,3267,0
4584,3259,0
4608,3245,1
4879,3117,0
4886,3128,0
4893,3143,0
4902,3158,0
4909,3168,0
4927,3179,0
4945,3180,0
4964,3177,0
4982,3166,0
5004,3157,0
5020,3142,0
5031,3129,0
5038,3119,0
5033,3117,0
5035,3123,0
5031,3141,0
5026,3169,0
5015,3202,0
5006,3240,0
4994,3281,0
4982,3322,0
4974,3356,0
4966,3384,0
4970,3406,0
4970,3411,1
5074,3170,0
5076,3168,0
5085,3162,0
5093,3153,0
5110,3143,0
5125,3129,0
5140,3115,0
5150,3101,0
5157,3091,0
5159,3088,0
5156,3087,0
5150,3087,0
5140,3094,0
5125,3108,0
5106,3127,0
5098,3152,0
5093,3173,0
5096,3187,0
5113,3199,0
5135,3202,0
5168,3197,0
5202,3187,0
5228,3170,0
5242,3158,0
5253,3144,1
5245,3092,0
5252,3090,0
5264,3086,0
5278,3079,0
5299,3076,0
5320,3075,0
5342,3079,0
5368,3090,0
5383,3103,0
5400,3121,0
5416,3139,0
5426,3153,0
5441,3166,0
5450,3174,0
5450,3174,0
5451,3173,0
5446,3168,0
5443,3158,0
5433,3144,0
5413,3131,0
5395,3127,0
5376,3128,0
5354,3132,0
5338,3141,0
5327,3156,0
5320,3173,0
5320,3187,0
5328,3196,0
5344,3201,0
5373,3195,0
5406,3183,0
5434,3164,0
5460,3146,1
5498,3069,0
5497,3069,0
5496,3070,0
5495,3080,0
5494,3095,0
5498,3118,0
5506,3142,0
5516,3164,0
5520,3179,0
5528,3188,0
5532,3190,0
5532,3189,0
5528,3182,0
5523,3168,0
5512,3148,0
5503,3132,0
5499,3117,0
5495,3103,0
5503,3089,0
5512,3076,0
5537,3068,0
5557,3059,0
5579,3054,0
5598,3053,1
5730,3061,0
5728,3057,0
5730,3054,0
5727,3052,0
5719,3048,0
5704,3050,0
5691,3057,0
5668,3062,0
5658,3071,0
5653,3077,0
5656,3081,0
5672,3092,0
5691,3100,0
5718,3110,0
5747,3125,0
5772,3136,0
5788,3149,0
5800,3161,0
5799,3169,0
5795,3176,0
5778,3180,0
5758,3182,0
5739,3181,0
5716,3173,0
5694,3162,0
5686,3153,0
5677,3144,0
5683,3135,0
5692,3122,1
6084,3055,0
6087,3049,0
6095,3045,0
6107,3038,0
6124,3033,0
6141,3028,0
6168,3028,0
6189,3030,0
6208,3038,0
6215,3049,0
6229,3066,0
6237,3084,0
6242,3099,0
6247,3115,0
6254,3128,0
6259,3136,0
6261,3139,0
6261,3139,0
6262,3137,0
6257,3129,0
6251,3117,0
6236,3104,0
6218,3095,0
6192,3091,0
6167,3093,0
6143,3096,0
6128,3105,0
6116,3119,0
6109,3132,0
6114,3146,0
6126,3157,0
6143,3160,0
6175,3159,1
6393,3069,0
6386,3063,0
6381,3057,0
6373,3053,0
6365,3053,0
6350,3053,0
6336,3057,0
6319,3060,0
6310,3068,0
6309,3071,0
6317,3083,0
6325,3091,0
6344,3106,0
6360,3118,0
6382,3136,0
6400,3153,0
6419,3177,0
6436,3204,0
6445,3228,0
6454,3254,0
6463,3279,0
6464,3300,0
6466,3321,0
6463,3334,0
6453,3342,0
6433,3345,0
6403,3341,0
6374,3335,0
6338,3324,0
6307,3306,0
6279,3290,0
6266,3274,0
6261,3258,1
6548,3066,0
6543,3060,0
6541,3054,0
6539,3050,0
6527,3046,0
6507,3049,0
6486,3056,0
6459,3064,0
6442,3078,0
6438,3094,0
6449,3107,0
6469,3113,0
6501,3112,0
6533,3104,0
6562,3091,0
6584,3076,0
6592,3059,0
6593,3041,0
6589,3031,0
6579,3025,0
6561,3023,1