(The percentages among
856
1344,933,0
1352,939,0
1348,936,0
1348,936,0
1348,936,0
1353,938,0
1348,936,0
1346,936,0
1346,941,0
1342,946,0
1335,953,0
1329,964,0
1319,975,0
1312,989,0
1302,1005,0
1290,1020,0
1279,1039,0
1263,1055,0
1258,1080,0
1247,1098,0
1240,1120,0
1235,1141,0
1230,1163,0
1226,1182,0
1227,1207,0
1225,1227,0
1228,1251,0
1233,1274,0
1238,1298,0
1245,1322,0
1249,1341,0
1257,1363,0
1264,1383,0
1270,1399,0
1275,1409,0
1278,1417,0
1283,1425,0
1290,1431,0
1290,1431,0
1295,1435,0
1300,1434,1
1482,1068,0
1482,1068,0
1479,1064,0
1483,1067,0
1478,1065,0
1481,1068,0
1479,1068,0
1482,1076,0
1486,1088,0
1483,1097,0
1483,1111,0
1481,1129,0
1477,1148,0
1474,1170,0
1471,1193,0
1471,1215,0
1469,1237,0
1470,1258,0
1469,1274,0
1469,1288,0
1471,1300,0
1474,1307,0
1474,1307,0
1477,1306,0
1476,1293,1
1416,1090,0
1416,1090,0
1416,1086,0
1423,1088,0
1427,1086,0
1432,1084,0
1444,1083,0
1459,1082,0
1477,1078,0
1498,1073,0
1524,1069,0
1544,1064,0
1566,1061,0
1580,1059,0
1590,1057,0
1602,1059,0
1609,1060,1
1656,1055,0
1657,1054,0
1652,1052,0
1657,1054,0
1655,1055,0
1656,1059,0
1650,1063,0
1650,1073,0
1652,1086,0
1656,1102,0
1656,1116,0
1659,1133,0
1659,1151,0
1658,1170,0
1657,1190,0
1654,1210,0
1649,1226,0
1650,1243,0
1648,1254,0
1646,1259,0
1648,1263,0
1648,1263,0
1648,1262,0
1648,1259,0
1646,1250,0
1643,1238,0
1645,1228,0
1641,1211,0
1645,1200,0
1644,1183,0
1650,1170,0
1657,1158,0
1668,1146,0
1681,1138,0
1693,1131,0
1707,1126,0
1727,1127,0
1739,1129,0
1752,1134,0
1761,1143,0
1769,1157,0
1775,1172,0
1781,1192,0
1783,1210,0
1788,1231,0
1791,1248,0
1795,1265,0
1799,1277,0
1804,1283,1
1982,1155,0
1984,1153,0
1993,1150,0
1998,1146,0
2000,1138,0
2005,1134,0
2002,1125,0
2000,1117,0
2000,1112,0
1994,1106,0
1985,1103,0
1969,1101,0
1951,1102,0
1932,1109,0
1907,1115,0
1888,1126,0
1869,1136,0
1857,1150,0
1848,1163,0
1842,1177,0
1845,1196,0
1845,1211,0
1850,1228,0
1860,1244,0
1870,1257,0
1889,1267,0
1914,1274,0
1944,1276,0
1979,1274,0
2014,1271,0
2048,1268,0
2076,1264,0
2099,1259,1
2535,1203,0
2536,1207,0
2540,1216,0
2541,1229,0
2543,1245,0
2545,1264,0
2544,1284,0
2550,1310,0
2548,1333,0
2550,1355,0
2553,1377,0
2551,1392,0
2556,1404,0
2554,1407,0
2554,1407,0
2555,1405,0
2555,1394,0
2558,1376,0
2556,1354,0
2558,1332,0
2557,1308,0
2559,1285,0
2554,1259,0
2556,1235,0
2553,1211,0
2554,1189,0
2554,1168,0
2562,1149,0
2569,1132,0
2586,1119,0
2606,1110,0
2632,1105,0
2656,1104,0
2678,1106,0
2693,1112,0
2702,1121,0
2708,1134,0
2703,1150,0
2688,1167,0
2675,1187,0
2661,1203,1
2867,1162,0
2868,1161,0
2869,1160,0
2871,1155,0
2878,1150,0
2878,1142,0
2887,1135,0
2888,1126,0
2888,1117,0
2883,1108,0
2882,1102,0
2871,1096,0
2855,1092,0
2846,1094,0
2825,1097,0
2808,1105,0
2784,1114,0
2771,1129,0
2754,1143,0
2744,1160,0
2743,1179,0
2741,1196,0
2743,1215,0
2751,1233,0
2761,1247,0
2777,1259,0
2796,1265,0
2819,1266,0
2849,1264,0
2881,1257,0
2910,1247,0
2936,1236,0
2957,1223,1
2954,1102,0
2954,1100,0
2959,1101,0
2958,1102,0
2957,1105,0
2958,1111,0
2960,1124,0
2958,1137,0
2959,1152,0
2963,1169,0
2972,1187,0
2973,1201,0
2975,1215,0
2979,1225,0
2980,1232,0
2982,1235,0
2987,1236,0
2983,1234,0
2982,1226,0
2977,1211,0
2976,1197,0
2974,1184,0
2965,1167,0
2959,1152,0
2958,1138,0
2955,1124,0
2956,1114,0
2956,1105,0
2955,1097,0
2972,1093,0
2992,1088,0
3011,1084,0
3035,1082,1
3227,1082,0
3223,1081,0
3216,1079,0
3207,1078,0
3203,1076,0
3195,1076,0
3182,1074,0
3177,1077,0
3167,1080,0
3152,1083,0
3141,1090,0
3123,1098,0
3113,1111,0
3093,1125,0
3077,1141,0
3059,1159,0
3050,1177,0
3045,1194,0
3050,1212,0
3060,1226,0
3077,1237,0
3099,1247,0
3124,1251,0
3151,1252,0
3183,1250,1
3355,1138,0
3361,1135,0
3367,1131,0
3370,1124,0
3380,1119,0
3382,1113,0
3386,1105,0
3385,1098,0
3383,1091,0
3377,1085,0
3366,1080,0
3358,1078,0
3342,1077,0
3324,1078,0
3309,1083,0
3297,1090,0
3281,1098,0
3271,1109,0
3266,1122,0
3261,1136,0
3258,1150,0
3261,1164,0
3269,1176,0
3285,1187,0
3304,1194,0
3325,1198,0
3346,1199,0
3373,1198,0
3392,1194,1
3501,1120,0
3501,1120,0
3505,1121,0
3501,1120,0
3504,1123,0
3506,1128,0
3503,1136,0
3506,1149,0
3506,1163,0
3512,1177,0
3512,1189,0
3516,1199,0
3513,1206,0
3515,1211,0
3515,1212,0
3515,1211,0
3516,1210,0
3514,1204,0
3510,1193,0
3511,1181,0
3508,1167,0
3505,1153,0
3506,1139,0
3511,1126,0
3513,1111,0
3522,1098,0
3531,1086,0
3548,1076,0
3567,1070,0
3592,1068,0
3609,1070,0
3629,1076,0
3645,1088,0
3657,1103,0
3667,1123,0
3680,1145,0
3684,1168,0
3688,1191,0
3692,1212,0
3698,1232,0
3701,1244,1
3783,977,0
3780,973,0
3781,971,0
3781,971,0
3781,972,0
3779,975,0
3781,985,0
3788,1001,0
3787,1018,0
3788,1039,0
3797,1065,0
3798,1090,0
3802,1115,0
3805,1141,0
3810,1163,0
3811,1182,0
3814,1198,0
3814,1208,0
3812,1213,0
3812,1216,0
3809,1211,1
3751,1102,0
3751,1101,0
3761,1098,0
3778,1095,0
3797,1090,1
4041,1107,0
4044,1107,0
4044,1106,0
4041,1103,0
4038,1101,0
4030,1099,0
4018,1097,0
4006,1096,0
3989,1097,0
3979,1102,0
3964,1107,0
3945,1113,0
3934,1123,0
3922,1134,0
3910,1146,0
3905,1159,0
3900,1171,0
3904,1184,0
3909,1194,0
3919,1203,0
3934,1208,0
3954,1210,0
3981,1209,0
3999,1204,0
4019,1196,1
3928,1078,0
3929,1074,0
3939,1068,0
3950,1062,0
3959,1056,0
3974,1051,0
3988,1046,0
4006,1042,0
4019,1041,0
4035,1042,0
4046,1044,0
4057,1051,0
4060,1058,0
4061,1068,0
4061,1079,0
4062,1093,0
4057,1106,0
4053,1120,0
4048,1135,0
4039,1150,0
4038,1163,0
4043,1175,0
4048,1186,0
4053,1193,0
4069,1199,0
4094,1199,0
4111,1196,0
4135,1190,0
4159,1181,1
4273,1066,0
4271,1060,0
4273,1054,0
4266,1047,0
4264,1040,0
4258,1035,0
4246,1032,0
4237,1032,0
4225,1033,0
4210,1040,0
4192,1047,0
4176,1058,0
4159,1071,0
4151,1087,0
4146,1103,0
4145,1118,0
4154,1132,0
4167,1143,0
4177,1150,0
4197,1154,0
4214,1154,0
4235,1154,0
4249,1147,0
4259,1141,0
4269,1137,0
4270,1136,0
4270,1136,0
4269,1137,0
4265,1137,0
4263,1146,0
4266,1161,0
4266,1177,0
4264,1194,0
4273,1216,0
4275,1239,0
4279,1264,0
4281,1293,0
4284,1322,0
4283,1348,0
4281,1375,0
4280,1401,0
4276,1423,0
4277,1442,0
4267,1455,0
4259,1464,0
4245,1468,0
4232,1467,0
4220,1463,0
4203,1453,0
4184,1439,0
4168,1423,0
4162,1405,0
4154,1382,0
4151,1358,0
4157,1333,0
4162,1305,0
4178,1275,1
4403,1122,0
4404,1119,0
4405,1116,0
4415,1113,0
4416,1107,0
4422,1100,0
4427,1093,0
4438,1085,0
4445,1077,0
4444,1066,0
4442,1056,0
4437,1047,0
4430,1038,0
4415,1033,0
4403,1030,0
4383,1030,0
4366,1032,0
4352,1037,0
4338,1043,0
4327,1052,0
4320,1064,0
4316,1076,0
4317,1090,0
4325,1107,0
4328,1122,0
4333,1137,0
4344,1151,0
4357,1163,0
4379,1174,0
4407,1180,0
4435,1183,0
4468,1184,0
4502,1182,1
4664,1045,0
4665,1039,0
4667,1032,0
4660,1025,0
4662,1018,0
4655,1011,0
4649,1006,0
4637,1003,0
4625,1001,0
4605,1001,0
4587,1004,0
4570,1009,0
4560,1016,0
4549,1025,0
4542,1035,0
4544,1046,0
4546,1055,0
4556,1064,0
4567,1070,0
4582,1076,0
4601,1081,0
4620,1084,0
4641,1088,0
4657,1089,0
4673,1093,0
4685,1095,0
4691,1098,0
4703,1103,0
4706,1107,0
4705,1113,0
4707,1119,0
4705,1126,0
4700,1131,0
4689,1138,0
4676,1143,0
4661,1150,0
4644,1154,0
4626,1159,0
4612,1162,0
4594,1165,0
4586,1167,1
5199,1037,0
5199,1037,0
5203,1035,0
5204,1032,0
5204,1032,0
5200,1027,0
5197,1025,0
5195,1020,0
5187,1018,0
5183,1015,0
5171,1014,0
5158,1015,0
5145,1019,0
5125,1023,0
5107,1029,0
5084,1036,0
5069,1047,0
5059,1057,0
5049,1068,0
5042,1080,0
5047,1092,0
5053,1102,0
5059,1110,0
5074,1117,0
5094,1119,0
5115,1120,0
5136,1117,0
5153,1113,0
5171,1106,1
5102,993,0
5103,989,0
5103,986,0
5108,981,0
5113,976,0
5122,971,0
5131,968,0
5149,966,0
5168,965,0
5185,965,0
5204,968,0
5216,972,0
5223,978,0
5226,985,0
5228,994,0
5231,1004,0
5228,1015,0
5222,1025,0
5215,1038,0
5200,1050,0
5197,1063,0
5191,1073,0
5192,1083,0
5190,1093,0
5202,1100,0
5212,1105,0
5225,1105,0
5250,1104,0
5271,1100,0
5289,1094,0
5310,1087,0
5325,1079,0
5339,1070,1
5367,991,0
5368,986,0
5368,984,0
5366,981,0
5365,980,0
5365,982,0
5365,982,0
5364,984,0
5363,992,0
5361,1002,0
5362,1015,0
5359,1030,0
5360,1047,0
5365,1064,0
5361,1078,0
5367,1091,0
5368,1102,0
5368,1109,0
5367,1112,0
5371,1113,0
5366,1113,0
5364,1107,0
5365,1100,0
5360,1088,0
5354,1076,0
5352,1064,0
5347,1052,0
5346,1039,0
5344,1025,0
5347,1011,0
5353,999,0
5360,988,0
5370,978,0
5378,972,0
5392,970,0
5404,970,0
5415,974,0
5423,979,0
5434,985,0
5440,993,0
5443,998,0
5438,1003,0
5441,1008,0
5441,1010,0
5437,1010,0
5437,1010,0
5438,1008,0
5438,1000,0
5440,991,0
5442,984,0
5448,975,0
5453,965,0
5463,958,0
5472,953,0
5484,948,0
5497,947,0
5513,950,0
5524,955,0
5535,964,0
5545,975,0
5559,991,0
5564,1009,0
5568,1029,0
5572,1049,0
5573,1068,0
5569,1085,0
5566,1102,0
5563,1114,0
5561,1122,1
5728,975,0
5728,970,0
5730,965,0
5730,960,0
5728,954,0
5724,950,0
5717,946,0
5709,945,0
5701,943,0
5689,946,0
5675,952,0
5661,960,0
5648,969,0
5629,982,0
5619,996,0
5612,1011,0
5605,1027,0
5605,1042,0
5610,1059,0
5620,1071,0
5634,1083,0
5653,1092,0
5672,1097,0
5692,1100,0
5716,1101,0
5738,1097,0
5751,1092,0
5769,1082,0
5780,1070,0
5791,1056,0
5793,1039,0
5796,1023,0
5791,1005,0
5786,990,0
5781,977,0
5770,967,0
5751,959,1
5872,962,0
5869,958,0
5869,957,0
5869,955,0
5869,955,0
5869,955,0
5869,955,0
5872,961,0
5871,970,0
5868,982,0
5866,995,0
5868,1010,0
5873,1028,0
5874,1042,0
5880,1058,0
5882,1068,0
5884,1076,0
5884,1079,0
5883,1080,0
5883,1080,0
5880,1076,0
5878,1064,0
5877,1049,0
5872,1035,0
5871,1018,0
5865,1004,0
5863,992,0
5862,977,0
5868,962,0
5874,949,0
5885,937,0
5898,925,0
5916,919,0
5933,914,0
5952,914,0
5972,920,0
5991,930,0
6005,941,0
6015,957,0
6024,974,0
6032,996,0
6037,1016,0
6034,1035,0
6039,1054,0
6040,1067,1
6232,988,0
6237,980,0
6235,972,0
6240,965,0
6237,957,0
6235,949,0
6232,942,0
6220,935,0
6209,931,0
6198,926,0
6177,924,0
6157,924,0
6137,926,0
6120,931,0
6103,939,0
6089,949,0
6075,962,0
6073,974,0
6074,989,0
6072,1003,0
6086,1015,0
6101,1026,0
6119,1033,0
6136,1037,0
6156,1036,0
6172,1034,0
6186,1026,0
6199,1017,0
6209,1007,0
6214,1001,0
6220,995,0
6215,991,0
6216,990,0
6215,991,0
6220,992,0
6223,1001,0
6220,1015,0
6221,1032,0
6226,1054,0
6230,1077,0
6232,1105,0
6240,1131,0
6243,1161,0
6254,1190,0
6255,1220,0
6257,1249,0
6256,1277,0
6254,1304,0
6253,1328,0
6249,1346,0
6241,1361,0
6230,1374,0
6220,1382,0
6199,1385,0
6179,1382,0
6152,1374,0
6130,1363,0
6104,1348,0
6083,1332,0
6067,1315,0
6056,1292,0
6058,1267,0
6063,1242,0
6063,1218,0
6065,1194,1