By Frank Horrabin. France -
698
528,1324,1
535,1337,0
538,1339,0
546,1355,0
552,1371,0
563,1401,0
574,1432,0
583,1462,0
592,1494,0
597,1522,0
598,1539,0
596,1546,0
593,1554,1
443,1421,0
431,1415,0
427,1404,0
431,1392,0
443,1377,0
463,1364,0
489,1354,0
513,1327,0
541,1317,0
567,1316,0
586,1320,0
596,1329,0
598,1346,0
588,1373,0
571,1396,0
551,1418,0
533,1440,0
519,1457,0
515,1468,0
518,1469,0
533,1471,0
558,1464,0
592,1456,0
632,1453,0
672,1454,0
705,1460,0
732,1476,0
748,1493,0
754,1515,0
750,1534,0
735,1551,0
710,1570,0
677,1585,0
639,1599,0
599,1603,0
568,1604,0
547,1597,0
536,1588,0
533,1580,0
540,1561,0
554,1536,1
771,1444,0
768,1440,0
769,1444,0
768,1440,0
771,1444,0
771,1444,0
774,1450,0
779,1459,0
789,1473,0
803,1493,0
816,1499,0
834,1507,0
848,1501,0
867,1492,0
885,1474,0
905,1461,0
920,1439,0
933,1424,0
941,1417,0
941,1417,0
941,1425,0
936,1437,0
933,1460,0
925,1492,0
910,1527,0
891,1568,0
875,1619,0
865,1674,0
854,1713,0
848,1732,0
847,1744,0
851,1740,0
864,1738,1
1204,1270,0
1206,1282,0
1211,1305,0
1216,1333,0
1223,1364,0
1231,1395,0
1245,1434,0
1252,1466,0
1252,1486,0
1252,1498,0
1249,1502,0
1248,1507,0
1237,1496,1
1148,1327,0
1142,1307,0
1143,1295,0
1143,1283,0
1147,1274,0
1155,1266,0
1170,1257,0
1191,1252,0
1218,1248,0
1251,1248,0
1277,1243,0
1304,1246,0
1324,1249,1
1207,1382,0
1199,1387,0
1203,1391,0
1207,1391,0
1217,1389,0
1232,1383,0
1256,1380,0
1281,1372,0
1314,1370,1
1401,1384,0
1399,1384,0
1406,1395,0
1406,1403,0
1411,1418,0
1419,1440,0
1426,1463,0
1429,1483,0
1435,1503,0
1432,1507,0
1434,1510,0
1431,1508,0
1426,1497,0
1421,1481,0
1412,1459,0
1404,1432,0
1399,1409,0
1403,1392,0
1411,1372,0
1422,1353,0
1445,1342,0
1467,1331,0
1488,1323,0
1510,1320,0
1533,1324,1
1623,1351,0
1621,1347,0
1626,1344,0
1635,1344,0
1648,1344,1
1672,1344,0
1690,1353,0
1707,1368,0
1725,1385,0
1742,1404,0
1757,1422,0
1766,1435,0
1776,1448,0
1778,1452,0
1777,1452,0
1774,1449,0
1766,1440,0
1756,1427,0
1741,1413,0
1717,1399,0
1693,1392,0
1670,1390,0
1656,1397,0
1640,1409,0
1627,1432,0
1614,1459,0
1606,1480,0
1610,1496,0
1622,1503,0
1638,1501,0
1664,1494,0
1690,1478,0
1714,1458,1
1791,1310,0
1791,1310,0
1793,1318,0
1800,1337,0
1804,1358,0
1813,1386,0
1821,1414,0
1825,1439,0
1830,1464,0
1833,1476,0
1834,1479,0
1832,1476,0
1833,1471,0
1826,1452,0
1821,1431,0
1811,1405,0
1811,1387,0
1810,1369,0
1814,1352,0
1827,1339,0
1841,1326,0
1863,1320,0
1886,1319,0
1903,1321,0
1925,1331,0
1944,1347,0
1960,1369,0
1973,1394,0
1982,1418,0
1995,1443,0
2002,1457,0
2012,1465,0
2020,1464,1
2060,1240,0
2064,1237,0
2061,1234,0
2063,1237,0
2064,1248,0
2065,1269,0
2062,1293,0
2063,1324,0
2057,1354,0
2060,1393,0
2055,1423,0
2051,1446,0
2053,1464,0
2055,1474,0
2054,1474,0
2058,1471,0
2060,1459,1
2152,1319,0
2149,1317,0
2153,1319,0
2148,1318,0
2145,1325,0
2135,1336,0
2116,1346,0
2099,1361,0
2084,1379,0
2070,1396,0
2065,1415,0
2060,1429,0
2067,1445,0
2075,1454,0
2092,1460,0
2113,1459,0
2139,1453,0
2167,1450,0
2194,1449,0
2211,1449,0
2222,1451,1
2526,1195,0
2525,1196,0
2523,1197,0
2523,1206,0
2527,1228,0
2535,1257,0
2536,1288,0
2541,1328,0
2549,1368,0
2556,1404,0
2562,1435,0
2567,1459,0
2565,1474,0
2566,1479,0
2571,1479,0
2573,1470,0
2582,1454,1
2635,1213,0
2638,1194,0
2643,1185,0
2642,1181,0
2644,1184,0
2644,1192,0
2649,1213,0
2644,1242,0
2648,1278,0
2653,1312,0
2658,1346,0
2668,1379,0
2675,1404,0
2685,1423,0
2685,1429,0
2687,1433,0
2684,1430,0
2679,1423,0
2663,1411,0
2649,1397,1
2566,1361,0
2566,1360,0
2572,1359,0
2577,1353,0
2591,1348,0
2610,1343,0
2634,1339,0
2657,1334,0
2683,1332,0
2702,1332,0
2722,1332,0
2745,1334,1
2859,1338,0
2866,1336,0
2869,1331,0
2864,1323,0
2859,1316,0
2849,1308,0
2837,1305,0
2815,1303,0
2798,1307,0
2781,1317,0
2767,1331,0
2762,1353,0
2759,1377,0
2763,1399,0
2774,1412,0
2793,1420,0
2813,1420,0
2833,1411,0
2853,1397,0
2865,1379,0
2879,1359,0
2888,1337,0
2891,1317,0
2897,1309,1
2941,1281,0
2938,1281,0
2948,1288,0
2946,1298,0
2953,1318,0
2956,1341,0
2960,1366,0
2963,1391,0
2969,1411,0
2967,1421,0
2966,1422,0
2967,1421,0
2964,1411,0
2965,1395,0
2960,1372,0
2958,1346,0
2958,1324,0
2963,1308,0
2971,1295,0
2986,1285,0
3000,1278,0
3016,1273,0
3037,1269,0
3057,1266,0
3072,1264,1
3115,1269,0
3116,1283,0
3124,1303,0
3134,1325,0
3138,1349,0
3147,1374,0
3150,1394,0
3150,1409,0
3153,1418,0
3153,1418,0
3151,1416,0
3150,1408,0
3142,1390,0
3136,1369,0
3129,1348,0
3131,1331,0
3131,1314,0
3134,1299,0
3145,1288,0
3155,1278,0
3172,1273,0
3187,1269,0
3210,1269,0
3226,1271,0
3243,1274,1
3307,1289,0
3305,1284,0
3303,1279,0
3305,1275,0
3312,1271,1
3322,1269,0
3332,1274,0
3342,1281,0
3358,1294,0
3369,1309,0
3387,1327,0
3399,1347,0
3407,1365,0
3417,1381,0
3421,1391,0
3420,1394,0
3420,1394,0
3420,1392,0
3415,1385,0
3404,1372,0
3389,1358,0
3368,1346,0
3349,1341,0
3333,1344,0
3312,1349,0
3292,1362,0
3273,1380,0
3255,1397,0
3247,1410,0
3251,1418,0
3262,1423,0
3276,1421,0
3296,1412,0
3322,1399,0
3341,1381,0
3364,1362,0
3383,1343,1
3455,1189,0
3452,1194,0
3452,1206,0
3453,1223,0
3457,1245,0
3462,1271,0
3467,1299,0
3471,1327,0
3468,1351,0
3469,1369,0
3468,1378,0
3470,1383,0
3470,1383,0
3468,1380,0
3472,1371,0
3479,1356,0
3495,1341,0
3511,1328,0
3529,1317,0
3549,1311,0
3572,1311,0
3591,1316,0
3604,1325,0
3616,1339,0
3621,1355,0
3620,1369,0
3615,1380,0
3602,1387,0
3590,1393,0
3571,1395,0
3549,1394,0
3528,1392,0
3501,1385,0
3482,1377,0
3469,1369,0
3464,1360,0
3465,1348,0
3472,1334,0
3489,1319,0
3511,1308,0
3534,1297,1
3677,1259,0
3674,1265,0
3674,1276,0
3676,1293,0
3680,1313,0
3680,1333,0
3684,1353,0
3684,1371,0
3684,1382,1
3676,1189,0
3677,1186,0
3678,1184,0
3678,1184,0
3677,1184,1
3774,1254,0
3771,1264,0
3773,1280,0
3773,1299,0
3775,1317,0
3781,1334,0
3783,1349,0
3782,1360,0
3780,1365,0
3780,1365,0
3774,1358,0
3775,1347,0
3765,1329,0
3760,1310,0
3759,1290,0
3766,1276,0
3776,1263,0
3785,1249,0
3802,1240,0
3826,1233,0
3849,1230,0
3870,1231,0
3889,1237,0
3910,1247,0
3922,1262,0
3936,1281,0
3946,1300,0
3946,1320,0
3952,1340,0
3953,1356,0
3954,1364,0
3957,1367,0
3962,1366,1
4021,1327,0
4021,1327,0
4022,1327,0
4017,1325,0
4013,1325,1
4257,1138,0
4256,1140,0
4261,1153,0
4258,1173,0
4261,1201,0
4268,1234,0
4270,1266,0
4277,1295,0
4286,1317,0
4290,1330,0
4291,1339,0
4294,1341,0
4290,1339,1
4176,1166,1
4165,1149,0
4172,1144,0
4177,1138,0
4199,1134,0
4226,1131,0
4256,1128,0
4289,1127,0
4318,1128,0
4343,1129,0
4359,1131,0
4369,1137,0
4367,1145,1
4238,1271,0
4246,1271,0
4256,1267,0
4283,1264,0
4310,1259,0
4341,1254,0
4367,1251,0
4385,1249,0
4397,1251,1
4449,1231,0
4446,1230,0
4445,1231,0
4448,1237,0
4444,1251,0
4445,1272,0
4447,1293,0
4452,1312,0
4460,1327,0
4462,1333,0
4462,1334,0
4463,1332,0
4458,1322,0
4455,1306,0
4448,1288,0
4442,1266,0
4436,1247,0
4437,1232,0
4441,1218,0
4449,1206,0
4469,1194,0
4489,1184,0
4521,1178,0
4547,1173,0
4568,1172,0
4584,1173,0
4599,1179,0
4609,1187,0
4615,1196,1
4640,1212,0
4644,1210,0
4654,1204,0
4656,1199,0
4660,1199,0
4671,1203,0
4678,1211,0
4687,1223,0
4702,1240,0
4714,1258,0
4724,1276,0
4733,1290,0
4738,1300,0
4745,1306,0
4745,1305,0
4742,1302,0
4733,1291,0
4719,1278,0
4700,1264,0
4678,1253,0
4657,1251,0
4630,1255,0
4606,1269,0
4579,1286,0
4565,1304,0
4565,1316,0
4571,1324,0
4591,1329,0
4613,1325,0
4642,1313,0
4667,1299,0
4694,1281,1
4772,1168,0
4776,1169,0
4772,1172,0
4776,1186,0
4782,1206,0
4792,1232,0
4797,1257,0
4804,1280,0
4814,1299,0
4820,1307,0
4823,1312,0
4827,1310,1
4809,1245,0
4805,1230,0
4809,1218,0
4811,1207,0
4822,1198,0
4837,1190,0
4858,1187,0
4879,1186,0
4903,1192,0
4921,1202,0
4936,1221,0
4951,1245,0
4965,1269,0
4980,1289,0
4999,1305,0
5015,1310,1
5144,1220,0
5145,1213,0
5139,1205,0
5136,1201,0
5120,1199,0
5098,1203,0
5079,1213,0
5059,1228,0
5041,1246,0
5036,1264,0
5033,1277,0
5042,1290,0
5055,1300,0
5074,1305,0
5092,1303,0
5118,1299,0
5141,1293,1
5180,1284,0
5188,1284,0
5201,1284,0
5215,1278,0
5238,1269,0
5262,1257,0
5286,1242,0
5303,1226,0
5315,1213,0
5321,1202,0
5318,1196,0
5319,1194,0
5303,1192,0
5286,1195,0
5263,1205,0
5242,1222,0
5224,1242,0
5210,1265,0
5209,1288,0
5212,1304,0
5221,1317,0
5248,1324,0
5277,1326,0
5303,1319,1
5700,1160,0
5697,1158,0
5693,1155,0
5689,1153,0
5673,1153,0
5660,1153,0
5643,1155,0
5627,1158,0
5622,1165,0
5608,1168,0
5602,1176,0
5600,1184,0
5595,1190,0
5598,1194,0
5602,1196,0
5598,1195,0
5602,1194,0
5602,1192,0
5603,1192,0
5603,1192,0
5599,1190,0
5599,1190,0
5603,1192,0
5600,1191,0
5600,1191,0
5603,1190,0
5603,1190,0
5603,1192,0
5607,1191,1