splendid passage
579
1129,4604,0
1129,4604,0
1127,4604,0
1123,4600,0
1112,4596,0
1097,4600,0
1074,4601,0
1047,4604,0
1019,4612,0
992,4628,0
970,4643,0
954,4663,0
948,4678,0
951,4698,0
964,4719,0
984,4739,0
1010,4764,0
1039,4792,0
1071,4817,0
1104,4848,0
1131,4872,0
1150,4896,0
1161,4911,0
1164,4924,0
1158,4932,0
1142,4940,0
1119,4940,0
1090,4936,0
1057,4929,0
1025,4920,0
991,4911,0
965,4903,0
945,4898,0
931,4886,0
926,4879,0
933,4862,0
950,4850,1
1237,4642,0
1239,4654,0
1239,4678,0
1240,4722,0
1239,4770,0
1238,4830,0
1234,4886,0
1230,4938,0
1227,4987,0
1227,5022,0
1226,5038,0
1225,5042,0
1226,5043,0
1227,5026,0
1227,4998,0
1228,4958,0
1230,4914,0
1233,4862,0
1235,4810,0
1240,4758,0
1247,4713,0
1255,4673,0
1268,4644,0
1280,4624,0
1294,4607,0
1309,4606,0
1326,4618,0
1341,4632,0
1353,4652,0
1363,4676,0
1364,4700,0
1363,4727,0
1356,4748,0
1343,4769,0
1329,4786,0
1310,4799,0
1293,4807,0
1275,4809,0
1259,4809,0
1245,4805,0
1235,4801,0
1233,4794,0
1234,4786,0
1236,4774,0
1245,4770,1
1371,4783,0
1377,4783,0
1395,4782,0
1422,4772,0
1452,4753,0
1491,4738,0
1529,4714,0
1567,4686,0
1602,4658,0
1635,4622,0
1663,4590,0
1684,4555,0
1697,4525,0
1697,4497,0
1693,4477,0
1681,4471,0
1664,4465,0
1644,4472,0
1621,4490,0
1598,4518,0
1580,4560,0
1562,4602,0
1554,4655,0
1549,4700,0
1554,4748,0
1567,4787,0
1589,4817,0
1616,4833,0
1650,4842,0
1689,4841,0
1728,4828,0
1768,4813,0
1800,4789,0
1825,4765,0
1840,4737,0
1845,4712,0
1842,4693,0
1833,4678,0
1821,4676,0
1807,4678,0
1792,4688,0
1781,4707,0
1774,4732,0
1773,4756,0
1778,4784,0
1791,4810,0
1807,4828,0
1828,4841,0
1852,4845,0
1878,4840,0
1906,4824,0
1933,4802,0
1963,4777,0
1990,4747,0
2017,4717,0
2041,4695,0
2059,4675,0
2072,4669,0
2080,4671,0
2083,4678,0
2085,4698,0
2083,4723,0
2082,4748,0
2080,4777,0
2079,4801,0
2080,4818,0
2083,4829,0
2084,4833,0
2086,4829,0
2089,4824,0
2096,4806,0
2102,4780,0
2113,4753,0
2130,4724,0
2150,4700,0
2171,4674,0
2193,4657,0
2212,4643,0
2227,4640,0
2237,4641,0
2241,4648,0
2244,4660,0
2243,4681,0
2239,4702,0
2234,4724,0
2232,4749,0
2234,4773,0
2234,4790,0
2238,4801,0
2243,4813,0
2248,4816,0
2251,4815,0
2258,4813,0
2265,4803,0
2275,4792,0
2290,4776,0
2309,4755,0
2332,4740,0
2360,4720,0
2391,4698,0
2424,4685,0
2459,4678,0
2490,4669,0
2514,4661,0
2533,4659,0
2547,4659,0
2550,4657,0
2549,4659,0
2546,4659,0
2543,4660,0
2534,4655,0
2525,4653,0
2511,4649,0
2499,4654,0
2480,4655,0
2462,4665,0
2442,4679,0
2425,4697,0
2408,4714,0
2397,4739,0
2393,4765,0
2395,4789,0
2400,4804,0
2412,4817,0
2427,4830,0
2446,4833,0
2461,4823,0
2476,4806,0
2494,4784,0
2511,4755,0
2528,4719,0
2543,4677,0
2556,4630,0
2568,4589,0
2579,4551,0
2584,4516,0
2589,4492,0
2591,4483,0
2587,4476,0
2587,4485,0
2579,4504,0
2574,4536,0
2570,4579,0
2566,4623,0
2564,4666,0
2569,4707,0
2576,4738,0
2589,4759,0
2610,4773,0
2636,4781,0
2663,4772,0
2692,4757,0
2723,4734,0
2750,4702,0
2774,4677,0
2791,4653,0
2799,4637,0
2803,4631,0
2799,4633,0
2797,4638,0
2789,4658,0
2779,4678,0
2774,4706,0
2771,4734,0
2774,4762,0
2781,4780,0
2794,4793,0
2813,4799,0
2838,4798,0
2864,4783,0
2894,4763,0
2928,4741,0
2963,4714,0
3002,4693,0
3040,4673,0
3074,4652,0
3107,4642,0
3129,4632,0
3147,4633,0
3154,4635,0
3150,4636,0
3146,4637,0
3134,4643,0
3119,4646,0
3067,4647,0
3042,4654,0
3016,4661,0
2992,4671,0
2971,4689,0
2953,4700,0
2944,4722,0
2941,4740,0
2948,4763,0
2957,4781,0
2971,4796,0
2989,4806,0
3010,4816,0
3028,4812,0
3048,4809,0
3066,4792,0
3085,4770,0
3104,4740,0
3127,4704,0
3148,4664,0
3170,4623,0
3189,4578,0
3205,4534,0
3218,4502,0
3227,4476,0
3230,4455,0
3231,4450,0
3228,4451,0
3227,4461,0
3220,4483,0
3211,4510,0
3202,4550,0
3192,4589,0
3188,4640,0
3184,4687,0
3187,4734,0
3195,4769,0
3216,4804,0
3246,4825,0
3281,4831,0
3321,4834,0
3344,4823,0
3355,4804,0
3354,4782,1
2857,4398,0
2850,4393,0
2849,4393,0
2848,4394,0
2847,4394,0
2847,4398,0
2844,4408,0
2840,4418,0
2837,4432,0
2833,4447,0
2830,4466,0
2827,4480,0
2824,4490,1
3614,4640,0
3612,4673,0
3616,4722,0
3619,4771,0
3620,4821,0
3619,4871,0
3619,4916,0
3619,4952,0
3622,4978,0
3624,4990,0
3626,4990,0
3626,4985,0
3629,4970,0
3627,4939,0
3626,4903,0
3622,4859,0
3621,4810,0
3620,4761,0
3616,4703,0
3614,4654,0
3620,4614,0
3626,4579,0
3633,4551,0
3646,4534,0
3664,4524,0
3690,4531,0
3717,4543,0
3749,4562,0
3773,4584,0
3797,4611,0
3813,4639,0
3822,4666,0
3818,4692,0
3805,4719,0
3776,4741,0
3746,4763,0
3708,4770,0
3677,4775,0
3651,4775,0
3630,4764,0
3626,4753,1
4107,4616,0
4118,4603,0
4123,4591,0
4121,4577,0
4113,4568,0
4091,4555,0
4068,4550,0
4041,4549,0
4011,4555,0
3986,4572,0
3962,4593,0
3942,4615,0
3933,4644,0
3936,4676,0
3943,4700,0
3962,4717,0
3986,4729,0
4012,4731,0
4041,4728,0
4066,4715,0
4092,4694,0
4114,4674,0
4128,4644,0
4139,4618,0
4148,4598,0
4147,4584,0
4146,4580,0
4146,4584,0
4139,4594,0
4137,4620,0
4138,4653,0
4140,4681,0
4150,4708,0
4163,4727,0
4182,4739,0
4201,4740,0
4227,4738,0
4255,4723,0
4357,4654,0
4391,4630,0
4426,4604,0
4459,4584,0
4490,4575,0
4564,4603,0
4573,4627,0
4573,4648,0
4535,4727,0
4516,4736,0
4495,4747,0
4476,4751,0
4465,4755,0
4461,4758,0
4463,4756,0
4475,4758,0
4488,4757,0
4502,4752,0
4521,4748,0
4546,4739,0
4571,4729,0
4604,4714,0
4660,4670,0
4688,4649,0
4714,4621,0
4743,4603,0
4763,4582,0
4784,4570,0
4802,4559,0
4822,4558,0
4839,4559,0
4874,4587,0
4893,4613,0
4905,4640,0
4915,4668,0
4917,4693,0
4910,4714,0
4899,4734,0
4885,4751,0
4861,4766,0
4798,4781,0
4782,4783,0
4764,4782,0
4760,4784,0
4763,4784,0
4784,4771,0
4804,4765,0
4825,4758,0
4851,4748,0
4879,4736,0
4911,4719,0
4934,4704,0
4961,4682,0
5023,4643,0
5053,4622,0
5086,4608,0
5122,4603,0
5163,4604,0
5202,4606,0
5238,4610,0
5269,4613,0
5298,4619,0
5315,4620,0
5323,4623,0
5320,4621,0
5312,4618,0
5296,4616,0
5276,4613,0
5245,4610,0
5219,4611,0
5187,4613,0
5154,4623,0
5127,4635,0
5102,4659,0
5093,4683,0
5090,4707,0
5094,4735,0
5107,4751,0
5127,4764,0
5154,4772,0
5182,4775,0
5212,4765,0
5238,4751,0
5269,4728,0
5291,4698,0
5308,4666,0
5314,4637,0
5313,4616,0
5308,4604,0
5302,4599,0
5296,4605,0
5284,4621,0
5278,4649,0
5272,4678,0
5280,4707,0
5291,4731,0
5306,4754,0
5327,4768,0
5351,4772,0
5383,4770,0
5421,4762,0
5461,4746,0
5496,4729,0
5537,4705,0
5578,4683,0
5616,4656,0
5648,4640,0
5665,4628,0
5671,4622,0
5668,4620,0
5651,4625,0
5627,4638,0
5600,4655,0
5577,4678,0
5556,4699,0
5545,4720,0
5551,4731,0
5566,4738,0
5591,4737,0
5614,4726,0
5646,4710,0
5672,4688,0
5701,4666,0
5720,4647,0
5728,4631,0
5725,4623,0
5727,4627,0
5728,4637,0
5726,4663,0
5723,4700,0
5727,4748,0
5735,4797,0
5740,4849,0
5750,4906,0
5755,4962,0
5753,5009,0
5750,5051,0
5733,5084,0
5713,5101,0
5687,5110,0
5665,5108,0
5646,5100,0
5630,5081,0
5624,5054,0
5629,5028,0
5647,4999,0
5677,4965,0
5712,4932,0
5757,4899,0
5807,4866,0
5860,4835,0
5909,4801,0
5954,4766,0
5989,4734,0
6015,4701,0
6031,4671,0
6035,4642,0
6024,4620,0
6004,4600,0
5977,4587,0
5947,4579,0
5918,4582,0
5892,4591,0
5876,4603,0
5870,4621,0
5874,4641,0
5890,4664,0
5914,4680,0
5960,4701,0
6020,4718,0
6090,4731,0
6167,4741,0
6244,4750,0
6323,4758,0
6387,4764,0
6431,4761,0
6459,4755,1