and skilful anatomists.
916
1153,2387,0
1152,2379,0
1153,2376,0
1155,2371,0
1156,2364,0
1155,2355,0
1151,2347,0
1145,2340,0
1136,2333,0
1126,2324,0
1114,2316,0
1101,2313,0
1085,2313,0
1068,2316,0
1051,2321,0
1035,2328,0
1022,2340,0
1012,2355,0
1007,2376,0
1005,2395,0
1007,2415,0
1015,2440,0
1027,2461,0
1042,2476,0
1063,2492,0
1083,2497,0
1102,2497,0
1124,2492,0
1143,2480,0
1161,2463,0
1173,2439,0
1183,2410,0
1190,2378,0
1194,2342,0
1195,2318,0
1195,2298,0
1194,2282,0
1194,2277,0
1192,2273,0
1193,2282,0
1192,2298,0
1196,2326,0
1202,2357,0
1211,2381,0
1225,2404,0
1240,2420,0
1259,2425,0
1278,2424,0
1301,2418,0
1322,2404,0
1343,2385,0
1362,2363,0
1377,2336,0
1391,2314,0
1400,2297,0
1404,2289,0
1403,2288,0
1404,2296,0
1402,2313,0
1400,2338,0
1397,2362,0
1395,2386,0
1394,2407,0
1394,2415,0
1396,2422,0
1397,2422,0
1399,2422,0
1399,2414,0
1401,2390,0
1407,2360,0
1417,2330,0
1429,2296,0
1447,2273,0
1466,2253,0
1481,2239,0
1495,2236,0
1501,2238,0
1505,2250,0
1506,2274,0
1502,2304,0
1499,2340,0
1498,2369,0
1500,2393,0
1509,2412,0
1521,2422,0
1537,2427,0
1556,2427,0
1577,2422,0
1598,2410,0
1620,2392,0
1643,2370,0
1667,2351,0
1691,2333,0
1716,2317,0
1741,2301,0
1768,2292,0
1790,2285,0
1809,2282,0
1819,2279,0
1826,2280,0
1823,2278,0
1822,2282,0
1818,2279,0
1811,2282,0
1795,2279,0
1781,2279,0
1766,2284,0
1747,2290,0
1732,2304,0
1715,2313,0
1703,2329,0
1692,2344,0
1686,2358,0
1689,2379,0
1693,2394,0
1702,2408,0
1715,2417,0
1732,2420,0
1750,2419,0
1770,2413,0
1788,2399,0
1807,2381,0
1826,2361,0
1839,2331,0
1855,2304,0
1864,2271,0
1875,2241,0
1879,2206,0
1889,2180,0
1889,2149,0
1894,2130,0
1898,2116,0
1897,2104,0
1898,2103,0
1893,2101,0
1893,2105,0
1892,2118,0
1892,2140,0
1886,2160,0
1881,2188,0
1874,2216,0
1868,2248,0
1860,2277,0
1857,2312,0
1854,2343,0
1854,2369,0
1857,2388,0
1865,2403,0
1882,2414,0
1907,2417,0
1943,2412,0
1983,2401,0
2019,2391,1
2649,2191,0
2644,2196,0
2637,2201,0
2630,2206,0
2619,2210,0
2610,2216,0
2602,2223,0
2589,2228,0
2576,2232,0
2564,2236,0
2555,2241,0
2548,2247,0
2543,2251,0
2544,2260,0
2545,2268,0
2553,2277,0
2572,2294,0
2587,2307,0
2608,2322,0
2632,2339,0
2659,2360,0
2680,2378,0
2698,2396,0
2707,2408,0
2707,2418,0
2702,2427,0
2685,2434,0
2660,2437,0
2629,2439,0
2590,2436,0
2559,2433,0
2533,2427,0
2514,2418,0
2501,2409,0
2492,2395,0
2492,2381,0
2503,2369,1
2779,2051,0
2779,2051,0
2778,2053,0
2780,2062,0
2784,2079,0
2790,2107,0
2796,2144,0
2796,2186,0
2794,2229,0
2796,2275,0
2794,2312,0
2787,2343,0
2782,2367,0
2779,2385,0
2777,2391,0
2774,2388,0
2779,2390,0
2782,2383,0
2789,2367,0
2802,2347,0
2817,2319,0
2845,2297,0
2871,2275,0
2898,2256,0
2931,2249,0
2952,2241,0
2967,2239,0
2970,2241,0
2965,2245,0
2947,2256,0
2926,2275,0
2900,2292,0
2878,2310,0
2856,2323,0
2847,2336,0
2846,2347,0
2853,2357,0
2866,2362,0
2887,2365,0
2908,2364,0
2932,2359,0
2960,2355,0
2986,2344,0
3012,2332,0
3035,2316,0
3059,2301,0
3074,2280,0
3083,2260,0
3092,2246,0
3096,2236,0
3093,2229,0
3093,2229,0
3088,2228,0
3086,2229,0
3091,2236,0
3086,2246,0
3084,2260,0
3081,2274,0
3080,2291,0
3076,2306,0
3074,2324,0
3071,2338,0
3076,2356,0
3075,2367,0
3081,2377,0
3083,2381,0
3088,2387,0
3095,2391,0
3104,2394,0
3115,2396,0
3124,2393,0
3138,2390,0
3156,2385,0
3174,2379,0
3189,2370,0
3206,2364,0
3222,2359,0
3236,2358,0
3243,2357,0
3240,2354,0
3240,2354,0
3240,2355,0
3240,2355,0
3240,2354,0
3238,2350,1
3119,2041,0
3117,2043,0
3117,2050,0
3119,2065,0
3123,2089,0
3127,2109,0
3137,2128,0
3144,2144,0
3154,2162,1
3238,2350,0
3243,2345,0
3252,2337,0
3259,2324,0
3277,2310,0
3291,2290,0
3304,2265,0
3327,2240,0
3341,2207,0
3355,2174,0
3367,2142,0
3376,2112,0
3380,2083,0
3383,2060,0
3380,2039,0
3372,2024,0
3363,2016,0
3360,2014,0
3352,2016,0
3341,2024,0
3330,2036,0
3320,2055,0
3316,2079,0
3307,2101,0
3301,2126,0
3299,2152,0
3297,2178,0
3296,2204,0
3297,2232,0
3296,2256,0
3298,2277,0
3302,2297,0
3304,2311,0
3308,2324,0
3310,2333,0
3315,2340,0
3320,2347,0
3326,2352,0
3329,2355,0
3332,2357,0
3333,2356,0
3337,2357,0
3341,2359,0
3346,2360,0
3349,2362,0
3354,2364,0
3358,2364,0
3364,2364,0
3366,2362,0
3375,2364,0
3381,2364,0
3388,2363,0
3390,2361,0
3397,2358,0
3404,2357,0
3409,2357,0
3409,2352,0
3415,2352,0
3419,2347,0
3424,2349,0
3426,2345,0
3425,2340,0
3433,2338,0
3437,2334,0
3443,2327,0
3450,2320,0
3463,2311,0
3479,2299,0
3492,2285,0
3510,2270,0
3522,2250,0
3539,2231,0
3555,2210,0
3568,2188,0
3577,2164,0
3589,2142,0
3593,2118,0
3600,2096,0
3602,2074,0
3602,2055,0
3591,2036,0
3584,2024,0
3578,2019,0
3570,2017,0
3558,2019,0
3547,2028,0
3535,2042,0
3524,2063,0
3518,2090,0
3513,2122,0
3510,2158,0
3506,2200,0
3507,2248,0
3501,2293,0
3506,2341,0
3507,2381,0
3514,2421,0
3519,2451,0
3521,2472,0
3522,2483,0
3523,2488,0
3520,2485,0
3517,2476,0
3512,2464,0
3505,2449,0
3506,2437,0
3509,2420,0
3511,2401,0
3522,2383,0
3537,2360,0
3558,2338,0
3576,2309,0
3604,2283,0
3631,2257,0
3653,2229,0
3675,2207,0
3687,2188,0
3698,2179,0
3699,2178,0
3697,2180,0
3692,2192,0
3691,2215,0
3687,2239,0
3689,2261,0
3688,2275,0
3695,2285,0
3706,2292,0
3725,2294,0
3737,2285,0
3756,2274,0
3771,2255,0
3786,2234,0
3797,2213,0
3805,2197,0
3810,2190,0
3809,2191,0
3807,2195,0
3800,2203,0
3802,2227,0
3802,2253,0
3805,2275,0
3815,2295,0
3829,2310,0
3851,2322,0
3875,2323,0
3904,2318,0
3937,2306,0
3969,2285,0
3998,2258,0
4026,2226,0
4051,2195,0
4070,2160,0
4087,2128,0
4097,2099,0
4099,2072,0
4100,2054,0
4092,2038,0
4088,2029,0
4077,2025,0
4067,2025,0
4052,2034,0
4037,2049,0
4024,2070,0
4012,2095,0
3998,2123,0
3991,2156,0
3982,2190,0
3973,2224,0
3969,2258,0
3972,2287,0
3987,2314,0
4005,2335,0
4030,2349,0
4064,2357,0
4104,2357,0
4136,2353,0
4167,2350,1
4583,2215,0
4582,2209,0
4585,2204,0
4586,2195,0
4586,2185,0
4583,2175,0
4579,2166,0
4566,2157,0
4550,2151,0
4530,2147,0
4514,2151,0
4492,2157,0
4478,2173,0
4458,2190,0
4445,2212,0
4435,2235,0
4436,2257,0
4443,2275,0
4457,2291,0
4474,2302,0
4494,2308,0
4514,2304,0
4538,2296,0
4558,2281,0
4582,2264,0
4603,2244,0
4621,2220,0
4630,2197,0
4637,2176,0
4640,2164,0
4638,2159,0
4632,2161,0
4631,2179,0
4628,2201,0
4631,2227,0
4640,2251,0
4654,2268,0
4669,2281,0
4685,2285,0
4705,2284,0
4724,2274,0
4745,2260,0
4770,2243,0
4787,2219,0
4804,2195,0
4816,2174,0
4824,2160,0
4827,2154,0
4831,2154,0
4829,2158,0
4825,2175,0
4824,2201,0
4820,2227,0
4817,2248,0
4817,2265,0
4821,2275,0
4819,2277,0
4819,2277,0
4821,2274,0
4823,2262,0
4830,2241,0
4840,2215,0
4850,2188,0
4870,2168,0
4885,2146,0
4902,2130,0
4912,2119,0
4927,2118,0
4934,2122,0
4939,2130,0
4939,2147,0
4936,2171,0
4933,2193,0
4927,2213,0
4926,2232,0
4930,2249,0
4935,2258,0
4941,2264,0
4949,2265,0
4951,2260,0
4965,2254,0
4975,2242,0
4987,2228,0
4999,2212,0
5014,2193,0
5031,2178,0
5049,2162,0
5067,2150,0
5085,2141,0
5105,2138,0
5128,2136,0
5142,2133,0
5160,2134,0
5168,2135,0
5170,2133,0
5170,2133,0
5168,2134,0
5165,2133,0
5158,2130,0
5144,2130,0
5132,2128,0
5114,2129,0
5094,2133,0
5073,2139,0
5051,2148,0
5031,2159,0
5019,2176,0
5007,2190,0
4998,2208,0
4994,2223,0
4996,2237,0
5002,2251,0
5011,2260,0
5017,2265,0
5028,2270,0
5045,2271,0
5062,2268,0
5074,2259,0
5093,2251,0
5109,2237,0
5123,2226,0
5135,2212,0
5142,2197,0
5150,2182,0
5156,2169,0
5162,2159,0
5165,2152,0
5163,2145,0
5165,2143,0
5160,2142,0
5160,2142,0
5161,2142,0
5159,2146,0
5159,2153,0
5160,2162,0
5156,2171,0
5152,2186,0
5154,2200,0
5151,2215,0
5154,2228,0
5151,2241,0
5155,2252,0
5163,2262,0
5169,2269,0
5180,2274,0
5192,2277,0
5208,2280,0
5223,2277,0
5238,2275,0
5255,2268,0
5272,2259,0
5284,2244,0
5301,2229,0
5315,2210,0
5334,2189,0
5347,2169,0
5364,2144,0
5380,2118,0
5388,2090,0
5404,2064,0
5416,2036,0
5429,2016,0
5432,1997,0
5436,1986,0
5435,1979,0
5435,1981,0
5435,1982,0
5430,1994,0
5426,2012,0
5423,2041,0
5421,2075,0
5413,2111,0
5410,2147,0
5407,2184,0
5405,2214,0
5402,2241,0
5401,2260,0
5398,2275,0
5402,2285,0
5399,2282,0
5399,2282,0
5389,2275,0
5382,2264,0
5370,2251,0
5361,2242,0
5353,2232,0
5351,2225,0
5350,2219,0
5349,2210,0
5365,2206,0
5379,2203,0
5402,2193,0
5430,2189,0
5470,2181,0
5508,2173,0
5544,2163,0
5582,2156,0
5607,2148,0
5621,2147,0
5626,2145,0
5621,2147,0
5615,2149,0
5594,2158,0
5577,2166,0
5552,2183,0
5537,2196,0
5524,2215,0
5513,2229,0
5517,2249,0
5525,2263,0
5533,2271,0
5552,2277,0
5578,2280,0
5601,2278,0
5631,2271,0
5658,2260,0
5681,2248,0
5696,2233,0
5704,2216,0
5703,2198,0
5697,2182,0
5682,2164,0
5670,2153,0
5652,2144,0
5636,2141,0
5624,2140,0
5618,2144,0
5616,2147,0
5619,2152,0
5634,2157,0
5650,2159,0
5674,2154,0
5701,2152,0
5723,2142,0
5750,2139,0
5769,2134,0
5779,2133,0
5791,2135,0
5796,2142,0
5795,2157,0
5788,2174,0
5788,2193,0
5780,2212,0
5774,2226,0
5777,2238,0
5775,2244,0
5776,2248,0
5781,2250,0
5782,2247,0
5786,2239,0
5792,2223,0
5801,2203,0
5815,2181,0
5832,2160,0
5848,2145,0
5866,2130,0
5877,2125,0
5885,2125,0
5896,2133,0
5903,2147,0
5900,2164,0
5897,2182,0
5897,2201,0
5897,2213,0
5897,2223,0
5899,2227,0
5903,2229,0
5903,2228,0
5908,2217,0
5919,2200,0
5931,2183,0
5950,2159,0
5962,2137,0
5979,2118,0
5998,2105,0
6010,2094,0
6020,2091,0
6020,2089,0
6027,2096,0
6019,2104,0
6020,2122,0
6013,2142,0
6005,2162,0
6002,2180,0
6003,2198,0
6007,2210,0
6011,2219,0
6022,2225,0
6033,2229,0
6044,2226,0
6058,2219,0
6076,2210,0
6090,2197,0
6104,2181,0
6119,2168,0
6130,2149,0
6135,2136,0
6145,2121,0
6150,2111,0
6151,2106,0
6148,2104,0
6148,2105,0
6147,2107,0
6144,2113,0
6145,2123,0
6136,2137,0
6133,2153,0
6127,2169,0
6128,2187,0
6123,2200,0
6126,2216,0
6129,2228,0
6138,2237,0
6144,2243,0
6155,2247,0
6168,2248,0
6181,2248,0
6191,2245,0
6202,2240,0
6209,2231,0
6216,2227,0
6223,2219,0
6225,2214,0
6232,2207,0
6234,2203,0
6239,2198,0
6241,2195,0
6237,2193,0
6237,2193,0
6242,2195,0
6241,2197,0
6241,2197,0
6237,2197,0
6237,2195,0
6241,2197,0
6242,2193,0
6243,2190,0
6245,2184,0
6252,2178,0
6255,2170,0
6262,2164,0
6270,2155,0
6277,2147,0
6281,2137,0
6287,2131,0
6294,2125,0
6299,2123,0
6300,2121,0
6304,2120,0
6305,2121,0
6311,2125,0
6310,2126,0
6317,2133,0
6323,2140,0
6328,2148,0
6332,2159,0
6341,2172,0
6343,2185,0
6348,2196,0
6352,2207,0
6348,2217,0
6346,2225,0
6334,2234,0
6318,2240,0
6302,2247,0
6285,2248,0
6276,2250,0
6275,2251,0
6271,2248,0
6276,2248,0
6281,2246,0
6292,2241,0
6307,2237,0
6319,2228,0
6334,2219,0
6353,2207,0
6371,2193,0
6386,2175,0
6401,2158,0
6417,2138,0
6430,2116,0
6442,2092,0
6451,2069,0
6463,2047,0
6465,2026,0
6476,2009,0
6481,1994,0
6484,1983,0
6486,1978,0
6486,1977,0
6486,1979,0
6483,1986,0
6478,2000,0
6468,2019,0
6459,2045,0
6446,2070,0
6436,2099,0
6428,2131,0
6425,2163,0
6421,2195,0
6423,2222,0
6437,2244,0
6457,2260,0
6480,2266,0
6505,2266,0
6534,2260,0
6550,2250,0
6556,2232,1
6348,2094,0
6349,2092,0
6360,2096,0
6376,2100,0
6404,2105,0
6428,2109,0
6464,2113,0
6498,2114,0
6536,2115,0
6572,2109,0
6603,2105,0
6630,2099,0
6654,2094,0
6669,2086,0
6679,2083,0
6679,2082,0
6678,2084,0
6679,2084,0
6683,2094,0
6695,2108,0
6706,2126,0
6722,2142,0
6744,2162,0
6771,2183,0
6793,2205,0
6811,2225,0
6818,2241,0
6810,2253,0
6793,2264,0
6764,2272,0
6729,2273,0
6688,2270,0
6652,2262,1
6215,1867,0
6215,1868,0
6215,1867,0
6214,1872,0
6213,1886,0
6206,1908,0
6197,1932,0
6189,1958,0
6181,1980,1
6970,2254,0
6968,2251,0
6972,2249,0
6972,2249,0
6969,2259,1