the babies. Also, when called upon to do
673
579,4201,0
576,4213,0
574,4234,0
571,4257,0
569,4289,0
566,4321,0
563,4357,0
562,4393,0
561,4425,0
560,4453,0
559,4478,0
558,4489,0
557,4481,1
521,4311,0
523,4315,0
529,4316,0
540,4321,0
557,4332,0
576,4334,0
596,4337,0
616,4339,0
634,4345,1
719,4200,0
715,4216,0
709,4235,0
699,4263,0
692,4295,0
686,4326,0
682,4357,0
681,4386,0
680,4409,0
681,4430,0
683,4442,0
687,4442,0
690,4439,0
695,4431,0
703,4416,0
709,4401,0
716,4377,0
726,4362,0
738,4343,0
747,4331,0
753,4324,0
758,4333,0
762,4333,0
767,4349,0
772,4369,0
773,4386,0
775,4409,0
775,4426,0
778,4446,1
859,4347,0
861,4350,0
867,4355,0
876,4359,0
890,4365,0
904,4360,0
921,4354,0
936,4350,0
948,4338,0
954,4331,0
957,4322,0
957,4315,0
953,4311,0
944,4302,0
933,4302,0
919,4301,0
902,4312,0
884,4324,0
870,4343,0
861,4362,0
859,4379,0
864,4399,0
875,4411,0
892,4425,0
915,4433,0
941,4430,0
970,4427,0
1000,4416,0
1034,4396,1
1205,4179,0
1204,4187,0
1202,4207,0
1201,4227,0
1196,4251,0
1196,4283,0
1193,4315,0
1191,4343,0
1191,4367,0
1192,4383,0
1193,4387,0
1195,4391,0
1196,4391,0
1197,4379,0
1202,4367,0
1207,4350,0
1213,4326,0
1223,4310,0
1234,4294,0
1244,4277,0
1255,4268,0
1266,4260,0
1280,4259,0
1290,4263,0
1298,4275,0
1304,4286,0
1306,4307,0
1303,4331,0
1296,4350,0
1282,4372,0
1262,4389,0
1241,4406,0
1220,4410,0
1204,4407,0
1197,4403,0
1196,4395,0
1208,4378,1
1403,4316,0
1392,4329,0
1389,4341,0
1392,4353,0
1398,4356,0
1435,4350,0
1445,4333,0
1457,4320,0
1468,4306,0
1475,4297,0
1482,4285,0
1485,4280,0
1486,4280,0
1468,4382,0
1471,4394,0
1476,4402,0
1483,4393,1
1557,4293,0
1553,4310,0
1551,4330,0
1551,4333,0
1552,4342,0
1552,4338,0
1555,4338,0
1559,4321,0
1569,4304,0
1582,4294,0
1592,4277,0
1604,4263,0
1619,4249,0
1628,4240,0
1638,4339,0
1619,4354,0
1602,4372,0
1565,4384,1
1730,4297,0
1733,4305,0
1741,4316,0
1751,4327,0
1767,4336,0
1785,4340,0
1807,4346,0
1826,4347,0
1838,4328,1
1851,4317,0
1845,4326,0
1833,4345,0
1818,4367,0
1797,4401,0
1726,4500,0
1712,4519,1
2011,4293,0
1999,4299,0
1981,4303,0
1964,4319,0
1949,4326,0
1941,4332,0
1935,4333,0
1935,4338,0
1942,4344,0
1952,4350,0
1963,4352,0
1975,4362,0
1986,4372,0
1995,4382,0
2002,4397,0
2002,4406,0
2000,4418,0
1990,4424,0
1979,4431,0
1963,4435,0
1945,4430,1
2102,4452,0
2098,4441,0
2096,4437,0
2096,4437,0
2094,4433,1
2334,4198,0
2318,4227,0
2301,4266,0
2286,4308,0
2264,4402,1
2400,4156,0
2398,4186,0
2396,4216,1
2507,4140,0
2501,4164,0
2493,4191,0
2485,4228,0
2480,4268,0
2560,4355,1
2649,4232,0
2644,4230,0
2633,4229,0
2622,4237,0
2610,4246,0
2603,4258,0
2599,4263,0
2601,4272,0
2608,4282,0
2619,4295,0
2628,4295,0
2643,4303,0
2661,4317,0
2675,4329,0
2684,4343,0
2688,4355,0
2683,4369,0
2675,4380,0
2663,4389,0
2644,4387,0
2630,4401,0
2614,4403,0
2601,4403,0
2593,4394,0
2602,4386,1
2817,4263,0
2798,4284,0
2782,4304,0
2774,4328,0
2770,4338,0
2778,4349,0
2792,4352,0
2816,4355,0
2833,4335,0
2860,4324,0
2877,4307,0
2888,4285,0
2893,4266,1
2948,4385,0
2936,4394,0
2924,4413,0
2905,4422,0
2895,4443,1
3134,4244,0
3137,4247,0
3136,4248,0
3136,4252,0
3136,4261,0
3139,4273,0
3141,4290,0
3143,4307,0
3145,4328,0
3146,4350,0
3149,4367,0
3152,4378,0
3154,4386,0
3159,4388,0
3161,4387,0
3166,4385,0
3173,4372,0
3181,4350,0
3189,4332,0
3199,4314,0
3206,4301,0
3218,4291,0
3223,4284,0
3231,4285,0
3238,4290,0
3241,4302,0
3241,4320,0
3239,4343,0
3238,4371,0
3243,4391,0
3244,4399,0
3251,4405,0
3259,4405,0
3277,4391,0
3295,4364,0
3320,4342,0
3339,4312,0
3356,4285,0
3368,4269,0
3367,4242,0
3369,4232,1
3433,4126,0
3433,4139,0
3432,4159,0
3431,4183,0
3428,4212,0
3431,4248,0
3426,4278,0
3422,4303,0
3424,4326,0
3424,4339,0
3427,4346,0
3428,4345,0
3432,4344,0
3440,4331,0
3450,4315,0
3461,4299,0
3467,4282,0
3483,4278,0
3492,4267,0
3507,4263,0
3522,4264,0
3531,4268,0
3541,4285,0
3544,4302,0
3542,4322,0
3549,4350,0
3548,4369,0
3551,4381,0
3559,4395,1
3632,4295,0
3642,4298,0
3654,4296,0
3665,4289,0
3679,4280,0
3693,4271,0
3710,4260,0
3728,4249,0
3744,4243,0
3742,4225,0
3749,4221,0
3742,4215,0
3731,4213,0
3714,4219,0
3696,4231,0
3675,4249,0
3656,4271,0
3641,4295,0
3637,4316,0
3631,4324,0
3642,4340,0
3657,4350,0
3678,4355,0
3696,4350,0
3723,4347,0
3742,4335,0
3762,4322,0
3781,4309,0
3795,4291,1
3829,4220,0
3835,4235,0
3836,4254,0
3834,4275,0
3832,4300,0
3831,4320,0
3826,4333,0
3829,4345,0
3833,4352,0
3838,4354,0
3837,4345,0
3848,4337,0
3858,4321,0
3867,4305,0
3872,4283,0
3888,4271,0
3899,4264,0
3907,4254,0
3917,4252,0
3929,4258,0
3937,4271,0
3942,4283,0
3945,4300,0
3953,4319,0
3959,4335,1
4272,4238,0
4270,4245,0
4261,4247,0
4253,4253,0
4237,4261,0
4217,4275,0
4194,4293,0
4181,4313,0
4179,4329,0
4180,4338,0
4188,4347,0
4201,4352,0
4220,4353,1
4422,4256,0
4418,4254,0
4413,4258,0
4408,4268,0
4391,4271,0
4385,4286,0
4369,4294,0
4370,4308,0
4374,4316,0
4377,4318,0
4380,4316,0
4396,4319,0
4400,4311,0
4414,4309,0
4426,4300,0
4439,4289,0
4444,4275,0
4457,4269,0
4461,4261,0
4465,4263,0
4459,4258,0
4463,4268,0
4460,4282,0
4456,4301,0
4449,4316,0
4451,4331,0
4453,4340,0
4463,4346,0
4461,4338,1
4556,4180,0
4549,4207,0
4541,4231,0
4536,4261,0
4533,4290,0
4534,4319,0
4538,4343,0
4541,4355,0
4552,4362,1
4638,4177,0
4625,4200,0
4621,4229,0
4606,4254,0
4612,4285,0
4615,4309,0
4628,4329,0
4644,4343,0
4657,4346,1
4715,4270,0
4723,4273,0
4736,4277,0
4747,4273,0
4762,4271,0
4768,4259,0
4773,4250,0
4781,4242,0
4787,4238,0
4788,4225,0
4789,4218,0
4790,4213,0
4782,4208,0
4778,4207,0
4768,4211,0
4760,4229,0
4735,4242,0
4729,4263,0
4719,4281,0
4718,4299,0
4722,4316,0
4733,4328,0
4751,4334,0
4780,4341,0
4804,4336,1
4963,4266,0
4945,4259,0
4938,4266,0
4919,4268,0
4910,4282,0
4897,4293,0
4898,4309,0
4891,4316,0
4900,4329,0
4908,4338,0
4919,4339,0
4922,4330,0
4944,4326,0
4960,4312,0
4972,4289,0
4990,4272,0
5006,4246,0
5011,4213,0
5028,4196,0
5037,4183,0
5038,4176,0
5034,4169,0
5036,4172,0
5023,4174,0
5019,4199,0
5009,4226,0
5005,4263,0
4992,4287,0
4992,4319,1
5246,4238,0
5251,4244,0
5245,4251,0
5245,4268,0
5241,4290,0
5235,4307,0
5229,4324,0
5239,4348,0
5235,4358,0
5248,4374,0
5248,4374,0
5262,4377,0
5267,4366,0
5285,4353,0
5298,4334,0
5309,4311,0
5322,4287,0
5337,4266,0
5349,4253,0
5357,4244,0
5354,4242,0
5357,4244,0
5357,4256,0
5350,4275,0
5343,4299,0
5337,4323,0
5335,4348,0
5338,4368,0
5337,4381,1
5443,4270,0
5438,4292,0
5439,4321,0
5436,4354,0
5424,4382,0
5409,4408,0
5406,4436,0
5405,4454,0
5405,4460,0
5400,4454,0
5409,4449,0
5411,4424,0
5421,4402,0
5428,4373,0
5444,4350,0
5455,4321,0
5476,4299,0
5488,4280,0
5506,4273,0
5515,4269,0
5517,4267,0
5519,4276,0
5522,4292,0
5501,4301,0
5493,4316,0
5479,4324,0
5475,4336,0
5465,4334,0
5465,4329,1
5636,4273,0
5639,4275,0
5629,4275,0
5621,4283,0
5598,4285,0
5590,4300,0
5586,4316,0
5591,4328,0
5618,4334,0
5635,4334,0
5656,4328,0
5673,4321,0
5686,4307,0
5689,4297,0
5693,4287,0
5684,4274,1
5766,4270,0
5764,4286,0
5760,4302,0
5762,4325,0
5761,4337,0
5762,4341,0
5767,4342,0
5774,4336,0
5783,4325,0
5795,4311,0
5808,4296,0
5818,4284,0
5831,4275,0
5843,4275,0
5848,4274,0
5856,4283,0
5860,4292,0
5868,4307,0
5879,4318,0
5886,4328,0
5893,4332,1
6112,4123,0
6117,4136,0
6116,4150,0
6114,4172,0
6114,4198,0
6116,4228,0
6119,4261,0
6117,4289,0
6120,4317,1
6044,4203,0
6046,4200,0
6049,4203,0
6056,4200,0
6075,4202,0
6097,4200,0
6123,4200,0
6148,4200,0
6169,4200,1
6272,4256,0
6269,4254,0
6268,4256,0
6259,4260,0
6247,4270,0
6235,4290,0
6220,4309,0
6218,4331,0
6223,4350,0
6232,4363,0
6247,4372,0
6262,4372,0
6285,4369,0
6306,4362,0
6324,4352,0
6339,4338,0
6347,4324,0
6351,4311,0
6348,4301,0
6350,4299,0
6348,4296,1
6601,4287,0
6597,4286,0
6593,4285,0
6583,4285,0
6569,4290,0
6557,4299,0
6540,4309,0
6528,4325,0
6520,4341,0
6517,4352,0
6524,4362,0
6532,4365,0
6547,4365,0
6563,4357,0
6579,4343,0
6601,4326,0
6626,4308,0
6643,4285,0
6663,4265,0
6676,4246,0
6688,4229,0
6697,4218,0
6696,4205,0
6700,4199,0
6695,4193,0
6700,4199,0
6692,4210,0
6679,4229,0
6669,4256,0
6653,4285,0
6647,4311,0
6644,4336,0
6647,4358,1
6829,4294,0
6820,4286,0
6816,4284,0
6802,4283,0
6792,4290,0
6776,4299,0
6764,4315,0
6756,4333,0
6750,4349,0
6756,4367,0
6761,4374,0
6770,4375,0
6787,4373,0
6799,4362,0
6810,4348,0
6821,4333,0
6829,4315,1