but he joined the choir. Most of
447
834,2262,0
830,2258,0
832,2251,0
844,2239,0
861,2217,0
885,2195,0
912,2178,0
939,2168,0
962,2169,1
981,2203,0
976,2226,0
962,2253,0
943,2280,0
921,2299,0
906,2306,0
894,2297,0
886,2276,0
886,2256,0
891,2240,0
899,2221,0
912,2202,1
1078,2221,0
1076,2248,0
1076,2260,0
1080,2265,0
1088,2265,0
1102,2256,0
1119,2241,0
1138,2224,0
1155,2212,0
1168,2207,0
1177,2215,0
1181,2226,0
1185,2246,0
1188,2254,0
1196,2258,0
1200,2249,0
1206,2241,1
1245,2150,0
1246,2154,0
1252,2157,0
1266,2160,0
1286,2154,1
1306,2055,0
1304,2076,0
1303,2108,0
1302,2149,0
1298,2185,1
1708,1995,0
1710,2008,0
1708,2029,0
1710,2067,0
1710,2109,1
1705,2211,0
1706,2228,0
1712,2234,0
1725,2235,0
1742,2225,0
1761,2206,0
1784,2186,0
1810,2172,1
1853,2177,0
1856,2184,0
1865,2198,0
1870,2200,1
1899,2198,0
1900,2197,0
1906,2195,0
1917,2190,0
1929,2176,1
1980,2114,0
1976,2108,0
1971,2106,0
1959,2106,0
1947,2117,0
1928,2129,0
1915,2157,0
1901,2184,0
1896,2203,0
1906,2221,0
1918,2224,0
1939,2224,1
2255,2109,0
2252,2106,0
2253,2106,0
2258,2108,0
2259,2106,1
2256,2104,0
2260,2106,0
2257,2103,0
2257,2103,0
2260,2106,0
2259,2106,0
2260,2111,0
2262,2123,0
2267,2144,0
2268,2171,0
2268,2208,0
2260,2249,0
2254,2289,0
2246,2330,0
2231,2361,0
2215,2383,0
2202,2394,0
2184,2389,0
2165,2367,0
2154,2333,1
2210,2029,0
2210,2029,0
2214,2031,0
2220,2036,0
2227,2037,1
2434,2087,0
2429,2081,0
2428,2077,0
2422,2071,0
2410,2066,1
2379,2082,0
2358,2101,0
2340,2122,0
2331,2137,0
2330,2147,0
2338,2152,0
2342,2149,0
2357,2144,0
2376,2133,0
2395,2115,0
2415,2096,0
2441,2082,1
2485,2066,0
2495,2073,0
2506,2084,0
2512,2095,0
2518,2111,0
2523,2127,0
2530,2141,0
2533,2149,1
2541,1993,0
2539,1993,0
2536,1991,0
2540,1993,0
2545,1995,1
2657,2015,0
2659,2024,0
2658,2041,0
2659,2065,0
2659,2087,0
2662,2105,0
2665,2118,0
2669,2125,0
2675,2126,0
2683,2119,0
2697,2106,0
2716,2091,0
2736,2079,1
2765,2070,0
2775,2071,0
2783,2076,0
2789,2081,0
2801,2086,0
2813,2085,0
2832,2084,0
2849,2080,1
2881,2062,0
2893,2049,0
2905,2038,0
2907,2026,1
2900,2016,0
2884,2019,0
2873,2030,0
2858,2045,0
2852,2066,0
2849,2080,0
2856,2091,0
2873,2096,1
3110,2052,1
3032,2116,0
3040,2119,0
3050,2114,0
3071,2103,0
3096,2084,0
3117,2056,0
3140,2030,0
3156,2000,0
3173,1974,1
3192,1927,0
3187,1928,0
3175,1942,0
3165,1965,0
3157,1993,0
3160,2020,0
3164,2040,0
3173,2053,1
3431,1968,0
3428,1972,0
3428,1972,0
3436,1975,0
3445,1977,0
3459,1978,0
3474,1978,0
3494,1977,0
3520,1977,0
3541,1974,0
3559,1970,0
3575,1963,0
3584,1956,1
3522,1906,0
3521,1906,0
3525,1915,0
3529,1930,0
3530,1950,0
3529,1978,0
3523,2006,0
3518,2033,0
3520,2056,1
3645,1876,0
3640,1896,0
3635,1925,0
3636,1959,0
3639,1989,0
3641,2014,0
3645,2035,0
3652,2047,0
3662,2052,0
3675,2049,0
3694,2036,0
3713,2017,0
3731,1997,1
3778,1991,0
3791,2001,0
3802,2007,0
3819,2010,0
3836,2007,0
3858,2002,0
3872,1990,0
3887,1980,0
3899,1970,0
3901,1957,0
3907,1949,0
3900,1937,0
3897,1935,0
3882,1935,0
3867,1944,0
3848,1958,0
3836,1979,0
3821,2001,0
3816,2023,0
3816,2037,0
3829,2047,0
3841,2049,0
3861,2048,0
3874,2043,1
4281,1961,0
4268,1959,0
4253,1962,0
4235,1970,0
4217,1985,0
4203,2007,0
4189,2031,0
4186,2053,0
4191,2067,0
4217,2079,0
4244,2079,0
4280,2075,0
4313,2066,1
4411,1870,0
4415,1872,0
4415,1870,0
4420,1872,0
4416,1871,0
4419,1874,0
4416,1878,0
4413,1894,0
4408,1918,0
4401,1942,0
4399,1963,0
4396,1976,0
4401,1985,0
4399,1987,0
4408,1988,0
4415,1983,0
4427,1977,0
4444,1971,0
4455,1968,0
4467,1971,0
4474,1976,0
4476,1979,0
4478,1985,0
4479,1990,0
4481,1995,0
4483,2000,0
4478,2001,0
4478,2002,0
4471,1999,1
4667,1995,0
4665,1988,0
4664,1981,0
4665,1971,0
4661,1961,1
4637,1945,0
4620,1946,0
4599,1953,0
4580,1970,0
4561,1990,0
4556,2008,0
4557,2014,0
4563,2019,0
4582,2021,0
4602,2016,0
4625,2006,0
4645,1993,0
4669,1980,0
4688,1971,0
4703,1967,0
4717,1966,0
4730,1967,0
4739,1965,0
4753,1965,0
4771,1966,1
4806,1993,0
4808,2008,0
4810,2022,0
4814,2031,1
4828,1902,0
4824,1900,0
4824,1900,0
4824,1900,0
4828,1900,1
4898,1941,0
4900,1944,0
4900,1952,0
4907,1968,0
4908,1984,1
4901,2018,0
4900,2019,0
4900,2019,0
4903,2014,0
4905,2000,0
4907,1985,0
4915,1971,0
4920,1960,0
4920,1950,0
4922,1944,0
4929,1939,0
4941,1933,0
4963,1930,0
4983,1926,0
5003,1922,0
5021,1919,1
5108,2010,0
5108,2011,0
5112,2011,0
5116,2011,0
5121,2009,1
5379,1840,0
5376,1838,0
5372,1838,0
5377,1846,0
5376,1862,0
5381,1890,0
5378,1920,0
5380,1958,0
5379,1990,1
5350,1838,0
5356,1834,0
5378,1831,0
5408,1822,0
5444,1817,1
5573,1825,0
5593,1843,0
5600,1870,0
5595,1904,0
5591,1947,0
5583,1989,0
5578,2021,0
5581,2046,1
5769,1954,0
5767,1945,0
5758,1937,0
5742,1934,0
5724,1935,0
5701,1940,0
5673,1956,0
5655,1971,0
5641,1982,0
5651,1991,0
5662,1997,0
5683,1998,0
5711,1992,0
5735,1983,0
5755,1967,0
5766,1959,0
5771,1959,1
5880,1932,0
5878,1922,0
5876,1917,0
5874,1911,0
5863,1908,1
5821,1995,0
5820,2008,0
5817,2015,0
5808,2019,0
5798,2020,0
5783,2017,0
5768,2010,0
5754,2000,1
5923,1916,0
5943,1919,0
5972,1923,0
6001,1925,0
6025,1927,1
5981,1849,0
5978,1856,0
5977,1872,0
5981,1897,0
5972,1923,0
5965,1954,0
5964,1981,0
5967,2004,0
5974,2022,1
6317,1980,0
6319,1973,0
6326,1965,0
6330,1954,0
6329,1943,1
6288,1928,0
6268,1936,0
6245,1952,0
6226,1973,0
6220,1989,0
6224,2002,0
6245,2013,0
6270,2017,1
6526,1894,0
6528,1874,0
6534,1855,0
6535,1839,0
6527,1826,0
6449,2096,0
6449,2122,0
6450,2140,0
6452,2147,1
6430,1891,0
6448,1889,0
6481,1891,0
6527,1893,0
6580,1894,1