One of the students was young
620
1005,1459,0
1001,1470,0
993,1474,0
982,1477,0
974,1488,0
957,1499,0
940,1518,0
923,1544,0
904,1570,0
892,1604,0
880,1640,0
871,1674,0
866,1710,0
868,1746,0
878,1776,0
896,1798,0
921,1817,0
948,1819,0
980,1810,0
1015,1800,0
1047,1776,0
1076,1745,0
1101,1709,0
1121,1672,0
1130,1632,0
1135,1596,0
1127,1560,0
1108,1532,0
1085,1517,0
1061,1505,0
1044,1505,0
1023,1503,0
1013,1511,1
1207,1611,0
1205,1619,0
1205,1628,0
1206,1643,0
1206,1668,0
1202,1696,0
1198,1728,0
1193,1757,0
1192,1781,0
1191,1793,0
1194,1801,0
1195,1800,0
1197,1792,0
1207,1771,0
1220,1746,0
1237,1718,0
1251,1684,0
1267,1662,0
1283,1643,0
1301,1628,0
1315,1614,0
1334,1615,0
1348,1624,0
1358,1643,0
1363,1670,0
1366,1698,0
1370,1730,0
1372,1758,0
1374,1778,1
1486,1642,0
1488,1654,0
1491,1662,0
1500,1672,0
1512,1672,0
1532,1670,0
1553,1660,0
1575,1648,0
1592,1630,0
1607,1616,0
1611,1598,0
1611,1585,0
1605,1574,0
1594,1570,0
1573,1569,0
1551,1576,0
1524,1589,0
1501,1609,0
1482,1635,0
1469,1663,0
1467,1693,0
1466,1713,0
1484,1737,0
1508,1748,0
1542,1754,1
2026,1524,0
2017,1520,0
1993,1517,0
1976,1524,0
1956,1532,0
1937,1549,0
1916,1575,0
1906,1614,0
1892,1649,0
1888,1679,0
1899,1704,0
1922,1720,0
1950,1722,0
1984,1717,0
2018,1701,0
2051,1680,0
2077,1653,0
2098,1624,0
2106,1594,0
2102,1568,0
2095,1548,0
2087,1539,0
2069,1533,0
2062,1537,0
2063,1542,1
2283,1377,0
2273,1364,0
2258,1356,0
2243,1355,0
2229,1361,0
2217,1379,0
2208,1409,0
2194,1449,0
2190,1499,0
2188,1547,0
2193,1594,0
2193,1635,0
2198,1672,1
2130,1527,0
2131,1526,0
2150,1527,0
2179,1523,0
2224,1522,1
2501,1339,0
2504,1348,0
2507,1364,0
2507,1388,0
2511,1421,0
2508,1459,0
2501,1497,0
2497,1535,0
2491,1570,0
2490,1599,0
2492,1619,0
2491,1626,0
2491,1626,0
2493,1623,0
2502,1611,0
2515,1592,0
2519,1564,0
2539,1544,0
2557,1524,0
2572,1508,0
2589,1496,0
2604,1490,0
2623,1492,0
2636,1500,0
2645,1515,0
2642,1532,0
2639,1552,0
2641,1575,0
2639,1590,1
2443,1364,0
2444,1374,0
2442,1394,0
2435,1426,0
2426,1464,0
2424,1508,0
2422,1544,0
2420,1573,0
2422,1598,1
2410,1464,0
2407,1462,0
2408,1462,0
2408,1461,0
2418,1461,1
2751,1545,0
2760,1553,0
2776,1558,0
2796,1559,0
2823,1558,0
2840,1549,0
2857,1539,0
2868,1526,0
2883,1514,0
2890,1502,0
2890,1489,0
2885,1476,0
2876,1468,0
2861,1462,0
2837,1461,0
2813,1471,0
2786,1488,0
2763,1510,0
2746,1539,0
2733,1566,0
2737,1593,0
2750,1609,0
2778,1619,0
2811,1623,0
2842,1622,1
3361,1458,0
3354,1455,0
3337,1452,0
3323,1452,0
3309,1454,0
3294,1456,0
3282,1461,0
3269,1467,0
3271,1477,0
3275,1488,0
3283,1498,0
3296,1508,0
3316,1520,0
3337,1532,0
3358,1544,0
3381,1560,0
3392,1573,0
3406,1589,0
3404,1599,0
3392,1611,0
3375,1623,0
3351,1631,0
3326,1632,0
3299,1629,0
3280,1621,1
3558,1284,0
3549,1305,0
3538,1336,0
3522,1378,0
3507,1424,0
3490,1467,0
3483,1505,0
3479,1535,0
3477,1556,1
3440,1372,0
3440,1372,0
3452,1376,0
3472,1380,0
3503,1382,0
3539,1380,0
3579,1379,0
3604,1373,0
3636,1371,1
3662,1409,0
3657,1411,0
3649,1418,0
3642,1433,0
3631,1454,0
3624,1479,0
3618,1507,0
3614,1532,0
3621,1552,0
3629,1562,0
3637,1564,0
3654,1558,0
3675,1544,0
3695,1523,0
3713,1496,0
3732,1467,0
3747,1438,0
3761,1416,0
3773,1398,0
3782,1389,0
3788,1387,0
3787,1389,0
3781,1402,0
3771,1431,0
3758,1469,0
3749,1505,0
3745,1538,0
3747,1563,0
3752,1580,1
3969,1440,0
3960,1442,0
3940,1448,0
3921,1462,0
3891,1479,0
3874,1504,0
3858,1529,0
3851,1551,0
3850,1563,0
3859,1571,0
3867,1571,0
3885,1563,0
3903,1546,0
3928,1522,0
3951,1491,0
3976,1455,0
3997,1418,0
4012,1382,0
4029,1351,0
4048,1326,0
4056,1305,0
4059,1295,0
4064,1294,0
4064,1294,0
4051,1307,0
4044,1334,0
4035,1368,0
4027,1407,0
4011,1445,0
4005,1477,0
4003,1503,0
4007,1522,0
4020,1534,0
4032,1537,0
4050,1534,0
4074,1522,0
4094,1503,0
4114,1479,0
4128,1456,0
4133,1433,0
4137,1414,0
4143,1401,0
4140,1394,0
4137,1392,0
4132,1396,0
4121,1411,0
4115,1437,0
4106,1467,0
4102,1498,0
4104,1521,0
4114,1538,0
4133,1546,0
4159,1547,0
4184,1539,0
4207,1527,0
4223,1510,0
4242,1487,1
4254,1392,0
4253,1392,0
4251,1398,0
4251,1410,0
4251,1429,0
4243,1450,0
4239,1471,0
4235,1492,0
4228,1508,0
4229,1515,0
4237,1519,0
4234,1515,0
4242,1507,0
4244,1491,0
4250,1467,0
4268,1444,0
4281,1421,0
4296,1403,0
4313,1393,0
4332,1389,0
4344,1390,0
4358,1399,0
4365,1415,0
4367,1440,0
4365,1470,0
4362,1498,0
4366,1521,0
4376,1539,0
4376,1548,1
4517,1245,0
4517,1245,0
4519,1249,0
4514,1266,0
4513,1296,0
4505,1332,0
4500,1372,0
4490,1411,0
4488,1450,0
4490,1479,0
4492,1496,0
4497,1504,0
4497,1504,1
4430,1388,0
4428,1382,0
4435,1376,0
4459,1368,0
4486,1361,0
4517,1357,0
4560,1357,0
4586,1355,0
4620,1355,1
4754,1369,0
4752,1363,0
4745,1360,0
4731,1360,0
4709,1366,0
4689,1375,0
4673,1385,0
4660,1398,0
4652,1409,0
4653,1419,0
4661,1430,0
4672,1435,0
4686,1444,0
4700,1452,0
4706,1461,0
4702,1470,0
4695,1479,0
4678,1490,0
4657,1502,0
4644,1513,0
4620,1520,1
4964,1340,0
4969,1339,0
4969,1339,0
4980,1344,0
4973,1354,0
4980,1372,0
4973,1395,0
4977,1421,0
4973,1446,0
4981,1473,0
4987,1494,0
4992,1505,0
4994,1508,0
4999,1507,0
5003,1495,0
5022,1476,0
5031,1450,0
5050,1428,0
5060,1411,0
5072,1399,0
5069,1395,0
5073,1395,0
5067,1399,0
5075,1417,0
5072,1438,0
5069,1463,0
5065,1485,0
5069,1501,0
5074,1512,0
5081,1515,0
5086,1510,0
5101,1493,0
5111,1462,0
5135,1425,0
5152,1382,0
5170,1348,0
5182,1324,1
5371,1390,0
5361,1382,0
5359,1374,0
5343,1370,0
5330,1370,0
5315,1380,0
5302,1397,0
5276,1417,0
5264,1440,0
5257,1461,0
5266,1474,0
5269,1479,0
5285,1480,0
5296,1473,0
5317,1459,0
5331,1438,0
5355,1414,0
5364,1386,0
5374,1364,0
5382,1352,0
5384,1344,0
5384,1344,0
5387,1347,0
5378,1365,0
5373,1395,0
5359,1432,0
5355,1472,0
5341,1503,0
5345,1529,1
5569,1334,0
5570,1329,0
5562,1326,0
5554,1326,0
5535,1333,0
5516,1344,0
5500,1358,0
5488,1372,0
5477,1383,0
5477,1394,0
5483,1405,0
5496,1414,0
5514,1425,0
5541,1433,0
5563,1445,0
5588,1458,0
5600,1473,0
5614,1485,0
5612,1494,0
5604,1505,0
5581,1512,0
5561,1522,0
5530,1531,0
5506,1537,0
5472,1537,1
5839,1359,0
5839,1372,0
5855,1391,0
5870,1412,0
5885,1435,0
5895,1458,0
5912,1474,0
5919,1479,0
5935,1480,1
5994,1345,0
5991,1356,0
5986,1379,0
5962,1413,0
5938,1455,0
5909,1500,0
5885,1541,0
5862,1576,0
5853,1607,1
6119,1356,0
6112,1351,0
6095,1353,0
6081,1361,0
6061,1376,0
6047,1399,0
6032,1426,0
6030,1451,0
6032,1474,0
6042,1486,0
6057,1488,0
6080,1483,0
6100,1467,0
6119,1444,0
6133,1418,0
6139,1391,0
6137,1369,0
6132,1356,0
6121,1350,0
6109,1351,0
6098,1357,1
6213,1339,0
6206,1351,0
6202,1370,0
6191,1397,0
6189,1423,0
6175,1447,0
6182,1467,0
6184,1476,0
6204,1480,0
6213,1474,0
6230,1460,0
6247,1443,0
6268,1422,0
6285,1400,0
6300,1376,0
6311,1362,0
6317,1350,0
6326,1348,0
6326,1348,0
6329,1353,0
6326,1366,0
6320,1394,0
6313,1423,0
6309,1455,0
6314,1483,1
6407,1352,0
6407,1353,0
6405,1361,0
6410,1376,0
6410,1394,0
6401,1416,0
6399,1440,0
6394,1459,0
6395,1473,0
6399,1478,0
6411,1476,0
6414,1465,0
6426,1446,0
6440,1427,0
6457,1407,0
6471,1394,0
6478,1382,0
6488,1377,0
6496,1377,0
6503,1383,0
6504,1395,0
6507,1416,0
6510,1440,0
6513,1464,0
6518,1477,1
6746,1398,0
6739,1389,0
6737,1383,0
6722,1374,0
6707,1369,0
6686,1368,0
6669,1372,0
6641,1387,0
6626,1401,0
6616,1426,0
6612,1442,0
6626,1459,0
6633,1463,0
6652,1464,0
6675,1456,0
6698,1442,0
6723,1426,0
6743,1411,0
6758,1394,0
6757,1380,0
6763,1372,0
6765,1363,0
6765,1360,0
6765,1358,0
6762,1360,0
6765,1361,0
6768,1365,0
6778,1380,0
6782,1398,0
6788,1426,0
6792,1462,0
6792,1502,0
6786,1543,0
6770,1588,0
6744,1631,0
6722,1667,0
6681,1691,0
6652,1708,0
6628,1708,0
6601,1698,0
6582,1674,1