ridge Taylor&apos;s &quot;Hiawatha&apos;s wedding
791
957,1315,0
957,1315,0
957,1318,0
957,1327,0
960,1343,0
963,1363,0
967,1388,0
972,1413,0
975,1436,0
974,1452,0
977,1469,0
974,1469,0
974,1469,0
967,1456,0
963,1444,0
959,1423,0
957,1399,0
962,1375,0
970,1348,0
983,1329,0
998,1314,0
1018,1307,0
1035,1300,0
1054,1301,0
1071,1301,1
1093,1297,0
1092,1297,0
1090,1297,0
1093,1305,0
1096,1321,0
1097,1341,0
1102,1368,0
1106,1393,0
1111,1416,0
1114,1432,0
1122,1448,0
1125,1452,0
1127,1448,1
1064,1241,0
1060,1237,0
1066,1241,0
1067,1237,0
1076,1237,1
1255,1368,0
1248,1357,0
1240,1346,0
1234,1343,0
1223,1340,0
1209,1342,0
1196,1347,0
1189,1364,0
1182,1381,0
1182,1401,0
1187,1421,0
1201,1440,0
1220,1453,0
1237,1455,0
1254,1450,0
1275,1442,0
1286,1421,0
1296,1394,0
1303,1368,0
1303,1340,0
1298,1312,0
1296,1293,0
1290,1274,0
1283,1259,0
1284,1259,0
1282,1259,0
1283,1267,0
1285,1286,0
1288,1318,0
1292,1350,0
1299,1385,0
1308,1420,0
1319,1451,1
1489,1420,0
1493,1411,0
1490,1399,0
1488,1391,0
1480,1381,0
1471,1375,0
1455,1368,0
1435,1366,0
1418,1370,0
1401,1380,0
1389,1394,0
1380,1409,0
1381,1429,0
1388,1445,0
1404,1457,0
1426,1464,0
1447,1462,0
1464,1453,0
1481,1440,0
1491,1423,0
1497,1405,0
1493,1385,0
1492,1373,0
1486,1362,0
1479,1356,0
1482,1359,0
1483,1368,0
1493,1389,0
1502,1416,0
1515,1450,0
1529,1487,0
1545,1528,0
1555,1566,0
1559,1603,0
1551,1631,0
1543,1655,0
1527,1668,0
1507,1669,0
1483,1664,0
1459,1653,0
1435,1634,0
1411,1611,0
1397,1586,0
1389,1559,0
1389,1530,1
1578,1404,0
1579,1399,0
1590,1396,0
1602,1387,0
1613,1372,0
1624,1358,0
1629,1344,0
1628,1331,0
1623,1324,0
1608,1318,0
1592,1321,0
1573,1329,0
1554,1341,0
1544,1362,0
1539,1385,0
1544,1409,0
1558,1434,0
1582,1455,0
1611,1469,0
1645,1476,0
1682,1477,1
2063,1287,0
2061,1288,0
2059,1295,0
2060,1310,0
2064,1333,0
2070,1360,0
2078,1389,0
2078,1415,0
2085,1445,0
2093,1469,0
2096,1488,0
2095,1498,0
2094,1503,1
1946,1300,0
1940,1295,0
1940,1294,0
1942,1293,0
1951,1290,0
1967,1288,0
1988,1287,0
2019,1288,0
2050,1288,0
2083,1290,0
2120,1294,0
2152,1297,0
2188,1302,1
2248,1416,0
2241,1411,0
2238,1409,0
2223,1406,0
2207,1410,0
2190,1420,0
2174,1433,0
2158,1448,0
2151,1464,0
2157,1479,0
2164,1489,0
2181,1496,0
2196,1493,0
2214,1484,0
2231,1469,0
2250,1452,0
2260,1432,0
2266,1415,0
2263,1401,0
2259,1394,0
2264,1394,0
2262,1397,0
2262,1402,0
2267,1420,0
2272,1443,0
2277,1464,0
2282,1482,0
2294,1498,0
2302,1508,1
2333,1406,0
2336,1409,0
2331,1414,0
2332,1430,0
2330,1449,0
2335,1471,0
2335,1488,0
2345,1505,0
2350,1512,0
2359,1515,0
2361,1507,0
2374,1496,0
2382,1476,0
2391,1455,0
2405,1440,0
2411,1423,0
2417,1411,0
2420,1407,0
2427,1411,0
2433,1422,0
2447,1443,0
2461,1469,0
2468,1496,0
2473,1527,0
2468,1554,0
2460,1579,0
2440,1592,0
2421,1599,0
2398,1599,1
2482,1285,0
2486,1287,0
2488,1292,0
2488,1303,0
2495,1327,0
2498,1354,0
2503,1386,0
2508,1418,0
2512,1449,1
2629,1416,0
2628,1411,0
2622,1406,0
2617,1405,0
2608,1409,0
2591,1418,0
2581,1436,0
2570,1455,0
2566,1473,0
2573,1488,0
2584,1500,0
2606,1505,0
2632,1506,0
2661,1503,0
2681,1491,0
2694,1475,0
2699,1456,0
2699,1438,0
2685,1421,0
2669,1411,0
2647,1406,0
2625,1408,0
2603,1416,0
2586,1430,0
2581,1450,1
2742,1380,0
2745,1388,0
2749,1404,0
2751,1422,0
2759,1444,0
2772,1468,0
2782,1488,0
2790,1503,0
2792,1512,0
2798,1518,0
2794,1517,0
2796,1515,0
2790,1503,0
2783,1485,0
2779,1465,0
2775,1443,0
2771,1422,0
2767,1406,0
2780,1396,0
2793,1385,0
2816,1380,1
2947,1372,0
2943,1363,0
2946,1350,0
2948,1331,0
2953,1310,1
2968,1476,0
2960,1481,0
2959,1490,0
2966,1501,0
2979,1510,0
3003,1518,0
3025,1520,0
3046,1519,0
3066,1517,0
3083,1512,0
3093,1505,0
3095,1495,0
3082,1479,0
3061,1460,0
3035,1442,0
3011,1427,0
2992,1413,0
2984,1402,0
2984,1394,0
2999,1387,0
3021,1383,1
3349,1293,0
3349,1295,0
3349,1304,0
3346,1318,0
3350,1336,0
3354,1355,0
3358,1374,0
3363,1389,0
3366,1401,1
3419,1287,0
3422,1290,0
3421,1303,0
3419,1325,0
3422,1353,1
3531,1314,0
3535,1315,0
3533,1317,0
3537,1327,0
3539,1343,0
3542,1365,0
3543,1389,0
3546,1419,0
3544,1450,0
3541,1481,0
3544,1508,0
3547,1529,0
3549,1542,1
3627,1286,0
3627,1286,0
3629,1289,0
3626,1298,0
3626,1317,0
3631,1344,0
3629,1370,0
3626,1403,0
3622,1436,0
3616,1467,0
3617,1491,0
3618,1507,0
3622,1517,1
3535,1459,0
3535,1458,0
3539,1458,0
3553,1459,0
3576,1457,0
3604,1454,0
3629,1450,0
3653,1447,0
3676,1446,1
3713,1396,0
3713,1397,0
3713,1398,0
3718,1406,0
3713,1416,0
3716,1435,0
3715,1457,0
3713,1480,0
3711,1500,0
3711,1518,0
3713,1530,0
3712,1534,0
3716,1534,1
3713,1327,0
3718,1327,0
3718,1327,0
3725,1330,0
3732,1334,1
3846,1433,0
3839,1429,0
3832,1426,0
3827,1426,0
3813,1428,0
3800,1436,0
3785,1449,0
3769,1464,0
3761,1481,0
3756,1498,0
3763,1513,0
3776,1524,0
3795,1529,0
3813,1528,0
3831,1520,0
3851,1508,0
3863,1489,0
3876,1474,0
3883,1457,0
3885,1442,0
3886,1431,0
3888,1428,0
3887,1428,0
3887,1430,0
3886,1441,0
3884,1464,0
3884,1491,0
3887,1515,0
3897,1540,1
3955,1434,0
3950,1435,0
3954,1445,0
3950,1457,0
3950,1474,0
3954,1494,0
3959,1512,0
3966,1527,0
3974,1535,0
3978,1539,0
3986,1539,0
3993,1533,0
3999,1520,0
4007,1503,0
4015,1484,0
4017,1471,0
4020,1457,0
4019,1448,0
4017,1443,0
4017,1443,0
4015,1446,0
4020,1455,0
4026,1472,0
4039,1492,0
4048,1510,0
4068,1525,0
4085,1534,0
4102,1538,0
4119,1536,0
4131,1529,0
4137,1517,0
4136,1499,0
4136,1479,0
4131,1459,0
4122,1441,0
4106,1426,0
4095,1411,0
4082,1402,0
4070,1398,0
4065,1400,0
4067,1407,1
4275,1435,0
4273,1430,0
4266,1426,0
4258,1423,0
4249,1424,1
4217,1439,0
4200,1452,0
4188,1469,0
4178,1483,0
4184,1500,0
4191,1512,0
4205,1522,0
4220,1525,0
4234,1524,0
4251,1516,0
4269,1502,0
4278,1482,0
4294,1463,0
4302,1445,0
4302,1432,0
4301,1423,0
4298,1421,0
4297,1421,0
4300,1426,0
4299,1439,0
4299,1460,0
4303,1483,0
4307,1505,0
4317,1523,1
4406,1324,0
4405,1327,0
4406,1337,0
4401,1353,0
4401,1376,0
4399,1403,0
4397,1430,0
4398,1460,0
4401,1488,0
4403,1515,0
4407,1537,0
4410,1551,0
4411,1558,1
4328,1476,0
4331,1478,0
4339,1480,0
4356,1481,0
4377,1481,0
4405,1478,0
4428,1473,0
4447,1467,0
4467,1461,1
4455,1305,0
4454,1309,0
4456,1326,0
4464,1353,0
4470,1385,0
4474,1418,0
4480,1450,0
4485,1479,0
4490,1503,0
4497,1517,0
4503,1524,0
4504,1522,0
4514,1515,0
4521,1499,0
4533,1478,0
4546,1455,0
4562,1435,0
4581,1418,0
4594,1405,0
4611,1403,0
4627,1407,0
4644,1420,0
4657,1442,0
4673,1469,0
4687,1500,0
4702,1528,0
4714,1553,0
4728,1573,0
4736,1585,1
4855,1433,0
4843,1430,0
4835,1428,0
4823,1427,0
4811,1428,0
4795,1434,0
4779,1445,0
4769,1460,0
4760,1476,0
4761,1495,0
4768,1512,0
4784,1527,0
4801,1538,0
4818,1539,0
4833,1533,0
4850,1521,0
4864,1503,0
4869,1479,0
4876,1459,0
4878,1440,0
4878,1428,0
4876,1419,0
4876,1419,0
4876,1420,0
4877,1430,0
4879,1450,0
4875,1474,0
4883,1499,0
4888,1521,0
4898,1541,0
4910,1556,0
4920,1562,0
4929,1562,1
4959,1411,0
4960,1409,0
4957,1404,0
4960,1397,0
4967,1387,0
4967,1372,0
4964,1356,0
4961,1339,0
4953,1322,1
5018,1486,0
5016,1491,0
5021,1502,0
5027,1512,0
5043,1524,0
5062,1532,0
5081,1538,0
5102,1539,0
5124,1538,0
5138,1531,0
5154,1524,0
5157,1513,0
5157,1500,0
5144,1488,0
5124,1473,0
5099,1459,0
5078,1447,0
5053,1432,0
5040,1421,0
5035,1411,0
5038,1402,1
5428,1452,0
5431,1456,0
5424,1464,0
5431,1483,0
5434,1503,0
5439,1522,0
5450,1541,0
5458,1554,0
5465,1561,0
5473,1562,0
5479,1558,0
5482,1546,0
5487,1529,0
5497,1511,0
5503,1491,0
5504,1474,0
5503,1464,0
5501,1457,0
5501,1456,0
5501,1458,0
5506,1468,0
5508,1487,0
5515,1508,0
5529,1530,0
5545,1550,0
5561,1563,0
5575,1572,0
5591,1574,0
5605,1570,0
5610,1554,0
5612,1534,0
5610,1513,0
5604,1492,0
5588,1471,0
5574,1450,0
5566,1433,0
5556,1426,1
5684,1515,0
5694,1508,0
5706,1498,0
5718,1487,0
5733,1476,0
5737,1461,0
5740,1450,0
5738,1441,0
5731,1438,0
5723,1436,0
5710,1441,0
5694,1452,0
5677,1469,0
5667,1490,0
5660,1510,0
5663,1529,0
5684,1546,0
5705,1556,0
5737,1563,0
5766,1562,0
5800,1560,1
5914,1468,0
5906,1464,0
5890,1462,0
5878,1462,0
5860,1465,0
5841,1475,0
5829,1489,0
5820,1506,0
5815,1522,0
5820,1538,0
5832,1551,0
5851,1559,0
5872,1559,0
5890,1552,0
5910,1539,0
5928,1518,0
5944,1493,0
5952,1465,0
5946,1437,0
5940,1414,0
5937,1394,0
5928,1378,0
5922,1369,0
5923,1368,0
5923,1368,0
5925,1376,0
5928,1395,0
5934,1422,0
5938,1452,0
5951,1484,0
5955,1514,0
5968,1542,0
5979,1561,1
6083,1487,0
6076,1478,0
6070,1471,0
6054,1467,0
6038,1468,0
6016,1471,0
6001,1481,0
5990,1492,0
5982,1504,0
5986,1520,0
5995,1535,0
6013,1547,0
6031,1553,0
6048,1551,0
6066,1544,0
6087,1531,0
6101,1511,0
6103,1485,0
6110,1458,0
6109,1431,0
6103,1407,0
6099,1385,0
6095,1371,0
6089,1362,0
6092,1363,0
6093,1363,0
6090,1372,0
6094,1391,0
6096,1418,0
6101,1447,0
6109,1482,0
6114,1509,0
6124,1535,1
6200,1446,0
6204,1446,0
6203,1450,0
6213,1463,0
6217,1479,0
6220,1498,0
6220,1514,0
6224,1531,0
6217,1541,1
6153,1367,0
6157,1367,0
6157,1372,0
6167,1380,0
6172,1390,1
6277,1451,0
6277,1452,0
6276,1459,0
6283,1477,0
6288,1494,0
6294,1515,0
6298,1530,0
6302,1546,0
6304,1556,0
6312,1559,0
6312,1558,0
6321,1553,0
6329,1539,0
6338,1518,0
6352,1498,0
6361,1479,0
6369,1462,0
6384,1452,0
6394,1446,0
6406,1447,0
6413,1454,0
6425,1468,0
6432,1488,0
6443,1511,0
6450,1534,1
6618,1471,0
6616,1463,0
6605,1457,0
6598,1451,0
6582,1452,0
6565,1452,0
6547,1459,0
6531,1472,0
6519,1489,0
6511,1505,0
6515,1524,0
6523,1539,0
6537,1549,0
6556,1555,0
6577,1552,0
6600,1544,0
6620,1531,0
6633,1512,0
6642,1493,0
6638,1476,0
6635,1466,0
6633,1459,0
6633,1459,0
6637,1463,0
6645,1478,0
6656,1500,0
6670,1529,0
6687,1561,0
6702,1599,0
6721,1638,0
6731,1677,0
6734,1714,0
6729,1745,0
6715,1765,0
6691,1776,0
6667,1775,0
6636,1766,0
6603,1751,0
6570,1732,0
6548,1707,0
6535,1682,1