Our Committee met once a week in
871
490,3355,0
489,3354,0
489,3350,0
490,3346,0
492,3346,0
492,3343,0
494,3331,0
499,3324,0
504,3308,0
513,3294,0
523,3275,0
535,3261,0
547,3247,0
561,3233,0
577,3220,0
596,3214,0
615,3209,0
635,3213,0
656,3220,0
678,3234,0
698,3253,0
716,3280,0
733,3313,0
745,3363,0
753,3416,0
755,3473,0
750,3529,0
739,3576,0
723,3619,0
699,3652,0
675,3685,0
646,3702,0
619,3711,0
592,3715,0
566,3712,0
546,3701,0
533,3686,0
526,3669,0
526,3637,0
535,3610,0
551,3580,0
573,3547,0
599,3515,0
629,3478,0
660,3454,0
689,3433,0
715,3420,0
738,3415,0
758,3416,0
775,3431,0
787,3444,0
796,3468,0
800,3496,0
803,3529,0
804,3570,0
805,3606,0
805,3638,0
807,3662,0
810,3674,0
815,3679,0
823,3675,0
836,3660,0
850,3641,0
863,3614,0
876,3587,0
888,3559,0
899,3532,0
907,3512,0
914,3500,0
917,3501,0
919,3496,0
921,3505,0
924,3525,0
926,3553,0
929,3585,0
935,3617,0
943,3642,0
949,3658,0
957,3667,0
966,3667,0
977,3659,0
986,3643,0
1000,3627,0
1016,3604,0
1027,3580,0
1039,3564,0
1049,3552,0
1060,3553,0
1072,3565,0
1081,3580,0
1088,3604,0
1092,3637,0
1093,3657,0
1093,3677,0
1093,3680,0
1089,3681,0
1082,3668,0
1074,3641,0
1066,3609,0
1059,3568,0
1054,3544,0
1054,3525,0
1058,3513,0
1065,3508,0
1074,3505,1
1516,3258,0
1513,3247,0
1503,3235,0
1490,3229,0
1473,3228,0
1456,3238,0
1440,3264,0
1423,3293,0
1407,3332,0
1392,3378,0
1379,3424,0
1370,3476,0
1366,3524,0
1367,3564,0
1375,3604,0
1389,3639,0
1405,3658,0
1423,3672,0
1444,3678,0
1464,3675,0
1484,3673,1
1560,3547,0
1569,3533,0
1577,3520,0
1586,3510,0
1596,3505,0
1607,3499,0
1623,3504,0
1640,3510,0
1661,3523,0
1676,3528,0
1691,3541,0
1702,3556,0
1708,3571,0
1708,3595,0
1701,3613,0
1689,3639,0
1672,3658,0
1652,3674,0
1631,3682,0
1611,3681,0
1590,3672,0
1573,3654,0
1558,3624,0
1551,3600,0
1552,3568,0
1560,3538,0
1575,3508,0
1596,3481,0
1621,3456,0
1649,3439,0
1678,3426,0
1705,3413,0
1733,3411,0
1755,3407,0
1778,3411,0
1793,3415,0
1807,3428,0
1816,3448,0
1823,3474,0
1822,3503,0
1819,3536,0
1815,3570,0
1813,3607,0
1812,3640,0
1812,3665,0
1812,3677,0
1812,3677,0
1814,3677,0
1820,3667,0
1828,3649,0
1837,3623,0
1848,3595,0
1860,3564,0
1871,3532,0
1883,3509,0
1891,3491,0
1899,3484,0
1904,3484,0
1910,3495,0
1913,3519,0
1914,3551,0
1913,3585,0
1915,3625,0
1915,3650,0
1918,3665,0
1923,3669,0
1930,3662,0
1935,3636,0
1944,3605,0
1949,3571,0
1958,3544,0
1964,3518,0
1971,3504,0
1978,3498,0
1983,3500,0
1988,3515,0
1993,3539,0
1996,3571,0
2001,3599,0
2000,3616,0
2005,3631,0
2005,3627,0
2010,3621,0
2014,3600,0
2022,3573,0
2026,3534,0
2037,3506,0
2045,3474,0
2054,3455,0
2060,3441,0
2068,3443,0
2077,3452,0
2083,3472,0
2088,3499,0
2092,3532,0
2098,3567,0
2099,3592,0
2105,3619,0
2113,3638,0
2122,3652,0
2130,3654,0
2144,3658,0
2154,3650,0
2162,3631,0
2175,3614,0
2184,3587,0
2193,3562,0
2200,3535,0
2205,3512,0
2211,3498,0
2213,3480,0
2217,3474,0
2217,3474,0
2217,3474,0
2218,3491,0
2218,3516,0
2222,3557,0
2223,3595,0
2229,3636,0
2234,3659,0
2238,3670,0
2241,3669,0
2246,3655,0
2248,3624,0
2253,3593,0
2256,3559,0
2258,3527,0
2265,3513,0
2268,3503,0
2275,3505,0
2280,3516,0
2287,3544,0
2290,3576,0
2294,3613,0
2296,3642,0
2298,3667,0
2300,3679,0
2302,3678,0
2310,3674,0
2318,3655,0
2327,3631,0
2334,3598,0
2347,3572,0
2359,3547,0
2372,3529,0
2386,3520,0
2400,3518,0
2412,3525,0
2423,3539,0
2432,3557,0
2436,3573,0
2442,3596,0
2447,3619,0
2451,3640,0
2453,3655,0
2461,3665,0
2463,3665,0
2469,3658,0
2476,3643,0
2483,3627,0
2492,3610,0
2501,3594,0
2509,3582,0
2516,3575,0
2526,3574,0
2532,3571,0
2535,3566,0
2541,3568,0
2543,3567,0
2548,3570,0
2548,3570,0
2548,3574,0
2548,3587,0
2545,3601,0
2547,3621,0
2548,3643,0
2550,3660,0
2556,3679,0
2559,3690,0
2562,3699,0
2562,3699,0
2557,3691,0
2551,3677,0
2552,3655,0
2555,3627,1
2533,3353,0
2536,3347,0
2540,3350,0
2545,3356,0
2546,3369,1
2645,3228,0
2649,3225,0
2649,3225,0
2652,3238,0
2649,3261,0
2649,3298,0
2643,3336,0
2643,3390,0
2642,3448,0
2642,3506,0
2637,3551,0
2638,3595,0
2639,3626,0
2637,3635,0
2636,3636,0
2633,3633,0
2629,3621,0
2626,3604,0
2627,3591,0
2623,3575,0
2625,3571,0
2622,3568,0
2625,3571,0
2630,3573,0
2630,3568,0
2635,3570,0
2641,3567,0
2647,3565,0
2654,3561,1
2728,3302,0
2729,3320,0
2724,3349,0
2719,3378,0
2718,3419,0
2712,3458,0
2705,3501,0
2700,3544,0
2699,3584,0
2697,3612,0
2695,3631,0
2690,3632,0
2692,3636,0
2688,3633,0
2683,3627,0
2678,3620,0
2675,3617,0
2673,3614,0
2673,3614,0
2675,3618,0
2674,3619,0
2675,3621,0
2676,3621,0
2678,3621,0
2681,3619,0
2689,3619,0
2697,3616,0
2709,3614,0
2725,3612,0
2743,3608,0
2762,3602,0
2784,3596,0
2806,3586,0
2822,3568,0
2840,3559,0
2845,3542,0
2852,3535,0
2852,3530,0
2847,3524,0
2839,3523,0
2828,3529,0
2811,3539,0
2794,3551,0
2780,3572,0
2770,3595,0
2766,3619,0
2770,3648,0
2777,3671,0
2791,3695,0
2808,3710,0
2828,3718,0
2853,3718,0
2879,3715,0
2903,3702,0
2925,3682,0
2946,3661,0
2964,3643,0
2980,3625,0
2989,3606,0
2994,3590,0
2994,3576,0
2987,3566,0
2974,3555,0
2960,3554,0
2941,3555,0
2923,3561,0
2911,3576,0
2898,3587,0
2895,3607,0
2897,3633,0
2905,3660,0
2921,3693,0
2943,3721,0
2971,3747,0
2998,3760,0
3027,3764,0
3052,3754,0
3072,3734,0
3093,3708,0
3105,3678,0
3114,3650,1
3420,3588,0
3419,3593,0
3414,3592,0
3415,3596,0
3411,3604,0
3405,3617,0
3402,3635,0
3403,3663,0
3400,3689,0
3402,3717,0
3402,3740,0
3406,3756,0
3409,3765,0
3407,3761,0
3411,3753,0
3416,3727,0
3420,3694,0
3427,3662,0
3431,3625,0
3439,3595,0
3447,3570,0
3458,3557,0
3469,3554,0
3480,3556,0
3491,3573,0
3500,3602,0
3504,3637,0
3506,3680,0
3507,3723,0
3508,3756,0
3511,3778,0
3511,3783,0
3512,3778,0
3521,3752,0
3528,3713,0
3537,3668,0
3545,3623,0
3554,3583,0
3559,3554,0
3568,3543,0
3578,3544,0
3584,3556,0
3592,3585,0
3597,3620,0
3595,3656,0
3596,3695,0
3595,3730,0
3596,3759,0
3601,3785,0
3607,3800,0
3618,3812,0
3632,3816,0
3649,3814,0
3668,3811,0
3686,3803,0
3706,3793,0
3723,3771,0
3742,3742,0
3754,3704,0
3759,3660,0
3760,3623,0
3755,3591,0
3750,3571,0
3740,3563,0
3729,3566,0
3716,3586,0
3706,3619,0
3703,3661,0
3700,3699,0
3700,3738,0
3701,3773,0
3709,3801,0
3723,3825,0
3740,3839,0
3761,3842,0
3785,3834,0
3809,3812,0
3834,3778,0
3863,3731,0
3885,3677,0
3901,3618,0
3917,3563,0
3928,3513,0
3932,3467,0
3933,3428,0
3933,3402,0
3931,3388,0
3928,3386,0
3920,3387,0
3913,3403,0
3912,3437,0
3907,3477,0
3909,3534,0
3911,3595,0
3915,3663,0
3922,3730,0
3926,3782,0
3929,3816,0
3928,3826,0
3926,3823,0
3922,3812,0
3916,3790,0
3906,3769,0
3889,3746,0
3879,3733,0
3873,3728,0
3874,3727,0
3918,3738,0
3939,3737,1
4109,3678,0
4121,3663,0
4128,3651,0
4133,3642,0
4139,3637,0
4152,3636,0
4168,3632,0
4183,3624,0
4205,3620,0
4228,3616,0
4248,3614,0
4263,3617,0
4273,3623,0
4283,3641,0
4279,3661,0
4273,3694,0
4259,3722,0
4244,3747,0
4227,3767,0
4205,3780,0
4190,3788,0
4167,3781,0
4156,3764,0
4147,3740,0
4147,3710,0
4156,3675,0
4171,3641,0
4191,3612,0
4210,3588,0
4233,3573,0
4258,3566,0
4281,3567,0
4297,3574,0
4313,3592,0
4322,3615,0
4321,3644,0
4322,3676,0
4316,3703,0
4311,3724,0
4309,3737,0
4308,3738,0
4309,3737,0
4318,3728,0
4328,3708,0
4347,3685,0
4361,3661,0
4379,3639,0
4393,3621,0
4404,3604,0
4416,3597,0
4420,3594,0
4426,3599,0
4427,3614,0
4432,3643,0
4435,3674,0
4441,3707,0
4449,3739,0
4456,3764,0
4464,3784,0
4478,3799,0
4486,3802,0
4495,3798,0
4507,3788,0
4519,3764,0
4526,3742,1
4593,3613,0
4599,3607,0
4606,3600,0
4611,3589,0
4609,3574,0
4605,3567,0
4600,3566,0
4588,3573,0
4578,3583,0
4562,3594,0
4546,3610,0
4529,3627,0
4519,3648,0
4507,3665,0
4502,3681,0
4508,3698,0
4517,3712,0
4530,3727,0
4544,3735,0
4560,3742,0
4580,3744,0
4601,3742,0
4623,3737,0
4641,3725,0
4662,3709,0
4678,3691,0
4693,3677,0
4702,3662,0
4712,3646,0
4707,3633,0
4702,3626,0
4693,3619,0
4684,3618,0
4672,3619,0
4661,3624,0
4649,3630,0
4646,3645,0
4642,3660,0
4640,3681,0
4646,3703,0
4657,3725,0
4675,3753,0
4690,3772,0
4712,3790,0
4735,3800,0
4752,3800,0
4769,3795,0
4788,3785,0
4805,3769,1
5038,3652,0
5052,3642,0
5059,3633,0
5062,3624,0
5055,3613,0
5050,3607,0
5038,3604,0
5028,3602,0
5013,3602,0
4997,3600,0
4983,3604,0
4963,3609,0
4951,3623,0
4939,3643,0
4929,3666,0
4927,3697,0
4922,3726,0
4928,3749,0
4934,3759,0
4947,3764,0
4964,3758,0
4982,3739,0
4997,3710,0
5015,3683,0
5026,3659,0
5032,3641,0
5038,3633,0
5034,3631,0
5037,3634,0
5037,3641,0
5037,3665,0
5032,3689,0
5038,3718,0
5045,3741,0
5052,3756,0
5067,3764,0
5073,3775,1
5386,3545,0
5388,3550,0
5388,3556,0
5385,3566,0
5381,3578,0
5376,3598,0
5374,3625,0
5371,3655,0
5368,3689,1
5374,3756,0
5377,3779,0
5383,3790,0
5388,3791,0
5398,3785,0
5410,3764,0
5414,3733,0
5424,3704,0
5426,3675,0
5427,3655,0
5421,3643,0
5421,3643,0
5424,3646,0
5422,3655,0
5424,3684,0
5432,3725,0
5438,3761,0
5452,3802,0
5469,3831,0
5487,3848,0
5510,3857,0
5530,3851,0
5552,3838,0
5575,3822,0
5590,3797,0
5605,3772,0
5610,3746,0
5609,3721,0
5610,3702,0
5598,3677,0
5586,3659,0
5565,3641,0
5554,3629,0
5540,3622,0
5525,3621,0
5518,3630,0
5513,3643,0
5518,3662,0
5538,3694,0
5560,3712,0
5580,3726,0
5607,3737,0
5638,3743,0
5663,3737,0
5693,3725,0
5711,3706,0
5733,3691,0
5740,3669,0
5742,3653,0
5738,3632,0
5723,3624,0
5713,3619,0
5698,3618,0
5677,3619,0
5665,3629,0
5652,3647,0
5639,3670,0
5639,3703,0
5648,3742,0
5660,3773,0
5684,3807,0
5706,3830,0
5734,3848,0
5764,3855,0
5797,3851,0
5823,3838,0
5848,3817,0
5873,3793,0
5891,3761,0
5909,3729,0
5919,3695,0
5928,3671,0
5928,3649,0
5921,3632,0
5911,3625,0
5894,3621,0
5876,3626,0
5863,3636,0
5846,3646,0
5834,3663,0
5817,3685,0
5805,3709,0
5803,3737,0
5798,3764,0
5808,3793,0
5815,3822,0
5835,3848,0
5856,3867,0
5877,3878,0
5903,3884,0
5935,3881,0
5961,3867,0
5995,3843,0
6020,3815,0
6050,3781,0
6071,3739,0
6086,3696,0
6102,3652,0
6106,3612,0
6111,3568,0
6117,3531,0
6116,3497,0
6107,3466,0
6106,3439,0
6097,3417,0
6085,3405,0
6080,3412,0
6075,3435,0
6072,3476,0
6069,3524,0
6071,3584,0
6066,3649,0
6063,3715,0
6057,3771,0
6056,3814,0
6057,3846,0
6055,3856,0
6054,3851,0
6063,3844,0
6068,3818,0
6078,3790,0
6088,3762,0
6099,3732,0
6111,3710,0
6116,3696,0
6119,3692,0
6122,3694,0
6101,3717,0
6060,3822,0
6056,3846,0
6066,3867,0
6081,3881,0
6095,3888,0
6116,3894,0
6137,3886,0
6185,3860,1
6300,3852,0
6304,3859,0
6303,3861,0
6307,3862,0
6312,3855,0
6321,3848,0
6391,3690,0
6389,3729,0
6391,3776,0
6397,3817,0
6406,3846,0
6427,3858,0
6442,3843,0
6492,3718,0
6506,3696,0
6512,3687,0
6523,3692,0
6529,3713,0
6536,3752,0
6541,3788,0
6552,3860,0
6562,3881,0
6565,3890,0
6571,3889,0
6586,3874,0
6601,3843,0
6613,3811,0
6625,3778,0
6645,3747,0
6693,3739,0
6705,3771,0
6712,3820,0
6717,3865,0
6717,3906,0
6715,3933,1
6348,3445,0
6360,3411,0
6358,3399,0
6360,3396,0
6362,3424,1