obviously been started on the roofs by
914
559,4558,0
558,4550,0
557,4533,0
556,4525,0
552,4517,0
544,4512,0
538,4511,0
528,4518,0
514,4536,0
501,4566,0
492,4606,0
487,4646,0
492,4666,0
503,4684,0
517,4685,0
531,4683,0
545,4669,0
558,4646,0
568,4619,0
575,4588,0
576,4560,0
569,4535,0
561,4526,0
554,4521,0
550,4520,0
545,4532,0
543,4552,0
545,4556,0
552,4565,0
565,4558,0
585,4548,0
609,4519,0
633,4489,0
655,4451,0
675,4401,0
695,4363,0
712,4332,0
721,4309,0
722,4305,0
719,4305,0
709,4328,0
693,4367,0
680,4430,0
667,4493,0
660,4548,0
659,4584,0
665,4609,0
675,4618,0
685,4619,0
692,4608,0
698,4588,0
699,4560,0
694,4531,0
687,4515,0
680,4506,0
674,4502,0
670,4497,0
672,4501,0
684,4495,0
702,4500,0
721,4510,1
825,4473,0
817,4473,0
810,4480,0
798,4500,0
785,4526,0
776,4554,0
772,4582,0
776,4602,0
786,4619,0
798,4619,0
815,4613,0
831,4594,0
847,4570,0
861,4543,0
867,4519,0
868,4507,0
862,4495,0
854,4495,0
846,4498,0
842,4506,0
842,4510,0
848,4519,0
858,4523,0
873,4524,0
892,4520,0
910,4513,0
928,4506,0
948,4502,0
962,4502,0
974,4507,0
984,4523,0
990,4539,0
993,4563,0
992,4584,0
993,4596,0
995,4599,0
1000,4596,1
1011,4400,0
997,4384,0
992,4376,0
988,4372,0
988,4376,1
1096,4492,0
1093,4488,0
1092,4488,0
1088,4484,0
1080,4480,0
1074,4480,0
1070,4485,0
1063,4496,0
1055,4517,0
1052,4544,0
1050,4572,0
1055,4589,0
1066,4601,0
1077,4596,0
1091,4592,0
1104,4577,0
1115,4553,0
1122,4528,0
1125,4505,0
1122,4484,0
1111,4476,0
1100,4472,0
1091,4472,0
1089,4473,0
1088,4480,0
1092,4488,0
1097,4492,0
1108,4500,0
1121,4500,0
1135,4496,0
1149,4492,0
1162,4483,0
1171,4467,0
1179,4451,0
1184,4447,0
1184,4447,0
1184,4447,0
1182,4455,0
1182,4479,0
1180,4503,0
1182,4527,0
1186,4547,0
1193,4555,0
1204,4559,0
1217,4550,0
1232,4538,0
1247,4521,0
1261,4492,0
1276,4464,0
1285,4448,0
1289,4439,0
1289,4439,0
1290,4444,0
1292,4459,0
1292,4479,0
1293,4499,0
1298,4523,0
1305,4534,0
1318,4542,0
1337,4541,0
1358,4528,1
1459,4427,0
1458,4416,0
1452,4412,0
1445,4408,0
1432,4406,0
1421,4411,0
1409,4420,0
1401,4432,0
1401,4449,0
1404,4461,0
1411,4476,0
1423,4491,0
1433,4506,0
1440,4518,0
1445,4526,0
1444,4529,0
1441,4529,0
1432,4534,0
1418,4531,0
1401,4529,0
1389,4525,0
1386,4518,0
1390,4509,0
1404,4500,1
1520,4386,0
1543,4351,0
1566,4320,0
1581,4290,0
1592,4273,0
1594,4260,0
1595,4261,0
1591,4265,0
1582,4290,0
1566,4328,0
1550,4374,0
1535,4424,0
1523,4457,0
1518,4490,0
1520,4510,0
1528,4513,0
1542,4512,0
1560,4494,0
1580,4468,0
1602,4441,0
1619,4418,0
1625,4402,0
1625,4402,0
1623,4398,0
1619,4410,0
1614,4432,0
1612,4456,0
1615,4467,0
1627,4478,0
1643,4480,0
1661,4473,0
1680,4459,0
1701,4443,0
1718,4421,0
1730,4403,0
1734,4390,0
1734,4386,0
1734,4386,0
1733,4386,0
1732,4386,0
1730,4398,0
1730,4423,0
1728,4447,0
1728,4471,0
1727,4505,0
1730,4544,0
1730,4584,0
1725,4622,0
1717,4659,0
1707,4689,0
1693,4711,0
1677,4722,0
1660,4723,0
1640,4714,0
1621,4696,0
1606,4674,0
1604,4658,0
1608,4641,0
1626,4615,0
1655,4587,0
1694,4566,0
1738,4543,0
1785,4524,1
2038,4398,0
2044,4400,0
2053,4394,0
2071,4377,0
2091,4352,0
2112,4326,0
2130,4293,0
2147,4256,0
2159,4215,0
2172,4179,0
2181,4151,0
2185,4133,0
2179,4122,0
2174,4124,0
2165,4135,0
2157,4162,0
2146,4202,0
2136,4254,0
2129,4309,0
2125,4360,0
2126,4397,0
2131,4429,0
2139,4439,0
2147,4445,0
2155,4435,0
2167,4420,0
2174,4389,0
2183,4366,0
2188,4348,0
2186,4340,0
2188,4340,0
2188,4340,0
2186,4349,0
2190,4368,0
2197,4383,0
2211,4400,0
2227,4408,0
2251,4410,0
2275,4407,0
2298,4392,0
2319,4374,0
2337,4352,0
2351,4322,0
2361,4298,0
2363,4276,0
2362,4261,0
2353,4255,0
2343,4254,0
2330,4262,0
2316,4278,0
2301,4304,0
2291,4336,0
2285,4367,0
2286,4391,0
2298,4413,0
2313,4425,0
2330,4425,0
2352,4418,0
2372,4400,0
2393,4380,0
2411,4350,0
2424,4316,0
2436,4291,0
2439,4270,0
2438,4256,0
2433,4250,0
2426,4253,0
2416,4264,0
2400,4281,0
2389,4307,0
2382,4338,0
2380,4364,0
2383,4384,0
2395,4401,0
2411,4408,0
2429,4403,0
2450,4396,0
2471,4380,0
2491,4362,0
2513,4337,0
2531,4309,0
2550,4286,0
2563,4260,0
2575,4242,0
2587,4239,0
2589,4234,0
2591,4237,0
2589,4251,0
2588,4276,0
2581,4304,0
2572,4333,0
2568,4355,0
2566,4369,0
2566,4373,0
2566,4373,0
2567,4373,0
2577,4357,0
2589,4331,0
2607,4308,0
2624,4288,0
2639,4275,0
2651,4278,0
2657,4280,0
2661,4296,0
2661,4317,0
2654,4328,0
2655,4345,0
2659,4357,0
2664,4358,0
2677,4358,0
2697,4351,0
2721,4328,0
2748,4300,1
3089,4213,0
3086,4210,0
3078,4200,0
3072,4199,0
3057,4198,0
3040,4202,0
3021,4215,0
3006,4231,0
2991,4242,0
2986,4258,0
2990,4278,0
2992,4290,0
3001,4308,0
3013,4324,0
3027,4340,0
3037,4353,0
3043,4364,0
3045,4376,0
3042,4382,0
3036,4394,0
3023,4395,0
3006,4394,0
2988,4389,0
2973,4387,0
2961,4384,0
2951,4379,0
2947,4368,0
2955,4356,0
2971,4340,1
3183,4047,0
3181,4066,0
3171,4080,0
3166,4111,0
3160,4150,0
3153,4194,0
3146,4239,0
3137,4278,0
3130,4318,0
3124,4352,0
3116,4373,0
3114,4388,0
3113,4389,1
3126,4280,0
3122,4273,0
3120,4268,0
3119,4269,0
3124,4276,0
3134,4280,0
3151,4290,0
3173,4296,0
3197,4297,0
3225,4301,0
3245,4295,0
3265,4289,0
3274,4280,0
3282,4275,0
3280,4267,0
3275,4261,0
3271,4259,0
3263,4258,0
3250,4256,0
3243,4265,0
3235,4282,0
3226,4300,0
3218,4317,0
3218,4332,0
3221,4339,0
3226,4345,0
3230,4343,0
3240,4338,0
3250,4320,0
3259,4292,0
3269,4269,0
3281,4257,0
3283,4247,0
3283,4247,0
3282,4248,0
3279,4259,0
3272,4276,0
3271,4299,0
3269,4319,0
3271,4336,0
3280,4345,0
3286,4345,0
3293,4342,0
3305,4336,0
3315,4321,0
3330,4304,0
3343,4283,0
3357,4266,0
3370,4254,0
3381,4248,0
3388,4244,0
3395,4249,0
3399,4257,0
3402,4278,0
3402,4296,0
3399,4316,0
3396,4336,0
3390,4349,0
3387,4355,0
3387,4355,0
3385,4347,0
3386,4328,0
3390,4303,0
3398,4280,0
3415,4270,0
3418,4259,0
3427,4258,0
3436,4258,0
3442,4255,0
3453,4254,0
3469,4253,0
3487,4246,0
3501,4239,0
3517,4229,0
3532,4216,0
3542,4200,1
3578,4116,0
3585,4107,0
3587,4102,0
3584,4103,0
3583,4104,0
3579,4121,0
3569,4146,0
3558,4181,0
3549,4225,0
3538,4263,0
3532,4299,0
3526,4326,0
3525,4346,0
3522,4352,0
3521,4352,0
3523,4346,0
3525,4327,0
3521,4297,0
3520,4278,0
3523,4273,0
3522,4268,0
3522,4268,0
3522,4268,0
3528,4269,0
3542,4275,0
3564,4285,0
3584,4287,0
3609,4286,0
3629,4273,0
3650,4265,0
3665,4255,0
3668,4239,0
3666,4232,0
3658,4227,0
3648,4228,0
3636,4237,0
3623,4249,0
3612,4265,0
3606,4283,0
3605,4302,0
3607,4306,0
3630,4316,0
3658,4316,0
3686,4314,1
3742,4291,0
3766,4276,0
3787,4268,0
3795,4257,0
3794,4248,0
3793,4245,0
3793,4244,0
3792,4244,0
3792,4244,0
3792,4244,0
3795,4247,0
3793,4244,0
3793,4244,0
3793,4244,0
3789,4242,0
3780,4238,0
3770,4241,0
3753,4246,0
3738,4261,0
3725,4279,0
3718,4293,0
3721,4305,0
3726,4311,0
3736,4310,0
3752,4300,0
3773,4282,0
3798,4256,0
3821,4225,0
3841,4182,0
3864,4143,0
3885,4113,0
3898,4089,0
3904,4075,0
3906,4068,0
3901,4067,0
3896,4080,0
3880,4107,0
3862,4143,0
3849,4187,0
3840,4227,0
3836,4263,0
3839,4295,0
3845,4316,0
3858,4326,0
3880,4326,0
3910,4314,0
3940,4299,0
3968,4285,1
4278,4208,0
4277,4203,0
4277,4199,0
4272,4193,0
4268,4186,0
4265,4183,0
4256,4179,0
4244,4179,0
4230,4185,0
4215,4202,0
4207,4228,0
4200,4254,0
4198,4275,0
4199,4294,0
4209,4307,0
4222,4311,0
4240,4308,0
4257,4295,0
4273,4278,0
4285,4254,0
4291,4229,0
4287,4206,0
4280,4196,0
4273,4191,0
4264,4188,0
4254,4191,0
4246,4203,0
4242,4215,0
4242,4221,0
4249,4225,0
4263,4225,0
4283,4220,0
4302,4210,0
4323,4198,0
4343,4186,0
4361,4177,0
4367,4172,0
4374,4176,0
4379,4188,0
4379,4205,0
4374,4228,0
4370,4253,0
4367,4275,0
4368,4290,0
4372,4296,0
4378,4297,0
4389,4293,0
4406,4280,0
4423,4266,0
4439,4248,0
4453,4237,0
4459,4236,0
4461,4240,0
4457,4254,0
4454,4276,0
4452,4299,0
4455,4312,0
4466,4319,0
4485,4319,0
4511,4313,0
4540,4299,1
4816,4051,0
4812,4071,0
4809,4097,0
4801,4126,0
4800,4159,0
4796,4196,0
4789,4235,0
4780,4270,0
4774,4303,0
4765,4328,0
4758,4338,0
4759,4343,0
4758,4339,0
4755,4319,0
4757,4292,0
4757,4265,0
4756,4243,0
4756,4233,0
4753,4225,0
4755,4228,0
4755,4229,0
4760,4229,0
4772,4229,0
4790,4229,0
4810,4222,0
4833,4212,0
4859,4193,0
4885,4168,0
4905,4133,0
4928,4104,0
4944,4078,0
4950,4061,0
4953,4052,0
4947,4052,0
4941,4058,0
4926,4079,0
4905,4109,0
4888,4147,0
4876,4193,0
4860,4229,0
4855,4261,0
4853,4280,0
4857,4287,0
4864,4286,0
4879,4278,0
4895,4262,0
4911,4248,0
4922,4243,0
4925,4245,0
4927,4249,0
4929,4263,0
4944,4295,0
4954,4307,0
4967,4316,0
4984,4322,0
5004,4319,0
5024,4306,0
5047,4290,0
5066,4271,0
5074,4251,0
5076,4238,0
5072,4231,0
5067,4230,0
5053,4233,0
5040,4246,0
5026,4261,0
5023,4279,0
5028,4296,0
5040,4307,0
5064,4317,0
5088,4317,0
5116,4317,1
5468,4201,0
5471,4198,0
5472,4191,0
5472,4191,0
5471,4193,0
5467,4196,0
5468,4220,0
5458,4248,0
5448,4277,0
5434,4304,0
5419,4329,0
5410,4345,0
5408,4348,0
5408,4348,0
5413,4337,0
5427,4310,0
5451,4285,0
5481,4265,0
5508,4254,0
5525,4251,0
5542,4258,0
5554,4263,0
5567,4272,0
5578,4278,0
5594,4283,0
5608,4286,0
5627,4289,0
5643,4284,0
5657,4280,0
5672,4274,0
5677,4263,0
5675,4253,0
5668,4243,0
5653,4241,0
5636,4242,0
5615,4254,0
5598,4273,0
5584,4295,0
5581,4316,0
5582,4332,0
5595,4341,0
5608,4345,0
5628,4341,0
5648,4331,0
5662,4316,0
5675,4296,0
5681,4277,0
5677,4263,0
5671,4251,0
5663,4248,0
5652,4244,0
5646,4244,0
5645,4251,1
5803,4265,0
5813,4254,0
5819,4246,0
5813,4241,0
5797,4236,0
5781,4242,0
5758,4249,0
5738,4266,0
5723,4290,0
5716,4310,0
5718,4325,0
5734,4337,0
5753,4340,0
5778,4337,0
5800,4329,0
5820,4319,0
5829,4302,0
5832,4287,0
5821,4275,0
5810,4270,0
5796,4266,0
5792,4266,0
5790,4263,0
5795,4261,0
5813,4259,0
5847,4245,0
5884,4227,0
5921,4201,0
5956,4170,0
5992,4140,0
6022,4103,0
6046,4072,0
6060,4048,0
6061,4033,0
6059,4029,0
6056,4033,0
6041,4051,0
6022,4089,0
6003,4139,0
5982,4195,0
5960,4254,0
5943,4310,0
5926,4355,0
5916,4403,0
5910,4441,0
5909,4466,0
5914,4478,0
5914,4472,0
5922,4457,1
5914,4290,0
5916,4287,0
5922,4286,0
5937,4287,0
5953,4286,0
5981,4290,0
6014,4289,0
6049,4285,1
6112,4270,0
6136,4261,0
6153,4246,0
6157,4235,0
6150,4224,0
6134,4218,0
6117,4220,0
6092,4220,0
6081,4226,0
6063,4236,0
6061,4251,0
6061,4263,0
6070,4284,0
6080,4303,0
6095,4323,0
6104,4338,0
6108,4350,0
6111,4360,0
6107,4364,0
6099,4367,0
6090,4367,0
6071,4365,0
6049,4360,0
6034,4358,0
6022,4355,0
6021,4355,0
6022,4355,0
6036,4356,1
6626,4055,0
6626,4054,0
6621,4056,0
6615,4078,0
6595,4105,0
6577,4145,0
6557,4193,0
6537,4239,0
6517,4285,0
6507,4324,0
6505,4355,0
6515,4375,0
6524,4382,0
6544,4382,0
6563,4370,0
6584,4350,0
6598,4331,0
6604,4316,0
6599,4303,0
6592,4299,0
6588,4299,0
6586,4301,0
6585,4302,0
6589,4309,0
6601,4314,0
6615,4316,0
6635,4316,0
6651,4308,0
6671,4301,0
6685,4288,0
6698,4278,0
6700,4267,0
6703,4265,0
6699,4263,0
6686,4261,0
6686,4273,0
6681,4287,0
6683,4299,0
6690,4309,0
6705,4315,0
6720,4315,0
6739,4309,0
6756,4299,0
6773,4283,0
6785,4273,0
6792,4263,0
6793,4262,0
6796,4265,0
6791,4271,0
6781,4292,0
6766,4313,0
6757,4339,0
6750,4376,0
6739,4416,0
6728,4457,0
6720,4495,0
6709,4529,0
6698,4562,0
6687,4576,0
6672,4582,0
6662,4582,0
6650,4572,0
6638,4548,0
6641,4519,0
6657,4485,0
6683,4457,0
6718,4425,0
6767,4400,0
6817,4378,1