History suffered dismal
470
652,817,0
715,890,0
719,897,0
720,907,0
716,923,0
706,935,0
701,964,0
694,996,0
692,1039,0
685,1075,0
680,1117,0
674,1149,0
674,1179,0
684,1217,0
691,1245,0
695,1268,0
697,1286,0
697,1298,0
695,1310,0
691,1317,0
682,1315,1
690,1138,0
691,1138,0
702,1143,0
722,1138,0
752,1127,0
789,1122,0
822,1119,0
847,1113,0
870,1102,1
894,902,0
883,912,0
877,939,0
873,984,0
863,1022,0
861,1071,0
860,1124,0
857,1168,0
855,1206,0
863,1243,0
869,1269,0
877,1287,0
884,1293,1
998,1049,0
996,1065,0
998,1090,0
1001,1126,0
1007,1163,0
1011,1194,0
1011,1211,0
1014,1219,0
1014,1215,1
976,935,0
967,913,0
970,902,0
982,900,0
998,897,1
1181,983,0
1162,989,0
1143,995,0
1128,1016,0
1111,1037,0
1105,1061,0
1117,1085,0
1143,1103,0
1180,1112,0
1230,1122,0
1278,1133,0
1309,1155,0
1305,1168,0
1290,1188,0
1252,1208,0
1199,1226,0
1138,1243,0
1086,1249,0
1059,1233,0
1059,1205,0
1075,1157,1
1382,845,0
1387,860,0
1382,893,0
1375,948,0
1372,1016,0
1366,1073,0
1361,1117,0
1368,1152,0
1369,1164,1
1325,1018,0
1329,1013,0
1359,1008,0
1391,1001,0
1427,1000,0
1467,1004,0
1496,1003,0
1524,1007,0
1544,1014,0
1554,1023,0
1556,1026,0
1551,1025,0
1549,1025,0
1549,1025,0
1549,1025,0
1543,1024,0
1539,1035,0
1516,1047,0
1503,1071,0
1488,1100,0
1484,1124,0
1505,1145,0
1539,1151,0
1586,1146,0
1633,1125,0
1677,1103,0
1708,1078,1
1722,1043,0
1714,1004,0
1684,977,0
1629,966,0
1560,973,0
1513,994,0
1483,1011,0
1488,1025,0
1500,1028,0
1526,1024,1
1814,1113,0
1814,1113,0
1816,1112,0
1809,1103,0
1793,1085,0
1779,1055,0
1772,1020,0
1782,986,0
1805,960,0
1826,940,0
1849,928,0
1877,921,0
1909,922,1
1952,898,0
1944,894,0
1949,895,0
1947,909,0
1954,938,0
1965,981,0
1985,1023,0
2010,1049,0
2038,1060,0
2067,1058,0
2086,1044,0
2096,1020,0
2106,986,1
2102,914,0
2106,916,0
2101,928,0
2096,961,0
2082,1011,0
2060,1066,0
2038,1119,0
2027,1162,0
2022,1190,0
2014,1201,0
2022,1205,0
2033,1196,1
2596,859,0
2578,859,0
2557,863,0
2539,876,0
2512,893,0
2497,914,0
2490,936,0
2493,955,0
2510,966,0
2550,967,0
2595,967,0
2610,973,0
2618,986,0
2598,1005,0
2563,1035,0
2512,1064,0
2458,1089,0
2426,1100,0
2425,1095,0
2434,1066,0
2456,1025,1
2658,885,0
2663,893,0
2665,909,0
2666,935,0
2664,965,0
2657,997,0
2659,1020,0
2671,1030,0
2697,1024,0
2731,1003,0
2762,974,0
2782,941,0
2796,901,0
2808,872,0
2806,866,0
2804,870,0
2798,896,0
2786,943,0
2782,990,0
2792,1013,0
2821,1017,1
3162,653,0
3151,627,0
3131,610,0
3107,602,0
3082,608,0
3049,627,0
3003,664,0
2953,724,0
2929,799,0
2918,876,0
2911,936,0
2915,986,0
2921,1022,0
2930,1041,0
2936,1048,0
2940,1047,0
2940,1030,1
2864,935,0
2865,932,0
2876,925,0
2921,912,0
2996,897,0
3062,879,0
3124,858,0
3182,834,1
3332,620,0
3315,605,0
3303,603,0
3274,610,0
3237,629,0
3197,664,0
3167,716,0
3128,782,0
3127,849,0
3153,909,0
3182,955,0
3199,991,0
3217,1011,0
3227,1020,0
3227,1020,0
3221,1003,1
3124,871,0
3129,867,0
3160,865,0
3195,861,1
3368,886,0
3373,884,0
3387,876,0
3401,860,0
3411,842,0
3416,821,0
3421,800,0
3414,780,0
3400,773,0
3378,778,0
3352,797,0
3330,832,0
3320,877,0
3329,915,0
3358,939,0
3397,951,0
3439,950,0
3484,944,0
3508,933,0
3532,921,0
3547,913,1
3618,958,0
3618,955,0
3620,950,0
3607,936,0
3589,915,0
3573,886,0
3571,859,0
3574,834,0
3601,810,0
3626,791,0
3650,782,0
3674,780,0
3694,784,1
3753,936,0
3749,936,0
3762,933,0
3783,917,0
3803,892,0
3819,860,0
3823,830,0
3824,808,0
3814,798,0
3798,800,0
3772,818,0
3747,854,0
3731,899,0
3733,935,0
3765,955,0
3810,957,0
3865,941,1
4014,839,0
4001,841,0
3995,846,0
3984,859,0
3966,881,0
3947,911,0
3947,941,0
3966,960,0
4003,967,0
4047,953,0
4083,926,0
4103,895,0
4113,855,1
4077,641,0
4069,636,0
4068,644,0
4076,670,0
4082,709,0
4089,752,0
4097,796,0
4092,839,0
4108,877,0
4118,903,0
4131,917,0
4150,924,1
4674,803,0
4648,791,0
4616,786,0
4571,787,0
4524,796,0
4477,815,0
4449,849,0
4437,890,0
4444,928,0
4480,952,0
4516,958,0
4562,950,0
4603,931,1
4668,665,0
4650,644,0
4647,637,0
4651,637,0
4654,646,0
4666,672,0
4672,717,0
4676,772,0
4674,825,0
4676,874,0
4685,916,0
4695,949,0
4711,967,0
4731,970,0
4753,962,0
4767,933,0
4779,892,1
4806,788,0
4811,805,0
4817,846,0
4814,882,0
4822,902,0
4829,909,0
4839,901,0
4846,883,1
4842,659,0
4835,644,0
4845,629,0
4859,612,1
5060,773,0
5047,777,0
5038,786,0
5018,806,0
4990,827,0
4970,846,0
4973,861,0
4994,877,0
5045,886,0
5117,893,0
5173,901,0
5202,920,0
5207,935,0
5195,956,0
5154,977,0
5097,998,0
5042,1008,0
5005,1006,0
4987,993,0
4987,974,0
5002,946,1
5242,825,0
5246,827,0
5255,842,0
5264,866,0
5259,892,0
5243,914,0
5237,926,0
5237,927,0
5237,927,0
5241,924,0
5240,907,0
5247,871,0
5270,826,0
5296,792,0
5313,780,0
5330,781,0
5340,794,0
5351,830,0
5345,864,0
5353,893,0
5351,904,0
5350,904,0
5351,899,0
5363,879,0
5381,838,0
5409,792,0
5433,765,0
5445,766,0
5458,787,0
5462,817,0
5470,868,0
5468,907,0
5484,932,0
5511,941,0
5545,933,0
5584,915,0
5634,884,1
5759,804,0
5755,796,0
5755,798,0
5732,790,0
5712,789,0
5675,789,0
5639,792,0
5613,805,0
5596,837,0
5590,876,0
5610,903,0
5660,918,0
5716,921,0
5769,921,0
5810,915,0
5853,903,0
5882,878,0
5887,840,0
5881,819,0
5870,813,0
5854,813,0
5836,825,0
5828,851,0
5832,887,0
5835,917,0
5856,938,0
5867,941,0
5889,933,1
5938,603,0
5945,576,0
5950,565,0
5953,567,0
5957,576,0
5954,610,0
5960,665,0
5961,729,0
5974,789,0
5991,842,0
6022,880,0
6051,907,0
6089,921,0
6141,928,0
6183,914,0
6224,885,0
6249,847,1