people. The Nazi fortress concept
816
1020,3272,0
1013,3271,0
1011,3268,0
1012,3271,0
1013,3276,0
1014,3288,0
1014,3316,0
1011,3356,0
1007,3404,0
1002,3455,0
999,3512,0
996,3559,0
991,3595,0
988,3619,0
986,3624,0
987,3612,0
986,3579,1
1025,3252,0
1037,3248,0
1056,3249,0
1076,3257,0
1095,3269,0
1115,3288,0
1129,3308,0
1139,3332,0
1140,3356,0
1131,3376,0
1116,3392,0
1097,3409,0
1072,3416,0
1049,3416,0
1031,3416,0
1020,3412,0
1014,3408,0
1016,3400,0
1024,3388,0
1039,3384,1
1159,3387,0
1156,3392,0
1156,3392,0
1159,3392,0
1172,3399,0
1193,3403,0
1217,3397,0
1245,3392,0
1274,3387,0
1298,3373,0
1314,3360,0
1321,3347,0
1322,3344,0
1315,3336,0
1299,3325,0
1281,3327,0
1262,3335,0
1245,3352,0
1234,3369,0
1230,3385,0
1233,3401,0
1247,3421,0
1268,3436,0
1291,3442,0
1321,3448,0
1352,3445,0
1383,3439,0
1410,3428,0
1433,3414,0
1445,3396,0
1448,3375,0
1445,3364,0
1435,3353,0
1421,3346,0
1406,3352,0
1393,3361,0
1387,3378,0
1389,3402,0
1397,3421,0
1412,3440,0
1427,3446,0
1445,3452,0
1460,3451,0
1472,3445,0
1479,3424,0
1482,3404,0
1479,3376,0
1469,3353,0
1460,3338,0
1452,3331,0
1452,3335,0
1452,3334,0
1457,3338,0
1467,3345,0
1480,3348,0
1492,3346,0
1505,3340,0
1517,3331,0
1526,3313,0
1533,3292,0
1551,3248,0
1563,3291,0
1566,3315,0
1568,3347,0
1569,3387,0
1570,3440,0
1568,3489,0
1566,3537,0
1563,3570,0
1563,3598,0
1563,3607,0
1565,3607,0
1561,3587,0
1561,3555,0
1562,3510,0
1561,3457,1
1642,3319,0
1656,3333,0
1669,3354,0
1675,3373,0
1676,3394,0
1669,3411,0
1660,3429,0
1646,3440,0
1632,3450,0
1618,3453,0
1604,3451,0
1594,3449,0
1587,3445,0
1586,3445,0
1585,3442,0
1586,3441,0
1587,3442,0
1591,3445,0
1597,3448,0
1605,3446,0
1620,3452,0
1637,3450,0
1660,3445,0
1688,3437,0
1718,3422,0
1747,3400,0
1777,3373,0
1804,3343,0
1826,3300,0
1846,3259,0
1861,3214,0
1872,3174,0
1876,3148,0
1874,3136,0
1870,3129,0
1862,3131,0
1853,3151,0
1841,3182,0
1831,3221,0
1821,3265,0
1815,3315,0
1815,3365,0
1821,3404,0
1833,3435,0
1855,3458,0
1880,3465,0
1907,3458,0
1937,3446,0
1964,3423,0
1983,3396,0
1998,3367,0
2005,3337,0
2002,3312,0
1995,3298,0
1985,3293,0
1971,3292,0
1959,3300,0
1952,3318,0
1949,3344,0
1952,3373,0
1961,3407,0
1976,3436,0
1995,3468,0
2017,3496,0
2041,3518,0
2070,3538,0
2097,3547,0
2128,3554,0
2155,3545,1
2224,3489,0
2222,3490,0
2219,3486,0
2220,3490,0
2219,3491,0
2219,3491,0
2218,3486,0
2218,3486,0
2218,3486,0
2217,3487,0
2218,3491,0
2217,3491,0
2215,3492,0
2214,3492,0
2212,3493,0
2211,3493,0
2211,3493,0
2211,3493,0
2212,3493,0
2218,3495,0
2228,3492,1
2513,3300,0
2511,3297,0
2513,3300,0
2511,3300,0
2510,3310,0
2506,3334,0
2499,3372,0
2495,3418,0
2488,3460,0
2483,3493,0
2480,3520,0
2477,3539,0
2473,3549,0
2475,3552,0
2472,3545,0
2468,3520,0
2463,3483,1
2425,3269,0
2421,3267,0
2425,3266,0
2434,3261,0
2456,3260,0
2492,3262,0
2533,3260,0
2576,3262,0
2620,3263,1
2694,3238,0
2685,3238,0
2683,3240,0
2683,3244,0
2680,3263,0
2678,3291,0
2676,3324,0
2672,3362,0
2664,3401,0
2660,3443,0
2654,3482,0
2649,3515,0
2644,3535,0
2644,3544,0
2647,3547,0
2647,3542,0
2649,3537,0
2659,3519,0
2672,3495,0
2686,3479,0
2700,3464,0
2714,3457,0
2721,3458,0
2730,3467,0
2737,3481,0
2743,3501,0
2748,3520,0
2761,3540,0
2771,3549,0
2784,3551,0
2805,3554,0
2824,3541,0
2844,3521,0
2859,3498,0
2867,3477,0
2868,3463,0
2864,3460,0
2852,3457,0
2837,3465,0
2821,3483,0
2812,3515,0
2803,3542,0
2808,3576,0
2816,3598,0
2835,3621,0
2854,3632,0
2883,3641,0
2908,3641,0
2935,3631,1
3094,3409,0
3100,3396,0
3109,3382,0
3117,3367,0
3127,3361,0
3133,3356,0
3137,3359,0
3136,3364,0
3133,3380,0
3132,3405,0
3127,3432,0
3124,3467,0
3121,3506,0
3113,3543,0
3111,3582,0
3107,3613,0
3106,3636,0
3106,3645,0
3107,3645,0
3110,3638,0
3114,3613,1
3226,3411,0
3228,3409,0
3228,3404,0
3230,3408,0
3232,3421,0
3229,3447,0
3226,3482,0
3220,3515,0
3220,3552,0
3214,3580,0
3214,3603,0
3215,3612,0
3218,3615,0
3210,3602,0
3204,3577,0
3192,3537,1
3100,3397,0
3100,3396,0
3114,3407,0
3132,3424,0
3153,3448,0
3175,3482,0
3197,3520,0
3220,3558,1
3376,3570,0
3368,3561,0
3359,3557,0
3346,3556,0
3330,3568,0
3317,3585,0
3304,3608,0
3301,3633,0
3297,3650,0
3301,3662,0
3310,3666,0
3320,3660,0
3330,3638,0
3344,3611,0
3352,3577,0
3358,3544,0
3358,3525,0
3361,3523,0
3359,3523,0
3361,3527,0
3369,3546,0
3377,3565,0
3390,3584,0
3404,3595,0
3416,3600,0
3430,3601,0
3436,3587,0
3447,3570,0
3457,3549,0
3470,3530,0
3486,3518,0
3506,3508,0
3530,3510,0
3551,3515,0
3566,3530,0
3571,3551,0
3563,3580,0
3547,3613,0
3531,3648,0
3519,3676,0
3518,3696,0
3527,3708,0
3542,3714,0
3555,3709,0
3565,3692,1
3489,3560,0
3480,3562,0
3482,3560,0
3489,3561,0
3506,3563,0
3528,3566,0
3551,3564,0
3579,3565,0
3605,3560,1
3674,3543,0
3672,3544,0
3665,3549,0
3661,3568,0
3653,3584,0
3649,3612,0
3645,3640,0
3645,3670,0
3649,3691,0
3648,3702,0
3649,3701,0
3653,3699,1
3695,3435,0
3696,3429,0
3698,3428,0
3695,3425,0
3698,3428,0
3697,3428,0
3700,3431,0
3701,3436,0
3701,3445,1
4099,3397,0
4089,3395,0
4082,3403,0
4067,3405,0
4049,3421,0
4032,3443,0
4024,3476,0
4020,3507,0
4021,3543,0
4024,3582,0
4033,3623,0
4042,3662,0
4051,3701,0
4052,3732,0
4056,3765,0
4052,3789,0
4044,3811,0
4027,3826,0
4001,3836,0
3969,3835,0
3941,3832,0
3920,3824,0
3901,3802,0
3894,3772,0
3899,3738,1
3940,3622,0
3939,3618,0
3944,3619,0
3950,3619,0
3958,3617,0
3974,3615,0
3991,3612,0
4015,3607,1
4134,3609,0
4134,3609,0
4132,3606,0
4133,3604,0
4133,3600,0
4131,3596,0
4126,3595,0
4118,3596,0
4106,3602,0
4098,3619,0
4087,3640,0
4079,3662,0
4082,3686,0
4092,3703,0
4109,3715,0
4126,3716,0
4142,3708,0
4156,3696,0
4165,3677,0
4172,3655,0
4172,3628,0
4172,3607,0
4159,3586,0
4152,3581,0
4143,3580,0
4146,3582,0
4149,3585,0
4157,3594,0
4174,3605,0
4186,3605,0
4205,3609,0
4222,3605,0
4234,3600,0
4242,3592,0
4245,3589,0
4245,3589,0
4246,3593,0
4244,3595,0
4242,3609,0
4244,3623,0
4251,3633,0
4255,3634,0
4265,3636,0
4278,3630,0
4293,3621,0
4302,3612,0
4307,3608,0
4305,3609,0
4303,3612,0
4300,3626,0
4295,3647,0
4292,3665,0
4295,3685,0
4303,3699,0
4312,3707,0
4326,3710,0
4338,3706,0
4356,3693,0
4373,3672,0
4391,3643,0
4412,3607,0
4432,3566,0
4447,3523,0
4457,3484,0
4471,3458,0
4474,3438,0
4477,3435,0
4475,3437,0
4474,3443,0
4470,3470,0
4465,3510,0
4462,3553,0
4458,3597,0
4457,3647,0
4454,3690,0
4459,3723,0
4464,3746,0
4469,3758,0
4476,3762,0
4480,3753,0
4482,3734,1
4406,3501,0
4406,3507,0
4410,3508,0
4422,3514,0
4439,3520,0
4466,3526,0
4502,3530,0
4537,3533,0
4569,3535,0
4594,3539,0
4612,3542,0
4620,3545,0
4618,3547,1
4547,3598,0
4546,3599,0
4546,3599,0
4548,3603,0
4550,3623,0
4548,3648,0
4547,3677,0
4544,3701,0
4544,3724,0
4550,3741,0
4550,3746,0
4551,3745,0
4551,3745,0
4551,3740,0
4561,3724,0
4571,3693,0
4592,3666,0
4616,3642,0
4640,3623,0
4668,3612,0
4692,3603,0
4713,3599,0
4724,3605,0
4721,3614,1
4643,3711,0
4646,3714,0
4652,3719,0
4664,3725,0
4681,3730,0
4700,3728,0
4732,3728,0
4763,3725,0
4792,3718,0
4823,3709,0
4845,3697,0
4859,3682,0
4859,3670,0
4850,3657,0
4829,3650,0
4798,3648,0
4766,3659,0
4746,3680,0
4727,3700,0
4726,3723,0
4734,3744,0
4758,3764,0
4783,3773,0
4814,3776,0
4843,3769,1
5016,3639,0
5002,3632,0
4992,3625,0
4975,3620,0
4956,3617,0
4939,3619,0
4926,3621,0
4926,3633,0
4924,3646,0
4935,3665,0
4953,3687,0
4973,3707,0
4989,3725,0
5001,3741,0
5004,3754,0
5000,3766,0
4985,3776,0
4962,3783,0
4934,3784,0
4912,3790,0
4897,3794,0
4886,3793,0
4887,3793,0
4896,3789,0
4918,3777,1
5103,3711,0
5122,3694,0
5129,3674,0
5125,3660,0
5113,3645,0
5095,3641,0
5069,3641,0
5046,3649,0
5029,3662,0
5027,3682,0
5033,3706,0
5045,3733,0
5064,3761,0
5086,3790,0
5105,3811,0
5116,3828,0
5122,3839,0
5121,3847,0
5103,3853,0
5082,3859,0
5054,3860,0
5027,3860,0
5006,3864,0
4990,3865,0
4980,3864,0
4981,3863,0
4987,3855,0
5001,3847,1
5448,3654,0
5450,3652,0
5447,3648,0
5446,3644,0
5444,3645,0
5439,3646,0
5424,3653,0
5404,3670,0
5390,3701,0
5376,3731,0
5368,3764,0
5368,3790,0
5376,3812,0
5397,3829,0
5421,3838,0
5455,3836,0
5487,3827,1
5663,3718,0
5653,3711,0
5637,3704,0
5610,3700,0
5584,3708,0
5555,3718,0
5536,3736,0
5529,3757,0
5531,3773,0
5547,3786,0
5567,3794,0
5590,3790,0
5619,3781,0
5646,3764,0
5663,3743,0
5672,3719,0
5671,3694,0
5663,3679,0
5655,3675,0
5651,3675,0
5653,3678,0
5662,3687,0
5677,3698,0
5699,3703,0
5721,3701,0
5752,3699,0
5775,3689,0
5796,3681,0
5808,3678,0
5808,3677,0
5810,3689,0
5805,3715,0
5795,3748,0
5789,3777,0
5783,3804,0
5787,3824,0
5790,3834,0
5801,3840,0
5815,3835,0
5829,3817,0
5844,3790,0
5864,3764,0
5881,3740,0
5896,3728,0
5903,3724,0
5911,3728,0
5918,3739,0
5924,3764,0
5921,3788,0
5921,3813,0
5919,3836,0
5920,3855,0
5926,3867,0
5935,3868,0
5950,3855,0
5969,3836,1
6072,3716,0
6071,3712,0
6058,3707,0
6039,3708,0
6019,3715,0
6002,3725,0
5990,3742,0
5986,3761,0
5983,3778,0
5991,3800,0
6012,3819,0
6038,3832,0
6073,3838,0
6111,3833,0
6151,3818,0
6186,3798,0
6213,3773,0
6231,3748,0
6237,3732,0
6231,3720,0
6220,3715,0
6201,3720,0
6182,3735,0
6168,3760,0
6157,3789,0
6155,3820,0
6162,3846,0
6177,3864,0
6202,3872,0
6232,3871,0
6265,3860,0
6296,3843,0
6321,3813,0
6348,3782,0
6360,3751,0
6373,3732,0
6376,3720,0
6376,3720,0
6373,3723,0
6370,3737,0
6365,3771,0
6357,3812,0
6348,3858,0
6338,3908,0
6330,3960,0
6319,4002,0
6317,4026,0
6319,4031,0
6319,4024,0
6324,4003,0
6332,3958,0
6333,3902,0
6334,3852,0
6335,3801,0
6337,3756,0
6338,3719,0
6344,3696,0
6352,3684,0
6363,3682,0
6379,3686,0
6400,3698,0
6426,3717,0
6445,3739,0
6466,3764,0
6479,3788,0
6484,3816,0
6481,3843,0
6472,3870,0
6466,3893,0
6466,3915,0
6467,3933,0
6470,3943,0
6484,3950,0
6504,3950,0
6522,3939,0
6544,3920,0
6569,3898,0
6592,3865,0
6616,3821,0
6633,3764,0
6655,3710,0
6668,3652,0
6677,3599,0
6676,3554,0
6680,3524,0
6676,3508,0
6676,3507,0
6674,3510,0
6669,3535,0
6662,3578,0
6652,3631,0
6642,3691,0
6634,3756,0
6632,3818,0
6634,3874,0
6647,3918,0
6667,3954,0
6691,3976,0
6717,3986,0
6737,3978,0
6756,3957,0
6756,3921,0
6743,3875,0
6722,3826,1
6561,3678,0
6556,3671,0
6561,3670,0
6589,3665,0
6645,3665,0
6698,3663,0
6758,3667,0
6799,3666,0
6825,3670,0
6836,3676,0
6837,3682,0
6817,3684,1