reference to Trelawny by name in the
871
721,4152,0
723,4157,0
723,4165,0
721,4193,0
719,4225,0
714,4264,0
711,4309,0
713,4344,0
719,4377,0
725,4401,0
732,4410,0
728,4406,0
728,4394,0
725,4362,0
721,4321,0
718,4277,0
716,4232,0
713,4200,0
714,4180,0
715,4168,0
716,4159,0
719,4169,0
727,4177,0
745,4203,0
772,4229,0
809,4248,0
848,4266,0
885,4276,0
921,4273,0
950,4266,0
972,4247,0
986,4215,0
992,4184,0
991,4155,0
985,4135,0
977,4127,0
964,4123,0
949,4131,0
933,4150,0
918,4181,0
905,4217,0
896,4260,0
892,4304,0
896,4340,0
910,4373,0
929,4398,0
955,4415,0
983,4419,0
1011,4412,1
1083,4024,0
1083,4021,0
1081,4021,0
1078,4024,0
1071,4036,0
1066,4068,0
1061,4113,0
1059,4168,0
1056,4232,0
1059,4297,0
1063,4356,0
1066,4412,0
1072,4453,0
1076,4480,0
1075,4488,0
1067,4476,0
1053,4444,1
1041,4224,0
1041,4228,0
1041,4228,0
1041,4228,0
1041,4224,0
1042,4229,0
1042,4225,0
1043,4229,0
1043,4225,0
1043,4225,0
1044,4228,0
1044,4224,0
1044,4229,0
1044,4228,0
1043,4225,0
1042,4225,0
1042,4224,0
1042,4224,0
1042,4228,0
1043,4229,0
1044,4228,0
1044,4224,0
1044,4225,0
1046,4229,0
1049,4228,0
1053,4225,0
1060,4225,0
1071,4228,0
1083,4229,0
1098,4229,0
1115,4225,0
1135,4225,0
1157,4220,0
1179,4215,0
1202,4207,0
1220,4198,0
1232,4181,0
1240,4166,0
1243,4153,0
1239,4138,0
1231,4130,0
1220,4126,0
1204,4127,0
1187,4131,0
1169,4144,0
1155,4168,0
1141,4192,0
1134,4224,0
1131,4252,0
1137,4280,0
1148,4308,0
1165,4336,0
1186,4359,0
1206,4375,0
1227,4381,0
1245,4377,0
1269,4372,1
1340,4176,0
1343,4168,0
1344,4168,0
1344,4167,0
1342,4176,0
1337,4196,0
1334,4225,0
1335,4261,0
1334,4292,0
1337,4316,0
1336,4328,0
1335,4333,1
1328,4317,0
1325,4297,0
1314,4262,0
1304,4227,0
1295,4198,0
1291,4187,0
1290,4179,0
1293,4175,0
1300,4174,0
1310,4178,0
1329,4189,0
1353,4195,0
1385,4205,0
1413,4203,0
1440,4196,0
1465,4186,0
1484,4164,0
1499,4146,0
1505,4126,0
1503,4106,0
1497,4090,0
1485,4088,0
1467,4089,0
1450,4099,0
1433,4121,0
1420,4146,0
1416,4183,0
1418,4210,0
1427,4238,0
1445,4264,0
1464,4283,0
1484,4292,0
1505,4295,0
1523,4285,0
1537,4267,0
1549,4234,0
1555,4196,0
1559,4164,0
1568,4134,0
1570,4110,0
1571,4098,0
1573,4098,0
1572,4102,0
1570,4122,0
1567,4159,0
1568,4195,0
1568,4231,0
1570,4263,0
1571,4279,0
1573,4287,0
1575,4287,0
1577,4275,0
1582,4249,0
1593,4220,0
1610,4178,0
1625,4139,0
1642,4121,0
1657,4106,0
1673,4104,0
1686,4114,0
1695,4128,0
1703,4164,0
1703,4196,0
1703,4229,0
1701,4262,0
1705,4285,0
1711,4304,0
1721,4316,1
1857,4150,0
1863,4131,0
1864,4115,0
1861,4108,0
1848,4098,0
1834,4097,0
1819,4108,0
1800,4123,0
1784,4147,0
1773,4181,0
1764,4215,0
1763,4248,0
1768,4271,0
1781,4294,0
1798,4307,0
1821,4311,0
1844,4306,0
1870,4294,0
1899,4272,0
1924,4242,0
1947,4217,0
1961,4189,0
1965,4159,0
1966,4138,0
1962,4127,0
1952,4114,0
1934,4109,0
1915,4117,0
1897,4133,0
1880,4152,0
1871,4183,0
1869,4216,0
1876,4256,0
1891,4290,0
1913,4314,0
1941,4332,0
1970,4343,0
1995,4341,0
2017,4324,0
2037,4299,0
2059,4261,1
2202,4007,0
2202,4012,0
2202,4016,0
2202,4037,0
2195,4102,0
2191,4152,0
2187,4199,0
2186,4245,0
2188,4286,0
2187,4311,0
2187,4328,0
2188,4331,1
2164,4135,0
2173,4133,0
2185,4125,0
2292,4118,0
2307,4123,1
2341,4141,0
2350,4143,0
2357,4145,0
2369,4153,0
2376,4163,0
2381,4183,0
2385,4210,0
2385,4244,0
2379,4280,0
2367,4305,0
2352,4322,0
2335,4323,0
2320,4315,0
2308,4297,0
2296,4273,0
2287,4242,0
2283,4200,0
2288,4157,0
2302,4132,0
2314,4120,0
2326,4116,0
2340,4125,0
2349,4131,0
2357,4140,1
2679,4073,0
2681,4064,0
2683,4055,0
2685,4054,0
2685,4058,0
2685,4068,0
2680,4091,0
2680,4134,0
2680,4185,0
2674,4239,0
2668,4293,0
2662,4333,0
2657,4365,0
2652,4380,0
2649,4381,0
2647,4369,0
2650,4343,1
2755,4016,0
2752,4017,0
2741,4017,0
2722,4022,0
2692,4020,0
2658,4027,0
2621,4032,0
2586,4037,0
2559,4039,1
2791,4143,0
2789,4140,0
2788,4141,0
2788,4145,0
2786,4155,0
2789,4175,0
2791,4205,0
2793,4238,0
2800,4275,0
2801,4300,0
2805,4316,0
2808,4324,0
2806,4320,0
2803,4312,0
2800,4292,0
2800,4262,0
2799,4231,1
2792,4161,0
2795,4151,0
2801,4148,0
2803,4147,0
2808,4150,0
2807,4150,0
2810,4157,0
2813,4164,0
2819,4175,0
2824,4181,0
2830,4188,0
2838,4188,0
2852,4192,0
2866,4190,0
2882,4183,0
2900,4174,0
2918,4167,0
2932,4151,0
2941,4133,0
2955,4123,0
2959,4107,0
2959,4094,0
2958,4086,0
2946,4073,0
2934,4065,0
2922,4067,0
2907,4074,0
2889,4082,0
2873,4102,0
2859,4126,0
2849,4153,0
2843,4178,0
2844,4208,0
2846,4225,0
2859,4250,0
2873,4265,0
2892,4275,0
2914,4283,0
2932,4278,0
2951,4274,0
2965,4268,0
2972,4256,0
2977,4241,0
2978,4227,1
3017,4029,0
3018,4034,0
3020,4042,0
3018,4051,0
3018,4070,0
3016,4093,0
3004,4121,0
3005,4160,0
3006,4200,0
3006,4231,0
3006,4263,0
3006,4288,0
3001,4304,0
3000,4314,0
3000,4322,0
2998,4319,0
3001,4309,1
3207,4143,0
3197,4131,0
3185,4119,0
3165,4106,0
3148,4102,0
3129,4103,0
3103,4108,0
3086,4130,0
3067,4157,0
3059,4192,0
3057,4225,0
3058,4250,0
3070,4276,0
3087,4299,0
3110,4314,0
3129,4318,0
3149,4313,0
3165,4296,0
3179,4270,0
3189,4239,0
3199,4202,0
3209,4174,0
3215,4152,0
3219,4145,0
3218,4142,0
3216,4147,0
3209,4160,0
3205,4189,0
3204,4222,0
3207,4256,0
3214,4284,0
3226,4310,0
3242,4328,0
3260,4336,0
3281,4339,0
3301,4329,0
3322,4309,0
3338,4281,0
3346,4244,0
3351,4210,0
3357,4184,0
3352,4154,0
3355,4144,0
3358,4147,0
3356,4152,0
3346,4167,0
3344,4200,0
3344,4237,0
3347,4272,0
3356,4299,0
3373,4326,0
3389,4340,0
3411,4351,0
3431,4344,0
3458,4333,0
3481,4311,0
3498,4282,0
3510,4252,0
3512,4219,0
3510,4191,0
3501,4164,0
3491,4147,0
3479,4136,0
3466,4129,0
3461,4133,0
3461,4137,0
3462,4141,0
3478,4155,0
3498,4162,0
3523,4165,0
3547,4164,0
3565,4153,0
3585,4145,0
3604,4138,0
3614,4126,0
3622,4121,0
3622,4117,0
3624,4121,0
3620,4128,0
3614,4146,0
3609,4172,0
3602,4200,0
3594,4225,0
3590,4251,0
3590,4274,0
3588,4290,0
3587,4299,0
3583,4302,0
3581,4302,0
3579,4290,0
3577,4268,0
3584,4244,0
3590,4213,0
3602,4186,0
3616,4159,0
3633,4139,0
3650,4123,0
3666,4117,0
3677,4115,0
3686,4123,0
3691,4138,0
3696,4165,0
3691,4191,0
3694,4223,0
3693,4247,0
3691,4267,0
3696,4283,0
3701,4290,0
3711,4292,0
3725,4289,0
3737,4271,0
3755,4250,0
3769,4222,0
3777,4197,0
3785,4172,0
3790,4145,0
3790,4120,0
3790,4106,0
3790,4106,0
3790,4111,0
3785,4128,0
3781,4160,0
3776,4188,0
3782,4223,0
3785,4250,0
3795,4272,0
3808,4287,0
3824,4296,0
3839,4291,0
3856,4279,0
3869,4251,0
3885,4220,0
3897,4183,0
3904,4153,0
3909,4126,0
3912,4109,0
3917,4099,0
3916,4097,0
3914,4097,0
3917,4119,0
3920,4152,0
3923,4193,0
3921,4234,0
3922,4283,0
3915,4326,0
3906,4370,0
3893,4408,0
3876,4433,0
3858,4450,0
3846,4463,0
3829,4459,0
3817,4449,0
3807,4431,0
3804,4405,0
3807,4374,0
3822,4345,0
3843,4316,0
3869,4299,0
3892,4292,0
3910,4290,0
3926,4290,1
4219,3994,0
4222,3991,0
4221,3992,0
4221,3998,0
4222,4017,0
4225,4051,0
4230,4097,0
4237,4148,0
4241,4197,0
4242,4237,0
4247,4267,0
4246,4283,0
4249,4287,0
4250,4285,0
4252,4273,0
4255,4246,0
4255,4205,0
4256,4164,0
4262,4129,0
4279,4105,0
4299,4087,0
4324,4083,0
4345,4087,0
4362,4104,0
4372,4133,0
4367,4167,0
4355,4203,0
4336,4233,0
4280,4278,0
4272,4273,0
4273,4263,1
4408,4059,0
4408,4059,0
4407,4066,0
4401,4087,0
4399,4119,0
4401,4155,0
4406,4188,0
4413,4217,0
4430,4246,0
4442,4256,0
4455,4260,0
4468,4249,0
4483,4222,0
4495,4184,0
4508,4147,0
4512,4112,0
4518,4091,0
4519,4080,0
4520,4079,0
4521,4084,0
4521,4105,0
4529,4199,0
4531,4259,0
4531,4323,0
4530,4380,0
4519,4425,0
4511,4463,0
4494,4481,0
4476,4485,0
4463,4485,0
4447,4467,0
4435,4436,0
4427,4401,0
4425,4357,0
4435,4318,1
4740,4085,0
4742,4104,0
4741,4133,0
4746,4171,0
4748,4208,0
4750,4244,0
4750,4270,0
4743,4281,0
4744,4286,0
4743,4282,0
4750,4270,0
4753,4241,0
4760,4208,0
4767,4163,0
4780,4124,0
4799,4090,0
4820,4069,0
4835,4056,0
4851,4056,0
4859,4060,0
4869,4083,0
4871,4116,0
4874,4162,0
4874,4200,0
4873,4239,0
4871,4268,0
4872,4290,0
4880,4304,0
4887,4303,1
5031,4109,0
5035,4094,0
5028,4073,0
5016,4063,0
4999,4063,0
4975,4070,0
4955,4089,0
4937,4117,0
4928,4155,0
4920,4190,0
4924,4225,0
4934,4253,0
4951,4275,0
5227,4044,0
5047,4144,0
5045,4118,0
5045,4106,0
5045,4102,0
5039,4118,0
5031,4143,0
5031,4178,0
5032,4215,0
5101,4299,0
5117,4282,0
5128,4250,0
5139,4113,0
5143,4098,0
5144,4097,0
5149,4098,0
5146,4145,0
5148,4185,0
5147,4220,0
5148,4253,0
5146,4272,0
5145,4284,0
5148,4247,0
5151,4216,0
5157,4181,0
5168,4152,0
5200,4113,0
5221,4104,0
5238,4103,0
5251,4106,0
5261,4126,0
5266,4155,0
5272,4196,0
5265,4247,0
5262,4267,0
5257,4272,0
5259,4276,0
5256,4273,0
5258,4266,0
5258,4237,0
5267,4206,0
5274,4175,0
5284,4147,0
5300,4125,0
5318,4106,0
5332,4095,0
5346,4093,0
5354,4096,0
5364,4104,0
5371,4131,0
5371,4184,0
5367,4205,0
5367,4229,0
5364,4244,0
5368,4256,0
5368,4267,0
5369,4266,0
5376,4266,0
5393,4259,0
5413,4244,0
5428,4222,0
5443,4200,0
5454,4176,0
5467,4156,0
5474,4131,0
5474,4106,0
5472,4085,0
5467,4073,0
5460,4068,0
5450,4066,0
5437,4075,0
5422,4097,0
5398,4148,0
5390,4174,0
5390,4205,0
5391,4226,0
5395,4244,0
5405,4257,0
5419,4266,0
5431,4266,0
5450,4263,0
5463,4254,0
5474,4249,1
5729,4062,0
5731,4065,0
5731,4073,0
5729,4093,0
5726,4127,0
5733,4248,0
5740,4283,0
5737,4299,0
5736,4281,0
5735,4253,1
5723,3912,0
5728,3919,0
5734,3937,0
5735,3954,0
5744,3975,1
5824,4080,0
5829,4067,0
5829,4054,0
5833,4050,0
5838,4049,0
5835,4053,0
5842,4076,0
5845,4104,0
5850,4149,0
5853,4188,0
5861,4222,0
5857,4245,0
5859,4256,0
5861,4260,0
5859,4256,0
5862,4246,0
5864,4218,0
5871,4179,0
5882,4140,0
5897,4098,0
5913,4065,0
5932,4048,0
5954,4039,0
5972,4042,0
5991,4052,0
6002,4076,0
6013,4114,0
6016,4154,0
6017,4197,0
6026,4243,0
6036,4275,0
6046,4301,0
6057,4318,1
6246,3913,0
6256,3919,0
6259,3942,0
6256,3974,0
6254,4023,0
6251,4082,0
6249,4135,0
6246,4186,0
6250,4227,0
6256,4257,0
6256,4275,0
6256,4283,0
6256,4275,1
6274,4109,0
6272,4106,0
6268,4104,0
6263,4105,0
6247,4106,0
6230,4109,0
6208,4110,0
6194,4109,1
6342,3896,0
6344,3899,0
6346,3918,0
6345,3954,0
6341,3993,0
6340,4042,0
6334,4083,0
6331,4128,0
6334,4170,0
6336,4200,0
6335,4228,0
6334,4242,0
6331,4246,0
6334,4249,0
6333,4237,0
6334,4216,0
6341,4181,0
6350,4147,0
6364,4117,0
6377,4092,0
6394,4076,0
6410,4068,0
6425,4068,0
6437,4070,0
6450,4087,0
6455,4108,0
6462,4139,0
6459,4169,0
6459,4197,0
6459,4223,0
6459,4242,0
6464,4256,0
6468,4272,0
6477,4280,0
6488,4278,0
6503,4272,0
6515,4262,0
6533,4245,0
6553,4225,0
6564,4203,0
6573,4176,0
6577,4151,0
6577,4124,0
6572,4104,0
6558,4088,0
6541,4078,0
6524,4082,0
6506,4099,0
6489,4136,0
6477,4172,0
6474,4203,0
6481,4234,0
6494,4264,0
6511,4287,0
6532,4305,0
6551,4314,0
6568,4312,0
6584,4304,0
6601,4287,0
6609,4269,0
6609,4264,1