my country!
235
769,6284,0
765,6284,0
764,6300,0
766,6340,0
767,6396,0
763,6464,0
757,6532,0
749,6592,0
744,6632,0
743,6639,0
743,6635,0
747,6599,0
757,6536,0
773,6457,0
798,6382,0
818,6338,0
836,6315,0
842,6328,0
846,6367,0
842,6428,0
832,6499,0
827,6568,0
826,6611,0
824,6623,0
830,6623,0
840,6584,0
856,6516,0
887,6445,0
922,6379,0
949,6346,0
964,6347,0
971,6360,0
972,6399,0
966,6459,0
953,6515,0
951,6575,0
942,6611,0
945,6635,0
958,6631,0
968,6603,0
986,6564,1
1056,6376,0
1059,6379,0
1071,6400,0
1092,6428,0
1119,6464,0
1146,6500,0
1172,6535,0
1189,6571,0
1199,6611,1
1060,6996,0
1047,7000,0
1045,6988,0
1054,6939,0
1077,6884,0
1105,6816,0
1143,6740,0
1188,6663,0
1234,6590,0
1279,6521,0
1317,6471,0
1347,6443,0
1362,6434,1
2041,6321,0
2020,6309,0
2001,6300,0
1974,6295,0
1943,6308,0
1905,6334,0
1868,6370,0
1836,6427,0
1814,6481,0
1803,6536,0
1803,6571,0
1813,6606,0
1832,6628,1
2160,6363,0
2154,6348,0
2145,6341,0
2131,6343,0
2106,6355,0
2081,6388,0
2058,6432,0
2039,6483,0
2031,6537,0
2034,6577,0
2047,6596,0
2072,6604,0
2102,6596,0
2134,6565,0
2159,6521,0
2181,6476,0
2190,6426,0
2188,6382,0
2175,6352,0
2157,6331,0
2141,6329,1
2285,6344,0
2268,6355,0
2258,6382,0
2248,6420,0
2242,6466,0
2241,6519,0
2248,6558,0
2256,6573,0
2271,6578,0
2292,6570,0
2316,6545,0
2338,6505,0
2361,6463,0
2382,6422,0
2400,6386,0
2412,6367,0
2416,6365,0
2420,6377,0
2419,6402,0
2416,6443,0
2414,6493,0
2411,6539,0
2412,6579,0
2414,6604,0
2421,6613,1
2509,6370,0
2509,6370,0
2512,6385,0
2514,6425,0
2516,6471,0
2516,6516,0
2516,6553,0
2518,6580,0
2519,6589,0
2526,6587,0
2536,6572,0
2552,6541,0
2574,6494,0
2599,6455,0
2620,6438,0
2632,6427,0
2642,6437,0
2647,6460,0
2647,6505,0
2642,6564,0
2634,6620,0
2629,6662,0
2633,6690,0
2642,6692,0
2656,6668,1
2782,6184,0
2779,6181,0
2777,6181,0
2779,6194,0
2784,6229,0
2794,6276,0
2799,6324,0
2808,6380,0
2815,6432,0
2823,6480,0
2829,6515,0
2832,6548,0
2828,6570,1
2763,6550,0
2751,6528,0
2741,6506,0
2740,6490,0
2745,6463,0
2760,6435,0
2788,6415,0
2815,6394,0
2849,6385,0
2884,6392,0
2913,6408,0
2934,6435,0
2952,6476,0
2960,6515,0
2961,6553,0
2958,6579,0
2953,6589,0
2954,6584,0
2954,6567,0
2963,6527,0
2978,6489,0
2996,6450,0
3017,6419,0
3036,6396,0
3051,6382,0
3061,6379,0
3071,6377,0
3084,6376,1
3134,6356,0
3127,6354,0
3128,6353,0
3135,6360,0
3152,6376,0
3175,6397,0
3196,6424,0
3217,6455,0
3233,6483,0
3252,6519,0
3268,6551,0
3277,6582,0
3279,6620,1
3168,6896,0
3161,6897,0
3163,6889,0
3177,6850,0
3198,6794,0
3225,6734,0
3258,6669,0
3294,6601,0
3331,6538,0
3363,6485,0
3387,6437,0
3404,6401,0
3416,6375,0
3424,6359,0
3432,6352,0
3440,6358,1
3511,6523,0
3497,6533,0
3500,6531,0
3500,6527,0
3501,6527,1
3523,6126,0
3518,6133,0
3516,6146,0
3516,6169,0
3519,6193,0
3520,6219,0
3521,6253,0
3514,6281,0
3510,6318,0
3506,6349,0
3506,6375,0
3506,6392,0
3504,6397,1