The beauty of the place quite
766
252,4123,0
242,4116,0
231,4114,0
224,4109,0
217,4103,0
218,4095,0
215,4087,0
216,4075,0
217,4066,0
225,4060,0
234,4058,0
248,4057,0
265,4052,0
284,4044,0
304,4044,0
324,4047,0
344,4056,0
364,4068,0
383,4075,0
397,4082,0
408,4087,0
412,4092,0
410,4084,0
407,4075,0
407,4063,1
305,4056,0
305,4061,0
306,4069,0
310,4070,0
311,4078,0
313,4094,0
316,4111,0
30,4070,0
31,4095,0
33,4113,0
34,4129,0
35,4141,0
33,4154,0
35,4162,0
35,4162,0
37,4159,0
41,4159,0
494,4004,0
488,3995,0
483,3998,0
480,4006,0
480,4026,0
480,4055,0
484,4080,0
496,4215,0
495,4231,0
492,4242,0
489,4242,0
486,4237,0
483,4233,0
482,4213,0
570,4193,0
586,4206,0
606,4213,0
627,4223,0
646,4226,0
665,4220,0
685,4213,0
704,4199,0
718,4176,0
726,4157,0
732,4137,0
731,4121,0
723,4104,0
714,4095,0
699,4170,0
706,4187,0
717,4204,0
731,4222,0
745,4231,0
755,4244,0
767,4253,0
772,4253,0
777,4253,0
779,4242,1
973,4143,0
975,4147,0
979,4151,0
984,4151,0
986,4152,0
996,4152,0
1008,4144,0
1023,4132,0
1038,4112,0
1056,4097,0
1068,4073,0
1077,4052,0
1083,4029,0
1085,4009,0
1084,3988,0
1078,3981,0
1068,3981,0
1055,3985,0
1044,3996,0
1033,4012,0
1027,4040,0
1023,4068,0
1027,4108,0
1035,4148,0
1046,4176,0
1063,4205,0
1076,4220,0
1088,4229,0
1098,4229,0
1110,4213,0
1117,4196,0
1119,4180,0
1117,4164,0
1112,4145,0
1107,4133,0
1102,4128,0
1104,4128,0
1102,4128,0
1107,4128,0
1114,4136,0
1129,4144,0
1147,4152,0
1166,4159,0
1189,4167,0
1211,4166,0
1232,4166,0
1246,4149,0
1260,4136,0
1269,4120,0
1273,4099,0
1270,4075,0
1262,4061,0
1251,4049,0
1240,4045,0
1222,4046,0
1211,4054,0
1199,4070,0
1192,4094,0
1182,4119,0
1184,4147,0
1189,4171,0
1197,4191,0
1205,4203,0
1214,4206,0
1229,4210,0
1242,4205,0
1256,4193,0
1273,4184,0
1287,4167,0
1301,4150,0
1316,4134,0
1334,4121,0
1348,4103,0
1364,4094,0
1377,4089,0
1388,4085,0
1396,4080,0
1401,4084,0
1400,4080,0
1397,4080,0
1390,4084,0
1382,4085,0
1369,4085,0
1355,4091,0
1340,4096,0
1326,4117,0
1319,4138,0
1312,4162,0
1305,4186,0
1308,4210,0
1312,4217,0
1322,4225,0
1334,4220,0
1352,4215,0
1365,4198,0
1377,4181,0
1387,4157,0
1397,4135,0
1403,4115,0
1403,4099,0
1403,4091,0
1403,4091,0
1401,4095,0
1397,4108,0
1396,4123,0
1397,4148,0
1400,4176,0
1404,4195,0
1411,4215,0
1420,4227,0
1432,4233,0
1446,4227,0
1460,4219,0
1476,4205,0
1492,4191,0
1503,4166,0
1516,4145,0
1524,4124,0
1531,4114,0
1532,4103,0
1532,4098,0
1530,4099,0
1526,4104,0
1521,4120,0
1517,4140,0
1514,4165,0
1515,4189,0
1515,4205,0
1523,4217,0
1532,4220,0
1545,4217,0
1558,4208,0
1572,4191,0
1582,4173,0
1592,4152,0
1597,4131,0
1598,4115,0
1597,4110,0
1597,4114,0
1592,4119,0
1589,4140,0
1587,4164,0
1588,4193,0
1592,4220,0
1601,4244,0
1612,4254,0
1623,4252,0
1639,4242,0
1661,4223,0
1681,4196,0
1696,4157,0
1713,4126,0
1727,4091,0
1742,4056,0
1748,4027,0
1750,3998,0
1754,3981,0
1758,3972,0
1761,3972,0
1763,3971,0
1768,3983,0
1768,3995,0
1770,4024,0
1768,4056,0
1766,4101,0
1755,4143,0
1750,4181,0
1748,4210,0
1749,4226,0
1751,4237,0
1754,4241,0
1759,4244,0
1765,4239,0
1773,4225,0
1786,4215,0
1797,4201,0
1809,4182,0
1820,4160,0
1833,4142,0
1842,4120,0
1848,4102,0
1848,4094,0
1848,4094,0
1844,4099,0
1836,4113,0
1831,4133,0
1829,4155,0
1826,4179,0
1831,4199,0
1840,4214,0
1854,4215,0
1869,4212,0
1884,4201,0
1896,4186,0
1903,4173,0
1908,4159,0
1915,4158,0
1923,4156,0
1930,4159,0
1939,4177,0
1945,4196,0
1957,4235,0
1964,4270,0
1973,4313,0
1973,4358,0
1966,4396,0
1955,4435,0
1940,4467,0
1921,4483,0
1903,4491,0
1884,4486,0
1866,4473,0
1853,4463,0
1838,4446,0
1834,4426,0
1838,4397,0
1861,4381,1
2325,4159,0
2323,4159,0
2317,4157,0
2311,4155,0
2303,4152,0
2294,4147,0
2282,4147,0
2265,4147,0
2252,4155,0
2239,4164,0
2236,4181,0
2229,4196,0
2229,4217,0
2231,4237,0
2242,4254,0
2260,4266,0
2275,4270,0
2290,4270,0
2302,4262,0
2311,4242,0
2321,4223,0
2328,4199,0
2323,4180,0
2316,4169,0
2304,4165,0
2298,4172,0
2290,4174,0
2287,4174,0
2286,4175,0
2289,4178,0
2297,4184,0
2309,4188,0
2326,4187,0
2350,4185,0
2373,4177,0
2393,4167,0
2415,4151,0
2435,4126,0
2451,4096,0
2463,4070,0
2467,4048,0
2463,4032,0
2453,4019,0
2447,4017,0
2439,4020,0
2434,4038,0
2429,4061,0
2427,4096,0
2427,4138,0
2429,4184,0
2431,4229,0
2438,4278,0
2440,4315,0
2442,4344,0
2444,4360,0
2446,4368,0
2444,4365,0
2443,4360,0
2441,4348,0
2439,4319,1
2452,4197,0
2453,4196,0
2454,4200,0
2453,4201,0
2450,4202,0
2446,4199,0
2437,4194,0
2429,4196,0
2420,4204,0
2410,4207,0
2403,4213,0
2395,4212,0
2392,4217,0
2384,4212,0
2381,4216,0
2385,4227,0
2378,4200,1
2641,4209,0
2642,4217,0
2642,4217,0
2643,4221,0
2642,4217,0
2644,4217,0
2651,4210,0
2661,4202,0
2673,4193,0
2683,4180,0
2699,4165,0
2712,4142,0
2729,4114,0
2743,4090,0
2751,4065,0
2759,4053,0
2765,4041,0
2767,4041,0
2766,4037,0
2767,4041,0
2767,4054,0
2765,4077,0
2765,4112,0
2762,4143,0
2754,4176,0
2837,4150,0
2847,4110,0
2859,4079,0
2866,4049,0
2864,4028,0
2859,4017,0
2849,4009,0
2844,4015,0
2837,4031,0
2832,4056,0
2823,4086,0
2815,4125,0
2817,4167,0
2847,4198,0
2856,4198,0
2871,4205,0
2885,4216,0
2903,4229,0
2919,4240,0
2941,4256,0
2959,4261,0
2980,4266,0
2994,4254,0
3013,4245,0
3023,4222,0
3033,4205,0
3035,4181,0
3030,4162,0
3021,4149,0
3008,4145,0
3000,4150,0
2993,4162,0
2992,4181,0
2994,4200,0
3004,4223,0
3018,4247,0
3037,4270,0
3053,4293,0
3061,4307,0
3071,4320,0
3079,4325,0
3085,4326,0
3090,4324,0
3092,4318,1
3280,4244,0
3283,4247,0
3284,4252,0
3281,4249,0
3284,4251,0
3287,4246,0
3294,4237,0
3302,4228,0
3310,4215,0
3317,4201,0
3326,4187,0
3329,4176,0
3332,4170,0
3333,4174,0
3333,4179,0
3330,4194,0
3336,4228,0
3340,4262,0
3343,4302,0
3343,4343,0
3339,4376,0
3339,4408,0
3335,4428,0
3336,4437,0
3331,4435,0
3328,4432,0
3325,4415,0
3323,4394,0
3323,4367,0
3322,4336,0
3322,4304,0
3324,4271,0
3326,4242,0
3335,4219,0
3349,4202,0
3367,4187,0
3388,4180,0
3409,4181,0
3454,4216,0
3445,4221,0
3434,4227,0
3426,4237,0
3418,4241,0
3414,4248,0
3413,4253,0
3411,4254,0
3414,4257,0
3424,4261,0
3439,4261,0
3455,4256,0
3475,4250,0
3495,4233,0
3518,4214,0
3542,4191,0
3560,4161,0
3578,4131,0
3583,4089,0
3585,4055,0
3581,4029,0
3575,4015,0
3562,4007,0
3547,4012,0
3539,4028,0
3527,4049,0
3525,4084,0
3518,4116,0
3518,4159,0
3520,4200,0
3522,4235,0
3528,4261,0
3536,4278,0
3546,4287,0
3555,4286,0
3568,4273,0
3584,4254,0
3597,4232,0
3617,4215,0
3632,4196,0
3653,4183,0
3672,4171,0
3691,4159,0
3709,4156,0
3720,4153,0
3728,4153,0
3731,4155,0
3728,4153,0
3730,4157,0
3720,4154,0
3704,4154,0
3687,4155,0
3668,4159,0
3644,4164,0
3627,4176,0
3614,4193,0
3605,4208,0
3602,4229,0
3602,4247,0
3608,4258,0
3614,4264,0
3624,4267,0
3634,4261,0
3645,4244,0
3656,4219,0
3670,4191,0
3675,4173,0
3675,4163,0
3677,4167,0
3678,4166,0
3679,4180,0
3678,4196,0
3687,4218,0
3695,4241,0
3705,4259,0
3718,4269,0
3730,4270,0
3747,4270,0
3762,4260,0
3774,4242,0
3792,4226,0
3807,4205,0
3824,4190,0
3836,4176,0
3849,4167,0
3864,4167,0
3878,4167,0
3886,4166,0
3894,4170,0
3894,4170,0
3892,4167,0
3888,4169,0
3877,4168,0
3865,4172,0
3848,4178,0
3827,4182,0
3816,4195,0
3802,4205,0
3796,4223,0
3793,4244,0
3793,4263,0
3795,4280,0
3808,4296,0
3825,4309,0
3841,4313,0
3859,4316,0
3882,4314,0
3904,4304,0
3932,4295,0
3956,4278,0
3978,4258,0
3997,4234,0
4011,4209,0
4024,4191,0
4031,4175,0
4029,4162,0
4024,4155,0
4015,4157,0
4003,4166,0
3993,4178,0
3989,4196,0
3986,4217,0
3991,4243,0
4004,4268,0
4015,4285,0
4029,4299,0
4045,4314,0
4053,4323,0
4061,4331,0
4065,4333,0
4074,4327,1
4415,4246,0
4418,4249,0
4418,4244,0
4419,4238,0
4417,4230,0
4409,4221,0
4391,4215,0
4367,4208,0
4344,4211,0
4321,4220,0
4299,4232,0
4279,4254,0
4267,4283,0
4260,4308,0
4263,4326,0
4273,4339,0
4289,4347,0
4306,4348,0
4328,4352,0
4345,4343,0
4365,4328,0
4382,4304,0
4398,4282,0
4403,4256,0
4408,4242,0
4412,4239,0
4412,4239,0
4414,4243,0
4410,4255,0
4409,4287,0
4404,4328,0
4393,4372,0
4386,4418,0
4379,4459,0
4377,4491,0
4377,4511,0
4375,4512,0
4381,4508,0
4388,4487,0
4403,4460,0
4420,4427,0
4439,4392,0
4452,4350,0
4473,4313,0
4488,4275,0
4500,4243,0
4513,4222,0
4514,4210,0
4519,4212,0
4515,4210,0
4515,4215,0
4504,4225,0
4499,4250,0
4490,4279,0
4485,4314,0
4488,4348,0
4495,4367,0
4507,4378,0
4520,4383,0
4539,4382,0
4555,4369,0
4569,4343,0
4589,4315,0
4608,4284,0
4617,4255,0
4625,4237,0
4632,4226,0
4634,4218,0
4632,4214,0
4627,4220,0
4619,4237,0
4606,4258,0
4597,4287,0
4594,4321,0
4589,4340,0
4594,4358,0
4599,4365,0
4608,4367,0
4620,4362,0
4639,4357,0
4653,4345,0
4667,4328,0
4683,4308,0
4700,4288,0
4713,4266,0
4721,4243,0
4729,4225,0
4731,4208,0
4729,4203,0
4729,4204,0
4727,4210,0
4724,4224,0
4717,4236,0
4710,4258,0
4703,4280,0
4702,4307,0
4699,4331,0
4701,4350,0
4707,4362,0
4713,4367,0
4723,4369,0
4732,4366,0
4743,4351,0
4760,4331,0
4777,4305,0
4794,4275,0
4812,4241,0
4828,4200,0
4841,4159,0
4849,4125,0
4855,4103,0
4857,4096,0
4859,4099,0
4855,4107,0
4849,4131,0
4845,4162,0
4842,4196,0
4844,4234,0
4850,4272,0
4859,4307,0
4865,4333,0
4881,4357,0
4899,4367,0
4912,4367,0
4926,4359,0
4940,4340,0
4951,4314,0
4960,4290,0
4962,4266,0
4958,4248,0
4952,4237,0
4946,4232,0
4941,4230,0
4941,4242,0
4945,4259,0
4953,4280,0
4965,4301,0
4977,4318,0
4992,4331,0
5005,4340,0
5009,4343,0
5009,4342,0
5006,4340,0
5000,4334,0
4987,4319,1
4719,4137,0
4717,4144,0
4720,4146,0
4717,4143,0
4720,4142,0
4726,4142,0
4724,4138,0
4724,4138,0
4728,4140,1