a son - a son so outspoken and a
627
1107,1993,0
1096,1993,0
1083,1989,0
1071,1997,0
1056,2009,0
1040,2020,0
1029,2044,0
1020,2072,0
1018,2104,0
1020,2132,0
1025,2148,0
1033,2156,0
1047,2169,0
1061,2165,0
1076,2157,0
1088,2137,0
1100,2117,0
1110,2089,0
1123,2060,0
1133,2032,0
1143,2019,0
1149,2016,0
1155,2019,0
1160,2027,0
1166,2043,0
1172,2067,0
1175,2087,0
1184,2110,0
1192,2122,1
1611,1988,0
1609,1990,0
1603,1983,0
1598,1980,0
1591,1978,0
1577,1974,0
1566,1981,0
1547,1985,0
1529,1990,0
1522,2009,0
1518,2026,0
1515,2038,0
1523,2058,0
1532,2076,0
1541,2090,0
1548,2101,0
1556,2115,0
1559,2123,0
1558,2131,0
1551,2137,0
1541,2143,0
1531,2150,0
1515,2149,0
1496,2150,0
1473,2146,0
1452,2138,0
1439,2136,0
1429,2130,0
1424,2123,1
1706,2009,0
1708,2013,0
1703,2019,0
1695,2026,0
1689,2041,0
1681,2055,0
1683,2076,0
1687,2092,0
1694,2101,0
1702,2104,0
1718,2106,0
1734,2101,0
1746,2089,0
1758,2076,0
1764,2057,0
1764,2036,0
1762,2015,0
1756,2000,0
1747,1990,0
1737,1981,0
1731,1980,0
1728,1980,0
1727,1981,0
1731,1988,0
1732,1988,1
1862,2014,0
1865,2021,0
1867,2029,0
1869,2046,0
1860,2054,1
1851,2075,0
1845,2077,0
1848,2080,0
1848,2076,0
1854,2069,0
1861,2049,0
1874,2030,0
1884,2005,0
1899,1989,0
1912,1978,0
1930,1974,0
1942,1969,0
1960,1978,0
1970,1987,0
1985,2006,0
1993,2024,0
2000,2043,0
2006,2058,0
2015,2076,0
2018,2083,1
2157,2024,0
2158,2022,0
2164,2019,0
2174,2018,0
2186,2016,0
2202,2015,0
2215,2012,0
2222,2007,0
2235,2005,1
2589,1964,0
2586,1960,0
2581,1954,0
2576,1954,0
2569,1953,0
2557,1952,0
2549,1959,0
2538,1968,0
2528,1987,0
2521,2009,0
2516,2022,0
2519,2034,0
2526,2039,0
2533,2039,0
2545,2035,0
2557,2024,0
2571,2014,0
2582,2000,0
2591,1988,0
2597,1982,0
2607,1985,0
2611,1986,0
2613,1995,0
2620,2016,0
2622,2029,0
2628,2040,0
2630,2043,0
2634,2045,0
2642,2044,1
2794,1940,0
2796,1942,0
2789,1938,0
2788,1940,0
2777,1939,0
2768,1942,0
2762,1948,0
2758,1953,0
2755,1959,0
2761,1971,0
2768,1981,0
2776,1990,0
2789,2000,0
2799,2007,0
2801,2010,0
2808,2014,0
2806,2016,0
2808,2020,0
2803,2024,0
2796,2026,0
2779,2024,0
2767,2026,0
2755,2025,0
2740,2023,0
2733,2024,0
2728,2022,0
2724,2020,0
2726,2018,0
2733,2012,1
2900,1935,0
2900,1935,0
2900,1942,0
2896,1957,0
2894,1976,0
2895,1992,0
2900,2004,0
2907,2009,0
2921,2012,0
2936,2008,0
2950,2000,0
2959,1989,0
2972,1976,0
2972,1959,0
2973,1945,0
2964,1932,0
2958,1926,0
2952,1921,0
2951,1922,0
2948,1920,0
2951,1923,1
3030,1938,0
3030,1949,0
3028,1962,0
3035,1973,0
3037,1978,0
3040,1980,0
3044,1982,0
3041,1979,0
3045,1981,0
3046,1973,0
3056,1963,0
3059,1947,0
3064,1935,0
3068,1925,0
3075,1923,0
3091,1924,0
3092,1921,0
3100,1925,0
3113,1934,0
3117,1942,0
3124,1953,0
3129,1964,0
3136,1975,0
3144,1984,0
3145,1988,1
3492,1927,0
3489,1930,0
3486,1935,0
3485,1942,0
3488,1952,0
3490,1963,0
3496,1975,0
3506,1988,0
3515,1997,0
3517,2001,0
3520,2004,0
3519,2005,0
3517,2007,0
3508,2006,0
3499,2005,0
3486,2002,0
3472,2000,0
3456,1995,0
3447,1993,0
3443,1991,0
3447,1993,1
3561,1933,0
3563,1938,0
3563,1950,0
3562,1966,0
3566,1981,0
3573,1991,0
3585,1997,0
3595,1996,0
3609,1990,0
3623,1978,0
3633,1964,0
3639,1948,0
3637,1930,0
3631,1916,0
3626,1911,0
3623,1908,0
3615,1906,0
3614,1907,0
3612,1908,0
3608,1908,0
3612,1911,1
3916,1881,0
3906,1882,0
3895,1884,0
3886,1892,0
3870,1902,0
3855,1917,0
3841,1935,0
3831,1948,0
3838,1960,0
3840,1965,0
3855,1969,0
3864,1964,0
3882,1958,0
3891,1945,0
3906,1934,0
3916,1920,0
3925,1903,0
3930,1889,0
3932,1877,0
3930,1873,0
3934,1875,0
3930,1874,0
3933,1876,0
3931,1878,0
3937,1885,1
4017,1900,0
4015,1910,0
4017,1923,0
4020,1933,0
4029,1941,0
4042,1942,0
4054,1937,0
4065,1927,0
4080,1917,0
4092,1906,0
4101,1891,0
4105,1874,0
4113,1869,0
4114,1867,0
4117,1869,0
4121,1879,0
4121,1894,0
4126,1909,0
4131,1918,0
4140,1925,0
4153,1927,1
4217,1801,0
4218,1800,0
4218,1800,0
4220,1806,0
4214,1824,0
4211,1848,0
4204,1870,0
4202,1890,0
4198,1903,0
4197,1915,0
4194,1920,0
4188,1922,0
4189,1921,1
4185,1887,0
4182,1883,0
4184,1879,0
4187,1875,0
4198,1872,0
4213,1869,0
4229,1866,0
4243,1865,1
4362,1870,0
4362,1870,0
4356,1865,0
4345,1860,0
4339,1863,0
4328,1867,0
4319,1875,0
4317,1886,0
4319,1901,0
4325,1914,0
4332,1927,0
4339,1938,0
4345,1945,0
4347,1950,0
4346,1951,0
4345,1952,0
4341,1952,0
4326,1946,0
4312,1938,0
4306,1933,0
4294,1930,0
4294,1930,0
4290,1927,0
4292,1926,0
4299,1920,1
4410,1854,0
4407,1860,0
4405,1875,0
4399,1894,0
4392,1916,0
4381,1937,0
4373,1961,0
4359,1978,0
4350,1993,0
4343,1997,0
4348,1999,0
4349,1996,0
4352,1981,0
4360,1958,0
4374,1932,0
4386,1911,0
4398,1896,0
4415,1882,0
4430,1870,0
4444,1859,0
4456,1852,0
4471,1850,0
4480,1849,0
4492,1853,0
4505,1861,0
4509,1872,0
4511,1886,0
4513,1900,0
4509,1908,0
4505,1915,0
4503,1920,0
4493,1921,0
4485,1921,0
4467,1919,0
4456,1916,0
4444,1912,0
4441,1910,0
4433,1906,0
4435,1905,0
4436,1902,0
4439,1896,1
4603,1872,0
4598,1873,0
4595,1879,0
4586,1888,0
4582,1905,0
4579,1920,0
4572,1935,0
4579,1947,0
4582,1950,0
4590,1952,0
4601,1946,0
4616,1934,0
4630,1918,0
4637,1900,0
4641,1885,0
4644,1878,0
4642,1872,0
4637,1867,0
4633,1863,0
4638,1862,0
4631,1860,1
4745,1764,0
4744,1765,0
4748,1766,0
4751,1770,0
4743,1779,0
4746,1802,0
4736,1822,0
4723,1843,0
4709,1864,0
4695,1882,0
4689,1895,0
4688,1906,0
4685,1913,1
4799,1857,0
4808,1860,0
4804,1858,0
4799,1858,0
4799,1859,0
4797,1863,0
4785,1870,0
4780,1881,0
4766,1891,0
4752,1901,0
4748,1913,0
4743,1922,0
4744,1929,0
4742,1932,0
4748,1937,0
4760,1940,0
4779,1940,0
4803,1935,0
4824,1928,0
4850,1921,0
4862,1911,0
4880,1903,0
4887,1896,0
4895,1890,0
4897,1885,0
4893,1883,0
4890,1881,0
4885,1882,0
4879,1886,0
4874,1895,0
4862,1905,0
4856,1916,0
4856,1926,0
4862,1932,0
4874,1937,0
4886,1937,0
4906,1932,0
4934,1927,0
4961,1918,0
4986,1911,0
5000,1898,0
5021,1891,0
5029,1883,0
5035,1878,0
5036,1874,0
5037,1874,0
5033,1874,0
5032,1874,0
5032,1876,0
5022,1879,0
5014,1886,0
5005,1899,0
4991,1908,0
4985,1915,0
4986,1919,0
4987,1920,0
4982,1918,0
4987,1918,0
4994,1913,0
5011,1903,0
5030,1891,0
5046,1883,0
5060,1882,0
5068,1884,0
5077,1891,0
5086,1903,0
5096,1916,0
5098,1923,0
5108,1933,1
5519,1857,0
5507,1855,0
5498,1854,0
5489,1855,0
5480,1857,0
5473,1865,0
5464,1875,0
5446,1891,0
5436,1913,0
5431,1940,0
5425,1964,0
5430,1981,0
5443,1994,0
5453,2000,0
5470,2000,0
5490,1993,0
5509,1980,0
5533,1963,0
5552,1937,0
5567,1909,0
5580,1886,0
5586,1871,0
5592,1866,0
5593,1865,0
5593,1865,0
5592,1866,0
5596,1879,0
5593,1899,0
5591,1925,0
5594,1950,0
5598,1973,0
5605,1987,0
5611,1994,1
5689,1891,0
5684,1894,0
5687,1909,0
5687,1930,0
5684,1950,0
5684,1964,0
5680,1971,0
5679,1976,0
5679,1976,0
5678,1976,0
5683,1974,0
5689,1961,0
5694,1936,0
5699,1911,0
5702,1890,0
5720,1878,0
5724,1867,0
5740,1859,0
5747,1851,0
5761,1848,0
5765,1848,0
5772,1851,0
5781,1862,0
5789,1875,0
5791,1893,0
5805,1911,0
5810,1924,0
5818,1935,0
5824,1942,1
5916,1899,0
5913,1897,0
5914,1896,0
5910,1894,0
5910,1893,0
5902,1894,0
5898,1905,0
5889,1918,0
5883,1934,0
5879,1944,0
5877,1952,0
5884,1954,0
5884,1953,0
5893,1951,0
5902,1941,0
5911,1925,0
5931,1908,0
5943,1886,0
5960,1860,0
5979,1830,0
5989,1800,0
6000,1779,0
6003,1770,0
6009,1766,0
6009,1764,0
6008,1766,0
6005,1776,0
6005,1800,0
6003,1832,0
5997,1862,0
6001,1888,0
6001,1911,0
6017,1927,1
6350,1882,0
6352,1874,0
6351,1863,0
6353,1857,0
6348,1848,0
6345,1845,0
6332,1844,0
6314,1848,0
6310,1862,0
6287,1879,0
6271,1902,0
6256,1923,0
6252,1935,0
6257,1942,0
6265,1945,0
6281,1946,0
6297,1937,0
6322,1925,0
6341,1909,0
6360,1890,0
6382,1874,0
6398,1862,0
6405,1855,0
6413,1852,0
6418,1851,0
6418,1851,0
6417,1853,0
6416,1861,0
6413,1879,0
6408,1895,0
6411,1911,0
6420,1923,0
6430,1930,1