he worked through successive
700
814,1865,0
818,1877,0
818,1882,0
815,1884,0
810,1901,0
803,1923,0
795,1959,0
787,1993,0
779,2033,0
773,2072,0
767,2112,0
767,2157,0
769,2197,0
772,2218,0
776,2234,0
779,2243,0
781,2247,0
781,2251,0
779,2251,0
778,2251,0
776,2251,0
774,2251,0
773,2251,0
772,2246,0
771,2246,0
771,2250,0
769,2246,0
768,2241,0
767,2238,0
767,2229,0
767,2213,0
769,2197,0
774,2169,0
781,2142,0
793,2112,0
810,2087,0
831,2068,0
853,2059,0
872,2050,0
890,2051,0
906,2065,0
916,2082,0
921,2098,0
922,2114,0
922,2138,0
922,2158,0
922,2175,0
924,2186,0
927,2200,1
1102,2141,0
1114,2137,0
1136,2128,0
1154,2111,0
1170,2091,0
1181,2075,0
1182,2062,0
1177,2055,0
1163,2051,0
1140,2052,0
1118,2072,0
1099,2104,0
1088,2137,0
1089,2157,0
1105,2181,0
1126,2196,0
1150,2204,0
1178,2210,0
1204,2209,0
1224,2200,0
1245,2190,1
1664,2048,0
1666,2048,0
1664,2048,0
1664,2048,0
1664,2052,0
1664,2065,0
1665,2089,0
1664,2115,0
1662,2145,0
1665,2177,0
1666,2198,0
1672,2217,0
1677,2227,0
1684,2234,0
1688,2234,0
1693,2231,0
1696,2218,0
1704,2203,0
1710,2180,0
1720,2152,0
1732,2127,0
1745,2101,0
1755,2082,0
1759,2063,0
1765,2052,0
1767,2043,0
1769,2042,0
1769,2042,0
1768,2043,0
1769,2046,0
1771,2067,0
1765,2094,0
1764,2129,0
1765,2158,0
1767,2178,0
1769,2186,0
1775,2188,0
1785,2189,0
1795,2177,0
1811,2154,0
1829,2126,0
1843,2087,0
1858,2059,0
1865,2038,0
1865,2022,0
1869,2016,0
1873,2013,0
1872,2010,0
1874,2013,1
2027,2038,0
2020,2033,0
2015,2031,0
2010,2034,0
2000,2039,0
1991,2056,0
1981,2079,0
1971,2110,0
1969,2146,0
1972,2166,0
1982,2180,0
1995,2183,0
2015,2178,0
2039,2166,0
2057,2145,0
2066,2117,0
2073,2096,0
2062,2070,0
2047,2051,0
2028,2038,0
2012,2033,0
2002,2038,0
1997,2045,0
2000,2057,0
2011,2069,1
2233,2029,0
2231,2030,0
2230,2035,0
2218,2043,0
2217,2062,0
2212,2084,0
2204,2106,0
2196,2130,0
2191,2150,0
2192,2169,0
2191,2174,0
2194,2177,0
2195,2176,0
2196,2171,0
2199,2161,0
2203,2145,0
2212,2125,0
2224,2099,0
2239,2077,0
2248,2057,0
2265,2047,0
2270,2034,0
2275,2026,0
2287,2028,0
2294,2028,1
2451,1926,0
2449,1938,0
2446,1960,0
2446,1990,0
2439,2019,0
2431,2055,0
2431,2090,0
2423,2115,0
2425,2142,0
2421,2159,0
2423,2173,0
2422,2178,0
2429,2183,1
2413,2092,0
2417,2089,0
2431,2080,0
2446,2064,0
2459,2045,0
2475,2028,0
2487,2014,0
2491,2006,0
2497,2006,1
2433,2084,0
2438,2090,0
2437,2096,0
2441,2107,0
2453,2118,0
2463,2125,0
2473,2129,0
2480,2133,0
2489,2137,1
2608,2077,0
2613,2084,0
2621,2087,0
2644,2089,0
2665,2082,0
2690,2072,0
2709,2061,0
2721,2056,0
2717,2049,0
2705,2042,0
2683,2040,0
2657,2046,0
2633,2062,0
2614,2082,0
2615,2107,0
2620,2128,0
2633,2144,0
2652,2154,0
2671,2159,0
2695,2165,0
2707,2162,1
2907,2041,0
2899,2043,0
2887,2055,0
2870,2071,0
2859,2093,0
2850,2118,0
2844,2140,0
2842,2152,0
2853,2157,0
2862,2155,0
2888,2148,0
2905,2126,0
2924,2103,0
2936,2070,0
2948,2035,0
2953,2002,0
2948,1972,0
2944,1953,0
2941,1944,0
2936,1944,0
2927,1947,0
2919,1962,0
2914,1990,0
2911,2027,0
2916,2060,0
2923,2087,0
2935,2109,0
2952,2126,0
2958,2132,0
2974,2138,0
2984,2140,0
2994,2140,0
3008,2139,1
3472,1816,0
3472,1824,0
3470,1840,0
3466,1861,0
3462,1886,0
3458,1913,0
3449,1944,0
3445,1977,0
3436,2007,0
3426,2033,0
3424,2054,0
3421,2065,0
3423,2070,1
3392,1973,0
3397,1973,0
3407,1972,0
3421,1975,0
3435,1976,0
3449,1977,0
3468,1979,0
3479,1978,0
3491,1975,1
3626,1824,0
3621,1825,0
3619,1833,0
3614,1850,0
3606,1875,0
3598,1908,0
3583,1944,0
3575,1976,0
3566,2009,0
3560,2036,0
3561,2048,0
3565,2051,0
3567,2047,0
3574,2031,0
3585,2009,0
3599,1990,0
3625,1975,0
3639,1968,0
3647,1971,0
3654,1983,0
3658,2004,0
3661,2028,0
3664,2043,0
3673,2058,0
3677,2067,1
3830,1972,0
3827,1976,0
3827,1983,0
3824,1997,0
3818,2012,0
3816,2029,0
3814,2046,0
3813,2055,0
3809,2061,0
3812,2069,0
3812,2070,0
3809,2068,0
3812,2069,0
3812,2064,0
3817,2049,0
3824,2031,0
3833,2012,0
3846,1991,0
3863,1973,0
3881,1961,0
3890,1953,0
3896,1949,0
3906,1949,0
3916,1950,0
3920,1952,0
3932,1955,0
3935,1956,0
3942,1961,0
3950,1964,1
4122,1949,0
4123,1948,0
4119,1946,0
4115,1944,0
4106,1944,0
4094,1948,0
4080,1959,0
4056,1973,0
4036,1998,0
4027,2029,0
4017,2060,0
4017,2087,0
4024,2106,0
4036,2118,0
4058,2127,0
4080,2124,0
4101,2114,0
4121,2097,0
4138,2077,0
4155,2057,0
4159,2034,0
4159,2012,0
4152,1992,0
4140,1973,0
4131,1959,0
4121,1951,0
4113,1948,0
4107,1951,0
4102,1959,1
4311,1956,0
4307,1954,0
4303,1954,0
4299,1961,0
4297,1973,0
4291,1992,0
4283,2016,0
4283,2046,0
4290,2074,0
4292,2092,0
4301,2102,0
4311,2107,0
4325,2108,0
4346,2105,0
4357,2094,0
4371,2079,0
4384,2063,0
4398,2048,0
4403,2030,0
4411,2016,0
4415,1999,0
4424,1985,0
4430,1973,0
4430,1963,0
4426,1954,0
4431,1954,0
4427,1952,0
4430,1956,0
4425,1955,0
4430,1964,0
4417,1981,0
4415,2010,0
4409,2035,0
4406,2058,0
4407,2072,0
4409,2084,0
4416,2096,0
4421,2104,0
4422,2108,0
4426,2111,0
4430,2112,1
4621,1968,0
4622,1969,0
4616,1971,0
4604,1977,0
4596,1993,0
4587,2012,0
4584,2032,0
4584,2049,0
4589,2058,0
4596,2062,0
4609,2061,0
4618,2052,0
4630,2040,0
4638,2024,0
4643,2006,0
4649,1986,0
4649,1969,0
4654,1956,0
4657,1953,0
4653,1952,0
4652,1954,0
4658,1968,0
4657,1997,0
4659,2037,0
4655,2086,0
4644,2131,0
4633,2176,0
4621,2212,0
4610,2240,0
4599,2258,0
4589,2266,0
4579,2270,0
4562,2265,0
4543,2251,0
4529,2234,0
4521,2217,0
4518,2199,1
4800,1866,0
4795,1867,0
4791,1875,0
4786,1897,0
4776,1927,0
4766,1966,0
4743,2010,0
4728,2051,0
4718,2078,0
4716,2082,0
4718,2078,0
4731,2063,0
4749,2036,0
4775,2010,0
4794,1989,0
4811,1983,0
4819,1993,0
4815,2011,0
4817,2044,0
4814,2075,0
4812,2097,1
5305,1928,0
5302,1925,0
5295,1921,0
5287,1919,0
5287,1919,0
5278,1921,0
5275,1927,0
5267,1937,0
5267,1956,0
5267,1978,0
5260,2001,0
5267,2027,0
5265,2052,0
5263,2073,0
5257,2096,0
5249,2114,0
5242,2130,0
5221,2136,0
5219,2140,0
5203,2136,0
5185,2128,0
5175,2121,0
5166,2112,0
5161,2105,0
5170,2102,1
5475,1958,0
5475,1958,0
5474,1959,0
5470,1959,0
5467,1965,0
5459,1975,0
5453,1989,0
5450,2006,0
5447,2025,0
5443,2043,0
5444,2060,0
5442,2077,0
5444,2090,0
5449,2099,0
5448,2104,0
5458,2110,0
5461,2111,0
5465,2113,0
5469,2115,0
5474,2114,0
5475,2111,0
5481,2106,0
5493,2099,0
5500,2092,0
5505,2083,0
5513,2074,0
5522,2063,0
5530,2053,0
5535,2040,0
5545,2029,0
5549,2019,0
5552,2012,0
5555,2005,0
5560,2001,0
5561,1998,0
5562,1997,0
5562,1997,0
5562,1997,0
5562,1997,0
5562,1997,0
5563,1995,0
5563,1995,0
5563,1995,0
5564,1995,0
5564,1993,0
5564,1991,0
5564,1991,0
5565,1992,0
5569,1993,0
5564,1993,0
5564,1993,0
5566,1997,0
5557,2012,0
5548,2031,0
5540,2051,0
5541,2068,0
5541,2079,0
5547,2087,0
5549,2089,0
5554,2091,0
5573,2096,1
5787,1972,0
5788,1971,0
5779,1971,0
5774,1976,0
5758,1981,0
5749,1995,0
5737,2014,0
5723,2036,0
5718,2060,0
5721,2074,0
5730,2084,0
5743,2092,0
5759,2098,0
5775,2100,0
5788,2100,0
5801,2099,0
5820,2096,1
5992,1962,0
5992,1962,0
5979,1961,0
5974,1964,0
5964,1966,0
5953,1974,0
5940,1986,0
5928,2006,0
5910,2030,0
5897,2055,0
5894,2073,0
5894,2084,0
5902,2094,0
5916,2103,0
5932,2107,0
5943,2110,0
5952,2111,0
5960,2111,0
5968,2113,0
5973,2113,1
6090,2029,0
6097,2034,0
6104,2036,0
6118,2036,0
6132,2031,0
6153,2024,0
6170,2010,0
6179,1996,0
6184,1985,0
6186,1978,0
6180,1971,0
6173,1966,0
6161,1964,0
6146,1969,0
6133,1983,0
6121,2006,0
6112,2029,0
6115,2055,0
6125,2075,0
6130,2084,0
6139,2094,0
6150,2100,0
6165,2103,0
6174,2101,0
6194,2095,1
6365,1987,0
6356,1988,0
6343,1989,0
6331,1998,0
6322,2011,0
6321,2024,0
6325,2041,0
6331,2057,0
6338,2074,0
6341,2089,0
6341,2101,0
6341,2113,0
6333,2122,0
6322,2128,0
6308,2131,0
6293,2130,0
6276,2125,0
6262,2118,0
6256,2111,0
6256,2101,0
6261,2089,1
6456,1993,0
6451,1997,0
6447,2005,0
6452,2017,0
6451,2032,0
6450,2046,0
6450,2058,0
6449,2072,0
6445,2084,0
6442,2094,0
6435,2102,0
6428,2109,0
6423,2113,0
6414,2111,0
6404,2106,0
6396,2102,0
6394,2096,1
6587,1990,0
6583,1990,0
6578,1994,0
6575,2005,0
6572,2022,0
6574,2042,0
6572,2060,0
6571,2075,0
6568,2083,0
6567,2087,0
6566,2088,0
6572,2084,0
6577,2070,1
6605,1925,0
6605,1925,0
6601,1923,0
6604,1924,0
6604,1926,0
6604,1925,0
6600,1925,0
6606,1932,0
6604,1940,1
6695,1983,0
6695,1985,0
6693,1991,0
6692,2006,0
6692,2031,0
6692,2057,0
6689,2077,0
6693,2089,0
6699,2098,0
6706,2101,0
6724,2099,0
6733,2084,0
6749,2064,0
6764,2041,0
6775,2022,0
6783,2011,0
6785,2004,1
6831,2069,0
6838,2072,0
6851,2072,0
6865,2066,0
6882,2055,0
6893,2045,0
6901,2035,0
6903,2029,0
6896,2024,0
6879,2025,0
6858,2039,0
6852,2057,0
6847,2072,0
6842,2087,0
6850,2101,0
6862,2113,0
6876,2123,1