that I was never a brilliant
523
1006,3668,0
1005,3667,0
1004,3679,0
1002,3704,0
1002,3735,0
1001,3776,0
1000,3815,0
997,3867,0
991,3916,0
988,3967,0
984,4007,0
982,4039,0
984,4059,1
926,3921,0
927,3918,0
934,3918,0
946,3914,0
961,3911,0
982,3903,0
1004,3896,0
1027,3884,0
1047,3868,1
1124,3788,0
1123,3836,0
1121,3881,0
1119,3921,0
1119,3957,0
1117,3981,0
1115,3993,0
1115,3997,0
1116,3996,0
1117,3997,0
1117,3984,0
1119,3957,0
1124,3925,0
1134,3892,0
1148,3860,0
1163,3835,0
1177,3824,0
1190,3819,0
1202,3822,0
1209,3826,0
1218,3846,0
1223,3870,0
1225,3898,0
1228,3925,0
1227,3950,1
1363,3829,0
1358,3830,0
1355,3831,0
1348,3839,0
1336,3848,0
1326,3864,0
1316,3885,0
1309,3913,0
1303,3934,0
1301,3958,0
1304,3966,0
1312,3973,0
1320,3973,0
1330,3964,0
1341,3952,0
1350,3930,0
1358,3914,0
1363,3890,0
1368,3870,0
1368,3846,0
1368,3834,0
1368,3837,0
1368,3837,0
1367,3837,0
1366,3858,0
1369,3882,0
1370,3901,0
1373,3925,0
1376,3945,0
1380,3961,0
1386,3976,0
1391,3984,0
1397,3987,1
1487,3621,0
1487,3617,0
1492,3620,0
1492,3620,0
1496,3640,0
1496,3664,0
1496,3704,0
1491,3741,0
1486,3782,0
1483,3822,0
1484,3854,0
1493,3885,0
1505,3909,0
1520,3923,0
1535,3929,0
1550,3923,0
1565,3918,1
1467,3828,0
1467,3829,0
1479,3827,0
1500,3829,0
1526,3825,0
1559,3817,0
1595,3812,0
1630,3803,0
1664,3802,1
1990,3672,0
1991,3701,0
1992,3734,0
1991,3776,0
1985,3814,0
1980,3848,0
1978,3877,0
1976,3894,0
1976,3899,1
1934,3666,1
1935,3928,1
2312,3784,1
2336,3890,0
2340,3893,0
2344,3892,0
2347,3886,0
2352,3872,0
2359,3853,0
2364,3830,0
2369,3815,0
2372,3814,0
2370,3811,0
2373,3822,0
2376,3839,0
2379,3850,0
2386,3864,0
2394,3875,0
2403,3884,0
2412,3889,0
2419,3887,0
2425,3884,0
2432,3882,0
2434,3877,0
2436,3864,0
2439,3850,0
2441,3832,0
2444,3810,0
2446,3787,0
2451,3768,0
2454,3749,0
2456,3740,1
2579,3756,0
2579,3756,0
2576,3752,0
2568,3752,0
2559,3755,0
2544,3761,0
2528,3776,0
2512,3796,0
2503,3817,0
2502,3835,0
2502,3847,0
2509,3857,0
2521,3861,0
2530,3858,0
2543,3853,0
2552,3840,0
2561,3828,0
2567,3812,0
2569,3794,0
2571,3777,0
2570,3764,0
2569,3760,0
2569,3761,0
2569,3764,0
2569,3773,0
2571,3794,0
2571,3811,0
2574,3831,0
2577,3843,0
2581,3858,0
2590,3872,0
2597,3882,0
2604,3888,1
2724,3763,0
2720,3759,0
2710,3755,0
2699,3756,0
2685,3758,0
2674,3763,0
2671,3773,0
2675,3789,0
2683,3802,0
2691,3817,0
2703,3833,0
2714,3846,0
2719,3856,0
2719,3861,0
2713,3864,0
2703,3868,0
2690,3869,0
2672,3864,0
2660,3860,0
2649,3853,0
2646,3845,1
2976,3758,0
2979,3775,0
2982,3796,0
2982,3818,0
2984,3844,0
2983,3868,0
2982,3887,0
2978,3897,0
2980,3901,0
2977,3898,0
2978,3897,0
2976,3889,0
2975,3872,0
2978,3852,0
2984,3822,0
2999,3796,0
3010,3764,0
3023,3747,0
3035,3740,0
3042,3741,0
3049,3747,0
3052,3754,0
3060,3773,0
3062,3790,0
3064,3807,0
3068,3827,0
3074,3842,0
3085,3854,0
3095,3854,0
3110,3854,0
3123,3843,0
3141,3832,0
3155,3811,0
3174,3790,0
3187,3769,0
3194,3756,0
3193,3747,0
3186,3742,0
3178,3742,0
3165,3749,0
3151,3763,0
3136,3776,0
3132,3792,0
3130,3806,0
3137,3826,0
3149,3842,0
3165,3846,0
3192,3855,0
3218,3853,1
3335,3735,0
3337,3754,0
3340,3770,0
3346,3785,0
3354,3804,0
3358,3815,0
3368,3828,0
3373,3834,0
3380,3839,0
3382,3839,0
3383,3837,0
3389,3834,0
3394,3817,0
3403,3792,0
3410,3759,0
3425,3735,0
3436,3713,0
3444,3699,0
3446,3692,0
3445,3688,0
3446,3692,1
3475,3783,0
3483,3783,0
3492,3776,0
3504,3773,0
3514,3761,0
3523,3755,0
3530,3746,0
3527,3738,0
3525,3735,0
3518,3730,0
3509,3731,0
3491,3733,0
3479,3747,0
3465,3761,0
3460,3778,0
3457,3795,0
3458,3809,0
3469,3825,0
3483,3835,0
3506,3845,0
3533,3846,0
3559,3839,0
3588,3828,0
3611,3817,0
3637,3804,0
3655,3786,0
3672,3773,0
3685,3764,0
3691,3759,0
3697,3761,0
3698,3764,0
3703,3781,0
3700,3793,0
3701,3812,0
3701,3831,0
3699,3848,0
3699,3862,0
3700,3867,0
3703,3870,0
3700,3867,0
3702,3865,0
3701,3855,0
3702,3831,0
3711,3805,0
3718,3779,0
3732,3764,0
3740,3753,0
3749,3747,0
3762,3742,1
4121,3762,0
4109,3778,0
4092,3793,0
4089,3815,0
4085,3830,0
4091,3845,0
4103,3851,0
4112,3853,0
4122,3851,0
4139,3848,0
4147,3835,0
4156,3822,0
4167,3808,0
4172,3788,0
4175,3769,0
4181,3759,0
4178,3756,0
4179,3761,0
4176,3768,0
4175,3785,0
4176,3805,0
4180,3824,0
4182,3837,0
4188,3853,0
4196,3867,1
4628,3629,0
4629,3650,0
4633,3682,0
4639,3715,0
4644,3749,0
4649,3779,0
4649,3805,0
4649,3823,0
4647,3830,0
4650,3833,0
4647,3830,0
4649,3829,0
4648,3818,0
4651,3800,0
4658,3770,0
4671,3745,0
4690,3732,0
4701,3727,0
4715,3728,0
4726,3735,0
4734,3743,0
4741,3759,0
4743,3776,0
4737,3793,0
4729,3807,0
4716,3819,0
4697,3827,0
4674,3831,0
4658,3831,0
4645,3826,0
4642,3819,0
4640,3803,0
4655,3790,1
4782,3724,0
4784,3733,0
4781,3742,0
4784,3756,0
4782,3769,0
4784,3783,0
4786,3799,0
4785,3812,0
4783,3820,0
4783,3820,0
4783,3820,0
4780,3817,0
4777,3809,0
4776,3792,0
4780,3766,0
4791,3743,0
4801,3720,0
4821,3712,0
4835,3708,0
4851,3714,0
4862,3720,1
4901,3737,0
4900,3744,0
4900,3755,0
4895,3766,0
4894,3780,0
4895,3795,0
4896,3806,0
4895,3813,1
4890,3685,0
4888,3674,0
4888,3663,0
4886,3648,0
4884,3637,1
5001,3626,1
5002,3667,0
5002,3692,0
5000,3723,0
5002,3759,0
5002,3786,0
5008,3810,0
5020,3826,0
5028,3835,0
5043,3837,0
5055,3829,0
5068,3815,0
5076,3795,1
5073,3636,0
5072,3648,0
5075,3670,0
5078,3696,0
5082,3729,0
5088,3759,0
5092,3777,0
5104,3793,0
5114,3806,0
5127,3810,0
5145,3814,0
5158,3811,0
5166,3796,1
5192,3712,0
5187,3730,0
5188,3753,0
5186,3768,0
5189,3783,0
5192,3797,0
5195,3806,0
5202,3810,1
5202,3646,0
5195,3641,0
5193,3636,0
5191,3633,0
5192,3632,1
5356,3747,1
5314,3747,0
5296,3763,0
5281,3780,0
5274,3795,0
5274,3812,0
5279,3826,0
5286,3829,0
5301,3831,0
5313,3824,0
5326,3814,0
5335,3798,0
5340,3785,0
5346,3766,0
5351,3754,0
5350,3742,0
5349,3744,0
5350,3748,0
5349,3761,0
5351,3785,0
5349,3800,0
5352,3821,0
5356,3834,0
5363,3844,0
5366,3847,1
5408,3754,0
5409,3771,0
5408,3785,0
5410,3801,0
5409,3814,0
5409,3827,0
5411,3831,0
5410,3832,0
5417,3831,0
5414,3828,0
5419,3816,0
5424,3797,0
5438,3775,0
5453,3757,0
5461,3746,0
5470,3748,0
5474,3750,0
5481,3760,0
5481,3773,0
5483,3789,0
5484,3807,0
5486,3823,0
5495,3836,0
5501,3843,0
5507,3847,1
5558,3663,0
5555,3686,0
5557,3717,0
5551,3744,0
5549,3776,0
5549,3804,0
5551,3826,0
5562,3844,0
5576,3858,0
5596,3865,0
5620,3868,0
5641,3862,0
5661,3855,1
5558,3773,0
5557,3774,0
5558,3772,0
5573,3774,0
5594,3773,0
5621,3771,0
5653,3769,0
5682,3771,0
5702,3771,1