There was no snow that year
651
808,3906,0
787,3918,0
765,3924,0
745,3922,0
726,3912,0
713,3894,0
707,3870,0
708,3841,0
719,3802,1
780,3672,0
775,3660,0
777,3648,0
785,3636,0
795,3617,0
809,3602,0
827,3588,0
851,3577,0
874,3566,0
900,3568,0
924,3573,0
949,3586,0
1013,3592,0
1049,3588,0
1077,3588,0
1099,3585,1
1097,3732,0
1117,3704,0
1134,3680,0
1153,3636,0
1149,3619,0
1136,3624,0
1116,3648,0
1088,3689,0
1057,3732,0
1035,3776,0
1021,3804,0
1023,3824,0
1035,3828,0
1056,3833,0
1078,3829,0
1100,3829,0
1114,3832,0
1122,3844,0
1122,3860,0
1117,3877,0
1114,3892,0
1119,3896,0
1131,3896,0
1153,3887,0
1177,3871,0
1206,3850,0
1231,3826,0
1267,3776,0
1259,3764,0
1237,3765,0
1210,3782,0
1180,3803,0
1158,3820,0
1147,3843,0
1146,3860,0
1154,3867,0
1172,3875,0
1199,3870,0
1233,3853,0
1271,3840,0
1303,3822,0
1331,3807,0
1350,3795,0
1358,3793,0
1357,3802,0
1344,3819,0
1321,3841,0
1297,3858,0
1279,3871,0
1274,3875,0
1274,3867,0
1284,3855,0
1303,3838,0
1329,3808,0
1356,3794,0
1376,3788,0
1384,3788,0
1387,3800,0
1388,3807,0
1395,3819,0
1409,3822,0
1430,3819,0
1453,3813,0
1477,3803,0
1499,3788,0
1520,3773,0
1530,3760,0
1526,3753,0
1520,3757,0
1499,3760,0
1469,3776,0
1447,3798,0
1431,3819,0
1429,3840,0
1439,3851,0
1464,3860,0
1502,3856,1
1753,3775,0
1763,3764,0
1781,3756,0
1808,3751,0
1835,3734,0
1865,3727,0
1888,3718,0
1906,3713,0
1913,3712,0
1911,3712,0
1896,3715,0
1877,3737,0
1845,3747,0
1816,3770,0
1790,3800,0
1773,3824,0
1768,3840,0
1775,3855,0
1849,3837,0
1893,3823,0
1935,3793,0
1974,3767,0
2006,3751,0
2021,3735,0
2025,3733,0
2019,3735,0
1999,3744,0
1975,3766,0
1947,3786,0
1922,3812,0
1903,3837,0
1896,3863,0
1900,3875,0
1915,3884,0
1937,3875,0
1973,3862,0
2012,3836,0
2053,3809,0
2085,3775,0
2112,3755,0
2124,3739,0
2125,3730,0
2126,3730,0
2123,3727,0
2123,3727,0
2125,3727,0
2128,3725,0
2132,3724,0
2140,3726,0
2147,3728,0
2154,3726,0
2162,3728,0
2174,3732,0
2187,3732,0
2206,3730,0
2231,3730,0
2256,3723,0
2277,3715,0
2294,3710,0
2306,3719,0
2304,3719,0
2287,3721,0
2262,3734,0
2226,3746,0
2194,3768,0
2168,3784,0
2154,3801,0
2152,3814,0
2161,3819,0
2178,3819,0
2207,3814,0
2239,3800,0
2273,3785,0
2300,3768,0
2320,3756,0
2329,3753,0
2327,3749,0
2324,3751,0
2318,3765,0
2307,3773,0
2298,3785,0
2299,3797,0
2308,3802,0
2327,3805,0
2357,3807,0
2391,3798,0
2434,3788,0
2480,3774,0
2526,3760,0
2563,3754,0
2589,3756,0
2597,3756,0
2598,3766,0
2591,3781,0
2572,3798,0
2542,3810,0
2516,3834,0
2495,3851,0
2488,3861,0
2490,3860,0
2507,3858,0
2543,3857,0
2586,3848,1
2833,3782,0
2863,3758,0
2897,3732,0
2931,3706,0
2958,3682,0
2980,3670,0
2987,3666,0
2984,3672,0
2965,3692,0
2941,3723,0
2919,3757,0
2898,3781,0
2888,3795,0
2888,3799,0
2889,3790,0
2904,3773,0
2929,3751,0
2956,3724,0
2984,3704,0
3007,3691,0
3021,3689,0
3025,3696,0
3019,3708,0
3010,3727,0
3002,3744,0
2999,3760,0
3004,3771,0
3016,3773,0
3042,3768,0
3076,3754,0
3116,3737,0
3155,3719,0
3187,3704,0
3207,3696,0
3209,3691,0
3204,3694,0
3187,3700,0
3156,3709,0
3121,3725,0
3088,3743,0
3071,3762,0
3068,3768,0
3079,3771,0
3103,3767,0
3132,3754,0
3164,3737,0
3193,3715,0
3216,3701,0
3228,3689,0
3229,3679,0
3229,3674,0
3226,3672,0
3226,3672,0
3230,3674,0
3239,3673,0
3263,3672,0
3298,3664,1
3534,3709,0
3550,3708,0
3565,3698,0
3593,3692,0
3620,3678,0
3645,3664,0
3670,3651,0
3703,3701,0
3686,3724,0
3665,3740,0
3645,3754,0
3628,3761,0
3613,3761,0
3605,3762,0
3597,3758,0
3593,3756,0
3592,3757,0
3590,3764,0
3588,3773,0
3598,3786,0
3612,3796,0
3632,3802,0
3658,3798,0
3696,3790,0
3738,3775,0
3786,3754,0
3839,3729,0
3887,3707,0
3928,3689,0
3963,3676,0
3981,3666,0
3989,3665,0
3986,3667,0
3974,3682,0
3953,3700,0
3931,3722,0
3906,3737,0
3895,3751,0
3889,3752,0
3894,3752,0
3907,3736,0
3937,3718,0
3970,3696,0
4010,3678,0
4044,3665,0
4073,3662,0
4087,3660,0
4102,3669,0
4102,3679,0
4099,3698,0
4089,3717,0
4075,3733,0
4070,3749,0
4070,3759,0
4079,3762,0
4097,3762,0
4123,3756,0
4156,3743,0
4197,3729,0
4239,3708,0
4279,3694,0
4314,3684,0
4334,3675,0
4344,3672,0
4343,3673,0
4339,3676,0
4321,3688,0
4295,3701,0
4261,3716,0
4232,3730,0
4215,3741,0
4217,3749,0
4227,3751,0
4249,3747,0
4276,3739,0
4301,3728,0
4320,3716,0
4338,3710,0
4340,3703,0
4342,3701,0
4338,3699,0
4336,3696,0
4339,3699,0
4341,3696,0
4347,3696,0
4363,3699,0
4379,3694,0
4399,3692,0
4417,3686,0
4437,3683,0
4450,3682,0
4454,3684,0
4453,3685,0
4444,3692,0
4430,3706,0
4410,3720,0
4393,3735,0
4382,3746,0
4381,3752,0
4391,3754,0
4410,3752,0
4437,3738,0
4470,3723,0
4505,3707,0
4534,3689,0
4554,3676,0
4562,3673,0
4562,3674,0
4555,3681,0
4535,3694,0
4516,3713,0
4497,3731,0
4487,3752,0
4483,3766,0
4490,3777,0
4502,3782,0
4522,3784,0
4549,3781,0
4575,3766,0
4605,3749,0
4631,3729,0
4653,3713,0
4666,3700,0
4666,3687,0
4670,3683,0
4668,3679,0
4672,3681,0
4673,3680,0
4682,3688,0
4693,3694,0
4713,3696,1
5010,3689,0
4970,3726,0
4943,3756,0
4925,3776,0
4914,3781,0
4919,3782,0
4932,3769,0
4958,3746,0
4994,3718,0
5034,3687,0
5076,3650,0
5125,3618,0
5164,3578,0
5204,3542,0
5238,3514,0
5253,3494,0
5251,3491,0
5236,3496,0
5206,3515,0
5175,3545,0
5151,3576,0
5134,3602,0
5127,3622,0
5129,3638,0
5134,3644,0
5148,3648,0
5163,3653,0
5178,3662,0
5189,3673,0
5193,3686,0
5196,3701,0
5199,3716,0
5205,3728,0
5212,3732,0
5231,3729,0
5255,3718,0
5279,3703,0
5301,3688,0
5313,3680,0
5310,3678,0
5306,3683,0
5292,3687,0
5274,3702,0
5257,3717,0
5239,3725,0
5240,3729,0
5246,3729,0
5267,3724,0
5291,3714,0
5315,3704,0
5329,3699,0
5333,3700,0
5329,3706,0
5322,3720,0
5313,3737,0
5308,3749,0
5309,3754,0
5319,3755,0
5337,3745,0
5373,3726,0
5419,3696,0
5468,3661,0
5523,3624,0
5571,3593,0
5608,3565,0
5634,3551,0
5643,3551,0
5639,3556,0
5622,3579,0
5590,3608,0
5548,3643,0
5510,3679,0
5472,3713,0
5446,3740,0
5433,3749,0
5438,3749,0
5448,3744,0
5469,3730,0
5506,3717,0
5541,3697,0
5577,3678,1
5732,3740,0
5730,3741,0
5736,3741,0
5754,3737,0
5777,3725,0
5807,3713,0
5839,3697,0
5868,3679,0
5900,3667,0
5913,3656,0
5921,3660,0
5909,3663,0
5888,3677,0
5856,3695,0
5830,3715,0
5811,3734,0
5804,3749,0
5806,3760,0
5821,3768,0
5831,3761,0
5862,3752,0
5904,3743,0
5943,3725,0
5984,3710,0
6013,3696,0
6030,3687,0
6032,3683,0
6027,3684,0
6015,3694,0
5989,3708,0
5966,3726,0
5947,3744,0
5936,3754,0
5940,3756,0
5955,3755,0
5979,3750,0
6003,3744,0
6027,3744,0
6039,3749,0
6045,3761,0
6046,3781,0
6034,3809,0
6005,3836,0
5972,3866,0
5940,3895,0
5909,3916,0
5880,3927,0
5868,3928,0
5863,3922,0
5867,3911,0
5881,3893,0
5908,3872,0
5935,3842,0
5970,3815,0
6015,3795,0
6066,3773,0
6114,3746,0
6162,3721,0
6201,3699,0
6232,3682,0
6249,3672,0
6245,3670,0
6239,3672,0
6220,3679,0
6192,3692,0
6160,3708,0
6123,3728,0
6092,3752,0
6061,3767,0
6052,3778,0
6056,3786,0
6073,3790,0
6096,3785,0
6133,3775,0
6174,3760,0
6213,3744,0
6240,3728,0
6261,3718,0
6276,3711,0
6278,3706,0
6278,3708,0
6271,3711,0
6249,3721,0
6225,3736,0
6206,3754,0
6195,3764,0
6199,3771,0
6212,3774,0
6235,3770,0
6259,3755,0
6293,3743,0
6322,3728,0
6348,3717,0
6361,3713,0
6365,3715,0
6356,3720,0
6343,3732,0
6330,3745,0
6319,3760,0
6312,3770,0
6312,3778,0
6314,3783,0
6321,3785,0
6336,3786,0
6349,3780,0
6368,3773,0
6390,3770,0
6411,3762,0
6425,3754,0
6443,3749,0
6452,3742,0
6461,3743,0
6462,3742,0
6462,3742,0
6462,3742,0
6461,3742,0
6461,3742,0
6462,3742,0
6465,3744,0
6462,3742,0
6463,3741,0
6463,3741,0
6463,3741,0
6464,3740,0
6464,3740,0
6463,3741,0
6463,3741,0
6463,3741,0
6463,3741,0
6463,3741,0
6463,3741,0
6462,3742,0
6462,3742,0
6462,3742,0
6462,3742,0
6462,3742,0
6462,3742,0
6461,3742,0
6461,3742,0
6461,3742,0
6461,3742,0
6462,3742,0
6462,3742,0
6463,3741,0
6468,3740,0
6466,3737,0
6469,3732,0
6471,3728,0
6480,3723,0
6489,3716,0
6498,3709,0
6508,3701,0
6517,3695,0
6521,3689,0
6527,3687,0
6527,3687,0
6522,3687,0
6514,3693,0
6505,3706,0
6486,3720,0
6461,3736,0
6440,3752,0
6428,3765,0
6418,3771,0
6416,3773,0
6414,3770,0
6429,3762,0
6450,3745,0
6481,3728,0
6507,3709,0
6531,3696,0
6546,3687,0
6556,3686,0
6567,3684,0
6580,3687,0
6599,3686,0
6628,3684,1