16. In the thirty-four years since
580
850,2582,0
871,2540,0
900,2494,0
932,2452,0
960,2410,0
986,2374,0
1005,2359,0
1010,2356,0
1011,2364,0
1001,2387,0
981,2430,0
952,2489,0
916,2555,0
881,2629,0
852,2695,0
834,2737,0
825,2765,1
1089,2369,0
1080,2372,0
1062,2393,0
1039,2429,0
1012,2475,0
982,2531,0
950,2597,0
919,2659,0
895,2714,0
890,2750,0
901,2750,0
924,2736,0
953,2706,0
981,2675,0
1000,2651,0
1008,2639,0
1006,2639,0
998,2644,0
982,2659,0
964,2682,0
950,2718,1
1100,2733,0
1091,2737,0
1090,2741,0
1093,2741,0
1097,2736,1
1431,2470,0
1413,2521,0
1394,2580,0
1377,2647,0
1360,2713,0
1349,2779,0
1375,2840,1
1478,2718,0
1498,2690,0
1511,2668,0
1521,2662,0
1525,2669,0
1522,2690,0
1514,2720,0
1505,2750,0
1502,2755,0
1518,2748,0
1547,2722,0
1585,2695,0
1614,2676,0
1633,2680,0
1643,2695,0
1646,2722,0
1634,2754,0
1620,2798,0
1608,2828,0
1613,2836,0
1637,2815,0
1679,2772,0
1726,2720,0
1781,2676,1
2150,2498,0
2130,2548,0
2102,2615,0
2069,2694,0
2032,2772,0
1999,2843,0
1968,2896,0
1949,2923,0
1936,2927,1
1968,2739,0
1973,2755,0
1981,2760,0
2002,2766,0
2027,2761,0
2055,2746,0
2082,2719,0
2106,2684,0
2130,2647,0
2149,2600,0
2171,2550,0
2195,2508,0
2211,2474,0
2217,2462,0
2217,2463,0
2211,2474,0
2203,2509,0
2186,2562,0
2164,2632,0
2140,2708,0
2121,2777,0
2115,2822,0
2122,2832,0
2141,2824,0
2167,2796,0
2200,2761,0
2234,2729,0
2263,2716,0
2285,2719,0
2290,2729,0
2295,2758,0
2292,2786,0
2292,2808,0
2301,2821,0
2307,2813,0
2320,2795,0
2340,2767,0
2357,2724,0
2376,2678,0
2390,2643,0
2396,2636,0
2391,2643,0
2382,2671,0
2367,2714,0
2349,2767,0
2342,2819,0
2350,2842,0
2382,2836,0
2427,2791,1
2907,2446,0
2904,2444,0
2900,2448,0
2898,2470,0
2890,2506,0
2874,2549,0
2852,2605,0
2823,2665,0
2790,2726,0
2762,2783,0
2741,2830,0
2723,2854,0
2707,2859,1
2755,2696,0
2768,2702,0
2781,2703,0
2806,2705,0
2828,2690,0
2857,2665,0
2892,2630,0
2923,2592,0
2948,2552,0
2970,2510,0
2987,2470,0
2996,2436,0
2996,2414,0
2993,2408,0
2988,2417,0
2968,2438,0
2953,2481,0
2931,2530,0
2916,2592,0
2893,2654,0
2876,2711,0
2869,2755,0
2868,2780,0
2875,2784,0
2894,2781,0
2912,2758,0
2936,2726,0
2965,2705,0
2989,2692,0
3004,2690,0
3017,2696,0
3028,2713,0
3027,2729,0
3033,2744,0
3043,2752,0
3055,2747,0
3080,2733,0
3103,2710,0
3128,2695,0
3142,2694,0
3151,2707,0
3158,2733,0
3157,2760,0
3151,2784,0
3146,2809,0
3147,2823,0
3150,2816,0
3162,2791,0
3174,2751,1
3187,2507,0
3169,2513,0
3165,2516,0
3170,2523,0
3170,2523,1
3284,2716,0
3276,2738,0
3263,2760,0
3252,2785,0
3240,2811,0
3228,2820,0
3231,2823,0
3233,2806,0
3243,2782,0
3252,2753,0
3258,2722,0
3268,2704,0
3271,2695,0
3280,2699,0
3279,2704,0
3283,2717,0
3284,2726,0
3289,2728,0
3296,2726,0
3310,2720,0
3327,2700,0
3349,2669,0
3376,2628,0
3407,2581,0
3440,2533,0
3467,2488,0
3493,2461,0
3506,2442,0
3513,2440,0
3515,2444,0
3517,2465,0
3510,2496,0
3496,2545,0
3477,2603,0
3461,2669,0
3445,2728,0
3425,2767,0
3426,2805,0
3419,2821,0
3417,2828,0
3414,2820,1
3478,2707,0
3499,2699,0
3528,2681,0
3563,2659,0
3592,2630,1
3643,2593,0
3648,2605,0
3652,2625,0
3647,2659,0
3641,2705,0
3633,2759,0
3612,2806,0
3609,2848,0
3608,2860,0
3624,2861,0
3641,2845,0
3665,2827,0
3689,2810,0
3706,2799,0
3716,2800,0
3718,2815,0
3704,2840,0
3694,2889,0
3663,2934,0
3638,2984,1
4273,2409,0
4270,2393,0
4264,2381,0
4257,2376,0
4249,2381,0
4237,2398,0
4210,2434,0
4182,2487,0
4159,2549,0
4140,2614,0
4122,2680,0
4099,2750,0
4085,2821,0
4070,2874,0
4070,2910,0
4066,2919,0
4068,2918,1
4157,2631,0
4175,2620,0
4201,2606,0
4222,2593,0
4240,2583,0
4247,2573,0
4249,2571,0
4248,2572,0
4239,2577,0
4229,2596,0
4217,2619,0
4204,2642,0
4198,2662,0
4203,2670,0
4206,2665,0
4220,2654,0
4239,2636,0
4256,2615,0
4266,2601,0
4264,2590,0
4268,2586,0
4268,2585,0
4265,2584,0
4270,2583,0
4281,2581,0
4295,2576,0
4316,2568,0
4336,2560,0
4352,2560,0
4361,2568,0
4365,2583,0
4362,2607,0
4346,2634,0
4337,2666,0
4325,2688,0
4320,2701,0
4324,2701,0
4342,2692,0
4359,2669,0
4384,2650,0
4408,2631,0
4428,2618,0
4437,2614,0
4439,2617,0
4435,2628,0
4425,2650,0
4417,2673,0
4410,2690,0
4415,2697,0
4429,2698,0
4444,2692,0
4473,2685,0
4490,2675,0
4521,2673,0
4541,2667,0
4555,2668,0
4568,2671,0
4569,2670,0
4570,2669,0
4563,2663,0
4564,2655,0
4555,2640,0
4552,2625,0
4550,2607,0
4550,2586,0
4558,2568,0
4573,2551,0
4599,2536,0
4643,2526,1
4961,2550,0
4966,2571,0
4969,2589,0
4973,2605,0
4979,2610,0
4981,2607,0
4994,2594,0
5009,2570,0
5026,2534,0
5043,2499,0
5061,2466,0
5076,2449,0
5081,2448,0
5086,2463,0
5088,2493,0
5087,2540,0
5086,2598,0
5072,2666,0
5070,2750,0
5050,2840,0
5013,2922,0
4992,2992,0
4970,3049,0
4942,3087,0
4924,3111,0
4902,3113,0
4889,3103,0
4879,3076,0
4881,3041,0
4883,2997,0
4898,2951,0
4987,2936,0
4953,2838,0
5006,2775,0
5068,2717,0
5125,2663,0
5185,2620,0
5229,2582,0
5275,2550,0
5304,2524,0
5320,2504,0
5321,2495,0
5314,2490,0
5305,2491,0
5287,2489,0
5275,2494,0
5268,2499,0
5258,2508,0
5254,2523,0
5256,2545,0
5258,2573,0
5260,2610,0
5265,2648,0
5275,2678,0
5296,2691,0
5315,2688,0
5344,2679,1
5475,2545,0
5463,2533,0
5460,2524,0
5452,2514,0
5443,2513,0
5432,2523,0
5416,2554,0
5402,2596,0
5385,2633,0
5376,2666,0
5385,2689,0
5388,2692,0
5399,2681,0
5418,2656,0
5438,2620,0
5466,2587,0
5487,2558,0
5500,2550,0
5499,2553,0
5499,2569,0
5491,2592,0
5484,2621,0
5477,2648,0
5482,2666,0
5489,2668,0
5509,2657,0
5537,2632,0
5562,2603,0
5595,2576,0
5620,2555,0
5643,2546,0
5656,2548,0
5663,2559,0
5666,2578,0
5669,2606,0
5664,2632,0
5661,2655,0
5665,2666,0
5664,2666,0
5666,2663,0
5672,2651,0
5675,2630,0
5675,2605,0
5682,2581,0
5686,2557,0
5694,2541,0
5699,2532,0
5706,2528,0
5716,2523,0
5736,2521,0
5774,2517,0
5800,2509,0
5832,2508,1
5928,2493,0
5919,2493,0
5895,2497,0
5872,2508,0
5848,2521,0
5828,2533,0
5822,2546,0
5816,2558,0
5827,2571,0
5837,2586,0
5847,2602,0
5864,2622,0
5869,2638,0
5870,2654,0
5863,2668,0
5842,2682,0
5821,2696,0
5793,2705,0
5770,2707,0
5744,2705,0
5734,2698,0
5728,2683,0
5725,2663,0
5737,2642,1
6255,2521,0
6248,2498,0
6239,2480,0
6227,2466,0
6214,2456,0
6196,2449,0
6186,2451,0
6169,2458,0
6156,2477,0
6152,2507,0
6150,2538,0
6153,2570,0
6162,2605,0
6166,2635,0
6162,2662,0
6158,2687,0
6147,2711,0
6128,2730,0
6112,2736,0
6096,2732,0
6099,2717,0
6096,2695,0
6112,2672,0
6124,2647,0
6147,2619,0
6182,2593,0
6216,2567,0
6242,2551,0
6257,2545,0
6264,2550,0
6268,2562,0
6264,2579,0
6259,2597,0
6254,2618,0
6249,2638,0
6244,2659,0
6235,2675,0
6237,2690,0
6230,2688,0
6236,2684,0
6240,2666,1
6302,2434,0
6307,2435,0
6308,2441,0
6308,2452,0
6317,2461,1
6404,2560,0
6389,2585,0
6379,2608,0
6372,2630,0
6367,2642,0
6372,2649,0
6377,2647,0
6387,2638,0
6399,2620,0
6463,2576,0
6486,2555,0
6505,2541,0
6516,2545,0
6517,2555,0
6518,2579,0
6508,2601,0
6499,2632,0
6498,2654,0
6510,2666,0
6527,2666,1
6710,2538,0
6703,2536,0
6686,2534,0
6669,2542,0
6650,2557,0
6628,2579,0
6604,2603,0
6590,2624,0
6589,2638,0
6600,2642,0
6617,2642,0
6647,2635,0
6681,2618,0
6717,2595,0
6750,2569,0
6785,2545,0
6795,2532,0
6795,2532,0
6782,2532,0
6758,2536,0
6735,2551,0
6711,2577,0
6693,2609,0
6694,2637,0
6717,2656,0
6772,2659,0
6843,2657,0
6913,2654,0
6964,2657,1