did not ask for oral
355
961,2922,0
948,2913,0
931,2913,0
907,2923,0
881,2950,0
859,2984,0
844,3027,0
838,3066,0
845,3099,0
858,3109,0
877,3110,0
895,3091,0
912,3068,0
929,3021,0
943,2982,0
952,2926,0
957,2874,0
959,2834,0
956,2810,0
953,2798,0
949,2801,0
947,2813,0
947,2842,0
950,2893,0
956,2954,0
965,3002,0
980,3043,0
998,3064,0
1019,3068,0
1043,3061,0
1068,3040,0
1090,3013,0
1109,2980,0
1124,2953,0
1134,2928,0
1139,2912,0
1142,2912,0
1147,2927,0
1153,2951,0
1160,2980,0
1167,3004,0
1175,3023,0
1179,3039,0
1182,3039,0
1185,3043,1
1127,2828,1
1372,2922,0
1367,2910,0
1361,2898,0
1353,2887,0
1339,2884,0
1320,2894,0
1300,2912,0
1281,2937,0
1269,2974,0
1263,3011,0
1264,3035,0
1271,3042,0
1285,3041,0
1303,3028,0
1324,3006,0
1342,2977,0
1356,2938,0
1368,2905,0
1376,2868,0
1380,2836,0
1380,2811,0
1378,2799,0
1377,2800,0
1377,2812,0
1377,2844,0
1376,2885,0
1380,2932,0
1389,2976,0
1401,3002,1
1651,2967,0
1657,2986,0
1658,2986,0
1666,2988,0
1677,2982,0
1690,2963,0
1705,2939,0
1722,2911,0
1742,2890,0
1759,2872,0
1776,2872,0
1788,2885,0
1794,2910,0
1800,2941,0
1810,2967,0
1824,2980,0
1840,2984,0
1857,2979,0
1877,2969,0
1895,2951,0
1908,2935,0
1913,2917,0
1908,2897,0
1900,2888,0
1884,2885,0
1861,2886,0
1845,2904,0
1836,2931,0
1831,2953,0
1838,2968,0
1853,2972,0
1876,2970,0
1899,2955,0
1923,2939,0
1936,2910,0
1948,2890,0
1952,2859,0
1952,2829,0
1952,2800,0
1956,2782,0
1959,2764,0
1968,2753,0
1981,2743,0
1999,2733,0
2022,2729,0
2043,2729,0
2061,2740,0
2072,2761,0
2079,2793,0
2081,2835,0
2084,2877,0
2084,2910,0
2082,2933,1
2066,2871,0
2065,2866,0
2072,2864,0
2089,2866,0
2118,2868,1
2564,2818,0
2538,2836,0
2510,2865,0
2484,2901,0
2466,2937,0
2461,2963,0
2472,2974,0
2485,2967,0
2509,2955,0
2533,2934,0
2556,2908,0
2569,2874,0
2579,2846,0
2583,2820,0
2581,2803,0
2581,2798,0
2585,2801,0
2585,2810,0
2589,2835,0
2590,2871,0
2589,2904,0
2595,2933,0
2612,2955,0
2631,2967,0
2656,2972,1
2790,2765,0
2774,2765,0
2752,2760,0
2738,2769,0
2725,2782,0
2722,2799,0
2724,2811,0
2737,2826,0
2760,2840,0
2785,2849,0
2808,2853,0
2838,2866,0
2862,2875,0
2883,2885,0
2899,2899,0
2902,2906,0
2894,2911,0
2883,2924,0
2859,2929,0
2830,2934,0
2801,2937,0
2776,2934,0
2759,2930,0
2747,2919,0
2741,2908,1
2919,2639,0
2923,2642,0
2926,2644,0
2931,2651,0
2939,2669,0
2946,2699,0
2955,2742,0
2957,2786,0
2960,2828,0
2964,2864,0
2970,2894,0
2975,2915,0
2979,2926,1
3057,2761,0
3045,2760,0
3033,2769,0
3008,2783,0
2987,2814,0
2969,2846,0
2963,2874,0
2969,2894,0
2987,2906,0
3018,2914,0
3057,2916,0
3095,2908,0
3124,2896,1
3588,2668,0
3587,2647,0
3583,2622,0
3576,2599,0
3565,2582,0
3553,2572,0
3537,2570,0
3525,2579,0
3508,2595,0
3501,2625,0
3498,2666,0
3499,2716,0
3506,2770,0
3515,2820,0
3522,2868,0
3532,2913,0
3542,2953,0
3544,2977,0
3551,2997,0
3552,3002,0
3551,2998,1
3477,2779,0
3523,2781,0
3573,2783,0
3626,2782,0
3672,2782,1
3759,2767,0
3752,2762,0
3737,2760,0
3717,2765,0
3693,2778,0
3677,2805,0
3667,2836,0
3660,2861,0
3666,2877,0
3681,2879,0
3706,2877,0
3725,2864,1
3834,2753,0
3842,2762,0
3853,2779,0
3861,2799,0
3870,2819,0
3884,2840,0
3896,2856,0
3901,2862,0
3905,2864,0
3902,2861,0
3895,2852,0
3883,2834,0
3872,2811,0
3865,2790,0
3866,2772,0
3871,2754,0
3882,2736,0
3900,2722,0
3921,2712,0
3941,2701,0
3962,2696,1
4449,2683,0
4439,2684,0
4422,2687,0
4399,2697,0
4379,2717,0
4353,2743,0
4340,2779,0
4332,2820,0
4336,2855,0
4349,2876,0
4368,2885,0
4394,2885,0
4422,2874,0
4445,2853,0
4464,2828,0
4472,2799,0
4478,2772,0
4471,2743,0
4457,2719,0
4447,2707,0
4430,2696,1
4564,2683,0
4566,2687,0
4567,2698,0
4572,2719,0
4581,2754,0
4579,2784,0
4585,2816,0
4589,2836,0
4593,2845,0
4593,2845,0
4595,2843,0
4594,2832,0
4588,2806,0
4592,2779,0
4596,2754,0
4598,2731,0
4601,2714,0
4609,2703,0
4620,2695,0
4629,2689,0
4647,2683,1
4878,2693,0
4868,2695,0
4850,2700,0
4829,2715,0
4799,2731,0
4772,2756,0
4763,2789,0
4756,2820,0
4765,2836,0
4775,2836,0
4796,2826,0
4820,2806,0
4840,2778,0
4857,2752,0
4869,2729,0
4871,2712,0
4874,2707,0
4876,2710,0
4876,2724,0
4883,2750,0
4895,2782,0
4907,2807,0
4917,2814,0
4934,2816,0
4963,2811,0
4987,2796,0
5010,2769,0
5036,2737,0
5050,2694,0
5067,2658,0
5076,2620,0
5076,2590,0
5069,2569,0
5058,2558,0
5042,2553,0
5029,2560,0
5021,2588,0
5014,2630,0
5021,2679,0
5032,2720,0
5049,2747,0
5074,2767,0
5113,2780,0
5154,2783,0
5186,2778,1