teachers frequently have to con-
635
456,4997,0
453,5004,0
452,5012,0
449,5028,0
447,5055,0
442,5096,0
434,5143,0
427,5206,0
418,5274,0
409,5337,0
398,5396,0
386,5447,0
374,5486,1
319,5305,0
329,5310,0
347,5316,0
373,5312,0
402,5315,0
424,5307,0
443,5309,0
458,5306,0
465,5296,1
480,5402,0
490,5411,0
505,5413,0
525,5395,0
545,5389,0
567,5367,0
583,5349,0
600,5330,0
614,5311,0
617,5296,0
612,5283,0
599,5274,0
585,5272,0
567,5286,0
546,5301,0
528,5315,0
513,5346,0
504,5365,0
501,5400,0
503,5417,0
511,5446,1
752,5286,0
741,5293,0
726,5292,0
709,5298,0
693,5310,0
673,5320,0
653,5343,0
640,5366,0
637,5386,0
634,5401,0
651,5410,0
671,5401,0
697,5382,1
762,5307,0
779,5284,0
786,5268,0
784,5268,0
779,5272,0
767,5298,0
755,5330,0
746,5370,0
744,5397,0
750,5426,0
762,5443,0
781,5443,1
976,5303,0
970,5303,0
962,5303,0
948,5298,0
928,5302,0
912,5313,0
895,5341,0
883,5365,0
882,5392,0
891,5417,0
912,5429,0
943,5434,0
974,5427,1
1115,5036,0
1117,5040,0
1118,5060,0
1115,5084,0
1113,5120,0
1109,5168,0
1106,5221,0
1102,5272,0
1099,5328,0
1097,5380,0
1097,5412,0
1100,5436,0
1105,5444,0
1110,5444,0
1119,5424,0
1134,5400,0
1150,5368,1
1189,5315,0
1206,5294,0
1222,5286,0
1236,5290,0
1244,5298,0
1247,5314,0
1249,5338,0
1249,5365,0
1249,5390,0
1252,5405,0
1257,5421,0
1264,5425,1
1351,5385,0
1355,5389,0
1366,5385,0
1381,5371,0
1397,5359,0
1409,5342,0
1417,5321,0
1423,5301,0
1422,5281,0
1418,5273,0
1410,5262,0
1399,5258,0
1388,5267,0
1376,5280,0
1369,5304,0
1367,5332,0
1371,5360,0
1385,5388,0
1403,5410,0
1426,5425,0
1452,5431,1
1548,5262,0
1546,5275,0
1547,5287,0
1550,5307,0
1551,5331,0
1555,5354,0
1556,5375,0
1561,5398,0
1563,5406,0
1566,5414,0
1565,5405,0
1566,5393,0
1563,5366,0
1562,5337,0
1560,5310,0
1561,5286,0
1564,5269,0
1569,5253,0
1575,5248,0
1586,5243,0
1603,5245,1
1766,5221,0
1766,5221,0
1764,5221,0
1756,5215,0
1744,5217,0
1722,5224,0
1699,5238,0
1686,5260,0
1679,5277,0
1685,5301,0
1701,5318,0
1729,5332,0
1760,5347,0
1788,5364,0
1807,5374,0
1814,5389,0
1809,5397,0
1799,5412,0
1773,5423,0
1742,5427,0
1713,5434,0
1691,5441,0
1676,5443,0
1668,5439,0
1669,5436,1
2297,5129,0
2299,5117,0
2299,5100,0
2299,5084,0
2295,5064,0
2289,5049,0
2279,5035,0
2271,5033,0
2260,5027,0
2251,5033,0
2246,5039,0
2242,5060,0
2239,5086,0
2235,5120,0
2237,5168,0
2239,5221,0
2244,5281,0
2248,5342,0
2257,5406,0
2263,5462,0
2265,5502,0
2269,5534,0
2270,5550,0
2270,5554,0
2266,5542,1
2192,5289,0
2196,5291,0
2210,5289,0
2230,5289,0
2251,5280,0
2276,5278,0
2296,5274,0
2309,5270,0
2319,5267,1
2389,5284,0
2388,5291,0
2388,5300,0
2388,5313,0
2388,5329,0
2386,5346,0
2386,5359,0
2388,5374,0
2391,5382,0
2391,5382,0
2393,5381,0
2392,5366,0
2390,5345,0
2389,5320,0
2388,5296,0
2388,5263,0
2393,5241,0
2401,5222,0
2410,5208,0
2423,5204,0
2437,5200,1
2490,5327,0
2492,5335,0
2504,5339,0
2521,5335,0
2538,5325,0
2559,5320,0
2570,5305,0
2581,5293,0
2589,5282,0
2590,5269,0
2586,5254,0
2582,5250,0
2571,5246,0
2553,5247,0
2539,5260,0
2523,5272,0
2516,5291,0
2516,5315,0
2521,5331,0
2534,5352,0
2552,5359,1
2763,5279,0
2764,5274,0
2759,5255,0
2758,5238,0
2753,5226,0
2746,5216,0
2738,5210,0
2733,5212,0
2727,5214,0
2723,5224,0
2721,5237,0
2721,5254,0
2726,5273,0
2733,5288,0
2743,5301,0
2755,5306,0
2767,5302,0
2779,5298,0
2786,5284,0
2794,5268,0
2800,5253,0
2804,5243,0
2804,5235,0
2803,5235,0
2804,5239,0
2801,5245,0
2800,5266,0
2799,5291,0
2796,5326,0
2796,5373,0
2796,5423,0
2796,5473,0
2804,5526,0
2812,5565,0
2819,5596,0
2825,5612,0
2829,5619,1
2885,5207,0
2887,5219,0
2888,5231,0
2890,5247,0
2888,5265,0
2893,5289,0
2900,5311,0
2909,5325,0
2926,5337,0
2943,5339,0
2958,5334,0
2975,5323,0
2984,5302,0
2994,5277,0
2999,5254,0
2996,5229,0
2996,5216,0
2992,5205,0
2990,5202,0
2987,5199,0
2988,5202,1
3040,5311,0
3046,5318,0
3056,5318,0
3071,5308,0
3087,5293,0
3103,5274,0
3117,5260,0
3127,5239,0
3132,5228,0
3132,5211,0
3124,5205,0
3112,5193,0
3097,5195,0
3084,5195,0
3070,5209,0
3064,5225,0
3064,5255,0
3072,5286,0
3086,5311,0
3104,5325,0
3123,5330,1
3212,5203,0
3212,5203,0
3211,5204,0
3212,5212,0
3211,5226,0
3215,5241,0
3223,5265,0
3232,5278,0
3240,5282,0
3255,5277,0
3272,5269,0
3289,5245,0
3311,5221,0
3332,5204,0
3348,5192,0
3360,5187,0
3363,5190,0
3370,5204,0
3372,5226,0
3376,5254,0
3382,5281,0
3390,5305,0
3404,5325,0
3415,5328,0
3430,5322,1
3508,4978,0
3509,4982,0
3511,4994,0
3517,5018,0
3514,5051,0
3517,5099,0
3518,5152,0
3520,5204,0
3525,5260,0
3532,5309,0
3534,5348,0
3537,5373,0
3537,5387,1
3465,5262,0
3467,5260,0
3479,5255,0
3499,5250,0
3522,5243,1
3624,4995,0
3624,5014,0
3626,5044,0
3625,5080,0
3624,5126,0
3626,5170,0
3630,5212,0
3642,5255,0
3655,5285,0
3668,5306,0
3684,5319,0
3695,5318,0
3711,5310,1
3745,5189,0
3746,5192,0
3747,5192,0
3750,5199,0
3756,5215,0
3760,5231,0
3770,5248,0
3782,5264,0
3797,5274,0
3815,5279,0
3834,5273,0
3851,5259,0
3865,5238,0
3877,5217,0
3884,5200,0
3886,5194,0
3889,5197,0
3887,5202,0
3887,5221,0
3889,5252,0
3894,5291,0
3901,5337,0
3910,5382,0
3918,5428,0
3921,5467,0
3916,5496,0
3906,5516,0
3898,5524,0
3884,5523,0
3869,5512,0
3861,5499,0
3859,5477,0
3867,5450,0
3887,5426,0
3916,5402,0
3947,5375,0
3970,5349,1
4403,5000,0
4406,5017,0
4412,5043,0
4415,5079,0
4416,5122,0
4417,5169,0
4419,5225,0
4417,5275,0
4418,5322,0
4429,5358,0
4435,5378,0
4443,5386,0
4452,5385,0
4462,5374,0
4470,5345,0
4488,5315,0
4507,5283,0
4523,5253,0
4535,5229,0
4546,5212,0
4555,5206,0
4564,5210,0
4572,5223,0
4581,5247,0
4585,5278,0
4584,5307,0
4589,5338,0
4593,5359,0
4599,5364,1
4741,5202,0
4738,5199,0
4734,5197,0
4720,5192,0
4706,5202,0
4687,5216,0
4666,5241,0
4649,5267,0
4640,5298,0
4640,5322,0
4644,5339,0
4658,5349,0
4671,5349,0
4687,5339,0
4698,5317,0
4710,5293,0
4719,5262,0
4727,5232,0
4735,5212,0
4738,5199,0
4736,5195,0
4739,5198,0
4743,5214,0
4744,5239,0
4744,5273,0
4744,5303,0
4750,5334,0
4753,5350,0
4760,5360,1
4819,5194,0
4823,5202,0
4825,5214,0
4833,5233,0
4838,5255,0
4845,5284,0
4850,5306,0
4862,5327,0
4869,5336,0
4880,5338,0
4888,5332,0
4895,5318,0
4898,5290,0
4903,5261,0
4908,5232,0
4913,5209,0
4915,5192,0
4916,5180,0
4918,5180,0
4920,5183,0
4921,5192,1
4956,5306,0
4961,5313,0
4976,5321,0
4992,5314,0
5014,5308,0
5034,5297,0
5056,5285,0
5071,5269,0
5081,5255,0
5083,5238,0
5083,5228,0
5073,5216,0
5061,5211,0
5045,5213,0
5029,5220,0
5020,5242,0
5017,5265,0
5021,5292,0
5036,5320,0
5059,5343,1
5450,4980,0
5454,4993,0
5458,5016,0
5460,5046,0
5461,5089,0
5458,5135,0
5461,5190,0
5464,5246,0
5463,5294,0
5466,5333,0
5467,5359,0
5473,5374,0
5471,5371,1
5405,5255,0
5405,5254,0
5414,5256,0
5435,5255,0
5462,5252,1
5645,5219,0
5642,5216,0
5638,5215,0
5627,5219,0
5607,5226,0
5590,5242,0
5579,5267,0
5569,5286,0
5572,5310,0
5580,5331,0
5595,5344,0
5618,5351,0
5642,5345,0
5665,5335,0
5684,5319,0
5696,5297,0
5697,5269,0
5695,5244,0
5687,5224,0
5672,5205,0
5660,5195,0
5652,5191,0
5642,5190,0
5638,5198,0
5634,5208,1
6085,5216,0
6084,5212,0
6079,5205,0
6063,5198,0
6042,5197,0
6019,5207,0
5991,5219,0
5972,5238,0
5960,5265,0
5956,5291,0
5958,5316,0
5972,5336,0
5997,5351,1
6218,5247,0
6218,5247,0
6208,5240,0
6198,5238,0
6185,5240,0
6168,5252,0
6157,5269,0
6148,5289,0
6145,5308,0
6153,5327,0
6170,5339,0
6191,5342,0
6216,5334,0
6243,5318,0
6269,5298,0
6283,5272,0
6289,5248,0
6288,5226,0
6280,5212,0
6267,5202,0
6244,5197,0
6226,5198,0
6212,5207,0
6206,5212,0
6206,5218,1
6369,5171,0
6367,5173,0
6365,5175,0
6364,5187,0
6362,5202,0
6359,5222,0
6363,5247,0
6362,5266,0
6372,5284,0
6379,5294,0
6391,5299,0
6399,5296,0
6410,5284,0
6420,5269,0
6435,5253,0
6446,5236,0
6460,5226,0
6473,5218,0
6484,5217,0
6496,5222,0
6508,5233,0
6512,5248,0
6517,5271,0
6517,5293,0
6520,5314,1
6649,5311,0
6664,5317,0
6698,5310,0
6733,5308,0
6764,5303,1