Such oral practice serves to
747
1424,1850,0
1442,1838,0
1467,1829,0
1485,1812,0
1498,1796,0
1501,1787,0
1497,1780,0
1483,1771,0
1468,1771,0
1446,1771,0
1416,1774,0
1389,1788,0
1359,1809,0
1331,1833,0
1309,1857,0
1294,1884,0
1283,1905,0
1284,1929,0
1299,1955,0
1323,1972,0
1358,1984,0
1401,1993,0
1445,2005,0
1475,2011,0
1492,2024,0
1495,2035,0
1481,2050,0
1450,2069,0
1414,2092,0
1375,2106,0
1347,2115,0
1329,2113,0
1318,2106,0
1308,2087,0
1323,2057,0
1323,2046,0
1336,2035,1
1406,1838,0
1406,1837,0
1405,1838,0
1404,1838,0
1404,1838,0
1406,1841,0
1404,1838,0
1406,1837,0
1407,1837,0
1411,1836,0
1423,1834,0
1436,1826,0
1450,1816,0
1464,1809,0
1476,1802,0
1484,1791,0
1489,1782,0
1491,1777,0
1491,1773,0
1486,1766,0
1483,1763,0
1479,1760,0
1476,1761,0
1470,1757,0
1464,1755,0
1456,1753,0
1448,1755,0
1438,1757,0
1425,1760,0
1416,1766,0
1404,1768,0
1390,1771,0
1378,1777,0
1365,1783,0
1351,1790,0
1336,1796,0
1327,1807,0
1319,1811,0
1314,1820,0
1307,1826,0
1301,1834,0
1296,1843,0
1289,1848,0
1286,1856,0
1283,1865,0
1281,1872,0
1281,1881,0
1281,1885,0
1282,1893,0
1282,1897,0
1285,1904,0
1286,1908,0
1290,1916,0
1293,1924,0
1297,1927,0
1302,1931,0
1309,1938,0
1315,1942,0
1322,1944,0
1331,1952,0
1339,1954,0
1346,1953,0
1358,1959,0
1370,1961,0
1381,1964,0
1389,1962,0
1399,1965,0
1411,1966,0
1421,1968,0
1432,1971,0
1442,1973,0
1451,1976,0
1461,1981,0
1467,1983,0
1472,1987,0
1476,1990,0
1481,1997,0
1482,2001,0
1485,2008,0
1487,2016,0
1483,2017,0
1483,2025,0
1478,2031,0
1471,2040,0
1461,2051,0
1447,2066,0
1427,2073,0
1406,2082,0
1386,2089,0
1364,2088,0
1346,2090,0
1328,2084,0
1314,2083,0
1298,2072,0
1286,2070,0
1279,2063,0
1276,2058,0
1279,2058,0
1283,2058,0
1297,2056,0
1318,2053,1
1546,1978,0
1546,1970,0
1543,1961,0
1542,1958,0
1538,1951,0
1539,1951,0
1540,1950,0
1540,1950,0
1539,1951,0
1539,1955,0
1539,1967,0
1535,1989,0
1530,2011,0
1532,2034,0
1536,2051,0
1546,2065,0
1558,2074,0
1570,2079,0
1583,2079,0
1598,2076,0
1612,2067,0
1620,2048,0
1632,2036,0
1640,2022,0
1639,2001,0
1639,1988,0
1638,1985,0
1638,1985,0
1638,1989,0
1638,1993,0
1643,2012,0
1645,2029,0
1651,2048,0
1661,2065,0
1671,2075,0
1681,2080,0
1691,2077,0
1701,2070,0
1715,2057,0
1723,2033,0
1728,2018,0
1725,2015,0
1726,2019,0
1725,2036,0
1734,2063,1
1754,1975,0
1752,1971,0
1752,1971,0
1753,1971,0
1754,1971,0
1756,1974,0
1754,1971,0
1755,1974,0
1754,1976,0
1751,1976,0
1751,1981,0
1751,1989,0
1745,1995,0
1742,2005,0
1738,2015,0
1736,2024,0
1733,2030,0
1734,2038,0
1737,2049,0
1737,2058,0
1741,2065,0
1749,2071,0
1758,2072,0
1771,2072,0
1788,2069,0
1804,2059,0
1820,2039,0
1841,2023,0
1855,2000,0
1867,1976,0
1871,1949,0
1879,1928,0
1882,1905,0
1882,1882,0
1878,1862,0
1871,1848,0
1863,1843,0
1857,1841,0
1853,1843,0
1851,1853,0
1847,1872,0
1853,1904,0
1857,1933,0
1865,1965,0
1874,1995,0
1879,2020,0
1887,2047,0
1888,2059,0
1896,2069,0
1899,2068,0
1904,2057,0
1923,2035,0
1935,2017,0
1938,2010,0
1935,2007,0
1937,2012,0
1932,2022,0
1937,2038,0
1952,2044,0
1976,2042,0
2000,2034,1
2245,1959,0
2241,1958,0
2234,1957,0
2231,1959,0
2229,1960,0
2227,1966,0
2221,1975,0
2222,1994,0
2227,2014,0
2233,2029,0
2249,2043,0
2270,2048,0
2290,2044,0
2311,2036,0
2324,2017,0
2336,2000,0
2338,1980,0
2323,1960,0
2301,1946,0
2273,1941,0
2241,1948,0
2208,1955,0
2200,1969,0
2204,1981,0
2225,1986,1
2342,1957,0
2343,1956,0
2345,1954,0
2349,1957,0
2350,1961,0
2353,1968,0
2357,1981,0
2359,1993,0
2366,2008,0
2370,2019,0
2372,2029,0
2373,2032,0
2373,2032,0
2374,2032,0
2376,2031,0
2370,2019,0
2366,2008,0
2359,1994,0
2353,1983,0
2352,1973,0
2350,1961,0
2355,1952,0
2368,1938,0
2393,1930,0
2402,1923,0
2410,1927,0
2412,1931,0
2415,1937,0
2421,1949,0
2425,1956,0
2434,1964,0
2444,1966,0
2461,1968,1
2556,1944,0
2555,1934,0
2552,1927,0
2550,1923,0
2541,1919,0
2533,1921,0
2519,1927,0
2503,1940,0
2485,1959,0
2473,1985,0
2464,2002,0
2460,2009,0
2463,2012,0
2473,2014,0
2492,2010,0
2511,1996,0
2526,1978,0
2536,1960,0
2539,1952,0
2539,1952,0
2538,1953,0
2540,1956,0
2543,1966,0
2549,1981,0
2557,1999,0
2563,2010,0
2574,2022,0
2581,2026,0
2588,2026,1
2591,1997,0
2591,1992,0
2596,1983,0
2603,1967,0
2623,1950,0
2637,1926,0
2654,1901,0
2666,1873,0
2679,1850,0
2678,1829,0
2675,1814,0
2668,1805,0
2662,1805,0
2651,1811,0
2637,1834,0
2625,1873,0
2615,1909,0
2615,1941,0
2623,1966,0
2633,1983,0
2646,1994,0
2662,2000,0
2676,1999,0
2702,1987,0
2733,1964,1
2904,1925,0
2901,1923,0
2907,1928,0
2916,1942,0
2922,1965,0
2926,1995,0
2926,2029,0
2924,2064,0
2916,2100,0
2909,2134,0
2897,2155,0
2894,2169,0
2895,2173,0
2893,2169,0
2894,2159,0
2897,2129,0
2900,2093,0
2904,2055,0
2914,2024,0
2922,1993,0
2937,1966,0
2959,1944,0
2988,1930,0
3025,1932,0
3042,1935,0
3061,1951,0
3069,1971,0
3067,1991,0
3049,2010,0
3031,2030,0
3005,2039,0
2988,2046,0
2982,2047,1
3128,1966,0
3128,1966,0
3132,1973,0
3137,1979,0
3137,1986,0
3135,1994,0
3135,2005,0
3132,2016,0
3127,2027,0
3129,2036,0
3132,2040,0
3128,2038,0
3132,2039,0
3126,2029,0
3124,2012,0
3121,1991,0
3119,1976,0
3119,1963,0
3124,1952,0
3124,1940,0
3129,1934,0
3127,1930,0
3127,1930,0
3127,1930,0
3131,1932,0
3141,1932,0
3164,1937,0
3184,1937,0
3204,1937,1
3329,2006,0
3340,2000,0
3353,1990,0
3359,1976,0
3356,1961,0
3354,1951,0
3341,1941,0
3332,1940,0
3310,1940,0
3287,1951,0
3257,1968,0
3240,1990,0
3230,2001,0
3235,2007,0
3248,2010,0
3276,2002,0
3309,1987,0
3334,1969,0
3355,1955,0
3363,1945,0
3359,1944,0
3361,1948,0
3357,1953,0
3356,1973,0
3354,1989,0
3365,2000,0
3381,2007,0
3396,2007,0
3407,2007,1
3549,1956,0
3550,1948,0
3542,1940,0
3539,1936,0
3535,1935,0
3530,1936,0
3519,1944,0
3499,1958,0
3483,1978,0
3468,1992,0
3470,2002,0
3476,2008,0
3484,2010,0
3506,2008,0
3531,2002,0
3561,1995,0
3580,1983,1
3670,1807,0
3673,1802,0
3670,1800,0
3670,1800,0
3667,1804,0
3665,1821,0
3661,1843,0
3662,1871,0
3659,1897,0
3655,1925,0
3655,1952,0
3651,1973,0
3653,1991,0
3646,2000,0
3643,2005,0
3638,1999,0
3627,1985,0
3621,1973,0
3617,1966,0
3612,1959,0
3609,1955,0
3615,1954,0
3625,1947,0
3645,1937,0
3677,1927,0
3711,1920,0
3742,1918,0
3755,1918,0
3764,1927,0
3765,1941,0
3769,1964,0
3766,1982,0
3768,1993,0
3771,1996,0
3771,1996,0
3759,1985,0
3752,1974,1
3770,1851,0
3772,1841,0
3779,1836,0
3790,1834,0
3786,1832,0
3789,1835,0
3787,1838,0
3785,1842,1
3930,1905,0
3926,1903,0
3912,1903,0
3890,1908,0
3869,1919,0
3847,1931,0
3846,1948,0
3845,1964,0
3850,1978,0
3863,1988,0
3882,1995,0
3906,1995,0
3940,1994,1
3993,1986,0
3999,1983,0
4012,1976,0
4033,1966,0
4048,1949,0
4059,1930,0
4065,1912,0
4065,1896,0
4058,1886,0
4045,1883,0
4015,1886,0
3984,1900,0
3960,1917,0
3951,1932,0
3964,1949,0
3981,1959,0
4015,1964,0
4051,1966,0
4085,1964,0
4111,1960,0
4121,1958,0
4118,1955,0
4123,1956,0
4119,1954,0
4120,1954,0
4120,1952,0
4120,1952,0
4116,1950,0
4107,1944,1
4476,1867,0
4478,1863,0
4479,1860,0
4468,1856,0
4463,1856,0
4447,1853,0
4432,1856,0
4400,1857,0
4372,1869,0
4339,1880,0
4316,1896,0
4302,1906,0
4298,1914,0
4307,1924,0
4320,1932,0
4343,1940,0
4371,1947,0
4394,1954,0
4424,1968,0
4436,1978,0
4437,1993,0
4422,2005,0
4402,2024,0
4374,2034,0
4361,2039,0
4352,2038,0
4352,2038,0
4352,2031,0
4360,2017,1
4567,1987,0
4569,1984,0
4567,1978,0
4569,1974,0
4577,1968,0
4596,1959,0
4616,1944,0
4646,1930,0
4670,1917,0
4702,1906,0
4707,1894,0
4716,1886,0
4710,1880,0
4691,1872,0
4674,1872,0
4653,1877,0
4634,1891,0
4617,1906,0
4603,1926,0
4594,1944,0
4593,1963,0
4595,1976,0
4610,1991,0
4628,2000,0
4661,2006,0
4696,2007,0
4725,2003,0
4758,2000,0
4779,1993,0
4787,1987,0
4787,1978,0
4782,1969,0
4781,1953,0
4766,1938,0
4768,1925,0
4763,1909,0
4763,1899,0
4762,1891,0
4766,1890,0
4777,1888,0
4789,1891,1
4881,1910,0
4876,1901,0
4872,1891,0
4874,1886,0
4871,1883,0
4871,1882,0
4876,1884,0
4880,1892,0
4886,1909,0
4882,1925,0
4890,1947,0
4895,1966,0
4898,1978,0
4899,1985,0
4903,1986,0
4908,1983,0
4903,1975,0
4918,1954,0
4934,1929,0
4941,1903,0
4940,1886,0
4940,1876,0
4941,1873,0
4946,1873,0
4952,1870,1
5114,1948,0
5111,1944,0
5108,1943,0
5102,1944,0
5101,1948,0
5101,1949,0
5096,1947,0
5105,1947,0
5125,1943,0
5151,1932,0
5187,1920,0
5224,1905,0
5262,1886,0
5286,1869,0
5296,1857,0
5295,1848,0
5277,1839,0
5243,1836,0
5206,1842,0
5163,1852,0
5134,1868,0
5115,1884,0
5108,1901,0
5106,1915,0
5109,1929,0
5121,1941,0
5139,1952,0
5166,1958,0
5204,1961,1
5460,1865,0
5460,1854,0
5458,1847,0
5452,1841,0
5436,1836,0
5416,1834,0
5398,1836,0
5378,1842,0
5366,1851,0
5346,1860,0
5332,1871,0
5325,1880,0
5324,1892,0
5325,1901,0
5337,1913,0
5351,1920,0
5376,1925,0
5396,1929,0
5414,1935,0
5429,1941,0
5436,1947,0
5431,1949,0
5414,1956,0
5382,1963,0
5348,1970,0
5320,1976,0
5305,1981,0
5293,1978,0
5289,1977,1
5788,1719,0
5787,1710,0
5788,1707,0
5784,1705,0
5784,1708,0
5786,1738,0
5784,1768,0
5781,1804,0
5769,1886,0
5774,1918,0
5776,1943,0
5788,1969,0
5792,1970,0
5790,1966,0
5779,1937,0
5764,1920,0
5738,1911,1
5691,1910,0
5687,1909,0
5692,1908,0
5723,1904,0
5765,1895,0
5808,1894,0
5863,1895,0
5887,1899,0
5907,1901,0
5921,1901,1
5919,1918,0
5917,1921,0
5919,1929,0
5933,1935,0
5951,1934,0
5982,1930,0
6010,1923,0
6027,1912,0
6040,1899,0
6035,1888,0
6020,1872,0
5991,1857,0
5946,1851,0
5906,1857,0
5863,1872,0
5865,1879,1