these early years that the
520
456,4302,0
453,4317,0
451,4326,0
453,4345,0
454,4374,0
455,4411,0
455,4451,0
449,4503,0
441,4562,0
436,4614,0
430,4662,0
428,4698,0
427,4722,0
427,4734,0
426,4730,0
422,4717,1
346,4555,0
352,4556,0
369,4560,0
393,4551,0
419,4551,0
444,4546,0
465,4549,0
483,4553,0
496,4550,1
547,4295,0
548,4302,0
553,4316,0
559,4340,0
560,4377,0
558,4417,0
552,4476,0
545,4528,0
535,4583,0
528,4635,0
525,4666,0
526,4687,0
531,4691,0
543,4681,0
564,4655,0
590,4630,0
615,4601,0
637,4578,0
654,4572,0
666,4573,0
673,4589,0
673,4610,0
673,4642,0
674,4666,0
678,4683,1
777,4659,0
778,4662,0
784,4662,0
796,4656,0
813,4640,0
832,4625,0
848,4602,0
861,4583,0
870,4567,0
872,4551,0
867,4543,0
856,4543,0
838,4550,0
815,4560,0
795,4587,0
784,4611,0
779,4642,0
788,4671,0
808,4696,0
839,4714,0
875,4716,1
1088,4517,0
1078,4517,0
1065,4517,0
1049,4524,0
1034,4532,0
1020,4540,0
1014,4556,0
1011,4572,0
1018,4588,0
1031,4600,0
1052,4608,0
1078,4620,0
1105,4632,0
1124,4636,0
1136,4648,0
1138,4660,0
1129,4669,0
1110,4681,0
1081,4688,0
1048,4696,0
1019,4700,0
998,4700,0
986,4695,0
982,4687,0
989,4676,1
1164,4659,0
1184,4655,0
1211,4654,0
1239,4638,0
1265,4620,0
1290,4600,0
1308,4579,0
1322,4562,0
1323,4546,0
1318,4538,0
1305,4534,0
1282,4540,0
1258,4557,0
1237,4577,0
1224,4598,0
1221,4626,0
1230,4650,0
1247,4669,0
1274,4684,0
1308,4695,0
1344,4700,1
1628,4635,0
1640,4637,0
1657,4631,0
1678,4616,0
1695,4598,0
1709,4584,0
1716,4571,0
1718,4554,0
1715,4547,0
1706,4536,0
1695,4533,0
1678,4536,0
1658,4543,0
1645,4560,0
1633,4578,0
1628,4602,0
1631,4630,0
1640,4650,0
1656,4672,0
1677,4685,0
1701,4694,1
1875,4573,0
1872,4570,0
1866,4562,0
1857,4548,0
1846,4541,0
1831,4540,0
1808,4544,0
1792,4555,0
1775,4574,0
1765,4591,0
1756,4617,0
1759,4637,0
1765,4652,0
1775,4659,0
1790,4661,0
1811,4653,0
1832,4637,0
1853,4613,0
1870,4590,0
1879,4564,0
1882,4548,0
1880,4540,0
1877,4541,0
1875,4545,0
1874,4561,0
1881,4584,0
1890,4611,0
1899,4634,0
1911,4660,0
1926,4678,0
1942,4691,0
1957,4688,0
1976,4681,1
2040,4602,0
2040,4602,0
2038,4602,0
2041,4614,0
2040,4626,0
2043,4646,0
2042,4662,0
2043,4679,0
2041,4683,0
2043,4687,0
2039,4683,0
2034,4668,0
2027,4649,0
2021,4623,0
2017,4594,0
2016,4565,0
2020,4540,0
2029,4514,0
2049,4497,0
2071,4480,1
2213,4316,0
2207,4322,0
2203,4340,0
2196,4367,0
2189,4402,0
2186,4447,0
2188,4501,0
2193,4557,0
2197,4611,0
2203,4658,0
2216,4700,0
2227,4726,0
2239,4735,1
2285,4587,0
2285,4587,0
2286,4587,0
2290,4598,0
2298,4617,0
2304,4636,0
2314,4658,0
2326,4676,0
2337,4684,0
2352,4681,0
2367,4668,0
2386,4645,0
2405,4615,0
2419,4589,0
2427,4570,0
2432,4561,0
2432,4561,0
2432,4565,0
2433,4585,0
2439,4617,0
2441,4650,0
2446,4699,0
2449,4743,0
2449,4790,0
2446,4836,0
2439,4876,0
2430,4907,0
2422,4927,0
2417,4932,0
2415,4933,0
2410,4917,0
2410,4896,0
2415,4866,0
2428,4838,0
2444,4804,0
2461,4782,0
2480,4763,1
2908,4606,0
2914,4622,0
2926,4642,0
2938,4659,0
2952,4680,0
2968,4699,0
2984,4714,0
2997,4725,0
3011,4737,1
3081,4566,0
3076,4569,0
3069,4581,0
3057,4603,0
3040,4637,0
3022,4685,0
2996,4734,0
2975,4795,0
2951,4848,0
2934,4898,0
2918,4926,0
2910,4932,0
2916,4927,1
3110,4667,0
3114,4671,0
3115,4670,0
3119,4672,0
3129,4673,0
3144,4674,0
3163,4670,0
3182,4661,0
3207,4654,0
3228,4639,0
3240,4615,0
3252,4596,0
3255,4577,0
3251,4570,0
3238,4564,0
3218,4568,0
3193,4580,0
3168,4601,0
3146,4634,0
3134,4670,0
3133,4705,0
3141,4736,0
3159,4755,0
3184,4766,0
3218,4763,1
3409,4620,0
3401,4616,0
3394,4614,0
3382,4611,0
3366,4611,0
3350,4628,0
3332,4646,0
3320,4670,0
3312,4692,0
3313,4710,0
3322,4723,0
3333,4722,0
3349,4709,0
3368,4690,0
3383,4664,0
3399,4638,0
3407,4612,0
3414,4599,0
3416,4593,0
3414,4590,0
3415,4594,0
3418,4616,0
3418,4638,0
3421,4663,0
3428,4687,0
3439,4707,0
3451,4719,0
3464,4727,0
3472,4718,1
3528,4601,0
3529,4601,0
3530,4605,0
3530,4614,0
3530,4632,0
3530,4654,0
3524,4676,0
3521,4700,0
3520,4720,0
3519,4729,0
3517,4730,0
3519,4729,0
3518,4716,0
3519,4697,0
3523,4677,0
3522,4645,0
3526,4620,0
3531,4604,0
3537,4587,0
3551,4579,0
3565,4572,1
3720,4584,0
3718,4580,0
3711,4580,0
3694,4576,0
3672,4579,0
3655,4589,0
3642,4606,0
3628,4619,0
3624,4635,0
3634,4652,0
3651,4665,0
3681,4681,0
3706,4693,0
3729,4707,0
3738,4717,0
3739,4726,0
3730,4735,0
3706,4740,0
3677,4747,0
3652,4752,0
3621,4751,1
4152,4413,0
4154,4422,0
4162,4446,0
4166,4473,0
4167,4506,0
4169,4548,0
4171,4596,0
4171,4644,0
4175,4695,0
4179,4736,0
4183,4772,0
4185,4800,0
4186,4818,1
4121,4645,0
4121,4645,0
4126,4647,0
4140,4647,0
4165,4644,0
4186,4639,0
4205,4635,0
4220,4630,0
4234,4621,1
4260,4369,0
4256,4367,0
4260,4373,0
4262,4392,0
4261,4418,0
4261,4458,0
4262,4507,0
4256,4555,0
4258,4608,0
4258,4652,0
4263,4688,0
4267,4710,0
4274,4719,0
4284,4722,0
4292,4707,0
4308,4685,0
4324,4664,0
4340,4652,0
4350,4644,0
4357,4645,0
4358,4649,0
4362,4666,0
4360,4687,0
4365,4714,0
4365,4734,1
4563,4645,0
4555,4636,0
4554,4632,0
4543,4625,0
4531,4625,0
4513,4633,0
4493,4649,0
4476,4672,0
4462,4697,0
4454,4717,0
4454,4733,0
4461,4738,0
4471,4734,0
4491,4726,0
4507,4703,0
4527,4683,0
4543,4661,0
4555,4652,0
4562,4646,0
4566,4648,0
4565,4654,0
4565,4669,0
4566,4693,0
4569,4716,0
4571,4735,0
4578,4749,0
4586,4758,0
4596,4760,0
4604,4750,1
4686,4410,0
4685,4411,0
4685,4418,0
4684,4439,0
4685,4470,0
4678,4506,0
4677,4554,0
4679,4604,0
4683,4652,0
4685,4691,0
4688,4725,0
4687,4746,0
4689,4760,1
4625,4632,0
4630,4633,0
4652,4632,0
4678,4630,0
4712,4633,1
5139,4395,0
5141,4398,0
5149,4413,0
5158,4437,0
5163,4467,0
5174,4511,0
5179,4555,0
5188,4607,0
5201,4661,0
5206,4711,0
5206,4753,0
5203,4789,0
5198,4809,1
5110,4625,0
5110,4625,0
5115,4625,0
5134,4630,0
5158,4630,0
5188,4634,0
5214,4632,0
5244,4637,0
5267,4632,1
5297,4364,0
5295,4377,0
5294,4401,0
5292,4437,0
5291,4482,0
5289,4534,0
5290,4589,0
5289,4639,0
5292,4680,0
5299,4711,0
5305,4722,0
5318,4728,0
5329,4717,0
5349,4698,0
5368,4675,0
5387,4661,0
5397,4653,0
5402,4653,0
5407,4659,0
5409,4673,0
5409,4695,0
5409,4718,0
5415,4739,0
5422,4749,0
5435,4755,1
5525,4705,0
5528,4703,0
5540,4698,0
5552,4680,0
5568,4664,0
5580,4647,0
5592,4635,0
5595,4620,0
5594,4616,0
5585,4608,0
5573,4608,0
5557,4619,0
5539,4631,0
5528,4654,0
5525,4679,0
5535,4707,0
5560,4733,0
5598,4753,0
5640,4768,0
5677,4770,1