in age and family income
679
805,3288,0
804,3288,0
805,3288,0
814,3281,0
826,3271,0
839,3259,0
856,3245,0
875,3226,0
892,3199,0
911,3180,0
925,3152,0
935,3134,0
941,3114,0
943,3105,0
943,3105,0
943,3114,0
942,3129,0
945,3158,0
965,3234,0
980,3271,0
1000,3303,0
1018,3320,0
1031,3320,0
1047,3313,0
1063,3284,0
1075,3252,0
1082,3213,0
1085,3173,0
1089,3145,0
1093,3129,0
1094,3129,0
1095,3129,0
1102,3148,0
1109,3185,0
1117,3233,0
1123,3272,0
1129,3308,0
1134,3328,0
1134,3332,0
1133,3325,0
1136,3316,0
1147,3288,0
1158,3251,0
1171,3211,0
1187,3178,0
1206,3153,0
1226,3141,0
1247,3148,0
1267,3159,0
1286,3186,0
1302,3221,0
1317,3259,0
1330,3307,0
1337,3338,0
1344,3366,0
1345,3374,1
974,2955,0
971,2951,0
969,2947,0
967,2946,0
965,2938,1
1897,3188,0
1896,3180,0
1890,3165,0
1882,3155,0
1869,3146,0
1854,3142,0
1836,3142,0
1816,3147,0
1797,3159,0
1783,3180,0
1767,3199,0
1759,3230,0
1753,3260,0
1753,3293,0
1758,3325,0
1770,3351,0
1787,3372,0
1803,3380,0
1823,3384,0
1843,3371,0
1865,3349,0
1879,3313,0
1890,3273,0
1897,3233,0
1899,3192,0
1901,3165,0
1901,3150,0
1901,3146,0
1903,3148,0
1902,3153,0
1905,3182,0
1913,3217,0
1933,3265,0
1956,3309,0
1983,3351,0
2007,3373,0
2025,3377,0
2050,3369,0
2069,3341,0
2089,3314,0
2103,3276,0
2111,3240,0
2108,3199,0
2097,3165,0
2084,3148,0
2067,3136,0
2054,3137,0
2042,3149,0
2032,3169,0
2030,3199,0
2038,3234,0
2055,3274,0
2074,3303,0
2094,3326,0
2105,3327,0
2118,3317,0
2129,3293,0
2133,3266,0
2130,3233,0
2123,3202,0
2113,3176,0
2104,3158,0
2101,3155,0
2102,3158,0
2101,3163,0
2106,3196,0
2118,3242,0
2133,3308,0
2149,3387,0
2162,3472,0
2168,3558,0
2171,3645,0
2168,3722,0
2157,3783,0
2143,3833,0
2128,3863,0
2104,3873,0
2084,3867,0
2063,3848,0
2051,3809,0
2046,3761,0
2051,3701,0
2065,3643,0
2086,3592,0
2113,3537,0
2147,3494,0
2182,3449,0
2217,3398,0
2253,3355,0
2282,3311,0
2300,3269,0
2313,3233,0
2316,3203,0
2314,3182,0
2302,3165,0
2291,3160,0
2274,3159,0
2258,3169,0
2244,3184,0
2234,3209,0
2234,3247,0
2237,3281,0
2251,3317,0
2267,3341,0
2289,3359,0
2316,3366,0
2346,3363,0
2381,3358,0
2408,3346,0
2435,3339,0
2456,3321,0
2468,3307,0
2475,3296,1
2874,3225,0
2878,3218,0
2878,3204,0
2875,3192,0
2866,3179,0
2853,3168,0
2832,3157,0
2811,3155,0
2794,3165,0
2777,3183,0
2759,3207,0
2741,3235,0
2729,3270,0
2729,3315,0
2731,3354,0
2743,3392,0
2760,3416,0
2777,3429,0
2797,3432,0
2822,3424,0
2846,3402,0
2864,3369,0
2880,3332,0
2893,3293,0
2898,3253,0
2902,3218,0
2905,3197,0
2905,3189,0
2905,3188,0
2905,3192,0
2908,3209,0
2909,3237,0
2913,3272,0
2926,3320,0
2943,3365,0
2962,3400,0
2979,3414,0
2995,3418,0
3021,3408,0
3041,3382,0
3059,3347,0
3071,3310,0
3078,3269,0
3085,3240,0
3091,3228,0
3090,3223,0
3091,3227,0
3095,3243,0
3092,3274,0
3093,3316,0
3095,3361,0
3093,3397,0
3091,3421,0
3092,3426,0
3089,3423,0
3093,3420,0
3102,3396,0
3121,3360,0
3136,3313,0
3154,3271,0
3182,3238,0
3200,3216,0
3229,3215,0
3248,3221,0
3265,3238,0
3279,3268,0
3295,3310,0
3305,3356,0
3322,3404,0
3336,3438,0
3350,3462,0
3368,3474,0
3392,3482,0
3415,3476,0
3440,3458,0
3462,3432,0
3472,3395,0
3490,3367,0
3496,3331,0
3494,3298,0
3487,3274,0
3477,3261,0
3457,3251,0
3440,3258,0
3419,3270,0
3406,3300,0
3395,3337,0
3401,3382,0
3407,3417,0
3421,3451,0
3433,3462,0
3451,3464,0
3470,3450,0
3491,3421,0
3502,3368,0
3510,3305,0
3518,3239,0
3514,3170,0
3512,3115,0
3506,3069,0
3500,3042,0
3493,3031,0
3495,3035,0
3494,3052,0
3493,3089,0
3496,3144,0
3505,3208,0
3516,3276,0
3532,3344,0
3545,3399,0
3563,3447,0
3578,3476,0
3596,3491,1
4019,3817,0
4021,3814,0
4024,3807,0
4024,3782,0
4026,3749,0
4022,3701,0
4018,3646,0
4016,3590,0
4012,3530,0
4007,3465,0
4003,3393,0
3995,3315,0
3991,3240,0
3988,3171,0
3995,3120,0
4003,3084,0
4017,3065,0
4028,3052,0
4046,3052,0
4064,3056,0
4079,3064,0
4097,3080,0
4109,3101,0
4118,3121,0
4119,3136,1
4063,3327,0
4055,3324,0
4042,3320,0
4022,3315,0
4001,3314,0
3974,3312,0
3950,3317,0
3926,3322,0
3904,3327,0
3887,3330,0
3875,3331,0
3874,3332,0
3877,3329,1
4251,3312,0
4247,3310,0
4238,3308,0
4225,3310,0
4208,3315,0
4187,3325,0
4169,3341,0
4159,3368,0
4150,3398,0
4144,3431,0
4143,3466,0
4152,3495,0
4162,3513,0
4177,3521,0
4192,3519,0
4210,3506,0
4227,3479,0
4240,3440,0
4248,3394,0
4251,3351,0
4254,3320,0
4257,3305,0
4255,3302,0
4256,3306,0
4258,3321,0
4263,3356,0
4267,3397,0
4278,3442,0
4289,3481,0
4304,3506,0
4314,3513,0
4324,3503,0
4337,3480,0
4349,3445,0
4361,3405,0
4367,3363,0
4376,3332,0
4380,3315,0
4385,3316,0
4386,3321,0
4386,3344,0
4386,3379,0
4385,3421,0
4381,3458,0
4380,3488,0
4379,3501,0
4376,3498,0
4378,3496,0
4380,3477,0
4388,3440,0
4404,3400,0
4417,3359,0
4432,3332,0
4442,3315,0
4454,3314,0
4466,3324,0
4473,3340,0
4481,3373,0
4485,3414,0
4490,3456,0
4493,3492,0
4500,3520,0
4497,3522,0
4502,3522,0
4505,3514,0
4517,3491,0
4521,3457,0
4531,3424,0
4540,3392,0
4548,3366,0
4557,3349,0
4562,3344,0
4562,3344,0
4567,3350,0
4572,3368,0
4575,3395,0
4575,3424,0
4581,3458,0
4590,3490,0
4597,3511,0
4609,3527,0
4620,3533,0
4634,3531,0
4652,3518,0
4661,3489,0
4677,3461,0
4688,3432,0
4699,3407,0
4705,3387,0
4708,3379,0
4708,3379,0
4710,3383,0
4712,3397,0
4716,3424,0
4721,3454,0
4728,3488,0
4738,3519,0
4753,3543,0
4770,3555,0
4785,3556,0
4807,3550,0
4828,3527,0
4848,3492,0
4866,3448,0
4879,3395,0
4887,3341,0
4893,3290,0
4892,3247,0
4882,3209,0
4874,3187,0
4863,3176,0
4855,3180,0
4842,3195,0
4836,3228,0
4828,3269,0
4831,3322,0
4834,3375,0
4839,3429,0
4850,3477,0
4866,3514,0
4881,3540,0
4895,3547,0
4914,3544,0
4931,3525,0
4947,3493,0
4959,3456,0
4970,3419,0
4980,3387,0
4980,3367,0
4987,3366,0
4984,3369,0
4991,3386,0
4992,3416,0
4997,3448,0
5004,3476,0
5013,3497,0
5024,3508,0
5035,3507,0
5051,3496,0
5066,3471,0
5081,3440,0
5099,3412,0
5112,3390,0
5125,3385,0
5137,3390,0
5149,3413,0
5164,3459,0
5176,3519,0
5182,3588,0
5189,3660,0
5188,3735,0
5182,3809,0
5164,3870,0
5139,3916,0
5114,3949,0
5082,3965,0
5049,3964,1
4712,3240,0
4711,3240,0
4712,3240,0
4709,3237,0
4708,3238,0
4707,3240,0
4707,3240,0
4708,3238,0
4710,3235,1
5467,3460,0
5470,3462,0
5477,3465,0
5490,3469,0
5501,3467,0
5520,3462,0
5537,3452,0
5558,3437,0
5576,3414,0
5594,3388,0
5612,3361,0
5621,3336,0
5627,3320,0
5629,3317,0
5632,3319,0
5627,3320,0
5624,3332,0
5622,3356,0
5625,3392,0
5629,3435,0
5640,3482,0
5651,3520,0
5663,3539,0
5680,3548,0
5700,3541,0
5723,3523,0
5747,3491,0
5764,3451,0
5781,3408,0
5784,3366,0
5789,3339,0
5788,3332,0
5794,3338,0
5789,3353,0
5786,3386,0
5781,3429,0
5778,3474,0
5774,3513,0
5771,3539,0
5772,3544,0
5774,3542,0
5774,3535,0
5783,3508,0
5798,3467,0
5813,3424,0
5834,3385,0
5856,3354,0
5877,3336,0
5898,3333,0
5916,3342,0
5928,3359,0
5939,3388,0
5947,3426,0
5950,3472,0
5950,3514,0
5952,3554,0
5952,3581,0
5955,3592,0
5961,3590,0
5974,3578,0
5991,3552,1
6139,3373,0
6143,3366,0
6138,3351,0
6124,3338,0
6105,3329,0
6085,3331,0
6062,3337,0
6042,3353,0
6024,3375,0
6009,3404,0
6002,3437,0
6001,3468,0
6008,3501,0
6019,3526,0
6041,3551,0
6068,3569,0
6095,3578,0
6128,3579,0
6162,3566,0
6194,3539,0
6222,3510,1
6310,3355,0
6312,3354,0
6307,3353,0
6295,3351,0
6273,3347,0
6256,3353,0
6232,3359,0
6210,3373,0
6190,3389,0
6177,3410,0
6167,3433,0
6172,3464,0
6179,3489,0
6191,3506,0
6209,3515,0
6225,3514,0
6239,3498,0
6249,3475,0
6258,3447,0
6266,3419,0
6266,3390,0
6269,3368,0
6268,3354,0
6275,3352,0
6281,3349,0
6291,3347,0
6301,3347,0
6319,3347,0
6328,3349,0
6336,3343,0
6343,3348,0
6346,3350,0
6349,3360,0
6344,3385,0
6343,3415,0
6339,3453,0
6334,3491,0
6331,3527,0
6327,3553,0
6323,3567,0
6326,3571,0
6324,3566,0
6324,3551,0
6335,3520,0
6348,3475,0
6364,3427,0
6384,3387,0
6401,3367,0
6414,3360,0
6433,3368,0
6440,3388,0
6447,3423,0
6453,3467,0
6455,3515,0
6452,3558,0
6454,3586,0
6458,3595,0
6457,3589,0
6463,3580,0
6471,3550,0
6483,3509,0
6501,3465,0
6516,3425,0
6526,3399,0
6535,3393,0
6546,3397,0
6563,3416,0
6572,3446,0
6584,3488,0
6600,3532,0
6613,3566,0
6631,3588,0
6646,3595,0
6662,3591,0
6686,3576,0
6700,3537,0
6716,3495,0
6720,3448,0
6720,3409,0
6714,3380,0
6705,3363,0
6693,3360,0
6686,3363,0
6674,3378,0
6665,3400,0
6667,3437,0
6671,3477,0
6679,3525,0
6694,3563,0
6713,3592,0
6737,3608,0
6764,3617,0
6794,3613,0
6819,3602,0
6838,3586,0
6860,3566,0
6868,3535,1
5655,3128,0
5651,3133,0
5651,3135,0
5650,3136,0
5640,3136,0
5635,3136,0
5633,3133,0
5639,3130,0
5643,3131,1