1958, the greatest decrease (from 5.24
913
1230,3497,0
1227,3498,0
1227,3493,0
1231,3485,0
1239,3465,0
1250,3436,0
1266,3407,0
1283,3378,0
1299,3354,0
1310,3337,0
1316,3328,0
1319,3328,0
1322,3339,0
1322,3360,0
1322,3387,0
1319,3424,0
1315,3465,0
1311,3504,0
1309,3549,0
1306,3581,0
1307,3605,0
1312,3617,0
1319,3620,0
1327,3604,0
1339,3578,1
1519,3371,0
1517,3367,0
1514,3359,0
1510,3356,0
1505,3349,0
1498,3341,0
1490,3342,0
1479,3348,0
1465,3361,0
1453,3379,0
1443,3400,0
1439,3424,0
1440,3449,0
1444,3465,0
1452,3476,0
1461,3470,0
1471,3461,0
1481,3448,0
1490,3427,0
1496,3406,0
1503,3389,0
1506,3368,0
1511,3355,0
1513,3347,0
1515,3347,0
1515,3351,0
1512,3360,0
1510,3388,0
1506,3425,0
1499,3462,0
1494,3503,0
1491,3539,0
1490,3564,0
1491,3580,0
1496,3595,0
1500,3599,0
1508,3597,1
1603,3419,0
1597,3436,0
1596,3444,0
1603,3451,0
1613,3454,0
1628,3455,0
1663,3457,0
1679,3459,0
1692,3468,0
1699,3479,0
1702,3499,0
1698,3520,0
1689,3537,0
1677,3556,0
1667,3571,0
1656,3572,0
1646,3573,0
1635,3571,1
1913,3361,0
1909,3358,0
1905,3360,0
1894,3358,0
1881,3361,0
1863,3370,0
1843,3379,0
1825,3396,0
1829,3436,0
1845,3440,0
1863,3448,0
1879,3461,0
1892,3474,0
1903,3491,0
1909,3511,0
1911,3531,0
1907,3549,0
1902,3566,0
1899,3580,0
1889,3582,0
1882,3580,0
1874,3578,0
1866,3567,0
1859,3556,0
1854,3545,0
1850,3534,0
1849,3522,0
1855,3508,0
1863,3493,0
1876,3474,0
1891,3454,0
1906,3430,0
1916,3407,0
1922,3384,0
1923,3367,0
1916,3357,0
1901,3352,0
1881,3357,0
1858,3367,0
1838,3380,0
1824,3392,1
2096,3618,0
2085,3625,0
2073,3633,0
2055,3634,0
2036,3638,0
2018,3644,0
2006,3643,0
1996,3642,0
1990,3631,1
2278,3559,0
2285,3552,0
2297,3535,0
2314,3508,0
2333,3479,0
2351,3447,0
2368,3414,0
2381,3383,0
2393,3361,0
2401,3340,0
2408,3329,0
2408,3325,0
2408,3325,0
2406,3329,0
2405,3348,0
2402,3379,0
2395,3421,0
2383,3465,0
2370,3504,0
2359,3542,0
2351,3571,0
2346,3595,0
2347,3615,0
2345,3620,0
2344,3617,1
2362,3532,0
2372,3525,0
2389,3513,0
2408,3489,0
2429,3458,1
2502,3310,0
2509,3298,0
2513,3296,0
2515,3304,0
2511,3323,0
2503,3357,0
2491,3397,0
2480,3442,0
2468,3481,0
2454,3513,0
2444,3543,0
2437,3563,0
2432,3574,0
2432,3574,0
2437,3572,0
2441,3554,0
2454,3535,0
2464,3505,0
2474,3484,0
2482,3472,0
2483,3466,0
2483,3470,0
2480,3485,0
2478,3508,0
2475,3531,0
2476,3552,0
2481,3571,0
2492,3585,0
2502,3584,0
2523,3585,0
2539,3573,0
2557,3556,0
2570,3537,0
2583,3523,0
2589,3508,0
2589,3499,0
2586,3496,0
2579,3494,0
2572,3502,0
2562,3520,0
2554,3541,0
2549,3560,0
2550,3578,0
2555,3592,1
2851,3504,0
2850,3503,0
2847,3501,0
2840,3496,0
2831,3491,0
2822,3492,0
2811,3502,0
2799,3522,0
2787,3541,0
2777,3560,0
2772,3580,0
2771,3594,0
2775,3601,0
2784,3601,0
2793,3592,0
2804,3578,0
2817,3562,0
2826,3543,0
2835,3525,0
2841,3504,0
2847,3487,0
2852,3481,0
2855,3479,0
2858,3481,0
2857,3482,0
2858,3496,0
2853,3516,0
2845,3552,0
2835,3602,0
2823,3653,0
2814,3706,0
2800,3753,0
2786,3800,0
2772,3833,0
2753,3851,0
2746,3866,0
2741,3865,0
2739,3856,0
2745,3841,0
2754,3810,0
2770,3768,0
2791,3723,0
2814,3675,0
2840,3626,0
2867,3585,0
2892,3549,0
2913,3520,0
2932,3496,0
2944,3480,0
2948,3473,0
2951,3476,0
2948,3482,0
2946,3507,0
2932,3527,0
2927,3554,0
2922,3571,0
2915,3578,0
2915,3583,0
2915,3583,0
2918,3581,0
2921,3576,0
2928,3571,0
2934,3568,0
2946,3570,0
2965,3574,0
2980,3570,0
2996,3561,0
3012,3547,0
3023,3531,0
3031,3518,0
3035,3506,0
3037,3496,0
3035,3493,0
3035,3497,0
3022,3504,0
3014,3527,0
3006,3546,0
3006,3564,0
3008,3573,0
3017,3577,0
3025,3571,0
3042,3562,0
3057,3544,0
3076,3528,0
3097,3511,0
3115,3500,0
3133,3493,0
3148,3494,0
3160,3496,0
3173,3498,0
3177,3495,0
3182,3496,0
3180,3493,0
3180,3493,0
3177,3490,0
3173,3484,0
3165,3479,0
3160,3481,0
3151,3493,0
3139,3514,0
3136,3544,0
3132,3569,0
3131,3589,0
3132,3597,0
3138,3599,0
3146,3593,0
3158,3581,0
3168,3561,0
3180,3539,0
3192,3518,0
3202,3508,0
3206,3506,0
3204,3506,0
3200,3518,0
3193,3532,0
3192,3551,0
3190,3562,0
3194,3569,0
3202,3569,0
3213,3558,0
3228,3539,0
3246,3512,0
3264,3481,0
3287,3447,0
3303,3407,0
3315,3369,0
3329,3340,0
3341,3317,0
3352,3300,0
3357,3286,0
3360,3279,0
3361,3279,0
3361,3288,0
3354,3308,0
3346,3339,0
3341,3385,0
3332,3436,0
3317,3480,0
3305,3517,0
3303,3551,0
3301,3571,0
3300,3583,0
3300,3587,0
3300,3583,0
3298,3564,1
3296,3551,0
3292,3554,0
3296,3561,0
3298,3560,0
3313,3563,0
3330,3562,0
3344,3549,0
3361,3537,0
3379,3525,0
3386,3505,0
3402,3498,0
3407,3491,0
3409,3485,0
3408,3486,0
3404,3493,0
3393,3510,0
3383,3532,0
3376,3556,0
3374,3576,0
3374,3586,0
3381,3590,0
3395,3586,0
3408,3572,0
3426,3555,0
3444,3537,0
3463,3520,0
3479,3503,0
3492,3489,0
3498,3474,0
3508,3472,0
3514,3473,0
3519,3479,0
3524,3496,0
3530,3520,0
3533,3539,0
3531,3549,0
3529,3556,0
3522,3561,0
3515,3566,0
3505,3568,0
3494,3566,0
3491,3568,0
3486,3568,0
3482,3570,0
3490,3579,0
3493,3581,0
3504,3583,0
3516,3580,0
3529,3566,0
3549,3551,0
3565,3530,0
3583,3501,0
3606,3474,0
3621,3442,0
3633,3408,0
3644,3382,0
3653,3361,0
3663,3352,0
3662,3343,0
3665,3346,0
3661,3344,0
3659,3361,0
3650,3383,0
3643,3420,0
3636,3461,0
3629,3503,0
3619,3535,0
3614,3568,0
3611,3591,0
3608,3608,0
3605,3609,0
3609,3612,0
3607,3607,0
3606,3595,0
3602,3577,0
3599,3565,0
3597,3561,0
3590,3551,0
3587,3549,0
3583,3547,0
3584,3546,0
3591,3546,0
3604,3546,0
3618,3546,0
3631,3545,0
3643,3542,0
3652,3544,0
3653,3539,0
3659,3544,0
3656,3542,0
3658,3545,0
3658,3546,1
4126,3498,0
4117,3495,0
4109,3491,0
4099,3491,0
4086,3496,0
4067,3503,0
4056,3518,0
4040,3532,0
4025,3550,0
4016,3569,0
4009,3585,0
4009,3602,0
4013,3613,0
4022,3621,0
4031,3619,0
4046,3612,0
4062,3592,0
4075,3565,0
4085,3530,0
4095,3493,0
4108,3455,0
4118,3417,0
4129,3385,0
4136,3357,0
4144,3338,0
4146,3325,0
4150,3321,0
4148,3322,0
4148,3334,0
4141,3352,0
4133,3381,0
4127,3420,0
4118,3461,0
4118,3511,0
4116,3556,0
4118,3592,0
4126,3616,0
4135,3629,0
4150,3631,0
4168,3626,0
4187,3614,0
4203,3595,0
4217,3571,0
4228,3551,0
4233,3529,0
4235,3511,0
4232,3497,0
4227,3491,0
4220,3493,0
4205,3500,0
4195,3522,0
4181,3545,0
4172,3565,0
4172,3586,0
4172,3602,0
4179,3612,0
4191,3612,0
4208,3607,0
4227,3594,0
4248,3576,0
4270,3556,0
4287,3533,0
4311,3522,0
4326,3512,0
4343,3507,0
4352,3503,0
4360,3497,0
4367,3496,0
4367,3495,0
4366,3496,0
4363,3493,0
4359,3492,0
4358,3493,0
4352,3493,0
4343,3495,0
4334,3504,0
4326,3518,0
4321,3540,0
4318,3564,0
4317,3588,0
4322,3605,0
4327,3612,0
4338,3612,0
4355,3607,0
4372,3596,0
4389,3579,0
4408,3556,0
4428,3536,0
4443,3515,0
4456,3503,0
4462,3491,0
4466,3485,0
4468,3483,0
4470,3481,0
4471,3481,0
4470,3481,0
4469,3482,0
4469,3482,0
4469,3482,0
4468,3483,0
4467,3484,0
4467,3497,0
4464,3517,0
4467,3542,0
4463,3563,0
4457,3580,0
4451,3592,0
4451,3598,0
4449,3599,0
4446,3596,0
4454,3595,0
4457,3575,0
4460,3555,0
4469,3546,0
4468,3542,0
4468,3541,0
4471,3544,0
4474,3552,0
4486,3563,0
4498,3568,0
4514,3569,0
4533,3561,0
4553,3546,0
4576,3534,0
4591,3518,0
4604,3504,0
4613,3496,0
4612,3489,0
4611,3490,0
4601,3490,0
4589,3503,0
4576,3522,0
4565,3545,0
4554,3561,0
4551,3576,0
4555,3584,0
4560,3585,0
4573,3582,0
4586,3569,0
4606,3554,0
4625,3534,0
4648,3515,0
4664,3498,0
4681,3493,0
4693,3490,0
4703,3491,0
4718,3499,0
4727,3501,0
4734,3506,0
4744,3506,0
4747,3503,0
4755,3501,0
4759,3496,0
4765,3495,0
4759,3489,0
4756,3486,0
4753,3484,0
4742,3485,0
4727,3489,0
4710,3502,0
4693,3526,0
4678,3548,0
4670,3568,0
4666,3584,0
4671,3596,0
4678,3600,0
4690,3599,0
4706,3589,0
4718,3570,0
4734,3553,0
4746,3534,0
4758,3520,0
4760,3506,0
4763,3504,0
4758,3503,0
4754,3507,0
4748,3520,0
4741,3540,0
4731,3561,0
4734,3583,0
4737,3590,0
4745,3594,0
4761,3593,0
4772,3582,0
4792,3567,0
4806,3546,0
4818,3526,0
4833,3509,0
4848,3498,0
4853,3486,0
4862,3483,0
4867,3483,0
4870,3479,0
4877,3489,0
4882,3502,0
4886,3527,0
4892,3544,0
4898,3562,0
4901,3571,0
4900,3579,0
4894,3585,0
4888,3590,0
4883,3592,0
4879,3590,0
4871,3587,0
4871,3587,0
4874,3589,0
4874,3590,0
4880,3595,0
4887,3599,0
4899,3597,0
4917,3596,0
4932,3583,0
4953,3572,0
4969,3555,0
4985,3537,0
5000,3518,0
5011,3499,0
5014,3484,0
5016,3481,0
5014,3478,0
5007,3486,0
4990,3499,0
4975,3523,0
4966,3552,0
4958,3578,0
4964,3597,0
4972,3606,0
4982,3606,0
5000,3610,0
5008,3601,0
5024,3600,0
5033,3595,0
5041,3593,0
5047,3592,0
5044,3590,0
5042,3592,1
5327,3286,0
5325,3288,0
5320,3296,0
5305,3310,0
5288,3332,0
5271,3361,0
5260,3395,0
5253,3430,0
5248,3468,0
5251,3503,0
5254,3532,0
5260,3555,0
5270,3575,0
5279,3590,0
5285,3601,0
5284,3609,0
5289,3622,1
5601,3330,0
5593,3334,0
5585,3352,0
5573,3382,0
5557,3418,0
5541,3461,0
5522,3513,0
5511,3567,0
5495,3620,0
5484,3667,0
5475,3711,0
5465,3742,0
5462,3764,0
5460,3772,0
5461,3771,0
5464,3756,0
5465,3728,1
5481,3600,0
5491,3588,0
5505,3568,0
5528,3551,0
5547,3533,0
5568,3519,0
5583,3506,0
5598,3498,0
5610,3496,0
5610,3496,0
5614,3510,0
5610,3529,0
5607,3546,0
5604,3563,0
5598,3578,0
5591,3588,0
5586,3594,0
5583,3592,0
5583,3592,0
5587,3586,0
5587,3573,0
5593,3559,0
5602,3546,0
5614,3537,0
5626,3527,0
5642,3525,0
5663,3524,0
5682,3519,0
5701,3513,0
5719,3508,0
5729,3509,0
5737,3511,0
5736,3506,0
5738,3510,0
5737,3511,0
5735,3514,0
5728,3518,0
5714,3522,0
5706,3533,0
5692,3546,0
5682,3559,0
5680,3577,0
5682,3585,0
5694,3591,0
5704,3589,0
5719,3583,0
5733,3572,0
5747,3559,0
5749,3543,0
5755,3534,0
5750,3526,0
5746,3526,0
5745,3535,0
5745,3535,0
5751,3539,0
5754,3535,0
5770,3533,0
5786,3525,0
5803,3514,0
5814,3506,0
5825,3505,0
5826,3503,0
5826,3504,0
5822,3509,0
5819,3527,0
5805,3539,0
5803,3562,0
5797,3578,0
5800,3588,0
5803,3591,0
5809,3589,0
5818,3583,0
5830,3573,0
5855,3546,0
5868,3535,0
5870,3523,0
5876,3516,0
5876,3515,0
5879,3519,0
5870,3530,0
5868,3541,0
5863,3554,0
5863,3568,0
5865,3579,0
5873,3583,0
5887,3583,0
5899,3573,0
5912,3561,0
5945,3520,0
5945,3521,0
5938,3531,0
5926,3548,0
5921,3571,0
5922,3596,0
5943,3595,0
5972,3582,0
6006,3560,0
6070,3509,0
6093,3473,1
6262,3426,0
6256,3428,0
6252,3434,0
6248,3440,0
6246,3450,0
6239,3462,0
6235,3476,0
6235,3489,0
6238,3499,0
6244,3513,0
6251,3525,0
6259,3540,0
6270,3554,0
6283,3570,0
6292,3578,0
6297,3591,0
6297,3600,0
6293,3607,0
6284,3613,0
6267,3616,0
6252,3617,0
6237,3618,0
6218,3611,0
6201,3607,0
6194,3596,1
6218,3450,0
6215,3448,0
6220,3447,0
6236,3445,0
6249,3439,0
6269,3437,0
6293,3436,0
6313,3434,0
6335,3436,0
6353,3438,0
6366,3439,0
6379,3441,0
6391,3445,1
6339,3616,0
6339,3616,0
6341,3614,0
6346,3613,0
6349,3609,1
6471,3467,0
6472,3466,0
6477,3465,0
6490,3468,0
6496,3473,0
6505,3481,0
6508,3491,0
6510,3503,0
6507,3522,0
6505,3542,0
6502,3561,0
6494,3583,0
6481,3596,0
6470,3612,0
6459,3622,0
6450,3629,0
6447,3634,0
6444,3631,0
6444,3624,0
6447,3612,0
6457,3603,0
6468,3593,0
6478,3584,0
6486,3580,0
6495,3580,0
6498,3583,0
6510,3588,0
6520,3593,0
6531,3600,0
6543,3609,0
6558,3617,0
6565,3619,0
6573,3614,1
6628,3472,0
6625,3476,0
6620,3485,0
6616,3498,0
6608,3513,0
6601,3530,0
6594,3542,0
6589,3558,0
6587,3569,0
6597,3576,0
6605,3578,0
6619,3578,0
6638,3579,0
6648,3577,0
6658,3576,0
6668,3576,0
6674,3572,1
6662,3530,0
6661,3540,0
6656,3556,0
6656,3579,0
6654,3597,0
6651,3618,0
6648,3638,0
6645,3651,0
6642,3662,1