households of different composition.
830
484,1927,0
487,1920,0
500,1903,0
620,1913,0
637,1881,0
585,1825,0
598,1775,0
674,1754,0
682,1715,0
688,1679,0
635,1635,0
644,1616,0
642,1608,0
642,1608,0
689,1629,0
691,1655,0
694,1693,0
695,1743,0
692,1779,0
693,1812,0
697,1838,0
702,1851,0
634,1843,0
612,1837,0
616,1833,0
624,1819,0
637,1794,0
659,1771,0
683,1748,0
707,1737,0
727,1734,0
741,1732,0
752,1744,0
762,1761,0
767,1779,0
769,1796,0
774,1812,0
781,1826,0
788,1831,0
793,1832,0
800,1833,1
921,1777,0
916,1765,0
911,1756,0
904,1756,0
892,1754,0
875,1747,0
859,1762,0
839,1783,0
825,1813,0
819,1833,0
823,1854,0
830,1862,0
841,1876,0
852,1886,0
862,1883,0
873,1884,0
884,1878,0
897,1863,0
909,1840,0
919,1817,0
958,1801,0
928,1778,0
930,1766,0
929,1754,0
933,1762,0
931,1754,0
936,1762,0
941,1771,0
951,1780,0
963,1785,0
975,1785,0
988,1787,0
1001,1783,0
1016,1771,0
1032,1756,0
1052,1741,0
1067,1725,0
1073,1713,0
1076,1713,0
1073,1720,0
1067,1749,0
1059,1773,0
1054,1796,0
1056,1816,0
1059,1825,0
1068,1837,0
1075,1837,0
1084,1833,0
1096,1829,0
1106,1813,0
1119,1797,0
1130,1772,0
1142,1756,0
1149,1743,0
1153,1743,0
1153,1743,0
1153,1751,0
1157,1775,0
1156,1791,0
1162,1811,0
1172,1826,1
1286,1707,0
1291,1694,0
1293,1682,0
1297,1681,0
1297,1681,0
1295,1682,0
1298,1689,0
1305,1701,0
1310,1712,0
1311,1724,0
1305,1741,0
1298,1758,0
1289,1771,0
1278,1780,0
1269,1790,0
1257,1791,0
1247,1788,0
1238,1781,0
1235,1778,0
1230,1769,0
1233,1773,0
1233,1770,0
1240,1773,0
1247,1768,0
1263,1766,0
1277,1761,0
1295,1763,0
1309,1764,0
1322,1766,0
1338,1768,0
1353,1766,0
1366,1759,0
1378,1757,0
1385,1756,0
1387,1756,0
1387,1755,0
1391,1759,0
1389,1755,0
1392,1754,0
1399,1753,0
1403,1744,0
1413,1738,0
1419,1725,0
1425,1710,0
1426,1694,0
1428,1685,0
1421,1679,0
1414,1684,0
1401,1704,0
1387,1727,0
1382,1748,0
1384,1773,0
1384,1788,0
1390,1803,0
1399,1814,0
1408,1816,0
1421,1822,0
1432,1824,0
1446,1829,0
1455,1823,0
1471,1811,1
1529,1562,0
1527,1563,0
1521,1569,0
1516,1591,0
1512,1626,0
1505,1662,0
1500,1696,0
1497,1730,0
1497,1759,0
1496,1772,0
1505,1781,0
1518,1778,0
1538,1768,0
1560,1749,0
1588,1741,0
1610,1733,0
1627,1736,0
1643,1751,0
1647,1763,0
1657,1777,0
1668,1785,0
1672,1780,0
1685,1778,0
1696,1775,0
1708,1766,1
1738,1707,0
1732,1709,0
1718,1719,0
1699,1734,0
1691,1756,0
1686,1770,0
1691,1785,0
1693,1797,0
1696,1804,0
1701,1807,0
1706,1801,0
1716,1792,0
1721,1773,0
1725,1751,0
1732,1731,0
1737,1710,0
1742,1700,0
1744,1699,0
1744,1699,0
1756,1712,0
1768,1720,0
1788,1723,0
1814,1720,0
1836,1705,0
1861,1689,0
1884,1667,0
1903,1638,0
1925,1616,0
1932,1594,0
1939,1590,0
1933,1594,0
1915,1609,0
1889,1637,0
1872,1673,0
1865,1704,0
1866,1726,0
1862,1732,0
1872,1746,0
1878,1756,0
1887,1764,0
1900,1767,0
1915,1764,0
1932,1754,0
1949,1741,0
1971,1733,0
1986,1720,0
2002,1706,0
2018,1691,1
2047,1668,0
2051,1662,0
2051,1661,0
2052,1660,0
2055,1659,0
2060,1655,0
2067,1650,0
2074,1651,0
2078,1652,0
2085,1658,0
2085,1658,0
2085,1658,0
2085,1658,0
2077,1653,0
2062,1649,0
2048,1653,0
2028,1662,0
2012,1676,0
2008,1693,0
2007,1703,0
2011,1710,0
2017,1710,0
2026,1705,0
2043,1695,0
2063,1677,0
2084,1653,0
2103,1621,0
2125,1596,0
2138,1581,0
2140,1580,0
2134,1590,0
2124,1616,0
2103,1640,0
2095,1671,0
2087,1691,0
2092,1710,0
2099,1721,0
2108,1725,0
2121,1720,0
2139,1713,0
2157,1701,0
2178,1686,0
2205,1675,0
2224,1672,0
2243,1677,0
2253,1684,0
2269,1698,0
2277,1707,0
2280,1713,0
2277,1717,0
2273,1725,0
2260,1734,0
2250,1746,0
2235,1753,0
2227,1759,0
2219,1759,0
2214,1759,0
2210,1761,0
2212,1764,0
2216,1762,1
2588,1660,0
2589,1654,0
2582,1643,0
2573,1635,0
2562,1635,0
2546,1640,0
2529,1651,0
2509,1670,0
2490,1698,0
2481,1729,0
2480,1751,0
2482,1764,0
2493,1776,0
2497,1778,0
2506,1776,0
2516,1767,0
2531,1754,0
2542,1732,0
2550,1708,0
2562,1686,0
2562,1658,0
2567,1641,0
2571,1638,0
2567,1635,0
2572,1643,0
2584,1658,0
2601,1669,0
2621,1672,0
2640,1669,0
2666,1660,0
2690,1640,0
2718,1614,0
2743,1580,0
2767,1551,0
2779,1523,0
2786,1508,0
2784,1504,0
2782,1508,0
2773,1524,0
2759,1554,0
2744,1590,0
2735,1638,0
2717,1686,0
2704,1735,0
2692,1777,0
2686,1805,0
2674,1816,0
2669,1821,0
2670,1820,1
2658,1743,0
2663,1738,0
2674,1732,0
2690,1727,0
2709,1724,0
2730,1720,0
2755,1716,0
2779,1708,1
3160,1691,0
3153,1679,0
3153,1665,0
3147,1647,0
3139,1630,0
3128,1618,0
3119,1610,0
3104,1611,0
3087,1621,0
3066,1641,0
3054,1672,0
3040,1701,0
3033,1725,0
3032,1738,0
3036,1745,0
3040,1746,0
3051,1746,0
3059,1736,0
3072,1719,0
3085,1691,0
3102,1654,0
3117,1614,0
3139,1581,0
3154,1551,0
3164,1529,0
3170,1520,0
3171,1518,0
3171,1518,0
3170,1534,0
3160,1565,0
3145,1601,0
3137,1640,0
3132,1673,0
3127,1693,0
3132,1707,0
3136,1714,0
3146,1716,0
3159,1711,0
3174,1698,0
3196,1681,0
3211,1659,0
3225,1640,0
3242,1630,0
3250,1630,0
3255,1638,0
3260,1652,0
3259,1667,0
3260,1679,0
3269,1689,0
3271,1692,0
3272,1691,0
3272,1683,0
3272,1663,1
3274,1528,0
3264,1520,0
3267,1517,0
3266,1518,0
3266,1525,0
3273,1537,0
3284,1541,0
3307,1544,1
3407,1515,0
3414,1511,0
3415,1510,0
3414,1512,0
3413,1522,0
3404,1537,0
3397,1556,0
3385,1584,0
3368,1619,0
3360,1662,0
3343,1700,0
3334,1734,0
3325,1762,0
3317,1787,0
3313,1807,0
3313,1819,1
3313,1688,0
3310,1684,0
3313,1682,0
3318,1679,0
3327,1674,0
3346,1667,0
3364,1655,0
3381,1642,0
3400,1628,0
3425,1611,0
3440,1585,0
3461,1559,0
3477,1531,0
3488,1504,0
3489,1486,0
3489,1485,0
3477,1489,0
3472,1508,0
3462,1532,0
3457,1565,0
3450,1602,0
3438,1643,0
3429,1687,0
3423,1726,0
3416,1750,0
3411,1763,0
3409,1766,0
3409,1767,0
3404,1761,1
3402,1683,0
3407,1684,0
3411,1686,0
3414,1689,0
3426,1691,0
3436,1690,0
3451,1689,0
3467,1688,0
3486,1685,0
3503,1676,0
3524,1663,0
3544,1646,0
3556,1625,0
3571,1608,0
3573,1595,0
3571,1592,0
3572,1591,0
3571,1592,0
3573,1604,0
3572,1622,0
3566,1648,0
3558,1684,0
3549,1715,0
3548,1731,0
3552,1739,0
3551,1740,0
3553,1737,0
3559,1729,0
3564,1712,0
3569,1690,0
3578,1667,0
3592,1651,0
3602,1641,0
3609,1639,0
3620,1643,0
3625,1650,0
3636,1656,0
3644,1657,0
3658,1658,0
3672,1658,0
3684,1653,0
3694,1643,0
3712,1628,0
3723,1609,0
3730,1594,0
3729,1587,0
3724,1589,0
3706,1597,0
3692,1612,0
3689,1628,0
3682,1640,0
3679,1652,0
3681,1657,0
3685,1659,0
3687,1655,0
3699,1649,0
3713,1643,0
3720,1637,0
3728,1639,0
3729,1645,0
3736,1657,0
3735,1667,0
3736,1673,0
3738,1678,0
3742,1679,0
3748,1677,0
3763,1667,0
3785,1650,0
3809,1633,0
3829,1619,0
3841,1614,0
3853,1619,0
3858,1626,0
3866,1636,0
3873,1649,0
3876,1660,0
3882,1672,0
3892,1681,0
3901,1680,0
3913,1667,1
4015,1496,0
4027,1479,0
4037,1475,0
4048,1481,0
4046,1494,0
4050,1516,0
4044,1539,0
4043,1570,0
4039,1603,0
4039,1633,0
4037,1653,0
4039,1667,0
4033,1670,1
3986,1629,0
3986,1629,0
3998,1633,0
4017,1641,0
4046,1644,0
4071,1648,0
4097,1650,0
4123,1650,0
4151,1648,0
4179,1646,0
4200,1640,0
4215,1633,1
4466,1580,0
4449,1581,0
4432,1590,0
4408,1604,0
4381,1627,0
4367,1659,0
4352,1690,0
4348,1710,0
4365,1730,0
4374,1746,0
4383,1757,0
4405,1768,0
4420,1771,1
4623,1672,0
4623,1661,0
4616,1649,0
4606,1640,0
4586,1636,0
4569,1646,0
4537,1661,0
4519,1681,0
4512,1697,0
4519,1712,0
4526,1724,0
4536,1732,0
4543,1734,0
4553,1733,0
4559,1728,0
4577,1719,0
4589,1701,0
4599,1679,0
4612,1657,0
4625,1635,0
4642,1619,0
4654,1609,0
4668,1607,0
4678,1611,0
4683,1622,0
4679,1642,0
4678,1665,0
4683,1684,0
4687,1696,0
4685,1700,0
4685,1699,0
4695,1695,0
4709,1684,0
4722,1674,0
4729,1667,0
4742,1667,0
4746,1668,0
4752,1675,0
4748,1683,0
4753,1692,0
4750,1700,0
4749,1703,0
4749,1702,0
4756,1695,0
4774,1674,0
4793,1648,0
4815,1626,0
4838,1612,0
4844,1607,0
4846,1611,0
4854,1626,0
4854,1646,0
4854,1669,0
4857,1693,0
4855,1718,0
4854,1741,0
4847,1748,1
4927,1610,0
4928,1609,0
4925,1607,0
4934,1614,0
4941,1633,0
4941,1664,0
4939,1703,0
4932,1741,0
4924,1771,0
4915,1794,0
4913,1808,0
4911,1813,0
4910,1815,0
4907,1811,0
4904,1797,0
4905,1777,0
4908,1748,0
4920,1720,0
4932,1689,0
4943,1662,0
4956,1638,0
4975,1620,0
4987,1599,0
5012,1590,0
5032,1580,0
5050,1580,0
5071,1581,0
5081,1587,0
5086,1597,0
5085,1611,0
5085,1623,0
5073,1634,0
5051,1646,0
5036,1664,0
5006,1676,0
4987,1689,0
4967,1698,0
4958,1709,0
4950,1719,0
4950,1730,0
4951,1736,1
5122,1686,0
5145,1669,0
5163,1652,0
5178,1638,0
5180,1631,0
5177,1628,0
5169,1626,0
5151,1628,0
5144,1636,0
5134,1640,0
5134,1652,0
5127,1671,0
5120,1689,0
5125,1700,0
5136,1704,0
5146,1699,0
5158,1692,0
5170,1683,0
5183,1672,0
5183,1658,0
5184,1643,0
5180,1630,0
5175,1619,0
5178,1614,0
5175,1607,0
5178,1603,0
5181,1602,0
5195,1603,0
5207,1602,0
5227,1604,0
5245,1602,0
5262,1605,0
5280,1611,0
5291,1619,0
5300,1628,0
5301,1635,0
5294,1643,0
5282,1654,0
5270,1664,0
5244,1678,0
5230,1681,0
5221,1682,0
5220,1685,1
5303,1608,0
5319,1597,0
5324,1594,0
5330,1604,0
5325,1615,0
5328,1632,0
5323,1645,0
5319,1657,0
5320,1669,0
5314,1672,0
5311,1669,0
5310,1659,1
5320,1566,0
5325,1542,0
5341,1517,0
5361,1493,0
5381,1469,0
5402,1453,0
5417,1444,0
5431,1441,0
5442,1446,0
5461,1451,0
5475,1459,0
5484,1472,0
5487,1491,0
5487,1517,0
5485,1550,0
5477,1578,0
5469,1603,0
5458,1624,0
5452,1641,0
5445,1648,0
5444,1652,0
5444,1650,0
5455,1644,0
5467,1633,0
5487,1625,0
5510,1617,0
5534,1609,0
5561,1603,0
5583,1601,0
5603,1603,0
5617,1613,0
5625,1626,0
5633,1641,0
5636,1656,0
5645,1669,0
5651,1674,1
5668,1488,0
5671,1473,0
5667,1459,0
5664,1456,0
5665,1452,0
5660,1452,0
5660,1452,0
5663,1459,0
5662,1462,1
5783,1616,0
5783,1617,0
5788,1616,0
5788,1613,0
5785,1609,0
5770,1604,0
5754,1602,0
5736,1604,0
5718,1613,0
5700,1626,0
5698,1633,0
5701,1636,0
5712,1641,0
5721,1639,0
5732,1633,0
5747,1626,0
5763,1613,0
5781,1598,0
5803,1580,0
5820,1563,0
5835,1555,0
5870,1562,0
5880,1572,0
5888,1588,0
5895,1605,0
5895,1619,0
5902,1627,0
5908,1632,0
5930,1630,0
5955,1618,0
5984,1601,0
6018,1585,0
6043,1570,0
6062,1561,0
6079,1561,0
6090,1565,0
6097,1572,0
6106,1584,0
6112,1591,0
6121,1602,0
6127,1611,0
6140,1625,0
6145,1632,1
6275,1661,0
6278,1665,0
6282,1665,0
6286,1665,0
6286,1665,0
6286,1665,0
6283,1663,0
6280,1659,0
6275,1645,0
6278,1638,0
6278,1637,0
6273,1638,1