on an insured value basis and were not
811
564,3647,0
565,3650,0
567,3643,0
568,3635,0
566,3627,0
563,3619,0
558,3605,0
553,3600,0
544,3591,0
534,3585,0
522,3583,0
501,3592,0
482,3597,0
458,3613,0
439,3638,0
427,3648,0
420,3667,0
423,3688,0
433,3702,0
446,3717,0
462,3720,0
477,3714,0
492,3712,0
504,3702,0
514,3687,0
516,3688,0
511,3671,0
501,3661,0
486,3646,0
472,3644,0
456,3641,0
445,3639,0
441,3638,1
593,3611,0
596,3615,0
594,3627,0
592,3646,0
593,3667,0
591,3679,0
591,3695,0
592,3707,0
591,3707,0
592,3707,0
594,3703,0
599,3691,0
604,3677,0
611,3665,0
621,3651,0
631,3636,0
644,3629,0
660,3628,0
674,3625,0
688,3631,0
701,3643,0
709,3657,0
715,3677,0
714,3698,0
719,3715,1
1167,3616,0
1165,3608,0
1159,3600,0
1147,3588,0
1130,3585,0
1105,3584,0
1076,3593,0
1047,3600,0
1020,3620,0
1001,3640,0
993,3660,0
996,3671,0
1011,3684,0
1037,3689,0
1070,3689,0
1104,3680,0
1136,3668,0
1162,3648,0
1181,3627,0
1192,3614,0
1196,3602,0
1194,3599,0
1189,3595,0
1188,3599,0
1185,3603,0
1182,3615,0
1182,3631,0
1182,3647,0
1183,3663,1
1252,3568,0
1252,3568,0
1253,3568,0
1253,3568,0
1253,3572,0
1254,3584,0
1256,3600,0
1259,3616,0
1259,3628,0
1261,3640,0
1262,3648,0
1261,3655,0
1261,3660,0
1263,3664,0
1264,3660,0
1266,3648,0
1276,3635,0
1286,3619,0
1297,3602,0
1310,3585,0
1327,3580,0
1341,3571,0
1354,3570,0
1366,3580,0
1375,3592,0
1377,3612,0
1376,3631,0
1375,3655,0
1370,3669,1
1619,3598,0
1621,3602,0
1626,3613,0
1630,3625,0
1633,3645,0
1632,3665,0
1628,3686,0
1623,3695,0
1624,3707,0
1622,3703,0
1623,3703,0
1621,3687,0
1625,3667,1
1634,3482,0
1630,3479,0
1628,3480,0
1626,3480,0
1626,3479,0
1627,3479,0
1628,3484,0
1629,3487,0
1633,3495,1
1675,3609,0
1675,3609,0
1673,3606,0
1672,3605,0
1672,3610,0
1672,3610,0
1670,3610,0
1672,3622,0
1673,3630,0
1674,3638,0
1674,3642,0
1674,3650,0
1673,3650,0
1671,3646,0
1670,3643,0
1672,3634,0
1677,3621,0
1684,3608,0
1690,3595,0
1696,3581,0
1706,3576,0
1715,3574,0
1725,3576,0
1736,3583,0
1748,3600,0
1753,3615,0
1756,3639,0
1755,3660,0
1752,3681,0
1749,3694,0
1749,3701,0
1750,3701,0
1755,3692,1
1920,3600,0
1922,3599,0
1920,3595,0
1918,3592,0
1912,3589,0
1895,3580,0
1876,3581,0
1853,3578,0
1834,3582,0
1821,3589,0
1816,3595,0
1816,3607,0
1821,3618,0
1829,3637,0
1835,3652,0
1839,3667,0
1840,3675,0
1837,3684,0
1828,3686,0
1815,3689,0
1804,3691,0
1795,3689,0
1788,3682,0
1785,3679,0
1786,3674,1
1928,3618,0
1928,3618,0
1929,3621,0
1927,3626,0
1925,3639,0
1921,3648,0
1921,3660,0
1925,3672,0
1933,3678,0
1944,3680,0
1958,3680,0
1973,3672,0
1990,3664,0
2007,3655,0
2020,3643,0
2027,3633,0
2029,3629,0
2029,3633,0
2027,3633,0
2024,3634,0
2018,3644,0
2017,3665,0
2017,3682,0
2019,3694,0
2024,3705,1
2094,3606,0
2095,3605,0
2095,3605,0
2094,3607,0
2094,3619,0
2091,3636,0
2086,3654,0
2082,3672,0
2078,3686,0
2076,3695,0
2077,3699,0
2078,3699,0
2079,3694,0
2082,3680,0
2086,3658,0
2094,3639,0
2103,3620,0
2117,3607,0
2131,3595,0
2149,3585,0
2170,3591,0
2187,3598,0
2198,3607,0
2203,3619,0
2206,3634,1
2188,3656,0
2192,3660,0
2195,3659,0
2207,3659,0
2222,3654,0
2240,3653,0
2255,3643,0
2272,3642,0
2285,3641,0
2289,3640,0
2289,3641,0
2285,3637,0
2275,3628,0
2261,3624,0
2246,3626,0
2228,3626,0
2210,3637,0
2196,3654,0
2184,3670,0
2181,3689,0
2186,3703,0
2201,3715,0
2224,3729,0
2246,3726,0
2271,3726,1
2409,3686,0
2408,3682,0
2408,3677,0
2405,3670,0
2400,3655,0
2394,3648,0
2383,3636,0
2371,3628,0
2362,3631,0
2348,3632,0
2335,3645,0
2326,3661,0
2325,3678,0
2328,3694,0
2337,3708,0
2347,3717,0
2362,3720,0
2377,3715,0
2398,3707,0
2413,3689,0
2427,3666,0
2440,3639,0
2450,3609,0
2460,3584,0
2465,3561,0
2474,3549,0
2478,3534,0
2480,3525,0
2480,3525,0
2480,3528,0
2481,3546,0
2476,3569,0
2475,3600,0
2470,3623,0
2469,3650,0
2464,3669,0
2466,3690,1
2699,3638,0
2700,3637,0
2697,3634,0
2701,3641,0
2699,3642,0
2703,3658,0
2709,3677,0
2714,3692,0
2721,3711,0
2725,3722,0
2733,3732,0
2740,3732,0
2748,3730,0
2761,3718,0
2776,3698,0
2790,3670,0
2803,3645,0
2817,3624,0
2825,3602,0
2833,3590,0
2835,3579,1
2929,3648,0
2927,3644,0
2925,3636,0
2920,3626,0
2909,3613,0
2890,3600,0
2869,3597,0
2847,3600,0
2828,3611,0
2815,3626,0
2811,3641,0
2813,3658,0
2818,3668,0
2830,3681,0
2844,3692,0
2861,3696,0
2875,3694,0
2892,3685,0
2907,3673,0
2917,3658,0
2926,3645,0
2929,3630,0
2931,3624,0
2932,3628,0
2929,3629,0
2929,3638,0
2928,3658,0
2927,3675,0
2930,3696,1
3011,3478,0
3011,3493,0
3005,3514,0
2999,3542,0
2995,3575,0
2986,3604,0
2988,3643,0
2980,3666,0
2979,3689,0
2989,3711,0
2989,3715,0
2996,3717,0
3008,3709,1
3054,3592,0
3054,3592,0
3054,3592,0
3054,3597,0
3051,3612,0
3047,3629,0
3042,3645,0
3045,3662,0
3052,3676,0
3060,3681,0
3071,3684,0
3085,3680,0
3101,3671,0
3119,3656,0
3134,3638,0
3150,3624,0
3157,3611,0
3161,3604,0
3160,3600,0
3159,3600,0
3160,3609,0
3159,3623,0
3157,3643,0
3157,3662,0
3159,3679,0
3165,3694,0
3173,3704,0
3182,3708,0
3192,3706,1
3242,3666,0
3241,3667,0
3241,3667,0
3244,3670,0
3247,3668,0
3256,3667,0
3271,3667,0
3285,3662,0
3302,3657,0
3317,3652,0
3328,3645,0
3333,3637,0
3337,3630,0
3334,3621,0
3332,3614,0
3322,3606,0
3308,3601,0
3292,3602,0
3274,3609,0
3252,3618,0
3236,3632,0
3229,3650,0
3229,3665,0
3239,3677,0
3255,3687,0
3276,3696,0
3296,3698,0
3316,3695,0
3337,3691,1
3577,3506,0
3583,3512,0
3585,3515,0
3592,3525,0
3598,3540,0
3598,3556,0
3596,3576,0
3593,3599,0
3585,3624,0
3583,3650,0
3579,3668,0
3580,3682,0
3577,3684,0
3578,3683,0
3578,3674,0
3583,3655,0
3595,3632,0
3612,3614,0
3629,3597,0
3646,3584,0
3667,3583,0
3684,3586,0
3695,3592,0
3699,3605,0
3693,3624,0
3673,3649,0
3645,3674,0
3612,3689,0
3589,3701,0
3571,3703,0
3564,3699,0
3565,3692,0
3576,3679,1
3822,3645,0
3822,3645,0
3819,3643,0
3817,3640,0
3807,3626,0
3795,3610,0
3778,3599,0
3760,3597,0
3739,3604,0
3714,3618,0
3695,3637,0
3687,3660,0
3691,3680,0
3708,3698,0
3734,3708,0
3761,3708,0
3787,3703,0
3813,3699,0
3828,3682,0
3840,3667,0
3850,3659,0
3851,3654,0
3845,3653,0
3843,3660,0
3837,3674,0
3831,3689,0
3834,3707,0
3836,3720,0
3843,3730,1
4020,3660,0
4022,3658,0
4020,3654,0
4014,3649,0
3999,3641,0
3982,3640,0
3958,3638,0
3937,3645,0
3923,3653,0
3918,3662,0
3921,3674,0
3936,3693,0
3947,3705,0
3961,3725,0
3965,3736,0
3962,3743,0
3956,3749,0
3944,3749,0
3929,3749,0
3917,3744,0
3905,3738,1
4084,3679,0
4089,3680,0
4092,3682,0
4089,3685,0
4086,3693,0
4081,3708,0
4075,3723,0
4073,3741,0
4070,3754,0
4070,3758,0
4078,3763,0
4083,3754,0
4094,3732,1
4143,3564,0
4140,3561,0
4138,3558,0
4138,3558,0
4136,3559,0
4141,3560,0
4150,3562,0
4167,3563,1
4301,3646,0
4299,3642,0
4297,3639,0
4288,3631,0
4276,3626,0
4261,3624,0
4237,3619,0
4213,3618,0
4191,3621,0
4177,3630,0
4169,3636,0
4174,3649,0
4184,3666,0
4203,3682,0
4222,3696,0
4245,3713,0
4260,3727,0
4264,3734,0
4263,3740,0
4256,3747,0
4234,3749,0
4210,3750,0
4184,3752,0
4159,3751,0
4142,3750,0
4131,3744,0
4126,3737,0
4132,3728,0
4145,3715,1
4657,3715,0
4654,3712,0
4656,3710,0
4652,3708,0
4649,3699,0
4639,3687,0
4631,3678,0
4616,3665,0
4601,3658,0
4579,3656,0
4558,3661,0
4534,3673,0
4520,3691,0
4509,3702,0
4516,3718,0
4531,3732,0
4553,3737,0
4577,3736,0
4604,3728,0
4629,3714,0
4650,3699,0
4661,3680,0
4671,3670,0
4671,3665,0
4671,3665,0
4672,3670,0
4670,3677,0
4665,3695,0
4661,3716,0
4655,3733,0
4658,3747,0
4661,3756,0
4668,3760,1
4742,3660,0
4740,3657,0
4739,3658,0
4738,3659,0
4736,3666,0
4727,3677,0
4720,3695,0
4714,3712,0
4709,3729,0
4706,3739,0
4705,3740,0
4707,3738,0
4711,3732,0
4720,3718,0
4735,3703,0
4747,3685,0
4762,3674,0
4775,3667,0
4787,3667,0
4796,3667,0
4809,3677,0
4814,3689,0
4811,3704,0
4809,3723,0
4803,3737,1
4923,3714,0
4923,3713,0
4924,3711,0
4922,3708,0
4919,3700,0
4912,3690,0
4903,3682,0
4888,3679,0
4873,3679,0
4860,3687,0
4850,3693,0
4842,3701,0
4840,3713,0
4843,3723,0
4855,3734,0
4867,3737,0
4883,3739,0
4899,3728,0
4920,3718,0
4929,3701,0
4944,3679,0
4955,3654,0
4965,3631,0
4974,3609,0
4978,3592,0
4976,3583,0
4977,3580,0
4977,3581,0
4976,3582,0
4975,3601,0
4970,3626,0
4967,3653,0
4959,3679,0
4953,3704,0
4951,3725,0
4950,3737,0
4951,3741,1
5121,3660,0
5116,3654,0
5120,3655,0
5119,3657,0
5117,3658,0
5122,3671,0
5124,3687,0
5123,3701,0
5125,3715,0
5132,3733,0
5133,3743,0
5143,3744,0
5152,3734,0
5158,3715,0
5173,3698,0
5181,3682,0
5190,3672,0
5199,3667,0
5213,3694,0
5216,3710,0
5216,3720,0
5220,3728,0
5224,3730,0
5233,3726,0
5240,3718,0
5254,3701,0
5269,3684,0
5294,3648,0
5299,3641,0
5306,3645,1
5305,3708,0
5301,3708,0
5307,3706,0
5314,3705,0
5378,3678,0
5396,3668,0
5414,3659,0
5421,3648,0
5430,3638,0
5427,3629,0
5419,3620,0
5404,3619,0
5327,3638,0
5310,3653,0
5305,3672,0
5326,3708,0
5347,3721,0
5372,3729,0
5400,3732,0
5426,3731,1
5483,3622,0
5486,3625,0
5486,3625,0
5489,3629,0
5494,3641,0
5503,3701,0
5500,3717,0
5503,3727,0
5503,3732,0
5505,3730,0
5507,3727,0
5509,3712,0
5516,3691,0
5525,3673,0
5535,3653,0
5547,3639,0
5558,3631,0
5573,3631,0
5580,3629,1
5622,3711,0
5621,3712,0
5622,3711,0
5627,3711,0
5643,3710,0
5660,3708,0
5675,3701,0
5696,3694,0
5715,3689,0
5728,3679,0
5733,3672,0
5734,3664,0
5734,3657,0
5725,3649,0
5704,3643,0
5680,3643,0
5629,3663,0
5613,3677,0
5605,3688,0
5609,3708,0
5626,3725,0
5646,3739,0
5672,3751,0
5697,3759,0
5722,3765,0
5741,3767,0
5752,3764,1
6066,3649,0
6066,3649,0
6069,3651,0
6071,3655,0
6073,3667,0
6074,3686,0
6068,3700,0
6065,3719,0
6061,3738,0
6056,3752,0
6053,3764,0
6054,3769,0
6056,3766,0
6058,3762,0
6060,3747,0
6069,3728,0
6077,3710,0
6092,3695,0
6105,3683,0
6174,3682,0
6184,3710,0
6184,3725,0
6179,3738,0
6171,3750,0
6165,3758,1
6336,3692,0
6336,3686,0
6334,3674,0
6327,3663,0
6319,3655,0
6301,3653,0
6277,3651,0
6254,3658,0
6238,3667,0
6227,3682,0
6227,3696,0
6232,3711,0
6247,3724,0
6271,3732,0
6293,3734,0
6348,3718,0
6350,3708,0
6346,3699,1
6482,3593,0
6484,3591,0
6487,3592,0
6489,3597,0
6491,3609,0
6492,3623,0
6490,3641,0
6483,3659,0
6474,3680,0
6472,3705,0
6474,3723,0
6478,3740,1
6375,3687,0
6372,3682,0
6387,3681,1