arrangements made to implement
646
1338,2386,0
1337,2378,0
1341,2374,0
1348,2372,0
1358,2376,0
1370,2390,0
1380,2409,0
1389,2439,0
1392,2459,0
1392,2472,0
1386,2472,0
1380,2478,0
1366,2479,0
1348,2478,0
1329,2475,0
1316,2477,0
1311,2485,0
1311,2497,0
1320,2512,0
1336,2526,0
1354,2525,0
1378,2522,0
1401,2514,0
1420,2500,0
1434,2482,1
1494,2395,0
1493,2395,0
1491,2395,0
1489,2391,0
1491,2396,0
1493,2403,0
1493,2407,0
1493,2415,0
1493,2435,0
1492,2452,0
1491,2468,0
1488,2477,0
1488,2485,0
1488,2485,0
1487,2481,0
1486,2478,0
1483,2466,0
1476,2443,0
1470,2427,0
1465,2420,0
1468,2424,0
1469,2424,0
1478,2418,0
1493,2411,0
1512,2408,0
1531,2408,0
1547,2408,0
1559,2410,0
1568,2416,1
1582,2405,0
1583,2422,0
1584,2449,0
1585,2487,0
1585,2515,0
1583,2528,0
1584,2527,0
1585,2528,0
1585,2515,0
1580,2483,0
1579,2451,0
1582,2422,0
1589,2403,0
1594,2394,0
1600,2392,0
1612,2394,0
1631,2402,0
1650,2413,0
1670,2425,0
1691,2435,0
1707,2444,1
1732,2412,0
1732,2407,0
1739,2410,0
1746,2412,0
1756,2421,0
1767,2434,0
1773,2441,0
1779,2452,0
1779,2456,0
1773,2458,0
1761,2461,0
1745,2466,0
1727,2472,0
1714,2483,0
1702,2491,0
1701,2499,0
1708,2506,0
1720,2507,0
1738,2506,0
1758,2500,0
1776,2490,0
1792,2478,0
1808,2464,0
1820,2444,0
1831,2427,0
1835,2422,0
1833,2422,0
1831,2423,0
1826,2441,0
1824,2467,0
1821,2485,0
1823,2497,0
1824,2500,0
1825,2501,0
1826,2499,0
1830,2495,0
1838,2483,0
1848,2464,0
1864,2453,0
1876,2437,0
1894,2431,0
1907,2430,0
1913,2432,0
1918,2439,0
1922,2455,0
1918,2468,0
1918,2482,0
1918,2495,0
1916,2499,1
2031,2451,0
2031,2441,0
2036,2435,0
2034,2424,0
2029,2417,0
2026,2417,0
2014,2418,0
2000,2429,0
1983,2444,0
1972,2461,0
1971,2475,0
1973,2478,0
1982,2482,0
1988,2480,0
1997,2473,0
2006,2466,0
2012,2454,0
2014,2449,0
2016,2453,0
2016,2461,0
2018,2486,0
2014,2518,0
2010,2558,0
2004,2595,0
1995,2624,0
1988,2648,0
1978,2656,0
1972,2658,0
1960,2649,0
1950,2636,0
1944,2621,0
1942,2609,0
1944,2600,0
1951,2593,0
1961,2585,0
1975,2576,0
1989,2566,0
2005,2556,0
2021,2545,0
2038,2534,0
2052,2516,0
2070,2503,0
2083,2485,0
2089,2464,0
2097,2452,0
2096,2444,0
2099,2448,0
2092,2446,0
2082,2446,0
2072,2455,0
2067,2466,0
2069,2482,0
2075,2492,0
2094,2502,0
2123,2507,0
2154,2506,0
2182,2502,1
2235,2426,0
2236,2431,0
2233,2445,0
2233,2472,0
2233,2495,0
2230,2500,0
2232,2504,0
2235,2502,0
2242,2499,0
2251,2490,0
2259,2473,0
2273,2456,0
2280,2439,0
2289,2434,0
2291,2434,0
2294,2440,0
2297,2453,0
2298,2470,0
2297,2480,0
2299,2483,0
2301,2482,0
2306,2479,0
2316,2470,0
2326,2455,0
2340,2438,0
2356,2425,0
2367,2419,0
2372,2420,0
2374,2425,0
2371,2439,0
2370,2458,0
2374,2475,0
2382,2484,0
2391,2488,0
2405,2490,0
2417,2487,0
2429,2480,0
2439,2469,0
2448,2455,0
2451,2439,0
2449,2427,0
2445,2420,0
2439,2418,0
2429,2420,0
2418,2431,0
2411,2453,0
2410,2473,0
2416,2482,0
2427,2490,0
2443,2495,0
2463,2492,0
2482,2486,0
2502,2478,1
2545,2423,0
2543,2425,0
2543,2434,0
2539,2450,0
2538,2466,0
2540,2478,0
2541,2482,0
2543,2481,0
2543,2476,0
2550,2472,0
2559,2457,0
2574,2438,0
2588,2418,0
2604,2408,0
2620,2405,0
2631,2409,0
2636,2415,0
2642,2435,0
2642,2458,0
2639,2480,0
2638,2491,1
2712,2299,0
2717,2302,0
2718,2311,0
2715,2338,0
2714,2384,0
2709,2432,0
2709,2471,0
2709,2491,0
2706,2498,0
2709,2501,0
2707,2497,0
2704,2480,0
2700,2453,1
2698,2429,0
2698,2429,0
2698,2429,0
2704,2430,0
2715,2432,0
2732,2435,0
2752,2435,0
2773,2439,1
2866,2423,0
2862,2421,0
2856,2416,0
2842,2411,0
2828,2413,0
2809,2417,0
2800,2424,0
2799,2425,0
2801,2429,0
2815,2442,0
2837,2456,0
2854,2463,0
2875,2472,0
2884,2475,0
2887,2478,0
2880,2478,0
2862,2482,0
2840,2484,0
2821,2483,0
2811,2481,1
3107,2435,0
3108,2439,0
3107,2446,0
3101,2466,0
3095,2493,0
3097,2513,0
3100,2521,0
3101,2520,0
3105,2516,0
3115,2502,0
3131,2483,0
3143,2457,0
3156,2434,0
3165,2425,0
3170,2426,0
3173,2434,0
3175,2454,0
3180,2477,0
3182,2492,0
3187,2498,0
3192,2499,0
3199,2492,0
3214,2478,0
3231,2456,0
3250,2433,0
3271,2423,0
3281,2420,0
3294,2430,0
3302,2449,0
3308,2472,0
3311,2485,0
3319,2495,0
3322,2497,1
3406,2419,0
3413,2423,0
3416,2426,0
3424,2435,0
3426,2444,0
3431,2456,0
3437,2467,0
3434,2471,0
3426,2473,0
3410,2473,0
3394,2472,0
3375,2473,0
3360,2478,0
3351,2487,0
3348,2494,0
3354,2499,0
3370,2507,0
3394,2511,0
3415,2507,0
3442,2503,0
3465,2496,1
3535,2463,0
3532,2461,0
3529,2458,0
3520,2451,0
3516,2449,0
3510,2449,0
3501,2452,0
3493,2462,0
3486,2474,0
3483,2489,0
3486,2503,0
3485,2509,0
3491,2514,0
3506,2516,0
3518,2511,0
3530,2499,0
3547,2480,0
3567,2453,0
3582,2412,0
3597,2370,0
3614,2340,0
3619,2322,0
3619,2321,0
3617,2323,0
3611,2337,0
3597,2364,0
3588,2399,0
3582,2437,0
3581,2473,0
3585,2497,0
3600,2518,0
3614,2525,0
3632,2523,0
3653,2512,0
3677,2492,0
3696,2464,0
3703,2438,0
3704,2430,0
3694,2430,0
3677,2437,0
3658,2454,0
3648,2477,0
3645,2492,0
3660,2504,0
3690,2514,0
3729,2511,0
3769,2509,0
3798,2507,0
3820,2504,1
4024,2345,0
4022,2352,0
4017,2381,0
4010,2428,0
4008,2482,0
4010,2521,0
4014,2540,0
4015,2545,0
4023,2548,1
3966,2452,0
3966,2452,0
3973,2451,0
3989,2449,0
4012,2446,0
4036,2440,0
4063,2439,0
4089,2444,0
4117,2454,1
4174,2470,0
4175,2470,0
4167,2459,0
4159,2450,0
4143,2445,0
4118,2451,0
4098,2472,0
4080,2495,0
4080,2515,0
4087,2525,0
4103,2531,0
4132,2533,0
4151,2521,0
4164,2503,0
4176,2482,0
4179,2465,1
4400,2451,0
4400,2450,0
4399,2452,0
4403,2461,0
4396,2485,0
4391,2511,0
4394,2530,0
4392,2538,0
4390,2540,1
4382,2363,0
4379,2359,0
4377,2355,0
4374,2353,0
4386,2358,1
4460,2462,0
4456,2461,0
4459,2463,0
4461,2468,0
4462,2480,0
4463,2498,0
4466,2509,0
4457,2507,0
4459,2506,0
4460,2504,0
4470,2497,0
4479,2484,0
4491,2466,0
4514,2453,0
4529,2451,0
4540,2457,0
4543,2473,0
4543,2497,0
4539,2516,0
4539,2530,0
4538,2533,0
4538,2533,0
4541,2528,0
4550,2514,0
4560,2492,0
4573,2473,0
4585,2461,0
4595,2461,0
4603,2465,0
4608,2478,0
4611,2497,0
4606,2517,0
4604,2534,0
4606,2545,0
4606,2547,0
4600,2540,0
4609,2535,1
4676,2476,0
4676,2476,0
4676,2477,0
4676,2484,0
4670,2507,0
4667,2540,0
4662,2577,0
4657,2606,0
4649,2632,0
4647,2649,0
4645,2651,0
4646,2651,0
4644,2645,0
4640,2624,0
4632,2594,0
4628,2564,0
4630,2539,0
4631,2516,0
4631,2493,0
4643,2475,0
4657,2462,0
4675,2455,0
4699,2455,0
4725,2466,0
4743,2483,0
4756,2507,0
4762,2528,0
4752,2542,0
4739,2555,0
4714,2564,0
4682,2562,0
4659,2560,0
4641,2551,1
4823,2391,0
4814,2405,0
4806,2434,0
4796,2473,0
4791,2519,0
4784,2552,0
4789,2572,0
4799,2581,0
4794,2574,1
4847,2557,0
4843,2555,0
4849,2555,0
4861,2550,0
4873,2538,0
4893,2529,0
4907,2514,0
4921,2499,0
4923,2480,0
4920,2470,0
4910,2470,0
4888,2477,0
4860,2492,0
4837,2514,0
4825,2539,0
4826,2560,0
4840,2575,0
4868,2584,0
4895,2579,0
4929,2570,0
4956,2557,1
5004,2469,0
5000,2468,0
4996,2466,0
4999,2468,0
4993,2480,0
4992,2504,0
4993,2527,0
4988,2542,0
4988,2550,0
4994,2555,0
4990,2554,0
4992,2552,0
4999,2548,0
5004,2532,0
5008,2509,0
5016,2487,0
5025,2473,0
5028,2468,0
5031,2470,0
5031,2471,0
5029,2482,0
5026,2503,0
5021,2526,0
5021,2543,0
5020,2551,0
5020,2552,0
5025,2552,0
5033,2545,0
5039,2528,0
5054,2511,0
5065,2492,0
5080,2481,0
5086,2480,0
5085,2482,0
5089,2490,0
5081,2502,0
5084,2522,0
5086,2536,0
5092,2548,0
5103,2553,0
5117,2553,0
5138,2549,0
5152,2540,0
5166,2526,0
5183,2511,0
5183,2495,0
5186,2490,0
5180,2485,0
5163,2482,0
5146,2487,0
5129,2502,0
5117,2520,0
5115,2534,0
5127,2544,0
5146,2552,0
5161,2548,0
5187,2544,1
5281,2484,0
5276,2493,0
5271,2509,0
5264,2531,0
5258,2542,0
5259,2547,0
5264,2548,0
5276,2541,0
5287,2530,0
5299,2516,0
5315,2497,0
5337,2482,0
5351,2473,0
5364,2475,0
5373,2482,0
5380,2495,0
5383,2515,0
5376,2534,0
5376,2551,0
5372,2558,0
5364,2556,1
5482,2366,0
5483,2367,0
5487,2376,0
5489,2399,0
5493,2436,0
5485,2476,0
5482,2514,0
5482,2540,0
5476,2553,0
5474,2555,0
5472,2551,0
5466,2538,0
5461,2521,0
5453,2501,0
5459,2491,0
5467,2485,0
5481,2476,0
5507,2468,0
5549,2466,0
5586,2463,0
5611,2466,1