Brickmaking machinery - new sanding
791
936,1135,0
983,1168,0
982,1204,0
974,1235,0
967,1271,0
964,1303,0
964,1331,0
965,1351,0
966,1363,1
973,1107,0
1014,1090,0
1064,1076,0
1085,1085,0
1096,1105,0
1091,1125,0
1076,1141,0
1058,1157,0
1038,1172,0
1018,1187,0
999,1201,0
976,1204,0
970,1211,0
963,1206,0
961,1199,0
974,1196,0
996,1190,0
1031,1179,0
1071,1169,0
1126,1180,0
1177,1200,0
1218,1232,0
1241,1265,0
1241,1285,0
1230,1299,0
1206,1314,0
1180,1329,0
1148,1335,0
1112,1336,0
1079,1341,0
1045,1336,0
1022,1331,0
1015,1327,1
1324,1217,0
1325,1229,0
1326,1254,0
1322,1280,0
1323,1303,0
1322,1317,0
1325,1324,0
1325,1324,0
1325,1324,0
1322,1320,0
1323,1320,0
1321,1312,0
1320,1300,0
1319,1284,0
1317,1268,0
1318,1260,0
1318,1256,0
1315,1252,0
1319,1256,0
1324,1254,0
1329,1249,0
1338,1243,0
1349,1240,0
1363,1240,0
1373,1242,0
1381,1244,0
1383,1243,0
1390,1246,0
1393,1245,0
1397,1243,0
1401,1242,0
1402,1238,0
1407,1236,0
1415,1238,0
1421,1240,0
1426,1243,0
1428,1247,0
1428,1259,0
1426,1277,0
1422,1299,0
1421,1315,0
1425,1327,0
1431,1334,0
1433,1334,0
1433,1329,1
1438,1172,0
1428,1171,0
1428,1171,0
1430,1170,0
1434,1168,1
1570,1199,0
1560,1208,0
1541,1220,0
1524,1237,0
1513,1259,0
1507,1278,0
1510,1294,0
1522,1306,0
1539,1312,0
1561,1317,0
1580,1312,0
1603,1312,0
1620,1303,1
1656,1120,0
1655,1122,0
1654,1122,0
1652,1133,0
1653,1160,0
1653,1196,0
1656,1236,0
1656,1263,0
1657,1281,0
1652,1288,0
1661,1296,0
1658,1293,0
1656,1290,0
1657,1276,0
1669,1251,0
1684,1215,0
1703,1191,0
1713,1179,0
1716,1177,0
1721,1179,0
1727,1184,1
1698,1240,0
1700,1247,0
1710,1261,0
1718,1270,0
1724,1276,0
1730,1281,0
1743,1288,0
1751,1288,0
1767,1288,1
1803,1211,0
1802,1211,0
1806,1213,0
1802,1211,0
1802,1212,0
1802,1212,0
1802,1212,0
1802,1212,0
1802,1212,0
1806,1213,0
1802,1212,0
1802,1212,0
1801,1213,0
1801,1213,0
1804,1215,0
1801,1213,0
1798,1210,0
1797,1206,0
1795,1201,0
1798,1200,0
1797,1201,0
1800,1204,0
1793,1208,0
1795,1231,0
1800,1261,0
1803,1283,0
1808,1295,0
1813,1301,0
1814,1300,0
1820,1301,0
1830,1300,0
1831,1285,0
1841,1267,0
1854,1243,0
1860,1215,0
1860,1195,0
1861,1194,0
1862,1203,0
1856,1223,0
1858,1250,0
1865,1275,0
1870,1286,0
1880,1293,0
1891,1296,0
1901,1293,0
1908,1284,0
1922,1273,0
1927,1249,0
1928,1223,0
1928,1213,0
1931,1220,0
1931,1241,0
1935,1263,0
1944,1276,0
1954,1283,0
1968,1288,0
1983,1290,1
2109,1189,0
2094,1199,0
2067,1218,0
2052,1243,0
2043,1261,0
2049,1273,0
2063,1276,0
2084,1274,0
2106,1264,0
2123,1252,0
2134,1237,0
2137,1218,0
2133,1199,0
2132,1194,0
2128,1204,0
2130,1230,0
2128,1253,0
2140,1270,0
2154,1278,0
2169,1281,0
2178,1278,1
2211,1093,0
2207,1093,0
2210,1101,0
2206,1117,0
2205,1144,0
2207,1179,0
2212,1213,0
2219,1241,0
2221,1257,0
2224,1265,0
2227,1267,0
2228,1266,0
2230,1259,0
2244,1245,0
2253,1221,0
2262,1200,0
2262,1189,0
2265,1191,0
2267,1195,0
2263,1204,0
2262,1218,0
2259,1234,0
2258,1247,0
2260,1256,0
2269,1264,0
2279,1265,0
2291,1264,0
2301,1259,0
2313,1251,1
2358,1172,0
2358,1179,0
2355,1201,0
2356,1226,0
2359,1240,0
2359,1247,0
2355,1251,0
2357,1254,0
2360,1257,1
2356,1122,0
2352,1121,0
2354,1118,0
2358,1112,0
2373,1106,1
2458,1172,0
2455,1191,0
2453,1213,0
2458,1231,0
2467,1241,0
2469,1245,0
2469,1245,0
2470,1242,0
2482,1235,0
2490,1217,0
2504,1196,0
2524,1182,0
2536,1181,0
2552,1192,0
2565,1208,0
2579,1229,0
2593,1252,0
2595,1270,0
2599,1284,0
2605,1290,0
2614,1290,1
2745,1220,0
2743,1208,0
2735,1198,0
2726,1190,0
2719,1186,0
2705,1185,0
2689,1189,0
2675,1203,0
2660,1218,0
2660,1233,0
2667,1243,0
2673,1250,0
2688,1256,0
2707,1257,0
2725,1259,0
2740,1265,0
2752,1283,0
2756,1311,0
2755,1349,0
2743,1385,0
2730,1409,0
2712,1420,0
2693,1425,0
2668,1424,0
2644,1416,0
2628,1405,0
2604,1384,0
2585,1362,0
2579,1351,1
3045,1150,0
3049,1163,0
3048,1189,0
3052,1225,0
3059,1261,0
3073,1287,0
3080,1298,0
3083,1300,0
3093,1301,0
3093,1291,0
3107,1276,0
3112,1247,0
3122,1213,0
3134,1179,0
3141,1157,0
3148,1150,0
3150,1156,0
3153,1176,0
3156,1208,0
3157,1241,0
3165,1266,0
3173,1278,0
3185,1283,0
3195,1281,0
3207,1274,0
3215,1258,0
3222,1235,0
3232,1207,0
3230,1182,0
3231,1179,0
3233,1187,0
3233,1205,0
3235,1228,0
3238,1247,0
3245,1262,0
3250,1270,0
3260,1275,1
3431,1194,0
3431,1193,0
3428,1190,0
3425,1188,0
3426,1186,0
3427,1183,0
3421,1178,0
3410,1172,0
3399,1167,0
3395,1169,0
3380,1172,0
3361,1184,0
3342,1206,0
3335,1233,0
3334,1254,0
3341,1264,0
3354,1268,0
3367,1267,0
3382,1263,0
3396,1254,0
3406,1241,0
3413,1225,0
3425,1208,0
3420,1190,0
3421,1188,0
3419,1193,0
3416,1208,0
3415,1230,0
3415,1249,0
3419,1260,0
3421,1264,0
3425,1267,0
3424,1268,1
3582,1177,0
3583,1175,0
3575,1172,0
3566,1175,0
3552,1187,0
3534,1209,0
3521,1237,0
3508,1259,0
3506,1271,0
3509,1275,0
3521,1278,0
3543,1278,0
3564,1269,0
3576,1254,0
3596,1237,0
3608,1217,0
3619,1192,1
3614,1093,0
3611,1101,0
3616,1122,0
3609,1150,0
3613,1185,0
3618,1216,0
3619,1233,0
3617,1240,0
3616,1242,0
3619,1242,0
3619,1242,0
3626,1239,0
3639,1227,0
3651,1208,0
3660,1187,0
3665,1175,0
3664,1177,0
3660,1196,0
3662,1223,0
3667,1245,0
3673,1259,0
3674,1265,0
3674,1267,0
3677,1269,0
3682,1269,0
3697,1264,0
3710,1254,0
3731,1244,1
3779,1176,0
3776,1196,0
3769,1225,0
3768,1251,0
3770,1266,0
3776,1272,0
3781,1272,0
3790,1271,0
3793,1263,1
3754,1107,0
3743,1099,0
3744,1097,0
3748,1098,0
3751,1102,1
3840,1160,0
3834,1165,0
3838,1179,0
3843,1201,0
3847,1223,0
3854,1238,0
3860,1247,0
3867,1251,0
3870,1252,0
3875,1249,0
3879,1240,0
3887,1221,0
3900,1196,0
3906,1177,0
3908,1173,0
3914,1179,0
3921,1196,0
3925,1218,0
3935,1237,0
3939,1251,0
3945,1259,0
3950,1266,0
3954,1270,0
3953,1271,0
3957,1271,1
3998,1277,0
4007,1275,0
4017,1271,0
4028,1265,0
4043,1259,0
4056,1247,0
4065,1232,0
4068,1213,0
4061,1196,0
4055,1190,0
4043,1188,0
4029,1192,0
4010,1199,0
4009,1211,0
4008,1225,0
4012,1240,0
4027,1256,0
4036,1266,0
4046,1272,0
4062,1276,0
4080,1283,1
4117,1289,0
4117,1289,0
4118,1287,0
4120,1281,0
4116,1269,0
4110,1249,0
4110,1227,0
4108,1208,0
4109,1202,0
4118,1202,0
4126,1204,0
4141,1208,1
4249,1190,0
4242,1198,0
4231,1219,0
4221,1249,0
4221,1271,0
4220,1285,0
4227,1291,0
4234,1295,0
4241,1288,0
4249,1276,0
4264,1258,0
4268,1233,0
4279,1212,0
4282,1206,0
4280,1209,0
4281,1218,0
4283,1241,0
4279,1276,0
4280,1322,0
4281,1364,0
4282,1396,0
4295,1428,0
4286,1452,0
4273,1472,0
4254,1488,0
4229,1496,0
4209,1491,0
4187,1471,0
4158,1446,0
4138,1432,0
4128,1423,0
4122,1418,0
4139,1420,1
4478,1237,1
4495,1223,0
4512,1218,0
4542,1218,0
4567,1217,1
4769,1180,0
4769,1211,0
4770,1250,0
4765,1278,0
4766,1289,0
4767,1290,0
4772,1284,0
4782,1268,0
4789,1242,0
4807,1207,0
4827,1182,0
4846,1171,0
4860,1178,0
4873,1196,0
4881,1223,0
4888,1247,0
4891,1261,0
4894,1269,0
4900,1274,0
4904,1276,0
4908,1274,1
4962,1263,0
4963,1261,0
4973,1253,0
4989,1239,0
5005,1225,0
5009,1210,0
5014,1193,0
5011,1173,0
5002,1161,0
4989,1164,0
4980,1181,0
4970,1206,0
4963,1230,0
4966,1249,0
4979,1261,0
4998,1269,0
5018,1272,0
5031,1268,0
5049,1264,0
5064,1254,0
5077,1237,1
5109,1160,0
5105,1159,0
5102,1158,0
5105,1160,0
5098,1169,0
5092,1195,0
5087,1230,0
5088,1255,0
5093,1267,0
5097,1271,0
5105,1271,0
5115,1266,0
5122,1256,0
5133,1243,0
5146,1226,0
5154,1214,0
5146,1212,0
5144,1220,0
5143,1239,0
5140,1263,0
5151,1285,0
5167,1301,0
5185,1310,0
5197,1312,0
5214,1311,0
5224,1305,0
5237,1288,0
5241,1258,0
5243,1218,0
5236,1183,0
5223,1169,0
5202,1169,0
5180,1172,0
5179,1179,0
5181,1187,0
5187,1194,1
5561,1163,0
5559,1150,0
5549,1138,0
5547,1132,0
5531,1129,0
5513,1133,0
5495,1141,0
5488,1155,0
5493,1172,0
5504,1194,0
5526,1220,0
5549,1245,0
5553,1263,0
5555,1274,0
5541,1281,0
5518,1288,0
5496,1291,0
5476,1293,0
5460,1293,0
5448,1289,0
5438,1278,1
5699,1165,0
5692,1161,0
5680,1155,0
5673,1153,0
5663,1146,0
5651,1143,0
5634,1143,0
5619,1153,0
5608,1168,0
5603,1192,0
5602,1216,0
5601,1235,0
5614,1249,0
5625,1256,0
5641,1259,0
5655,1253,0
5665,1243,0
5669,1226,0
5677,1208,0
5677,1189,0
5676,1175,0
5680,1177,0
5679,1182,0
5683,1201,0
5686,1223,0
5694,1245,0
5701,1260,0
5704,1267,0
5712,1271,0
5716,1271,0
5721,1266,0
5723,1257,0
5728,1240,1
5745,1161,0
5745,1161,0
5748,1165,0
5744,1182,0
5751,1209,0
5753,1234,0
5759,1247,0
5762,1251,0
5765,1253,0
5758,1250,0
5762,1249,0
5764,1237,0
5770,1214,0
5788,1189,0
5791,1173,0
5803,1176,0
5804,1189,0
5811,1211,0
5812,1230,0
5816,1246,0
5815,1252,0
5822,1254,0
5827,1255,0
5831,1252,0
5840,1249,1
5979,1157,0
5967,1151,0
5952,1148,0
5935,1150,0
5909,1157,0
5892,1183,0
5871,1218,0
5877,1252,0
5890,1266,0
5909,1269,0
5931,1264,0
5946,1252,0
5962,1236,0
5975,1214,0
5973,1182,0
5974,1142,0
5976,1107,0
5977,1079,0
5984,1064,0
5981,1061,0
5980,1065,0
5982,1078,0
5976,1104,0
5982,1138,0
5986,1177,0
5988,1208,0
5991,1230,0
5993,1242,0
5996,1248,1
6054,1189,0
6053,1213,0
6057,1230,0
6052,1235,0
6060,1238,0
6063,1240,0
6063,1239,0
6068,1237,0
6071,1226,1
6050,1102,0
6050,1102,0
6050,1105,0
6053,1111,1
6112,1159,0
6105,1175,0
6112,1202,0
6104,1225,0
6104,1242,0
6110,1252,0
6113,1257,0
6125,1259,0
6134,1254,0
6148,1246,0
6160,1230,0
6172,1208,0
6179,1196,0
6183,1194,0
6189,1206,0
6189,1222,0
6195,1237,0
6200,1252,0
6213,1264,0
6228,1274,0
6243,1280,1
6367,1232,0
6365,1223,0
6367,1211,0
6366,1198,0
6353,1181,0
6342,1174,0
6321,1176,0
6305,1199,0
6288,1224,0
6287,1249,0
6296,1262,0
6302,1269,0
6309,1273,0
6319,1269,0
6324,1267,0
6328,1266,0
6329,1276,0
6336,1305,0
6331,1328,0
6345,1376,0
6359,1435,0
6381,1464,0
6394,1492,0
6398,1511,0
6406,1530,0
6410,1530,0
6401,1516,0
6403,1476,0
6388,1469,0
6378,1406,0
6372,1363,0
6381,1326,0
6402,1300,0
6440,1275,0
6486,1254,0
6549,1240,0
6615,1236,0
6668,1238,0
6703,1242,0
6711,1245,1