Wherever possible the principles of
849
470,3627,0
474,3648,0
482,3679,0
493,3728,0
509,3783,0
528,3831,0
547,3874,0
562,3905,0
576,3931,0
583,3936,0
592,3929,0
598,3906,0
603,3870,0
608,3826,0
614,3778,0
620,3723,0
627,3676,0
637,3629,0
647,3594,0
658,3571,0
667,3560,0
675,3557,0
685,3570,0
694,3607,0
706,3661,0
718,3723,0
733,3784,0
745,3838,0
757,3879,0
767,3895,0
772,3900,0
776,3900,0
779,3889,0
781,3856,0
783,3800,0
789,3740,0
803,3690,0
817,3647,0
835,3608,0
851,3577,0
867,3554,1
827,3852,0
837,3849,0
851,3837,0
867,3826,0
886,3812,0
905,3793,0
923,3769,0
938,3742,0
950,3711,0
961,3679,0
966,3643,0
965,3607,0
961,3578,1
928,3573,0
919,3605,0
921,3665,0
926,3718,0
938,3773,0
951,3810,0
963,3826,0
972,3831,0
978,3827,0
982,3811,0
984,3783,0
988,3751,0
994,3732,0
1003,3728,0
1013,3732,0
1027,3752,0
1044,3776,0
1062,3793,0
1083,3805,0
1105,3800,0
1126,3792,0
1148,3780,0
1165,3752,0
1179,3723,0
1192,3655,0
1174,3671,0
1146,3732,0
1135,3761,0
1133,3788,0
1138,3804,0
1153,3812,0
1174,3815,0
1196,3807,0
1222,3790,0
1244,3761,0
1266,3732,0
1283,3707,0
1293,3674,0
1301,3645,0
1309,3641,0
1315,3648,0
1320,3660,0
1324,3684,0
1329,3715,0
1332,3747,0
1334,3768,0
1337,3783,0
1339,3787,0
1340,3783,0
1343,3771,0
1346,3747,0
1346,3711,0
1353,3694,0
1358,3686,0
1364,3682,0
1372,3685,0
1381,3696,0
1394,3711,0
1406,3722,0
1419,3724,0
1436,3727,0
1452,3717,0
1467,3703,0
1481,3689,0
1489,3672,0
1491,3653,0
1488,3636,0
1485,3633,0
1477,3638,0
1467,3651,0
1455,3676,0
1445,3701,0
1441,3730,0
1441,3750,0
1445,3758,0
1455,3769,0
1467,3776,0
1481,3774,0
1497,3776,0
1510,3767,0
1528,3761,0
1544,3747,0
1559,3732,0
1578,3721,0
1592,3696,0
1607,3677,0
1621,3662,0
1629,3650,0
1635,3645,0
1638,3644,0
1635,3641,0
1633,3649,0
1625,3662,0
1616,3679,0
1609,3701,0
1604,3730,0
1604,3762,0
1611,3778,0
1626,3783,0
1645,3781,0
1662,3769,0
1676,3752,0
1687,3733,0
1695,3715,0
1695,3687,0
1696,3662,0
1698,3654,0
1698,3654,0
1698,3654,0
1697,3650,0
1704,3661,0
1713,3667,0
1726,3673,0
1739,3675,0
1758,3675,0
1779,3675,0
1797,3660,0
1814,3648,0
1829,3636,0
1841,3626,0
1843,3609,0
1838,3590,0
1830,3583,0
1816,3590,0
1801,3614,0
1786,3645,0
1775,3672,0
1771,3697,0
1775,3721,0
1785,3735,0
1800,3737,0
1819,3733,0
1841,3728,0
1860,3712,0
1879,3695,0
1897,3674,0
1911,3647,0
1919,3620,0
1927,3605,0
1932,3604,0
1935,3608,0
1937,3619,0
1939,3640,0
1940,3660,0
1942,3685,0
1943,3705,0
1947,3716,0
1953,3719,0
1959,3717,0
1968,3711,0
1976,3701,0
1983,3691,0
1988,3677,0
1992,3659,0
1999,3649,0
2005,3643,0
2010,3638,0
2014,3637,0
2018,3636,0
2023,3631,0
2026,3626,0
2029,3625,0
2029,3625,0
2029,3629,0
2030,3628,0
2029,3625,0
2028,3624,0
2029,3629,0
2028,3624,0
2028,3624,0
2028,3624,0
2028,3624,0
2028,3624,0
2028,3624,0
2028,3624,0
2027,3625,0
2027,3625,0
2027,3625,0
2027,3625,0
2027,3625,0
2027,3625,0
2027,3625,0
2027,3625,0
2027,3625,0
2027,3625,0
2027,3625,0
2027,3625,0
2027,3625,0
2027,3625,0
2025,3621,0
2027,3625,0
2027,3625,0
2025,3621,0
2027,3625,0
2027,3625,0
2027,3625,1
2275,3619,0
2275,3611,0
2279,3605,0
2281,3600,0
2287,3607,0
2296,3625,0
2303,3656,0
2310,3708,0
2318,3774,0
2329,3846,0
2341,3909,0
2356,3964,0
2360,3983,0
2361,3983,0
2361,3978,0
2347,3937,0
2334,3882,0
2323,3818,0
2322,3760,0
2326,3712,0
2331,3672,0
2333,3633,0
2342,3604,0
2352,3583,0
2360,3572,0
2371,3580,0
2381,3594,0
2391,3616,0
2396,3631,0
2398,3656,0
2388,3672,0
2376,3689,0
2362,3703,0
2341,3703,0
2331,3706,0
2333,3714,0
2335,3713,0
2344,3714,0
2364,3715,0
2388,3706,0
2420,3695,0
2451,3678,0
2487,3668,0
2516,3653,0
2536,3635,0
2548,3613,0
2555,3597,0
2552,3589,0
2543,3589,0
2529,3608,0
2512,3636,0
2499,3672,0
2495,3703,0
2501,3718,0
2516,3721,0
2534,3713,0
2550,3699,0
2565,3675,0
2574,3645,0
2584,3624,0
2588,3600,0
2584,3588,0
2584,3589,0
2586,3600,0
2589,3612,0
2601,3620,0
2622,3620,0
2647,3609,0
2679,3594,0
2702,3569,0
2723,3550,0
2733,3532,0
2739,3525,0
2743,3537,0
2738,3561,0
2734,3590,0
2737,3624,0
2743,3648,0
2749,3667,0
2753,3679,0
2748,3681,0
2740,3689,0
2724,3687,0
2708,3691,0
2691,3689,0
2679,3690,0
2679,3694,0
2681,3694,0
2694,3692,0
2719,3690,0
2745,3674,0
2776,3654,0
2808,3629,0
2837,3606,0
2856,3578,0
2875,3554,0
2879,3520,0
2883,3500,0
2884,3499,0
2883,3501,0
2885,3517,0
2883,3532,0
2891,3550,0
2907,3564,0
2926,3577,0
2946,3589,0
2961,3603,0
2972,3620,0
2972,3629,0
2965,3637,0
2953,3644,0
2934,3645,0
2920,3648,0
2907,3650,0
2900,3650,0
2905,3656,0
2907,3650,0
2925,3655,0
2943,3645,0
2963,3633,0
2982,3619,0
2999,3604,0
3018,3594,0
3025,3572,0
3026,3548,0
3031,3536,0
3032,3535,0
3033,3540,0
3033,3554,0
3035,3580,0
3034,3600,0
3037,3620,0
3040,3641,0
3048,3660,0
3054,3670,0
3068,3676,0
3084,3672,0
3103,3661,0
3129,3650,0
3150,3629,0
3162,3589,0
3175,3543,0
3187,3493,0
3194,3455,0
3200,3432,0
3203,3421,0
3202,3417,0
3200,3424,0
3197,3449,0
3186,3484,0
3172,3527,0
3171,3574,0
3178,3607,0
3192,3622,0
3211,3629,0
3226,3624,0
3238,3612,0
3243,3590,0
3252,3571,0
3252,3542,0
3255,3526,0
3262,3535,0
3271,3554,0
3282,3575,0
3291,3578,0
3308,3581,0
3325,3571,0
3342,3554,0
3359,3529,0
3374,3498,0
3382,3455,0
3388,3407,0
3391,3380,0
3388,3373,0
3385,3375,0
3375,3391,0
3355,3420,0
3334,3463,0
3320,3512,0
3314,3559,0
3316,3590,0
3327,3612,0
3354,3633,0
3380,3634,0
3407,3621,0
3443,3602,0
3472,3572,0
3490,3544,0
3501,3512,0
3502,3492,0
3501,3492,0
3491,3508,0
3478,3543,0
3471,3578,0
3473,3606,0
3486,3621,0
3510,3629,0
3532,3627,0
3554,3617,0
3576,3606,0
3588,3587,1
3059,3375,0
3043,3375,0
3033,3377,0
3033,3378,0
3036,3380,1
3984,3303,0
3986,3306,0
3983,3308,0
3987,3321,0
3993,3343,0
3998,3376,0
4003,3420,0
4011,3467,0
4016,3510,0
4025,3544,0
4032,3566,0
4037,3576,0
4034,3573,1
3957,3450,0
3960,3452,0
3967,3457,0
3986,3467,0
4012,3477,0
4036,3477,0
4066,3471,0
4092,3457,0
4113,3434,0
4127,3404,0
4140,3370,0
4146,3330,0
4148,3290,0
4150,3260,0
4148,3250,0
4143,3261,0
4141,3296,0
4144,3344,0
4152,3408,0
4154,3455,0
4162,3481,0
4174,3492,0
4184,3493,0
4196,3487,0
4203,3475,0
4214,3459,0
4221,3453,0
4235,3456,0
4251,3468,0
4270,3483,0
4294,3493,0
4319,3496,0
4344,3490,0
4365,3475,0
4379,3455,0
4389,3434,0
4388,3405,0
4382,3382,0
4376,3383,0
4362,3399,0
4347,3431,0
4341,3465,0
4343,3501,0
4360,3530,0
4384,3545,0
4417,3553,0
4454,3550,0
4485,3542,0
4518,3530,1
4688,3390,0
4689,3394,0
4693,3408,0
4699,3436,0
4707,3474,0
4716,3520,0
4727,3567,0
4736,3602,0
4741,3628,0
4744,3641,0
4739,3641,0
4734,3634,0
4722,3613,0
4708,3574,0
4702,3522,0
4702,3475,0
4707,3439,0
4716,3412,0
4729,3385,0
4751,3371,0
4779,3365,0
4803,3368,0
4816,3383,0
4821,3408,0
4819,3433,0
4808,3453,0
4799,3469,0
4786,3478,0
4771,3483,0
4760,3488,0
4754,3489,0
4754,3489,0
4763,3491,0
4779,3492,0
4797,3484,0
4819,3470,0
4844,3454,0
4866,3435,0
4883,3414,0
4897,3392,0
4907,3362,0
4915,3346,0
4919,3341,0
4922,3350,0
4920,3372,0
4922,3412,0
4915,3445,0
4915,3471,0
4917,3479,0
4917,3479,0
4922,3475,0
4929,3460,0
4933,3431,0
4941,3409,0
4952,3395,0
4958,3387,0
4969,3388,0
4974,3395,0
4987,3403,0
4999,3407,0
5018,3403,0
5029,3396,0
5040,3384,0
5050,3371,0
5056,3356,0
5061,3344,0
5063,3342,0
5064,3347,0
5058,3361,0
5052,3387,0
5047,3412,0
5048,3436,0
5054,3455,0
5063,3462,0
5077,3464,0
5093,3463,0
5111,3454,0
5124,3438,0
5141,3424,0
5148,3402,0
5163,3376,0
5169,3355,0
5174,3343,0
5182,3345,0
5187,3352,0
5188,3370,0
5195,3395,0
5197,3418,0
5199,3441,0
5204,3452,0
5207,3456,0
5208,3455,0
5217,3450,0
5223,3436,0
5226,3412,0
5238,3391,0
5249,3377,0
5262,3373,0
5269,3370,0
5278,3378,0
5281,3394,0
5287,3412,0
5287,3425,0
5294,3436,0
5301,3439,0
5310,3441,0
5316,3433,0
5330,3422,0
5344,3410,0
5359,3397,0
5373,3384,0
5388,3372,0
5406,3361,0
5411,3355,0
5417,3353,0
5418,3352,0
5417,3353,0
5414,3358,0
5402,3367,0
5390,3383,0
5375,3397,0
5368,3418,0
5362,3432,0
5368,3445,0
5372,3453,0
5386,3455,0
5397,3452,0
5417,3446,0
5433,3432,0
5453,3419,0
5470,3402,0
5479,3375,0
5494,3362,0
5504,3349,0
5507,3344,0
5507,3344,0
5507,3344,0
5507,3351,0
5509,3363,0
5503,3370,0
5501,3381,0
5502,3392,0
5504,3416,0
5502,3426,0
5504,3430,0
5506,3436,0
5508,3437,0
5513,3445,0
5516,3441,0
5518,3444,0
5518,3444,0
5520,3449,0
5521,3447,0
5520,3448,0
5517,3445,0
5519,3450,0
5520,3449,0
5520,3450,0
5520,3449,0
5517,3452,0
5520,3450,0
5520,3449,0
5520,3449,0
5518,3452,0
5520,3449,0
5524,3450,0
5530,3450,0
5530,3450,0
5536,3448,0
5542,3446,0
5549,3443,0
5553,3438,0
5560,3435,0
5569,3428,0
5576,3421,0
5584,3408,0
5588,3397,0
5595,3380,0
5601,3364,0
5602,3349,0
5598,3334,0
5606,3329,0
5600,3325,0
5604,3326,0
5602,3328,0
5602,3341,0
5595,3366,0
5598,3403,0
5598,3443,0
5602,3479,0
5604,3504,0
5608,3525,0
5608,3538,0
5607,3539,0
5610,3542,0
5605,3536,0
5602,3513,0
5598,3478,0
5601,3446,0
5603,3416,0
5607,3389,0
5612,3362,0
5624,3345,0
5635,3336,0
5645,3336,0
5659,3344,0
5657,3354,0
5663,3373,0
5660,3391,0
5648,3400,0
5642,3411,0
5635,3414,0
5629,3414,0
5626,3413,0
5629,3414,0
5630,3413,0
5639,3414,0
5658,3415,0
5678,3414,0
5701,3410,0
5725,3403,0
5743,3392,0
5769,3383,0
5781,3370,0
5793,3353,0
5801,3335,0
5795,3323,0
5799,3323,0
5786,3328,0
5777,3342,0
5762,3357,0
5750,3373,0
5741,3387,0
5749,3404,0
5752,3414,0
5762,3420,0
5776,3428,0
5795,3428,0
5811,3427,0
5834,3423,0
5851,3411,0
5878,3399,0
5893,3378,0
5915,3358,0
5930,3328,0
5945,3297,0
5957,3271,0
5963,3254,0
5957,3241,0
5950,3237,0
5938,3240,0
5926,3255,0
5908,3274,0
5895,3300,0
5878,3327,0
5877,3358,0
5882,3379,0
5897,3392,0
5919,3396,0
5938,3389,0
5962,3373,0
5996,3359,0
6019,3338,0
6038,3316,0
6054,3306,0
6062,3308,0
6066,3317,0
6069,3334,0
6079,3356,0
6092,3380,0
6097,3401,0
6087,3416,0
6087,3438,0
6070,3451,0
6050,3458,0
6029,3461,1
5472,3199,0
5462,3193,0
5467,3192,0
5465,3189,0
5475,3194,1
6335,3346,0
6324,3341,0
6317,3344,0
6304,3343,0
6290,3349,0
6276,3365,0
6258,3393,0
6247,3433,0
6242,3464,0
6251,3472,0
6266,3471,0
6292,3460,0
6310,3438,0
6326,3412,0
6343,3386,0
6353,3354,0
6361,3332,0
6367,3329,0
6367,3331,0
6366,3340,0
6358,3352,0
6358,3361,0
6372,3369,0
6391,3369,0
6406,3358,0
6426,3341,0
6452,3320,0
6475,3289,0
6501,3252,0
6526,3209,0
6545,3165,0
6554,3139,0
6548,3132,0
6539,3134,0
6520,3152,0
6501,3187,0
6482,3237,0
6469,3293,0
6459,3347,0
6460,3393,0
6461,3424,0
6469,3448,0
6473,3464,0
6466,3468,0
6459,3465,1
6447,3385,0
6459,3387,0
6472,3388,0
6493,3385,0
6533,3380,1