Industrial health. The total
558
982,745,0
1013,762,0
1015,759,0
1018,759,0
1023,763,0
1023,763,0
1019,763,0
1011,770,0
1012,790,0
1015,819,0
1012,846,0
1014,887,0
1019,936,0
1020,979,0
1032,1032,0
1044,1076,0
1054,1109,1
1119,928,0
1125,928,0
1132,931,0
1131,932,0
1134,940,0
1133,952,0
1141,979,0
1150,1011,0
1153,1035,0
1160,1054,0
1167,1065,0
1175,1068,0
1182,1056,0
1193,1030,0
1195,990,0
1205,956,0
1211,926,0
1221,916,0
1235,921,0
1255,945,0
1276,986,0
1288,1032,0
1300,1083,0
1310,1118,0
1322,1124,1
1535,913,0
1532,910,0
1522,902,0
1510,892,0
1483,878,0
1466,879,0
1445,890,0
1426,917,0
1414,953,0
1420,1003,0
1422,1044,0
1437,1073,0
1459,1086,0
1476,1078,0
1496,1056,0
1514,1012,0
1527,955,0
1527,890,0
1522,831,0
1510,776,0
1504,742,0
1498,731,0
1498,731,0
1504,756,0
1510,806,0
1517,868,0
1532,933,0
1546,996,0
1560,1042,0
1573,1071,0
1583,1084,0
1595,1082,0
1609,1065,1
1674,928,0
1683,942,0
1684,951,0
1684,962,0
1678,977,0
1675,998,0
1686,1029,0
1697,1061,0
1717,1086,0
1734,1093,0
1756,1082,0
1772,1045,0
1783,995,0
1784,951,0
1779,918,0
1780,906,0
1780,906,0
1779,918,0
1780,950,0
1785,983,0
1798,1008,0
1820,1027,0
1839,1036,0
1860,1044,0
1892,1058,1
1963,922,0
1960,926,0
1952,928,0
1940,924,0
1927,916,0
1911,909,0
1909,911,0
1915,922,0
1921,940,0
1939,962,0
1956,984,0
1976,1009,0
1988,1037,0
2004,1068,0
2009,1097,0
2003,1119,0
1988,1128,0
1971,1127,0
1945,1108,0
1919,1078,0
1911,1046,1
2123,706,0
2139,709,0
2150,715,0
2151,723,0
2149,742,0
2147,771,0
2153,815,0
2162,877,0
2178,951,0
2195,1031,0
2208,1097,0
2218,1148,0
2219,1171,0
2222,1167,0
2217,1136,0
2216,1106,0
2218,1078,1
2117,974,0
2125,989,0
2138,998,0
2147,994,0
2162,981,0
2186,962,0
2213,943,0
2231,938,0
2252,943,1
2296,957,0
2292,969,0
2297,991,0
2301,1020,0
2305,1056,0
2306,1089,0
2314,1111,0
2325,1117,0
2323,1112,0
2323,1093,0
2328,1066,0
2322,1032,0
2324,1001,0
2323,973,0
2326,955,0
2330,941,0
2344,933,0
2359,924,0
2381,919,0
2396,916,0
2409,916,1
2445,926,0
2456,946,0
2459,966,0
2460,989,0
2465,1020,0
2463,1053,0
2464,1080,0
2472,1096,0
2488,1101,1
2473,752,0
2485,762,0
2491,770,0
2499,771,0
2511,773,1
2684,935,0
2688,936,0
2688,933,0
2684,925,0
2671,914,0
2652,907,0
2634,908,1
2632,921,0
2622,951,0
2613,995,0
2615,1040,0
2625,1072,0
2638,1088,0
2659,1100,0
2681,1102,0
2701,1092,0
2725,1064,0
2733,1023,0
2729,987,0
2727,965,0
2714,954,0
2709,955,0
2702,969,0
2712,1005,0
2719,1042,0
2747,1074,0
2774,1101,0
2797,1124,0
2818,1136,1
2855,754,0
2859,754,0
2864,755,0
2855,755,0
2855,769,0
2863,796,0
2872,839,0
2878,900,0
2890,983,0
2904,1059,0
2921,1104,0
2936,1126,0
2950,1127,1
3204,763,0
3211,751,0
3219,739,0
3221,731,0
3221,730,0
3221,732,0
3219,752,0
3224,793,0
3243,857,0
3253,937,0
3264,1011,0
3283,1063,0
3291,1086,0
3299,1086,0
3312,1065,0
3320,1035,0
3333,1000,0
3349,967,0
3362,940,0
3373,922,0
3383,916,0
3390,919,0
3403,933,0
3409,964,0
3426,1013,0
3445,1066,0
3471,1098,0
3491,1102,0
3516,1091,1
3579,997,0
3588,1008,0
3600,1011,0
3611,1003,0
3615,978,0
3624,949,0
3626,916,0
3621,890,0
3614,871,0
3604,863,0
3590,866,0
3574,879,0
3559,901,0
3541,933,0
3538,970,0
3540,1001,0
3561,1025,0
3590,1039,0
3626,1048,0
3653,1053,0
3678,1055,1
3823,924,0
3830,928,0
3825,931,0
3812,933,0
3795,937,0
3776,945,0
3767,959,0
3757,980,0
3756,1009,0
3762,1043,0
3781,1066,0
3799,1071,0
3826,1065,0
3845,1049,0
3863,1030,0
3867,1006,0
3865,984,0
3864,971,0
3864,971,0
3863,977,0
3862,994,0
3865,1024,0
3876,1056,0
3896,1084,0
3921,1101,0
3940,1106,0
3955,1097,0
3966,1073,0
3975,1034,1
3966,717,0
3980,728,0
3990,742,0
3995,755,0
4000,773,0
4002,801,0
4009,844,0
4022,906,0
4032,982,0
4043,1044,0
4061,1081,0
4076,1098,0
4092,1104,1
4123,724,0
4142,734,0
4151,749,0
4164,764,0
4166,779,0
4168,807,0
4168,846,0
4173,898,0
4177,962,0
4186,1020,0
4196,1060,0
4205,1088,0
4210,1099,1
4079,909,0
4085,921,0
4106,936,0
4119,946,0
4135,948,0
4157,945,0
4180,936,0
4194,928,0
4213,921,1
4289,731,0
4293,730,0
4293,730,0
4292,732,0
4287,743,0
4283,764,0
4283,805,0
4288,856,0
4303,918,0
4319,976,0
4331,1024,0
4345,1062,0
4360,1085,0
4367,1089,0
4379,1074,0
4398,1047,0
4410,1020,0
4423,1000,0
4431,988,0
4444,985,0
4451,988,0
4461,997,0
4468,1018,0
4476,1052,0
4489,1098,0
4499,1136,0
4518,1157,0
4534,1159,0
4541,1153,1
4666,1102,0
4673,1108,0
4677,1108,0
4674,1101,0
4683,1100,1
4992,687,0
4999,687,0
5011,692,0
5011,717,0
5013,762,0
5018,834,0
5019,917,0
5035,997,0
5053,1047,0
5069,1065,0
5073,1050,0
5073,1013,0
5064,959,1
4801,688,0
4805,689,0
4806,687,0
4818,685,0
4823,682,0
4843,678,0
4871,679,0
4920,678,0
4973,674,0
5022,670,0
5062,668,0
5095,668,0
5131,671,1
5178,682,0
5180,694,0
5187,709,0
5187,729,0
5180,752,0
5180,781,0
5180,813,0
5189,852,0
5201,898,0
5213,944,0
5234,984,0
5250,1008,0
5265,1012,0
5272,998,0
5281,969,0
5289,931,0
5299,897,0
5314,883,0
5323,880,0
5332,890,0
5342,907,0
5352,939,0
5361,981,0
5372,1030,0
5384,1070,0
5400,1094,0
5414,1100,0
5429,1090,0
5449,1071,0
5471,1045,0
5489,1018,0
5506,991,0
5514,964,0
5514,943,0
5506,924,0
5496,907,0
5482,894,0
5465,895,0
5455,912,0
5449,944,0
5457,989,0
5468,1037,0
5493,1076,0
5525,1098,0
5566,1102,0
5595,1093,0
5624,1078,0
5651,1060,0
5675,1042,1
5832,734,0
5841,720,0
5847,709,0
5848,701,0
5844,694,0
5844,700,0
5839,713,0
5839,745,0
5844,798,0
5851,869,0
5853,951,0
5858,1022,0
5858,1067,0
5870,1085,0
5881,1090,0
5892,1097,0
5901,1093,1
5738,890,0
5754,894,0
5768,902,0
5781,900,0
5806,897,0
5824,880,0
5851,866,0
5877,851,0
5898,849,1
6059,931,0
6063,930,0
6064,924,0
6050,912,0
6035,900,0
6008,891,0
5984,890,0
5962,900,0
5947,924,0
5942,960,0
5940,994,0
5967,1024,0
5987,1044,0
6015,1051,0
6042,1037,0
6062,1014,0
6075,983,0
6071,957,0
6066,936,0
6057,920,0
6035,904,1
6163,726,0
6167,725,0
6167,727,0
6165,738,0
6159,762,0
6157,805,0
6158,860,0
6169,931,0
6171,993,0
6176,1037,0
6180,1061,0
6182,1071,0
6182,1072,1
6091,906,0
6097,914,0
6101,917,0
6110,914,0
6123,907,0
6148,902,0
6173,902,0
6196,908,0
6216,911,1
6336,926,0
6346,932,0
6343,931,0
6343,926,0
6340,919,0
6329,912,0
6309,912,0
6292,920,0
6278,936,0
6269,961,0
6264,991,0
6267,1025,0
6283,1049,0
6301,1068,0
6320,1073,0
6345,1066,0
6363,1039,0
6376,1004,0
6372,974,0
6367,955,0
6369,946,0
6365,945,0
6371,960,0
6377,996,0
6391,1036,0
6407,1059,0
6429,1076,0
6440,1078,0
6462,1073,1
6488,694,0
6491,699,0
6496,697,0
6502,708,0
6501,723,0
6502,758,0
6509,798,0
6522,864,0
6534,942,0
6553,1030,0
6568,1097,0
6580,1120,0
6586,1131,1