turing or basic industry. These
681
463,3752,0
456,3763,0
453,3778,0
451,3790,0
446,3810,0
441,3846,0
436,3889,0
431,3937,0
428,3994,0
428,4051,0
434,4092,0
446,4122,0
460,4137,0
480,4143,0
500,4143,0
521,4142,0
540,4136,1
382,3892,0
382,3892,0
390,3885,0
408,3881,0
434,3877,0
462,3874,0
490,3865,0
521,3854,0
550,3847,1
627,3889,0
625,3893,0
625,3901,0
623,3929,0
621,3961,0
624,3998,0
629,4034,0
639,4063,0
651,4077,0
665,4078,0
680,4072,0
697,4054,0
716,4020,0
735,3973,0
750,3935,0
762,3907,0
769,3888,0
770,3880,0
770,3880,0
770,3888,0
772,3908,0
772,3944,0
773,3988,0
775,4029,0
781,4065,0
791,4090,0
803,4099,0
811,4096,0
819,4080,1
859,3906,0
861,3918,0
865,3946,0
866,3971,0
867,3999,0
869,4027,0
871,4047,0
873,4056,0
873,4051,0
874,4051,0
875,4027,0
881,3995,0
890,3956,0
904,3924,0
920,3885,0
938,3862,0
957,3843,0
979,3835,0
999,3836,0
1018,3844,0
1032,3865,1
1081,3833,0
1081,3836,0
1081,3841,0
1079,3856,0
1079,3884,0
1081,3921,0
1083,3960,0
1083,4000,0
1084,4032,0
1088,4048,0
1089,4044,0
1094,4032,0
1096,4005,1
1099,3773,0
1096,3764,0
1096,3764,0
1098,3765,1
1172,3867,0
1172,3872,0
1175,3875,0
1176,3895,0
1177,3923,0
1178,3959,0
1179,3995,0
1179,4027,0
1181,4047,0
1183,4051,0
1187,4051,0
1194,4034,0
1204,4007,0
1214,3966,0
1229,3930,0
1247,3892,0
1266,3855,0
1292,3834,0
1314,3817,0
1334,3812,0
1351,3819,0
1362,3838,0
1370,3877,0
1372,3917,0
1371,3962,0
1371,4005,0
1375,4033,0
1381,4053,0
1385,4048,1
1541,3933,0
1542,3928,0
1541,3920,0
1537,3904,0
1528,3885,0
1516,3870,0
1499,3860,0
1479,3859,0
1456,3865,0
1435,3888,0
1420,3913,0
1417,3937,0
1420,3965,0
1430,3984,0
1452,3998,0
1476,4000,0
1501,3981,0
1526,3962,0
1546,3936,0
1558,3910,0
1566,3893,0
1565,3877,0
1563,3873,0
1559,3870,0
1559,3874,0
1561,3889,0
1561,3914,0
1567,3950,0
1575,3992,0
1581,4036,0
1590,4091,0
1590,4144,0
1587,4192,0
1578,4234,0
1565,4260,0
1553,4278,0
1538,4283,0
1522,4280,0
1500,4271,0
1475,4254,0
1452,4236,1
2053,3821,0
2041,3812,0
2027,3803,0
2010,3800,0
1981,3794,0
1957,3808,0
1932,3831,0
1906,3861,0
1886,3894,0
1883,3932,0
1889,3959,0
1907,3980,0
1932,3991,0
1961,3993,0
1988,3982,0
2014,3963,0
2037,3936,0
2052,3909,0
2055,3879,0
2046,3853,0
2031,3831,0
2012,3815,0
1998,3807,0
1995,3807,0
1999,3810,1
2167,3839,0
2169,3867,0
2176,3899,0
2183,3926,0
2186,3950,0
2188,3966,0
2190,3974,0
2189,3969,0
2192,3969,0
2189,3954,0
2190,3932,0
2188,3899,0
2194,3872,0
2200,3841,0
2210,3814,0
2231,3790,0
2258,3761,0
2292,3744,0
2326,3737,0
2355,3744,0
2377,3761,1
2536,3687,0
2537,3691,0
2536,3688,0
2543,3706,0
2543,3723,0
2548,3756,0
2548,3794,0
2550,3841,0
2548,3881,0
2554,3925,0
2554,3947,0
2560,3962,0
2565,3968,0
2562,3962,0
2562,3953,0
2560,3928,0
2558,3894,0
2564,3862,0
2570,3833,0
2579,3808,0
2592,3790,0
2610,3778,0
2630,3769,0
2651,3773,0
2673,3789,0
2692,3816,0
2704,3851,0
2704,3885,0
2700,3918,0
2692,3947,0
2675,3962,0
2657,3971,0
2632,3963,0
2615,3962,0
2591,3945,0
2570,3936,0
2556,3933,1
2889,3790,0
2877,3778,0
2862,3767,0
2844,3763,0
2820,3766,0
2799,3785,0
2777,3812,0
2760,3843,0
2755,3880,0
2759,3909,0
2772,3929,0
2789,3935,0
2811,3933,0
2831,3916,0
2856,3895,0
2876,3863,0
2886,3822,0
2898,3799,0
2900,3776,0
2904,3769,0
2900,3766,0
2904,3773,0
2905,3791,0
2905,3822,0
2906,3866,0
2905,3906,0
2915,3950,0
2923,3978,0
2935,3994,1
3149,3759,0
3146,3752,0
3136,3739,0
3121,3729,0
3097,3725,0
3064,3725,0
3032,3737,0
3005,3757,0
2987,3780,0
2981,3801,0
2989,3824,0
3006,3846,0
3033,3865,0
3069,3881,0
3105,3894,0
3138,3907,0
3163,3921,0
3172,3930,0
3173,3939,0
3157,3947,0
3138,3958,0
3112,3962,0
3083,3960,0
3057,3959,0
3035,3958,0
3016,3950,0
3001,3940,0
2997,3932,0
3003,3921,1
3243,3754,0
3240,3761,0
3238,3781,0
3235,3811,0
3237,3846,0
3237,3879,0
3240,3909,0
3245,3934,0
3253,3949,1
3259,3651,0
3258,3647,0
3261,3645,0
3267,3651,0
3269,3654,1
3467,3783,0
3455,3777,0
3436,3766,0
3419,3768,0
3392,3771,0
3369,3785,0
3346,3804,0
3322,3829,0
3317,3870,0
3313,3899,0
3320,3923,0
3339,3945,0
3373,3962,0
3411,3966,0
3452,3959,0
3492,3949,0
3527,3931,1
3798,3770,0
3798,3771,0
3795,3767,0
3796,3772,0
3798,3790,0
3799,3814,0
3804,3851,0
3807,3889,0
3807,3918,0
3808,3941,0
3817,3955,0
3821,3957,0
3829,3952,1
3823,3629,0
3817,3624,0
3821,3626,0
3821,3626,0
3824,3634,1
3883,3766,0
3882,3766,0
3884,3771,0
3885,3789,0
3886,3814,0
3892,3850,0
3894,3878,0
3899,3904,0
3904,3921,0
3911,3926,0
3915,3922,0
3923,3906,0
3935,3872,0
3949,3836,0
3965,3798,0
3983,3768,0
4000,3743,0
4022,3732,0
4038,3723,0
4054,3725,0
4068,3739,0
4079,3766,0
4082,3801,0
4079,3840,0
4077,3877,0
4077,3903,0
4083,3923,0
4096,3929,0
4104,3913,1
4285,3822,0
4284,3813,0
4286,3800,0
4279,3780,0
4270,3766,0
4254,3759,0
4229,3754,0
4198,3760,0
4169,3780,0
4145,3801,0
4141,3834,0
4137,3860,0
4151,3889,0
4164,3905,0
4186,3916,0
4208,3914,0
4231,3896,0
4259,3866,0
4283,3824,0
4301,3776,0
4315,3731,0
4324,3691,0
4326,3656,0
4324,3630,0
4325,3618,0
4328,3621,0
4326,3623,0
4330,3647,0
4330,3685,0
4331,3728,0
4340,3784,0
4343,3834,0
4349,3878,0
4359,3912,0
4367,3931,0
4377,3934,0
4382,3918,1
4417,3730,0
4413,3728,0
4413,3734,0
4412,3761,0
4413,3793,0
4414,3824,0
4426,3858,0
4437,3879,0
4454,3887,0
4470,3882,0
4494,3866,0
4515,3835,0
4535,3800,0
4550,3764,0
4567,3735,0
4575,3717,0
4579,3713,0
4581,3717,0
4576,3722,0
4579,3751,0
4578,3786,0
4581,3827,0
4581,3867,0
4589,3902,0
4597,3923,1
4834,3710,0
4840,3702,0
4838,3687,0
4835,3679,0
4818,3673,0
4788,3671,0
4755,3681,0
4724,3702,0
4698,3724,0
4678,3744,0
4676,3769,0
4685,3788,0
4709,3810,0
4741,3829,0
4773,3847,0
4802,3863,0
4829,3882,0
4846,3899,0
4850,3912,0
4842,3919,0
4825,3925,0
4801,3926,0
4775,3925,0
4748,3916,0
4724,3906,1
4959,3572,0
4963,3580,0
4961,3600,0
4961,3630,0
4958,3669,0
4958,3717,0
4964,3769,0
4963,3817,0
4968,3859,0
4969,3886,0
4974,3898,0
4983,3900,0
4986,3886,1
4898,3746,0
4899,3745,0
4912,3743,0
4934,3742,0
4966,3743,0
5000,3742,0
5033,3742,0
5063,3744,0
5093,3752,1
5160,3737,0
5161,3747,0
5166,3767,0
5164,3798,0
5166,3833,0
5173,3872,0
5171,3899,0
5173,3920,0
5174,3925,0
5175,3924,0
5178,3909,0
5175,3877,0
5172,3839,0
5168,3800,0
5168,3765,0
5171,3736,0
5178,3711,0
5189,3691,0
5212,3677,0
5239,3670,0
5267,3672,0
5294,3684,0
5320,3703,0
5342,3727,0
5356,3747,1
5366,3716,0
5365,3718,0
5364,3718,0
5377,3735,0
5395,3757,0
5419,3785,0
5438,3806,0
5467,3834,0
5484,3851,0
5499,3863,0
5513,3865,0
5528,3860,0
5535,3844,1
5571,3743,0
5564,3740,0
5566,3744,0
5559,3759,0
5550,3783,0
5537,3817,0
5520,3856,0
5498,3901,0
5477,3951,0
5458,3991,0
5454,4026,0
5458,4046,0
5462,4047,1
5598,3856,0
5602,3858,0
5599,3855,0
5607,3859,0
5600,3855,0
5600,3854,0
5598,3851,0
5598,3851,0
5597,3852,1
5935,3591,0
5936,3596,0
5938,3602,0
5936,3610,0
5934,3628,0
5940,3653,0
5940,3681,0
5933,3711,0
5938,3751,0
5933,3784,0
5936,3821,0
5943,3853,0
5945,3876,0
5951,3894,0
5951,3901,0
5950,3896,0
5949,3883,1
5773,3523,0
5774,3522,0
5795,3526,0
5822,3522,0
5859,3519,0
5909,3510,0
5961,3505,0
6017,3501,0
6056,3501,0
6087,3504,0
6110,3513,0
6126,3518,0
6135,3526,1
6065,3545,0
6059,3554,0
6068,3581,0
6061,3612,0
6064,3658,0
6066,3704,0
6066,3752,0
6068,3791,0
6066,3819,0
6074,3836,0
6077,3839,0
6082,3832,0
6086,3814,0
6094,3789,0
6096,3759,0
6104,3733,0
6118,3714,0
6128,3699,0
6143,3691,0
6157,3691,0
6173,3697,0
6182,3712,0
6194,3739,0
6201,3777,0
6198,3815,0
6195,3853,0
6203,3883,0
6213,3905,0
6218,3911,1
6261,3803,0
6264,3806,0
6272,3807,0
6291,3801,0
6320,3788,0
6349,3767,0
6375,3743,0
6392,3717,0
6401,3690,0
6405,3669,0
6406,3653,0
6393,3643,0
6374,3643,0
6344,3659,0
6314,3689,0
6287,3723,0
6271,3761,0
6268,3799,0
6276,3830,0
6293,3855,0
6319,3872,0
6350,3878,0
6386,3875,0
6423,3865,0
6453,3848,1
6582,3683,0
6573,3682,0
6556,3677,0
6536,3680,0
6514,3684,0
6488,3694,0
6475,3708,0
6461,3722,0
6461,3742,0
6469,3760,0
6487,3776,0
6512,3796,0
6543,3815,0
6568,3835,0
6584,3855,0
6589,3868,0
6596,3887,0
6588,3899,0
6575,3910,0
6553,3913,0
6537,3917,0
6510,3914,0
6485,3909,0
6466,3900,0
6454,3890,1
6659,3813,0
6659,3813,0
6669,3812,0
6685,3803,0
6705,3788,0
6725,3770,0
6747,3751,0
6769,3730,0
6774,3707,0
6782,3695,0
6776,3682,0
6765,3677,0
6740,3679,0
6710,3697,0
6685,3721,0
6666,3752,0
6657,3781,0
6663,3815,0
6684,3841,0
6718,3862,0
6757,3875,1