may be thought to indicate a lack
637
629,5501,0
629,5521,0
629,5530,0
629,5533,0
632,5530,0
627,5525,0
627,5513,0
627,5494,0
626,5469,0
624,5429,0
627,5385,0
629,5341,0
634,5305,0
642,5290,0
644,5286,0
650,5306,0
654,5343,0
656,5395,0
658,5448,0
663,5488,0
665,5504,0
670,5496,0
676,5489,0
681,5462,0
689,5430,0
690,5406,0
696,5390,0
704,5407,0
711,5431,0
730,5453,0
749,5466,0
772,5464,0
796,5457,0
821,5438,0
836,5419,0
849,5400,0
851,5383,0
857,5372,0
856,5368,0
851,5371,0
836,5386,0
824,5418,0
812,5457,0
803,5494,0
798,5525,0
801,5529,0
808,5530,0
815,5518,0
828,5494,0
835,5459,0
842,5439,0
845,5431,0
846,5431,0
849,5447,0
850,5471,0
861,5484,0
875,5489,0
896,5477,0
925,5458,0
955,5427,0
977,5395,0
993,5364,0
1003,5352,0
1006,5360,0
1017,5372,0
1030,5405,0
1180,5400,0
1201,5371,0
1213,5354,0
1219,5334,0
1221,5330,0
1219,5327,0
1212,5327,0
1202,5347,0
1189,5383,0
1166,5448,0
1131,5540,0
1025,5752,0
984,5836,0
959,5895,0
950,5915,0
950,5915,0
953,5906,0
960,5887,0
970,5868,0
984,5844,0
991,5828,1
1578,5043,0
1570,5059,0
1567,5076,0
1567,5096,0
1566,5129,0
1560,5190,0
1544,5255,0
1541,5315,0
1537,5344,0
1534,5360,0
1539,5360,0
1537,5352,0
1541,5339,0
1550,5331,0
1559,5318,0
1571,5313,0
1580,5308,0
1594,5315,0
1605,5330,0
1614,5344,0
1615,5356,0
1614,5368,0
1607,5382,0
1594,5387,0
1583,5395,0
1572,5397,0
1567,5402,0
1567,5402,0
1568,5401,0
1578,5401,0
1591,5403,0
1609,5409,0
1628,5412,0
1656,5413,0
1681,5406,0
1705,5395,0
1724,5380,0
1736,5363,0
1739,5342,0
1737,5327,0
1733,5323,0
1725,5328,0
1712,5342,0
1701,5371,0
1696,5412,0
1700,5436,0
1716,5450,0
1739,5455,0
1764,5456,0
1777,5442,0
1789,5429,0
1795,5404,0
1817,5380,1
2067,5079,0
2065,5075,0
2065,5079,0
2066,5082,0
2070,5093,0
2075,5125,0
2067,5176,0
2061,5230,0
2057,5288,0
2055,5337,0
2050,5378,0
2048,5412,0
2045,5433,0
2042,5429,0
2038,5421,0
2027,5400,0
2019,5368,0
2010,5337,0
1996,5303,0
1993,5300,0
1998,5298,0
1998,5298,0
2003,5326,0
2018,5344,0
2038,5364,0
2055,5370,0
2071,5363,0
2087,5347,0
2096,5320,0
2111,5302,0
2116,5260,0
2123,5218,0
2130,5180,0
2134,5154,0
2135,5149,0
2137,5153,0
2137,5158,0
2137,5182,0
2137,5223,0
2140,5272,0
2149,5327,0
2165,5364,0
2187,5384,0
2215,5398,0
2242,5392,0
2273,5381,0
2308,5361,0
2335,5334,0
2362,5311,0
2373,5296,0
2378,5295,0
2374,5295,0
2362,5311,0
2340,5337,0
2328,5385,0
2323,5428,0
2329,5471,0
2342,5480,0
2360,5488,0
2372,5473,0
2381,5446,0
2386,5412,0
2389,5378,0
2385,5354,0
2382,5351,0
2383,5355,0
2383,5355,0
2393,5369,0
2408,5382,0
2428,5389,0
2448,5388,0
2466,5379,0
2483,5362,0
2493,5342,0
2500,5337,0
2500,5337,0
2499,5345,0
2499,5374,0
2497,5407,0
2508,5434,0
2515,5441,0
2523,5443,0
2531,5432,0
2543,5416,0
2557,5395,0
2583,5371,0
2603,5357,0
2627,5354,0
2639,5359,0
2645,5366,0
2647,5369,0
2647,5370,0
2645,5361,0
2649,5343,0
2647,5327,0
2647,5323,0
2642,5325,0
2640,5334,0
2637,5372,0
2329,5512,0
2345,5570,0
2359,5624,0
2364,5664,0
2359,5678,0
2352,5680,0
2667,5601,0
2655,5600,0
2645,5590,0
2639,5584,0
2634,5565,0
2637,5539,0
2675,5378,0
2709,5274,0
2758,5187,0
2796,5140,0
2815,5120,0
2823,5135,0
2815,5163,0
2798,5233,0
2787,5308,0
2778,5391,0
2784,5453,0
2794,5482,0
2808,5491,0
2831,5484,0
2859,5465,0
2891,5438,0
2914,5421,0
2931,5411,0
2948,5405,0
2959,5397,0
2970,5380,0
2994,5337,0
3012,5266,0
3040,5209,0
3062,5157,0
3070,5093,0
3076,5065,0
3076,5061,0
3073,5079,0
3055,5117,0
3047,5171,0
3015,5300,0
3004,5380,0
3004,5444,0
3008,5477,0
3010,5484,0
3010,5484,0
3011,5476,0
2999,5450,0
2997,5408,0
2980,5364,0
2970,5337,0
2953,5322,0
2950,5324,0
2953,5323,0
2951,5323,0
2975,5336,0
2996,5345,0
3016,5363,0
3037,5364,0
3053,5362,0
3061,5363,0
3059,5360,0
3052,5367,0
3030,5371,0
3010,5378,1
3381,5146,0
3379,5146,0
3377,5149,0
3375,5162,0
3376,5206,0
3380,5261,0
3380,5318,0
3379,5380,0
3376,5429,0
3382,5470,0
3374,5491,0
3378,5494,0
3374,5491,0
3364,5478,0
3354,5443,0
3341,5405,0
3339,5385,0
3340,5379,0
3340,5379,0
3343,5382,0
3360,5392,0
3383,5400,0
3416,5407,0
3448,5406,0
3479,5400,0
3502,5394,0
3506,5383,0
3503,5385,0
3506,5379,0
3495,5376,0
3484,5377,0
3471,5395,0
3465,5433,0
3469,5470,0
3479,5501,0
3493,5526,0
3518,5541,0
3532,5540,0
3549,5531,0
3561,5512,0
3561,5482,0
3559,5447,0
3549,5421,0
3539,5407,0
3531,5407,0
3527,5409,0
3526,5414,0
3525,5424,0
3542,5433,1
3884,5400,0
3885,5404,0
3888,5417,0
3881,5456,0
3880,5506,0
3885,5554,0
3887,5584,0
3888,5598,0
3892,5599,1
3888,5220,0
3886,5208,0
3875,5200,0
3864,5197,0
3853,5203,0
3847,5220,0
3841,5241,0
3852,5263,0
3865,5297,1
3933,5496,0
3941,5533,0
3952,5545,0
3951,5554,0
3951,5550,0
3953,5545,0
3957,5525,0
3959,5491,0
3974,5465,0
3981,5452,0
3991,5442,0
3998,5448,0
4017,5460,0
4040,5484,0
4062,5508,0
4092,5524,0
4121,5535,0
4147,5533,0
4167,5522,0
4185,5507,0
4200,5484,0
4203,5463,0
4205,5458,0
4198,5462,0
4186,5483,0
4176,5530,0
4163,5580,0
4166,5634,0
4167,5674,0
4177,5696,0
4191,5702,0
4205,5689,0
4222,5661,0
4223,5619,0
4229,5560,0
4234,5487,0
4229,5425,0
4229,5370,0
4225,5334,0
4226,5319,0
4224,5321,0
4221,5332,0
4220,5384,0
4217,5447,0
4248,5581,0
4269,5625,0
4290,5650,0
4304,5665,0
4324,5667,0
4340,5661,0
4360,5640,1
4421,5281,0
4420,5277,0
4420,5277,0
4415,5276,0
4405,5277,0
4409,5280,0
4406,5282,0
4409,5294,0
4418,5302,1
4550,5551,0
4558,5550,0
4558,5549,0
4555,5547,0
4538,5530,0
4514,5531,0
4499,5535,0
4483,5556,0
4474,5584,0
4474,5608,0
4477,5635,0
4494,5652,0
4510,5665,0
4533,5665,0
4567,5658,0
4596,5630,0
4621,5614,0
4653,5589,0
4669,5573,0
4690,5549,0
4693,5547,0
4690,5545,0
4681,5552,0
4661,5574,0
4633,5616,0
4619,5658,0
4608,5699,0
4605,5725,0
4619,5735,0
4635,5729,0
4654,5716,0
4667,5689,0
4694,5643,0
4703,5608,0
4706,5597,0
4707,5596,0
4701,5609,0
4698,5640,0
4694,5681,0
4707,5706,0
4717,5719,0
4732,5718,0
4755,5708,0
4784,5675,0
4796,5636,0
4818,5588,0
4829,5532,0
4843,5482,0
4851,5448,0
4854,5420,0
4860,5412,0
4862,5416,0
4856,5430,0
4854,5470,0
4854,5520,0
4851,5585,0
4858,5653,0
4862,5708,0
4869,5742,0
4877,5757,0
4879,5760,0
4877,5757,0
4870,5741,0
4858,5706,0
4845,5681,0
4828,5669,0
4825,5670,0
4828,5674,0
4847,5675,0
4873,5686,0
4908,5701,0
4941,5707,0
4977,5706,0
5009,5694,0
5030,5679,0
5043,5650,0
5040,5627,0
5032,5603,0
5012,5588,0
4992,5583,0
4976,5600,0
4959,5641,0
4958,5691,0
4968,5742,0
4994,5793,0
5028,5818,0
5072,5831,0
5115,5824,0
5191,5785,0
5194,5788,0
5188,5786,0
5190,5790,0
5187,5788,0
5187,5787,1
5566,5687,0
5566,5687,0
5569,5690,0
5569,5690,0
5570,5689,0
5558,5678,0
5549,5655,0
5523,5619,0
5515,5605,0
5504,5613,0
5487,5643,0
5481,5679,0
5487,5709,0
5492,5731,0
5496,5748,0
5500,5750,0
5509,5748,0
5515,5738,0
5531,5705,0
5547,5666,0
5554,5630,0
5561,5614,0
5565,5616,0
5566,5631,0
5569,5668,0
5570,5704,0
5584,5740,0
5593,5768,0
5607,5788,0
5619,5798,1
5977,5348,0
5978,5347,0
5978,5353,0
5965,5364,0
5959,5403,0
5952,5460,0
5946,5519,0
5945,5578,0
5947,5641,0
5959,5694,0
5977,5733,0
6010,5756,0
6050,5764,0
6090,5759,0
6133,5743,0
6174,5723,0
6194,5709,0
6204,5705,0
6201,5703,0
6194,5704,0
6171,5720,0
6150,5743,0
6130,5772,0
6118,5811,0
6109,5839,0
6109,5856,0
6116,5865,0
6130,5864,0
6144,5851,0
6162,5830,0
6179,5804,0
6184,5778,0
6188,5769,0
6187,5770,0
6194,5807,0
6211,5834,0
6224,5844,0
6247,5851,0
6271,5844,0
6300,5834,0
6329,5814,0
6352,5792,0
6365,5767,0
6377,5751,0
6377,5745,0
6377,5752,0
6367,5771,0
6353,5806,0
6344,5848,0
6353,5899,0
6365,5899,0
6389,5882,0
6408,5854,0
6440,5807,0
6470,5746,0
6486,5684,0
6514,5630,0
6530,5574,0
6537,5543,0
6543,5532,0
6539,5542,0
6527,5566,0
6517,5622,0
6562,5868,0
6587,5861,0
6615,5844,0
6647,5817,0
6668,5787,0
6686,5774,0
6695,5776,0
6713,5798,0
6726,5825,0
6741,5849,0
6758,5860,0
6770,5859,0
6782,5847,0
6790,5827,0
6809,5798,0
6813,5759,1