20. The aim of after-care is
451
649,3202,0
644,3202,0
644,3202,0
646,3198,0
656,3191,0
671,3185,0
691,3184,0
712,3187,0
735,3197,0
752,3211,0
760,3236,0
755,3276,0
736,3322,0
713,3375,0
690,3429,0
675,3476,0
671,3512,0
681,3533,0
706,3548,0
742,3560,0
783,3556,1
1039,3288,0
1032,3276,0
1017,3268,0
938,3290,0
916,3313,0
898,3340,0
889,3370,0
895,3407,0
911,3436,0
936,3450,0
964,3443,0
996,3428,0
1023,3396,0
1047,3349,0
1063,3293,0
1068,3233,0
1003,3196,0
974,3219,0
953,3250,0
942,3274,1
1154,3404,0
1153,3407,0
1151,3408,0
1151,3408,0
1151,3408,1
1442,3171,0
1442,3179,0
1443,3195,0
1442,3215,0
1440,3244,0
1438,3280,0
1435,3325,0
1434,3368,0
1435,3409,0
1435,3441,0
1435,3462,0
1436,3474,0
1438,3477,1
1340,3177,0
1339,3177,0
1348,3181,0
1367,3175,0
1394,3172,0
1426,3165,0
1459,3160,0
1494,3160,0
1522,3156,1
1648,3106,0
1651,3113,0
1649,3118,0
1557,3385,0
1544,3416,0
1538,3433,0
1539,3436,0
1540,3432,0
1554,3426,0
1579,3395,0
1719,3296,0
1731,3310,0
1736,3334,0
1733,3358,0
1727,3380,0
1722,3409,0
1714,3428,0
1713,3440,0
1715,3439,0
1725,3433,1
1768,3428,0
1788,3433,0
1817,3431,0
1848,3415,0
1883,3395,0
1913,3358,0
1940,3325,0
1952,3297,0
1954,3280,0
1944,3274,0
1918,3278,0
1887,3307,0
1852,3339,0
1823,3384,0
1801,3421,0
1795,3452,0
1805,3469,0
1831,3484,0
1871,3483,0
1915,3469,0
1957,3453,1
2301,3341,0
2289,3333,0
2277,3334,0
2259,3337,0
2233,3346,0
2208,3372,0
2183,3401,0
2162,3434,0
2148,3463,0
2143,3474,0
2151,3480,0
2167,3478,0
2192,3462,0
2226,3433,0
2259,3392,0
2293,3354,0
2321,3321,0
2338,3297,0
2346,3293,0
2342,3291,0
2331,3304,0
2311,3334,0
2289,3363,0
2275,3399,0
2264,3432,0
2263,3467,0
2265,3487,0
2268,3498,0
2273,3501,1
2394,3322,0
2395,3329,0
2384,3339,0
2374,3365,0
2364,3398,0
2355,3428,0
2351,3460,0
2350,3481,0
2351,3485,1
2430,3140,0
2432,3144,0
2432,3139,0
2437,3142,0
2440,3144,1
2499,3355,0
2497,3369,0
2487,3391,0
2475,3414,0
2466,3444,0
2451,3462,0
2441,3480,0
2431,3484,0
2429,3485,0
2432,3484,0
2437,3472,0
2456,3452,0
2482,3415,0
2513,3384,0
2542,3362,0
2569,3354,0
2581,3348,0
2589,3353,0
2589,3362,0
2581,3383,0
2567,3399,0
2549,3416,0
2531,3428,0
2525,3444,0
2524,3445,0
2535,3448,0
2560,3437,0
2593,3404,0
2634,3375,0
2676,3359,0
2702,3346,0
2715,3344,0
2723,3354,0
2720,3365,0
2706,3389,0
2687,3416,0
2668,3435,0
2657,3453,0
2648,3462,0
2639,3457,0
2640,3453,1
3097,3347,0
3094,3344,0
3083,3337,0
3065,3338,0
3036,3347,0
3001,3368,0
2966,3399,0
2939,3433,0
2929,3470,0
2931,3492,0
2950,3500,0
2982,3491,0
3017,3465,0
3055,3438,0
3083,3402,0
3105,3374,0
3110,3339,0
3110,3314,0
3097,3295,0
3078,3292,0
3057,3301,0
3037,3327,0
3029,3356,0
3033,3373,0
3045,3375,1
3373,3094,0
3365,3095,0
3348,3098,0
3327,3119,0
3296,3157,0
3262,3216,0
3234,3285,0
3217,3364,0
3197,3429,0
3191,3491,0
3184,3533,0
3187,3563,0
3193,3579,1
3218,3301,0
3210,3296,0
3214,3298,0
3216,3298,0
3224,3296,0
3249,3298,0
3279,3297,0
3308,3296,0
3337,3291,1
3754,3298,0
3726,3316,0
3692,3344,0
3661,3380,0
3638,3419,0
3631,3455,0
3633,3474,0
3648,3478,0
3676,3471,0
3703,3443,0
3733,3409,0
3755,3370,0
3775,3338,0
3781,3313,0
3776,3305,0
3773,3308,0
3758,3327,0
3742,3361,0
3727,3399,0
3718,3431,0
3715,3455,1
3984,3136,0
3986,3130,0
3982,3122,0
3975,3118,0
3959,3121,0
3933,3142,0
3901,3182,0
3872,3236,0
3842,3306,0
3817,3375,0
3802,3446,0
3795,3508,0
3790,3554,1
3817,3238,0
3815,3240,0
3815,3240,0
3826,3261,0
3844,3283,1
4083,3117,0
4070,3141,0
4048,3181,0
4025,3236,0
3994,3287,0
3968,3339,0
3942,3388,0
3927,3429,0
3916,3455,1
3973,3242,0
3972,3243,0
3975,3240,0
3983,3243,0
3993,3244,0
4015,3251,0
4030,3254,0
4051,3261,0
4077,3263,1
4043,3422,0
4058,3430,0
4085,3433,0
4113,3423,0
4142,3407,0
4167,3378,0
4196,3349,0
4203,3314,0
4205,3300,0
4193,3291,0
4174,3293,0
4148,3311,0
4123,3342,0
4104,3376,0
4100,3413,0
4103,3437,0
4120,3454,0
4144,3465,0
4176,3467,0
4204,3457,0
4238,3442,1
4322,3318,0
4308,3321,0
4296,3329,0
4280,3344,0
4266,3376,0
4246,3406,0
4239,3436,0
4233,3452,0
4232,3453,0
4242,3450,0
4270,3433,0
4304,3395,0
4340,3346,0
4377,3313,0
4411,3307,0
4430,3309,0
4441,3321,1
4414,3396,0
4414,3396,0
4423,3398,0
4437,3402,0
4457,3404,0
4482,3406,0
4512,3404,0
4544,3399,0
4577,3393,1
4769,3315,0
4763,3315,0
4748,3320,0
4726,3334,0
4701,3362,0
4678,3395,0
4658,3428,0
4649,3457,0
4652,3477,0
4668,3489,0
4699,3490,0
4731,3479,0
4777,3465,1
4929,3329,0
4911,3332,0
4895,3339,0
4878,3354,0
4853,3370,0
4830,3397,0
4819,3428,0
4809,3452,0
4808,3465,0
4816,3468,0
4835,3465,0
4852,3445,0
4879,3420,0
4903,3387,0
4922,3356,0
4929,3334,0
4927,3331,0
4926,3332,0
4915,3340,0
4903,3366,0
4891,3399,0
4882,3423,0
4885,3437,0
4888,3439,0
4900,3432,1
5016,3305,0
5013,3309,0
5006,3336,0
4993,3371,0
4976,3404,0
4965,3430,0
4957,3445,0
4955,3448,0
4956,3447,0
4963,3445,0
4977,3433,0
4994,3407,0
5021,3387,0
5041,3363,0
5072,3344,0
5100,3328,0
5122,3325,1
5113,3445,0
5119,3450,0
5143,3459,0
5166,3455,0
5199,3440,0
5233,3417,0
5269,3384,0
5298,3345,0
5319,3311,0
5320,3288,0
5308,3284,0
5277,3293,0
5239,3317,0
5212,3354,0
5202,3385,0
5211,3399,0
5248,3410,1
5620,3281,0
5618,3284,0
5620,3287,0
5615,3295,0
5609,3332,0
5596,3372,0
5590,3413,0
5584,3449,0
5576,3474,1
5648,3117,0
5649,3114,0
5643,3108,0
5647,3110,0
5648,3110,1
5887,3305,0
5884,3303,0
5871,3293,0
5847,3288,0
5820,3300,0
5781,3321,0
5757,3343,0
5740,3361,0
5745,3375,0
5753,3383,0
5778,3390,0
5790,3395,0
5805,3401,0
5800,3402,0
5793,3411,0
5761,3429,0
5726,3450,0
5680,3460,0
5643,3478,0
5609,3491,0
5583,3498,1