but one of which carry out their
573
632,5714,0
630,5750,0
627,5798,0
634,5855,0
657,5904,0
670,5938,0
675,5962,0
675,5970,0
678,5974,1
605,5880,0
600,5876,0
602,5865,0
610,5853,0
626,5838,0
647,5828,0
668,5822,0
689,5819,0
704,5828,0
714,5844,0
721,5861,0
720,5881,0
715,5904,0
708,5924,0
692,5951,0
670,5970,0
646,5988,0
619,5991,0
598,5976,0
588,5955,0
591,5919,1
776,5792,0
778,5816,0
775,5840,0
773,5868,0
777,5892,0
782,5905,0
786,5909,0
790,5909,0
796,5897,0
795,5877,0
819,5854,0
847,5832,0
862,5808,0
889,5817,0
893,5829,0
896,5889,0
910,5902,0
924,5910,0
943,5906,0
960,5895,0
983,5871,0
1003,5840,0
1028,5808,1
1100,5700,0
1102,5781,0
1105,5816,0
1112,5840,0
1114,5852,0
1115,5852,0
1115,5844,1
1025,5748,0
1030,5748,0
1051,5740,0
1134,5708,0
1155,5699,1
1469,5651,0
1460,5656,0
1445,5660,0
1433,5669,0
1422,5689,0
1419,5718,0
1422,5750,0
1438,5773,0
1457,5788,0
1474,5786,0
1491,5777,0
1506,5759,0
1517,5735,0
1521,5715,0
1518,5691,0
1511,5675,0
1503,5668,0
1496,5669,0
1486,5670,0
1476,5678,0
1471,5690,0
1469,5691,0
1471,5690,0
1479,5686,0
1495,5680,0
1513,5668,0
1534,5653,0
1556,5635,0
1576,5626,0
1594,5624,0
1606,5627,0
1615,5642,0
1619,5662,0
1619,5686,0
1618,5734,0
1617,5735,0
1621,5734,0
1625,5730,0
1644,5691,0
1654,5667,0
1664,5653,0
1680,5652,0
1684,5660,0
1689,5678,0
1692,5706,0
1690,5731,0
1703,5745,0
1710,5745,0
1726,5739,0
1737,5725,1
1791,5682,0
1797,5677,0
1805,5672,0
1813,5668,0
1818,5658,0
1821,5651,0
1823,5642,0
1824,5639,0
1819,5634,0
1814,5627,0
1809,5624,0
1802,5629,0
1797,5629,0
1790,5639,0
1783,5648,0
1783,5672,0
1792,5706,0
1817,5731,0
1836,5729,1
2305,5554,0
2292,5558,0
2281,5564,0
2268,5567,0
2258,5578,0
2252,5599,0
2256,5627,0
2267,5649,0
2342,5648,0
2357,5624,0
2367,5602,0
2367,5590,0
2350,5569,0
2333,5557,1
2438,5453,0
2430,5450,0
2427,5455,0
2421,5457,0
2418,5470,0
2417,5491,0
2425,5522,0
2430,5541,0
2439,5576,0
2444,5620,0
2442,5653,0
2439,5683,0
2445,5714,0
2443,5715,0
2445,5723,0
2454,5729,0
2439,5721,1
2386,5618,0
2389,5605,0
2410,5604,0
2428,5587,0
2447,5582,0
2463,5578,0
2480,5578,0
2492,5575,0
2508,5575,1
2777,5513,0
2780,5525,0
2788,5544,0
2798,5573,0
2808,5595,0
2822,5620,0
2822,5620,0
2824,5624,0
2828,5623,0
2828,5610,0
2830,5597,0
2828,5573,0
2833,5549,0
2841,5535,0
2847,5524,0
2855,5522,0
2855,5513,0
2858,5512,0
2864,5523,0
2873,5549,0
2890,5582,0
2898,5596,0
2907,5606,0
2920,5610,0
2922,5592,0
2920,5559,0
2929,5535,0
2943,5517,0
2957,5503,1
3027,5436,0
3028,5440,0
3025,5441,0
3023,5455,0
3023,5480,0
3018,5511,0
3023,5552,0
3027,5585,0
3029,5597,0
3031,5600,0
3036,5598,0
3044,5583,0
3051,5555,0
3069,5528,0
3083,5500,0
3106,5491,0
3119,5487,0
3124,5484,0
3132,5512,0
3143,5547,0
3164,5589,0
3179,5588,0
3192,5578,0
3212,5579,0
3233,5583,0
3247,5569,0
3259,5547,0
3269,5523,1
3266,5514,0
3271,5543,0
3284,5572,0
3273,5568,1
3253,5429,0
3252,5425,0
3254,5429,0
3257,5436,0
3255,5437,1
3400,5449,0
3392,5439,0
3388,5441,0
3373,5435,0
3366,5442,0
3349,5441,0
3339,5458,0
3326,5477,0
3321,5500,0
3326,5529,0
3341,5553,0
3356,5564,0
3373,5566,0
3386,5555,0
3408,5542,0
3430,5518,0
3457,5494,0
3480,5465,0
3504,5441,0
3525,5428,0
3542,5407,0
3555,5392,0
3560,5376,0
3563,5365,0
3556,5355,0
3552,5358,0
3540,5354,0
3532,5354,0
3520,5350,0
3518,5361,0
3509,5360,0
3508,5370,0
3497,5375,0
3494,5393,0
3486,5406,0
3486,5433,0
3484,5460,0
3482,5491,0
3485,5517,0
3494,5552,0
3498,5563,0
3505,5569,0
3507,5563,0
3514,5552,0
3524,5525,0
3539,5496,0
3554,5476,0
3574,5476,0
3582,5481,0
3585,5488,0
3591,5511,0
3606,5545,0
3623,5563,0
3640,5569,0
3646,5552,0
3655,5534,0
3670,5532,1
4038,5439,0
4026,5427,0
4022,5430,0
4003,5421,0
3992,5423,0
3979,5430,0
3969,5445,0
3944,5495,0
3945,5522,0
3950,5533,0
3962,5545,0
3979,5545,1
4193,5460,0
4176,5452,0
4161,5452,0
4140,5450,0
4126,5458,0
4106,5460,0
4094,5476,0
4080,5498,0
4077,5527,0
4075,5542,0
4086,5554,0
4098,5552,0
4123,5552,0
4145,5535,0
4165,5518,0
4189,5504,0
4196,5482,0
4208,5479,0
4203,5473,0
4208,5484,0
4203,5491,0
4211,5519,0
4211,5533,0
4229,5551,0
4245,5550,0
4270,5549,0
4292,5542,0
4313,5529,0
4333,5512,1
4347,5485,0
4346,5504,0
4344,5519,0
4347,5532,0
4346,5532,0
4348,5531,0
4349,5525,0
4349,5511,0
4349,5493,0
4355,5475,0
4362,5461,0
4371,5455,0
4383,5458,1
4444,5457,0
4444,5472,0
4447,5488,0
4447,5507,0
4451,5528,0
4454,5540,0
4454,5541,0
4454,5541,0
4451,5542,0
4452,5532,0
4449,5516,0
4451,5491,0
4464,5472,0
4474,5453,0
4498,5451,0
4514,5445,0
4536,5446,1
4571,5442,0
4573,5450,0
4569,5457,0
4573,5484,0
4569,5495,0
4576,5515,0
4584,5524,0
4592,5523,0
4601,5513,0
4616,5508,0
4624,5492,0
4634,5481,0
4637,5469,0
4644,5465,0
4639,5459,0
4643,5466,0
4637,5465,0
4635,5475,0
4633,5491,0
4639,5517,0
4636,5542,0
4641,5583,0
4630,5614,0
4626,5654,0
4617,5689,0
4601,5713,0
4575,5733,0
4558,5764,0
4515,5766,1
5040,5458,0
5040,5458,0
5038,5450,0
5033,5443,0
5023,5436,0
5010,5431,0
4994,5428,0
4980,5433,0
4962,5441,0
4953,5463,0
4946,5488,0
4949,5516,0
4957,5534,0
4971,5544,0
4991,5544,0
5010,5530,0
5025,5510,0
5040,5498,0
5040,5478,0
5031,5465,0
5017,5455,1
5091,5445,0
5089,5451,0
5088,5467,0
5086,5488,0
5088,5517,0
5081,5533,0
5084,5546,0
5088,5552,0
5093,5553,0
5103,5546,0
5115,5531,0
5129,5512,0
5147,5498,0
5162,5482,0
5173,5477,0
5180,5482,0
5183,5484,0
5186,5499,0
5192,5518,0
5200,5538,0
5211,5550,0
5230,5555,0
5251,5554,0
5272,5549,0
5288,5535,1
5337,5425,0
5334,5427,0
5342,5442,0
5342,5461,0
5347,5499,0
5344,5531,0
5347,5560,0
5354,5580,0
5352,5587,0
5356,5593,0
5356,5594,0
5359,5592,0
5358,5583,1
5296,5499,0
5296,5493,0
5313,5491,0
5336,5482,0
5364,5475,0
5387,5472,0
5407,5466,0
5419,5461,0
5425,5462,1
5763,5383,0
5769,5403,0
5770,5429,0
5776,5467,0
5779,5506,0
5782,5542,0
5783,5568,0
5780,5581,0
5781,5586,1
5680,5508,0
5690,5505,0
5711,5497,0
5742,5491,0
5776,5482,0
5818,5477,0
5851,5453,0
5891,5433,0
5924,5414,0
5953,5392,0
5976,5376,0
5987,5361,0
5990,5347,0
5984,5335,0
5977,5331,0
5961,5325,0
5943,5325,0
5928,5327,0
5910,5335,0
5895,5348,0
5880,5367,0
5880,5400,0
5880,5432,0
5883,5473,0
5884,5511,0
5887,5540,0
5894,5559,0
5899,5566,0
5911,5571,0
5921,5563,0
5938,5553,0
5954,5532,0
5974,5516,0
5995,5501,0
6008,5500,0
6017,5507,0
6021,5520,0
6029,5545,0
6034,5569,0
6047,5589,0
6055,5587,1
6153,5546,0
6153,5545,0
6162,5536,0
6172,5527,0
6181,5513,0
6189,5499,0
6195,5477,0
6197,5459,0
6197,5448,0
6190,5443,0
6182,5446,0
6165,5450,0
6156,5465,0
6145,5487,0
6139,5508,0
6145,5536,0
6150,5552,0
6167,5564,0
6187,5568,0
6207,5571,0
6220,5559,0
6235,5545,0
6249,5530,0
6254,5509,0
6260,5498,0
6263,5489,0
6266,5487,0
6262,5484,0
6264,5494,0
6259,5504,0
6265,5527,0
6267,5546,0
6271,5559,0
6279,5568,0
6278,5563,0
6276,5550,0
6272,5531,1
6251,5439,0
6247,5437,0
6244,5435,0
6244,5434,1
6337,5467,0
6338,5484,0
6347,5508,0
6342,5529,0
6346,5554,0
6347,5575,0
6350,5589,0
6351,5593,0
6350,5595,0
6352,5593,0
6351,5588,0
6346,5571,0
6345,5549,0
6346,5525,0
6358,5503,0
6382,5491,0
6410,5479,1