the idea of &quot;compulsory after-care&quot;.
733
629,4642,0
614,4644,0
616,4644,0
623,4646,0
643,4643,0
673,4630,0
711,4625,0
755,4616,0
792,4607,0
822,4597,0
839,4582,0
851,4570,0
854,4559,1
798,4516,0
796,4507,0
794,4512,0
793,4511,0
787,4527,0
775,4558,0
758,4589,0
735,4628,0
712,4677,0
697,4732,0
690,4780,0
688,4820,0
680,4831,0
682,4840,0
685,4836,0
690,4828,1
921,4521,0
922,4514,0
920,4521,0
916,4529,0
907,4553,0
897,4581,0
877,4616,0
854,4663,0
834,4706,0
823,4737,0
816,4753,0
815,4753,0
816,4753,0
822,4745,0
841,4722,0
874,4692,0
909,4661,0
938,4642,0
955,4643,0
961,4647,0
962,4654,0
957,4683,0
947,4707,0
943,4734,0
945,4754,0
953,4767,0
967,4767,0
989,4763,0
1017,4744,0
1051,4720,0
1088,4697,0
1121,4673,0
1137,4648,0
1136,4636,0
1128,4628,0
1107,4628,0
1081,4644,0
1059,4657,0
1044,4676,0
1038,4696,0
1043,4704,0
1055,4716,0
1074,4728,0
1103,4729,0
1137,4724,1
1462,4604,0
1453,4625,0
1440,4649,0
1424,4679,0
1409,4709,0
1401,4741,0
1394,4758,0
1387,4762,0
1387,4770,0
1394,4766,0
1399,4749,1
1486,4502,0
1481,4498,0
1479,4494,0
1478,4490,0
1479,4494,0
1481,4497,0
1492,4505,0
1516,4507,0
1542,4512,1
1628,4554,1
1585,4579,0
1562,4606,0
1535,4642,0
1511,4671,0
1501,4697,0
1503,4712,0
1510,4724,0
1520,4727,0
1530,4714,0
1544,4681,0
1568,4642,0
1600,4594,0
1639,4545,0
1678,4507,0
1705,4483,0
1720,4469,0
1727,4460,0
1727,4464,0
1718,4470,0
1701,4496,0
1669,4533,0
1635,4577,0
1609,4632,0
1598,4675,0
1603,4698,0
1615,4709,0
1634,4718,0
1656,4712,0
1687,4700,0
1720,4676,0
1756,4650,0
1790,4625,0
1813,4600,0
1825,4578,0
1826,4565,0
1823,4558,0
1816,4555,0
1800,4566,0
1775,4586,0
1746,4611,0
1718,4643,0
1696,4683,0
1684,4716,0
1686,4744,0
1700,4758,0
1727,4763,0
1771,4756,0
1826,4743,1
1961,4597,0
1972,4591,0
1973,4587,0
1968,4592,0
1950,4600,0
1925,4625,0
1897,4654,0
1873,4691,0
1860,4710,0
1869,4721,0
1884,4722,0
1904,4718,0
1927,4698,0
1962,4674,0
2002,4642,0
2032,4616,0
2042,4601,0
2036,4599,0
2022,4601,0
1998,4614,0
1976,4640,0
1959,4667,0
1955,4701,0
1961,4724,0
1978,4741,0
2001,4744,0
2027,4735,0
2055,4717,0
2078,4704,1
2446,4594,0
2453,4592,0
2449,4584,0
2447,4585,0
2437,4589,0
2380,4647,0
2366,4668,0
2362,4690,0
2366,4702,0
2375,4711,0
2388,4712,0
2407,4702,0
2422,4677,0
2433,4653,0
2439,4630,0
2446,4607,0
2448,4584,0
2443,4570,0
2438,4563,0
2440,4567,0
2442,4570,0
2475,4569,1
2613,4510,0
2613,4505,0
2613,4505,0
2611,4506,0
2605,4512,0
2587,4531,0
2572,4567,0
2553,4611,0
2528,4652,0
2511,4695,0
2499,4728,0
2491,4743,0
2490,4753,0
2489,4753,0
2489,4748,0
2487,4732,1
2471,4629,0
2470,4625,0
2479,4625,0
2497,4629,0
2521,4634,0
2546,4633,0
2571,4630,0
2594,4630,1
2955,4421,0
2958,4420,0
2957,4420,0
2955,4426,0
2946,4443,0
2933,4461,0
2922,4480,0
2912,4492,0
2908,4503,1
2985,4416,0
2994,4417,0
2995,4416,0
2996,4421,0
2992,4431,0
2980,4445,0
2968,4468,0
2951,4488,0
2944,4509,1
3189,4476,0
3185,4473,0
3181,4471,0
3175,4473,0
3165,4483,0
3147,4500,0
3125,4519,0
3105,4546,0
3091,4567,0
3085,4587,0
3084,4600,0
3091,4615,0
3102,4623,0
3114,4623,0
3138,4616,0
3165,4598,0
3192,4581,1
3275,4491,0
3257,4491,0
3241,4504,0
3217,4519,0
3194,4549,0
3170,4578,0
3160,4605,0
3166,4620,0
3181,4622,0
3200,4621,0
3219,4608,0
3236,4591,0
3250,4575,0
3255,4559,0
3255,4550,0
3256,4550,0
3250,4544,0
3248,4541,0
3249,4536,0
3256,4531,1
3322,4489,0
3323,4498,0
3316,4511,0
3308,4537,0
3296,4560,0
3290,4587,0
3279,4596,0
3273,4599,0
3275,4603,0
3276,4597,0
3282,4582,0
3299,4559,0
3327,4537,0
3353,4514,0
3373,4499,0
3385,4497,0
3385,4497,0
3384,4511,0
3377,4533,0
3368,4551,0
3358,4565,0
3352,4572,0
3349,4574,0
3349,4574,0
3354,4572,0
3367,4556,0
3393,4538,0
3421,4519,0
3444,4506,0
3457,4504,0
3459,4502,0
3460,4507,0
3458,4521,0
3455,4546,0
3447,4568,0
3440,4595,0
3438,4613,0
3445,4623,0
3461,4629,0
3472,4618,1
3585,4509,0
3580,4512,0
3575,4525,0
3566,4553,0
3554,4591,0
3540,4626,0
3530,4655,0
3522,4669,0
3520,4678,0
3522,4682,0
3525,4681,0
3525,4662,0
3530,4632,0
3544,4593,0
3561,4550,0
3583,4519,0
3605,4507,0
3619,4500,0
3631,4501,0
3641,4505,0
3648,4519,0
3649,4541,0
3641,4570,0
3621,4590,0
3600,4607,0
3583,4612,0
3576,4616,0
3573,4609,0
3577,4596,1
3723,4488,0
3719,4485,0
3720,4490,0
3715,4512,0
3704,4537,0
3691,4558,0
3688,4574,0
3684,4577,0
3687,4579,0
3691,4577,0
3703,4570,0
3725,4557,0
3748,4538,0
3769,4517,0
3784,4502,0
3789,4495,0
3789,4495,0
3790,4497,0
3783,4512,0
3771,4538,0
3756,4561,0
3749,4575,0
3750,4579,0
3759,4579,0
3768,4568,1
3896,4401,0
3894,4398,0
3894,4398,0
3890,4401,0
3885,4418,0
3872,4442,0
3861,4468,0
3848,4499,0
3834,4527,0
3824,4553,0
3817,4567,0
3815,4572,1
4021,4466,0
4023,4466,0
4020,4462,0
4007,4461,0
3992,4467,0
3976,4478,0
3964,4486,0
3962,4492,0
3964,4500,0
3971,4510,0
3987,4523,0
4002,4532,0
4019,4545,0
4026,4555,0
4025,4565,0
4010,4575,0
3982,4584,0
3954,4592,0
3930,4594,0
3922,4595,0
3921,4591,0
3930,4580,0
3950,4557,0
3980,4533,0
4015,4509,1
4118,4472,0
4102,4478,0
4086,4495,0
4066,4519,0
4048,4545,0
4039,4570,0
4041,4584,0
4051,4591,0
4070,4592,0
4094,4582,0
4109,4561,0
4118,4541,0
4121,4519,0
4123,4503,0
4120,4490,0
4116,4479,0
4114,4475,0
4116,4469,0
4127,4466,0
4147,4461,1
4211,4454,0
4208,4457,0
4203,4455,0
4198,4475,0
4184,4498,0
4173,4526,0
4162,4548,0
4161,4564,0
4160,4570,0
4157,4567,0
4157,4567,0
4159,4565,0
4163,4553,0
4177,4533,0
4198,4508,0
4225,4485,0
4243,4466,0
4261,4458,0
4270,4451,0
4278,4446,1
4318,4445,0
4315,4442,0
4311,4440,0
4309,4447,0
4290,4461,0
4275,4483,0
4267,4507,0
4264,4524,0
4263,4531,0
4264,4530,0
4275,4532,0
4290,4521,0
4309,4506,0
4326,4484,0
4345,4470,0
4357,4455,0
4360,4448,0
4364,4450,0
4360,4448,0
4360,4453,0
4360,4473,0
4348,4497,0
4339,4529,0
4328,4562,0
4314,4587,0
4304,4610,0
4288,4626,0
4273,4641,0
4255,4649,0
4242,4659,0
4231,4666,0
4227,4669,0
4227,4669,0
4234,4669,0
4241,4655,0
4247,4630,1
4785,4426,0
4783,4422,0
4779,4415,0
4770,4413,0
4755,4426,0
4726,4446,0
4696,4476,0
4679,4505,0
4676,4524,0
4670,4529,0
4682,4535,0
4692,4532,0
4708,4523,0
4725,4505,0
4742,4479,0
4761,4453,0
4778,4432,0
4784,4421,0
4785,4420,0
4784,4421,0
4784,4422,0
4787,4425,0
4787,4425,0
4791,4432,0
4792,4436,0
4792,4437,0
4792,4437,0
4791,4437,0
4789,4444,0
4782,4460,0
4771,4476,0
4768,4495,0
4765,4507,0
4768,4519,0
4777,4533,0
4782,4539,0
4792,4543,0
4806,4536,0
4830,4525,0
4855,4503,0
4881,4480,0
4899,4454,0
4912,4426,0
4923,4400,1
5040,4307,0
5037,4304,0
5031,4299,0
5027,4297,0
5018,4300,0
5002,4311,0
4981,4325,0
4969,4352,0
4953,4384,0
4935,4422,0
4920,4473,0
4910,4524,0
4906,4560,0
4900,4576,0
4896,4578,0
4898,4582,0
4898,4582,0
4900,4581,0
4905,4570,0
4907,4553,0
4904,4529,1
4863,4464,0
4859,4462,0
4860,4461,0
4862,4460,0
4876,4459,0
4907,4457,0
4950,4456,0
4992,4451,1
4992,4446,0
4995,4448,0
5002,4447,0
5016,4446,0
5035,4444,0
5057,4440,0
5080,4435,0
5098,4428,0
5108,4420,1
5092,4362,0
5092,4362,0
5092,4368,0
5078,4382,0
5065,4405,0
5044,4430,0
5028,4462,0
5017,4492,0
5011,4514,0
5011,4526,0
5016,4532,0
5026,4533,0
5045,4521,0
5074,4507,0
5103,4484,0
5129,4460,0
5149,4442,0
5160,4430,0
5163,4427,0
5158,4421,0
5148,4420,0
5124,4421,0
5101,4431,0
5089,4449,0
5083,4465,0
5086,4484,0
5089,4491,0
5101,4498,0
5117,4498,0
5140,4488,0
5165,4471,0
5188,4447,0
5209,4427,0
5221,4410,0
5227,4404,0
5228,4403,0
5224,4402,0
5214,4406,0
5198,4416,0
5188,4432,0
5183,4447,0
5183,4459,0
5178,4457,0
5178,4457,0
5180,4456,0
5182,4448,0
5183,4437,0
5187,4427,0
5202,4418,0
5219,4412,0
5238,4404,0
5260,4401,1
5307,4466,0
5306,4462,0
5318,4462,0
5332,4459,0
5354,4454,0
5378,4452,0
5397,4450,0
5417,4453,0
5429,4452,1
5771,4403,0
5765,4398,0
5754,4394,0
5737,4394,0
5698,4396,0
5656,4411,0
5614,4427,0
5595,4447,0
5587,4461,0
5590,4476,0
5602,4492,0
5617,4500,0
5646,4497,1
5849,4424,0
5829,4418,0
5810,4415,0
5783,4415,0
5755,4422,0
5724,4432,0
5703,4449,0
5701,4463,0
5709,4473,0
5728,4480,0
5752,4478,0
5775,4471,0
5795,4461,0
5815,4446,0
5826,4433,0
5829,4423,0
5827,4419,0
5822,4419,0
5820,4420,0
5811,4431,0
5796,4442,0
5792,4459,0
5789,4473,0
5793,4487,0
5806,4497,1
5917,4432,0
5911,4427,0
5910,4428,0
5906,4426,0
5902,4432,0
5889,4447,0
5877,4460,0
5868,4476,0
5866,4489,0
5864,4491,0
5864,4492,0
5861,4490,0
5861,4477,0
5862,4465,0
5874,4451,0
5885,4432,0
5899,4417,0
5909,4406,0
5921,4405,0
5921,4405,0
5921,4403,0
5925,4412,0
5932,4422,0
5952,4436,0
5979,4447,0
6001,4452,0
6022,4457,0
6040,4455,0
6054,4446,0
6068,4436,0
6073,4423,0
6076,4413,0
6073,4406,0
6064,4397,0
6046,4394,0
6025,4394,0
5993,4394,0
5976,4401,0
5975,4408,0
5977,4419,0
5988,4431,0
6009,4449,0
6036,4466,0
6060,4482,0
6080,4495,1
6274,4273,0
6271,4271,0
6269,4273,0
6266,4290,0
6262,4308,0
6261,4322,0
6262,4333,0
6265,4342,0
6267,4347,1
6338,4275,0
6340,4274,0
6341,4272,0
6340,4274,0
6331,4285,0
6321,4304,0
6318,4334,0
6313,4372,0
6305,4401,1
6407,4491,0
6388,4496,0
6387,4490,0
6391,4491,0
6394,4489,0
6392,4490,0
6392,4490,0
6392,4485,0
6389,4488,1