prison as an establishment for
655
538,5445,0
539,5448,0
547,5446,0
554,5462,0
562,5479,0
567,5508,0
576,5549,0
583,5590,0
592,5634,0
600,5676,0
608,5713,0
615,5753,0
620,5778,0
622,5794,0
622,5801,0
621,5802,0
620,5801,0
615,5788,0
603,5756,0
587,5723,0
571,5677,1
498,5529,0
503,5506,0
510,5486,0
528,5468,0
554,5446,0
590,5426,0
627,5425,0
663,5436,0
694,5450,0
716,5476,0
728,5504,0
726,5537,0
714,5568,0
692,5590,0
665,5617,0
636,5630,0
608,5640,0
581,5638,0
563,5628,0
554,5614,1
807,5501,0
817,5526,0
824,5547,0
822,5562,0
820,5574,0
820,5570,0
821,5571,0
808,5545,0
803,5525,0
791,5484,0
783,5452,0
782,5436,0
776,5431,0
784,5444,0
793,5441,0
809,5450,0
833,5458,0
856,5451,0
874,5448,0
890,5449,0
901,5441,0
909,5434,0
912,5434,0
913,5429,0
912,5434,0
916,5438,0
918,5454,0
928,5478,0
935,5506,0
945,5530,0
954,5551,0
963,5563,0
966,5567,1
921,5354,0
920,5350,0
919,5350,0
919,5350,0
919,5354,1
974,5535,0
975,5531,0
977,5511,0
977,5479,0
980,5455,0
986,5443,0
1001,5432,0
1020,5432,0
1042,5440,0
1063,5452,0
1076,5464,0
1085,5480,0
1085,5496,0
1083,5516,0
1074,5532,0
1065,5549,0
1051,5560,0
1039,5564,0
1025,5560,0
1015,5544,0
1011,5528,1
1198,5471,0
1199,5471,0
1196,5471,0
1182,5463,0
1161,5455,0
1140,5464,0
1119,5477,0
1101,5500,0
1095,5528,0
1099,5556,0
1112,5576,0
1131,5584,0
1155,5583,0
1174,5571,0
1192,5555,0
1203,5531,0
1208,5507,0
1206,5487,0
1199,5467,0
1187,5455,0
1178,5451,0
1172,5455,0
1172,5455,0
1179,5460,0
1192,5455,1
1284,5468,0
1289,5480,0
1292,5500,0
1288,5516,0
1286,5524,0
1283,5529,0
1284,5525,0
1284,5516,0
1292,5504,0
1305,5484,0
1321,5467,0
1340,5446,0
1359,5433,0
1375,5432,0
1392,5435,0
1409,5442,0
1426,5453,0
1443,5476,0
1459,5499,0
1469,5522,0
1476,5534,0
1481,5545,0
1483,5545,0
1485,5540,1
1995,5413,0
1993,5409,0
1988,5402,0
1975,5392,0
1956,5388,0
1936,5390,0
1913,5398,0
1890,5418,0
1872,5445,0
1866,5479,0
1868,5506,0
1882,5532,0
1899,5547,0
1921,5555,0
1947,5554,0
1971,5535,0
1994,5519,0
2009,5496,0
2021,5474,0
2022,5453,0
2019,5437,0
2012,5434,0
2004,5436,0
1996,5445,0
1993,5470,0
1998,5498,0
2007,5524,0
2016,5535,0
2026,5537,0
2036,5528,0
2048,5513,0
2057,5487,0
2065,5453,0
2075,5426,0
2085,5401,0
2098,5390,0
2116,5386,0
2137,5398,0
2157,5411,0
2169,5441,0
2175,5460,0
2176,5484,0
2175,5505,0
2169,5527,0
2162,5532,0
2157,5533,0
2153,5534,0
2152,5522,0
2161,5512,1
2596,5430,0
2588,5424,0
2578,5414,0
2565,5410,0
2549,5407,0
2528,5412,0
2511,5429,0
2496,5454,0
2485,5486,0
2483,5515,0
2491,5538,0
2505,5551,0
2523,5554,0
2544,5545,0
2563,5527,0
2580,5501,0
2593,5469,0
2601,5441,0
2602,5416,0
2599,5409,0
2596,5409,0
2591,5415,0
2589,5432,0
2592,5457,0
2600,5483,0
2614,5508,0
2629,5525,0
2645,5537,0
2661,5540,0
2668,5530,0
2677,5515,0
2685,5500,0
2685,5483,0
2683,5475,0
2682,5476,0
2680,5476,0
2683,5479,0
2684,5479,0
2684,5475,0
2688,5474,0
2692,5460,0
2696,5438,0
2704,5414,0
2718,5393,0
2734,5384,0
2753,5378,0
2776,5392,0
2794,5411,0
2808,5436,0
2824,5468,0
2835,5494,0
2841,5513,0
2847,5520,1
3496,5590,0
3508,5589,0
3518,5581,0
3532,5570,0
3545,5550,0
3556,5523,0
3563,5489,0
3568,5460,0
3567,5435,0
3561,5411,0
3553,5401,0
3535,5388,0
3521,5395,0
3508,5409,0
3499,5426,0
3490,5448,0
3493,5482,0
3502,5513,0
3517,5537,0
3539,5553,0
3561,5557,0
3585,5554,0
3604,5536,0
3621,5515,0
3631,5488,0
3636,5455,0
3642,5429,0
3648,5418,0
3651,5412,0
3662,5420,0
3672,5437,0
3687,5465,0
3694,5497,0
3699,5531,0
3699,5561,0
3695,5581,0
3693,5592,0
3676,5578,0
3674,5565,0
3674,5542,1
3774,5426,0
3791,5395,0
3808,5368,0
3819,5335,0
3821,5298,0
3819,5262,0
3813,5230,0
3805,5202,0
3799,5192,0
3781,5175,0
3768,5176,0
3754,5189,0
3744,5216,0
3743,5257,0
3742,5303,0
3753,5361,0
3762,5414,0
3775,5462,0
3783,5498,0
3795,5528,0
3805,5545,0
3807,5549,0
3808,5547,0
3802,5538,1
3753,5495,0
3757,5498,0
3763,5499,0
3777,5501,0
3790,5503,0
3806,5508,0
3822,5509,0
3843,5508,1
3948,5457,0
3944,5454,0
3935,5450,0
3919,5445,0
3904,5453,0
3890,5465,0
3883,5487,0
3880,5511,0
3885,5535,0
3897,5552,0
3907,5556,0
3917,5550,0
3924,5533,0
3935,5509,0
3935,5477,0
3938,5448,0
3935,5427,0
3934,5423,0
3934,5423,0
3935,5432,0
3939,5448,0
3949,5475,0
3960,5500,0
3976,5523,0
3995,5536,0
4012,5536,0
4034,5532,0
4049,5510,0
4061,5485,0
4070,5440,0
4075,5391,0
4070,5337,0
4069,5296,0
4063,5268,0
4050,5248,0
4036,5242,0
4017,5244,0
4000,5257,0
3991,5286,0
3986,5322,0
3988,5366,0
3995,5413,0
4010,5459,0
4032,5497,0
4056,5520,0
4077,5532,0
4094,5540,0
4109,5532,0
4116,5523,0
4118,5513,0
4118,5504,0
4114,5493,0
4103,5480,0
4095,5471,0
4087,5466,0
4079,5458,0
4076,5455,1
4218,5492,0
4234,5470,0
4251,5440,0
4258,5402,0
4261,5359,0
4255,5315,0
4249,5277,0
4234,5244,0
4221,5219,0
4205,5205,0
4190,5205,0
4174,5220,0
4159,5248,0
4151,5285,0
4149,5328,0
4155,5381,0
4167,5429,0
4185,5479,0
4209,5521,0
4233,5548,0
4258,5561,0
4279,5563,0
4299,5551,0
4312,5534,0
4319,5506,0
4321,5482,0
4320,5464,0
4314,5453,0
4308,5448,0
4311,5450,0
4311,5450,0
4314,5449,0
4323,5448,0
4334,5446,0
4344,5444,0
4354,5447,0
4360,5448,0
4363,5456,0
4366,5463,0
4370,5480,0
4371,5494,0
4372,5502,0
4372,5506,0
4374,5511,0
4379,5512,1
4354,5320,0
4359,5322,0
4360,5321,0
4363,5323,0
4364,5332,1
4398,5490,0
4399,5485,0
4408,5470,0
4415,5446,0
4427,5424,0
4441,5411,0
4465,5415,0
4488,5429,0
4504,5447,0
4507,5464,0
4503,5486,0
4489,5500,0
4470,5502,0
4457,5505,0
4445,5499,0
4437,5489,0
4442,5477,1
4579,5345,0
4587,5320,0
4589,5294,0
4589,5280,0
4576,5265,0
4558,5253,0
4541,5250,0
4525,5260,0
4515,5277,0
4513,5308,0
4514,5344,0
4521,5388,0
4531,5429,0
4545,5464,0
4556,5489,0
4565,5503,0
4570,5510,0
4572,5503,0
4576,5491,0
4577,5462,0
4579,5431,0
4590,5414,0
4601,5407,0
4612,5404,0
4624,5416,0
4632,5429,0
4638,5454,0
4642,5476,1
4702,5402,0
4702,5402,0
4704,5409,0
4705,5419,0
4706,5433,0
4710,5455,0
4712,5476,0
4713,5491,0
4714,5503,0
4714,5503,0
4712,5500,0
4714,5489,0
4715,5470,0
4714,5436,0
4722,5417,0
4728,5398,0
4736,5391,0
4748,5394,0
4758,5400,0
4773,5419,0
4782,5443,0
4792,5470,0
4796,5491,0
4796,5497,0
4796,5497,0
4795,5492,0
4792,5475,0
4787,5444,0
4787,5415,0
4795,5399,0
4799,5386,0
4807,5385,0
4818,5393,0
4830,5409,0
4840,5431,0
4854,5455,0
4868,5475,0
4887,5487,0
4903,5489,0
4924,5484,0
4939,5468,0
4958,5444,0
4969,5412,0
4976,5386,0
4971,5366,0
4965,5359,0
4947,5353,0
4932,5359,0
4919,5374,0
4912,5400,0
4914,5431,0
4921,5457,0
4953,5492,0
4970,5499,0
4981,5497,0
4994,5493,1
5006,5408,0
5006,5389,0
5009,5376,0
5017,5371,0
5016,5366,0
5028,5377,0
5038,5395,0
5048,5421,0
5057,5446,0
5062,5472,0
5067,5493,0
5072,5503,0
5081,5508,0
5090,5501,0
5098,5484,0
5111,5465,0
5130,5446,0
5143,5420,0
5185,5366,0
5204,5337,0
5212,5304,0
5216,5270,0
5214,5241,0
5213,5212,0
5204,5192,0
5193,5180,0
5183,5184,0
5174,5197,0
5163,5221,0
5163,5261,0
5166,5305,0
5178,5353,0
5189,5394,0
5201,5431,0
5214,5457,0
5221,5471,0
5229,5479,0
5229,5479,0
5224,5473,1
5130,5430,0
5142,5437,0
5173,5442,0
5204,5438,0
5231,5432,0
5251,5426,0
5262,5424,0
5258,5421,1
5798,5448,0
5801,5450,0
5815,5453,0
5834,5453,0
5857,5443,0
5880,5421,0
5898,5395,0
5919,5358,0
5929,5317,0
5937,5281,0
5933,5246,0
5920,5214,0
5901,5183,0
5880,5158,0
5865,5151,0
5841,5151,0
5825,5161,0
5823,5185,0
5827,5226,0
5836,5277,0
5854,5331,0
5877,5385,0
5895,5440,0
5917,5496,0
5936,5549,0
5949,5597,0
5956,5634,0
5954,5657,0
5948,5657,0
5940,5652,0
5930,5630,0
5915,5600,0
5896,5564,1
5864,5518,0
5873,5520,0
5883,5521,0
5901,5522,0
5921,5525,0
5939,5525,0
5957,5525,0
5974,5520,1
6048,5430,0
6038,5423,0
6022,5414,0
6003,5417,0
5986,5433,0
5972,5456,0
5971,5490,0
5973,5520,0
5984,5538,0
6007,5550,0
6027,5547,0
6051,5536,0
6068,5514,0
6075,5487,0
6079,5461,0
6077,5441,0
6068,5427,0
6063,5421,0
6058,5419,0
6062,5421,0
6075,5431,0
6095,5450,0
6115,5470,0
6138,5492,1
6186,5520,0
6187,5513,0
6187,5496,0
6182,5467,0
6179,5438,0
6174,5408,0
6179,5392,0
6189,5382,0
6198,5373,0
6220,5370,0
6236,5365,0
6254,5364,1