at Huntercombe is being adapted for
872
681,3980,0
670,3971,0
662,3954,0
651,3936,0
639,3927,0
624,3913,0
608,3907,0
592,3909,0
575,3915,0
557,3928,0
545,3955,0
535,3986,0
532,4026,0
536,4058,0
546,4088,0
562,4099,0
581,4101,0
600,4092,0
618,4070,0
633,4039,0
641,4004,0
644,3968,0
642,3940,0
637,3935,0
632,3926,0
629,3930,0
627,3942,0
631,3966,0
641,3991,0
656,4017,0
673,4043,0
692,4065,0
713,4080,0
733,4081,0
750,4070,0
764,4048,0
773,4017,0
778,3972,0
779,3924,0
779,3872,0
776,3819,0
771,3780,0
762,3742,0
751,3718,0
740,3708,0
733,3703,0
726,3723,0
722,3751,0
724,3791,0
730,3824,0
737,3873,0
746,3918,0
755,3959,0
762,4000,0
769,4028,0
775,4053,0
779,4065,0
780,4069,0
779,4061,0
774,4048,0
764,4032,1
728,3976,0
735,3977,0
750,3974,0
772,3969,1
1291,3658,0
1293,3682,0
1299,3718,0
1308,3757,0
1316,3800,0
1322,3848,0
1327,3900,0
1331,3956,0
1334,4004,0
1335,4040,0
1335,4068,0
1336,4085,0
1333,4089,0
1329,4085,0
1318,4061,0
1306,4038,0
1290,3999,1
1241,3929,0
1245,3929,0
1260,3928,0
1284,3931,0
1312,3929,0
1346,3928,0
1381,3921,0
1418,3909,0
1450,3894,0
1475,3867,0
1496,3837,0
1505,3795,0
1506,3752,0
1499,3703,0
1491,3672,0
1476,3645,0
1463,3632,0
1450,3625,0
1437,3634,0
1425,3656,0
1418,3696,0
1418,3744,0
1423,3800,0
1430,3856,0
1440,3915,0
1450,3971,0
1459,4017,0
1469,4057,0
1477,4085,0
1484,4100,0
1488,4107,0
1493,4103,0
1499,4094,0
1505,4073,0
1511,4052,0
1512,4028,1
1518,3967,0
1517,3968,0
1518,3971,0
1520,3983,0
1527,4007,0
1537,4029,0
1545,4045,0
1558,4059,0
1568,4065,0
1577,4061,0
1585,4052,0
1590,4035,0
1592,4010,0
1596,3986,0
1598,3974,0
1599,3974,0
1598,3974,0
1600,3981,0
1605,4000,0
1609,4020,0
1618,4047,0
1623,4063,0
1631,4074,0
1638,4077,0
1645,4068,0
1651,4051,0
1652,4022,0
1654,3994,1
1652,3953,0
1651,3962,0
1652,3978,0
1652,3994,0
1656,4017,0
1659,4033,0
1662,4049,0
1663,4053,0
1663,4053,0
1662,4045,0
1662,4029,0
1660,4000,0
1664,3976,0
1669,3955,0
1679,3945,0
1687,3944,0
1696,3951,0
1703,3969,0
1710,3997,0
1719,4028,0
1731,4054,0
1746,4076,0
1760,4082,0
1777,4083,0
1792,4073,0
1805,4053,0
1816,4023,0
1823,3981,0
1826,3931,0
1824,3883,0
1821,3830,0
1818,3786,0
1812,3750,0
1804,3728,0
1797,3717,0
1788,3714,0
1783,3728,0
1775,3749,0
1778,3785,0
1780,3826,0
1789,3873,0
1794,3913,0
1804,3956,0
1813,3991,0
1821,4013,0
1829,4029,0
1835,4039,0
1837,4039,0
1838,4039,0
1834,4027,0
1827,4009,0
1817,3991,1
1777,3973,0
1782,3976,0
1797,3982,0
1819,3981,0
1846,3980,0
1872,3971,0
1897,3962,0
1920,3952,0
1930,3938,0
1936,3933,0
1930,3925,0
1919,3924,0
1885,3935,0
1874,3950,0
1871,3966,0
1873,3983,0
1889,4008,0
1909,4024,0
1937,4039,0
1965,4041,0
1994,4041,0
2017,4036,0
2034,4033,0
2045,4030,0
2046,4022,0
2045,4017,0
2039,4010,0
2029,3996,0
2024,3986,0
2023,3973,0
2026,3968,0
2033,3959,0
2041,3947,0
2057,3945,0
2072,3936,1
2211,3935,0
2207,3927,0
2202,3920,0
2193,3919,0
2181,3918,0
2165,3923,0
2153,3947,0
2139,3963,0
2133,3991,0
2135,4015,0
2146,4036,0
2167,4051,0
2194,4056,0
2223,4056,0
2251,4051,0
2277,4048,0
2298,4041,1
2370,3942,0
2366,3935,0
2358,3933,0
2345,3934,0
2323,3937,0
2303,3956,0
2285,3978,0
2277,4010,0
2277,4031,0
2294,4047,0
2318,4048,0
2349,4041,0
2376,4020,0
2397,3996,0
2412,3974,0
2415,3956,0
2409,3946,0
2388,3928,0
2369,3925,0
2351,3923,0
2345,3934,1
2469,3928,0
2471,3936,0
2472,3948,0
2475,3969,0
2476,3989,0
2478,4010,0
2478,4027,0
2476,4036,0
2478,4039,0
2478,4036,0
2478,4027,0
2480,4000,0
2483,3974,0
2488,3950,0
2497,3935,0
2512,3929,0
2526,3923,0
2542,3926,0
2555,3938,0
2564,3956,0
2570,3980,0
2567,3998,0
2565,4020,0
2562,4034,0
2558,4036,0
2557,4032,0
2555,4020,0
2557,3998,0
2564,3969,0
2574,3944,0
2586,3921,0
2601,3907,0
2616,3906,0
2625,3905,0
2633,3920,0
2636,3944,0
2632,3964,0
2634,3988,0
2643,4006,0
2654,4015,0
2664,4010,0
2681,3995,0
2699,3970,0
2714,3933,0
2729,3892,0
2735,3845,0
2739,3804,0
2738,3765,0
2736,3735,0
2728,3712,0
2718,3699,0
2707,3696,0
2694,3696,0
2684,3711,0
2675,3736,0
2669,3769,0
2663,3802,0
2662,3847,0
2659,3887,0
2657,3923,0
2663,3959,0
2675,3993,0
2690,4009,0
2713,4021,0
2737,4024,0
2762,4017,0
2787,4010,0
2801,3995,0
2810,3982,0
2813,3972,0
2808,3962,0
2801,3952,0
2794,3945,0
2791,3943,0
2786,3940,0
2784,3937,0
2785,3936,0
2789,3940,0
2789,3939,0
2793,3942,0
2794,3942,0
2795,3940,0
2796,3941,0
2796,3941,0
2796,3940,0
2794,3937,0
2797,3940,0
2793,3933,0
2796,3937,0
2793,3933,0
2795,3936,0
2793,3933,0
2796,3937,0
2794,3933,0
2796,3936,0
2796,3936,0
2794,3933,0
2796,3936,0
2794,3933,0
2795,3936,0
2789,3935,1
2867,3995,0
2871,3998,0
2877,3995,0
2883,3993,0
2890,3989,0
2897,3976,0
2910,3962,0
2923,3942,0
2933,3924,0
2939,3908,0
2945,3901,0
2936,3892,0
2922,3894,0
2894,3904,0
2869,3924,0
2854,3953,0
2854,3984,0
2866,4005,0
2890,4016,0
2929,4020,0
2970,4017,1
3404,4022,0
3404,4031,0
3407,4034,0
3419,4036,0
3433,4028,0
3446,4010,0
3457,3989,0
3472,3966,0
3482,3940,0
3492,3915,0
3493,3895,0
3493,3886,0
3494,3886,0
3489,3884,0
3491,3892,0
3492,3911,0
3498,3935,0
3503,3961,0
3509,3986,0
3508,4000,0
3515,4015,0
3517,4023,0
3515,4019,0
3511,4007,0
3512,3988,1
3448,3753,0
3439,3740,0
3440,3735,0
3438,3731,0
3434,3728,1
3507,3982,0
3507,3982,0
3507,3976,0
3510,3961,0
3513,3930,0
3522,3906,0
3535,3888,0
3547,3880,0
3568,3880,0
3581,3885,0
3592,3896,0
3604,3918,0
3610,3942,0
3614,3969,0
3607,3988,0
3604,4005,0
3594,4011,0
3586,4012,0
3580,4006,0
3578,3993,0
3579,3974,1
3992,3969,0
4005,3955,0
4023,3935,0
4034,3906,0
4047,3870,0
4051,3826,0
4058,3784,0
4060,3742,0
4061,3704,0
4057,3671,0
4048,3636,0
4044,3619,0
4030,3604,0
4025,3608,0
4010,3611,0
4003,3637,0
3994,3672,0
3990,3715,0
3986,3760,0
3990,3809,0
3996,3855,0
4012,3898,0
4029,3925,0
4048,3945,0
4073,3957,0
4094,3957,0
4113,3946,0
4129,3933,0
4137,3911,0
4140,3888,0
4133,3863,0
4128,3846,0
4119,3832,0
4117,3829,0
4114,3826,0
4116,3830,0
4124,3839,0
4142,3851,0
4163,3858,0
4184,3863,0
4209,3867,0
4227,3867,0
4239,3863,0
4242,3855,0
4242,3843,0
4236,3833,0
4229,3823,0
4221,3819,0
4215,3820,0
4204,3824,0
4199,3839,0
4196,3861,0
4198,3887,0
4202,3909,0
4218,3927,0
4237,3937,0
4261,3937,0
4282,3925,0
4305,3911,0
4321,3892,0
4332,3871,0
4333,3848,0
4336,3836,0
4333,3828,0
4328,3827,0
4331,3830,0
4333,3839,0
4333,3855,0
4343,3878,0
4351,3897,0
4362,3914,0
4372,3928,0
4381,3940,0
4386,3941,0
4392,3941,0
4391,3927,0
4386,3899,1
4328,3681,0
4326,3677,0
4328,3676,0
4327,3677,0
4326,3677,1
4385,3851,0
4384,3848,0
4387,3850,0
4387,3850,0
4385,3851,0
4384,3852,0
4389,3870,0
4391,3883,0
4394,3896,0
4396,3901,0
4398,3904,0
4399,3903,0
4398,3898,0
4401,3885,0
4402,3867,0
4406,3848,0
4413,3837,0
4422,3834,0
4428,3834,0
4435,3839,0
4445,3851,0
4452,3861,0
4460,3875,0
4464,3882,0
4471,3892,1
4589,3836,0
4591,3830,0
4589,3826,0
4582,3822,0
4567,3818,0
4552,3822,0
4538,3831,0
4525,3842,0
4524,3860,0
4524,3876,0
4535,3893,0
4546,3899,0
4561,3902,0
4576,3899,0
4586,3889,0
4596,3880,0
4594,3865,0
4589,3853,0
4582,3843,0
4570,3839,0
4567,3841,0
4565,3849,0
4568,3867,0
4577,3892,0
4587,3928,0
4599,3965,0
4613,4005,0
4623,4041,0
4632,4070,0
4635,4094,0
4635,4106,0
4627,4106,0
4621,4106,0
4609,4096,0
4599,4083,0
4594,4072,0
4592,4058,0
4594,4041,0
4604,4024,0
4617,4007,0
4635,3991,0
4658,3981,0
4676,3969,0
4691,3966,1
5100,3870,0
5093,3853,0
5079,3834,0
5063,3814,0
5045,3800,0
5026,3790,0
5004,3790,0
4983,3795,0
4968,3812,0
4959,3834,0
4953,3856,0
4956,3877,0
4967,3895,0
4985,3909,0
5002,3916,0
5019,3915,0
5031,3909,0
5041,3897,0
5048,3884,0
5043,3860,0
5041,3839,0
5035,3821,0
5033,3812,0
5033,3812,0
5031,3814,0
5032,3819,0
5039,3836,0
5049,3854,0
5051,3875,0
5061,3894,0
5069,3909,0
5078,3917,0
5090,3922,1
5209,3832,0
5202,3823,0
5200,3819,0
5195,3813,0
5175,3804,0
5163,3807,0
5144,3810,0
5134,3820,0
5122,3834,0
5116,3852,0
5115,3872,0
5122,3892,0
5135,3908,0
5153,3918,0
5173,3921,0
5188,3916,0
5200,3902,0
5212,3883,0
5213,3853,0
5216,3819,0
5206,3769,0
5204,3728,0
5197,3694,0
5196,3677,0
5190,3665,0
5185,3666,0
5183,3674,0
5186,3694,0
5188,3723,0
5196,3756,0
5208,3791,0
5219,3822,0
5228,3847,0
5240,3869,0
5245,3882,0
5250,3889,0
5260,3896,1
5350,3823,0
5349,3819,0
5347,3815,0
5336,3809,0
5323,3805,0
5311,3812,0
5296,3824,0
5281,3841,0
5277,3863,0
5274,3880,0
5284,3894,0
5294,3893,0
5315,3888,0
5335,3871,0
5351,3852,0
5359,3831,0
5365,3812,0
5367,3803,0
5364,3801,0
5357,3802,0
5351,3809,0
5356,3823,0
5358,3838,0
5364,3855,0
5368,3868,0
5380,3879,0
5385,3880,0
5397,3880,0
5407,3873,1
5413,3811,0
5412,3812,0
5418,3823,0
5426,3839,0
5428,3861,0
5434,3890,0
5439,3922,0
5441,3950,0
5445,3970,0
5438,3978,0
5438,3978,0
5432,3966,0
5422,3942,0
5414,3907,0
5408,3872,0
5406,3838,0
5407,3812,0
5412,3792,0
5417,3780,0
5431,3776,0
5448,3781,0
5460,3790,0
5469,3806,0
5473,3826,0
5469,3843,0
5465,3860,0
5455,3872,0
5451,3877,1
5549,3796,0
5565,3776,0
5579,3752,0
5590,3725,0
5589,3694,0
5590,3667,0
5586,3641,0
5578,3618,0
5566,3600,0
5558,3591,0
5545,3588,0
5540,3595,0
5537,3612,0
5537,3637,0
5545,3668,0
5546,3705,0
5554,3744,0
5561,3782,0
5567,3818,0
5579,3848,0
5591,3872,0
5601,3879,0
5620,3881,0
5631,3872,0
5650,3863,0
5665,3850,0
5679,3832,0
5689,3814,0
5694,3795,0
5699,3783,0
5693,3770,0
5692,3766,0
5677,3764,0
5668,3770,0
5662,3784,0
5654,3800,0
5653,3819,0
5662,3841,0
5672,3855,0
5689,3866,0
5707,3875,1
5808,3805,0
5806,3800,0
5797,3792,0
5791,3788,0
5777,3786,0
5765,3788,0
5757,3798,0
5745,3814,0
5739,3829,0
5743,3848,0
5752,3864,0
5773,3875,0
5787,3877,0
5806,3872,0
5826,3859,0
5841,3840,0
5853,3817,0
5858,3784,0
5863,3752,0
5860,3716,0
5852,3686,0
5849,3671,0
5841,3667,0
5832,3666,0
5825,3676,0
5822,3700,0
5829,3730,0
5829,3764,0
5840,3795,0
5853,3825,0
5860,3848,0
5875,3867,0
5882,3880,0
5888,3884,0
5888,3883,0
5890,3882,1
5526,3754,0
5530,3756,0
5545,3752,0
5576,3749,0
5599,3741,1
6187,3775,0
6212,3767,0
6235,3756,0
6256,3738,0
6274,3713,0
6283,3687,0
6283,3656,0
6278,3629,0
6267,3602,0
6249,3578,0
6232,3568,0
6216,3569,0
6197,3577,0
6184,3597,0
6179,3631,0
6181,3679,0
6186,3728,0
6197,3782,0
6208,3834,0
6225,3887,0
6235,3928,0
6246,3966,0
6254,3996,0
6254,4011,0
6256,4014,0
6251,4014,0
6242,3998,0
6232,3972,0
6219,3944,1
6189,3870,0
6198,3870,0
6213,3863,0
6233,3862,0
6252,3863,0
6272,3863,0
6292,3863,0
6310,3857,1
6406,3782,0
6402,3781,0
6391,3776,0
6382,3783,0
6366,3791,0
6347,3840,0
6350,3869,0
6363,3886,0
6383,3893,0
6413,3893,0
6446,3880,0
6469,3859,0
6485,3836,0
6487,3820,0
6476,3800,0
6458,3791,0
6432,3785,0
6413,3787,0
6406,3790,1
6544,3835,0
6543,3850,0
6548,3865,0
6544,3870,0
6543,3871,0
6545,3870,0
6543,3859,0
6539,3843,0
6533,3824,0
6529,3807,0
6529,3792,0
6541,3782,1