of food is to keep man fit and
683
360,5019,0
347,5021,0
326,5031,0
307,5035,0
283,5044,0
263,5057,0
246,5082,0
232,5125,0
226,5168,0
229,5209,0
240,5231,0
258,5243,0
282,5243,0
308,5226,0
338,5198,0
365,5161,0
388,5112,0
399,5061,0
400,5016,0
390,4987,0
376,4973,0
359,4979,0
342,4997,0
335,5028,0
342,5045,1
518,4959,0
552,4919,0
588,4879,0
606,4837,0
612,4817,0
602,4809,0
580,4805,0
547,4810,0
510,4830,0
476,4854,0
452,4891,0
443,4938,0
446,5003,0
454,5081,0
471,5156,0
494,5223,0
514,5285,0
523,5335,0
529,5368,0
522,5395,1
395,5267,0
388,5245,0
398,5231,0
419,5217,0
448,5214,0
481,5209,0
519,5209,0
557,5209,1
1097,4921,0
1105,4904,0
1102,4880,0
1092,4864,0
1066,4852,0
1027,4860,0
987,4871,0
956,4891,0
934,4922,0
924,4970,0
927,5026,0
943,5094,0
974,5163,0
1007,5228,0
1036,5292,0
1058,5348,0
1066,5392,0
1057,5412,0
1037,5416,0
1003,5404,0
963,5375,1
847,5272,0
851,5260,0
863,5244,0
890,5237,0
924,5234,0
967,5231,0
1010,5228,0
1050,5228,0
1088,5225,0
1124,5216,0
1153,5207,0
1177,5204,0
1189,5195,0
1194,5191,0
1192,5179,0
1183,5168,0
1165,5156,0
1139,5152,0
1111,5148,0
1090,5161,0
1076,5177,0
1077,5196,0
1093,5224,0
1126,5253,0
1166,5275,0
1210,5282,0
1249,5273,0
1281,5260,0
1303,5243,0
1310,5223,0
1309,5203,0
1295,5180,0
1263,5157,0
1223,5138,0
1192,5131,0
1176,5131,0
1169,5144,0
1171,5156,0
1184,5168,0
1212,5178,1
1397,5195,0
1430,5187,0
1462,5174,0
1476,5161,0
1480,5156,0
1474,5152,0
1459,5146,0
1424,5133,0
1382,5123,0
1348,5129,0
1324,5142,0
1311,5167,0
1309,5183,0
1321,5207,0
1348,5233,0
1382,5252,0
1416,5265,0
1450,5271,0
1479,5265,0
1509,5250,0
1530,5240,0
1550,5231,0
1558,5229,0
1562,5226,0
1561,5226,0
1559,5230,0
1556,5230,0
1555,5234,0
1549,5235,0
1544,5231,0
1537,5224,0
1531,5224,0
1527,5224,0
1529,5221,0
1529,5221,0
1531,5224,1
1539,5223,0
1544,5219,0
1547,5215,0
1549,5207,0
1548,5210,0
1547,5211,0
1547,5211,0
1549,5211,0
1548,5210,0
1548,5210,0
1549,5211,0
1552,5214,0
1552,5210,0
1552,5210,0
1552,5210,0
1550,5211,1
1532,5204,0
1532,5204,0
1529,5196,0
1519,5181,0
1504,5166,1
1500,5275,0
1524,5277,0
1551,5274,0
1581,5267,0
1604,5257,0
1623,5243,0
1635,5226,0
1643,5213,0
1645,5204,0
1645,5204,0
1644,5204,0
1642,5209,0
1638,5209,0
1632,5214,0
1633,5210,0
1634,5214,0
1636,5214,0
1634,5210,0
1635,5209,0
1635,5209,0
1637,5210,0
1634,5210,0
1634,5210,0
1633,5210,0
1633,5206,0
1624,5199,0
1617,5187,0
1605,5177,0
1586,5170,0
1558,5161,0
1533,5164,0
1512,5178,0
1499,5195,0
1493,5216,0
1494,5251,0
1511,5282,0
1530,5293,0
1555,5282,0
1582,5264,0
1607,5228,0
1628,5183,0
1642,5125,0
1649,5055,0
1656,4990,0
1652,4926,0
1645,4874,0
1631,4840,0
1619,4821,0
1615,4822,0
1607,4830,0
1599,4859,0
1594,4900,0
1597,4961,0
1606,5032,0
1622,5106,0
1643,5173,0
1662,5227,0
1684,5284,0
1706,5322,0
1732,5323,0
1756,5291,1
2162,5086,0
2162,5095,0
2159,5104,0
2158,5108,0
2166,5122,0
2171,5154,0
2186,5204,0
2198,5255,0
2207,5302,0
2215,5329,0
2217,5341,0
2215,5317,0
2203,5262,1
2169,4967,0
2169,4966,0
2171,4978,0
2188,4999,1
2282,5088,0
2311,5093,0
2333,5096,0
2340,5098,0
2341,5097,0
2339,5102,0
2326,5114,0
2301,5120,0
2281,5133,0
2268,5144,0
2268,5157,0
2285,5181,0
2312,5199,0
2343,5221,0
2372,5243,0
2395,5261,0
2411,5286,0
2417,5305,0
2420,5325,0
2415,5335,0
2406,5344,0
2394,5352,0
2376,5353,0
2348,5351,1
2828,4896,0
2831,4907,0
2832,4932,0
2839,4968,0
2844,5014,0
2849,5058,0
2856,5120,0
2863,5193,0
2875,5270,0
2885,5325,0
2890,5357,0
2892,5373,0
2886,5372,1
2771,5170,0
2775,5173,0
2794,5175,0
2832,5179,0
2871,5182,0
2908,5182,0
2940,5183,0
2967,5180,0
2994,5175,1
3031,5178,0
3031,5178,0
3030,5178,0
3025,5176,0
3015,5175,0
2992,5175,0
2970,5188,0
2951,5216,0
2946,5253,0
2951,5285,0
2971,5311,0
3004,5334,0
3037,5338,0
3074,5325,0
3100,5301,0
3120,5262,0
3132,5237,0
3129,5212,0
3112,5188,0
3087,5164,0
3054,5147,0
3030,5148,0
3016,5166,0
3008,5187,0
3014,5210,1
3434,4895,0
3438,4896,0
3439,4901,0
3438,4924,0
3438,4964,0
3442,5016,0
3448,5074,0
3458,5137,0
3471,5197,0
3490,5245,0
3506,5273,0
3515,5286,0
3517,5281,1
3454,5156,0
3457,5150,0
3481,5144,0
3509,5129,0
3540,5110,0
3571,5090,0
3588,5067,0
3603,5055,1
3494,5119,0
3496,5145,0
3509,5173,0
3530,5199,0
3557,5217,0
3591,5231,0
3630,5243,0
3667,5243,0
3701,5231,0
3728,5207,0
3742,5180,0
3747,5151,0
3747,5134,0
3734,5118,0
3711,5112,0
3687,5120,0
3674,5136,0
3677,5157,0
3695,5188,0
3725,5217,0
3759,5240,0
3796,5257,0
3824,5260,0
3846,5257,0
3858,5245,0
3867,5236,0
3870,5225,0
3872,5216,0
3882,5210,0
3889,5197,0
3899,5182,0
3913,5169,0
3925,5154,0
3928,5133,0
3928,5115,0
3918,5106,0
3903,5110,0
3881,5124,0
3858,5145,0
3851,5173,0
3860,5204,0
3888,5234,0
3929,5257,0
3963,5261,0
3990,5245,0
4007,5212,0
4023,5175,0
4030,5143,0
4037,5120,0
4041,5113,0
4046,5120,0
4047,5133,0
4057,5174,0
4068,5228,0
4084,5289,0
4102,5356,0
4116,5413,0
4123,5455,0
4123,5474,0
4120,5470,0
4102,5445,0
4073,5395,0
4058,5326,0
4056,5244,0
4062,5166,0
4083,5103,0
4111,5057,0
4147,5039,0
4178,5033,0
4199,5039,0
4221,5064,0
4237,5105,0
4243,5154,0
4234,5202,0
4212,5234,0
4185,5255,0
4155,5265,0
4117,5264,0
4080,5249,0
4064,5239,1
4502,4975,0
4502,4980,0
4500,4981,0
4500,4982,0
4501,4990,0
4500,4996,0
4497,5002,0
4496,5014,0
4500,5035,0
4500,5059,0
4504,5091,0
4503,5115,0
4505,5143,0
4507,5157,0
4509,5161,0
4507,5156,0
4509,5140,0
4512,5105,0
4519,5061,0
4533,5021,0
4549,4994,0
4558,4989,0
4562,4995,0
4572,5008,0
4584,5025,0
4586,5023,0
4593,5017,0
4602,5001,0
4616,4975,0
4632,4949,0
4652,4934,0
4664,4930,0
4673,4944,0
4681,4973,0
4683,5011,0
4684,5055,0
4683,5091,0
4685,5108,0
4693,5108,0
4717,5105,0
4753,5089,0
4790,5066,0
4830,5045,0
4866,5023,0
4891,5003,0
4900,4985,0
4903,4973,0
4897,4968,0
4883,4963,0
4851,4963,0
4816,4970,0
4786,4988,0
4768,5017,0
4763,5051,0
4785,5115,0
4801,5127,0
4816,5127,0
4838,5120,0
4857,5095,0
4871,5064,0
4888,5026,0
4903,4998,0
4915,4984,0
4922,4977,0
4929,4983,0
4935,4999,0
4935,5024,0
4939,5062,0
4940,5101,0
4943,5135,0
4945,5149,0
4939,5134,1
5035,4939,0
5036,4963,0
5035,4995,0
5037,5040,0
5035,5073,0
5036,5081,0
5038,5075,0
5045,5054,0
5057,5024,0
5078,4990,0
5096,4976,0
5105,4979,0
5111,4994,0
5120,5028,0
5127,5070,0
5138,5118,0
5153,5157,0
5160,5171,0
5177,5163,0
5211,5140,1
5612,4789,0
5607,4782,0
5591,4775,0
5564,4763,0
5528,4759,0
5496,4768,0
5474,4789,0
5457,4822,0
5448,4867,0
5447,4918,0
5450,4975,0
5462,5040,0
5475,5098,0
5490,5154,0
5499,5200,0
5495,5235,0
5488,5256,0
5476,5272,0
5455,5275,0
5421,5262,0
5383,5231,0
5351,5185,0
5332,5138,0
5327,5110,0
5330,5091,0
5344,5085,0
5366,5082,0
5397,5087,0
5429,5101,0
5451,5113,0
5475,5120,0
5493,5108,0
5511,5087,1
5589,5015,0
5595,5026,0
5603,5052,0
5607,5092,0
5609,5138,0
5616,5170,0
5612,5173,0
5608,5166,1
5585,4937,0
5588,4913,0
5595,4900,0
5604,4897,0
5614,4898,0
5627,4891,0
5643,4876,0
5663,4851,1
5719,4801,0
5741,4796,0
5758,4802,0
5771,4823,0
5777,4862,0
5779,4911,0
5779,4966,0
5777,5031,0
5780,5088,0
5785,5133,0
5784,5162,0
5779,5172,1
5691,5069,0
5696,5069,0
5709,5067,0
5739,5067,0
5773,5067,0
5815,5067,0
5864,5068,0
5909,5074,0
5938,5075,0
5964,5072,0
5982,5059,0
5993,5042,1
6396,5031,0
6394,5027,0
6392,5022,0
6391,5023,0
6388,5022,0
6389,5021,0
6388,5021,0
6389,5020,0
6390,5018,0
6387,5011,0
6376,5004,0
6357,4997,0
6336,4995,0
6302,4997,0
6271,5006,0
6248,5031,0
6239,5058,0
6236,5072,0
6249,5088,0
6261,5099,0
6283,5099,0
6305,5086,0
6333,5063,0
6357,5038,0
6383,5016,0
6397,5000,0
6401,4989,0
6405,4991,0
6408,4999,0
6411,5026,0
6408,5059,0
6403,5099,0
6401,5143,0
6401,5161,0
6401,5155,0
6405,5132,0
6418,5096,1
6479,4999,0
6478,5000,0
6478,5011,0
6470,5038,0
6464,5075,0
6455,5108,0
6447,5128,0
6451,5130,0
6456,5120,0
6473,5100,0
6494,5072,0
6517,5051,0
6529,5045,0
6534,5052,0
6537,5078,0
6536,5114,0
6531,5143,0
6524,5163,0
6527,5171,0
6535,5163,1
6589,5139,0
6619,5117,0
6645,5100,0
6659,5091,0
6656,5088,0
6654,5090,0
6645,5094,0
6622,5102,0
6602,5119,0
6577,5134,0
6561,5151,0
6555,5165,0
6554,5177,0
6564,5191,0
6582,5199,0
6608,5195,0
6633,5174,0
6659,5138,0
6691,5091,0
6718,5041,0
6746,4991,0
6765,4943,0
6783,4890,0
6797,4842,0
6804,4801,0
6797,4778,0
6785,4768,0
6765,4766,0
6756,4779,0
6744,4799,0
6732,4834,0
6720,4891,0
6722,4957,0
6729,5023,0
6744,5085,0
6747,5148,0
6753,5209,0
6754,5248,0
6750,5271,0
6731,5274,1