The research structure has of
550
290,1580,0
287,1568,0
284,1567,0
284,1558,0
286,1558,0
286,1558,0
290,1575,0
292,1613,0
291,1671,0
285,1736,0
273,1814,0
266,1895,0
271,1959,0
275,1983,0
275,1983,0
277,1979,0
277,1948,1
169,1539,0
179,1535,0
200,1545,0
241,1556,0
296,1569,0
337,1568,0
382,1574,0
424,1581,0
459,1587,1
460,1447,0
454,1467,0
446,1498,0
427,1542,0
443,1607,0
441,1688,0
434,1768,0
427,1860,0
422,1943,0
418,1997,0
419,2010,0
426,1995,0
439,1945,0
460,1889,0
485,1838,0
508,1804,0
521,1796,0
528,1803,0
536,1838,0
545,1884,0
575,1951,0
579,1994,0
608,2017,0
639,2009,0
670,1983,0
693,1947,0
704,1904,0
704,1876,0
690,1860,0
658,1849,0
622,1852,0
596,1874,0
600,1912,0
609,1948,0
622,1976,0
670,1995,0
727,2015,0
774,2012,0
817,1998,0
860,1967,0
892,1927,1
1405,1662,0
1399,1672,0
1391,1681,0
1386,1694,0
1385,1715,0
1389,1743,0
1393,1779,0
1396,1823,0
1392,1856,0
1390,1868,0
1392,1865,0
1401,1843,0
1409,1796,0
1421,1753,0
1436,1720,0
1456,1708,0
1479,1710,0
1512,1726,0
1550,1744,0
1586,1754,0
1616,1752,0
1640,1744,0
1646,1734,0
1644,1726,0
1626,1715,0
1588,1698,0
1550,1698,0
1529,1721,0
1516,1749,0
1519,1786,0
1536,1814,0
1567,1840,0
1611,1850,1
1855,1686,0
1877,1662,0
1893,1644,0
1901,1635,0
1902,1635,0
1894,1634,0
1869,1634,0
1834,1643,0
1805,1662,0
1780,1683,0
1772,1704,0
1782,1727,0
1808,1750,0
1838,1767,0
1866,1784,0
1878,1796,0
1882,1812,0
1871,1821,0
1855,1833,0
1830,1840,0
1792,1840,0
1756,1841,0
1739,1844,0
1736,1845,1
1783,1830,0
1812,1827,0
1848,1824,0
1889,1817,0
1932,1804,0
1973,1791,0
2002,1775,0
2022,1763,0
2030,1754,0
2026,1747,0
2009,1739,0
1983,1735,0
1948,1742,0
1916,1759,0
1900,1790,0
1894,1819,0
1896,1841,0
1917,1866,0
1952,1889,0
1987,1894,0
2027,1880,0
2072,1859,0
2116,1838,0
2159,1820,1
2252,1746,0
2253,1745,0
2251,1742,0
2246,1734,0
2237,1727,0
2220,1720,0
2193,1715,0
2156,1720,0
2121,1740,0
2096,1770,0
2084,1801,0
2094,1833,0
2111,1846,0
2136,1849,0
2160,1833,0
2186,1812,0
2200,1778,0
2211,1756,0
2213,1744,0
2212,1744,0
2210,1746,0
2215,1752,0
2230,1776,0
2248,1802,0
2268,1823,0
2285,1824,0
2299,1810,0
2313,1784,1
2359,1712,0
2362,1731,0
2362,1750,0
2367,1767,0
2374,1782,0
2381,1787,0
2383,1780,0
2389,1766,0
2391,1737,0
2396,1706,0
2398,1673,0
2407,1650,0
2410,1641,0
2420,1643,0
2440,1652,0
2463,1664,0
2485,1676,0
2505,1685,0
2533,1696,0
2557,1701,1
2667,1717,0
2668,1715,0
2666,1713,0
2660,1705,0
2652,1698,0
2633,1694,0
2601,1698,0
2565,1715,0
2536,1744,0
2519,1774,0
2525,1797,0
2550,1812,0
2589,1824,0
2635,1826,0
2677,1807,0
2714,1766,1
2739,1358,0
2732,1359,0
2718,1379,0
2709,1417,0
2709,1469,0
2709,1527,0
2709,1594,0
2713,1668,0
2715,1741,0
2718,1790,0
2723,1797,0
2727,1787,0
2741,1761,0
2755,1727,0
2771,1705,0
2784,1703,0
2800,1715,0
2818,1742,0
2838,1779,0
2860,1815,0
2877,1838,1
3400,1590,0
3404,1590,0
3414,1590,0
3433,1590,0
3452,1580,0
3472,1564,0
3473,1546,0
3462,1539,0
3428,1542,0
3382,1558,0
3335,1580,0
3298,1602,0
3285,1629,0
3283,1661,0
3298,1695,0
3320,1720,0
3344,1727,0
3365,1732,0
3380,1739,0
3382,1743,0
3381,1752,0
3365,1761,0
3346,1773,0
3326,1780,0
3308,1785,0
3293,1785,0
3284,1778,0
3277,1760,0
3279,1730,1
3540,1275,0
3547,1268,0
3544,1275,0
3556,1299,0
3557,1333,0
3561,1382,0
3561,1444,0
3559,1517,0
3556,1594,0
3559,1660,0
3563,1707,0
3566,1739,0
3566,1762,1
3462,1673,0
3465,1660,0
3483,1646,0
3557,1624,0
3603,1623,0
3653,1635,0
3689,1644,1
3727,1548,0
3730,1552,0
3735,1577,0
3741,1616,0
3742,1655,0
3753,1693,0
3758,1709,0
3759,1707,0
3768,1699,0
3771,1678,0
3777,1650,0
3785,1619,0
3800,1599,0
3823,1599,0
3844,1610,0
3863,1625,0
3884,1637,1
3936,1596,0
3935,1598,0
3933,1602,0
3930,1616,0
3939,1644,0
3945,1674,0
3955,1698,0
3973,1716,0
3998,1729,0
4019,1724,0
4045,1699,0
4058,1657,0
4068,1618,0
4063,1584,0
4058,1556,0
4064,1543,1
4185,1596,0
4203,1594,0
4203,1593,0
4207,1595,0
4210,1598,0
4198,1606,0
4178,1620,0
4156,1639,0
4145,1669,0
4148,1701,0
4173,1721,0
4208,1731,0
4250,1727,0
4297,1714,0
4336,1679,0
4367,1629,1
4363,1252,0
4362,1254,0
4355,1274,0
4354,1315,0
4352,1368,0
4357,1424,0
4367,1486,0
4374,1553,0
4384,1622,0
4397,1679,0
4409,1720,0
4417,1742,0
4410,1745,1
4326,1614,0
4340,1610,0
4371,1611,0
4407,1617,0
4440,1621,0
4473,1618,0
4491,1605,0
4496,1583,1
4511,1523,0
4514,1539,0
4514,1571,0
4519,1610,0
4531,1655,0
4538,1696,0
4558,1740,0
4580,1769,0
4604,1775,0
4629,1760,0
4659,1730,0
4682,1687,0
4704,1645,0
4709,1601,0
4712,1559,0
4720,1526,0
4722,1510,0
4723,1506,0
4715,1507,0
4708,1512,1
4793,1583,0
4794,1591,0
4794,1615,0
4803,1645,0
4805,1683,0
4802,1721,0
4792,1745,0
4787,1746,0
4785,1731,0
4782,1696,0
4784,1650,0
4797,1606,0
4821,1578,0
4850,1577,0
4883,1595,0
4926,1627,0
4968,1653,0
5011,1662,0
5045,1662,0
5069,1655,0
5079,1641,0
5072,1635,0
5056,1621,0
5014,1608,0
4964,1604,0
4941,1620,0
4935,1648,0
4933,1677,0
4948,1703,0
4985,1730,0
5025,1737,0
5070,1732,0
5117,1720,1
5499,1344,0
5502,1349,0
5495,1375,0
5496,1416,0
5499,1462,0
5504,1515,0
5511,1578,0
5510,1645,0
5504,1709,0
5499,1761,0
5491,1794,0
5494,1797,0
5502,1788,0
5518,1754,0
5530,1707,0
5561,1667,0
5587,1626,0
5621,1599,0
5644,1593,0
5661,1606,0
5677,1633,0
5684,1667,0
5687,1706,0
5691,1746,0
5697,1776,0
5704,1794,0
5716,1797,0
5742,1792,0
5774,1773,0
5811,1751,0
5841,1724,0
5863,1695,0
5875,1674,0
5870,1662,0
5856,1652,0
5834,1640,0
5807,1635,0
5783,1643,0
5771,1667,0
5772,1703,0
5780,1730,0
5801,1744,0
5831,1742,0
5856,1732,0
5877,1718,0
5889,1706,0
5894,1705,0
5892,1708,0
5887,1710,0
5891,1727,0
5890,1758,0
5889,1785,0
5903,1804,0
5922,1810,0
5957,1797,0
6001,1775,0
6041,1744,0
6081,1709,0
6121,1677,0
6141,1651,0
6142,1631,0
6126,1616,0
6096,1602,0
6061,1597,0
6032,1607,0
6006,1627,0
6000,1659,0
6001,1696,0
6020,1727,0
6038,1752,0
6051,1775,0
6057,1800,0
6056,1815,0
6045,1821,0
6039,1828,0
6017,1830,0
5988,1826,0
5965,1822,0
5947,1825,0
5923,1831,0
5906,1843,1
6531,1679,0
6545,1677,0
6555,1669,0
6565,1662,0
6568,1655,0
6575,1644,0
6577,1634,0
6563,1623,0
6541,1614,0
6504,1616,0
6466,1633,0
6425,1659,0
6407,1693,0
6406,1728,0
6425,1747,0
6464,1753,0
6506,1739,0
6550,1718,0
6582,1695,0
6594,1680,0
6596,1671,0
6590,1662,0
6584,1654,0
6576,1652,0
6571,1656,0
6570,1677,0
6573,1692,0
6590,1692,0
6621,1685,1
6790,1610,0
6826,1582,0
6859,1548,0
6879,1513,0
6871,1441,0
6858,1406,0
6827,1380,0
6792,1368,0
6759,1370,0
6727,1387,0
6705,1414,0
6690,1461,0
6681,1515,0
6683,1577,0
6689,1650,0
6699,1720,0
6710,1795,0
6720,1860,0
6720,1906,0
6710,1935,0
6691,1942,0
6663,1925,0
6638,1888,0
6606,1838,0
6584,1786,0
6581,1752,0
6594,1720,0
6616,1689,0
6654,1657,0
6697,1635,0
6753,1610,0
6800,1601,0
6834,1598,0
6866,1603,0
6889,1611,1