properties a possible way in which the
680
691,5610,0
692,5614,0
694,5627,0
694,5631,0
693,5646,0
688,5663,0
683,5690,0
673,5717,0
665,5753,0
655,5796,0
648,5827,0
644,5851,0
641,5872,0
638,5875,0
638,5880,0
635,5871,0
639,5851,0
643,5820,0
653,5780,0
664,5740,0
675,5706,0
690,5671,0
705,5651,0
720,5636,0
733,5633,0
744,5642,0
754,5655,0
758,5679,0
759,5695,0
755,5706,0
743,5714,0
721,5724,0
706,5728,1
822,5690,0
827,5695,0
828,5695,0
829,5694,0
828,5691,0
832,5682,0
842,5668,0
851,5651,0
862,5644,0
876,5637,0
891,5634,0
907,5630,0
923,5630,0
941,5631,0
957,5631,0
972,5627,0
985,5631,0
994,5627,0
996,5628,0
996,5624,0
984,5623,0
968,5636,0
953,5646,0
940,5663,0
931,5679,0
930,5698,0
933,5710,0
945,5723,0
962,5723,0
982,5715,0
995,5704,0
1006,5692,0
1013,5672,0
1015,5648,0
1013,5636,0
1011,5631,0
1008,5631,1
1100,5620,0
1102,5628,0
1095,5652,0
1082,5680,0
1061,5720,1
1023,5824,0
1019,5872,0
1018,5892,0
1019,5896,0
1023,5888,0
1031,5868,0
1039,5840,0
1056,5800,0
1074,5756,0
1097,5716,0
1117,5676,0
1136,5648,0
1152,5636,0
1166,5636,0
1179,5648,0
1185,5663,0
1182,5692,0
1173,5719,0
1157,5735,0
1140,5748,1
1260,5737,0
1267,5752,0
1265,5764,0
1258,5764,0
1246,5774,0
1230,5770,0
1211,5759,0
1202,5751,0
1197,5739,0
1196,5730,0
1205,5723,0
1225,5706,0
1251,5685,0
1281,5668,0
1303,5648,0
1311,5643,0
1313,5643,0
1315,5643,0
1308,5663,0
1294,5680,0
1283,5692,1
1341,5766,0
1346,5774,0
1346,5770,0
1350,5762,0
1354,5733,0
1368,5709,0
1373,5684,0
1380,5664,0
1389,5651,0
1404,5646,0
1421,5646,0
1431,5649,0
1440,5644,0
1448,5643,0
1448,5648,0
1455,5640,0
1468,5622,1
1548,5435,0
1550,5447,0
1547,5460,0
1539,5480,0
1527,5518,1
1470,5739,0
1469,5758,0
1475,5762,0
1481,5750,0
1492,5728,0
1496,5709,0
1494,5681,0
1496,5660,1
1498,5657,0
1496,5665,0
1488,5665,0
1483,5662,1
1563,5775,0
1569,5787,0
1570,5783,0
1579,5766,0
1587,5741,1
1656,5518,0
1662,5520,0
1665,5524,0
1667,5524,0
1671,5516,1
1713,5788,0
1710,5798,0
1703,5798,0
1689,5799,0
1669,5798,0
1656,5795,0
1643,5788,0
1636,5776,0
1635,5769,0
1640,5752,0
1656,5734,0
1675,5712,0
1695,5698,0
1717,5692,0
1730,5690,0
1737,5693,0
1740,5701,0
1736,5709,0
1722,5723,0
1703,5738,0
1690,5747,1
1773,5802,0
1775,5826,0
1779,5833,0
1792,5840,0
1809,5841,0
1831,5835,0
1854,5827,0
1869,5814,0
1874,5808,0
1878,5812,0
1874,5805,0
1869,5801,0
1860,5791,0
1851,5783,0
1843,5772,0
1837,5765,0
1835,5762,0
1835,5762,0
1838,5753,0
1850,5747,0
1865,5738,0
1877,5735,0
1884,5735,0
1893,5733,0
1896,5733,0
1905,5735,0
1908,5735,0
1915,5738,0
1920,5741,1
2227,5788,0
2230,5788,0
2230,5792,0
2225,5788,0
2214,5787,0
2200,5786,0
2177,5794,0
2157,5802,0
2136,5818,0
2116,5834,0
2103,5853,0
2101,5873,0
2104,5885,0
2117,5895,0
2137,5899,0
2161,5895,0
2186,5886,0
2213,5868,0
2239,5847,0
2257,5827,0
2268,5812,0
2271,5812,0
2273,5824,0
2260,5851,0
2243,5887,0
2233,5918,0
2239,5929,0
2262,5920,0
2286,5903,1
2468,5857,0
2464,5862,0
2466,5862,0
2472,5864,0
2473,5873,0
2467,5886,0
2444,5916,0
2425,5950,0
2400,5996,0
2375,6051,0
2357,6092,0
2352,6118,0
2355,6121,0
2356,6117,0
2367,6097,0
2383,6066,0
2402,6025,0
2476,5905,0
2490,5876,0
2511,5863,0
2523,5860,0
2538,5873,0
2545,5891,1
2526,5945,0
2511,5962,0
2489,5967,0
2466,5965,1
2688,5886,0
2685,5887,0
2687,5891,0
2680,5889,0
2667,5897,0
2652,5904,0
2636,5914,0
2622,5929,0
2611,5948,0
2606,5967,0
2608,5982,0
2622,5996,0
2645,6006,0
2673,6003,0
2695,5993,0
2713,5979,0
2723,5960,0
2729,5941,0
2728,5925,0
2725,5909,0
2724,5901,1
2782,6018,0
2796,6026,0
2813,6029,0
2828,6029,0
2840,6030,0
2846,6023,0
2852,6013,0
2859,6003,0
2859,5991,0
2850,5985,0
2838,5972,0
2826,5962,0
2818,5948,0
2814,5938,0
2815,5924,0
2824,5909,0
2839,5892,0
2861,5881,0
2882,5870,0
2897,5865,0
2909,5870,1
2929,6019,0
2940,6032,0
2950,6034,0
2965,6032,0
2984,6031,0
2994,6023,0
3007,6015,0
3016,5999,0
3020,5985,0
3019,5973,0
3013,5958,0
3002,5945,0
2989,5933,0
2983,5917,0
2983,5909,0
2986,5896,0
2997,5892,0
3012,5878,0
3032,5867,0
3052,5861,0
3070,5858,1
3091,5986,0
3103,5995,0
3109,6002,0
3113,5992,0
3119,5976,1
3228,5710,0
3232,5705,0
3233,5704,0
3235,5708,0
3235,5712,1
3303,5689,0
3307,5705,0
3297,5730,0
3283,5757,0
3261,5800,1
3201,5943,0
3202,5964,0
3205,5967,0
3218,5962,0
3240,5945,0
3263,5924,0
3284,5907,0
3300,5897,1
3308,5928,0
3299,5962,0
3283,5998,0
3263,6017,0
3249,6027,0
3234,6024,0
3227,6018,0
3223,6007,1
3454,5709,0
3460,5716,0
3463,5723,0
3457,5742,0
3445,5774,0
3428,5815,0
3408,5863,0
3388,5914,0
3377,5957,1
3520,6024,0
3524,6044,0
3516,6051,0
3506,6048,0
3491,6045,0
3473,6039,0
3462,6026,0
3455,6013,0
3454,5999,0
3459,5984,0
3468,5968,0
3481,5950,0
3503,5932,0
3526,5921,0
3546,5913,0
3558,5908,0
3569,5912,0
3572,5919,0
3569,5929,0
3556,5940,0
3538,5947,1
3851,5915,0
3855,5917,0
3859,5929,0
3851,5942,0
3846,5962,0
3838,5979,0
3830,6005,0
3818,6032,0
3808,6063,0
3805,6078,0
3805,6078,0
3809,6077,0
3817,6073,0
3829,6058,0
3846,6042,0
3864,6029,0
3876,6018,1
3896,6053,0
3896,6071,0
3896,6089,0
3901,6095,0
3910,6086,0
3940,6067,0
3969,6031,0
3995,5996,0
4018,5975,0
4024,5967,0
4027,5971,0
4027,5984,1
4153,5996,0
4169,5991,0
4176,5983,0
4177,5987,0
4174,5989,0
4169,5986,0
4151,5996,0
4129,6008,0
4112,6021,0
4099,6041,0
4085,6058,0
4073,6068,0
4069,6084,0
4066,6085,0
4074,6090,0
4094,6094,0
4113,6088,0
4128,6085,0
4143,6078,0
4159,6069,0
4176,6061,0
4188,6049,0
4195,6046,0
4196,6054,0
4190,6085,0
4180,6121,0
4168,6150,0
4162,6167,0
4164,6165,1
4377,6019,0
4379,6027,0
4379,6042,0
4364,6059,0
4339,6091,0
4311,6133,0
4281,6182,0
4246,6240,0
4211,6290,0
4191,6323,0
4190,6332,0
4199,6323,0
4211,6298,1
4276,6052,0
4275,6066,0
4276,6079,0
4278,6102,0
4275,6129,1
4677,6187,0
4676,6193,0
4676,6193,0
4676,6188,0
4682,6175,0
4695,6158,0
4704,6129,0
4719,6106,0
4727,6082,1
4755,5947,0
4760,5943,0
4761,5938,0
4768,5934,0
4770,5937,1
4735,6166,0
4737,6169,0
4738,6169,0
4740,6168,0
4744,6161,0
4754,6145,0
4765,6124,0
4777,6102,0
4787,6087,1
4780,6091,0
4774,6119,0
4762,6145,0
4753,6165,0
4753,6174,0
4755,6177,0
4767,6175,0
4785,6168,0
4807,6155,0
4825,6138,0
4842,6128,0
4851,6122,0
4859,6122,0
4862,6129,0
4859,6145,0
4858,6170,0
4856,6195,0
4855,6210,0
4865,6213,0
4889,6197,1
5086,6063,0
5094,6083,0
5094,6097,0
5091,6108,0
5088,6129,0
5081,6154,0
5074,6178,0
5074,6192,0
5079,6203,0
5086,6204,0
5103,6197,0
5123,6179,0
5141,6162,0
5156,6153,0
5159,6149,0
5163,6157,0
5161,6177,0
5156,6204,0
5154,6225,0
5155,6239,0
5162,6239,0
5184,6235,0
5212,6210,0
5234,6180,0
5257,6155,0
5272,6140,0
5279,6140,0
5282,6142,0
5283,6147,0
5286,6144,0
5286,6135,0
5296,6122,0
5319,6101,1
5416,5877,0
5428,5877,0
5426,5877,0
5426,5893,0
5414,5923,0
5397,5964,0
5380,6017,0
5361,6076,0
5344,6128,0
5337,6157,0
5336,6167,0
5345,6171,0
5359,6167,0
5380,6141,0
5402,6116,0
5413,6097,0
5423,6090,0
5426,6099,0
5426,6123,0
5418,6159,0
5405,6192,0
5402,6219,0
5400,6220,0
5409,6215,0
5424,6203,1
5477,6185,0
5489,6201,0
5490,6200,0
5494,6191,0
5502,6171,0
5514,6142,0
5523,6111,0
5531,6085,0
5541,6063,1
5578,5963,0
5578,5963,0
5581,5961,0
5578,5963,1
5627,6083,0
5631,6084,0
5631,6084,0
5626,6083,0
5611,6089,0
5590,6105,0
5571,6124,0
5554,6148,0
5550,6165,1
5556,6201,0
5569,6216,0
5588,6222,0
5623,6211,0
5647,6193,0
5676,6171,0
5697,6145,0
5726,6116,0
5752,6081,0
5772,6045,0
5790,6015,0
5799,5993,0
5806,5981,0
5807,5981,0
5809,5984,0
5803,5999,0
5789,6037,0
5768,6089,0
5748,6140,0
5743,6184,0
5739,6213,0
5745,6223,0
5754,6221,0
5776,6215,0
5795,6204,0
5812,6192,0
5830,6188,0
5846,6191,1
5865,6211,0
5864,6237,0
5854,6270,0
5849,6300,1
6161,5991,0
6166,5998,0
6169,6005,0
6173,6012,0
6173,6023,0
6165,6046,0
6154,6087,0
6146,6136,0
6127,6188,0
6128,6224,0
6123,6249,0
6126,6257,0
6131,6257,1
6167,6176,0
6160,6176,0
6140,6178,0
6119,6179,1
6252,5949,0
6261,5957,0
6258,5981,0
6252,6013,0
6240,6061,0
6227,6109,0
6219,6153,0
6213,6200,0
6212,6237,0
6220,6262,0
6232,6267,0
6249,6258,0
6271,6239,0
6288,6219,0
6305,6210,0
6308,6218,0
6314,6239,0
6318,6267,0
6319,6298,0
6322,6322,0
6325,6335,1
6432,6306,0
6444,6311,0
6449,6317,0
6448,6318,0
6435,6314,0
6415,6310,0
6394,6307,0
6377,6296,0
6363,6281,0
6363,6260,0
6373,6230,0
6394,6201,0
6416,6176,0
6439,6162,0
6458,6155,0
6466,6158,0
6469,6167,0
6469,6177,0
6460,6186,0
6438,6195,0
6413,6195,1