pentoxide, which is mounted on
607
875,5532,0
873,5568,0
875,5605,0
877,5645,0
882,5685,0
883,5721,0
887,5757,0
891,5781,0
890,5797,0
890,5801,0
890,5797,0
885,5788,0
875,5764,0
866,5733,0
857,5692,0
851,5652,0
849,5607,0
854,5568,0
863,5532,0
940,5523,0
935,5550,0
926,5582,0
912,5610,0
898,5634,0
885,5649,0
878,5652,0
878,5648,0
877,5636,1
982,5527,0
990,5532,0
1003,5535,0
1018,5536,0
1030,5532,0
1044,5524,0
1051,5512,0
1057,5500,0
1056,5489,0
1052,5472,0
1042,5464,0
1032,5456,0
1018,5456,0
1006,5464,0
994,5479,0
989,5503,0
986,5535,0
989,5568,0
997,5604,0
1009,5631,0
1039,5688,0
1065,5684,0
1074,5668,1
1100,5440,0
1102,5448,0
1106,5472,0
1105,5500,0
1108,5532,0
1108,5572,0
1111,5600,0
1113,5628,0
1114,5641,0
1115,5640,0
1114,5632,0
1124,5607,0
1129,5568,0
1141,5520,0
1153,5480,0
1170,5443,0
1191,5419,0
1204,5407,0
1217,5411,0
1224,5426,0
1228,5550,0
1236,5594,0
1229,5618,0
1237,5642,0
1232,5638,0
1234,5634,0
1240,5622,1
1310,5263,0
1310,5267,0
1311,5283,0
1312,5311,0
1310,5351,0
1307,5395,0
1304,5440,0
1305,5488,0
1305,5532,0
1303,5564,0
1311,5595,0
1308,5600,0
1306,5607,1
1278,5436,0
1279,5436,0
1283,5436,0
1295,5448,0
1304,5455,0
1317,5467,0
1330,5479,0
1347,5486,0
1364,5489,1
1478,5413,0
1469,5418,0
1455,5426,0
1440,5440,0
1423,5470,0
1411,5498,0
1405,5527,0
1406,5554,0
1415,5578,0
1423,5593,0
1441,5612,0
1456,5607,0
1476,5602,0
1485,5581,0
1490,5561,0
1492,5536,0
1489,5516,0
1483,5493,0
1472,5478,0
1461,5471,0
1452,5467,0
1446,5467,0
1442,5464,0
1445,5467,0
1452,5467,1
1643,5419,0
1644,5434,0
1640,5438,0
1629,5460,0
1611,5486,0
1588,5516,0
1567,5546,0
1546,5572,0
1531,5598,1
1504,5463,0
1510,5467,0
1524,5485,0
1538,5504,0
1551,5535,0
1566,5562,0
1581,5593,0
1599,5619,0
1615,5634,0
1633,5648,0
1647,5651,0
1649,5646,0
1659,5634,1
1736,5480,0
1739,5491,0
1744,5507,0
1746,5531,0
1746,5564,0
1747,5588,0
1748,5611,0
1742,5624,0
1751,5623,1
1766,5367,0
1764,5367,0
1763,5368,0
1761,5376,1
1859,5491,0
1845,5510,0
1800,5605,0
1805,5620,0
1814,5623,0
1824,5622,0
1838,5607,0
1851,5581,0
1889,5418,0
1889,5382,0
1891,5345,0
1891,5349,0
1894,5369,0
1891,5405,0
1891,5552,0
1889,5596,0
1888,5625,0
1890,5648,0
1895,5648,1
1981,5525,0
1985,5537,0
2035,5503,0
2026,5493,0
2016,5499,0
2005,5517,0
1992,5540,0
1971,5619,0
1973,5652,1
2275,5659,0
2265,5682,0
2258,5725,0
2241,5765,0
2229,5809,0
2217,5839,0
2207,5866,0
2199,5875,0
2198,5875,1
2485,5461,0
2480,5462,0
2475,5472,0
2472,5489,0
2466,5515,0
2472,5567,0
2469,5593,0
2474,5624,0
2477,5637,0
2482,5648,0
2482,5643,0
2489,5646,0
2491,5629,0
2493,5608,0
2495,5583,0
2502,5572,0
2507,5566,0
2517,5573,0
2530,5581,0
2548,5606,0
2564,5622,0
2581,5634,0
2589,5643,0
2596,5643,0
2602,5641,0
2606,5631,0
2606,5602,0
2604,5565,0
2607,5523,0
2612,5492,0
2613,5462,0
2622,5444,0
2625,5430,1
2726,5303,0
2727,5323,0
2728,5352,0
2729,5399,0
2729,5449,0
2726,5495,0
2728,5542,0
2727,5575,0
2725,5593,0
2724,5597,0
2726,5596,0
2725,5580,0
2742,5525,0
2753,5491,0
2770,5469,0
2785,5452,0
2800,5451,0
2813,5459,0
2825,5481,0
2832,5504,0
2835,5537,0
2837,5569,0
2839,5595,0
2837,5604,1
2917,5458,0
2919,5466,0
2924,5485,0
2926,5514,0
2924,5545,0
2922,5576,0
2919,5605,0
2920,5627,0
2922,5634,1
2924,5392,0
2920,5389,0
2917,5387,0
2914,5388,0
2916,5390,1
3027,5453,0
3021,5460,0
3012,5467,0
3000,5480,0
2984,5507,0
2970,5541,0
2965,5573,0
2960,5604,0
2967,5627,0
2979,5648,0
2996,5660,0
3014,5661,0
3033,5655,1
3139,5325,0
3139,5333,0
3146,5351,0
3145,5378,0
3148,5412,0
3146,5455,0
3149,5496,0
3148,5536,0
3148,5561,0
3148,5587,0
3153,5598,0
3155,5593,0
3163,5586,0
3174,5564,0
3185,5542,0
3202,5515,0
3221,5498,0
3235,5488,0
3247,5491,0
3252,5485,0
3265,5511,0
3264,5528,0
3267,5562,0
3264,5584,0
3264,5614,0
3264,5631,0
3262,5641,0
3266,5644,0
3274,5649,1
3571,5432,0
3567,5452,0
3563,5471,0
3566,5501,0
3562,5525,0
3568,5558,0
3568,5575,0
3566,5576,0
3573,5577,1
3578,5344,0
3572,5348,0
3570,5344,0
3572,5348,0
3571,5349,1
3674,5427,0
3667,5431,0
3658,5426,0
3648,5426,0
3635,5428,0
3631,5439,0
3632,5452,0
3643,5470,0
3655,5485,0
3674,5503,0
3689,5522,0
3699,5535,0
3703,5551,0
3703,5564,0
3694,5573,0
3679,5580,0
3664,5588,0
3650,5590,0
3640,5590,0
3636,5588,0
3635,5583,1
4100,5477,0
4094,5499,0
4092,5523,0
4092,5551,0
4087,5572,0
4085,5595,0
4082,5607,0
4083,5610,0
4083,5606,0
4087,5599,0
4094,5581,0
4106,5561,0
4120,5540,0
4132,5519,0
4146,5502,0
4162,5498,0
4168,5499,0
4176,5503,0
4181,5518,0
4181,5536,0
4183,5559,0
4181,5569,0
4183,5573,0
4186,5571,0
4189,5565,0
4200,5540,0
4218,5515,0
4240,5493,0
4264,5475,0
4287,5460,0
4308,5462,0
4323,5471,0
4331,5489,0
4331,5508,0
4336,5539,0
4331,5564,0
4332,5588,0
4329,5599,0
4333,5600,0
4342,5600,0
4355,5593,1
4461,5474,0
4459,5476,0
4452,5476,0
4442,5482,0
4426,5492,0
4408,5503,0
4402,5530,0
4396,5548,0
4394,5564,0
4404,5581,0
4417,5592,0
4430,5593,0
4445,5589,0
4458,5581,0
4466,5566,0
4473,5547,0
4468,5522,0
4466,5504,0
4458,5486,0
4453,5475,0
4451,5471,0
4447,5460,0
4453,5465,0
4453,5461,0
4460,5461,1
4531,5443,0
4524,5448,0
4522,5464,0
4518,5485,0
4511,5505,0
4511,5523,0
4514,5546,0
4522,5559,0
4534,5571,0
4546,5572,0
4559,5569,0
4572,5556,0
4584,5533,0
4592,5508,0
4600,5485,0
4604,5467,0
4610,5464,0
4607,5465,0
4608,5470,0
4609,5483,0
4607,5509,0
4610,5536,0
4614,5561,0
4621,5581,0
4626,5592,1
4698,5462,0
4698,5476,0
4697,5497,0
4694,5523,0
4690,5549,0
4688,5570,0
4684,5582,0
4685,5586,0
4693,5581,0
4700,5572,0
4712,5545,0
4726,5520,0
4743,5499,0
4758,5484,0
4769,5482,0
4773,5483,0
4785,5499,0
4785,5523,0
4780,5552,0
4781,5580,0
4782,5598,0
4786,5614,0
4792,5615,0
4799,5606,0
4805,5583,1
4909,5336,0
4910,5340,0
4912,5349,0
4915,5377,0
4910,5410,0
4903,5450,0
4901,5491,0
4895,5529,0
4893,5560,0
4893,5585,0
4895,5598,0
4894,5594,0
4891,5581,1
4864,5438,0
4864,5438,0
4875,5445,0
4885,5453,0
4898,5468,0
4910,5479,0
4924,5489,0
4937,5494,0
4952,5498,1
4956,5511,0
4956,5515,0
4961,5516,0
4968,5521,0
4977,5525,0
4989,5526,0
5004,5519,0
5016,5516,0
5016,5511,0
5018,5509,0
5004,5490,0
4992,5489,0
4980,5492,0
4973,5502,0
4973,5522,0
4973,5537,0
4978,5554,0
4987,5566,0
5006,5588,0
5022,5600,0
5038,5605,0
5047,5602,0
5069,5606,1
5158,5535,0
5152,5534,0
5146,5539,0
5133,5549,0
5122,5567,0
5111,5585,0
5105,5605,0
5103,5625,0
5111,5640,0
5120,5648,0
5131,5650,0
5143,5641,0
5160,5628,0
5175,5607,0
5184,5570,0
5189,5531,0
5191,5484,0
5195,5446,0
5195,5405,0
5194,5375,0
5192,5356,0
5192,5357,0
5190,5358,0
5192,5372,0
5195,5405,0
5197,5439,0
5206,5483,0
5211,5525,0
5220,5568,0
5222,5601,0
5228,5632,0
5238,5654,0
5240,5663,1
5685,5504,0
5670,5501,0
5653,5500,0
5638,5508,0
5620,5523,0
5611,5546,0
5605,5571,0
5617,5625,0
5631,5643,0
5651,5664,0
5665,5667,0
5688,5670,0
5706,5665,0
5716,5651,0
5720,5632,0
5719,5606,0
5713,5580,0
5705,5555,0
5693,5539,0
5679,5525,0
5672,5515,0
5666,5515,0
5664,5517,0
5660,5520,1
5774,5528,0
5776,5546,0
5780,5569,0
5786,5592,0
5786,5613,0
5791,5629,0
5795,5636,0
5805,5627,0
5820,5614,0
5894,5581,0
5914,5580,0
5928,5584,0
5938,5590,0
5947,5609,0
5950,5634,0
5954,5657,1
6363,5616,0
6343,5612,0
6324,5619,0
6300,5627,0
6285,5645,0
6279,5678,0
6276,5704,0
6280,5727,0
6293,5753,0
6312,5769,0
6329,5779,0
6353,5780,0
6365,5773,0
6389,5724,0
6396,5694,0
6394,5664,0
6390,5645,0
6388,5636,0
6386,5638,0
6385,5644,0
6394,5669,0
6401,5695,0
6413,5728,0
6426,5760,0
6446,5791,0
6454,5816,0
6466,5837,0
6467,5848,1