Aubrey recognizes this
818
1073,1213,1
1083,1225,0
1080,1221,0
1074,1217,0
1064,1213,0
1053,1213,0
1039,1212,0
1018,1207,0
1000,1213,0
967,1211,0
940,1224,0
902,1230,0
870,1249,0
830,1261,0
789,1280,0
755,1312,0
718,1343,0
685,1374,0
657,1406,0
634,1441,0
616,1481,0
606,1525,0
604,1563,0
609,1593,0
622,1623,0
639,1645,0
661,1655,0
688,1667,0
716,1665,0
746,1652,0
780,1638,0
815,1617,0
851,1590,0
884,1560,0
914,1519,0
945,1482,0
977,1445,0
1005,1406,0
1027,1368,0
1049,1336,0
1068,1305,0
1083,1277,0
1100,1264,0
1105,1253,0
1107,1252,0
1107,1252,0
1108,1257,0
1105,1260,0
1101,1276,0
1093,1301,0
1080,1329,0
1068,1361,0
1060,1392,0
1054,1425,0
1049,1457,0
1048,1492,0
1044,1524,0
1046,1565,0
1049,1597,0
1056,1621,0
1068,1633,0
1087,1641,0
1107,1637,0
1131,1628,0
1158,1615,0
1185,1592,0
1212,1567,0
1235,1536,0
1261,1512,0
1281,1486,0
1295,1463,0
1306,1449,0
1310,1440,0
1314,1444,0
1310,1444,0
1308,1452,0
1302,1470,0
1293,1492,0
1289,1521,0
1284,1546,0
1283,1566,0
1286,1582,0
1293,1593,0
1304,1599,0
1315,1597,0
1331,1591,0
1351,1580,0
1371,1559,0
1390,1534,0
1410,1513,0
1425,1488,0
1442,1471,0
1451,1452,0
1459,1442,0
1466,1440,0
1465,1440,0
1464,1445,0
1463,1457,0
1455,1472,0
1452,1498,0
1443,1521,0
1440,1546,0
1443,1570,0
1446,1586,0
1454,1597,0
1469,1605,0
1488,1604,0
1512,1593,0
1541,1571,0
1576,1546,0
1611,1512,0
1645,1472,0
1678,1430,0
1709,1388,0
1742,1348,0
1765,1307,0
1782,1269,0
1794,1241,0
1795,1222,0
1788,1211,0
1785,1209,0
1766,1207,0
1752,1220,0
1731,1243,0
1704,1269,0
1683,1303,0
1664,1340,0
1647,1380,0
1632,1421,0
1625,1464,0
1623,1503,0
1622,1533,0
1630,1561,0
1648,1584,0
1666,1594,0
1691,1595,0
1715,1585,0
1742,1569,0
1771,1550,0
1789,1523,0
1807,1500,0
1818,1480,0
1816,1462,0
1816,1457,0
1809,1453,0
1800,1449,0
1796,1451,0
1790,1450,0
1792,1453,0
1788,1450,0
1798,1459,0
1807,1463,0
1823,1468,0
1839,1467,0
1857,1466,0
1879,1462,0
1899,1455,0
1921,1450,0
1935,1441,0
1949,1436,0
1954,1433,0
1959,1434,0
1960,1438,0
1960,1448,0
1956,1461,0
1954,1481,0
1946,1500,0
1937,1521,0
1933,1541,0
1929,1554,0
1930,1563,0
1926,1560,0
1927,1560,0
1931,1558,0
1940,1552,0
1942,1531,0
1956,1512,0
1971,1493,0
1984,1475,0
1993,1459,0
2011,1451,0
2022,1443,0
2036,1442,0
2048,1443,0
2062,1448,0
2072,1455,0
2082,1463,0
2099,1474,0
2111,1481,0
2125,1486,0
2142,1486,0
2162,1481,0
2180,1471,0
2199,1459,0
2213,1448,0
2223,1438,0
2220,1430,0
2216,1428,0
2212,1426,0
2201,1426,0
2185,1430,0
2172,1441,0
2152,1453,0
2137,1471,0
2123,1486,0
2111,1501,0
2111,1521,0
2111,1537,0
2116,1552,0
2125,1566,0
2137,1576,0
2154,1584,0
2176,1587,0
2196,1581,0
2222,1571,0
2246,1556,0
2271,1540,0
2289,1520,0
2303,1501,0
2315,1485,0
2323,1471,0
2329,1459,0
2328,1451,0
2323,1448,0
2318,1448,0
2313,1453,0
2306,1465,0
2295,1481,0
2287,1500,0
2281,1516,0
2282,1531,0
2288,1541,0
2295,1546,0
2311,1549,0
2323,1541,0
2349,1534,0
2371,1520,0
2393,1504,0
2415,1488,0
2439,1474,0
2456,1457,0
2475,1442,0
2485,1430,0
2499,1426,0
2506,1426,0
2505,1426,0
2509,1434,0
2511,1450,0
2505,1469,0
2498,1494,0
2482,1521,0
2473,1555,0
2456,1587,0
2441,1619,0
2422,1652,0
2401,1681,0
2376,1708,0
2351,1729,0
2328,1747,0
2297,1756,0
2276,1763,0
2254,1759,0
2240,1749,0
2237,1737,0
2234,1714,0
2242,1692,0
2258,1670,0
2280,1648,0
2311,1627,1
2910,1413,0
2914,1415,0
2910,1414,0
2909,1414,0
2911,1419,0
2910,1427,0
2907,1437,0
2908,1450,0
2903,1465,0
2901,1481,0
2895,1496,0
2896,1515,0
2894,1531,0
2894,1545,0
2890,1556,0
2895,1570,0
2892,1580,0
2895,1590,0
2892,1594,0
2894,1597,0
2894,1597,0
2894,1597,0
2895,1594,0
2894,1590,0
2896,1581,0
2895,1569,0
2900,1558,0
2905,1544,0
2912,1527,0
2922,1512,0
2929,1498,0
2942,1486,0
2955,1474,0
2967,1465,0
2981,1458,0
2994,1453,0
3009,1451,0
3023,1453,0
3035,1457,0
3049,1465,0
3057,1474,0
3069,1485,0
3081,1495,0
3094,1505,0
3108,1512,0
3124,1517,0
3142,1519,0
3163,1517,0
3185,1512,0
3200,1503,0
3219,1496,0
3230,1484,0
3241,1474,0
3247,1465,0
3247,1457,0
3243,1450,0
3236,1443,0
3229,1440,0
3216,1438,0
3202,1440,0
3184,1445,0
3173,1455,0
3160,1468,0
3151,1483,0
3141,1499,0
3138,1517,0
3140,1537,0
3144,1553,0
3153,1567,0
3165,1578,0
3179,1585,0
3197,1588,0
3218,1586,0
3242,1579,0
3261,1564,0
3285,1549,0
3308,1532,0
3329,1515,0
3347,1499,0
3365,1484,0
3385,1474,0
3398,1467,0
3402,1459,0
3408,1457,0
3409,1455,0
3409,1456,0
3400,1455,0
3395,1455,0
3388,1459,0
3376,1466,0
3360,1476,0
3344,1488,0
3338,1500,0
3327,1509,0
3329,1522,0
3327,1533,0
3334,1545,0
3337,1555,0
3348,1568,0
3362,1576,0
3380,1583,0
3398,1585,0
3419,1582,0
3450,1578,0
3474,1567,0
3505,1555,0
3530,1541,0
3558,1526,0
3583,1512,0
3602,1501,0
3621,1491,0
3639,1483,0
3660,1477,0
3676,1473,0
3689,1472,0
3703,1471,0
3711,1473,0
3715,1474,0
3711,1474,0
3711,1475,0
3711,1475,0
3702,1475,0
3687,1476,0
3668,1478,0
3653,1483,0
3632,1488,0
3614,1496,0
3596,1506,0
3576,1518,0
3562,1534,0
3552,1551,0
3539,1567,0
3542,1586,0
3542,1603,0
3551,1618,0
3563,1630,0
3574,1634,0
3596,1636,0
3617,1632,0
3638,1619,0
3657,1604,0
3674,1587,0
3693,1569,0
3702,1551,0
3706,1536,0
3709,1523,0
3708,1514,0
3700,1504,0
3695,1496,0
3694,1491,0
3687,1488,0
3690,1490,0
3689,1491,0
3691,1494,0
3697,1503,0
3704,1514,0
3718,1523,0
3731,1531,0
3746,1537,0
3766,1542,0
3783,1544,0
3802,1542,0
3817,1538,0
3839,1530,0
3857,1521,0
3879,1512,0
3902,1501,0
3918,1495,0
3938,1489,0
3950,1483,0
3967,1484,0
3973,1481,0
3974,1481,0
3974,1481,0
3973,1481,0
3969,1481,0
3952,1480,0
3936,1486,0
3915,1494,0
3889,1502,0
3866,1513,0
3849,1529,0
3832,1544,0
3819,1560,0
3815,1578,0
3813,1592,0
3816,1603,0
3825,1611,0
3841,1614,0
3857,1610,0
3880,1601,0
3905,1587,0
3927,1570,0
3945,1551,0
3959,1532,0
3969,1517,0
3976,1503,0
3981,1493,0
3978,1490,0
3978,1491,0
3976,1493,0
3977,1501,0
3978,1519,0
3976,1541,0
3966,1570,0
3958,1605,0
3945,1640,0
3928,1674,0
3911,1706,0
3888,1730,0
3871,1751,0
3850,1764,0
3838,1771,0
3825,1768,0
3818,1763,0
3814,1754,0
3817,1740,0
3824,1722,0
3839,1705,0
3857,1686,0
3877,1666,0
3901,1648,0
3927,1632,0
3959,1614,0
3986,1596,0
4012,1578,0
4041,1561,0
4066,1546,0
4087,1530,0
4103,1515,0
4116,1504,0
4125,1495,0
4128,1488,0
4133,1486,0
4133,1487,0
4131,1490,0
4128,1498,0
4126,1512,0
4117,1531,0
4109,1550,0
4100,1569,0
4093,1585,0
4082,1597,0
4078,1605,0
4077,1608,0
4077,1608,0
4079,1604,0
4082,1598,0
4088,1585,0
4101,1568,0
4116,1551,0
4138,1534,0
4157,1519,0
4176,1505,0
4198,1496,0
4218,1491,0
4236,1488,0
4256,1492,0
4267,1497,0
4275,1508,0
4283,1522,0
4280,1539,0
4276,1558,0
4270,1581,0
4269,1602,0
4266,1619,0
4267,1628,0
4269,1633,0
4276,1636,0
4288,1630,0
4307,1616,0
4328,1598,0
4350,1580,0
4372,1559,0
4391,1543,0
4406,1527,0
4419,1516,0
4430,1511,0
4431,1510,0
4430,1511,0
4429,1513,0
4424,1527,0
4414,1539,0
4407,1556,0
4399,1574,0
4396,1592,0
4394,1607,0
4398,1618,0
4408,1624,0
4417,1626,0
4435,1624,0
4453,1612,0
4478,1596,0
4502,1578,0
4531,1559,0
4552,1540,0
4578,1528,0
4600,1515,0
4622,1503,0
4641,1499,0
4659,1495,0
4676,1497,0
4685,1505,0
4699,1515,0
4707,1528,0
4714,1544,0
4714,1553,0
4714,1566,0
4705,1576,0
4703,1582,0
4694,1585,0
4692,1588,0
4692,1588,0
4688,1587,0
4688,1586,0
4689,1585,0
4694,1582,0
4700,1578,0
4708,1579,0
4719,1587,0
4720,1594,0
4727,1610,0
4724,1627,0
4719,1650,0
4709,1676,0
4692,1705,0
4671,1732,0
4640,1755,0
4613,1775,0
4587,1793,0
4553,1801,0
4529,1804,0
4516,1802,0
4511,1795,0
4511,1778,0
4519,1758,0
4535,1734,0
4558,1712,0
4589,1689,0
4618,1665,0
4658,1642,0
4696,1621,0
4739,1600,0
4783,1586,0
4818,1570,0
4855,1555,0
4889,1541,0
4908,1524,0
4926,1510,0
4934,1497,0
4940,1483,0
4939,1471,0
4930,1462,0
4920,1454,0
4903,1452,0
4886,1453,0
4864,1456,0
4848,1466,0
4832,1476,0
4818,1490,0
4810,1503,0
4804,1518,0
4804,1531,0
4807,1545,0
4810,1559,0
4813,1573,0
4823,1581,0
4837,1592,0
4847,1597,0
4866,1605,0
4881,1611,0
4901,1614,0
4919,1613,0
4941,1611,0
4963,1607,0
4980,1597,0
4999,1589,0
5016,1578,0
5038,1563,0
5053,1546,0
5074,1532,0
5093,1518,0
5105,1504,0
5122,1492,0
5137,1482,0
5145,1471,0
5151,1465,0
5161,1462,0
5166,1462,0
5168,1464,0
5175,1471,0
5177,1478,0
5178,1486,0
5183,1497,0
5184,1509,0
5184,1520,0
5180,1532,0
5183,1548,0
5175,1558,0
5173,1565,0
5159,1569,0
5146,1573,0
5128,1573,0
5103,1573,0
5083,1570,1
4455,1200,0
4459,1200,0
4459,1200,0
4463,1199,0
4468,1196,0
4473,1194,0
4483,1194,0
4490,1193,0
4495,1191,1
5646,1459,1
5643,1456,0
5639,1456,0
5636,1465,0
5635,1483,0
5634,1501,0
5642,1515,0
5657,1522,0
5678,1521,0
5702,1511,0
5736,1494,0
5769,1467,0
5802,1437,0
5834,1406,0
5864,1373,0
5887,1344,0
5910,1319,0
5926,1304,0
5932,1297,0
5932,1297,0
5923,1300,0
5910,1319,0
5890,1348,0
5868,1387,0
5840,1433,0
5805,1483,0
5778,1536,0
5752,1582,0
5731,1622,0
5710,1650,0
5696,1667,0
5684,1676,0
5670,1669,1
5672,1582,0
5672,1582,0
5679,1590,0
5686,1594,0
5701,1597,0
5723,1595,0
5745,1592,0
5771,1585,0
5800,1574,0
5839,1557,0
5874,1534,0
5915,1509,0
5952,1479,0
5985,1449,0
6018,1417,0
6042,1388,0
6052,1363,0
6060,1347,0
6062,1336,0
6059,1331,0
6047,1330,0
6038,1334,0
6022,1349,0
6000,1373,0
5980,1404,0
5959,1438,0
5940,1476,0
5926,1515,0
5910,1555,0
5900,1589,0
5891,1619,0
5889,1640,0
5893,1654,0
5891,1660,0
5895,1662,0
5905,1656,0
5922,1643,0
5944,1624,0
5967,1602,0
5998,1581,0
6029,1562,0
6054,1545,0
6078,1532,0
6104,1527,0
6113,1526,0
6121,1529,0
6121,1541,0
6113,1558,0
6102,1581,0
6088,1600,0
6080,1616,0
6078,1623,0
6080,1629,0
6092,1628,0
6112,1622,0
6136,1609,0
6161,1594,0
6190,1579,0
6215,1564,0
6231,1551,0
6245,1542,0
6252,1537,0
6251,1538,0
6250,1541,0
6242,1555,0
6225,1570,0
6212,1591,0
6198,1609,0
6194,1625,0
6195,1633,0
6203,1638,0
6215,1639,0
6237,1634,0
6266,1622,0
6294,1607,0
6328,1590,0
6358,1573,0
6387,1554,0
6416,1539,0
6440,1525,0
6464,1513,0
6486,1506,0
6500,1501,0
6512,1501,0
6527,1505,0
6534,1514,0
6539,1526,0
6543,1541,0
6543,1558,0
6543,1574,0
6539,1589,0
6536,1601,0
6530,1608,0
6517,1609,0
6505,1611,0
6485,1608,0
6466,1600,1
6261,1401,0
6254,1392,0
6256,1382,0
6263,1376,0
6276,1371,1