deal of truth in the notion that the
742
1126,4048,0
1125,4052,0
1125,4052,0
1129,4044,0
1126,4036,0
1124,4024,0
1118,4012,0
1110,4000,0
1097,3996,0
1088,4000,0
1075,4000,0
1066,4004,0
1059,4017,0
1054,4032,0
1054,4052,0
1059,4072,0
1072,4092,0
1086,4097,0
1100,4092,0
1117,4080,0
1130,4064,0
1140,4040,0
1148,4012,0
1153,3976,0
1158,3944,0
1160,3908,0
1160,3884,0
1157,3876,0
1153,3872,0
1152,3880,0
1147,3887,0
1149,3908,0
1143,3936,0
1153,3980,0
1163,4015,0
1175,4051,0
1187,4079,0
1199,4095,0
1212,4098,0
1223,4094,0
1236,4089,0
1246,4077,0
1254,4061,0
1261,4041,0
1263,4016,0
1261,4000,0
1259,4000,0
1254,4000,0
1247,4000,0
1241,4017,0
1239,4037,0
1246,4061,0
1261,4077,0
1278,4087,0
1293,4087,0
1312,4073,0
1331,4056,1
1401,4047,0
1404,4043,0
1406,4039,0
1405,4027,0
1403,4019,0
1398,4011,0
1390,4007,0
1377,4005,0
1363,4006,0
1350,4015,0
1339,4028,0
1330,4041,0
1329,4056,0
1332,4068,0
1341,4080,0
1353,4079,0
1367,4077,0
1382,4068,0
1394,4051,0
1406,4043,0
1411,4030,0
1413,4022,0
1412,4022,0
1411,4027,0
1407,4039,0
1406,4051,0
1408,4063,0
1418,4074,0
1433,4081,0
1445,4075,0
1461,4065,0
1476,4053,0
1488,4031,0
1503,4005,0
1514,3976,0
1523,3947,0
1526,3923,0
1524,3906,0
1520,3906,0
1512,3911,0
1500,3921,0
1488,3942,0
1480,3976,0
1479,4008,0
1489,4039,0
1506,4057,0
1522,4063,0
1546,4061,0
1566,4054,1
1889,4020,0
1895,4019,0
1898,4015,0
1897,4011,0
1894,4003,0
1890,4000,0
1882,3993,0
1870,3983,0
1855,3982,0
1839,3986,0
1828,3995,0
1819,4010,0
1816,4027,0
1819,4046,0
1827,4061,0
1841,4070,0
1853,4068,0
1872,4065,0
1887,4053,0
1901,4042,0
1908,4029,0
1909,4020,0
1907,4012,0
1900,4005,0
1891,4000,0
1890,4004,0
1891,4007,0
1896,4015,0
1909,4024,0
1922,4022,0
1936,4010,0
1952,3994,0
1970,3974,0
1986,3945,0
1979,3959,0
1968,3998,0
1964,4053,0
1965,4102,0
1971,4142,0
1975,4169,0
1977,4186,0
1978,4193,0
1978,4193,0
1973,4187,0
1962,4172,1
1937,4128,0
1934,4126,0
1942,4119,0
1955,4109,0
1978,4091,0
2009,4063,1
2272,3861,0
2272,3861,0
2273,3865,0
2272,3870,0
2270,3879,0
2270,3891,0
2273,3907,0
2274,3927,0
2278,3951,0
2280,3972,0
2282,3992,0
2282,4005,0
2285,4017,0
2282,4017,0
2282,4017,0
2279,4018,0
2273,4012,0
2262,4003,0
2252,3993,0
2248,3990,0
2245,3987,0
2246,3986,0
2247,3986,0
2253,3980,0
2268,3975,0
2285,3966,0
2303,3960,0
2318,3955,0
2330,3952,0
2341,3956,0
2347,3962,0
2351,3974,0
2355,3993,0
2352,4003,0
2350,4004,0
2350,4003,0
2352,4003,0
2352,3991,0
2345,3967,0
2345,3954,0
2345,3947,0
2343,3942,0
2339,3940,0
2338,3940,0
2340,3944,0
2342,3947,0
2347,3954,0
2355,3959,0
2360,3958,0
2368,3956,0
2378,3956,0
2384,3950,0
2388,3945,0
2393,3942,0
2395,3937,0
2395,3937,0
2397,3941,0
2396,3941,0
2394,3947,0
2392,3956,0
2390,3969,0
2392,3986,0
2396,3996,0
2402,4003,0
2408,4001,0
2420,3996,0
2429,3985,0
2444,3975,0
2454,3963,0
2458,3949,0
2462,3940,0
2463,3939,0
2461,3939,0
2460,3945,0
2460,3962,0
2460,3978,0
2461,3995,0
2470,4009,0
2482,4009,0
2494,3991,0
2519,3974,1
2526,3868,0
2532,3882,0
2536,3903,0
2540,3926,0
2545,3954,0
2548,3983,0
2548,4005,0
2545,4019,0
2545,4024,0
2545,4023,0
2543,4020,0
2538,4005,0
2531,3986,0
2525,3971,0
2521,3959,0
2521,3956,0
2521,3956,0
2524,3958,0
2534,3959,0
2546,3959,0
2564,3961,0
2577,3951,0
2589,3937,0
2603,3923,0
2613,3906,0
2620,3891,0
2622,3877,0
2618,3865,0
2614,3858,0
2611,3860,0
2607,3865,0
2601,3877,0
2599,3899,0
2593,3919,0
2585,3948,0
2585,3974,0
2589,3989,0
2594,3991,0
2603,3988,0
2611,3976,0
2625,3962,0
2637,3953,0
2645,3949,0
2654,3954,0
2658,3962,0
2660,3974,0
2663,3994,0
2671,4004,0
2685,4015,0
2702,4012,0
2726,4002,0
2750,3978,0
2780,3974,1
3006,3927,0
3006,3932,0
3004,3938,0
3004,3956,0
3003,3974,0
3000,3988,0
3001,4005,0
3002,4015,0
3006,4012,1
3021,3857,0
3017,3854,0
3015,3856,0
3012,3862,0
3008,3868,1
3063,3925,0
3066,3928,0
3062,3925,0
3062,3930,0
3062,3943,0
3061,3962,0
3062,3984,0
3062,3998,0
3067,4009,0
3072,4011,0
3078,4007,0
3086,3994,0
3098,3980,0
3107,3965,0
3116,3956,0
3120,3953,0
3119,3954,0
3122,3966,0
3123,3984,0
3124,4005,0
3132,4024,1
3402,3807,0
3402,3807,0
3401,3817,0
3399,3832,0
3400,3860,0
3400,3888,0
3402,3921,0
3407,3954,0
3409,3976,0
3414,3993,0
3414,3997,0
3414,3998,0
3414,3998,0
3409,3991,0
3399,3978,0
3390,3961,0
3379,3949,0
3370,3939,0
3369,3940,0
3370,3940,0
3372,3939,0
3387,3939,0
3405,3933,0
3427,3923,0
3447,3906,0
3465,3886,0
3483,3869,0
3496,3856,0
3497,3841,0
3496,3832,0
3491,3826,0
3487,3828,0
3482,3831,0
3479,3848,0
3476,3873,0
3473,3909,0
3470,3948,0
3469,3978,0
3469,3996,0
3470,4000,0
3472,3998,0
3479,3991,0
3486,3976,0
3497,3959,0
3508,3948,0
3519,3946,0
3523,3947,0
3522,3952,0
3527,3969,0
3522,3981,0
3530,4000,0
3539,4014,0
3551,4016,0
3566,4011,0
3587,4001,0
3610,3986,0
3629,3964,0
3648,3947,0
3658,3930,0
3658,3920,0
3659,3925,0
3649,3926,0
3638,3938,0
3635,3960,0
3636,3983,0
3643,3998,0
3657,4007,0
3679,4008,0
3705,3999,1
3947,3983,0
3947,3983,0
3945,3979,0
3945,3976,0
3943,3966,0
3945,3950,0
3952,3935,0
3959,3915,0
3969,3902,0
3981,3897,0
3989,3896,0
3998,3900,0
4005,3913,0
4007,3928,0
4010,3951,0
4009,3966,0
4006,3979,0
4005,3980,0
4007,3978,0
4011,3970,0
4017,3956,0
4022,3937,0
4034,3922,0
4044,3909,0
4053,3901,0
4063,3898,0
4075,3905,0
4082,3914,0
4085,3928,0
4087,3947,0
4085,3963,0
4089,3976,0
4094,3976,1
4196,3956,0
4200,3947,0
4208,3940,0
4212,3932,0
4210,3918,0
4206,3905,0
4203,3898,0
4196,3894,0
4182,3889,0
4166,3893,0
4152,3904,0
4138,3921,0
4129,3938,0
4128,3959,0
4136,3978,0
4147,3986,0
4168,3988,0
4189,3981,0
4207,3968,0
4219,3952,0
4227,3940,0
4229,3933,0
4218,3921,0
4210,3918,0
4197,3913,0
4193,3917,0
4192,3918,0
4193,3916,0
4203,3913,1
4289,3814,0
4289,3814,0
4287,3815,0
4288,3824,0
4287,3841,0
4290,3871,0
4287,3900,0
4290,3934,0
4288,3962,0
4287,3978,0
4290,3986,0
4291,3986,0
4290,3981,0
4287,3974,0
4278,3960,0
4273,3949,0
4266,3939,0
4262,3937,0
4261,3937,0
4264,3940,0
4268,3942,0
4279,3944,0
4290,3940,0
4306,3931,0
4324,3921,0
4340,3906,0
4354,3894,0
4365,3885,0
4370,3885,0
4368,3887,0
4365,3896,0
4356,3909,0
4350,3930,0
4346,3949,0
4347,3965,0
4354,3969,0
4367,3974,0
4384,3969,0
4398,3957,0
4415,3942,0
4426,3921,1
4430,3826,0
4425,3821,0
4422,3818,0
4421,3819,1
4479,3922,0
4484,3918,0
4488,3909,0
4488,3899,0
4488,3888,0
4481,3877,0
4480,3879,0
4469,3878,0
4459,3887,0
4447,3897,0
4442,3918,0
4438,3937,0
4439,3958,0
4444,3970,0
4454,3973,0
4468,3969,0
4483,3962,0
4492,3948,0
4500,3937,0
4504,3921,0
4507,3913,0
4499,3905,0
4492,3905,0
4485,3906,0
4481,3910,0
4479,3912,0
4482,3915,0
4492,3916,0
4502,3913,0
4514,3906,0
4527,3901,0
4538,3896,0
4549,3896,0
4555,3897,0
4562,3901,0
4562,3911,0
4555,3918,0
4550,3933,0
4546,3948,0
4541,3958,0
4542,3962,0
4544,3960,0
4548,3952,0
4555,3939,0
4566,3924,0
4579,3912,0
4591,3906,0
4603,3905,0
4612,3904,0
4620,3907,0
4623,3915,0
4618,3918,0
4617,3931,0
4615,3945,0
4614,3957,0
4611,3964,0
4620,3972,0
4628,3975,0
4668,3966,0
4680,3960,0
4692,3954,0
4701,3946,1
5029,3817,0
5028,3806,0
5030,3804,0
5026,3802,0
5026,3813,0
5027,3831,0
5028,3859,0
5035,3892,0
5042,3932,0
5050,3964,0
5055,3988,0
5057,3998,0
5055,3999,0
5055,3999,0
5048,3995,0
5038,3982,0
5025,3967,0
5011,3953,0
5009,3950,0
5007,3951,0
5009,3954,0
5014,3956,0
5030,3962,0
5046,3956,0
5067,3947,0
5085,3927,0
5106,3910,0
5119,3884,0
5132,3865,0
5137,3847,0
5133,3834,0
5125,3830,0
5122,3834,0
5116,3846,0
5110,3865,0
5110,3895,0
5110,3935,0
5113,3972,0
5125,4001,0
5130,4007,0
5139,4003,0
5153,3995,0
5166,3981,0
5180,3966,0
5195,3956,0
5204,3952,0
5211,3957,0
5218,3966,0
5227,3980,0
5242,3993,0
5254,3998,0
5269,3993,0
5290,3982,1
5360,3976,0
5361,3969,0
5365,3964,0
5359,3953,0
5357,3943,0
5355,3933,0
5349,3922,0
5340,3919,0
5332,3923,0
5321,3930,0
5315,3942,0
5308,3956,0
5308,3974,0
5315,3984,0
5323,3987,0
5331,3983,0
5342,3972,0
5352,3961,0
5361,3951,0
5361,3945,0
5360,3946,0
5361,3950,0
5361,3962,0
5364,3978,0
5366,3992,0
5378,4003,0
5388,4004,0
5400,4002,0
5414,3992,0
5429,3976,0
5436,3957,0
5445,3933,0
5451,3907,0
5453,3881,0
5454,3855,0
5450,3840,0
5454,3836,0
5452,3839,0
5450,3841,0
5453,3855,0
5457,3876,0
5461,3909,0
5469,3942,0
5475,3972,0
5480,3990,0
5482,3994,0
5482,3993,0
5483,3993,0
5481,3983,0
5468,3968,0
5459,3953,0
5453,3950,0
5453,3950,0
5448,3949,0
5451,3951,0
5459,3954,0
5476,3959,0
5496,3954,0
5522,3948,0
5552,3938,0
5576,3926,1
5764,3862,0
5763,3855,0
5762,3856,0
5762,3857,0
5762,3864,0
5767,3882,0
5769,3906,0
5763,3932,0
5764,3964,0
5763,3984,0
5764,3995,0
5764,3994,0
5766,3993,0
5760,3980,0
5752,3965,0
5744,3950,0
5741,3941,0
5740,3942,0
5737,3940,0
5738,3944,0
5747,3952,0
5762,3959,0
5778,3959,0
5795,3956,0
5812,3942,0
5831,3925,0
5848,3904,0
5863,3884,0
5872,3865,0
5873,3851,0
5873,3845,0
5870,3847,0
5870,3855,0
5859,3868,0
5858,3896,0
5855,3926,0
5853,3954,0
5854,3972,0
5855,3977,0
5861,3976,0
5872,3969,0
5885,3959,0
5895,3947,0
5902,3937,0
5911,3940,0
5916,3946,0
5921,3959,0
5923,3970,0
5931,3978,0
5943,3982,0
5963,3983,0
5981,3972,0
6004,3957,0
6042,3925,0
6050,3916,0
6051,3913,0
6047,3919,0
6042,3933,0
6042,3947,0
6055,3962,0
6083,3971,0
6124,3964,0
6172,3946,0
6221,3921,1