geological environment is the primary
802
1128,4428,0
1129,4420,0
1124,4412,0
1119,4400,0
1115,4389,0
1110,4377,0
1100,4373,0
1088,4373,0
1075,4381,0
1060,4393,0
1050,4413,0
1048,4429,0
1054,4448,0
1066,4461,0
1080,4465,0
1091,4456,0
1104,4448,0
1114,4432,0
1122,4420,0
1123,4416,0
1123,4416,0
1123,4420,0
1125,4428,0
1129,4440,0
1138,4468,0
1149,4492,0
1166,4523,0
1167,4552,0
1169,4579,0
1169,4599,0
1167,4608,0
1165,4616,0
1160,4620,0
1150,4612,0
1137,4596,0
1126,4580,0
1114,4564,0
1105,4548,0
1105,4536,0
1105,4520,0
1113,4508,0
1125,4500,0
1137,4484,0
1153,4476,0
1167,4463,0
1182,4447,0
1194,4431,0
1206,4415,0
1213,4403,0
1216,4394,0
1211,4379,0
1203,4379,0
1193,4383,0
1179,4391,0
1173,4411,0
1168,4432,0
1171,4451,0
1180,4463,0
1194,4467,0
1216,4462,0
1241,4449,1
1621,4357,0
1619,4354,0
1618,4354,0
1613,4350,0
1606,4343,0
1596,4340,0
1585,4342,0
1573,4348,0
1560,4357,0
1552,4370,0
1546,4387,0
1546,4399,0
1552,4418,0
1563,4430,0
1573,4424,0
1584,4415,0
1601,4401,0
1609,4375,0
1615,4362,0
1617,4350,0
1614,4346,0
1611,4350,0
1609,4351,0
1610,4359,0
1611,4363,0
1612,4367,0
1622,4369,0
1634,4365,0
1652,4345,0
1664,4324,0
1677,4306,0
1686,4280,0
1450,4300,0
1451,4287,0
1450,4287,0
1446,4292,0
1438,4297,0
1429,4309,0
1421,4331,0
1414,4359,0
1407,4388,0
1402,4413,0
1410,4427,0
1428,4430,0
1441,4429,1
1499,4388,0
1496,4400,0
1497,4408,0
1505,4415,0
1519,4422,0
1536,4412,0
1546,4370,0
1544,4371,1
1689,4368,0
1691,4365,0
1686,4353,0
1683,4350,0
1673,4343,0
1663,4344,0
1648,4346,0
1633,4352,0
1619,4366,0
1611,4379,0
1651,4410,0
1664,4396,0
1674,4382,0
1688,4373,0
1691,4368,0
1693,4379,0
1696,4392,0
1693,4408,0
1691,4433,0
1690,4461,0
1691,4481,0
1696,4501,0
1695,4517,0
1697,4521,0
1694,4525,0
1692,4526,0
1682,4523,0
1670,4517,0
1656,4502,0
1648,4488,0
1646,4480,0
1645,4471,0
1651,4466,0
1660,4453,0
1674,4439,0
1691,4425,0
1707,4406,0
1724,4388,0
1738,4369,0
1749,4352,0
1757,4338,0
1758,4330,0
1759,4333,0
1755,4334,0
1753,4342,0
1746,4360,0
1744,4377,0
1745,4396,0
1749,4408,0
1759,4410,0
1771,4400,0
1786,4389,1
1808,4292,0
1807,4292,0
1804,4293,0
1807,4293,1
1882,4340,0
1880,4336,0
1873,4333,0
1861,4331,0
1847,4338,0
1833,4349,0
1821,4360,0
1814,4377,0
1812,4394,0
1809,4410,0
1820,4425,0
1836,4430,0
1857,4430,0
1880,4425,0
1902,4409,0
1921,4397,0
1938,4377,1
1998,4337,0
1997,4333,0
1993,4333,0
1987,4331,0
1978,4328,0
1969,4331,0
1955,4329,0
1942,4336,0
1930,4351,0
1922,4365,0
1920,4381,0
1923,4401,0
1926,4409,0
1936,4415,0
1952,4412,0
1967,4401,0
1984,4385,0
1997,4374,0
2006,4363,0
2008,4355,0
2007,4351,0
2002,4348,0
2001,4352,0
1998,4357,0
1997,4373,0
1997,4390,0
1997,4406,0
2005,4421,0
2013,4420,0
2029,4420,0
2048,4415,0
2068,4403,0
2089,4385,0
2110,4364,0
2128,4339,0
2142,4314,0
2153,4291,0
2158,4269,0
2158,4256,0
2156,4257,0
2150,4258,0
2142,4269,0
2133,4284,0
2130,4313,0
2124,4344,0
2126,4367,0
2135,4383,0
2147,4391,0
2170,4398,0
2191,4393,0
2213,4386,0
2237,4381,1
2495,4365,0
2501,4366,0
2511,4372,0
2524,4375,0
2538,4375,0
2548,4362,0
2562,4354,0
2576,4340,0
2585,4328,0
2585,4311,0
2584,4303,0
2574,4290,0
2564,4289,0
2552,4294,0
2537,4299,0
2526,4315,0
2519,4335,0
2521,4364,0
2528,4391,0
2540,4403,0
2560,4413,0
2579,4411,0
2601,4399,0
2623,4382,0
2642,4363,1
2662,4283,0
2658,4292,0
2653,4311,0
2648,4335,0
2647,4357,0
2649,4372,0
2652,4380,0
2661,4381,0
2671,4378,0
2683,4373,0
2695,4364,0
2704,4352,0
2712,4340,0
2718,4338,0
2717,4339,0
2721,4350,0
2723,4362,0
2726,4378,0
2737,4396,0
2750,4398,1
2825,4343,0
2826,4346,0
2827,4354,0
2833,4373,0
2840,4388,0
2849,4401,0
2856,4408,0
2866,4412,0
2873,4408,0
2881,4406,0
2885,4391,0
2890,4376,0
2890,4358,0
2890,4340,0
2888,4328,0
2883,4318,0
2880,4319,0
2879,4324,0
2878,4328,0
2882,4336,0
2889,4341,0
2900,4345,0
2909,4341,0
2923,4340,0
2934,4334,0
2942,4326,0
2948,4324,0
2951,4327,0
2949,4328,0
2946,4334,0
2943,4348,0
2940,4362,0
2942,4379,0
2948,4389,0
2958,4394,0
2968,4389,0
2984,4382,1
2989,4256,0
2984,4255,0
2982,4256,0
2979,4257,0
2986,4263,1
3045,4301,0
3045,4302,0
3045,4306,0
3042,4315,0
3045,4332,0
3048,4348,0
3051,4360,0
3054,4367,0
3057,4371,0
3058,4370,0
3060,4365,0
3060,4351,0
3063,4337,0
3062,4320,0
3059,4308,0
3062,4306,0
3062,4306,0
3064,4305,0
3073,4310,0
3084,4309,0
3095,4303,0
3108,4302,0
3122,4303,0
3135,4302,0
3150,4304,0
3162,4302,0
3168,4299,0
3170,4297,0
3170,4298,0
3167,4299,0
3162,4302,0
3151,4299,0
3140,4304,0
3129,4309,0
3117,4315,0
3110,4328,0
3105,4338,0
3107,4350,0
3113,4362,0
3126,4369,0
3142,4374,0
3156,4367,0
3170,4356,0
3181,4346,0
3188,4333,0
3192,4323,0
3191,4314,0
3183,4304,0
3175,4304,0
3168,4307,0
3163,4314,0
3163,4319,0
3167,4322,1
3223,4311,0
3221,4326,0
3219,4340,0
3223,4356,0
3228,4362,0
3236,4363,0
3246,4357,0
3259,4351,0
3270,4340,0
3279,4331,0
3284,4324,0
3288,4322,0
3286,4323,0
3289,4336,0
3291,4348,0
3297,4363,0
3303,4368,0
3320,4373,0
3341,4366,0
3368,4352,0
3395,4328,1
3426,4287,0
3426,4292,0
3424,4297,0
3421,4309,0
3415,4321,0
3413,4340,0
3421,4364,0
3430,4377,0
3438,4377,0
3449,4371,0
3463,4358,0
3475,4342,0
3487,4326,0
3491,4310,0
3494,4303,0
3494,4303,0
3492,4309,0
3489,4315,0
3488,4335,0
3490,4357,0
3493,4369,0
3500,4374,0
3509,4373,0
3522,4365,0
3540,4350,0
3555,4337,0
3567,4325,0
3573,4317,0
3577,4319,0
3578,4324,0
3577,4333,0
3577,4348,0
3576,4362,0
3585,4375,0
3592,4375,0
3607,4376,0
3625,4370,0
3643,4360,0
3664,4345,0
3677,4328,0
3691,4315,0
3699,4300,0
3701,4294,0
3696,4288,0
3688,4289,0
3680,4298,0
3671,4313,0
3666,4331,0
3664,4351,0
3670,4366,0
3684,4376,0
3699,4375,0
3718,4369,0
3736,4357,0
3755,4345,0
3768,4332,0
3779,4325,1
3773,4300,0
3771,4302,0
3769,4303,0
3771,4316,0
3767,4328,0
3772,4349,0
3773,4358,0
3775,4366,0
3783,4370,0
3790,4360,0
3802,4349,0
3812,4332,0
3824,4324,0
3832,4314,0
3840,4314,0
3841,4318,0
3845,4330,0
3845,4344,0
3847,4357,0
3853,4367,0
3863,4365,1
3947,4207,0
3945,4203,0
3942,4205,0
3939,4208,0
3936,4219,0
3933,4241,0
3931,4270,0
3930,4302,0
3930,4335,0
3931,4358,0
3934,4371,0
3933,4372,0
3932,4367,0
3925,4353,0
3916,4335,0
3905,4314,0
3901,4302,0
3896,4295,0
3896,4295,0
3904,4295,0
3920,4293,0
3942,4288,0
3969,4284,0
3998,4273,0
4032,4259,1
4275,4282,0
4274,4283,0
4275,4286,0
4271,4294,0
4272,4314,0
4272,4334,0
4276,4357,0
4276,4367,0
4277,4366,1
4292,4243,0
4290,4244,0
4286,4242,0
4284,4249,0
4284,4254,1
4365,4292,0
4362,4289,0
4353,4287,0
4343,4285,0
4335,4291,0
4323,4295,0
4318,4304,0
4317,4310,0
4323,4316,0
4331,4319,0
4345,4324,0
4363,4329,0
4370,4333,0
4376,4339,0
4376,4345,0
4377,4354,0
4369,4360,0
4360,4367,0
4347,4372,0
4332,4374,0
4317,4369,1
4624,4179,0
4623,4186,0
4622,4198,0
4618,4212,0
4618,4233,0
4616,4260,0
4615,4288,0
4613,4316,0
4614,4341,0
4617,4354,0
4616,4355,0
4612,4353,0
4609,4350,0
4603,4340,0
4593,4323,0
4585,4308,0
4581,4295,0
4582,4295,0
4582,4295,0
4591,4298,0
4608,4304,0
4626,4305,0
4644,4305,0
4661,4296,0
4676,4282,0
4693,4268,0
4707,4249,0
4717,4229,0
4717,4208,0
4719,4196,0
4714,4190,0
4712,4193,0
4707,4196,0
4702,4211,0
4692,4231,0
4690,4266,0
4685,4302,0
4681,4327,0
4683,4340,0
4686,4343,0
4695,4341,0
4700,4330,0
4712,4325,0
4724,4320,0
4731,4319,0
4740,4327,0
4746,4338,0
4752,4355,0
4758,4366,0
4768,4372,0
4780,4372,0
4798,4367,0
4816,4351,0
4835,4334,0
4862,4298,0
4870,4292,0
4866,4290,0
4867,4299,0
4862,4310,0
4864,4329,0
4866,4344,0
4874,4352,0
4886,4352,1
5190,4268,0
5192,4271,0
5190,4273,0
5192,4283,0
5190,4307,0
5193,4338,0
5190,4373,0
5193,4410,0
5195,4447,0
5195,4475,0
5198,4494,0
5197,4495,0
5200,4497,0
5197,4489,0
5188,4464,0
5177,4436,0
5170,4398,0
5168,4361,0
5168,4327,0
5178,4297,0
5187,4270,0
5204,4254,0
5219,4249,0
5227,4246,0
5236,4254,0
5244,4270,0
5247,4290,0
5244,4309,0
5237,4328,0
5224,4352,0
5208,4367,0
5193,4376,0
5180,4378,1
5313,4273,0
5311,4275,0
5313,4285,0
5313,4302,0
5318,4325,0
5319,4353,0
5320,4374,0
5321,4385,0
5320,4386,0
5323,4383,0
5324,4371,0
5327,4356,0
5321,4333,0
5320,4317,0
5317,4309,0
5318,4307,0
5314,4306,0
5317,4309,0
5320,4311,0
5330,4312,0
5346,4308,0
5357,4302,0
5368,4292,0
5380,4283,0
5389,4275,0
5392,4271,0
5392,4272,0
5392,4278,0
5388,4287,0
5382,4306,0
5383,4328,0
5389,4350,0
5400,4367,1
5445,4215,0
5437,4205,0
5434,4197,0
5433,4193,0
5434,4191,1
5479,4273,0
5478,4273,0
5482,4275,0
5483,4280,0
5484,4290,0
5490,4314,0
5491,4335,0
5494,4356,0
5498,4364,0
5503,4365,0
5508,4357,0
5516,4345,0
5525,4328,0
5537,4311,0
5545,4296,0
5547,4287,0
5547,4288,0
5547,4293,0
5549,4308,0
5545,4326,0
5545,4348,0
5549,4362,0
5559,4369,0
5569,4369,0
5586,4364,0
5600,4353,0
5610,4337,0
5622,4324,0
5631,4314,0
5635,4310,0
5634,4311,0
5633,4318,0
5630,4328,0
5634,4347,0
5635,4362,0
5650,4376,0
5669,4379,1
5769,4377,0
5774,4376,0
5779,4366,0
5781,4350,0
5781,4333,0
5779,4324,0
5769,4310,0
5759,4304,0
5750,4307,0
5738,4314,0
5730,4329,0
5723,4343,0
5725,4365,0
5734,4379,0
5740,4385,0
5754,4388,0
5769,4382,0
5783,4373,0
5788,4360,0
5797,4350,0
5798,4343,0
5796,4340,0
5798,4344,0
5795,4346,0
5795,4353,0
5802,4369,0
5803,4379,0
5816,4389,0
5827,4389,0
5845,4387,0
5858,4379,0
5872,4374,0
5886,4370,0
5901,4372,0
5909,4376,0
5916,4386,0
5921,4398,0
5921,4405,0
5926,4411,0
5926,4411,0
5926,4411,0
5926,4403,0
5930,4394,0
5925,4375,0
5919,4357,0
5914,4350,0
5906,4347,0
5902,4348,0
5899,4350,0
5900,4349,0
5902,4353,0
5912,4360,0
5931,4367,0
5940,4364,0
5955,4365,0
5964,4354,0
5976,4347,0
5982,4345,0
5978,4343,0
5980,4348,0
5978,4350,0
5972,4356,0
5970,4371,0
5970,4389,0
5982,4407,0
5996,4416,0
6011,4416,0
6034,4413,0
6056,4401,0
6076,4389,0
6096,4378,0
6110,4367,0
6110,4361,0
6114,4362,0
6112,4365,0
6110,4374,0
6114,4394,0
6114,4413,0
6115,4442,0
6110,4473,0
6110,4515,0
6100,4550,0
6095,4587,0
6085,4617,0
6075,4633,0
6067,4637,0
6051,4631,0
6039,4620,0
6027,4598,0
6034,4579,0
6049,4555,0
6085,4531,0
6124,4506,1