shows their ignorance of the
752
1176,3764,0
1176,3755,0
1174,3747,0
1168,3743,0
1160,3740,0
1153,3736,0
1146,3740,0
1136,3748,0
1127,3769,0
1121,3800,0
1119,3836,0
1122,3872,0
1127,3916,0
1134,3960,0
1136,3996,0
1136,4032,0
1126,4061,0
1114,4084,0
1100,4104,0
1083,4116,0
1071,4121,0
1059,4116,0
1050,4109,0
1045,4101,0
1046,4085,1
1266,3667,0
1266,3667,0
1268,3667,0
1267,3679,0
1264,3699,0
1261,3723,0
1261,3769,0
1263,3819,0
1264,3872,0
1264,3928,0
1261,3976,0
1258,4021,0
1257,4061,0
1255,4085,0
1256,4092,0
1257,4092,0
1259,4088,0
1266,4068,0
1274,4027,0
1291,3971,0
1318,3913,0
1348,3867,0
1378,3824,0
1407,3790,0
1428,3772,0
1442,3766,0
1450,3782,0
1455,3822,0
1450,3866,0
1441,3916,0
1432,3969,0
1421,4010,0
1413,4046,0
1407,4063,0
1406,4067,0
1407,4067,0
1406,4046,1
1537,3812,0
1544,3803,0
1546,3795,0
1545,3790,0
1546,3795,0
1541,3792,0
1534,3800,0
1523,3818,0
1510,3847,0
1497,3889,0
1489,3934,0
1482,3979,0
1478,4024,0
1479,4056,0
1486,4075,0
1494,4083,0
1505,4082,0
1516,4064,0
1527,4043,0
1537,4005,0
1541,3961,0
1545,3912,0
1548,3871,0
1551,3842,0
1553,3814,0
1552,3802,0
1546,3790,0
1545,3790,0
1545,3786,0
1545,3790,0
1545,3786,0
1546,3786,0
1554,3790,1
1626,3776,0
1626,3776,0
1627,3783,0
1626,3800,0
1624,3820,0
1623,3853,0
1622,3897,0
1621,3946,0
1621,3994,0
1619,4031,0
1620,4063,0
1622,4071,0
1625,4071,0
1628,4062,0
1633,4033,0
1640,3983,0
1654,3929,0
1670,3886,0
1685,3855,0
1695,3846,0
1703,3844,0
1713,3859,0
1720,3882,0
1727,3921,0
1730,3957,0
1732,3990,0
1735,4022,0
1737,4032,0
1738,4033,0
1740,4036,0
1739,4032,0
1737,4012,0
1734,3969,0
1734,3916,0
1737,3870,0
1740,3841,0
1742,3817,0
1742,3800,0
1742,3784,0
1745,3776,0
1749,3771,1
1894,3770,0
1894,3770,0
1890,3766,0
1883,3764,0
1874,3766,0
1860,3769,0
1846,3781,0
1831,3795,0
2024,3771,0
1818,3843,0
1821,3871,0
1830,3901,0
1844,3935,0
1854,3958,0
1866,3988,0
1870,4012,0
1870,4036,0
1864,4054,0
1854,4073,0
1838,4083,0
1821,4091,0
1810,4097,0
1803,4098,0
1802,4099,0
1802,4099,0
1804,4094,0
1811,4089,0
1823,4087,0
1836,4076,1
2151,3739,0
2145,3783,0
2139,3830,0
2138,3880,0
2135,3927,0
2129,3974,0
2127,4020,0
2125,4055,0
2125,4083,0
2125,4099,0
2125,4104,1
2083,3887,0
2081,3884,0
2085,3882,0
2098,3884,0
2110,3867,0
2129,3858,0
2151,3835,0
2174,3807,0
2198,3771,0
2222,3738,0
2264,3725,0
2259,3781,0
2244,3950,0
2246,3994,0
2248,4024,0
2253,4043,0
2258,4045,0
2263,4039,0
2273,4024,0
2316,3896,0
2336,3852,0
2395,3814,0
2403,3846,0
2403,3884,0
2405,3934,0
2403,4041,0
2404,4061,0
2406,4069,0
2408,4069,0
2410,4060,1
2434,3937,0
2440,3939,0
2446,3937,0
2458,3936,0
2473,3931,0
2487,3917,0
2503,3899,0
2516,3872,0
2531,3844,0
2540,3815,0
2539,3781,0
2538,3764,0
2532,3758,0
2519,3764,0
2500,3784,0
2478,3813,0
2459,3859,0
2447,3915,0
2443,4010,0
2456,4039,0
2472,4054,0
2494,4059,0
2517,4051,0
2545,4032,0
2564,3991,0
2584,3944,0
2599,3899,0
2609,3860,0
2615,3840,0
2615,3836,0
2615,3836,0
2615,3849,0
2613,3881,0
2609,3917,0
2608,3957,0
2608,3994,0
2613,4036,0
2612,4061,0
2610,4076,0
2613,4087,0
2613,4087,0
2612,4080,0
2609,4058,1
2598,3752,0
2601,3738,0
2604,3724,0
2603,3706,0
2606,3693,0
2611,3686,0
2613,3672,0
2618,3670,0
2618,3665,0
2622,3667,0
2630,3669,0
2637,3670,0
2646,3679,1
2692,3781,0
2693,3781,0
2696,3783,0
2704,3802,0
2708,3822,0
2709,3848,0
2712,3886,0
2712,3925,0
2711,3965,0
2713,4003,0
2708,4036,0
2712,4069,0
2712,4090,0
2713,4099,0
2714,4098,0
2717,4102,0
2715,4098,0
2712,4091,0
2712,4069,0
2713,4034,0
2717,3998,0
2721,3961,0
2728,3927,0
2736,3893,0
2749,3860,0
2763,3824,0
2782,3793,0
2799,3771,0
2815,3755,0
2824,3742,0
2832,3738,0
2832,3737,0
2832,3738,0
2830,3739,0
2829,3744,0
2825,3750,0
2823,3759,1
3033,3851,0
3047,3843,0
3062,3826,0
3078,3813,0
3095,3808,0
3108,3805,0
3118,3804,0
3127,3813,0
3134,3831,0
3139,3865,0
3143,3909,0
3140,3952,0
3137,3994,0
3138,4030,0
3137,4053,0
3137,4072,0
3140,4083,0
3139,4084,0
3141,4084,0
3138,4075,0
3138,4057,1
3156,3704,0
3153,3692,0
3155,3687,0
3153,3682,0
3153,3673,0
3156,3662,0
3160,3655,0
3168,3651,0
3171,3649,0
3171,3649,0
3170,3650,0
3170,3649,0
3171,3653,1
3328,3782,0
3328,3778,0
3328,3768,0
3326,3760,0
3319,3756,0
3312,3760,0
3300,3766,0
3285,3781,0
3271,3804,0
3259,3834,0
3254,3869,0
3257,3899,0
3269,3921,0
3281,3932,0
3295,3934,0
3307,3936,0
3308,3930,0
3309,3934,0
3303,3942,0
3288,3965,0
3271,4003,0
3248,4043,0
3228,4095,0
3207,4152,0
3199,4207,0
3199,4256,0
3207,4287,0
3221,4303,0
3241,4306,0
3264,4299,0
3287,4273,0
3313,4231,0
3336,4177,0
3347,4129,0
3356,4097,0
3355,4075,0
3353,4075,0
3340,4078,0
3325,4097,0
3307,4134,0
3289,4180,0
3280,4226,0
3273,4257,0
3275,4279,0
3280,4285,1
3404,3819,0
3403,3816,0
3400,3813,0
3402,3816,0
3402,3821,0
3404,3843,0
3405,3876,0
3409,3921,0
3413,3970,0
3416,4015,0
3414,4048,0
3414,4072,0
3419,4079,0
3416,4076,0
3419,4065,0
3423,4029,0
3433,3981,0
3448,3930,0
3464,3877,0
3486,3839,0
3503,3808,0
3522,3800,0
3537,3800,0
3549,3810,0
3559,3838,0
3563,3877,0
3563,3921,0
3563,3969,0
3562,4013,0
3559,4043,0
3559,4063,0
3562,4065,0
3565,4058,1
3649,3848,0
3648,3839,0
3646,3836,0
3636,3834,0
3625,3836,0
3613,3845,0
3602,3861,0
3592,3883,0
3587,3915,0
3584,3946,0
3589,3976,0
3593,3998,0
3602,4015,0
3608,4021,0
3618,4024,0
3623,4016,0
3631,3997,0
3636,3964,0
3643,3925,0
3650,3887,0
3656,3858,0
3665,3838,0
3674,3826,0
3679,3823,0
3683,3824,0
3687,3831,0
3692,3852,0
3700,3887,0
3702,3918,0
3710,3957,0
3715,3993,0
3716,4026,0
3713,4051,0
3716,4070,0
3717,4073,0
3717,4073,0
3717,4073,0
3718,4068,0
3716,4046,0
3716,4006,0
3722,3964,0
3729,3924,0
3737,3889,0
3743,3860,0
3754,3838,0
3768,3817,0
3778,3800,0
3789,3792,0
3793,3784,1
3824,3836,0
3827,3833,0
3832,3825,0
3845,3815,0
3855,3802,0
3871,3795,0
3888,3792,0
3901,3788,0
3916,3791,0
3920,3793,0
3923,3800,0
3921,3807,0
3913,3824,0
3899,3839,0
3884,3860,0
3865,3880,0
3846,3909,0
3823,3940,0
3805,3978,0
3786,4011,0
3776,4043,0
3775,4068,0
3776,4077,0
3782,4077,0
3799,4076,0
3812,4057,0
3832,4027,0
3852,3983,0
3872,3939,0
3894,3897,0
3904,3860,0
3916,3841,0
3916,3831,0
3918,3835,0
3916,3836,0
3916,3856,0
3913,3894,0
3915,3937,0
3912,3980,0
3914,4023,0
3913,4058,0
3918,4089,0
3921,4107,0
3924,4115,0
3931,4119,1
3985,3828,0
3990,3829,0
3991,3828,0
3989,3829,0
3991,3843,0
3993,3872,0
3991,3909,0
3989,3947,0
3988,3988,0
3987,4024,0
3985,4050,0
3986,4058,0
3989,4061,0
3992,4060,0
3996,4047,0
4003,4011,0
4013,3964,0
4031,3913,0
4051,3872,0
4075,3838,0
4094,3807,0
4116,3793,0
4134,3789,0
4146,3794,0
4150,3812,0
4156,3843,0
4152,3883,0
4145,3925,0
4140,3970,0
4138,4012,0
4135,4051,0
4133,4077,0
4133,4098,0
4134,4103,0
4135,4102,0
4130,4070,1
4252,3825,0
4258,3819,0
4261,3812,0
4256,3810,0
4251,3809,0
4239,3814,0
4225,3833,0
4210,3865,0
4195,3899,0
4186,3938,0
4180,3974,0
4184,4007,0
4193,4035,0
4207,4056,0
4225,4066,0
4244,4071,0
4266,4069,0
4282,4056,0
4297,4038,0
4306,4015,0
4310,3991,1
4311,3953,0
4311,3952,0
4325,3957,0
4337,3952,0
4357,3945,0
4379,3932,0
4394,3913,0
4406,3892,0
4418,3870,0
4426,3846,0
4435,3822,0
4434,3802,0
4430,3794,0
4418,3794,0
4398,3802,0
4377,3826,0
4351,3855,0
4328,3896,0
4311,3937,0
4304,3979,0
4308,4014,0
4325,4041,0
4349,4058,0
4382,4065,0
4416,4063,0
4455,4051,0
4490,4031,0
4519,4010,1
4835,3937,0
4836,3925,0
4835,3910,0
4832,3890,0
4830,3875,0
4825,3858,0
4813,3841,0
4801,3830,0
4789,3826,0
4772,3825,0
4753,3839,0
4733,3865,0
4720,3904,0
4714,3950,0
4712,3996,0
4712,4034,0
4722,4069,0
4730,4088,0
4744,4102,0
4756,4107,0
4765,4105,0
4770,4089,0
4775,4063,0
4782,4024,0
4786,3974,0
4792,3930,0
4801,3893,0
4804,3861,0
4809,3840,0
4811,3837,0
4809,3834,0
4812,3836,0
4811,3837,1
4942,3722,0
4945,3719,0
4945,3719,0
4944,3720,0
4936,3723,0
4927,3733,0
4921,3757,0
4910,3787,0
4899,3826,0
4891,3875,0
4885,3933,0
4881,3994,0
4879,4056,0
4876,4116,0
4876,4171,0
4880,4217,0
4881,4254,0
4886,4281,0
4886,4299,0
4883,4307,0
4884,4306,1
4821,4012,0
4821,4013,0
4822,4012,0
4823,4011,0
4829,4010,0
4845,4012,0
4866,4009,0
4884,4002,0
4907,3995,0
4924,3985,0
4940,3980,0
4953,3978,0
4955,3975,0
4955,3975,0
4955,3976,0
4953,3978,0
4950,3976,1
5151,3716,0
5154,3732,0
5155,3755,0
5155,3785,0
5153,3824,0
5154,3870,0
5149,3922,0
5143,3976,0
5133,4027,0
5127,4080,0
5125,4121,0
5129,4153,0
5129,4169,0
5129,4175,0
5134,4176,0
5134,4164,0
5139,4142,1
5093,3941,0
5097,3943,0
5096,3938,0
5105,3935,0
5119,3925,0
5134,3909,0
5152,3884,0
5169,3853,0
5193,3820,0
5213,3786,0
5240,3760,0
5261,3737,0
5276,3719,0
5284,3715,0
5288,3723,0
5288,3748,0
5283,3790,0
5278,3846,0
5270,3903,0
5268,3964,0
5262,4018,0
5257,4059,0
5258,4093,0
5259,4104,0
5267,4107,0
5274,4100,0
5284,4077,0
5298,4038,0
5313,3992,0
5332,3947,0
5351,3913,0
5366,3891,0
5377,3877,0
5388,3877,0
5397,3885,0
5405,3912,0
5406,3948,0
5407,3990,0
5402,4024,0
5402,4061,0
5397,4089,0
5398,4107,0
5397,4114,0
5402,4115,0
5402,4108,1
5462,3969,0
5465,3971,0
5468,3974,0
5479,3979,0
5491,3978,0
5503,3975,0
5520,3968,0
5534,3953,0
5552,3936,0
5571,3915,0
5583,3887,0
5597,3865,0
5602,3845,0
5602,3833,0
5596,3827,0
5581,3827,0
5562,3837,0
5537,3862,0
5514,3895,0
5492,3940,0
5479,3979,0
5474,4016,0
5477,4048,0
5491,4075,0
5513,4087,0
5537,4090,0
5568,4085,0
5600,4072,0
5629,4056,1