surface in mines and quarries
825
1201,3194,0
1201,3190,0
1193,3178,0
1187,3183,0
1176,3187,0
1165,3199,0
1156,3219,0
1149,3247,0
1143,3280,0
1143,3328,0
1142,3376,0
1143,3420,0
1146,3465,0
1145,3492,0
1141,3515,0
1133,3528,0
1124,3536,0
1112,3537,0
1102,3532,0
1094,3520,0
1095,3504,0
1102,3489,0
1112,3473,0
1128,3448,0
1151,3412,0
1178,3371,0
1204,3330,0
1230,3293,0
1254,3264,0
1278,3238,0
1293,3217,0
1301,3213,0
1303,3216,0
1301,3237,0
1298,3281,0
1291,3326,0
1283,3370,0
1275,3410,0
1274,3447,0
1274,3463,0
1278,3467,0
1286,3467,0
1298,3454,0
1315,3428,0
1334,3382,0
1356,3329,0
1379,3291,0
1399,3268,0
1412,3255,0
1414,3250,0
1415,3255,0
1415,3283,0
1399,3425,0
1395,3474,0
1391,3506,0
1389,3535,0
1389,3547,0
1389,3542,0
1391,3535,1
1479,3279,0
1476,3279,0
1472,3292,0
1471,3316,0
1474,3353,0
1476,3392,0
1481,3432,0
1484,3460,0
1488,3479,0
1489,3483,0
1490,3484,0
1489,3483,0
1488,3472,0
1486,3444,0
1486,3395,0
1494,3358,0
1509,3316,0
1527,3269,0
1548,3229,0
1567,3202,0
1581,3183,0
1594,3177,0
1601,3172,0
1604,3172,0
1603,3171,0
1604,3175,0
1604,3187,0
1601,3192,0
1600,3197,1
1698,3100,0
1692,3098,0
1689,3098,0
1684,3099,0
1677,3108,0
1672,3122,0
1666,3148,0
1655,3178,0
1649,3224,0
1644,3277,0
1641,3331,0
1640,3384,0
1638,3437,0
1636,3494,0
1632,3544,0
1635,3592,0
1637,3628,0
1642,3660,0
1643,3675,0
1650,3691,0
1652,3690,0
1657,3694,0
1662,3684,0
1664,3665,0
1664,3636,1
1599,3330,0
1598,3330,0
1601,3330,0
1608,3320,0
1623,3306,0
1645,3293,0
1668,3286,0
1689,3282,0
1708,3281,0
1721,3279,0
1736,3280,0
1751,3285,0
1756,3284,1
1750,3269,0
1749,3269,0
1751,3269,0
1759,3267,0
1769,3257,0
1785,3249,0
1804,3245,0
1822,3240,0
1840,3244,0
1851,3250,0
1861,3259,0
1867,3274,0
1864,3279,0
1858,3293,0
1844,3300,0
1827,3313,0
1804,3331,0
1778,3356,0
1755,3391,0
1736,3427,0
1723,3467,0
1713,3492,0
1710,3509,0
1712,3513,0
1721,3515,0
1734,3505,0
1749,3481,0
1771,3452,0
1792,3411,0
1815,3369,0
1835,3324,0
1849,3287,0
1863,3267,0
1870,3261,0
1868,3258,0
1867,3262,0
1862,3280,0
1856,3318,0
1854,3364,0
1852,3402,0
1849,3431,0
1850,3456,0
1853,3476,0
1857,3486,0
1861,3486,1
1980,3227,0
1982,3226,0
1977,3220,0
1976,3223,0
1968,3226,0
1959,3241,0
1949,3269,0
1935,3306,0
1925,3350,0
1917,3393,0
1922,3438,0
1927,3461,0
1938,3475,0
1956,3483,0
1973,3479,0
1991,3469,1
2052,3360,0
2055,3363,0
2063,3361,0
2077,3356,0
2093,3343,0
2108,3321,0
2122,3296,0
2135,3274,0
2147,3253,0
2154,3233,0
2157,3216,0
2151,3206,0
2139,3201,0
2121,3207,0
2049,3272,0
2032,3320,0
2022,3368,0
2017,3411,0
2034,3461,0
2051,3473,0
2075,3479,0
2158,3448,0
2178,3433,0
2198,3426,1
2497,3255,0
2507,3246,0
2519,3245,0
2526,3246,0
2529,3253,0
2531,3279,0
2529,3320,0
2529,3372,0
2528,3426,0
2523,3467,0
2522,3498,0
2520,3515,0
2523,3528,0
2523,3527,0
2524,3522,0
2528,3512,0
2527,3487,1
2557,3165,0
2553,3157,0
2551,3153,0
2550,3151,0
2550,3150,0
2549,3146,0
2550,3145,0
2552,3148,0
2552,3149,1
2611,3222,0
2613,3226,0
2613,3226,0
2613,3235,0
2611,3249,0
2611,3271,0
2607,3300,0
2610,3344,0
2605,3385,0
2603,3426,0
2601,3463,0
2597,3491,0
2603,3510,0
2603,3510,0
2608,3513,0
2606,3508,0
2610,3489,0
2613,3457,0
2619,3419,0
2627,3375,0
2638,3334,0
2652,3300,0
2670,3274,0
2685,3247,0
2704,3233,0
2723,3228,0
2736,3234,0
2746,3255,0
2752,3293,0
2755,3341,0
2753,3387,0
2749,3431,0
2743,3465,0
2739,3484,0
2743,3501,0
2744,3501,0
2750,3502,1
2982,3230,0
2980,3236,0
2980,3245,0
2982,3273,0
2979,3303,0
2978,3340,0
2980,3377,0
2980,3414,0
2979,3451,0
2980,3483,0
2978,3507,0
2979,3525,0
2980,3534,0
2980,3533,0
2980,3533,0
2980,3533,0
2977,3516,0
2974,3486,0
2974,3445,0
2980,3404,0
2991,3366,0
3001,3331,0
3016,3303,0
3028,3282,0
3040,3264,0
3052,3257,0
3056,3254,0
3062,3265,0
3063,3292,0
3059,3328,0
3059,3375,0
3058,3423,0
3052,3458,0
3054,3491,0
3054,3508,0
3054,3508,0
3060,3510,0
3064,3503,0
3073,3489,0
3083,3455,0
3089,3403,0
3104,3361,0
3115,3317,0
3134,3289,0
3151,3269,0
3165,3259,0
3176,3261,0
3182,3272,0
3185,3303,0
3182,3349,0
3178,3399,0
3173,3445,0
3168,3481,0
3165,3507,0
3165,3530,0
3169,3538,0
3170,3537,1
3247,3260,0
3258,3258,0
3266,3253,0
3278,3250,0
3286,3249,0
3292,3254,0
3294,3267,0
3295,3296,0
3293,3337,0
3291,3382,0
3284,3420,0
3281,3456,0
3276,3484,0
3279,3510,0
3284,3521,0
3286,3525,0
3288,3527,1
3285,3155,0
3290,3157,0
3292,3155,0
3291,3150,0
3295,3148,0
3295,3148,0
3295,3148,0
3294,3148,0
3295,3148,0
3298,3151,0
3304,3151,0
3308,3148,0
3315,3147,1
3375,3227,0
3370,3236,0
3371,3261,0
3368,3293,0
3370,3335,0
3370,3375,0
3366,3412,0
3364,3452,0
3362,3488,0
3362,3518,0
3361,3537,0
3361,3547,0
3363,3550,0
3365,3549,0
3368,3537,0
3374,3504,0
3380,3452,0
3396,3400,0
3413,3354,0
3429,3312,0
3447,3284,0
3462,3267,0
3469,3257,0
3479,3259,0
3484,3275,0
3488,3308,0
3486,3350,0
3481,3392,0
3479,3435,0
3474,3472,0
3477,3505,0
3475,3526,0
3477,3539,1
3521,3428,0
3522,3427,0
3529,3427,0
3537,3426,0
3547,3414,0
3563,3395,0
3581,3372,0
3595,3341,0
3610,3313,0
3619,3286,0
3629,3262,0
3631,3240,0
3627,3233,0
3615,3232,0
3592,3241,0
3569,3269,0
3547,3308,0
3530,3356,0
3520,3404,0
3521,3448,0
3527,3479,0
3543,3496,0
3562,3507,0
3588,3508,0
3617,3502,1
3756,3264,0
3754,3256,0
3753,3251,0
3754,3250,0
3750,3248,0
3741,3250,0
3728,3262,0
3711,3282,0
3699,3308,0
3698,3340,0
3701,3374,0
3706,3405,0
3718,3438,0
3726,3466,0
3732,3493,0
3732,3508,0
3732,3523,0
3728,3532,0
3718,3539,0
3708,3542,0
3697,3546,0
3694,3548,0
3694,3548,0
3693,3543,0
3700,3539,1
4033,3267,0
4042,3259,0
4057,3250,0
4079,3245,0
4100,3242,0
4121,3243,0
4138,3250,0
4148,3262,0
4155,3283,0
4167,3311,0
4165,3334,0
4166,3361,0
4161,3383,0
4154,3395,0
4152,3397,0
4148,3395,0
4145,3386,0
4137,3372,0
4135,3363,0
4123,3354,0
4116,3354,0
4104,3360,0
4088,3374,0
4072,3396,0
4056,3426,0
4047,3462,0
4039,3496,0
4037,3530,0
4041,3553,0
4046,3568,0
4053,3568,0
4068,3561,0
4082,3537,0
4096,3503,0
4111,3463,0
4126,3421,0
4140,3380,0
4152,3346,0
4164,3324,0
4172,3312,0
4172,3306,1
4221,3257,0
4221,3257,0
4220,3257,0
4223,3266,0
4220,3280,0
4220,3303,0
4213,3332,0
4207,3371,0
4204,3419,0
4198,3464,0
4196,3503,0
4197,3535,0
4199,3556,0
4201,3559,0
4203,3558,0
4205,3550,0
4208,3526,0
4213,3488,0
4220,3443,0
4232,3397,0
4251,3357,0
4268,3322,0
4284,3294,0
4297,3275,0
4309,3269,0
4316,3273,0
4333,3353,0
4336,3402,0
4331,3452,0
4328,3498,0
4328,3538,0
4335,3566,0
4334,3576,0
4338,3578,0
4341,3571,1
4455,3318,0
4461,3307,0
4463,3298,0
4459,3290,0
4453,3285,0
4447,3286,0
4434,3294,0
4421,3314,0
4403,3344,0
4394,3387,0
4384,3433,0
4377,3474,0
4375,3504,0
4379,3518,0
4382,3520,0
4392,3515,0
4406,3502,0
4420,3471,0
4432,3424,0
4441,3368,0
4452,3310,0
4461,3264,0
4466,3229,0
4472,3205,0
4473,3191,0
4472,3187,0
4472,3187,0
4475,3195,0
4471,3224,0
4468,3268,0
4471,3320,0
4467,3370,0
4468,3426,0
4468,3478,0
4468,3524,0
4476,3561,0
4479,3587,0
4484,3599,0
4491,3609,0
4498,3607,0
4502,3597,1
4888,3340,0
4893,3322,0
4897,3305,0
4900,3289,0
4891,3274,0
4885,3263,0
4871,3254,0
4864,3252,0
4849,3257,0
4827,3277,0
4802,3313,0
4784,3363,0
4771,3416,0
4768,3462,0
4767,3493,0
4771,3506,0
4781,3513,0
4792,3507,0
4806,3491,0
4822,3462,0
4834,3423,0
4846,3384,0
4859,3351,0
4867,3322,0
4879,3308,0
4881,3300,0
4883,3303,0
4886,3311,0
4883,3334,0
4887,3374,0
4884,3419,0
4885,3474,0
4886,3534,0
4887,3593,0
4885,3649,0
4886,3706,0
4886,3759,0
4888,3803,0
4891,3841,0
4891,3864,0
4893,3878,0
4896,3881,0
4900,3882,0
4898,3873,0
4900,3854,1
4964,3293,0
4964,3293,0
4963,3294,0
4961,3308,0
4961,3341,0
4955,3385,0
4950,3436,0
4946,3484,0
4944,3522,0
4941,3543,0
4951,3551,0
4960,3553,0
4973,3537,0
4988,3508,0
5008,3465,0
5031,3420,0
5050,3377,0
5067,3343,0
5080,3320,0
5084,3309,0
5084,3309,0
5086,3320,0
5079,3348,0
5077,3395,0
5071,3440,0
5068,3487,0
5065,3528,0
5067,3563,0
5066,3583,0
5069,3592,0
5074,3592,0
5072,3582,0
5074,3555,1
5127,3358,0
5135,3341,0
5152,3325,0
5170,3314,0
5193,3305,0
5219,3303,0
5238,3306,0
5255,3315,0
5268,3325,0
5274,3331,0
5272,3332,0
5272,3334,0
5260,3341,0
5245,3355,0
5224,3370,0
5203,3396,0
5175,3426,0
5153,3460,0
5132,3498,0
5118,3527,0
5118,3551,0
5118,3559,0
5127,3560,0
5139,3552,0
5161,3532,0
5180,3496,0
5200,3451,0
5220,3407,0
5239,3375,0
5249,3357,0
5253,3351,0
5250,3349,0
5254,3358,0
5249,3382,0
5249,3422,0
5248,3463,0
5248,3501,0
5252,3534,0
5251,3554,0
5256,3573,0
5261,3580,1
5320,3328,0
5321,3327,0
5317,3326,0
5317,3326,0
5320,3336,0
5320,3362,0
5318,3399,0
5315,3440,0
5318,3484,0
5316,3518,0
5323,3548,0
5325,3559,0
5327,3561,0
5327,3561,0
5327,3556,0
5330,3533,0
5332,3491,0
5347,3446,0
5359,3404,0
5377,3366,0
5393,3337,0
5405,3314,0
5417,3298,0
5424,3288,0
5437,3284,0
5443,3281,0
5451,3285,0
5450,3286,0
5453,3291,1
5475,3292,0
5474,3295,0
5469,3308,0
5467,3332,0
5462,3358,0
5455,3395,0
5451,3435,0
5453,3478,0
5448,3512,0
5448,3544,0
5450,3567,0
5451,3579,0
5450,3580,0
5450,3580,0
5453,3578,0
5453,3563,0
5453,3531,0
5461,3494,0
5471,3455,0
5484,3418,0
5498,3384,0
5513,3358,0
5528,3335,0
5540,3320,0
5552,3308,0
5566,3303,0
5573,3299,0
5573,3298,1
5566,3332,0
5566,3329,0
5578,3328,0
5587,3322,0
5597,3315,0
5607,3315,0
5613,3313,0
5616,3315,0
5622,3328,0
5622,3349,0
5630,3379,0
5627,3410,0
5624,3443,0
5622,3479,0
5617,3513,0
5617,3541,0
5618,3565,0
5622,3580,0
5627,3588,0
5626,3588,0
5624,3583,1
5611,3238,0
5617,3228,0
5622,3214,0
5625,3202,0
5633,3197,0
5635,3187,0
5636,3185,0
5641,3186,0
5641,3185,1
5699,3378,0
5706,3382,0
5716,3380,0
5734,3375,0
5750,3360,0
5771,3342,0
5791,3322,0
5803,3304,0
5812,3288,0
5814,3279,0
5810,3271,0
5801,3269,0
5786,3269,0
5765,3281,0
5740,3296,0
5718,3322,0
5703,3351,0
5688,3386,0
5680,3418,0
5681,3452,0
5684,3482,0
5694,3509,0
5709,3529,0
5728,3544,0
5751,3554,0
5772,3558,0
5795,3554,0
5810,3547,0
5824,3540,0
5834,3533,0
5836,3523,0
5841,3515,0
5845,3503,1
5993,3252,0
5991,3247,0
5980,3243,0
5976,3241,0
5965,3243,0
5955,3252,0
5932,3265,0
5914,3286,0
5899,3310,0
5893,3334,0
5894,3361,0
5902,3385,0
5912,3407,0
5926,3428,0
5947,3454,0
5961,3469,0
5971,3491,0
5969,3508,0
5957,3524,0
5943,3538,0
5916,3548,0
5893,3554,0
5871,3556,0
5853,3555,0
5840,3552,1