cleared in the early years
531
893,3580,0
861,3594,0
831,3619,0
808,3645,0
794,3689,0
799,3733,0
820,3764,0
850,3781,0
885,3795,0
922,3797,0
958,3795,0
991,3783,0
1013,3759,1
1047,3440,0
1047,3452,0
1050,3477,0
1052,3508,0
1055,3556,0
1056,3604,0
1058,3648,0
1061,3684,0
1069,3716,0
1083,3737,0
1105,3744,0
1127,3740,0
1158,3728,0
1189,3707,0
1213,3682,0
1236,3665,0
1252,3640,0
1260,3624,0
1262,3604,0
1259,3592,0
1250,3580,0
1237,3573,0
1217,3570,0
1196,3575,0
1179,3595,0
1166,3619,0
1162,3652,0
1165,3684,0
1181,3719,0
1207,3742,0
1237,3749,0
1272,3755,0
1301,3746,1
1348,3634,0
1342,3619,0
1343,3607,0
1345,3582,0
1353,3566,0
1366,3548,0
1387,3535,0
1409,3525,0
1431,3522,0
1450,3528,0
1464,3542,0
1474,3574,0
1475,3606,0
1471,3643,0
1460,3680,0
1443,3710,0
1426,3732,0
1409,3746,0
1394,3747,0
1384,3744,0
1373,3725,0
1370,3704,0
1370,3672,0
1382,3651,0
1396,3638,0
1413,3633,0
1429,3635,0
1447,3650,0
1463,3667,0
1479,3687,0
1498,3703,0
1515,3714,0
1532,3720,1
1589,3543,0
1587,3551,0
1590,3575,0
1594,3607,0
1600,3638,0
1607,3661,0
1609,3672,0
1609,3681,0
1609,3682,0
1607,3677,0
1606,3677,0
1600,3670,0
1592,3659,0
1584,3640,0
1577,3613,0
1578,3584,0
1587,3555,0
1600,3525,0
1619,3505,0
1636,3490,0
1652,3484,1
1782,3630,0
1790,3625,0
1803,3621,0
1820,3614,0
1833,3595,0
1848,3575,0
1860,3547,0
1868,3525,0
1867,3505,0
1856,3486,0
1838,3479,0
1816,3480,0
1785,3486,0
1756,3508,0
1732,3538,0
1716,3570,0
1713,3607,0
1723,3638,0
1746,3662,0
1777,3676,0
1816,3684,1
2061,3482,0
2041,3480,0
2011,3476,0
1987,3483,0
1966,3493,0
1949,3513,0
1935,3542,0
1925,3581,0
1922,3623,0
1926,3660,0
1938,3677,0
1959,3684,0
1988,3682,0
2019,3669,0
2046,3640,0
2070,3604,0
2088,3566,0
2099,3525,0
2106,3486,0
2109,3451,0
2105,3419,0
2102,3403,0
2094,3393,0
2086,3391,0
2081,3402,0
2072,3420,0
2066,3456,0
2063,3503,0
2063,3552,0
2072,3595,0
2090,3629,0
2114,3650,0
2145,3666,0
2176,3669,0
2207,3667,0
2236,3662,0
2258,3650,1
2659,3444,0
2657,3440,0
2660,3443,0
2661,3448,0
2667,3462,0
2670,3487,0
2675,3529,0
2676,3573,0
2680,3611,0
2682,3628,0
2683,3626,0
2692,3619,0
2703,3595,1
2649,3332,0
2646,3326,0
2646,3322,0
2644,3317,0
2649,3320,1
2777,3425,0
2777,3426,0
2782,3432,0
2783,3435,0
2788,3447,0
2794,3466,0
2801,3493,0
2805,3527,0
2809,3566,0
2811,3592,0
2811,3605,0
2813,3608,0
2815,3603,0
2820,3591,0
2826,3566,0
2835,3534,0
2849,3501,0
2857,3464,0
2869,3435,0
2886,3416,0
2905,3406,0
2922,3405,0
2937,3411,0
2953,3429,0
2962,3451,0
2976,3489,0
2988,3528,0
3002,3562,0
3015,3582,1
3329,3242,1
3336,3247,0
3344,3262,0
3348,3283,0
3351,3315,0
3356,3356,0
3358,3399,0
3359,3441,0
3359,3475,0
3363,3502,0
3373,3524,0
3377,3531,0
3376,3532,1
3241,3411,0
3238,3413,0
3239,3411,0
3241,3411,0
3252,3408,0
3275,3407,0
3300,3400,0
3332,3392,0
3359,3378,1
3439,3244,0
3441,3243,0
3441,3247,0
3443,3267,0
3443,3296,0
3448,3339,0
3452,3385,0
3461,3423,0
3468,3447,0
3479,3459,0
3491,3465,0
3506,3465,0
3520,3459,0
3537,3446,0
3548,3428,0
3561,3408,0
3571,3390,0
3581,3382,0
3584,3380,0
3590,3386,0
3600,3402,0
3617,3426,0
3633,3443,0
3649,3451,0
3669,3451,0
3691,3448,0
3711,3438,0
3731,3427,0
3749,3407,0
3765,3383,0
3777,3357,0
3781,3333,0
3777,3310,0
3766,3299,0
3745,3296,0
3725,3306,0
3708,3331,0
3691,3361,0
3687,3395,0
3690,3424,0
3704,3448,0
3728,3469,0
3760,3480,0
3801,3489,0
3839,3488,1
4266,3348,0
4266,3348,0
4269,3350,0
4274,3351,0
4288,3354,0
4304,3349,0
4328,3341,0
4354,3326,0
4380,3304,0
4403,3279,0
4418,3257,0
4428,3242,0
4425,3226,0
4420,3215,0
4405,3207,0
4386,3205,0
4360,3215,0
4334,3237,0
4309,3269,0
4298,3308,0
4291,3345,0
4297,3379,0
4315,3406,0
4348,3424,0
4385,3426,1
4505,3234,0
4504,3230,0
4506,3226,0
4510,3216,0
4525,3206,0
4545,3194,0
4569,3186,0
4591,3183,0
4608,3189,0
4616,3204,0
4620,3229,0
4618,3263,0
4608,3305,0
4593,3340,0
4573,3367,0
4553,3388,0
4533,3404,0
4518,3409,0
4505,3405,0
4492,3390,0
4488,3370,0
4487,3343,0
4491,3315,0
4500,3293,0
4513,3279,0
4525,3271,0
4531,3270,0
4539,3279,0
4554,3298,0
4566,3322,0
4584,3343,0
4601,3355,0
4617,3361,0
4637,3363,0
4652,3357,0
4669,3350,0
4686,3337,0
4695,3321,0
4707,3301,0
4710,3280,0
4712,3257,0
4707,3233,0
4701,3209,0
4700,3192,0
4695,3179,0
4695,3173,0
4696,3165,0
4702,3158,0
4712,3152,1
4814,3089,1
4816,3100,0
4817,3117,0
4813,3142,0
4809,3172,0
4807,3212,0
4805,3254,0
4807,3294,0
4813,3317,0
4827,3332,0
4852,3339,0
4876,3337,0
4898,3324,1
4941,3281,0
4948,3262,0
4953,3242,0
4958,3217,0
4960,3195,0
4958,3177,0
4959,3169,0
4953,3163,0
4956,3167,0
4953,3171,0
4952,3185,0
4948,3203,0
4950,3226,0
4953,3242,0
4963,3255,0
4973,3256,0
4991,3259,0
5001,3253,0
5016,3247,0
5023,3230,0
5038,3218,0
5043,3199,0
5050,3189,0
5053,3191,0
5055,3196,0
5056,3208,0
5057,3232,0
5058,3264,0
5062,3303,0
5064,3347,0
5064,3397,0
5060,3447,0
5054,3486,0
5044,3515,0
5030,3532,0
5008,3540,0
4986,3541,0
4956,3527,0
4929,3509,0
4911,3487,0
4905,3474,0
4906,3462,0
4910,3451,0
4919,3441,1
5496,3163,0
5500,3165,0
5496,3165,0
5494,3168,0
5494,3181,0
5497,3198,0
5504,3216,0
5515,3228,0
5528,3230,0
5545,3228,0
5559,3221,0
5569,3206,0
5576,3188,0
5593,3171,0
5605,3152,0
5610,3130,0
5618,3118,0
5617,3114,0
5610,3116,0
5615,3136,0
5617,3172,0
5617,3214,0
5620,3267,0
5617,3320,0
5617,3383,0
5623,3437,0
5620,3481,0
5614,3509,0
5610,3529,0
5600,3535,0
5582,3533,0
5559,3518,0
5525,3489,1
5676,3197,0
5679,3193,0
5697,3187,0
5713,3177,0
5732,3164,0
5757,3146,0
5785,3125,0
5806,3105,0
5816,3090,0
5820,3085,0
5809,3078,0
5793,3075,0
5780,3072,0
5754,3076,0
5734,3086,0
5712,3105,0
5699,3134,0
5686,3160,0
5685,3191,0
5697,3216,0
5723,3235,0
5760,3245,0
5798,3238,0
5834,3226,0
5864,3209,1
5878,3088,0
5877,3081,0
5880,3077,0
5889,3071,0
5906,3065,0
5933,3057,0
5966,3057,0
5991,3057,0
6002,3068,0
6005,3086,0
5993,3115,0
5973,3148,0
5945,3177,0
5920,3202,0
5898,3223,0
5879,3230,0
5866,3228,0
5865,3221,0
5870,3207,0
5880,3185,0
5892,3157,0
5911,3140,0
5924,3136,0
5934,3143,0
5940,3155,0
5952,3175,0
5964,3200,0
5981,3217,0
6003,3230,0
6025,3231,0
6050,3228,0
6072,3216,0
6086,3200,0
6095,3177,0
6100,3153,0
6102,3128,0
6100,3105,0
6100,3090,0
6097,3080,0
6096,3073,0
6099,3069,0
6111,3064,0
6129,3057,0
6155,3052,0
6174,3050,1
6296,3045,0
6293,3033,0
6289,3024,0
6278,3019,0
6261,3017,0
6244,3022,0
6222,3030,0
6208,3045,0
6202,3057,0
6207,3072,0
6217,3088,0
6239,3107,0
6257,3122,0
6268,3135,0
6278,3151,0
6278,3165,0
6271,3177,0
6259,3191,0
6242,3197,0
6223,3204,0
6201,3203,0
6181,3197,0
6168,3187,0
6157,3174,0
6150,3163,1