podzolised soils associated with
799
856,1587,0
871,1622,0
868,1626,0
865,1645,0
858,1677,0
846,1708,0
833,1730,0
825,1765,0
817,1788,0
815,1807,0
815,1829,0
813,1840,0
813,1848,0
813,1848,0
811,1843,0
812,1836,0
810,1807,0
810,1779,0
815,1747,0
826,1708,0
840,1666,0
861,1629,0
888,1592,0
925,1568,0
958,1548,0
988,1538,0
1013,1544,0
1030,1561,0
1041,1588,0
1042,1613,0
1039,1640,0
1027,1668,0
1006,1691,0
975,1713,0
942,1735,0
908,1752,0
872,1743,0
853,1749,0
845,1751,0
846,1760,0
846,1756,0
852,1757,0
868,1763,0
886,1761,0
911,1756,0
941,1755,0
972,1749,0
1000,1735,0
1030,1716,0
1065,1693,0
1098,1661,0
1131,1628,0
1159,1594,0
1179,1569,0
1192,1561,0
1193,1556,0
1192,1556,0
1183,1565,0
1162,1590,0
1138,1628,0
1119,1672,0
1102,1709,0
1099,1741,0
1102,1753,0
1116,1761,0
1131,1756,0
1146,1747,0
1155,1727,0
1163,1702,0
1168,1670,0
1179,1645,0
1182,1617,0
1183,1597,0
1184,1585,0
1185,1585,0
1182,1581,0
1190,1589,0
1201,1592,0
1226,1598,0
1253,1598,0
1274,1595,0
1290,1597,0
1302,1596,0
1312,1598,0
1314,1594,0
1319,1597,0
1320,1597,0
1319,1597,0
1321,1601,0
1317,1597,0
1319,1601,0
1317,1597,0
1317,1597,0
1318,1597,0
1319,1597,0
1321,1597,0
1322,1597,0
1321,1592,0
1324,1597,0
1327,1599,0
1324,1596,0
1327,1599,0
1324,1596,0
1324,1596,0
1324,1596,0
1324,1596,0
1324,1596,0
1324,1596,0
1324,1596,0
1324,1596,0
1324,1596,0
1324,1596,0
1328,1599,0
1326,1596,0
1328,1599,0
1326,1596,0
1326,1596,0
1326,1596,0
1326,1596,0
1326,1596,0
1326,1596,0
1326,1596,0
1326,1596,0
1326,1596,0
1328,1595,0
1335,1598,0
1341,1594,0
1353,1587,0
1369,1580,0
1380,1573,0
1385,1568,0
1390,1571,0
1388,1568,0
1391,1570,0
1390,1571,0
1384,1572,0
1369,1580,0
1347,1592,0
1322,1609,0
1298,1636,0
1277,1672,0
1266,1701,0
1266,1714,0
1271,1713,0
1284,1711,0
1302,1705,0
1321,1690,0
1338,1667,0
1360,1643,0
1378,1610,0
1394,1574,0
1407,1534,0
1423,1501,0
1430,1462,0
1439,1439,0
1440,1426,0
1436,1423,0
1433,1437,0
1417,1469,0
1403,1523,0
1391,1575,0
1384,1609,0
1386,1638,0
1394,1664,0
1401,1683,0
1406,1691,0
1414,1693,0
1423,1695,0
1431,1693,1
1484,1576,0
1484,1576,0
1486,1571,0
1494,1565,0
1505,1558,0
1520,1552,0
1537,1556,0
1546,1557,0
1551,1568,0
1548,1586,0
1537,1610,0
1520,1632,0
1517,1658,0
1515,1675,0
1521,1691,0
1532,1700,0
1542,1696,0
1566,1697,0
1590,1693,0
1610,1691,0
1619,1689,1
1616,1667,0
1614,1698,0
1622,1713,0
1644,1722,0
1662,1715,0
1680,1704,0
1695,1689,0
1703,1669,0
1710,1649,0
1686,1638,0
1676,1642,0
1677,1628,0
1624,1640,0
1625,1639,0
1624,1640,0
1621,1640,0
1667,1640,0
1682,1634,0
1723,1621,0
1737,1623,0
1753,1626,0
1747,1633,0
1784,1628,0
1762,1639,0
1770,1640,0
1777,1631,0
1788,1621,0
1795,1614,0
1797,1595,0
1842,1558,0
1838,1527,0
1851,1520,0
1857,1508,0
1853,1492,0
1851,1483,0
1810,1508,0
1788,1528,0
1773,1536,0
1763,1540,0
1778,1556,0
1759,1619,0
1749,1658,0
1752,1679,0
1762,1691,0
1773,1695,0
1792,1696,0
1804,1685,0
1827,1679,0
1842,1662,0
1848,1637,0
1856,1614,1
1871,1541,0
1899,1511,0
1862,1529,0
1861,1547,0
1851,1553,0
1892,1506,0
1899,1511,0
1897,1512,0
1888,1513,1
1954,1633,0
1944,1633,0
1953,1646,0
1966,1657,0
2003,1644,0
2019,1648,0
2027,1652,0
2030,1655,0
2036,1666,0
2034,1672,0
2029,1680,0
2017,1687,0
2013,1699,0
2017,1701,0
2031,1698,0
2051,1690,0
2072,1676,0
2094,1661,0
2118,1645,0
2133,1619,0
2146,1600,0
2156,1578,0
2154,1564,0
2147,1560,0
2134,1564,0
2116,1582,0
2094,1613,0
2085,1652,0
2077,1673,0
2083,1683,0
2099,1687,0
2119,1684,0
2149,1676,0
2174,1659,0
2204,1637,0
2227,1609,0
2246,1582,0
2263,1568,0
2268,1564,0
2264,1567,0
2258,1593,0
2245,1630,0
2232,1655,0
2228,1674,0
2229,1683,0
2234,1684,0
2249,1682,0
2256,1667,0
2268,1652,0
2285,1628,0
2306,1600,0
2324,1563,0
2343,1524,0
2356,1483,0
2368,1450,0
2374,1427,0
2373,1416,0
2369,1414,0
2371,1425,0
2352,1460,0
2338,1513,0
2323,1564,0
2333,1602,0
2347,1623,0
2377,1639,0
2396,1639,1
2725,1488,0
2717,1484,0
2703,1483,0
2690,1487,0
2668,1493,0
2654,1511,0
2635,1527,0
2639,1547,0
2656,1564,0
2679,1573,0
2695,1580,0
2709,1589,0
2713,1596,0
2708,1601,0
2701,1609,0
2686,1620,0
2663,1628,0
2638,1637,0
2609,1643,0
2584,1653,0
2584,1664,0
2576,1667,0
2581,1673,0
2589,1676,0
2607,1669,0
2637,1661,0
2661,1646,0
2696,1633,0
2731,1612,0
2767,1589,0
2801,1561,0
2829,1531,0
2846,1508,0
2857,1500,0
2861,1502,0
2853,1505,0
2837,1532,0
2813,1571,0
2806,1611,0
2805,1630,0
2818,1640,0
2837,1642,0
2847,1631,0
2860,1614,0
2862,1592,0
2859,1563,0
2864,1539,0
2859,1518,0
2856,1508,0
2855,1509,0
2849,1510,0
2852,1527,0
2859,1544,0
2900,1563,0
2921,1562,0
2946,1555,0
2969,1545,0
2989,1531,0
3001,1513,0
3011,1492,0
3021,1478,0
3026,1476,0
3028,1489,0
3023,1517,0
3016,1555,0
3017,1587,0
3020,1610,0
3026,1622,0
3045,1630,0
3062,1627,0
3097,1619,0
3125,1601,0
3158,1575,0
3192,1544,0
3217,1505,0
3245,1467,0
3269,1434,0
3291,1404,0
3301,1378,0
3310,1363,0
3305,1355,0
3292,1360,0
3267,1390,0
3233,1441,0
3214,1496,0
3206,1545,0
3199,1578,0
3213,1601,0
3240,1611,0
3262,1607,0
3282,1598,0
3307,1589,1
3441,1512,0
3448,1501,0
3450,1489,0
3446,1479,0
3442,1478,0
3436,1483,0
3419,1497,0
3407,1516,0
3397,1533,0
3406,1549,0
3425,1564,0
3438,1574,0
3447,1582,0
3452,1589,0
3450,1593,0
3438,1598,0
3424,1604,0
3404,1608,0
3383,1609,0
3366,1606,0
3336,1594,1
3049,1351,0
3029,1346,0
3025,1344,0
3026,1342,0
3025,1338,1
3857,1436,0
3843,1429,0
3835,1428,0
3812,1430,0
3790,1440,0
3773,1467,0
3749,1505,0
3732,1549,0
3723,1582,0
3725,1602,0
3739,1612,0
3752,1612,0
3769,1606,0
3783,1588,0
3807,1568,0
3823,1537,0
3840,1501,0
3862,1475,0
3875,1457,0
3877,1450,0
3881,1453,0
3865,1466,0
3853,1502,0
3841,1544,0
3839,1576,0
3843,1594,0
3861,1602,0
3876,1599,0
3895,1589,0
3912,1573,0
3928,1559,0
3942,1547,0
3951,1539,1
4043,1452,0
4041,1449,0
4029,1443,0
4022,1441,0
4008,1443,0
3998,1455,0
3977,1471,0
3967,1494,0
3971,1515,0
3974,1527,0
3995,1539,0
4005,1546,0
4012,1551,0
4021,1559,0
4022,1566,0
4015,1572,0
4007,1579,0
3994,1587,0
3982,1594,0
3966,1599,0
3956,1600,1
4116,1462,0
4106,1457,0
4090,1455,0
4088,1459,0
4079,1469,0
4070,1481,0
4075,1498,0
4088,1517,0
4104,1533,0
4116,1545,0
4116,1554,0
4116,1563,0
4107,1573,0
4093,1583,0
4076,1592,0
4061,1596,0
4053,1595,1
4290,1464,0
4286,1462,0
4277,1463,0
4252,1471,0
4234,1493,0
4215,1529,0
4199,1563,0
4206,1586,0
4228,1597,0
4254,1597,0
4272,1588,0
4286,1574,0
4302,1560,0
4297,1539,0
4299,1515,0
4288,1488,0
4281,1473,0
4276,1465,0
4268,1463,0
4263,1466,0
4263,1475,0
4263,1485,0
4280,1496,0
4296,1500,0
4322,1501,0
4340,1497,0
4356,1491,0
4372,1483,0
4392,1476,0
4400,1469,0
4409,1467,0
4413,1467,0
4413,1467,0
4416,1469,0
4420,1473,0
4418,1476,0
4421,1479,0
4425,1482,0
4428,1484,0
4432,1485,0
4427,1483,0
4436,1485,0
4436,1486,0
4440,1486,0
4437,1483,0
4446,1482,0
4456,1479,0
4457,1476,0
4456,1476,0
4461,1476,0
4454,1472,0
4447,1470,0
4438,1470,0
4427,1475,0
4414,1487,0
4397,1507,0
4381,1534,0
4380,1558,0
4379,1573,0
4382,1584,0
4394,1590,0
4406,1592,0
4420,1589,0
4443,1584,0
4456,1573,0
4478,1563,0
4488,1549,0
4507,1534,0
4518,1517,0
4531,1494,0
4541,1479,0
4549,1471,0
4544,1471,0
4543,1483,0
4539,1508,0
4540,1538,0
4540,1559,0
4540,1570,0
4553,1582,0
4556,1582,0
4555,1575,1
4594,1394,0
4586,1379,0
4581,1368,0
4587,1365,0
4587,1362,1
4733,1469,0
4724,1467,0
4713,1465,0
4695,1467,0
4679,1476,0
4656,1493,0
4642,1518,0
4633,1542,0
4640,1558,0
4654,1565,0
4675,1567,0
4688,1563,0
4698,1563,0
4694,1562,0
4693,1563,0
4698,1564,0
4696,1566,1
4732,1493,0
4732,1493,0
4731,1496,0
4727,1508,0
4722,1532,0
4713,1556,0
4710,1574,0
4705,1586,0
4711,1596,1
4829,1318,0
4832,1321,0
4828,1335,0
4818,1364,0
4811,1399,0
4804,1435,0
4798,1465,0
4793,1491,0
4796,1518,0
4793,1538,0
4800,1553,0
4801,1561,0
4805,1561,1
4777,1522,0
4777,1523,0
4783,1529,0
4794,1536,0
4813,1541,0
4830,1539,0
4850,1532,0
4866,1521,0
4883,1510,0
4896,1498,0
4908,1475,0
4919,1456,0
4920,1442,0
4916,1439,0
4910,1445,0
4891,1464,0
4870,1499,0
4857,1534,0
4854,1558,0
4862,1570,0
4877,1574,0
4901,1568,0
4923,1555,0
4945,1540,0
4962,1516,0
4987,1492,0
5002,1471,0
5014,1461,0
5019,1459,0
5018,1462,0
5013,1476,0
4999,1508,0
4986,1546,0
4979,1575,0
4987,1589,0
4994,1591,0
5009,1585,0
5021,1566,0
5038,1541,0
5050,1506,0
5063,1466,0
5081,1424,0
5105,1387,0
5117,1361,0
5113,1346,0
5109,1345,0
5103,1353,0
5093,1387,0
5078,1433,0
5064,1474,0
5067,1506,0
5073,1525,0
5087,1534,1
5447,1442,0
5448,1440,0
5436,1440,0
5429,1447,0
5422,1469,0
5413,1499,0
5404,1531,0
5401,1551,0
5407,1561,0
5417,1566,0
5426,1567,0
5438,1568,0
5439,1563,0
5449,1558,0
5453,1545,0
5458,1529,0
5465,1508,0
5470,1491,0
5472,1483,0
5467,1486,0
5471,1502,0
5472,1527,0
5474,1547,0
5485,1564,0
5489,1568,0
5501,1567,0
5513,1558,0
5517,1542,0
5524,1522,0
5531,1497,0
5547,1470,0
5557,1450,0
5561,1435,0
5563,1431,0
5563,1431,0
5564,1440,0
5566,1459,0
5571,1474,0
5582,1481,0
5590,1482,0
5608,1475,0
5620,1464,0
5644,1452,0
5650,1432,0
5663,1411,0
5674,1402,0
5678,1404,0
5680,1426,0
5672,1455,0
5672,1497,0
5672,1528,0
5675,1546,0
5693,1556,0
5706,1556,0
5728,1552,0
5743,1541,0
5778,1524,0
5805,1500,0
5838,1471,0
5855,1439,0
5873,1401,0
5887,1361,0
5904,1328,0
5919,1302,0
5931,1283,0
5943,1269,0
5943,1266,0
5946,1270,0
5937,1290,0
5923,1332,0
5902,1385,0
5892,1437,0
5887,1475,0
5883,1503,0
5892,1518,0
5889,1527,0
5895,1534,1
5847,1513,0
5851,1515,0
5849,1518,0
5869,1524,0
5886,1522,0
5914,1512,0
5935,1496,0
5944,1477,0
5948,1462,1
6028,1271,0
6026,1261,0
6027,1259,0
6026,1259,0
6019,1272,0
6012,1305,0
6003,1346,0
5991,1390,0
5979,1424,0
5976,1451,0
5968,1466,0
5973,1478,0
5976,1481,0
5972,1480,0
5982,1474,0
5996,1455,0
6022,1433,0
6049,1424,0
6073,1428,0
6093,1445,0
6103,1471,0
6116,1502,0
6125,1529,0
6133,1546,0
6136,1551,1
5688,1283,0
5684,1281,0
5689,1280,0
5680,1283,0
5685,1281,1