suppose that we have succeeded
801
1141,4916,0
1141,4916,0
1142,4916,0
1140,4912,0
1139,4916,0
1136,4912,0
1131,4908,0
1123,4904,0
1112,4900,0
1097,4900,0
1081,4900,0
1062,4904,0
1042,4912,0
1020,4928,0
998,4952,0
985,4971,0
984,4991,0
994,5007,0
1016,5023,0
1043,5036,0
1073,5048,0
1106,5052,0
1133,5064,0
1152,5072,0
1160,5084,0
1157,5092,0
1138,5108,0
1111,5124,0
1073,5140,0
1039,5152,0
1010,5151,0
991,5151,0
980,5143,1
1247,4965,0
1245,4965,0
1242,4961,0
1239,4966,0
1238,4965,0
1237,4970,0
1237,4978,0
1237,5002,0
1237,5026,0
1235,5054,0
1242,5081,0
1244,5110,0
1249,5125,0
1257,5133,0
1266,5129,0
1280,5120,0
1289,5100,0
1305,5067,0
1315,5047,0
1322,5018,0
1324,5002,0
1326,5002,0
1323,5002,0
1320,5006,0
1319,5026,0
1322,5046,0
1324,5074,0
1328,5086,0
1336,5098,0
1345,5098,0
1351,5096,0
1365,5080,0
1371,5072,1
1394,4962,0
1397,4966,0
1401,4974,0
1404,4985,0
1406,5006,0
1406,5029,0
1408,5062,0
1408,5101,0
1404,5150,0
1405,5197,0
1404,5246,0
1402,5282,0
1398,5302,0
1397,5315,0
1397,5310,0
1393,5303,0
1388,5271,0
1387,5235,0
1389,5187,0
1399,5142,0
1401,5094,0
1412,5049,0
1423,5016,0
1440,4983,0
1456,4970,0
1477,4968,0
1493,4970,0
1507,4985,0
1510,5009,0
1500,5038,0
1485,5068,0
1467,5089,0
1450,5098,0
1440,5099,0
1433,5091,0
1426,5080,0
1428,5056,1
1525,4971,0
1532,4983,0
1538,5006,0
1542,5035,0
1543,5067,0
1546,5107,0
1546,5146,0
1546,5186,0
1544,5223,0
1541,5260,0
1537,5284,0
1532,5296,0
1534,5305,0
1529,5296,0
1526,5273,0
1524,5240,0
1522,5201,0
1524,5156,0
1524,5108,0
1529,5059,0
1535,5023,0
1544,4990,0
1556,4965,0
1571,4951,0
1592,4945,0
1615,4946,0
1633,4961,0
1645,4983,0
1648,5015,0
1640,5044,0
1626,5062,0
1609,5076,0
1590,5082,0
1572,5080,0
1559,5073,0
1555,5053,0
1561,5028,1
1809,4973,0
1812,4973,0
1811,4973,0
1805,4970,0
1791,4964,0
1771,4958,0
1751,4953,0
1730,4952,0
1710,4955,0
1695,4961,0
1686,4974,0
1686,4990,0
1691,5010,0
1706,5032,0
1728,5050,0
1755,5062,0
1779,5062,0
1800,5059,0
1814,5053,0
1819,5041,0
1816,5025,0
1807,5006,0
1792,4988,0
1773,4970,0
1754,4953,1
1944,4922,0
1942,4919,0
1937,4911,0
1932,4905,0
1926,4897,0
1917,4891,0
1908,4888,0
1895,4887,0
1882,4888,0
1868,4891,0
1857,4897,0
1848,4906,0
1841,4916,0
1840,4928,0
1844,4935,0
1858,4949,0
1882,4961,0
1906,4970,0
1930,4977,0
1955,4990,0
1977,5002,0
1991,5016,0
1996,5026,0
1993,5039,0
1978,5050,0
1960,5061,0
1937,5065,0
1915,5065,0
1895,5061,0
1877,5052,0
1870,5040,0
1870,5024,0
1879,5007,1
2028,4992,0
2034,4999,0
2041,5006,0
2046,5004,0
2055,4999,0
2068,4992,0
2086,4980,0
2101,4961,0
2113,4946,0
2118,4924,0
2119,4907,0
2113,4893,0
2098,4879,0
2082,4879,0
2061,4879,0
2048,4894,0
2037,4916,0
2032,4942,0
2036,4973,0
2048,5004,0
2069,5037,0
2092,5057,0
2123,5071,0
2152,5076,0
2178,5079,1
2371,4717,0
2371,4717,0
2371,4717,0
2370,4717,0
2369,4717,0
2371,4725,0
2371,4738,0
2371,4758,0
2369,4787,0
2367,4821,0
2369,4863,0
2371,4907,0
2376,4956,0
2382,4999,0
2393,5038,0
2405,5064,0
2422,5080,0
2441,5079,0
2462,5065,0
2481,5039,0
2495,4997,0
2506,4952,0
2516,4907,0
2521,4856,0
2521,4806,0
2518,4769,0
2514,4745,0
2509,4734,0
2505,4731,0
2507,4735,0
2506,4747,0
2510,4780,0
2511,4817,0
2514,4858,0
2519,4902,0
2529,4946,0
2536,4981,0
2544,5007,0
2548,5023,0
2554,5030,0
2562,5028,0
2576,5015,0
2595,4992,0
2615,4964,0
2635,4946,0
2646,4934,0
2652,4932,0
2657,4942,0
2661,4966,0
2666,4999,0
2668,5036,0
2675,5067,0
2690,5092,0
2709,5098,0
2734,5098,0
2755,5083,0
2770,5056,1
2290,4858,0
2290,4855,0
2294,4853,0
2305,4854,0
2321,4855,0
2341,4854,0
2365,4855,0
2390,4853,0
2417,4853,1
2876,4993,0
2873,4990,0
2869,4978,0
2862,4963,0
2854,4946,0
2847,4931,0
2837,4922,0
2828,4921,0
2820,4920,0
2808,4920,0
2803,4934,0
2794,4955,0
2788,4987,0
2783,5023,0
2781,5057,0
2782,5078,0
2791,5096,0
2803,5100,0
2819,5094,0
2836,5080,0
2849,5050,0
2859,5020,0
2869,4999,0
2872,4982,0
2873,4980,0
2873,4981,0
2871,4982,0
2875,5006,0
2878,5026,0
2887,5049,0
2897,5062,0
2912,5069,0
2930,5071,0
2946,5057,0
2967,5035,0
2980,4999,0
2989,4953,0
2995,4904,0
2998,4854,0
2996,4809,0
2991,4771,0
2986,4748,0
2982,4740,0
2982,4741,0
2982,4753,0
2984,4787,0
2986,4830,0
2991,4884,0
2996,4938,0
3008,4989,0
3025,5030,0
3045,5061,0
3065,5083,0
3090,5093,0
3112,5093,0
3127,5079,0
3141,5051,1
2894,4797,0
2898,4800,0
2909,4805,0
2927,4811,0
2948,4811,0
2977,4816,0
3005,4818,0
3028,4816,0
3047,4809,1
3322,4852,0
3322,4852,0
3326,4859,0
3326,4863,0
3323,4869,0
3323,4886,0
3318,4902,0
3318,4933,0
3319,4963,0
3322,4993,0
3331,5019,0
3339,5038,0
3349,5047,0
3354,5048,0
3361,5045,0
3370,5033,0
3373,5004,0
3380,4979,0
3385,4968,0
3386,4963,0
3388,4962,0
3390,4970,0
3398,4983,0
3409,5009,0
3425,5033,0
3440,5052,0
3458,5066,0
3470,5064,0
3491,5059,0
3509,5040,0
3525,5015,0
3530,4981,0
3527,4946,0
3522,4917,0
3512,4891,0
3501,4879,0
3495,4868,0
3489,4862,0
3491,4861,0
3499,4871,0
3515,4884,0
3538,4900,0
3566,4913,0
3602,4925,0
3628,4924,0
3650,4922,0
3666,4913,0
3674,4899,0
3676,4881,0
3667,4863,0
3654,4852,0
3635,4848,0
3617,4853,0
3603,4870,0
3595,4888,0
3595,4910,0
3598,4932,0
3613,4965,0
3633,4994,0
3660,5021,0
3687,5043,0
3718,5054,0
3747,5055,0
3769,5054,0
3783,5045,1
3976,4635,0
3976,4636,0
3974,4637,0
3973,4647,0
3972,4666,0
3973,4690,0
3971,4715,0
3975,4750,0
3976,4793,0
3973,4841,0
3976,4896,0
3973,4940,0
3979,4983,0
3986,5016,0
3993,5040,0
4003,5052,0
4015,5055,0
4034,5043,0
4053,5017,0
4082,4991,0
4102,4958,0
4119,4934,0
4127,4915,0
4132,4907,0
4136,4908,0
4132,4907,0
4131,4927,0
4128,4951,0
4128,4980,0
4132,5006,0
4145,5027,0
4159,5037,0
4176,5039,1
4309,4944,0
4312,4946,0
4321,4939,0
4325,4927,0
4326,4912,0
4325,4893,0
4318,4879,0
4314,4871,0
4302,4865,0
4292,4862,0
4280,4871,0
4263,4887,0
4247,4912,0
4233,4941,0
4225,4970,0
4219,4998,0
4230,5023,0
4234,5031,0
4246,5033,0
4266,5029,0
4290,5014,0
4311,4990,0
4331,4962,0
4339,4941,0
4350,4935,0
4348,4931,0
4350,4935,0
4341,4931,0
4342,4940,0
4333,4956,0
4342,4978,0
4340,4994,0
4359,5011,0
4370,5018,0
4389,5014,0
4404,4999,0
4422,4981,0
4430,4956,0
4442,4933,0
4443,4904,0
4443,4884,0
4442,4875,0
4443,4874,0
4442,4875,0
4444,4883,0
4450,4904,0
4456,4929,0
4462,4954,0
4468,4983,0
4480,5009,0
4492,5030,0
4507,5045,0
4517,5047,0
4524,5043,0
4537,5033,0
4543,5009,0
4550,4980,0
4546,4948,0
4550,4926,0
4541,4903,0
4541,4892,0
4534,4882,0
4537,4885,0
4537,4881,0
4538,4889,0
4544,4905,0
4550,4920,0
4554,4937,0
4562,4951,0
4572,4969,0
4578,4980,0
4584,4985,0
4591,4990,1
4603,4975,0
4607,4977,0
4614,4977,0
4626,4974,0
4637,4966,0
4656,4961,0
4669,4946,0
4682,4932,0
4690,4915,0
4693,4898,0
4694,4878,0
4685,4864,0
4666,4853,0
4646,4859,0
4625,4874,0
4606,4899,0
4592,4929,0
4590,4961,0
4599,4989,0
4616,5016,0
4650,5035,0
4692,5044,0
4731,5040,0
4772,5039,0
4800,5033,1
5041,4818,0
5043,4816,0
5042,4813,0
5045,4816,0
5039,4810,0
5034,4804,0
5026,4799,0
5018,4796,0
5004,4796,0
4984,4799,0
4967,4807,0
4953,4819,0
4947,4834,0
4942,4849,0
4948,4864,0
4958,4882,0
4977,4897,0
5002,4914,0
5026,4930,0
5050,4946,0
5069,4962,0
5077,4975,0
5081,4993,0
5071,5007,0
5055,5020,0
5033,5022,0
5011,5020,0
4995,5012,0
4984,5001,1
5134,4849,0
5136,4853,0
5134,4854,0
5136,4863,0
5136,4879,0
5138,4899,0
5142,4926,0
5143,4952,0
5148,4980,0
5151,4997,0
5161,5010,0
5174,5014,0
5186,5005,0
5200,4992,0
5213,4971,0
5224,4946,0
5229,4925,0
5232,4907,0
5232,4901,0
5231,4903,0
5231,4908,0
5232,4928,0
5236,4956,0
5241,4984,0
5245,5006,0
5261,5025,0
5274,5034,0
5287,5028,0
5303,5015,1
5363,4844,0
5363,4844,0
5357,4838,0
5349,4834,0
5339,4833,0
5330,4842,0
5320,4855,0
5311,4874,0
5305,4896,0
5301,4925,0
5303,4956,0
5308,4983,0
5319,5001,0
5340,5014,0
5366,5017,0
5395,5014,0
5422,4999,1
5513,4824,0
5513,4824,0
5504,4821,0
5492,4821,0
5479,4828,0
5465,4840,0
5449,4857,0
5439,4876,0
5426,4893,0
5426,4915,0
5430,4939,0
5435,4956,0
5452,4973,0
5479,4986,0
5505,4990,0
5541,4995,0
5574,4992,0
5606,4988,0
5634,4978,0
5659,4966,0
5680,4951,0
5688,4927,0
5696,4908,0
5696,4886,0
5692,4866,0
5678,4847,0
5662,4835,0
5644,4830,0
5626,4831,0
5604,4836,0
5592,4848,0
5585,4865,0
5587,4886,0
5593,4908,0
5607,4927,0
5630,4950,0
5659,4966,0
5690,4975,0
5728,4978,0
5764,4982,0
5798,4976,0
5830,4968,0
5858,4957,0
5883,4937,0
5897,4912,0
5905,4891,0
5904,4869,0
5895,4850,0
5878,4833,0
5856,4822,0
5836,4819,0
5815,4823,0
5796,4832,0
5780,4848,0
5772,4867,0
5772,4890,0
5782,4914,0
5798,4937,0
5821,4960,0
5849,4977,0
5882,4989,0
5931,4997,0
5967,4995,0
6001,4993,0
6022,4984,1
6127,4921,0
6131,4923,0
6131,4922,0
6132,4922,0
6123,4912,0
6124,4900,0
6122,4885,0
6118,4872,0
6109,4859,0
6095,4842,0
6078,4833,0
6060,4828,0
6039,4833,0
6021,4846,0
6005,4864,0
5986,4888,0
5979,4919,0
5981,4951,0
5996,4976,0
6015,4991,0
6042,4998,0
6073,4994,0
6105,4973,0
6130,4941,0
6148,4910,0
6166,4866,0
6173,4824,0
6174,4780,0
6167,4741,0
6162,4711,0
6156,4687,0
6151,4675,0
6145,4670,0
6145,4675,0
6145,4694,0
6150,4729,0
6154,4767,0
6161,4813,0
6176,4862,0
6189,4907,0
6210,4948,0
6227,4978,0
6252,5004,0
6278,5016,0
6309,5011,0
6340,4997,0
6365,4968,0
6387,4939,0
6392,4903,0
6391,4874,0
6379,4846,0
6359,4832,0
6336,4828,0
6314,4834,0
6297,4847,0
6289,4869,0
6293,4900,0
6309,4936,0
6329,4961,0
6367,4985,0
6415,4998,0
6454,5002,0
6493,5000,0
6520,4994,0
6536,4982,1
6588,4917,0
6598,4924,0
6601,4927,0
6606,4927,0
6611,4920,0
6611,4908,0
6609,4886,0
6604,4862,0
6589,4835,0
6571,4813,0
6547,4798,0
6528,4790,0
6508,4794,0
6497,4809,0
6480,4834,0
6472,4867,0
6466,4905,0
6471,4934,0
6486,4961,0
6502,4973,0
6519,4977,0
6541,4971,0
6559,4950,0
6575,4912,0
6588,4867,0
6597,4813,0
6599,4755,0
6601,4702,0
6599,4649,0
6592,4606,0
6584,4572,0
6580,4557,0
6577,4554,0
6572,4561,0
6572,4592,0
6572,4637,0
6572,4687,0
6575,4753,0
6577,4813,0
6582,4874,0
6592,4929,0
6608,4973,0
6626,5007,0
6641,5026,0
6654,5023,1