bruns lessives and surface-
536
998,2675,0
985,2719,0
974,2747,0
966,2774,0
962,2798,0
956,2814,0
960,2790,0
969,2770,0
982,2751,0
1000,2732,0
1022,2720,0
1044,2713,0
1066,2717,0
1084,2729,0
1093,2745,0
1093,2760,0
1084,2777,0
1069,2797,0
1050,2816,0
1032,2832,0
1015,2840,0
999,2843,0
984,2847,0
970,2847,0
963,2842,0
962,2846,0
962,2842,0
968,2850,0
979,2854,0
995,2852,0
1015,2847,0
1039,2844,0
1064,2828,0
1092,2817,0
1122,2804,0
1145,2784,0
1166,2767,0
1177,2747,0
1182,2739,0
1184,2739,0
1183,2738,0
1179,2739,0
1177,2755,0
1170,2775,0
1165,2803,0
1154,2824,0
1146,2848,0
1138,2860,0
1132,2869,0
1132,2880,0
1132,2876,0
1132,2873,0
1131,2848,0
1141,2836,0
1150,2808,0
1162,2784,0
1173,2771,0
1177,2763,0
1182,2767,0
1191,2770,0
1208,2773,0
1226,2769,0
1245,2764,0
1262,2758,0
1276,2753,0
1286,2741,0
1295,2736,0
1299,2731,0
1299,2731,0
1296,2740,0
1288,2760,0
1278,2794,0
1262,2798,0
1300,2795,0
1317,2770,0
1333,2748,0
1346,2735,0
1353,2734,0
1353,2742,0
1353,2758,0
1351,2783,0
1348,2803,0
1346,2811,0
1353,2823,0
1361,2822,0
1369,2813,0
1380,2803,0
1393,2790,0
1410,2780,0
1426,2765,0
1439,2748,0
1449,2730,0
1458,2717,0
1462,2704,0
1469,2703,0
1469,2695,0
1471,2695,0
1471,2695,0
1471,2695,0
1470,2695,0
1469,2695,0
1468,2695,0
1469,2699,0
1467,2699,0
1469,2711,0
1467,2719,0
1464,2736,0
1459,2757,0
1451,2774,0
1444,2783,0
1439,2792,0
1438,2801,0
1434,2797,0
1435,2797,0
1435,2785,0
1439,2768,0
1451,2746,0
1468,2724,0
1488,2704,0
1506,2697,0
1523,2711,0
1528,2721,0
1527,2738,0
1520,2764,0
1510,2782,0
1505,2794,0
1507,2811,0
1509,2814,0
1516,2813,0
1527,2811,0
1539,2797,1
1684,2718,0
1681,2714,0
1674,2708,0
1669,2709,0
1660,2711,0
1652,2721,0
1644,2736,0
1640,2753,0
1644,2772,0
1655,2786,0
1669,2800,0
1676,2806,0
1679,2814,0
1674,2815,0
1665,2825,0
1648,2833,0
1626,2841,0
1602,2846,0
1580,2847,0
1561,2842,0
1548,2832,1
1989,2549,0
1982,2552,0
1977,2571,0
1955,2630,0
1948,2671,0
1940,2703,0
1935,2738,0
1932,2769,0
1935,2801,0
1939,2817,0
1950,2830,0
1967,2841,0
1985,2840,0
2007,2828,0
2026,2804,0
2047,2779,0
2059,2753,0
2062,2726,0
2059,2707,0
2048,2697,0
2018,2709,0
1977,2787,0
1981,2803,0
1996,2819,0
2016,2825,0
2038,2817,0
2065,2803,0
2090,2784,1
2202,2660,0
2193,2654,0
2185,2654,0
2172,2656,0
2155,2663,0
2118,2769,0
2146,2784,1
2260,2672,0
2256,2675,0
2244,2671,0
2236,2680,0
2218,2688,0
2211,2713,0
2080,2835,0
2244,2786,0
2250,2791,1
2341,2673,0
2340,2673,0
2338,2675,0
2338,2692,0
2325,2712,0
2311,2741,0
2299,2765,0
2286,2779,0
2282,2795,1
2362,2594,0
2364,2580,0
2356,2562,0
2355,2558,0
2350,2552,1
2392,2673,0
2386,2691,0
2375,2714,0
2366,2746,0
2359,2767,0
2368,2785,0
2377,2794,0
2387,2793,0
2398,2788,0
2410,2777,0
2425,2756,0
2440,2730,0
2454,2704,0
2462,2677,0
2471,2663,0
2473,2658,0
2472,2659,0
2471,2663,0
2466,2671,0
2473,2685,0
2484,2697,0
2497,2703,0
2509,2701,0
2523,2693,0
2540,2683,0
2560,2677,0
2568,2663,0
2571,2647,0
2570,2642,0
2563,2647,0
2543,2659,0
2529,2695,0
2518,2724,0
2516,2743,0
2533,2762,0
2539,2758,0
2553,2754,0
2567,2741,0
2585,2732,0
2603,2721,0
2614,2704,1
2678,2656,0
2673,2650,0
2666,2644,0
2644,2644,0
2630,2657,0
2623,2681,0
2613,2688,0
2631,2709,0
2651,2720,0
2668,2728,0
2673,2734,0
2672,2736,0
2663,2736,0
2637,2738,0
2610,2745,0
2589,2752,1
2983,2631,0
2975,2628,0
2960,2624,0
2947,2623,0
2926,2624,0
2912,2640,0
2888,2662,0
2868,2697,0
2852,2737,0
2849,2768,0
2854,2784,0
2863,2788,0
2877,2788,0
2895,2785,0
2909,2770,0
2930,2756,0
2946,2729,0
2962,2703,0
2977,2687,0
2980,2674,0
2979,2675,0
2974,2688,0
2966,2720,0
2955,2753,0
2951,2780,0
2956,2801,0
2967,2808,0
2980,2803,0
3003,2792,0
3028,2772,0
3054,2748,0
3081,2722,0
3101,2697,0
3117,2678,0
3124,2668,0
3123,2663,0
3126,2666,0
3122,2668,0
3117,2678,0
3111,2698,0
3100,2724,0
3091,2750,0
3086,2770,0
3081,2777,0
3083,2782,0
3081,2778,0
3086,2774,0
3091,2755,0
3104,2729,0
3117,2693,0
3140,2665,0
3163,2651,0
3167,2642,0
3173,2648,0
3172,2659,0
3168,2684,0
3154,2704,0
3146,2727,0
3139,2742,0
3139,2753,0
3148,2761,0
3153,2758,0
3169,2749,0
3187,2736,0
3209,2722,1
3274,2656,0
3271,2659,0
3262,2671,0
3245,2697,0
3230,2725,0
3226,2755,0
3225,2771,0
3231,2776,0
3241,2773,0
3247,2758,0
3262,2745,0
3271,2716,0
3279,2673,0
3298,2629,0
3324,2594,0
3344,2564,0
3358,2546,0
3354,2545,0
3354,2550,0
3330,2578,0
3315,2630,0
3300,2680,0
3298,2715,0
3305,2734,1
3670,2622,0
3669,2624,0
3662,2621,0
3655,2622,0
3648,2624,0
3634,2632,0
3626,2645,0
3621,2663,0
3625,2676,0
3636,2693,0
3650,2707,0
3649,2714,0
3654,2726,0
3650,2736,0
3639,2747,0
3619,2756,0
3593,2763,0
3571,2774,0
3551,2781,0
3538,2789,0
3532,2795,0
3531,2800,0
3541,2803,0
3560,2795,0
3588,2779,0
3615,2758,0
3643,2731,0
3680,2710,0
3706,2678,0
3732,2651,0
3748,2628,0
3759,2615,0
3762,2618,0
3757,2618,0
3749,2638,0
3740,2671,0
3717,2696,0
3707,2723,0
3708,2739,0
3716,2748,0
3732,2749,0
3748,2744,0
3764,2733,0
3779,2717,0
3795,2700,0
3810,2680,0
3817,2659,0
3819,2644,0
3820,2644,0
3819,2656,0
3815,2684,0
3807,2710,0
3807,2729,0
3814,2744,0
3821,2749,0
3833,2748,0
3843,2736,0
3855,2718,0
3872,2699,0
3888,2676,0
3900,2650,0
3913,2636,0
3921,2632,0
3920,2633,0
3922,2644,0
3923,2666,0
3918,2695,0
3911,2723,0
3904,2743,0
3901,2751,0
3901,2751,0
3899,2747,0
3899,2736,0
3901,2715,0
3908,2683,0
3919,2652,0
3940,2636,0
3959,2630,0
3981,2637,0
3997,2642,0
4015,2646,1
4106,2507,0
4103,2505,0
4102,2507,0
4096,2514,0
4083,2536,0
4066,2572,0
4052,2614,0
4037,2650,0
4031,2682,0
4027,2711,0
4030,2739,0
4032,2762,0
4027,2777,1
3981,2697,0
3988,2702,0
4001,2704,0
4020,2702,0
4042,2695,0
4072,2683,0
4102,2666,0
4135,2646,0
4165,2627,0
4188,2609,0
4208,2598,0
4213,2591,0
4213,2592,0
4210,2602,0
4193,2623,0
4174,2661,0
4152,2699,0
4139,2728,0
4138,2742,0
4142,2743,0
4155,2741,0
4167,2732,0
4173,2718,0
4188,2705,0
4198,2687,0
4208,2668,0
4208,2649,0
4208,2637,0
4208,2638,0
4210,2647,0
4208,2668,0
4208,2695,0
4210,2710,0
4218,2719,0
4229,2720,0
4238,2715,0
4254,2708,0
4271,2699,0
4289,2683,0
4311,2667,0
4335,2649,0
4361,2634,0
4385,2622,0
4406,2614,0
4415,2607,0
4422,2606,0
4421,2607,0
4420,2608,0
4414,2610,0
4401,2614,0
4385,2622,0
4369,2636,0
4355,2656,0
4349,2676,0
4345,2689,1
4344,2697,0
4353,2704,0
4361,2708,0
4381,2714,0
4398,2712,0
4421,2707,0
4450,2702,0
4478,2693,0
4502,2680,0
4531,2666,0
4554,2649,0
4574,2635,0
4580,2619,0
4578,2608,0
4574,2606,0
4553,2615,0
4533,2636,0
4515,2661,0
4504,2677,0
4508,2691,0
4524,2703,0
4537,2706,1
4709,2666,0
4717,2667,0
4731,2667,0
4760,2668,0
4782,2665,0
4810,2666,0
4825,2664,0
4842,2668,0
4852,2668,1