precipitating lead chromate from a hot
605
590,4429,0
590,4444,0
591,4452,0
591,4456,0
589,4452,0
591,4456,0
587,4444,0
580,4423,0
576,4398,0
574,4366,0
574,4334,0
583,4315,0
594,4296,0
608,4281,0
620,4283,0
632,4284,0
641,4289,0
646,4302,0
646,4314,0
640,4333,0
630,4349,0
611,4362,0
590,4368,0
574,4370,0
560,4372,1
699,4439,0
698,4444,0
697,4439,0
695,4427,0
697,4403,0
702,4376,0
715,4360,0
727,4345,0
735,4342,1
759,4376,0
752,4388,0
756,4400,0
760,4404,0
767,4418,0
782,4426,0
801,4423,0
815,4420,0
827,4421,0
837,4422,0
838,4414,0
837,4418,0
836,4413,0
836,4413,0
827,4417,0
820,4424,0
807,4424,0
792,4423,0
775,4418,0
763,4413,0
753,4400,0
745,4391,0
748,4383,0
759,4369,0
776,4349,0
794,4335,0
808,4324,0
823,4317,0
828,4316,0
831,4325,0
827,4341,0
815,4356,0
798,4367,0
781,4378,0
767,4381,0
758,4381,0
757,4380,1
933,4350,0
930,4342,0
928,4333,0
925,4326,0
919,4325,0
912,4326,0
905,4337,0
897,4344,0
889,4356,0
883,4368,0
881,4384,0
886,4400,0
896,4413,0
910,4413,0
929,4418,0
948,4410,0
962,4403,1
1000,4360,0
998,4372,0
997,4388,0
996,4403,0
996,4412,0
996,4423,0
998,4423,0
1002,4420,0
1008,4411,1
1099,4436,0
1099,4464,0
1100,4492,0
1101,4500,0
1100,4508,0
1102,4509,0
1102,4509,0
1100,4505,0
1094,4489,0
1090,4464,0
1090,4437,0
1095,4405,0
1101,4376,0
1109,4352,0
1119,4336,0
1131,4324,0
1141,4320,0
1150,4320,0
1158,4328,0
1161,4336,0
1163,4352,0
1159,4367,0
1148,4384,0
1133,4392,0
1113,4396,0
1095,4400,0
1085,4401,0
1083,4401,0
1089,4396,1
1203,4379,0
1199,4395,0
1198,4419,0
1193,4431,0
1194,4439,1
1228,4321,1
1315,4290,0
1305,4326,0
1293,4367,0
1282,4404,0
1277,4427,0
1278,4440,0
1281,4444,0
1282,4444,0
1281,4439,1
1255,4365,0
1260,4361,0
1277,4364,0
1298,4358,1
1394,4349,0
1382,4370,0
1375,4394,0
1372,4410,0
1376,4415,0
1386,4418,0
1402,4413,0
1418,4403,0
1429,4390,0
1439,4373,0
1442,4352,0
1442,4341,0
1442,4340,0
1440,4340,0
1439,4349,0
1438,4365,0
1440,4385,0
1440,4405,0
1445,4413,0
1457,4416,0
1469,4415,1
1574,4299,0
1565,4340,0
1556,4374,0
1548,4398,0
1547,4419,1
1508,4346,0
1519,4350,0
1538,4348,0
1560,4341,0
1582,4338,1
1634,4343,0
1631,4352,0
1630,4369,0
1624,4386,0
1621,4394,1
1660,4307,0
1660,4304,0
1660,4304,0
1662,4304,0
1666,4303,1
1729,4338,0
1722,4355,0
1718,4372,0
1713,4385,0
1706,4394,0
1708,4389,0
1711,4394,0
1712,4381,0
1718,4368,0
1730,4346,0
1744,4324,0
1756,4305,0
1774,4311,0
1781,4309,0
1787,4312,0
1790,4328,0
1787,4345,0
1780,4367,0
1773,4388,0
1775,4403,0
1783,4415,1
1867,4323,0
1859,4340,0
1857,4357,0
1860,4369,0
1872,4382,0
1886,4379,0
1896,4362,0
1912,4367,0
1918,4353,0
1922,4340,0
1923,4328,0
1922,4320,0
1920,4321,0
1918,4321,0
1917,4338,0
1908,4347,0
1907,4376,0
1906,4405,0
1910,4441,0
1913,4468,0
1920,4495,0
1929,4522,0
1934,4550,0
1932,4562,0
1922,4565,0
1903,4560,0
1882,4551,0
1857,4532,0
1836,4507,0
1823,4485,0
1819,4461,0
1832,4447,0
1861,4433,1
2247,4406,0
2248,4415,1
2380,4317,0
2398,4304,0
2410,4295,0
2425,4295,0
2429,4297,0
2429,4302,0
2427,4316,0
2417,4331,0
2403,4343,0
2364,4365,1
2510,4401,0
2526,4387,0
2539,4366,0
2548,4346,0
2552,4332,0
2554,4327,0
2550,4324,0
2550,4328,0
2544,4334,0
2536,4355,0
2531,4372,1
2654,4345,0
2641,4350,0
2632,4362,0
2615,4372,0
2613,4398,0
2613,4415,0
2611,4413,0
2623,4412,0
2637,4403,0
2655,4393,0
2661,4372,0
2673,4351,0
2671,4322,0
2675,4304,0
2669,4275,0
2673,4270,0
2672,4261,0
2672,4261,0
2672,4261,0
2673,4266,0
2675,4282,0
2672,4304,0
2675,4333,0
2681,4365,0
2688,4384,0
2706,4407,0
2724,4417,0
2743,4427,0
2755,4435,1
3252,4309,0
3247,4303,0
3241,4297,0
3232,4292,0
3218,4290,1
3127,4350,0
3117,4373,0
3122,4397,0
3131,4415,0
3150,4424,0
3177,4432,0
3206,4432,0
3228,4425,1
3305,4295,0
3304,4322,0
3305,4353,0
3308,4379,0
3308,4398,0
3310,4406,0
3310,4406,0
3308,4401,0
3310,4396,0
3313,4377,0
3323,4358,0
3336,4333,0
3351,4307,0
3366,4293,0
3373,4285,0
3378,4286,0
3382,4294,0
3385,4314,0
3383,4339,0
3380,4367,0
3378,4391,0
3379,4418,0
3382,4435,0
3385,4438,0
3397,4436,1
3438,4326,0
3439,4344,0
3438,4364,0
3433,4379,0
3432,4394,0
3433,4402,0
3433,4402,0
3433,4398,0
3436,4382,0
3443,4360,0
3455,4331,0
3471,4312,0
3484,4300,1
3580,4373,0
3596,4364,0
3604,4345,0
3608,4324,0
3606,4302,0
3596,4285,0
3583,4278,0
3566,4280,0
3546,4291,1
3697,4311,0
3703,4326,0
3708,4342,0
3706,4352,0
3709,4365,0
3707,4366,0
3709,4369,0
3705,4362,0
3704,4359,0
3701,4346,0
3702,4331,0
3705,4316,0
3708,4299,0
3715,4290,0
3723,4285,0
3731,4290,0
3740,4298,0
3747,4312,0
3746,4327,0
3749,4350,0
3744,4357,0
3744,4357,0
3742,4354,0
3747,4346,0
3752,4328,0
3763,4302,0
3780,4282,0
3794,4268,0
3802,4263,0
3808,4268,0
3815,4282,0
3816,4301,0
3815,4330,0
3817,4362,0
3819,4390,0
3827,4404,0
3841,4409,1
3896,4309,0
3881,4325,0
3875,4348,0
3874,4367,0
3879,4384,0
3890,4391,0
3909,4393,0
3924,4382,0
3935,4366,0
3942,4346,0
3950,4326,0
3951,4306,0
3951,4296,0
3950,4297,0
3951,4302,0
3950,4316,0
3952,4339,0
3952,4368,0
3955,4385,0
3966,4403,0
3974,4402,1
4116,4136,0
4110,4161,0
4104,4191,0
4097,4231,0
4088,4278,0
4079,4324,0
4073,4362,0
4068,4386,0
4075,4410,0
4073,4415,0
4076,4418,0
4077,4413,0
4077,4403,1
4014,4291,0
4023,4299,0
4033,4302,0
4061,4312,0
4086,4314,1
4162,4316,0
4150,4326,0
4143,4341,0
4140,4358,0
4142,4371,0
4145,4379,0
4162,4391,0
4178,4390,0
4200,4393,0
4222,4392,0
4235,4392,0
4239,4390,0
4241,4394,0
4238,4391,0
4233,4389,0
4229,4391,0
4217,4391,0
4204,4391,0
4187,4388,0
4167,4379,0
4154,4373,0
4145,4369,0
4138,4359,0
4135,4346,0
4141,4332,0
4152,4314,0
4172,4300,0
4192,4290,0
4212,4280,0
4225,4275,0
4232,4280,0
4230,4285,0
4225,4304,0
4208,4317,0
4190,4331,0
4171,4335,0
4157,4340,0
4145,4340,0
4131,4339,0
4131,4345,0
4128,4346,1
4647,4212,0
4645,4229,0
4645,4251,0
4644,4278,0
4646,4314,0
4647,4355,0
4644,4399,0
4644,4447,0
4642,4485,0
4638,4508,0
4637,4530,0
4639,4544,0
4635,4547,1
4529,4386,0
4546,4377,0
4579,4371,0
4608,4361,0
4647,4355,1
4756,4345,0
4758,4365,0
4755,4379,0
4753,4385,0
4755,4388,0
4753,4384,0
4753,4375,0
4758,4360,0
4768,4334,1
4884,4354,0
4890,4344,0
4890,4327,0
4886,4309,0
4876,4285,0
4871,4280,0
4862,4278,0
4849,4283,1
4927,4364,0
4927,4364,0
4929,4361,0
4932,4348,0
4937,4328,0
4949,4310,0
4958,4291,0
4967,4283,0
4972,4283,0
4977,4290,0
4979,4304,0
4973,4321,0
4965,4334,0
4960,4339,0
4963,4342,0
4963,4341,0
4965,4334,0
4975,4314,0
4997,4304,0
5009,4287,0
5023,4284,0
5025,4283,0
5030,4289,0
5033,4303,0
5031,4322,0
5028,4346,0
5029,4367,0
5038,4381,0
5055,4381,1
5357,4342,0
5376,4329,0
5389,4310,0
5402,4295,0
5403,4283,0
5399,4276,0
5399,4282,0
5395,4292,0
5392,4313,0
5392,4336,0
5400,4355,0
5417,4367,0
5443,4369,1
5725,4299,0
5720,4306,0
5723,4309,0
5723,4307,0
5725,4299,0
5731,4280,0
5743,4261,0
5757,4239,0
5774,4225,0
5787,4216,0
5796,4218,0
5805,4220,0
5806,4231,0
5803,4246,0
5798,4272,0
5789,4293,0
5788,4312,1
5905,4263,0
5899,4264,0
5895,4268,0
5887,4277,0
5883,4295,0
5877,4314,0
5879,4331,0
5880,4341,0
5888,4350,0
5907,4353,0
5926,4349,0
5937,4336,0
5950,4321,0
5962,4302,0
5963,4275,0
5960,4254,0
5956,4239,0
5945,4228,0
5934,4229,0
5923,4236,0
5906,4249,0
5896,4267,0
5888,4295,0
5887,4321,0
5888,4338,1
6102,4194,0
6092,4220,0
6079,4248,0
6066,4277,0
6057,4307,0
6054,4328,0
6062,4344,0
6071,4352,0
6078,4355,0
6092,4357,0
6101,4353,0
6102,4345,0
6107,4340,1
6049,4285,0
6054,4284,0
6077,4283,0
6105,4280,1