daughter will be within 0.1
708
1204,3037,0
1203,3030,0
1202,3026,0
1197,3014,0
1192,3006,0
1182,2994,0
1166,2983,0
1146,2980,0
1124,2984,0
1099,2996,0
1071,3016,0
1042,3044,0
1014,3080,0
996,3115,0
989,3151,0
994,3183,0
1008,3208,0
1027,3228,0
1050,3236,0
1075,3237,0
1100,3224,0
1124,3204,0
1146,3175,0
1164,3135,0
1179,3091,0
1192,3039,0
1204,2990,0
1211,2937,0
1215,2889,0
1220,2849,0
1223,2813,0
1223,2789,0
1220,2773,0
1220,2777,0
1218,2794,0
1220,2820,0
1223,2865,0
1227,2917,0
1229,2972,0
1231,3033,0
1235,3093,0
1236,3141,0
1240,3177,0
1243,3196,0
1248,3208,0
1251,3208,0
1252,3199,0
1259,3187,1
1305,3088,0
1290,3125,0
1284,3158,0
1288,3181,0
1302,3197,0
1322,3203,0
1346,3197,0
1372,3182,0
1586,3109,0
1604,3081,0
1622,2994,0
1619,2982,0
1626,3008,0
1633,3036,0
1640,3067,0
1650,3102,0
1657,3129,0
1663,3144,0
1672,3159,0
1771,3084,0
1678,3198,0
1693,3187,0
1703,3168,0
1715,3146,0
1722,3115,0
1730,3085,0
1732,3047,0
1738,3018,0
1741,2992,0
1744,2975,0
1745,2963,0
1745,2963,0
1743,2963,0
1744,2984,0
1742,3008,0
1739,3042,0
1737,3079,0
1737,3112,0
1737,3141,0
1743,3168,0
1747,3180,0
1754,3187,0
1763,3184,0
1779,3189,0
1792,3177,0
1806,3166,1
2008,3080,0
2009,3072,0
2006,3059,0
2001,3053,0
1989,3035,0
1975,3024,0
1954,3013,0
1934,3011,0
1911,3013,0
1891,3023,0
1870,3037,0
1853,3063,0
1840,3091,0
1835,3122,0
1836,3146,0
1847,3172,0
1862,3185,0
1882,3184,0
1907,3177,0
1932,3161,0
1954,3139,0
1968,3114,0
1977,3086,0
1982,3059,0
1983,3038,0
1982,3025,0
1980,3022,0
1977,3019,0
1975,3024,0
1976,3044,0
1978,3069,0
1983,3101,0
1988,3137,0
1995,3177,0
2002,3216,0
2007,3260,0
2012,3305,0
2009,3344,0
2002,3379,0
1987,3408,0
1969,3430,0
1954,3446,0
1937,3450,0
1921,3447,0
1910,3437,0
1899,3419,0
1891,3396,0
1891,3371,0
1891,3338,0
1898,3308,0
1904,3277,0
1913,3250,0
1923,3227,1
2074,2829,0
2072,2834,0
2075,2846,0
2079,2861,0
2080,2873,0
2086,2893,0
2089,2913,0
2093,2946,0
2089,2977,0
2090,3019,0
2084,3054,0
2087,3096,0
2086,3122,0
2093,3145,0
2095,3148,0
2097,3148,0
2101,3138,0
2113,3112,0
2130,3086,0
2149,3048,0
2169,3016,0
2187,2992,0
2203,2976,0
2216,2971,0
2223,2972,0
2232,2990,0
2236,3019,0
2233,3054,0
2229,3095,0
2227,3130,0
2226,3156,0
2231,3176,0
2237,3182,0
2244,3175,0
2253,3158,0
2268,3140,0
2280,3109,1
2323,2775,0
2319,2765,0
2318,2756,0
2318,2755,0
2318,2756,0
2323,2767,0
2328,2787,0
2336,2818,0
2337,2853,0
2340,2900,0
2340,2948,0
2342,3005,0
2340,3058,0
2337,3107,0
2336,3146,0
2333,3169,0
2339,3189,0
2338,3189,0
2341,3188,0
2340,3170,0
2345,3147,1
2256,2950,0
2258,2953,0
2263,2956,0
2273,2956,0
2289,2953,0
2312,2953,0
2331,2948,0
2350,2944,0
2369,2944,0
2383,2941,0
2393,2941,0
2401,2947,0
2404,2950,1
2391,3175,0
2392,3184,0
2393,3183,0
2400,3184,0
2413,3178,0
2424,3165,0
2437,3146,0
2449,3118,0
2461,3087,0
2470,3051,0
2478,3016,0
2481,2983,0
2480,2958,0
2472,2938,0
2460,2926,0
2449,2923,0
2441,2931,0
2430,2951,0
2423,2980,0
2420,3018,0
2420,3062,0
2422,3100,0
2432,3139,0
2449,3167,0
2470,3183,0
2492,3191,0
2519,3192,0
2542,3185,0
2562,3175,1
2589,3180,0
2589,3184,0
2589,3184,0
2585,3177,0
2586,3168,0
2582,3152,0
2580,3130,0
2577,3101,0
2578,3077,0
2577,3051,0
2579,3023,0
2586,2997,0
2596,2973,0
2609,2953,0
2626,2934,0
2645,2924,0
2663,2913,1
2893,2893,0
2889,2895,0
2890,2895,0
2891,2898,0
2890,2914,0
2888,2934,0
2890,2962,0
2889,2995,0
2891,3037,0
2895,3077,0
2905,3114,0
2922,3140,0
2940,3152,0
2963,3152,0
2987,3142,0
3006,3120,0
3021,3091,0
3035,3057,0
3042,3019,0
3049,2984,0
3050,2950,0
3048,2926,0
3044,2915,0
3043,2916,0
3040,2918,0
3039,2938,0
3037,2968,0
3041,3010,0
3048,3054,0
3064,3100,0
3078,3130,0
3105,3156,0
3129,3162,0
3156,3154,0
3181,3132,0
3204,3100,0
3224,3066,0
3229,3023,0
3227,2984,0
3221,2948,0
3211,2920,0
3197,2896,0
3190,2886,0
3181,2878,0
3177,2875,0
3180,2878,0
3189,2887,0
3206,2898,0
3225,2910,1
3325,2895,0
3322,2893,0
3325,2896,0
3327,2905,0
3325,2917,0
3327,2936,0
3327,2961,0
3331,2994,0
3329,3026,0
3332,3060,0
3337,3091,0
3344,3115,0
3349,3132,0
3356,3142,0
3356,3142,0
3356,3141,0
3356,3136,1
3280,2693,0
3270,2690,0
3274,2693,0
3274,2693,0
3275,2697,1
3394,2650,0
3390,2658,0
3395,2681,0
3395,2714,0
3397,2760,0
3391,2818,0
3384,2883,0
3378,2950,0
3374,3011,0
3375,3061,0
3385,3099,0
3390,3115,0
3399,3118,1
3465,2642,0
3462,2628,0
3460,2625,0
3464,2632,0
3462,2656,0
3455,2690,0
3449,2741,0
3440,2798,0
3436,2860,0
3432,2922,0
3430,2975,0
3435,3023,0
3446,3060,1
3715,2645,0
3713,2642,0
3708,2641,0
3712,2649,0
3711,2661,0
3713,2677,0
3719,2700,0
3719,2728,0
3723,2770,0
3722,2817,0
3722,2872,0
3718,2927,0
3714,2980,0
3712,3025,0
3710,3054,0
3708,3066,0
3712,3069,0
3713,3068,0
3710,3049,0
3717,3027,0
3723,2994,0
3740,2962,0
3754,2925,0
3777,2897,0
3800,2874,0
3824,2861,0
3847,2860,0
3866,2869,0
3879,2890,0
3884,2926,0
3879,2971,0
3869,3019,0
3858,3069,0
3841,3112,0
3814,3144,0
3790,3170,0
3771,3182,0
3751,3178,0
3739,3173,0
3728,3162,0
3723,3149,0
3720,3131,0
3728,3114,0
3741,3102,0
3752,3092,1
3905,3163,0
3908,3165,0
3910,3163,0
3921,3158,0
3937,3144,0
3953,3122,0
3974,3096,0
3991,3063,0
4008,3027,0
4020,2986,0
4030,2947,0
4030,2912,0
4024,2883,0
4014,2864,0
4005,2856,0
3993,2856,0
3981,2864,0
3971,2893,0
3961,2927,0
3953,2969,0
3959,3014,0
3976,3059,0
4000,3093,0
4034,3115,0
4073,3128,0
4114,3136,0
4152,3138,0
4181,3137,0
4203,3136,1
4418,2848,0
4407,2849,0
4408,2861,0
4408,2881,0
4408,2906,0
4409,2941,0
4416,2982,0
4427,3025,0
4442,3064,0
4456,3096,0
4473,3119,0
4494,3132,0
4505,3131,0
4521,3124,0
4529,3098,0
4541,3064,0
4549,3023,0
4556,2982,0
4559,2941,0
4562,2905,0
4564,2876,0
4565,2856,0
4566,2854,0
4562,2853,0
4562,2872,0
4559,2902,0
4562,2943,0
4568,2993,0
4575,3041,0
4596,3080,0
4618,3103,0
4643,3110,0
4671,3107,0
4692,3088,0
4714,3060,0
4731,3027,0
4740,2989,0
4739,2951,0
4734,2918,0
4731,2895,0
4722,2873,0
4716,2862,0
4710,2856,0
4712,2860,0
4714,2869,1
4809,2931,0
4808,2919,0
4809,2910,0
4811,2909,0
4813,2912,0
4808,2926,0
4804,2951,0
4801,2982,0
4799,3017,0
4801,3052,0
4807,3085,0
4813,3110,0
4822,3131,0
4824,3140,0
4828,3142,0
4825,3134,0
4830,3115,1
4786,2707,0
4780,2704,0
4783,2704,0
4780,2704,0
4777,2714,1
4937,2631,0
4943,2638,0
4940,2649,0
4946,2671,0
4946,2698,0
4943,2733,0
4940,2772,0
4942,2820,0
4944,2873,0
4946,2926,0
4948,2978,0
4951,3029,0
4958,3078,0
4958,3117,0
4963,3146,0
4968,3165,0
4972,3173,0
4973,3173,0
4974,3170,0
4972,3153,0
4976,3134,1
4850,2936,0
4847,2938,0
4852,2940,0
4855,2942,0
4863,2946,0
4863,2944,0
4871,2947,0
4877,2946,0
4887,2946,0
4898,2944,0
4906,2941,0
4922,2938,0
4946,2934,0
4969,2927,0
4992,2917,0
5008,2908,0
5027,2900,1
5024,2681,0
5024,2681,0
5028,2690,0
5032,2706,0
5031,2729,0
5038,2763,0
5041,2803,0
5037,2844,0
5041,2895,0
5045,2945,0
5051,2992,0
5052,3032,0
5055,3062,0
5063,3085,0
5064,3090,0
5068,3091,0
5067,3085,0
5073,3064,0
5081,3038,0
5095,3006,0
5113,2975,0
5135,2942,0
5159,2912,0
5188,2892,0
5209,2881,0
5228,2882,0
5237,2890,0
5243,2910,0
5245,2944,0
5243,2983,0
5235,3022,0
5233,3059,0
5236,3090,0
5245,3112,0
5252,3124,0
5263,3128,0
5272,3123,1
5333,2902,0
5336,2907,0
5334,2917,0
5332,2934,0
5330,2959,0
5327,2986,0
5325,3018,0
5319,3048,0
5321,3080,0
5318,3100,0
5320,3117,0
5318,3119,0
5320,3117,1
5312,2741,0
5314,2722,0
5318,2709,0
5320,2704,0
5316,2703,0
5318,2708,0
5317,2718,0
5321,2733,0
5328,2753,1
5414,3107,0
5411,3105,0
5412,3103,0
5409,3092,0
5412,3082,0
5409,3064,0
5405,3041,0
5414,3021,0
5426,2995,0
5443,2970,0
5467,2945,0
5493,2919,0
5524,2901,0
5547,2885,0
5569,2882,0
5586,2885,0
5603,2901,0
5607,2926,0
5608,2963,0
5605,3006,0
5602,3048,0
5607,3083,0
5620,3116,0
5630,3136,0
5646,3148,1
6124,2826,0
6128,2807,0
6140,2786,0
6135,2761,0
6131,2732,0
6119,2703,0
6101,2678,0
6073,2651,0
6049,2636,0
6020,2632,0
5982,2645,0
5943,2677,0
5907,2721,0
5880,2781,0
5859,2843,0
5855,2908,0
5858,2964,0
5875,3006,0
5909,3036,0
5942,3043,0
5979,3035,0
6020,3013,0
6056,2976,0
6078,2927,0
6099,2872,0
6107,2813,0
6114,2758,0
6111,2710,0
6095,2671,0
6082,2644,0
6061,2630,0
6043,2622,0
6037,2626,1
6120,3015,0
6120,3015,0
6121,3014,0
6121,3013,0
6121,3014,0
6121,3014,0
6117,3012,0
6117,3012,0
6124,3010,1
6161,2883,0
6157,2890,0
6158,2897,0
6165,2901,0
6174,2902,0
6187,2893,0
6206,2873,0
6239,2844,0
6273,2807,0
6312,2765,0
6350,2722,0
6382,2677,0
6413,2639,0
6428,2606,0
6441,2585,0
6440,2579,0
6440,2579,0
6437,2593,0
6428,2623,0
6420,2670,0
6407,2725,0
6401,2790,0
6394,2851,0
6396,2908,0
6396,2953,0
6406,2985,0
6413,3004,0
6423,3012,0
6423,3012,0
6424,3011,0
6423,3004,0
6420,2990,0
6415,2976,1
6548,3066,0
6546,3062,0
6547,3060,0
6546,3061,0
6536,3055,0
6523,3053,0
6510,3054,0
6495,3054,0
6496,3053,1