the lead chromate
398
1089,5660,0
1086,5656,0
1085,5656,0
1083,5660,0
1082,5684,0
1083,5720,0
1085,5769,0
1087,5832,0
1086,5904,0
1085,5976,0
1083,6044,0
1076,6100,0
1061,6144,0
1042,6168,0
1027,6177,0
1014,6164,0
1006,6124,0
1000,6068,0
1001,6023,0
1008,5992,0
1015,5976,0
1026,5964,0
1047,5960,0
1081,5947,0
1121,5928,0
1161,5895,0
1199,5851,0
1235,5810,0
1261,5764,0
1281,5716,0
1287,5680,0
1286,5656,0
1278,5661,0
1261,5677,0
1242,5721,0
1223,5778,0
1212,5854,0
1209,5939,0
1211,6007,0
1216,6075,0
1219,6123,0
1225,6143,0
1230,6138,0
1238,6122,0
1249,6078,0
1262,6017,0
1281,5964,0
1301,5936,0
1313,5927,0
1322,5935,0
1329,5959,0
1333,5991,0
1338,6038,0
1349,6078,0
1360,6114,0
1379,6128,0
1403,6140,0
1435,6138,0
1463,6119,0
1496,6097,0
1529,6063,0
1554,6017,0
1570,5979,0
1574,5943,0
1568,5923,0
1553,5921,0
1531,5934,0
1505,5961,0
1485,6003,0
1475,6039,0
1482,6071,0
1505,6101,0
1539,6115,0
1582,6123,0
1633,6110,0
1687,6093,0
1740,6075,1
1940,6045,0
1944,6049,0
1958,6047,0
1978,6036,0
2002,6015,0
2032,5979,0
2067,5936,0
2101,5894,0
2137,5846,0
2170,5795,0
2192,5747,0
2203,5712,0
2200,5688,0
2184,5678,0
2157,5688,0
2120,5716,0
2078,5756,0
2040,5811,0
2010,5868,0
1989,5933,0
1985,5991,0
1995,6037,0
2019,6074,0
2055,6092,0
2104,6101,0
2154,6092,0
2209,6078,0
2258,6047,0
2303,6017,0
2331,5984,0
2345,5955,0
2342,5935,0
2324,5919,0
2301,5924,0
2266,5940,0
2236,5974,0
2210,6012,0
2199,6046,0
2204,6074,0
2220,6092,0
2249,6098,0
2289,6094,0
2333,6072,0
2382,6046,0
2432,6014,0
2480,5982,0
2522,5955,0
2554,5939,0
2571,5926,0
2577,5929,0
2574,5933,0
2563,5941,0
2545,5954,0
2520,5956,0
2496,5966,0
2468,5972,0
2445,5981,0
2425,5995,0
2412,6014,0
2408,6036,0
2410,6060,0
2421,6078,0
2434,6087,0
2451,6091,0
2473,6087,0
2495,6069,0
2513,6039,0
2531,6002,0
2544,5962,0
2555,5930,0
2560,5916,0
2557,5917,0
2550,5928,0
2541,5963,0
2532,6010,0
2531,6051,0
2539,6091,0
2559,6115,0
2577,6122,0
2608,6115,0
2644,6093,1
2777,5940,0
2770,5943,0
2758,5942,0
2738,5943,0
2714,5950,0
2688,5969,0
2655,5995,0
2632,6034,0
2618,6071,0
2618,6109,0
2632,6133,0
2658,6148,0
2688,6136,0
2724,6112,0
2758,6066,0
2793,6014,0
2820,5952,0
2836,5885,0
2841,5816,0
2840,5762,0
2833,5735,0
2820,5730,0
2803,5744,0
2786,5791,0
2774,5861,0
2774,5945,0
2779,6014,0
2800,6087,0
2832,6141,1
3305,5882,0
3281,5896,0
3260,5913,0
3233,5935,0
3209,5969,0
3191,6015,0
3176,6062,0
3176,6113,0
3193,6145,0
3225,6165,0
3265,6158,0
3313,6136,0
3364,6090,0
3414,6028,0
3455,5952,0
3489,5876,0
3512,5797,0
3525,5722,0
3529,5663,0
3525,5626,0
3511,5605,0
3496,5608,0
3474,5627,0
3455,5679,0
3436,5747,0
3427,5834,0
3421,5914,0
3423,5986,0
3427,6036,0
3443,6064,0
3462,6078,0
3481,6066,0
3510,6046,0
3535,6004,0
3565,5957,0
3586,5914,0
3605,5892,0
3619,5894,0
3628,5913,0
3633,5954,0
3634,6001,0
3639,6051,0
3651,6095,0
3665,6123,0
3687,6136,0
3708,6135,0
3734,6115,0
3757,6078,0
3785,6034,0
3805,5981,0
3822,5934,0
3836,5904,0
3839,5894,0
3839,5899,0
3840,5924,0
3836,5967,0
3831,6013,0
3831,6057,0
3824,6087,0
3819,6102,0
3819,6107,0
3819,6097,0
3822,6066,0
3834,6021,0
3851,5973,0
3872,5940,0
3901,5917,0
3930,5904,0
3962,5900,1
4105,5904,0
4100,5902,0
4087,5894,0
4072,5893,0
4053,5903,0
4032,5933,0
4016,5967,0
4005,6004,0
4007,6039,0
4017,6061,0
4036,6078,0
4062,6083,0
4085,6071,0
4104,6048,0
4111,6008,0
4110,5964,0
4094,5927,0
4073,5902,0
4051,5895,0
4041,5892,0
4043,5895,0
4063,5903,0
4098,5906,0
4142,5911,0
4189,5909,0
4231,5899,0
4265,5894,0
4286,5887,0
4295,5891,0
4292,5906,0
4275,5943,0
4256,5995,0
4235,6046,0
4224,6089,0
4223,6121,0
4225,6134,0
4232,6134,0
4243,6119,0
4256,6086,0
4274,6040,0
4299,5989,0
4328,5950,0
4356,5930,0
4381,5925,0
4403,5931,0
4415,5951,0
4428,5985,0
4430,6022,0
4425,6051,0
4418,6078,0
4413,6090,0
4410,6087,0
4412,6078,0
4428,6046,0
4451,5995,0
4480,5941,0
4514,5912,0
4533,5909,0
4553,5926,0
4561,5958,0
4561,6001,0
4562,6046,0
4562,6083,0
4572,6110,0
4585,6121,1
4776,5924,0
4772,5916,0
4764,5908,0
4751,5911,0
4728,5926,0
4703,5960,0
4678,6004,0
4656,6046,0
4646,6080,0
4650,6101,0
4664,6111,0
4687,6111,0
4717,6093,0
4748,6059,0
4778,6013,0
4805,5957,0
4823,5912,0
4826,5891,0
4820,5890,0
4808,5904,0
4791,5933,0
4772,5973,0
4762,6023,0
4755,6069,0
4756,6111,0
4766,6148,0
4784,6174,0
4808,6178,0
4842,6166,0
4879,6138,0
4917,6094,0
4961,6037,0
5000,5963,0
5029,5880,0
5052,5805,0
5068,5745,0
5074,5701,0
5069,5675,0
5059,5662,0
5049,5665,0
5034,5696,0
5014,5748,0
4993,5817,0
4975,5898,0
4956,5983,0
4939,6056,0
4928,6116,0
4919,6155,0
4914,6168,0
4912,6165,0
4912,6154,0
4910,6118,0
4905,6074,0
4899,6044,0
4897,6031,0
4901,6034,0
4903,6032,0
4922,6038,0
4952,6052,0
4992,6064,0
5037,6068,0
5083,6066,0
5124,6057,0
5158,6039,0
5180,6018,0
5186,5995,0
5182,5978,0
5162,5962,0
5134,5963,0
5103,5970,0
5081,5989,0
5069,6017,0
5068,6056,0
5080,6092,0
5115,6127,0
5169,6157,0
5242,6171,1