refer to this, and the more
593
1103,5129,0
1103,5140,0
1109,5160,0
1114,5188,0
1126,5228,0
1121,5312,0
1124,5348,0
1126,5380,0
1129,5392,0
1131,5396,0
1131,5388,0
1134,5376,0
1119,5340,0
1107,5289,0
1109,5244,0
1116,5212,0
1119,5196,0
1126,5192,0
1131,5192,0
1137,5199,0
1148,5212,0
1154,5228,0
1162,5240,0
1177,5259,0
1193,5275,0
1214,5291,0
1232,5290,0
1249,5289,0
1265,5281,0
1281,5268,0
1297,5252,0
1303,5231,0
1303,5199,0
1297,5175,0
1280,5160,0
1259,5149,0
1237,5154,0
1219,5170,0
1200,5195,0
1196,5235,0
1207,5275,0
1233,5318,0
1262,5357,0
1290,5392,0
1316,5419,0
1339,5438,0
1357,5445,0
1370,5436,1
1529,5091,0
1529,5076,0
1518,5053,0
1508,5026,0
1487,4995,0
1462,4977,0
1440,4970,0
1418,4973,0
1400,4982,1
1384,5111,0
1402,5190,0
1414,5261,0
1421,5337,0
1423,5397,0
1423,5449,0
1420,5485,0
1416,5510,0
1412,5510,0
1407,5506,0
1404,5482,0
1409,5450,1
1444,5276,0
1444,5276,0
1435,5272,0
1420,5269,0
1401,5270,0
1379,5267,0
1358,5265,0
1339,5262,1
1497,5308,0
1503,5315,0
1510,5310,0
1523,5313,0
1539,5308,0
1561,5302,0
1579,5284,0
1592,5267,0
1602,5250,0
1600,5226,0
1592,5206,0
1575,5188,0
1558,5185,0
1539,5183,0
1523,5201,0
1511,5226,0
1503,5259,0
1504,5295,0
1510,5342,0
1525,5385,0
1544,5419,0
1575,5441,0
1606,5446,0
1630,5439,0
1649,5430,1
1672,5338,0
1680,5373,0
1688,5405,0
1693,5433,0
1698,5448,0
1699,5452,0
1698,5448,0
1698,5436,0
1696,5408,0
1691,5376,0
1688,5340,0
1686,5317,0
1686,5292,0
1693,5279,0
1705,5274,0
1718,5277,0
1734,5279,0
1746,5284,0
1757,5288,0
1768,5290,0
1775,5286,1
1930,5010,0
1923,5031,0
1919,5057,0
1916,5089,0
1915,5131,0
1921,5182,0
1936,5240,0
1947,5295,0
1952,5351,0
1947,5401,0
1947,5437,0
1947,5453,0
1949,5458,1
2024,5261,0
2029,5257,0
2022,5254,0
2006,5253,0
1988,5255,0
1968,5264,0
1948,5271,0
1931,5278,0
1913,5285,0
1899,5291,0
1891,5293,0
1889,5289,0
1896,5291,1
2200,5340,0
2204,5343,0
2205,5335,0
2198,5316,0
2185,5294,0
2172,5273,0
2148,5253,0
2121,5246,0
2092,5244,0
2067,5257,0
2046,5277,0
2037,5312,0
2040,5356,0
2055,5402,0
2078,5446,0
2106,5470,0
2133,5477,0
2164,5462,0
2191,5441,0
2212,5412,0
2215,5386,1
2505,5036,0
2504,5032,0
2505,5036,0
2504,5040,0
2500,5058,0
2499,5079,0
2497,5109,0
2497,5146,0
2497,5197,0
2499,5258,0
2499,5320,0
2500,5382,0
2502,5444,0
2504,5489,0
2507,5521,0
2506,5535,0
2504,5530,1
2564,5302,0
2559,5299,0
2545,5298,0
2519,5298,0
2490,5298,0
2460,5306,0
2426,5306,0
2398,5310,0
2376,5312,0
2364,5306,0
2362,5303,0
2377,5290,0
2407,5266,1
2580,5026,0
2579,5031,0
2576,5040,0
2577,5069,0
2577,5110,1
2582,5417,0
2590,5469,0
2588,5495,0
2589,5503,0
2588,5499,0
2584,5479,0
2584,5446,0
2585,5405,0
2593,5360,0
2608,5323,0
2625,5292,0
2643,5274,0
2662,5277,0
2681,5291,0
2695,5317,0
2713,5353,0
2721,5392,0
2725,5433,0
2725,5467,0
2721,5494,0
2718,5506,0
2717,5511,0
2716,5507,0
2725,5496,1
2789,5257,0
2791,5261,0
2787,5274,0
2788,5308,0
2786,5346,0
2790,5396,0
2794,5453,0
2794,5495,0
2794,5529,0
2790,5543,0
2789,5543,0
2786,5523,0
2788,5493,1
2779,5083,0
2779,5062,0
2775,5055,0
2777,5058,0
2775,5059,0
2777,5067,0
2777,5075,0
2782,5086,1
2940,5323,0
2939,5319,0
2934,5313,0
2924,5303,0
2904,5289,0
2887,5282,0
2870,5279,0
2856,5280,0
2847,5288,0
2845,5297,0
2847,5309,0
2859,5326,0
2876,5346,0
2902,5370,0
2926,5395,0
2952,5421,0
2972,5447,0
2987,5476,0
2996,5499,0
2992,5517,0
2979,5530,0
2957,5533,0
2931,5534,0
2906,5530,0
2881,5521,1
3093,5488,0
3087,5503,0
3076,5520,0
3057,5549,0
3042,5583,0
3027,5619,0
3011,5654,0
3002,5687,0
2999,5704,1
3493,5385,0
3499,5383,0
3502,5377,0
3501,5364,0
3489,5347,0
3472,5333,0
3450,5318,0
3421,5308,0
3388,5301,0
3356,5302,0
3327,5310,0
3305,5329,0
3286,5350,0
3279,5383,0
3282,5421,0
3298,5462,0
3318,5489,0
3346,5507,0
3375,5508,0
3405,5499,0
3426,5477,0
3445,5446,0
3457,5410,0
3467,5380,0
3469,5352,0
3468,5330,0
3470,5330,0
3468,5330,0
3467,5344,0
3467,5375,0
3468,5409,0
3473,5447,0
3481,5479,0
3484,5503,0
3486,5520,0
3489,5523,0
3492,5513,1
3505,5332,0
3507,5335,0
3507,5344,0
3508,5361,0
3515,5392,0
3519,5426,0
3524,5468,0
3525,5506,0
3522,5535,0
3524,5556,0
3524,5560,0
3524,5556,0
3527,5546,0
3524,5512,0
3529,5479,0
3533,5438,0
3542,5402,0
3556,5368,0
3567,5346,0
3579,5327,0
3596,5327,0
3613,5337,0
3627,5356,0
3639,5391,0
3644,5424,0
3649,5466,0
3648,5503,0
3642,5527,0
3638,5542,1
3859,5409,0
3873,5402,0
3875,5392,0
3863,5375,0
3848,5361,0
3818,5349,0
3782,5342,0
3747,5341,0
3710,5347,0
3682,5361,0
3662,5384,0
3653,5411,0
3653,5438,0
3670,5470,0
3691,5499,0
3718,5522,0
3748,5534,0
3783,5539,0
3807,5525,0
3833,5508,0
3845,5475,1
3851,5177,0
3847,5165,0
3846,5166,0
3844,5185,0
3843,5213,0
3840,5251,0
3849,5306,0
3855,5352,0
3864,5407,0
3861,5449,0
3863,5484,0
3870,5512,0
3870,5525,0
3871,5530,0
3871,5524,0
3871,5516,1
4138,5228,0
4138,5233,0
4138,5233,0
4137,5233,0
4138,5233,0
4140,5231,0
4135,5239,0
4140,5255,0
4138,5280,0
4147,5316,0
4146,5354,0
4152,5402,0
4153,5451,0
4159,5503,0
4161,5548,0
4164,5588,0
4172,5624,0
4172,5643,0
4172,5648,0
4172,5643,0
4174,5629,1
4222,5434,0
4223,5434,0
4217,5432,0
4199,5434,0
4174,5435,0
4140,5436,0
4108,5436,0
4074,5437,0
4048,5433,0
4028,5435,0
4016,5433,0
4013,5430,0
4021,5421,1
4219,5202,0
4224,5204,0
4222,5204,0
4221,5219,0
4220,5248,0
4222,5285,0
4225,5330,0
4230,5387,0
4234,5446,0
4237,5505,0
4237,5559,0
4237,5602,0
4235,5631,0
4237,5639,0
4232,5633,0
4227,5621,0
4227,5598,0
4232,5563,0
4239,5526,0
4252,5491,0
4270,5461,0
4287,5446,0
4305,5441,0
4325,5446,0
4345,5462,0
4362,5484,0
4369,5513,0
4372,5545,0
4370,5578,0
4365,5610,0
4357,5624,0
4355,5630,0
4352,5631,1
4377,5513,0
4379,5521,0
4382,5529,0
4388,5539,0
4403,5553,0
4420,5561,0
4442,5566,0
4461,5564,0
4477,5554,0
4491,5540,0
4500,5525,0
4496,5504,0
4487,5487,0
4468,5475,0
4452,5470,0
4438,5475,0
4430,5494,0
4424,5517,0
4430,5550,0
4444,5594,0
4462,5634,0
4492,5672,0
4519,5693,0
4547,5699,0
4572,5698,1
4783,5516,0
4785,5519,0
4789,5530,0
4793,5542,0
4792,5563,0
4794,5595,0
4792,5630,0
4794,5667,0
4796,5695,0
4796,5714,0
4797,5718,0
4797,5713,0
4796,5694,0
4799,5660,0
4802,5614,0
4806,5571,0
4809,5531,0
4817,5501,0
4825,5480,0
4840,5479,0
4857,5488,0
4874,5510,0
4886,5545,0
4896,5592,0
4897,5641,0
4898,5679,0
4892,5702,0
4887,5706,0
4882,5699,0
4875,5675,0
4874,5636,0
4872,5595,0
4873,5550,0
4881,5510,0
4893,5482,0
4903,5465,0
4921,5471,0
4938,5484,0
4954,5511,0
4971,5554,0
4975,5600,0
4975,5644,0
4976,5683,0
4969,5703,0
4972,5716,0
4971,5711,0
4974,5704,0
4987,5684,0
5004,5658,1
5146,5619,0
5149,5612,0
5153,5604,0
5152,5595,0
5143,5576,0
5125,5554,0
5093,5543,0
5060,5532,0
5035,5542,0
4990,5564,0
4983,5584,0
4987,5611,0
5001,5636,0
5023,5664,0
5053,5677,0
5084,5684,0
5103,5670,0
5122,5651,0
5132,5619,0
5141,5588,1
5204,5489,0
5207,5491,0
5205,5494,0
5205,5503,0
5204,5524,0
5203,5555,0
5202,5598,0
5202,5636,0
5202,5672,0
5201,5697,0
5201,5707,0
5199,5704,0
5202,5692,0
5198,5655,0
5192,5614,0
5188,5577,0
5189,5541,0
5191,5515,0
5195,5496,0
5203,5496,0
5218,5499,0
5233,5512,0
5254,5537,0
5278,5564,0
5298,5589,0
5322,5610,0
5347,5627,0
5371,5634,0
5390,5623,0
5402,5608,0
5409,5582,0
5405,5555,0
5393,5523,0
5369,5502,0
5347,5494,0
5327,5499,0
5315,5514,0
5312,5542,0
5318,5578,0
5340,5631,0
5362,5686,0
5390,5725,0
5421,5746,0
5444,5748,0
5467,5730,1