neighbouring cells in the crystal.
963
552,5566,0
550,5582,0
547,5598,0
545,5626,0
542,5650,0
540,5674,0
535,5702,0
528,5725,0
521,5744,0
513,5764,0
510,5771,0
509,5771,0
509,5771,0
507,5763,0
510,5747,0
516,5728,0
521,5700,0
526,5672,0
535,5641,0
545,5610,0
557,5583,0
575,5561,0
589,5534,0
600,5523,0
609,5520,0
613,5520,0
613,5524,0
620,5541,0
615,5552,0
613,5581,0
610,5604,0
607,5628,0
603,5656,0
600,5679,0
600,5707,0
599,5728,0
604,5748,0
612,5757,0
622,5757,0
634,5755,0
647,5743,0
658,5728,0
671,5709,0
682,5687,0
694,5663,0
702,5636,0
713,5612,0
719,5593,0
726,5569,0
727,5557,0
727,5549,0
724,5545,0
724,5549,0
718,5552,0
715,5564,0
711,5580,0
710,5600,0
709,5624,0
709,5648,0
711,5676,0
718,5697,0
724,5713,0
733,5721,0
743,5725,0
754,5723,0
765,5711,0
779,5696,0
790,5677,0
802,5649,0
812,5625,0
823,5598,0
832,5571,0
842,5547,0
846,5531,0
849,5523,0
850,5519,0
849,5523,0
845,5531,0
837,5551,0
830,5571,0
825,5602,0
818,5634,0
816,5666,0
814,5689,0
817,5714,0
824,5726,0
837,5731,0
857,5724,0
878,5709,1
984,5548,0
980,5539,0
974,5531,0
965,5531,0
955,5535,0
941,5547,0
930,5562,0
920,5582,0
911,5610,0
905,5642,0
904,5666,0
907,5682,0
914,5685,0
925,5690,0
937,5682,0
953,5671,0
965,5651,0
979,5631,0
988,5612,0
996,5595,0
1000,5584,0
1001,5576,0
1001,5580,0
1001,5580,0
1000,5584,0
997,5600,0
994,5619,0
988,5651,0
979,5695,0
967,5742,0
954,5795,0
936,5851,0
916,5910,0
894,5966,0
874,6017,0
854,6056,0
839,6087,0
826,6103,0
821,6107,0
820,6094,0
825,6063,0
840,6015,0
869,5957,0
902,5890,0
941,5819,1
1147,5388,0
1156,5356,0
1164,5335,0
1165,5327,0
1163,5327,0
1160,5336,0
1155,5360,0
1144,5392,0
1134,5436,0
1123,5492,0
1109,5552,0
1097,5608,0
1086,5656,0
1076,5692,0
1067,5716,0
1066,5728,0
1065,5724,0
1070,5716,0
1077,5692,0
1091,5660,0
1107,5624,0
1126,5588,0
1143,5556,0
1160,5532,0
1172,5516,0
1179,5503,0
1184,5508,0
1184,5511,0
1179,5523,0
1172,5552,0
1165,5583,0
1155,5612,0
1146,5648,0
1142,5675,0
1143,5708,0
1149,5723,0
1164,5740,0
1178,5744,0
1197,5730,0
1211,5706,1
962,5355,0
963,5359,0
963,5359,0
962,5367,0
959,5379,1
1260,5713,0
1264,5721,0
1274,5728,0
1284,5724,0
1297,5720,0
1312,5707,0
1332,5682,0
1356,5657,0
1377,5624,0
1400,5587,0
1423,5549,0
1442,5508,0
1461,5467,0
1476,5434,0
1489,5405,0
1494,5376,0
1496,5359,0
1496,5356,0
1488,5352,0
1476,5361,0
1459,5383,0
1440,5412,0
1419,5449,0
1399,5499,0
1383,5552,0
1365,5608,0
1365,5664,0
1372,5701,0
1383,5720,0
1395,5728,0
1407,5723,0
1424,5706,0
1435,5677,0
1446,5648,0
1461,5615,0
1471,5578,0
1482,5545,1
1650,5558,0
1648,5554,0
1643,5551,0
1633,5552,0
1619,5554,0
1604,5559,0
1589,5576,0
1573,5590,0
1558,5611,0
1547,5636,0
1534,5662,0
1537,5689,0
1544,5705,0
1554,5709,0
1569,5706,0
1584,5701,0
1601,5683,0
1614,5666,0
1625,5645,0
1635,5624,0
1643,5599,0
1648,5583,0
1650,5570,0
1651,5562,0
1650,5550,0
1649,5546,0
1647,5547,0
1646,5546,0
1645,5547,0
1645,5547,0
1647,5551,0
1648,5550,0
1649,5550,0
1651,5554,0
1652,5554,0
1654,5558,0
1657,5561,0
1662,5561,0
1669,5564,0
1677,5563,0
1686,5566,0
1697,5561,0
1709,5564,0
1718,5554,0
1727,5549,0
1734,5545,0
1738,5540,0
1742,5544,0
1741,5543,0
1738,5545,0
1732,5557,0
1724,5570,0
1714,5591,0
1705,5621,0
1697,5649,0
1692,5674,0
1693,5694,0
1696,5710,0
1703,5713,0
1715,5711,0
1730,5702,0
1744,5688,0
1760,5674,0
1773,5656,0
1787,5634,0
1797,5617,0
1806,5595,0
1812,5583,0
1816,5574,0
1816,5570,0
1815,5571,0
1812,5575,0
1807,5584,0
1802,5600,0
1797,5622,0
1792,5650,0
1790,5675,0
1795,5694,0
1803,5706,0
1814,5704,0
1831,5698,0
1848,5679,0
1870,5660,0
1889,5633,0
1908,5610,0
1923,5583,0
1937,5564,0
1947,5547,0
1951,5534,0
1956,5533,0
1954,5533,0
1949,5534,0
1944,5543,0
1944,5559,0
1942,5568,0
1947,5579,0
1950,5587,0
1959,5590,0
1968,5596,0
1976,5598,0
1983,5605,0
1986,5609,0
1990,5612,0
1990,5612,0
1990,5617,0
1991,5625,0
1990,5629,0
1985,5634,0
1979,5643,0
1976,5656,0
1972,5668,0
1966,5682,0
1963,5694,0
1960,5703,0
1959,5711,0
1961,5718,0
1965,5726,0
1971,5729,0
1977,5733,0
1983,5735,0
1990,5734,0
1996,5729,0
2007,5723,0
2021,5709,0
2034,5694,0
2048,5680,0
2060,5661,0
2072,5643,0
2085,5629,0
2095,5610,0
2103,5597,0
2109,5588,0
2109,5579,0
2109,5579,0
2109,5579,0
2109,5579,0
2108,5579,0
2110,5583,0
2108,5583,0
2106,5593,0
2101,5605,0
2097,5622,0
2088,5640,0
2080,5662,0
2073,5687,0
2066,5706,0
2065,5725,0
2069,5737,0
2074,5736,0
2086,5730,0
2104,5718,0
2121,5699,0
2137,5680,0
2152,5657,0
2165,5629,0
2178,5610,0
2186,5593,0
2190,5580,0
2190,5571,0
2190,5571,0
2190,5576,0
2186,5584,0
2182,5605,0
2172,5632,0
2161,5663,0
2148,5694,0
2137,5721,0
2128,5739,0
2123,5743,0
2126,5743,0
2131,5734,0
2144,5711,0
2163,5687,0
2181,5658,0
2205,5633,0
2228,5609,0
2246,5584,0
2263,5572,0
2275,5566,0
2281,5564,0
2283,5568,0
2282,5580,0
2275,5598,0
2264,5621,0
2251,5648,0
2237,5680,0
2222,5708,0
2213,5738,0
2207,5759,0
2210,5767,0
2222,5765,0
2241,5749,0
2269,5726,1
2393,5567,0
2391,5564,0
2383,5557,0
2371,5552,0
2362,5554,0
2351,5557,0
2339,5567,0
2327,5582,0
2314,5602,0
2305,5632,0
2297,5663,0
2294,5693,0
2294,5709,0
2303,5719,0
2313,5721,0
2327,5713,0
2342,5698,0
2359,5682,0
2371,5658,0
2385,5634,0
2395,5616,0
2401,5598,0
2404,5588,0
2405,5589,0
2402,5589,0
2401,5598,0
2397,5619,0
2388,5646,0
2377,5682,0
2367,5729,0
2352,5782,0
2335,5843,0
2314,5904,0
2292,5971,0
2265,6037,0
2235,6105,0
2206,6155,0
2187,6196,0
2171,6215,0
2162,6213,0
2160,6204,0
2165,6179,0
2182,6131,0
2202,6071,0
2234,6003,0
2264,5932,0
2293,5852,0
2318,5773,1
2143,5303,0
2141,5300,0
2143,5303,0
2140,5304,0
2137,5317,0
2125,5335,0
2111,5363,0
2092,5391,0
2071,5415,1
2849,5574,0
2849,5570,0
2850,5569,0
2843,5564,0
2832,5562,0
2816,5572,0
2794,5578,0
2772,5595,0
2751,5617,0
2729,5641,0
2709,5672,0
2694,5701,0
2686,5738,0
2685,5762,0
2692,5781,0
2704,5791,0
2724,5793,0
2748,5790,0
2777,5777,0
2802,5762,0
2827,5737,0
2848,5713,0
2869,5689,0
2884,5668,0
2893,5648,0
2895,5634,0
2893,5623,0
2886,5617,0
2876,5615,0
2866,5623,0
2851,5632,0
2837,5654,0
2826,5682,0
2817,5710,0
2811,5741,0
2812,5774,0
2820,5802,0
2833,5818,0
2852,5821,0
2876,5817,0
2903,5796,0
2934,5774,0
2964,5738,0
2994,5699,0
3021,5655,0
3049,5615,0
3074,5572,0
3092,5531,0
3105,5496,0
3113,5472,0
3113,5459,0
3107,5453,0
3093,5454,0
3074,5470,0
3048,5500,0
3018,5542,0
2987,5590,0
2962,5646,0
2941,5695,0
2929,5742,0
2926,5776,0
2933,5795,0
2948,5803,0
2968,5796,0
2997,5781,0
3030,5757,0
3062,5721,0
3095,5684,0
3129,5645,0
3158,5600,0
3185,5560,0
3206,5522,0
3219,5490,0
3226,5462,0
3228,5443,0
3221,5433,0
3211,5433,0
3194,5440,0
3170,5462,0
3144,5494,0
3119,5537,0
3096,5581,0
3078,5630,0
3064,5673,0
3057,5714,0
3055,5745,0
3062,5764,0
3070,5769,0
3086,5768,0
3105,5757,0
3129,5735,0
3153,5709,0
3177,5679,0
3201,5648,0
3226,5625,0
3244,5605,0
3263,5593,0
3274,5589,0
3284,5589,0
3291,5599,0
3296,5610,0
3299,5631,0
3299,5656,0
3294,5680,0
3286,5705,0
3276,5730,0
3262,5749,0
3244,5759,0
3227,5762,1
3623,5638,0
3619,5639,0
3611,5653,0
3595,5669,0
3578,5694,0
3560,5723,0
3548,5755,0
3537,5781,0
3534,5805,0
3535,5818,0
3544,5822,0
3559,5820,0
3578,5803,0
3601,5784,0
3624,5757,0
3647,5728,0
3670,5700,0
3689,5678,0
3703,5658,0
3712,5649,0
3715,5648,0
3713,5648,0
3706,5661,0
3689,5682,0
3671,5713,0
3650,5740,0
3631,5771,0
3615,5791,0
3607,5804,0
3605,5804,0
3608,5798,0
3619,5785,0
3634,5757,0
3654,5734,0
3675,5710,0
3694,5689,0
3711,5671,0
3725,5660,0
3731,5653,0
3737,5655,0
3738,5658,0
3738,5667,0
3736,5682,0
3730,5698,0
3723,5715,0
3714,5736,0
3707,5757,0
3700,5779,0
3694,5798,1
3689,5482,0
3680,5477,0
3677,5475,0
3672,5473,0
3669,5470,0
3666,5472,0
3662,5473,0
3653,5486,0
3639,5501,1
4233,5469,0
4229,5467,0
4227,5478,0
4216,5493,0
4205,5518,0
4185,5544,0
4167,5578,0
4145,5617,0
4122,5662,0
4099,5702,0
4082,5743,0
4068,5779,0
4067,5815,0
4068,5832,0
4078,5840,0
4094,5841,0
4116,5829,0
4140,5808,0
4169,5777,0
4201,5747,0
4232,5706,0
4257,5664,0
4285,5624,0
4311,5586,0
4331,5546,0
4348,5513,0
4360,5491,0
4367,5477,0
4368,5477,0
4366,5477,0
4359,5491,0
4347,5522,0
4328,5562,0
4304,5609,0
4279,5660,0
4256,5711,0
4234,5751,0
4218,5782,0
4209,5801,0
4208,5803,0
4210,5795,0
4222,5776,0
4239,5743,0
4261,5713,0
4285,5680,0
4305,5650,0
4324,5624,0
4336,5613,0
4342,5605,0
4342,5609,0
4339,5620,0
4326,5641,0
4314,5677,0
4292,5708,0
4278,5749,0
4266,5783,0
4260,5810,0
4263,5826,0
4270,5827,0
4287,5826,0
4311,5817,0
4333,5800,0
4360,5780,0
4381,5758,0
4399,5738,0
4412,5717,0
4419,5699,0
4423,5686,0
4419,5675,0
4413,5670,0
4403,5670,0
4390,5674,0
4379,5689,0
4365,5708,0
4352,5733,0
4343,5766,0
4340,5796,0
4347,5820,0
4362,5829,0
4383,5831,0
4416,5822,1
4057,5602,0
4057,5602,0
4061,5605,0
4070,5609,0
4084,5610,0
4106,5611,0
4133,5606,0
4167,5600,0
4206,5582,1
4874,5598,0
4875,5602,0
4871,5600,0
4868,5598,0
4862,5597,0
4857,5605,0
4844,5614,0
4828,5631,0
4809,5652,0
4787,5677,0
4766,5711,0
4743,5750,0
4722,5791,0
4716,5829,0
4719,5861,0
4727,5875,0
4741,5880,0
4763,5870,0
4790,5852,0
4817,5825,0
4845,5797,0
4875,5767,0
4898,5733,0
4919,5698,0
4936,5672,0
4945,5656,0
4945,5646,0
4941,5644,0
4936,5642,0
4937,5647,0
4937,5651,0
4940,5654,0
4952,5656,0
4970,5658,0
4987,5651,0
5007,5646,0
5021,5641,0
5030,5645,0
5031,5648,0
5028,5661,0
5016,5678,0
5006,5706,0
4985,5735,0
4967,5767,0
4953,5801,0
4940,5829,0
4936,5851,0
4937,5861,0
4946,5865,0
4961,5863,0
4975,5849,0
4995,5831,0
5016,5811,0
5034,5789,0
5055,5769,0
5069,5744,0
5082,5725,0
5091,5708,0
5096,5691,0
5102,5682,0
5103,5675,0
5101,5672,0
5100,5672,0
5098,5675,0
5095,5682,0
5088,5696,0
5080,5716,0
5072,5742,0
5060,5770,0
5053,5800,0
5050,5822,0
5052,5839,0
5059,5844,0
5072,5840,0
5087,5829,0
5105,5812,0
5120,5786,0
5141,5762,0
5158,5735,0
5175,5712,0
5183,5692,0
5191,5680,0
5192,5674,0
5190,5675,0
5185,5679,0
5179,5694,0
5169,5721,0
5155,5752,0
5143,5795,0
5127,5840,0
5119,5895,0
5104,5950,0
5088,6009,0
5070,6066,0
5055,6128,0
5032,6187,0
5006,6242,0
4980,6288,0
4953,6319,0
4931,6336,0
4911,6335,0
4901,6318,0
4900,6290,0
4907,6239,0
4922,6177,0
4948,6107,0
4984,6036,0
5028,5967,0
5072,5904,1
5201,5837,0
5202,5846,0
5205,5843,0
5215,5836,0
5229,5816,0
5247,5788,0
5270,5755,0
5298,5725,0
5329,5697,0
5353,5672,0
5377,5658,0
5394,5656,0
5405,5657,0
5412,5672,0
5412,5697,0
5405,5728,0
5395,5766,0
5378,5804,0
5358,5834,0
5342,5861,0
5330,5875,1
5579,5436,0
5596,5412,0
5606,5398,0
5607,5397,0
5599,5404,0
5585,5432,0
5561,5473,0
5535,5531,0
5508,5595,0
5478,5655,0
5447,5710,0
5425,5759,0
5411,5794,0
5405,5809,0
5407,5808,0
5414,5796,0
5426,5768,0
5441,5735,0
5455,5699,0
5467,5665,0
5472,5640,0
5475,5622,0
5473,5619,0
5469,5627,0
5456,5647,0
5434,5675,0
5416,5720,0
5403,5765,0
5391,5810,0
5388,5846,0
5395,5876,0
5411,5894,0
5433,5898,0
5458,5885,0
5489,5865,0
5520,5836,0
5549,5803,1
5621,5673,0
5615,5673,0
5600,5675,0
5586,5692,0
5565,5713,0
5546,5744,0
5528,5779,0
5520,5816,0
5514,5846,0
5515,5865,0
5519,5873,0
5531,5873,0
5546,5861,0
5561,5835,0
5576,5807,0
5591,5775,0
5603,5745,0
5614,5720,0
5619,5700,0
5622,5687,0
5622,5687,0
5621,5694,0
5610,5708,0
5605,5738,0
5599,5773,0
5595,5812,0
5598,5846,0
5604,5873,0
5617,5887,0
5635,5888,0
5659,5880,0
5683,5854,0
5711,5817,0
5740,5771,0
5765,5720,0
5793,5664,0
5815,5604,0
5833,5550,0
5846,5501,0
5854,5461,0
5852,5431,0
5844,5416,0
5830,5413,0
5807,5424,0
5778,5454,0
5747,5498,0
5713,5554,0
5679,5619,0
5654,5692,0
5638,5762,0
5628,5827,0
5634,5884,0
5644,5921,0
5668,5944,0
5703,5946,0
5743,5934,1
5943,5920,0
5944,5919,0
5945,5919,0
5945,5919,0
5943,5920,0
5940,5923,0
5934,5923,0
5933,5923,0
5934,5923,0
5936,5921,0
5943,5919,0
5945,5914,0
5943,5910,0
5937,5910,0
5926,5914,0
5912,5919,0
5899,5925,1