change very slightly between
862
711,5002,0
702,5002,0
693,4993,0
680,4992,0
664,4995,0
641,5004,0
618,5027,0
596,5052,0
579,5086,0
563,5117,0
555,5156,0
553,5201,0
561,5234,0
579,5256,0
605,5258,0
650,5243,0
693,5205,1
886,4881,0
875,4920,0
860,4959,0
841,5015,0
819,5074,0
790,5124,0
770,5175,0
756,5210,0
745,5229,0
741,5238,0
739,5233,0
743,5213,0
755,5182,0
786,5148,0
810,5105,0
839,5066,0
866,5040,0
887,5020,0
902,5009,0
911,5010,0
914,5021,0
912,5038,0
902,5069,0
890,5105,0
875,5140,0
866,5175,0
860,5199,0
862,5220,0
873,5228,1
1060,5036,0
1059,5021,0
1056,5012,0
1047,5009,0
1035,5016,0
1019,5028,0
1000,5048,0
981,5076,0
964,5111,0
950,5143,0
945,5175,0
948,5203,0
955,5211,0
966,5215,0
980,5204,0
997,5184,0
1015,5152,0
1032,5120,0
1048,5092,0
1061,5068,0
1069,5048,0
1075,5037,0
1076,5036,0
1075,5044,0
1068,5060,0
1062,5092,0
1057,5128,0
1053,5165,0
1055,5188,0
1060,5200,0
1070,5200,0
1082,5192,0
1095,5176,0
1107,5156,0
1121,5128,0
1133,5101,0
1145,5080,0
1154,5059,0
1160,5052,0
1163,5052,0
1162,5052,0
1160,5064,0
1153,5091,0
1143,5115,0
1134,5152,0
1122,5180,0
1114,5208,0
1108,5220,0
1107,5220,0
1107,5216,0
1112,5192,0
1124,5161,0
1140,5127,0
1159,5096,0
1179,5067,0
1196,5047,0
1211,5035,0
1223,5022,0
1231,5022,0
1236,5030,0
1235,5042,0
1230,5067,0
1221,5098,0
1208,5127,0
1196,5163,0
1187,5199,0
1182,5224,0
1187,5231,0
1199,5226,1
1363,5045,0
1368,5031,0
1366,5016,0
1360,5012,0
1349,5013,0
1334,5018,0
1317,5031,0
1300,5052,0
1283,5076,0
1271,5113,0
1262,5145,0
1259,5173,0
1263,5190,0
1273,5197,0
1287,5188,0
1304,5171,0
1322,5146,0
1338,5117,0
1353,5088,0
1365,5064,0
1374,5043,0
1378,5035,0
1379,5035,0
1377,5035,0
1374,5056,0
1368,5079,0
1358,5117,0
1346,5161,0
1334,5222,0
1318,5279,0
1300,5339,0
1283,5396,0
1264,5446,0
1247,5485,0
1230,5506,0
1220,5514,0
1207,5507,0
1199,5491,0
1199,5459,0
1206,5414,0
1220,5366,1
1401,5194,0
1414,5181,0
1436,5163,0
1464,5133,0
1489,5103,0
1512,5069,0
1529,5032,0
1543,5002,0
1551,4977,0
1551,4957,0
1544,4941,0
1532,4939,0
1515,4944,0
1496,4958,0
1472,4980,0
1451,5018,0
1431,5051,0
1421,5097,0
1414,5133,0
1422,5165,0
1438,5187,0
1464,5205,0
1500,5207,0
1541,5199,0
1588,5183,1
1946,4946,0
1946,4946,0
1944,4946,0
1948,4963,0
1949,4982,0
1949,5003,0
1951,5035,0
1952,5071,0
1949,5113,0
1948,5154,0
1946,5194,0
1942,5223,0
1944,5247,0
1947,5251,0
1952,5254,0
1964,5240,0
1983,5212,0
2010,5175,0
2037,5132,0
2065,5095,0
2089,5057,0
2116,5031,0
2137,5006,0
2157,4998,0
2166,4987,1
2157,5161,0
2177,5137,0
2204,5114,0
2225,5084,0
2241,5052,0
2253,5028,0
2257,5007,0
2254,4992,0
2248,4989,0
2237,4992,0
2222,5004,0
2206,5027,0
2190,5064,0
2176,5108,0
2165,5151,0
2162,5193,0
2168,5216,0
2181,5222,0
2203,5225,0
2227,5207,0
2253,5180,0
2282,5154,0
2309,5122,0
2333,5096,0
2350,5067,0
2360,5043,0
2367,5033,0
2367,5025,0
2365,5025,0
2363,5026,0
2359,5031,0
2356,5035,0
2354,5045,0
2352,5053,0
2355,5061,0
2355,5060,0
2358,5064,0
2359,5064,0
2361,5063,0
2361,5063,0
2360,5059,0
2360,5059,0
2359,5055,0
2359,5056,0
2359,5056,0
2360,5055,0
2358,5052,0
2360,5055,0
2360,5055,0
2362,5055,0
2364,5055,0
2367,5053,0
2374,5056,0
2381,5059,0
2388,5056,0
2396,5054,0
2405,5055,0
2415,5057,0
2420,5056,0
2425,5055,0
2429,5057,0
2432,5057,0
2437,5059,0
2439,5055,0
2443,5057,0
2446,5057,0
2449,5052,0
2455,5047,0
2463,5044,0
2471,5033,0
2479,5023,0
2487,5020,0
2492,5014,0
2495,5014,0
2492,5011,0
2491,5011,0
2491,5019,0
2485,5025,0
2480,5035,0
2472,5045,0
2466,5060,0
2459,5074,0
2451,5088,0
2444,5107,0
2437,5126,0
2431,5149,0
2425,5166,0
2423,5183,0
2425,5195,0
2431,5207,0
2439,5209,0
2449,5205,0
2463,5197,0
2479,5185,0
2495,5163,0
2516,5142,0
2534,5115,0
2552,5088,0
2569,5063,0
2583,5042,0
2591,5022,0
2597,5016,0
2595,5013,0
2593,5018,0
2584,5028,0
2574,5052,0
2561,5078,0
2550,5110,0
2539,5146,0
2533,5178,0
2532,5203,0
2539,5221,0
2551,5222,0
2570,5213,0
2596,5197,0
2620,5164,0
2649,5134,0
2673,5101,0
2697,5072,0
2714,5046,0
2726,5025,0
2731,5019,0
2729,5016,0
2726,5024,0
2715,5041,0
2699,5067,0
2683,5111,0
2662,5159,0
2639,5217,0
2620,5286,0
2598,5350,0
2580,5418,0
2555,5487,0
2536,5559,0
2512,5623,0
2487,5687,0
2463,5743,0
2434,5791,0
2411,5822,0
2391,5826,0
2383,5812,0
2385,5774,0
2402,5705,0
2426,5624,0
2461,5537,1
3056,5219,0
3056,5224,0
3054,5220,0
3057,5215,0
3064,5195,0
3079,5172,0
3095,5139,0
3119,5108,0
3144,5076,0
3170,5052,0
3194,5033,0
3217,5023,0
3238,5018,0
3252,5016,0
3266,5032,0
3272,5051,0
3271,5077,0
3265,5106,0
3251,5139,0
3232,5169,0
3213,5194,0
3197,5209,0
3187,5209,0
3185,5202,0
3191,5186,1
3279,5222,0
3291,5222,0
3305,5207,0
3327,5188,0
3350,5156,0
3372,5120,0
3396,5077,0
3419,5035,0
3441,4994,0
3459,4958,0
3471,4930,0
3473,4911,0
3472,4903,0
3462,4903,0
3448,4915,0
3428,4938,0
3407,4975,0
3382,5017,0
3358,5069,0
3337,5122,0
3325,5177,0
3320,5223,0
3320,5248,0
3329,5262,0
3346,5267,0
3368,5258,0
3390,5234,0
3416,5204,0
3438,5173,0
3457,5146,0
3477,5122,0
3490,5103,0
3498,5086,0
3503,5079,0
3501,5075,0
3498,5076,0
3492,5088,0
3484,5111,0
3469,5135,0
3459,5167,0
3451,5197,0
3449,5221,0
3453,5232,0
3469,5237,0
3488,5224,1
3643,5079,0
3643,5075,0
3636,5074,0
3625,5076,0
3609,5079,0
3595,5096,0
3576,5110,0
3560,5131,0
3547,5159,0
3539,5186,0
3535,5206,0
3539,5217,0
3548,5222,0
3562,5219,0
3577,5207,0
3596,5194,0
3612,5177,0
3621,5154,0
3632,5139,0
3642,5129,0
3642,5121,0
3643,5125,0
3641,5127,0
3636,5132,0
3631,5149,0
3627,5178,0
3617,5206,0
3607,5246,0
3592,5289,0
3581,5343,0
3565,5396,0
3547,5444,0
3525,5489,0
3506,5524,0
3489,5545,0
3479,5549,0
3475,5542,0
3479,5518,0
3487,5471,0
3508,5413,0
3541,5345,1
3810,4901,0
3824,4879,0
3826,4864,0
3829,4868,0
3820,4872,0
3806,4899,0
3790,4936,0
3769,4985,0
3747,5043,0
3727,5098,0
3706,5142,0
3692,5185,0
3682,5212,0
3678,5224,0
3683,5226,0
3690,5217,0
3705,5197,0
3723,5169,0
3742,5141,0
3764,5115,0
3782,5091,0
3795,5076,0
3806,5069,0
3813,5074,0
3812,5080,0
3808,5105,0
3801,5136,0
3793,5173,0
3783,5204,0
3785,5236,0
3790,5246,0
3805,5253,0
3824,5242,0
3847,5216,0
3873,5178,0
3899,5132,0
3925,5084,0
3947,5035,0
3970,4988,0
3985,4946,0
3998,4915,0
4000,4895,0
3997,4888,0
3989,4893,0
3978,4914,0
3959,4948,0
3941,4996,0
3921,5050,0
3900,5099,0
3880,5138,0
3865,5169,0
3855,5188,0
3855,5192,0
3855,5184,0
3861,5162,0
3876,5140,0
3889,5115,0
3898,5091,0
3906,5077,0
3911,5074,0
3910,5075,0
3906,5086,0
3899,5113,0
3890,5142,0
3881,5169,0
3877,5199,0
3875,5219,0
3877,5231,0
3881,5238,0
3887,5244,0
3893,5245,0
3900,5246,0
3906,5247,0
3909,5246,0
3909,5245,0
3911,5249,0
3909,5246,0
3911,5249,0
3913,5247,0
3917,5245,0
3923,5242,0
3931,5238,0
3942,5227,0
3954,5210,0
3970,5187,0
3988,5158,0
4008,5128,0
4030,5096,0
4051,5061,0
4075,5027,0
4095,4992,0
4107,4956,0
4117,4930,0
4120,4915,0
4119,4910,0
4110,4912,0
4097,4929,0
4075,4956,0
4056,4997,0
4033,5044,0
4013,5093,0
3997,5139,0
3988,5182,0
3986,5216,0
3988,5238,0
4000,5249,0
4012,5247,0
4029,5232,0
4048,5212,0
4070,5189,0
4085,5161,0
4102,5138,0
4112,5117,0
4118,5099,0
4118,5094,0
4117,5096,0
4110,5104,0
4102,5123,0
4093,5148,0
4087,5179,0
4083,5204,0
4086,5227,0
4095,5239,0
4107,5237,0
4125,5226,0
4142,5207,0
4159,5182,0
4178,5152,0
4194,5127,0
4206,5101,0
4213,5088,0
4215,5081,0
4214,5086,0
4210,5099,0
4203,5127,0
4191,5158,0
4182,5206,0
4172,5259,0
4156,5315,0
4140,5376,0
4125,5440,0
4108,5505,0
4087,5567,0
4064,5621,0
4041,5665,0
4022,5689,0
4012,5699,0
4009,5692,0
4009,5660,0
4023,5607,0
4047,5539,0
4078,5462,1
3570,4869,0
3566,4872,0
3563,4878,0
3558,4894,0
3553,4915,1
4488,5271,0
4486,5267,0
4491,5265,0
4502,5253,0
4512,5231,0
4527,5206,0
4548,5177,0
4567,5139,0
4591,5103,0
4615,5062,0
4644,5025,0
4664,4985,0
4681,4953,0
4691,4924,0
4696,4901,0
4698,4889,0
4695,4881,0
4692,4884,0
4685,4890,0
4676,4911,0
4666,4939,0
4650,4975,0
4635,5016,0
4619,5067,0
4601,5115,0
4587,5164,0
4574,5212,0
4561,5245,0
4558,5267,0
4559,5272,0
4565,5267,0
4574,5246,0
4591,5216,0
4606,5185,0
4620,5151,0
4632,5118,0
4642,5091,1
4707,5168,0
4714,5162,0
4724,5155,0
4729,5146,0
4733,5139,0
4728,5127,0
4727,5118,0
4722,5112,0
4717,5110,0
4710,5110,0
4704,5120,0
4695,5132,0
4683,5150,0
4676,5175,0
4672,5202,0
4668,5229,0
4671,5252,0
4677,5267,0
4690,5277,0
4706,5276,0
4726,5267,0
4748,5247,0
4777,5220,0
4804,5185,0
4833,5139,0
4860,5098,0
4883,5049,0
4909,5009,0
4928,4973,0
4941,4948,0
4947,4937,0
4946,4938,0
4934,4953,0
4916,4988,0
4890,5034,0
4862,5086,0
4830,5136,0
4804,5175,0
4783,5200,0
4778,5214,0
4777,5211,0
4780,5198,0
4791,5175,0
4803,5151,0
4818,5130,0
4826,5113,0
4835,5108,0
4835,5108,0
4832,5119,0
4825,5144,0
4813,5173,0
4809,5212,0
4801,5247,0
4801,5271,0
4810,5285,0
4821,5286,0
4838,5279,0
4862,5267,0
4883,5246,0
4904,5221,0
4925,5199,0
4942,5175,0
4956,5155,0
4964,5139,0
4968,5131,0
4973,5132,0
4971,5134,0
4966,5137,0
4961,5151,0
4956,5170,0
4949,5196,0
4942,5226,0
4935,5257,0
4931,5286,0
4928,5307,0
4930,5316,0
4939,5319,0
4951,5315,0
4962,5301,0
4982,5287,0
4996,5260,0
5012,5238,0
5026,5212,0
5037,5188,0
5047,5165,0
5052,5150,0
5056,5142,0
5055,5138,0
5053,5139,0
5051,5147,0
5046,5161,0
5041,5180,0
5037,5209,0
5032,5233,0
5031,5259,0
5034,5277,0
5042,5286,0
5053,5292,0
5063,5285,0
5076,5269,0
5092,5242,0
5110,5212,0
5125,5179,0
5137,5149,0
5149,5125,1
5154,5263,0
5158,5270,0
5165,5271,0
5174,5269,0
5184,5260,0
5198,5249,0
5212,5232,0
5226,5212,0
5238,5191,0
5250,5170,0
5259,5153,0
5260,5137,0
5257,5128,0
5254,5125,0
5245,5127,0
5232,5139,0
5215,5157,0
5198,5183,0
5186,5213,0
5175,5243,0
5168,5273,0
5170,5297,0
5178,5312,0
5194,5320,0
5216,5318,0
5236,5306,0
5259,5293,0
5279,5276,0
5298,5255,0
5314,5232,0
5323,5208,0
5330,5186,0
5335,5171,0
5334,5157,0
5328,5146,0
5319,5138,0
5310,5141,0
5301,5149,0
5286,5161,0
5277,5185,0
5261,5207,0
5255,5238,0
5252,5267,0
5255,5290,0
5264,5303,0
5280,5311,0
5298,5307,0
5320,5299,0
5340,5282,0
5364,5263,0
5383,5241,0
5397,5218,0
5414,5199,0
5425,5185,0
5431,5168,0
5434,5155,0
5434,5150,0
5433,5146,0
5429,5144,0
5428,5145,0
5430,5149,0
5429,5149,0
5429,5154,0
5431,5163,0
5428,5170,0
5424,5185,0
5417,5202,0
5405,5223,0
5391,5245,0
5378,5271,0
5362,5290,0
5355,5307,0
5348,5313,0
5349,5311,0
5353,5308,0
5362,5296,0
5373,5276,0
5390,5251,0
5412,5228,0
5432,5199,0
5455,5175,0
5478,5154,0
5496,5132,0
5509,5120,0
5521,5115,0
5528,5120,0
5529,5125,0
5525,5138,0
5521,5158,0
5518,5183,0
5504,5206,0
5493,5237,0
5478,5270,0
5464,5298,0
5457,5331,0
5458,5351,0
5468,5368,0
5489,5376,0
5520,5377,0
5554,5368,0
5584,5354,1