the study of liquid and
420
1179,5248,0
1179,5267,0
1179,5308,0
1179,5351,0
1180,5400,0
1184,5439,0
1190,5463,0
1194,5475,0
1195,5475,1
1093,5356,0
1093,5368,0
1105,5376,0
1124,5385,0
1151,5392,0
1180,5387,0
1212,5379,0
1237,5358,0
1258,5337,0
1273,5317,0
1281,5289,0
1281,5265,0
1280,5256,0
1274,5261,0
1267,5269,0
1260,5293,0
1261,5318,0
1266,5353,0
1273,5393,0
1283,5432,0
1293,5464,0
1301,5479,0
1299,5456,0
1301,5455,0
1302,5459,0
1302,5448,0
1310,5427,0
1318,5390,0
1334,5362,0
1346,5349,0
1356,5349,0
1363,5349,0
1368,5360,0
1376,5376,0
1385,5403,0
1392,5415,0
1399,5431,0
1406,5438,0
1409,5442,0
1415,5438,0
1418,5426,1
1423,5325,0
1423,5337,0
1427,5356,0
1435,5352,0
1446,5356,0
1459,5354,0
1471,5342,0
1485,5332,0
1492,5315,0
1489,5300,0
1481,5296,0
1466,5298,0
1446,5308,0
1423,5333,0
1408,5361,0
1403,5395,0
1414,5418,0
1430,5441,0
1448,5447,0
1466,5446,0
1487,5441,0
1507,5431,0
1532,5413,0
1558,5386,1
1945,5223,0
1928,5230,0
1913,5244,0
1901,5258,0
1903,5266,0
1916,5276,0
1939,5289,0
1967,5291,0
1997,5295,0
2024,5298,0
2043,5307,0
2049,5318,0
2043,5332,0
2025,5351,0
2000,5368,0
1975,5380,0
1952,5392,0
1930,5396,0
1917,5390,0
1908,5383,0
1899,5368,0
1894,5341,0
1890,5309,0
1897,5288,0
1913,5277,1
2087,5175,0
2083,5185,0
2079,5202,0
2082,5234,0
2084,5266,0
2088,5298,0
2094,5325,0
2093,5334,0
2092,5350,1
2032,5260,0
2089,5240,0
2113,5228,0
2137,5227,0
2152,5220,0
2160,5226,0
2162,5234,0
2157,5248,0
2152,5272,0
2174,5350,0
2181,5349,0
2193,5350,0
2210,5347,0
2223,5335,0
2239,5323,0
2253,5300,0
2269,5301,0
2270,5296,0
2273,5300,0
2273,5303,0
2280,5318,0
2282,5326,0
2292,5348,0
2301,5359,0
2311,5364,0
2322,5366,1
2373,5255,0
2356,5255,0
2337,5264,0
2321,5284,0
2311,5303,0
2309,5328,0
2315,5351,0
2328,5361,0
2341,5361,0
2356,5358,0
2370,5347,0
2390,5337,0
2404,5308,0
2420,5275,0
2430,5231,0
2437,5197,0
2434,5177,0
2422,5168,0
2415,5168,0
2408,5175,0
2404,5192,0
2403,5209,0
2404,5238,0
2415,5272,0
2427,5303,0
2435,5321,0
2440,5332,0
2441,5332,0
2444,5335,1
2486,5253,0
2494,5268,0
2507,5285,0
2519,5298,0
2533,5306,1
2603,5261,0
2581,5284,0
2559,5308,0
2534,5339,0
2520,5365,0
2513,5383,0
2508,5397,0
2509,5405,0
2514,5412,1
3006,5204,0
2982,5218,0
2977,5245,0
2967,5270,0
2970,5299,0
2986,5319,0
3006,5324,0
3029,5328,0
3041,5310,0
3057,5301,0
3067,5280,0
3066,5258,0
3062,5234,0
3050,5214,0
3034,5185,0
3013,5180,0
2987,5178,0
2969,5193,0
2951,5204,0
2951,5216,0
2962,5230,1
3162,5116,0
3157,5122,0
3143,5120,0
3135,5132,0
3129,5147,0
3127,5165,0
3131,5190,0
3144,5206,0
3163,5232,0
3184,5250,0
3206,5272,0
3223,5294,0
3241,5313,0
3245,5324,0
3254,5347,0
3252,5351,0
3256,5359,0
3245,5368,0
3229,5374,0
3208,5383,0
3185,5383,0
3168,5378,0
3156,5369,0
3162,5311,1
3191,5243,0
3189,5243,0
3195,5245,0
3215,5245,0
3241,5248,0
3267,5245,0
3295,5246,0
3320,5240,1
3684,5050,0
3682,5069,0
3678,5102,0
3679,5142,0
3672,5173,0
3665,5208,0
3668,5229,0
3662,5245,0
3663,5250,1
3728,5130,0
3723,5142,0
3722,5170,0
3732,5205,0
3725,5226,0
3726,5239,0
3730,5243,0
3736,5243,0
3743,5231,1
3732,5064,0
3723,5064,0
3720,5071,0
3724,5073,0
3739,5084,1
3867,5158,0
3865,5142,0
3855,5128,0
3836,5121,0
3809,5127,0
3795,5149,0
3791,5168,0
3776,5199,0
3778,5225,0
3789,5238,0
3814,5243,0
3830,5238,0
3848,5229,0
3859,5218,0
3868,5186,0
3875,5168,0
3882,5156,0
3880,5138,0
3880,5142,0
3878,5144,0
3884,5190,0
3874,5214,0
3880,5253,0
3887,5281,0
3896,5316,0
3901,5337,0
3901,5350,0
3905,5353,0
3912,5353,1
3951,5157,0
3957,5173,0
3942,5181,0
3951,5204,0
3962,5229,0
3974,5254,0
3995,5266,0
4002,5262,0
4011,5261,0
4022,5250,0
4036,5237,0
4054,5208,0
4075,5182,0
4090,5149,0
4087,5151,0
4074,5140,0
4090,5145,0
4088,5160,0
4089,5206,0
4105,5233,0
4106,5256,0
4114,5266,0
4128,5267,0
4140,5269,0
4147,5255,1
4210,5146,0
4205,5149,0
4196,5173,0
4191,5191,0
4189,5220,0
4201,5226,0
4211,5235,0
4213,5243,1
4216,5047,0
4214,5044,0
4212,5040,0
4215,5043,0
4220,5059,1
4404,5163,0
4407,5142,0
4387,5131,0
4351,5122,0
4311,5123,0
4278,5136,0
4253,5170,0
4243,5206,0
4253,5233,0
4273,5248,0
4291,5265,0
4316,5268,0
4339,5258,0
4367,5240,0
4386,5219,0
4404,5187,0
4413,5153,0
4427,5119,0
4424,5101,0
4423,5078,0
4397,5067,0
4411,5062,0
4411,5086,0
4402,5126,0
4402,5170,0
4418,5222,0
4418,5260,0
4433,5279,0
4437,5304,0
4449,5306,0
4454,5313,0
4462,5316,0
4465,5310,0
4467,5304,1
4951,5254,0
4990,5185,0
4997,5153,0
5009,5114,0
5002,5109,0
5002,5109,0
5000,5110,0
5000,5126,0
5005,5152,0
5005,5219,0
5021,5241,0
5028,5257,0
5026,5262,1
5061,5149,0
5055,5159,0
5048,5180,0
5052,5197,0
5049,5220,0
5057,5233,0
5062,5235,0
5065,5238,0
5065,5232,0
5059,5232,0
5057,5214,0
5069,5179,0
5078,5146,0
5094,5117,0
5101,5106,0
5109,5110,0
5125,5108,0
5134,5115,0
5155,5124,0
5172,5146,0
5181,5175,0
5195,5195,0
5207,5211,0
5228,5234,1
5367,5124,0
5347,5125,0
5313,5133,0
5281,5160,0
5265,5189,0
5262,5223,0
5270,5242,0
5285,5255,0
5306,5254,0
5322,5251,0
5340,5236,0
5362,5212,0
5378,5177,0
5395,5141,0
5402,5103,0
5416,5075,0
5413,5062,0
5407,5057,0
5407,5061,0
5411,5063,0
5411,5069,0
5395,5173,0
5400,5221,0
5405,5260,0
5414,5284,0
5422,5292,0
5417,5307,0
5424,5306,0
5431,5301,1