upward migration is generally a positive
610
856,1454,0
860,1442,0
866,1451,0
864,1455,0
859,1470,0
854,1498,0
846,1517,0
841,1528,0
841,1532,1
938,1473,0
936,1493,0
930,1517,0
923,1552,0
914,1587,1
926,1464,0
933,1448,0
944,1433,0
974,1445,0
994,1442,1
1002,1503,0
972,1512,0
949,1534,0
929,1549,0
915,1556,0
910,1559,0
911,1554,0
921,1544,1
1087,1445,0
1090,1453,0
1085,1465,0
1081,1485,0
1078,1509,1
1116,1516,0
1129,1496,0
1146,1479,0
1160,1466,0
1172,1466,0
1175,1469,0
1177,1486,0
1175,1497,0
1170,1502,0
1173,1505,0
1186,1508,0
1202,1499,0
1221,1477,0
1247,1458,0
1276,1442,0
1305,1428,1
1372,1432,0
1351,1444,0
1327,1462,0
1312,1484,0
1305,1502,0
1304,1510,0
1312,1512,0
1325,1506,0
1346,1494,0
1368,1481,0
1382,1458,0
1404,1448,0
1411,1430,0
1416,1425,0
1411,1422,0
1408,1435,0
1397,1454,0
1389,1476,0
1383,1495,0
1382,1507,0
1386,1510,1
1486,1463,0
1479,1478,0
1476,1496,0
1472,1509,0
1470,1510,0
1471,1508,0
1474,1496,0
1480,1477,0
1496,1460,0
1512,1442,0
1532,1431,0
1546,1421,0
1561,1416,1
1665,1411,0
1665,1415,0
1655,1428,0
1638,1450,0
1613,1469,0
1599,1487,0
1594,1497,0
1599,1499,0
1615,1493,0
1633,1473,0
1659,1448,0
1689,1421,0
1719,1388,0
1744,1356,0
1763,1331,0
1771,1322,0
1773,1322,0
1769,1332,0
1754,1356,0
1736,1388,0
1715,1421,0
1705,1449,0
1705,1471,0
1701,1478,0
1710,1482,1
2046,1445,0
2065,1425,0
2084,1415,0
2099,1414,0
2108,1421,0
2111,1434,0
2108,1453,0
2099,1469,0
2100,1479,0
2099,1480,0
2103,1476,0
2109,1462,0
2128,1447,0
2152,1432,0
2172,1420,0
2187,1418,0
2203,1425,0
2203,1435,0
2195,1448,0
2185,1467,0
2178,1478,1
2280,1413,0
2274,1424,0
2270,1445,0
2260,1471,0
2261,1491,1
2303,1363,0
2305,1360,0
2302,1358,0
2304,1361,0
2305,1372,1
2451,1397,0
2450,1398,0
2446,1401,0
2426,1412,0
2402,1432,0
2374,1455,0
2355,1480,0
2350,1496,0
2352,1499,0
2365,1497,0
2382,1487,0
2404,1471,0
2427,1452,0
2445,1433,0
2467,1421,0
2478,1416,0
2480,1419,0
2477,1433,0
2471,1457,0
2454,1487,0
2437,1522,0
2415,1549,0
2401,1574,0
2384,1590,0
2367,1599,0
2351,1603,0
2336,1605,0
2319,1599,0
2314,1594,1
2569,1426,0
2562,1440,0
2552,1457,0
2545,1471,0
2540,1477,0
2540,1478,0
2542,1476,0
2545,1466,0
2548,1450,0
2560,1431,0
2581,1418,0
2603,1411,0
2622,1405,1
2774,1412,0
2773,1413,0
2765,1417,0
2746,1428,0
2721,1441,0
2692,1459,0
2663,1474,0
2655,1491,0
2649,1498,0
2657,1502,0
2671,1496,0
2695,1487,0
2714,1471,0
2736,1454,0
2758,1440,0
2770,1430,0
2767,1427,0
2769,1431,0
2759,1445,0
2748,1464,0
2743,1485,0
2736,1500,0
2741,1508,0
2750,1503,0
2765,1488,1
2951,1312,0
2953,1316,0
2953,1331,0
2946,1359,0
2930,1397,0
2917,1432,0
2906,1454,0
2900,1468,0
2891,1474,1
2879,1416,0
2871,1413,0
2883,1416,0
2897,1417,0
2912,1416,0
2935,1419,0
2951,1416,0
2978,1411,0
3003,1402,1
3053,1406,0
3041,1425,0
3027,1447,0
3016,1471,1
3086,1327,0
3089,1323,0
3090,1322,0
3088,1324,0
3090,1338,1
3244,1431,0
3245,1429,0
3239,1430,0
3220,1440,0
3196,1457,0
3174,1476,0
3162,1496,0
3161,1511,0
3171,1518,0
3187,1516,0
3209,1505,0
3228,1488,0
3250,1468,0
3267,1446,0
3274,1425,0
3276,1414,0
3271,1409,0
3257,1408,0
3248,1414,0
3239,1423,0
3230,1431,1
3383,1436,0
3378,1452,0
3369,1469,0
3357,1483,0
3350,1495,1
3382,1471,0
3403,1450,0
3436,1432,0
3460,1421,0
3474,1419,0
3481,1430,0
3476,1442,0
3469,1462,1
3735,1424,0
3732,1441,0
3723,1458,0
3711,1474,0
3706,1482,1
3772,1333,0
3773,1329,0
3773,1329,0
3767,1334,0
3763,1345,1
3888,1408,0
3884,1406,0
3876,1406,0
3861,1409,0
3836,1416,0
3819,1425,0
3806,1433,0
3799,1439,0
3810,1445,0
3820,1449,0
3836,1452,0
3857,1457,0
3872,1462,0
3882,1469,0
3880,1474,0
3872,1482,0
3854,1490,0
3828,1499,0
3802,1506,0
3782,1511,0
3764,1512,1
4292,1389,1
4207,1411,0
4195,1430,0
4184,1447,0
4180,1458,0
4198,1467,0
4211,1465,0
4228,1457,0
4243,1442,0
4257,1426,0
4268,1411,0
4273,1398,0
4279,1392,0
4280,1392,0
4281,1398,0
4275,1416,0
4261,1438,0
4251,1465,0
4242,1496,0
4225,1525,0
4217,1552,0
4196,1571,0
4176,1585,0
4158,1596,0
4138,1600,0
4125,1601,0
4115,1594,0
4116,1581,0
4125,1564,1
4324,1431,0
4328,1431,0
4331,1434,0
4335,1436,0
4343,1438,0
4353,1435,0
4364,1427,0
4381,1418,0
4394,1407,0
4401,1397,0
4404,1388,0
4398,1382,0
4391,1380,0
4379,1387,0
4357,1401,0
4337,1420,0
4325,1440,0
4322,1457,0
4327,1468,0
4338,1473,0
4357,1469,1
4490,1387,0
4481,1399,0
4471,1416,0
4460,1434,0
4449,1452,0
4444,1462,0
4444,1466,0
4444,1466,0
4450,1461,0
4463,1449,0
4473,1432,0
4497,1415,0
4519,1402,0
4532,1399,0
4540,1401,0
4541,1411,0
4544,1426,0
4538,1442,0
4537,1456,0
4535,1462,0
4538,1464,1
4581,1440,0
4584,1442,0
4591,1447,0
4601,1446,0
4616,1441,1
4654,1391,0
4636,1392,0
4621,1401,0
4606,1419,0
4591,1439,0
4584,1457,0
4583,1471,0
4594,1477,1
4696,1440,0
4693,1450,0
4692,1464,0
4685,1470,0
4683,1467,0
4690,1468,0
4695,1455,0
4710,1438,0
4723,1423,0
4742,1405,0
4767,1396,0
4784,1391,0
4797,1391,1
4865,1402,0
4851,1406,0
4828,1414,0
4807,1425,0
4781,1440,0
4768,1453,0
4760,1462,0
4763,1467,0
4772,1465,0
4784,1455,0
4805,1442,0
4823,1429,0
4840,1415,0
4852,1404,0
4852,1402,0
4852,1404,0
4849,1413,0
4840,1428,0
4831,1442,0
4827,1453,0
4825,1457,1
5039,1255,0
5041,1261,0
5036,1279,0
5021,1305,0
5002,1341,0
4970,1378,0
4951,1408,0
4937,1425,0
4927,1434,0
4925,1438,0
4925,1438,0
4931,1433,0
4949,1418,1
5101,1301,0
5083,1319,0
5074,1350,0
5047,1385,0
5029,1415,0
5015,1433,0
5016,1444,0
5015,1446,0
5020,1445,0
5031,1438,0
5055,1424,0
5076,1414,0
5095,1406,1
5170,1361,0
5163,1360,0
5163,1360,0
5160,1369,0
5165,1382,0
5168,1399,0
5168,1412,0
5170,1420,0
5180,1426,0
5200,1432,0
5213,1430,0
5231,1426,0
5250,1418,1
5281,1399,0
5262,1418,0
5234,1442,0
5209,1470,0
5175,1498,0
5154,1522,0
5141,1538,0
5129,1546,1
5640,1374,0
5641,1372,0
5634,1365,0
5634,1366,0
5618,1363,0
5600,1370,0
5581,1380,0
5560,1396,0
5547,1414,0
5539,1427,0
5545,1435,0
5557,1438,0
5571,1430,1
5628,1389,0
5644,1375,0
5654,1367,0
5655,1366,0
5658,1370,0
5651,1383,0
5641,1401,0
5629,1417,1
5943,1370,0
5935,1369,0
5930,1372,0
5914,1386,0
5899,1415,0
5880,1441,0
5858,1472,0
5842,1500,0
5832,1523,1
5990,1377,0
5967,1390,0
5939,1401,0
5912,1410,0
5894,1418,1
6100,1349,0
6101,1348,0
6087,1353,0
6063,1368,0
6037,1388,0
6025,1404,0
6022,1418,0
6026,1418,0
6039,1415,0
6054,1406,0
6070,1392,0
6085,1377,0
6094,1358,0
6099,1350,0
6097,1347,0
6084,1348,0
6074,1356,1
6245,1326,0
6245,1326,0
6237,1326,0
6223,1336,0
6203,1346,0
6184,1358,0
6182,1368,0
6184,1375,0
6191,1381,0
6207,1385,0
6223,1388,0
6230,1390,0
6237,1394,0
6237,1398,0
6227,1403,0
6206,1408,0
6188,1414,0
6162,1418,0
6148,1423,0
6143,1423,0
6150,1417,1
6336,1355,0
6336,1359,0
6334,1372,0
6317,1387,0
6306,1399,1
6367,1291,0
6369,1281,0
6375,1278,0
6374,1278,0
6370,1281,1
6524,1263,0
6526,1274,0
6517,1300,0
6502,1332,0
6478,1366,0
6464,1393,0
6447,1409,0
6435,1424,0
6426,1429,1
6434,1379,0
6431,1375,0
6435,1375,0
6448,1370,0
6464,1371,0
6493,1370,0
6514,1370,0
6535,1367,1
6617,1348,0
6612,1352,0
6609,1368,0
6597,1386,0
6584,1404,1
6662,1291,0
6659,1281,0
6660,1277,0
6661,1276,0
6664,1278,1
6721,1358,0
6720,1365,0
6717,1378,0
6713,1394,0
6710,1411,0
6707,1423,0
6702,1429,0
6705,1430,0
6706,1428,0
6716,1419,0
6731,1409,0
6750,1395,0
6769,1383,0
6787,1375,0
6800,1369,0
6809,1365,0
6814,1365,1
6816,1394,0
6816,1392,0
6828,1392,0
6841,1392,0
6862,1387,0
6884,1383,0
6902,1375,0
6915,1367,0
6917,1358,0
6915,1352,0
6899,1346,0
6882,1349,0
6852,1355,0
6833,1369,0
6822,1381,0
6832,1394,0
6850,1404,0
6882,1409,0
6915,1411,0
6946,1417,0
6973,1421,1