to test this have not revealed
577
1254,4169,0
1254,4161,0
1254,4161,0
1252,4157,0
1257,4164,0
1261,4176,0
1265,4192,0
1271,4215,0
1278,4244,0
1284,4275,0
1290,4307,0
1293,4335,0
1296,4359,0
1298,4374,0
1298,4379,0
1298,4379,0
1294,4367,1
1238,4285,0
1240,4290,0
1246,4289,0
1259,4284,0
1278,4283,0
1298,4275,0
1321,4269,0
1341,4260,0
1367,4250,1
1448,4228,0
1438,4237,0
1424,4254,0
1409,4280,0
1399,4300,0
1400,4324,0
1406,4336,0
1422,4346,0
1444,4348,0
1469,4343,0
1491,4332,0
1509,4314,0
1519,4297,0
1522,4281,0
1515,4270,0
1503,4263,0
1489,4256,0
1475,4254,0
1466,4254,0
1462,4250,0
1464,4250,1
1795,4112,0
1796,4116,0
1798,4120,0
1804,4135,0
1807,4142,0
1815,4165,0
1821,4189,0
1828,4216,0
1831,4244,0
1838,4266,0
1844,4282,0
1850,4293,0
1854,4300,1
1752,4249,0
1750,4246,0
1754,4245,0
1770,4239,0
1790,4231,0
1814,4226,0
1841,4217,0
1868,4213,0
1894,4207,0
1916,4203,0
1940,4206,0
1956,4203,0
1967,4208,1
1963,4238,0
1966,4233,0
1974,4227,0
1985,4217,0
1995,4206,0
2003,4192,0
2010,4182,0
2010,4174,0
2006,4171,0
1998,4169,0
1986,4171,0
1977,4181,0
1967,4196,0
1962,4209,0
1961,4222,0
1965,4233,0
1973,4244,0
1983,4254,0
1994,4259,0
2008,4265,1
2145,4144,0
2138,4150,0
2125,4153,0
2116,4160,0
2111,4170,0
2108,4170,0
2112,4178,0
2122,4188,0
2134,4197,0
2147,4210,0
2157,4220,0
2161,4227,0
2161,4235,0
2152,4246,0
2137,4254,0
2120,4262,0
2101,4267,0
2085,4271,0
2072,4266,0
2060,4253,0
2055,4233,1
2174,4020,0
2174,4016,0
2180,4027,0
2183,4038,0
2189,4057,0
2197,4080,0
2200,4099,0
2206,4123,0
2213,4150,0
2222,4176,0
2231,4199,0
2241,4217,0
2248,4223,0
2253,4230,0
2255,4230,0
2253,4227,0
2246,4215,1
2178,4143,0
2181,4143,0
2197,4138,0
2217,4137,0
2236,4131,0
2259,4133,0
2275,4128,0
2284,4121,0
2293,4123,1
2592,4009,0
2596,4012,0
2602,4027,0
2608,4042,0
2613,4061,0
2622,4084,0
2630,4119,0
2634,4148,0
2636,4181,0
2638,4202,0
2642,4217,0
2649,4232,0
2651,4236,1
2593,4164,0
2593,4164,0
2593,4163,0
2605,4159,0
2620,4150,0
2639,4141,0
2659,4129,0
2675,4114,0
2689,4104,1
2714,4003,0
2717,4005,0
2726,4024,0
2725,4037,0
2729,4066,0
2731,4095,0
2734,4124,0
2737,4145,0
2736,4154,0
2741,4160,0
2743,4159,0
2751,4157,0
2760,4143,0
2770,4122,0
2783,4108,0
2798,4097,0
2809,4087,0
2820,4087,0
2832,4095,0
2840,4100,0
2849,4114,0
2852,4126,0
2855,4138,0
2858,4140,0
2861,4138,1
2916,4078,0
2917,4078,0
2924,4088,0
2926,4091,0
2929,4099,0
2936,4114,0
2942,4124,0
2944,4128,0
2945,4127,0
2947,4126,0
2945,4118,0
2946,4104,1
2905,4022,0
2900,4020,0
2899,4020,0
2899,4016,0
2901,4015,1
3045,4011,0
3051,4012,0
3053,4016,0
3045,4020,0
3027,4025,0
3016,4035,0
3010,4042,0
3007,4044,0
3014,4049,0
3032,4058,0
3049,4058,0
3073,4064,0
3095,4076,0
3107,4083,0
3114,4092,0
3112,4099,0
3100,4104,0
3084,4112,0
3066,4122,0
3042,4124,0
3028,4128,1
3366,3942,0
3368,3942,0
3371,3944,0
3374,3947,0
3383,3960,0
3391,3983,0
3395,4013,0
3401,4043,0
3401,4061,0
3402,4074,0
3405,4077,0
3404,4077,0
3407,4077,0
3414,4068,0
3419,4046,0
3429,4030,0
3440,4019,0
3449,4009,0
3457,4008,0
3462,4010,0
3469,4020,0
3477,4034,0
3483,4048,0
3488,4065,0
3493,4075,1
3595,3982,0
3580,3983,0
3563,3988,0
3549,4002,0
3532,4013,0
3530,4034,0
3530,4043,0
3539,4051,0
3550,4053,0
3562,4051,0
3573,4049,0
3578,4041,0
3585,4031,0
3589,4019,0
3591,4008,0
3592,4003,0
3592,3998,0
3592,3998,0
3592,3998,0
3591,3998,0
3594,4001,0
3600,4012,0
3607,4027,0
3615,4041,0
3626,4053,0
3636,4061,0
3645,4064,0
3650,4061,0
3657,4056,1
3664,3993,0
3662,3995,0
3671,4003,0
3676,4014,0
3684,4029,0
3689,4039,0
3696,4049,0
3699,4051,0
3704,4053,0
3708,4051,0
3713,4037,0
3720,4023,0
3726,4005,0
3734,3994,0
3740,3986,0
3748,3980,1
3795,4010,0
3799,4007,0
3812,4003,0
3820,3993,0
3826,3978,0
3833,3963,0
3836,3952,0
3837,3950,0
3829,3946,0
3815,3947,0
3800,3958,0
3783,3969,0
3774,3991,0
3766,4001,0
3771,4012,0
3778,4017,0
3793,4021,0
3814,4021,0
3837,4020,0
3860,4017,0
3878,4014,1
4145,3966,0
4146,3971,0
4155,3984,0
4160,4000,0
4165,4017,0
4170,4033,0
4172,4042,0
4172,4046,0
4169,4044,0
4169,4044,0
4171,4038,0
4169,4024,0
4167,4005,0
4169,3988,0
4169,3967,0
4176,3957,0
4185,3949,0
4191,3939,0
4205,3937,0
4220,3940,0
4233,3950,0
4242,3964,0
4244,3978,0
4248,3996,0
4251,4009,1
4348,3942,0
4340,3940,0
4335,3949,0
4321,3956,0
4312,3973,0
4304,3986,0
4308,4003,0
4309,4007,0
4322,4012,0
4340,4013,0
4355,4005,0
4372,3995,0
4389,3981,0
4401,3970,0
4405,3957,0
4403,3947,0
4394,3940,0
4383,3933,0
4377,3933,0
4362,3924,0
4362,3921,1
4466,3810,0
4476,3807,0
4475,3802,0
4478,3805,0
4479,3809,0
4480,3819,0
4485,3836,0
4481,3851,0
4484,3875,0
4488,3904,0
4490,3930,0
4495,3952,0
4500,3969,0
4504,3981,0
4507,3988,0
4508,3988,0
4507,3988,0
4502,3982,0
4492,3969,0
4480,3954,1
4439,3909,0
4437,3906,0
4449,3901,0
4465,3892,0
4488,3887,0
4508,3886,0
4524,3882,0
4531,3880,0
4539,3879,0
4543,3881,0
4546,3883,0
4545,3884,1
4920,3919,0
4920,3919,0
4925,3925,0
4929,3933,0
4936,3943,0
4945,3957,0
4952,3966,0
4957,3973,0
4960,3976,0
4960,3976,0
4963,3978,0
4960,3976,0
4953,3965,0
4945,3951,0
4939,3935,0
4929,3916,0
4924,3904,0
4921,3896,0
4917,3889,0
4918,3887,0
4925,3880,0
4937,3868,0
4949,3861,0
4963,3858,0
4982,3861,0
5001,3864,0
5020,3867,0
5038,3872,0
5052,3880,1
5078,3934,0
5075,3931,0
5079,3927,0
5089,3917,0
5092,3901,0
5098,3889,0
5099,3876,0
5096,3867,0
5086,3867,0
5073,3875,0
5059,3891,0
5040,3904,0
5034,3923,0
5033,3935,0
5042,3949,0
5053,3954,0
5072,3958,0
5094,3957,0
5113,3950,0
5137,3947,1
5152,3854,0
5152,3854,0
5156,3862,0
5161,3874,0
5168,3890,0
5176,3905,0
5186,3923,0
5190,3936,0
5199,3946,0
5202,3947,0
5206,3949,0
5204,3945,0
5206,3937,0
5209,3911,0
5216,3891,0
5220,3868,0
5226,3850,0
5236,3838,0
5240,3826,0
5248,3819,0
5259,3812,1
5279,3922,0
5274,3921,0
5278,3923,0
5281,3925,0
5285,3922,0
5294,3917,0
5305,3911,0
5320,3900,0
5331,3887,0
5346,3877,0
5355,3866,0
5357,3857,0
5362,3852,0
5354,3848,0
5351,3846,0
5339,3848,0
5323,3855,0
5305,3868,0
5290,3886,0
5272,3906,0
5261,3925,0
5257,3942,0
5257,3953,0
5260,3961,0
5271,3967,0
5286,3968,0
5303,3962,0
5327,3952,0
5350,3932,1
5430,3852,0
5421,3857,0
5412,3867,0
5397,3884,0
5390,3904,0
5388,3925,0
5392,3939,0
5397,3946,0
5409,3951,0
5418,3952,0
5430,3944,0
5436,3930,0
5446,3919,0
5454,3904,0
5460,3891,0
5462,3877,0
5465,3866,0
5467,3864,0
5465,3861,0
5464,3862,0
5465,3867,0
5475,3880,0
5482,3896,0
5487,3909,0
5496,3923,1
5532,3754,0
5535,3756,0
5543,3766,0
5552,3781,0
5559,3803,0
5566,3826,0
5573,3848,0
5583,3875,0
5589,3892,1
5641,3892,0
5643,3890,0
5653,3885,0
5666,3875,0
5678,3860,0
5690,3845,0
5699,3828,0
5704,3814,0
5704,3809,0
5695,3800,0
5688,3802,0
5674,3807,0
5663,3821,0
5652,3835,0
5640,3850,0
5639,3864,0
5646,3874,0
5653,3883,0
5673,3892,0
5694,3890,0
5717,3887,1
5860,3822,0
5842,3819,0
5825,3827,0
5810,3836,0
5789,3848,0
5781,3865,0
5779,3880,0
5779,3887,0
5791,3891,0
5804,3888,0
5825,3880,0
5843,3863,0
5856,3841,0
5866,3814,0
5871,3787,0
5870,3762,0
5860,3743,0
5853,3731,0
5845,3723,0
5836,3720,0
5831,3721,0
5827,3726,0
5829,3744,0
5833,3766,0
5836,3786,0
5846,3814,0
5855,3836,0
5861,3854,0
5873,3872,1