talk that migrations involve kinese
797
793,3122,0
789,3131,0
789,3142,0
788,3166,0
786,3202,0
783,3250,0
788,3295,0
791,3332,0
793,3360,0
798,3376,0
801,3377,0
802,3373,0
800,3361,1
743,3258,0
740,3262,0
745,3263,0
759,3256,0
778,3245,0
804,3236,0
834,3223,0
864,3213,0
894,3207,1
964,3255,0
963,3254,0
960,3250,0
951,3246,0
937,3249,0
920,3264,0
900,3279,0
880,3314,0
867,3350,0
862,3378,0
871,3394,0
890,3399,0
917,3389,0
948,3370,0
977,3347,0
1001,3320,0
1017,3296,0
1023,3276,0
1021,3264,0
1015,3256,0
1008,3256,0
1001,3259,0
995,3271,0
990,3292,0
988,3311,0
991,3335,0
993,3360,0
999,3407,1
810,3124,0
811,3129,0
812,3125,0
815,3137,0
819,3153,0
823,3177,0
827,3211,0
825,3247,0
826,3291,0
828,3331,0
830,3351,0
833,3358,0
834,3359,0
835,3363,0
838,3363,0
840,3364,0
842,3360,0
843,3360,0
844,3360,0
844,3360,0
843,3360,0
843,3356,0
843,3360,0
843,3356,0
843,3360,1
1099,3108,0
1099,3117,0
1100,3129,0
1100,3148,0
1100,3180,0
1101,3221,0
1100,3265,0
1102,3313,0
1111,3361,0
1115,3380,0
1121,3400,0
1122,3404,0
1124,3404,1
1196,3098,0
1196,3098,0
1198,3103,0
1200,3115,0
1201,3142,0
1201,3182,0
1200,3230,0
1194,3283,0
1192,3334,0
1196,3362,0
1199,3366,0
1204,3362,0
1219,3346,0
1237,3313,0
1261,3279,0
1286,3242,0
1310,3212,0
1323,3187,0
1329,3175,0
1324,3175,1
1252,3264,0
1254,3271,0
1265,3283,0
1283,3294,0
1305,3308,0
1327,3323,0
1351,3333,0
1377,3347,0
1404,3361,1
1669,3016,0
1669,3021,0
1669,3021,0
1667,3021,0
1669,3028,0
1666,3037,0
1664,3062,0
1662,3100,0
1657,3137,0
1652,3182,0
1651,3232,0
1654,3280,0
1654,3317,0
1663,3351,0
1669,3366,0
1671,3370,0
1671,3370,0
1673,3374,0
1671,3366,0
1668,3351,0
1660,3323,1
1590,3202,0
1589,3202,0
1591,3202,0
1605,3203,0
1630,3204,0
1667,3200,0
1711,3192,0
1757,3181,0
1803,3175,1
1773,3059,1
1765,3077,0
1766,3105,0
1764,3143,0
1768,3196,0
1769,3244,0
1766,3278,0
1768,3318,0
1771,3351,0
1779,3361,0
1783,3360,0
1792,3346,0
1798,3324,0
1802,3286,0
1806,3248,0
1815,3221,0
1822,3204,0
1829,3202,0
1834,3204,0
1844,3218,0
1853,3241,0
1862,3275,0
1867,3299,0
1870,3319,0
1874,3338,1
2047,3211,0
2045,3203,0
2034,3186,0
2024,3180,0
2008,3180,0
1988,3191,0
1967,3210,0
1947,3236,0
1933,3269,0
1929,3299,0
1940,3321,0
1956,3325,0
1982,3318,0
2008,3298,0
2032,3274,0
2051,3251,0
2062,3231,0
2063,3218,0
2061,3219,0
2060,3223,0
2055,3225,0
2054,3250,0
2053,3276,0
2055,3304,0
2059,3320,0
2063,3327,0
2067,3326,0
2076,3319,0
2080,3296,1
2136,3024,0
2130,3026,0
2133,3033,0
2132,3034,0
2134,3046,0
2141,3069,0
2149,3095,0
2159,3130,0
2164,3167,0
2166,3200,0
2169,3228,0
2169,3245,0
2171,3254,0
2171,3253,0
2169,3250,0
2161,3240,0
2145,3221,1
2093,3132,0
2101,3130,0
2125,3121,0
2152,3111,0
2175,3107,0
2193,3105,0
2205,3100,0
2219,3103,1
2400,3119,0
2400,3119,0
2398,3119,0
2398,3133,0
2398,3163,0
2398,3198,0
2396,3230,0
2397,3255,0
2399,3263,0
2399,3259,0
2402,3249,0
2410,3224,0
2420,3189,0
2426,3151,0
2433,3126,0
2437,3119,0
2434,3116,0
2438,3128,0
2444,3148,0
2446,3173,0
2451,3201,0
2455,3217,0
2464,3226,0
2470,3218,0
2485,3208,0
2499,3187,0
2507,3162,0
2516,3148,0
2518,3143,0
2519,3148,0
2519,3156,0
2522,3173,0
2523,3190,0
2523,3207,0
2526,3228,0
2531,3238,0
2538,3240,1
2622,3091,0
2620,3091,0
2617,3089,0
2619,3093,0
2619,3097,0
2620,3105,0
2624,3126,0
2626,3148,0
2627,3170,0
2627,3187,0
2632,3199,0
2633,3202,0
2637,3204,0
2639,3204,0
2639,3204,0
2633,3193,0
2632,3185,1
2575,3029,0
2574,3030,0
2574,3030,0
2574,3030,0
2579,3033,1
2799,3135,0
2799,3121,0
2798,3107,0
2791,3093,0
2778,3082,0
2760,3079,0
2739,3081,0
2720,3092,0
2706,3109,0
2697,3132,0
2697,3155,0
2705,3169,0
2721,3174,0
2741,3172,0
2759,3162,0
2776,3152,0
2786,3146,0
2790,3149,0
2785,3147,0
2785,3161,0
2784,3189,0
2786,3229,0
2789,3269,0
2790,3309,0
2794,3353,0
2791,3385,0
2784,3408,0
2777,3430,0
2766,3449,0
2752,3456,0
2738,3459,0
2717,3451,0
2697,3443,0
2676,3427,0
2655,3406,0
2639,3387,0
2632,3376,1
2869,3107,0
2867,3107,0
2871,3119,0
2876,3145,0
2878,3176,0
2877,3205,0
2876,3229,0
2879,3245,0
2881,3250,0
2882,3248,0
2878,3240,0
2875,3224,0
2871,3194,0
2865,3156,0
2867,3127,0
2870,3106,0
2872,3095,0
2874,3095,0
2878,3096,0
2890,3103,0
2904,3113,0
2919,3123,0
2937,3131,0
2953,3134,0
2972,3136,1
3013,3120,0
3011,3116,0
3006,3105,0
2997,3098,0
2989,3098,0
2974,3103,0
2955,3115,0
2942,3137,0
2938,3163,0
2939,3181,0
2951,3192,0
2965,3193,0
2986,3189,0
3005,3177,0
3019,3163,0
3028,3149,0
3030,3142,0
3028,3139,0
3025,3141,0
3024,3146,0
3018,3160,0
3015,3180,0
3015,3200,0
3016,3214,0
3026,3226,0
3042,3229,0
3065,3219,0
3089,3199,1
3112,2994,0
3110,2991,0
3107,2987,0
3107,2988,0
3105,2994,0
3107,3013,0
3107,3042,0
3105,3077,0
3112,3122,0
3112,3159,0
3112,3183,0
3114,3197,0
3120,3208,0
3124,3214,0
3124,3214,0
3123,3211,0
3111,3194,1
3067,3122,0
3077,3121,0
3097,3117,0
3123,3113,1
3214,3069,0
3212,3069,0
3213,3074,0
3212,3089,0
3209,3112,0
3206,3139,0
3206,3163,0
3210,3180,0
3216,3190,0
3216,3190,0
3216,3186,0
3218,3179,0
3214,3158,1
3194,2994,0
3191,2992,0
3194,2994,0
3196,2996,0
3204,3006,1
3365,3105,0
3366,3099,0
3366,3093,0
3365,3089,0
3358,3084,0
3348,3082,0
3333,3084,0
3315,3093,0
3298,3110,0
3288,3134,0
3284,3156,0
3287,3174,0
3303,3186,0
3325,3190,0
3350,3186,0
3376,3177,0
3398,3165,0
3411,3150,0
3414,3132,0
3413,3117,0
3408,3107,0
3400,3102,0
3387,3098,0
3380,3098,0
3378,3100,1
3462,3068,0
3461,3069,0
3460,3069,0
3457,3077,0
3460,3100,0
3461,3126,0
3462,3151,0
3467,3172,0
3472,3182,0
3471,3180,0
3475,3181,0
3473,3177,0
3476,3170,0
3472,3153,0
3471,3133,0
3470,3118,0
3468,3109,0
3469,3109,0
3469,3109,0
3470,3108,0
3473,3105,0
3477,3098,0
3486,3095,0
3491,3090,0
3497,3086,0
3507,3083,0
3513,3078,0
3522,3075,0
3530,3074,0
3542,3078,0
3550,3083,0
3558,3093,0
3563,3103,0
3564,3113,0
3569,3129,0
3568,3141,0
3568,3151,0
3570,3156,0
3567,3153,0
3571,3154,0
3573,3153,1
3734,3081,0
3730,3078,0
3724,3074,0
3715,3071,0
3696,3072,0
3681,3080,0
3667,3088,0
3658,3095,0
3656,3102,0
3664,3111,0
3678,3125,0
3698,3141,0
3715,3151,0
3735,3165,0
3747,3177,0
3749,3186,0
3741,3192,0
3728,3198,0
3708,3200,0
3687,3197,0
3667,3188,0
3649,3173,0
3638,3156,0
3636,3141,0
3643,3129,1
4016,3036,0
4017,3041,0
4020,3051,0
4018,3069,0
4020,3096,0
4019,3125,0
4020,3153,0
4020,3173,0
4024,3181,0
4025,3180,0
4027,3173,0
4029,3160,0
4023,3132,1
4003,2958,0
3998,2958,0
3997,2959,0
3996,2960,0
3998,2964,1
4060,3032,0
4056,3036,0
4054,3049,0
4055,3071,0
4056,3099,0
4055,3123,0
4059,3141,0
4063,3149,0
4068,3150,0
4070,3148,0
4078,3145,0
4080,3132,0
4085,3109,0
4092,3085,0
4104,3066,0
4118,3057,0
4130,3057,0
4136,3062,0
4145,3076,0
4149,3095,0
4150,3117,0
4150,3140,0
4147,3159,0
4150,3174,0
4158,3182,1
4222,3017,0
4221,3018,0
4220,3018,0
4230,3031,0
4239,3056,0
4248,3088,0
4256,3122,0
4258,3147,0
4262,3156,0
4266,3156,0
4278,3151,0
4291,3136,0
4304,3110,0
4318,3078,0
4331,3045,0
4334,3022,0
4338,3013,0
4338,3012,0
4335,3010,0
4337,3013,0
4334,3016,1
4418,3054,0
4420,3052,0
4420,3039,0
4427,3031,0
4421,3025,0
4422,3025,0
4413,3024,0
4396,3025,0
4377,3034,0
4362,3052,0
4356,3076,0
4353,3103,0
4357,3123,0
4371,3138,0
4388,3142,0
4410,3136,0
4432,3123,0
4453,3111,0
4462,3095,0
4461,3077,0
4459,3063,0
4451,3052,0
4442,3046,0
4431,3040,0
4423,3036,1
4522,2885,0
4523,2884,0
4524,2888,0
4524,2901,0
4523,2928,0
4523,2966,0
4513,3004,0
4505,3040,0
4494,3064,0
4495,3081,0
4501,3093,0
4502,3097,0
4512,3104,0
4516,3106,0
4525,3108,0
4529,3103,0
4540,3096,1
4591,3035,0
4591,3035,0
4587,3033,0
4587,3040,0
4590,3054,0
4599,3076,0
4605,3093,0
4615,3106,0
4623,3110,0
4633,3109,0
4647,3105,0
4654,3091,0
4662,3074,0
4663,3054,0
4665,3039,0
4661,3025,0
4664,3021,0
4660,3020,0
4661,3019,0
4660,3020,0
4663,3023,1
4735,3061,1
4741,3052,0
4748,3044,0
4757,3039,0
4763,3031,0
4772,3025,0
4772,3019,0
4770,3014,0
4768,3011,0
4763,3011,0
4748,3011,0
4733,3018,0
4714,3028,0
4702,3044,0
4695,3058,0
4695,3073,0
4701,3083,0
4713,3094,0
4737,3103,0
4766,3105,0
4799,3102,1
5085,2837,0
5081,2835,0
5078,2841,0
5084,2860,0
5081,2886,0
5077,2919,0
5080,2958,0
5084,2995,0
5084,3029,0
5088,3057,0
5091,3074,0
5093,3084,0
5096,3087,0
5096,3088,0
5096,3087,0
5097,3086,0
5098,3078,1
5082,3032,0
5087,3024,0
5105,3011,0
5128,2994,0
5151,2975,0
5170,2960,0
5187,2951,0
5192,2943,1
5110,3020,0
5109,3028,0
5116,3039,0
5127,3050,0
5140,3060,0
5152,3071,0
5163,3075,0
5182,3078,0
5202,3069,1
5238,2975,0
5240,2993,0
5243,3018,0
5243,3039,0
5248,3060,0
5245,3071,0
5247,3075,0
5249,3073,0
5252,3062,1
5247,2883,0
5243,2881,0
5246,2883,0
5245,2884,0
5244,2885,1
5301,2967,0
5301,2967,0
5302,2966,0
5298,2965,0
5300,2977,0
5299,2999,0
5298,3023,0
5302,3038,0
5303,3043,0
5309,3048,0
5310,3047,0
5312,3044,0
5318,3035,0
5322,3016,0
5332,2992,0
5340,2973,0
5351,2963,0
5362,2961,0
5371,2963,0
5376,2968,0
5388,2981,0
5399,3001,0
5401,3018,0
5402,3033,0
5400,3042,1
5490,2992,0
5494,2993,0
5503,2994,0
5514,2992,0
5530,2989,0
5543,2982,0
5552,2977,0
5559,2974,0
5554,2972,0
5547,2970,0
5536,2972,0
5516,2975,0
5495,2984,0
5485,2999,0
5472,3013,0
5465,3024,0
5473,3040,0
5485,3050,0
5508,3059,0
5537,3059,0
5572,3057,1
5692,2955,0
5682,2950,0
5674,2946,0
5661,2943,0
5648,2943,0
5637,2946,0
5626,2949,0
5627,2955,0
5631,2962,0
5644,2973,0
5662,2982,0
5679,2992,0
5696,3002,0
5707,3015,0
5702,3023,0
5698,3037,0
5679,3046,0
5660,3052,0
5643,3051,0
5634,3048,0
5629,3042,0
5631,3032,0
5639,3018,0
5651,3008,0
5668,3001,1
5771,3010,0
5778,3006,0
5795,3001,0
5812,2989,0
5828,2977,0
5840,2964,0
5848,2952,0
5853,2942,0
5857,2936,0
5855,2932,0
5851,2930,0
5839,2925,0
5824,2927,0
5803,2931,0
5783,2943,0
5766,2956,0
5755,2975,0
5750,2990,0
5757,3010,0
5774,3029,0
5802,3045,0
5834,3052,0
5868,3050,0
5892,3040,0
5906,3025,1