Evidence has been presented for a
665
1438,1493,0
1425,1488,0
1419,1490,0
1401,1490,0
1380,1503,0
1359,1524,0
1332,1554,0
1309,1599,0
1290,1646,0
1283,1696,0
1294,1738,0
1319,1763,0
1355,1773,0
1391,1767,0
1436,1757,0
1481,1742,0
1514,1722,1
1331,1668,0
1334,1672,0
1337,1671,0
1346,1666,0
1368,1661,0
1396,1656,0
1426,1649,0
1463,1640,0
1500,1625,1
1559,1586,0
1559,1586,0
1568,1596,0
1579,1617,0
1590,1648,0
1594,1676,0
1599,1703,0
1602,1715,0
1608,1717,0
1616,1706,0
1631,1684,0
1642,1646,0
1655,1607,0
1660,1566,0
1667,1549,0
1666,1546,0
1663,1547,1
1710,1557,0
1711,1566,0
1708,1584,0
1706,1611,0
1705,1646,0
1704,1677,0
1697,1693,0
1702,1703,0
1703,1703,1
1694,1450,0
1691,1451,0
1689,1452,0
1689,1456,0
1687,1462,1
1830,1564,0
1835,1558,0
1827,1543,0
1816,1531,0
1806,1527,0
1794,1534,0
1774,1544,0
1758,1570,0
1744,1603,0
1740,1640,0
1747,1672,0
1760,1688,0
1787,1698,0
1812,1690,0
1841,1681,0
1862,1660,0
1879,1633,1
1867,1414,0
1857,1423,0
1851,1442,0
1849,1471,0
1853,1510,0
1854,1551,0
1857,1595,0
1865,1637,0
1870,1665,1
1959,1601,0
1965,1597,0
1981,1592,0
1995,1579,0
2009,1565,0
2020,1552,0
2018,1539,0
2014,1532,0
2001,1526,0
1985,1528,0
1955,1532,0
1935,1555,0
1915,1580,0
1904,1610,0
1910,1644,0
1916,1663,0
1937,1679,0
1961,1683,0
1990,1680,0
2019,1672,0
2040,1654,1
2057,1527,0
2055,1532,0
2058,1546,0
2055,1566,0
2055,1596,0
2053,1621,0
2054,1640,0
2058,1647,0
2064,1648,0
2072,1643,0
2081,1627,0
2095,1607,0
2106,1580,0
2116,1558,0
2123,1552,0
2126,1555,0
2133,1569,0
2135,1582,0
2137,1597,0
2144,1611,0
2145,1621,0
2149,1628,0
2157,1632,0
2164,1632,0
2172,1625,1
2271,1534,0
2263,1532,0
2254,1534,0
2243,1539,0
2227,1546,0
2211,1559,0
2188,1572,0
2179,1590,0
2179,1605,0
2183,1617,0
2196,1632,0
2211,1641,0
2229,1647,0
2253,1648,0
2277,1644,0
2291,1633,0
2299,1621,1
2350,1598,0
2356,1599,0
2368,1599,0
2385,1594,0
2405,1587,0
2418,1574,0
2434,1564,0
2439,1554,0
2441,1546,0
2438,1539,0
2432,1533,0
2423,1531,0
2410,1532,0
2397,1539,0
2379,1551,0
2360,1568,0
2339,1587,0
2329,1607,0
2330,1621,0
2338,1630,0
2356,1636,0
2374,1637,0
2395,1634,0
2419,1628,0
2437,1617,1
2612,1353,0
2613,1353,0
2613,1353,0
2617,1361,0
2615,1381,0
2616,1418,0
2614,1466,0
2613,1515,0
2612,1553,0
2615,1573,0
2622,1578,0
2635,1575,0
2649,1559,0
2661,1534,0
2675,1505,0
2692,1484,0
2699,1476,0
2705,1481,0
2708,1496,0
2707,1515,0
2711,1537,0
2712,1554,0
2719,1565,0
2731,1568,0
2748,1561,1
2873,1492,0
2871,1489,0
2866,1483,0
2857,1473,0
2839,1464,0
2820,1463,0
2804,1471,0
2784,1484,0
2767,1507,0
2752,1532,0
2751,1551,0
2760,1558,0
2777,1557,0
2804,1549,0
2828,1532,0
2852,1513,0
2869,1498,0
2871,1494,0
2868,1493,0
2865,1496,0
2861,1508,0
2856,1522,0
2856,1541,0
2852,1553,0
2859,1563,1
2983,1469,0
2982,1464,0
2972,1457,0
2968,1455,0
2957,1457,0
2940,1461,0
2932,1473,0
2928,1484,0
2934,1497,0
2949,1510,0
2968,1519,0
2992,1527,0
3010,1535,0
3028,1546,0
3029,1557,0
3023,1571,0
3011,1587,0
2988,1599,0
2967,1614,0
2950,1623,0
2935,1623,0
2933,1619,0
2929,1603,0
2931,1575,0
2942,1546,1
3274,1310,0
3266,1307,0
3264,1312,0
3264,1327,0
3264,1355,0
3264,1387,0
3264,1428,0
3272,1476,0
3272,1516,0
3277,1545,0
3278,1560,0
3279,1564,0
3279,1564,1
3253,1462,0
3260,1450,0
3271,1430,0
3294,1415,0
3320,1410,0
3337,1413,0
3356,1428,0
3360,1445,0
3364,1471,0
3276,1524,1
3378,1494,0
3378,1494,0
3393,1493,0
3411,1486,0
3429,1478,0
3407,1459,0
3394,1475,0
3388,1492,0
3392,1510,0
3402,1524,0
3424,1534,0
3455,1537,0
3494,1533,0
3528,1522,0
3571,1510,1
3573,1473,0
3573,1473,0
3573,1471,0
3578,1471,0
3592,1469,0
3609,1463,0
3623,1454,0
3641,1446,0
3649,1436,0
3653,1429,0
3647,1423,0
3640,1418,0
3627,1417,0
3612,1421,0
3586,1428,0
3571,1442,0
3557,1459,0
3548,1476,0
3547,1494,0
3556,1510,0
3573,1522,0
3597,1529,0
3619,1529,0
3649,1524,0
3681,1516,1
3735,1407,0
3735,1406,0
3735,1406,0
3737,1412,0
3731,1423,0
3731,1442,0
3731,1462,0
3732,1478,0
3735,1488,0
3741,1494,0
3744,1496,0
3746,1495,0
3751,1493,0
3754,1486,0
3759,1474,0
3769,1464,0
3776,1457,0
3778,1454,0
3791,1455,0
3802,1459,0
3813,1464,0
3819,1471,0
3825,1478,0
3822,1484,0
3826,1493,0
3824,1499,0
3826,1504,0
3824,1505,0
3829,1507,1
4044,1469,0
4039,1470,0
4039,1481,0
4039,1502,0
4034,1530,0
4035,1566,0
4037,1608,0
4040,1648,0
4043,1679,1
3977,1539,0
3988,1515,0
3997,1487,0
4011,1456,0
4042,1423,0
4069,1391,0
4099,1370,0
4128,1363,0
4147,1366,0
4160,1377,0
4162,1395,0
4156,1421,0
4143,1452,0
4121,1481,0
4094,1504,0
4070,1520,0
4051,1523,0
4040,1517,0
4032,1505,0
4032,1487,0
4039,1461,1
4242,1380,0
4233,1380,0
4230,1387,0
4227,1404,0
4218,1427,0
4218,1458,0
4224,1486,0
4226,1503,0
4229,1505,0
4229,1503,0
4234,1495,0
4233,1476,0
4231,1448,0
4232,1415,0
4233,1388,0
4226,1375,0
4226,1374,0
4226,1375,0
4229,1377,0
4237,1380,0
4262,1382,0
4288,1380,0
4324,1377,0
4350,1372,0
4381,1372,1
4304,1437,0
4304,1438,0
4309,1437,0
4322,1436,0
4345,1433,0
4362,1423,0
4382,1414,0
4394,1404,0
4398,1394,0
4396,1389,0
4384,1386,0
4371,1387,0
4343,1394,0
4325,1408,0
4305,1425,0
4298,1442,0
4305,1459,0
4317,1471,0
4336,1478,0
4369,1481,0
4405,1478,1
4490,1377,0
4490,1376,0
4496,1370,0
4497,1365,0
4495,1360,0
4489,1356,0
4480,1353,0
4473,1353,0
4462,1358,0
4454,1368,0
4454,1379,0
4463,1389,0
4480,1402,0
4505,1416,0
4529,1430,0
4546,1444,0
4548,1451,0
4540,1459,0
4520,1467,0
4496,1474,0
4469,1479,0
4448,1476,0
4435,1468,0
4424,1450,0
4431,1433,0
4444,1418,0
4461,1407,0
4476,1402,0
4498,1399,1
4574,1414,0
4574,1414,0
4591,1414,0
4601,1409,0
4608,1402,0
4613,1397,0
4620,1390,0
4614,1382,0
4609,1372,0
4603,1368,0
4591,1365,0
4577,1368,0
4567,1374,0
4555,1383,0
4545,1399,0
4542,1418,0
4552,1438,0
4564,1453,0
4587,1462,0
4612,1462,0
4636,1455,1
4638,1339,0
4634,1338,0
4632,1341,0
4635,1348,0
4642,1362,0
4644,1382,0
4646,1402,0
4647,1421,0
4652,1433,0
4661,1442,0
4666,1443,0
4671,1441,0
4677,1433,0
4681,1422,0
4687,1405,0
4697,1391,0
4698,1386,0
4698,1387,0
4699,1394,0
4704,1406,0
4707,1420,0
4716,1433,0
4721,1440,0
4724,1445,1
4843,1243,0
4842,1246,0
4846,1259,0
4854,1279,0
4857,1308,0
4864,1341,0
4871,1372,0
4882,1401,0
4888,1423,0
4887,1437,0
4888,1447,0
4888,1450,0
4886,1452,1
4820,1385,0
4821,1383,0
4822,1380,0
4835,1377,0
4854,1374,0
4880,1369,0
4915,1365,0
4945,1363,0
4966,1362,1
4963,1383,0
4968,1383,0
4973,1381,0
4990,1381,0
4999,1377,0
5014,1372,0
5018,1368,0
5024,1363,0
5021,1359,0
5022,1357,0
5014,1356,0
5005,1358,0
4987,1363,0
4968,1372,0
4956,1384,0
4944,1394,0
4944,1405,0
4957,1416,0
4971,1425,0
4998,1433,0
5031,1436,1
5191,1336,0
5187,1331,0
5185,1324,0
5183,1317,0
5176,1313,0
5164,1312,0
5151,1316,0
5140,1324,0
5129,1335,0
5115,1350,0
5107,1367,0
5106,1383,0
5110,1397,0
5123,1409,0
5142,1416,0
5163,1417,0
5189,1414,1
5206,1234,0
5210,1235,0
5208,1242,0
5205,1254,0
5204,1274,0
5205,1300,0
5206,1327,0
5210,1357,0
5212,1381,0
5214,1400,0
5221,1415,0
5227,1425,0
5230,1429,1
5653,1167,0
5656,1160,0
5652,1155,0
5645,1148,0
5638,1144,0
5622,1141,0
5605,1146,0
5587,1155,0
5566,1175,0
5552,1201,0
5545,1230,0
5546,1260,0
5554,1291,0
5568,1322,0
5584,1352,0
5593,1383,0
5598,1406,0
5595,1419,0
5585,1425,0
5576,1425,0
5559,1416,1
5491,1327,0
5491,1327,0
5500,1327,0
5512,1327,0
5534,1323,0
5573,1318,0
5614,1315,0
5657,1310,1
5805,1310,0
5795,1301,0
5782,1287,0
5772,1278,0
5757,1273,0
5735,1274,0
5713,1282,0
5697,1295,0
5693,1312,0
5693,1329,0
5710,1346,0
5731,1358,0
5762,1365,0
5788,1365,0
5805,1362,0
5815,1356,0
5817,1347,0
5816,1335,0
5803,1320,0
5797,1312,0
5786,1307,0
5781,1311,0
5775,1317,0
5781,1324,0
5800,1329,1
5887,1278,0
5883,1276,0
5883,1276,0
5882,1282,0
5878,1297,0
5882,1316,0
5894,1335,0
5906,1352,0
5916,1364,0
5919,1366,0
5919,1368,0
5911,1364,0
5901,1356,0
5888,1342,0
5880,1325,0
5876,1307,0
5875,1295,0
5877,1287,0
5877,1284,0
5886,1281,0
5903,1278,0
5929,1273,0
5959,1270,0
6004,1266,0
6046,1264,1
6301,1274,0
6295,1264,0
6293,1257,0
6282,1248,0
6271,1243,0
6255,1241,0
6237,1247,0
6210,1257,0
6195,1273,0
6188,1287,0
6194,1296,0
6213,1304,0
6237,1304,0
6263,1301,0
6290,1293,0
6304,1283,0
6309,1273,0
6312,1266,0
6307,1265,0
6307,1265,0
6307,1269,0
6307,1285,0
6310,1309,0
6321,1331,0
6337,1354,1