on station-keeping in Balanus nauplii.
791
907,5266,0
890,5265,0
871,5268,0
852,5275,0
837,5286,0
817,5318,0
807,5361,0
796,5400,0
809,5441,0
832,5451,0
856,5460,0
890,5457,0
912,5442,0
928,5431,0
939,5410,0
945,5395,0
948,5366,0
945,5339,0
941,5318,0
933,5298,0
924,5282,0
916,5274,0
910,5265,0
904,5261,0
901,5257,1
989,5296,0
986,5312,0
981,5339,0
982,5372,0
980,5388,0
981,5404,0
982,5416,0
982,5419,0
985,5424,0
986,5419,0
985,5404,0
984,5380,0
984,5348,0
990,5324,0
1001,5300,0
1013,5288,0
1026,5292,0
1039,5296,0
1055,5313,0
1071,5337,0
1085,5361,0
1095,5385,0
1102,5400,0
1105,5409,0
1106,5416,1
1387,5279,1
1353,5281,0
1331,5286,0
1312,5291,0
1300,5296,0
1295,5300,0
1296,5303,0
1307,5307,0
1333,5326,0
1363,5341,0
1389,5355,0
1407,5373,0
1418,5390,0
1417,5406,0
1409,5418,0
1393,5423,0
1372,5432,0
1348,5433,0
1325,5434,0
1306,5435,0
1293,5428,1
1457,5231,0
1455,5226,0
1455,5231,0
1457,5235,0
1461,5246,0
1466,5269,0
1471,5306,0
1476,5337,0
1483,5365,0
1496,5384,0
1512,5395,0
1531,5401,0
1553,5407,0
1573,5405,0
1588,5403,0
1595,5399,0
1594,5391,1
1455,5327,0
1455,5327,0
1469,5318,0
1494,5308,0
1525,5305,1
1607,5294,0
1603,5294,0
1601,5290,0
1602,5294,0
1609,5293,0
1628,5298,0
1650,5317,0
1675,5337,0
1701,5355,0
1722,5365,0
1738,5375,0
1750,5381,0
1750,5381,0
1750,5381,0
1746,5382,0
1730,5376,0
1703,5371,0
1672,5371,0
1635,5374,0
1608,5385,0
1595,5390,0
1597,5395,0
1610,5409,0
1635,5415,0
1667,5415,0
1699,5408,0
1730,5404,0
1757,5401,0
1777,5390,1
1755,5243,0
1754,5243,0
1756,5247,0
1763,5271,0
1770,5302,0
1778,5333,0
1788,5365,0
1796,5383,0
1805,5398,1
1762,5348,0
1764,5347,0
1777,5342,0
1796,5331,0
1821,5323,0
1841,5316,0
1859,5322,0
1870,5336,0
1879,5359,0
1886,5378,0
1889,5390,0
1889,5394,0
1889,5402,1
1874,5275,0
1877,5274,0
1885,5281,1
1959,5326,0
1959,5350,0
1971,5368,0
1988,5382,0
2007,5390,0
2030,5394,0
2054,5398,0
2075,5390,0
2090,5383,0
2096,5370,0
2096,5354,0
2087,5335,0
2068,5322,0
2044,5310,0
2016,5303,0
1996,5308,1
2116,5313,0
2112,5313,0
2112,5330,0
2108,5347,0
2108,5359,0
2111,5371,0
2116,5378,0
2121,5389,0
2126,5392,0
2126,5392,0
2125,5388,0
2123,5381,0
2123,5361,0
2124,5339,0
2130,5323,0
2137,5313,0
2147,5306,0
2162,5303,0
2183,5308,0
2202,5315,0
2215,5330,0
2222,5348,0
2226,5364,0
2227,5376,0
2227,5383,0
2229,5391,0
2229,5395,0
2230,5399,0
2234,5402,1
2309,5332,0
2304,5334,0
2305,5337,0
2310,5336,0
2325,5332,0
2345,5327,0
2370,5321,0
2392,5316,0
2412,5315,1
2487,5298,0
2485,5296,0
2492,5298,0
2504,5290,0
2517,5281,0
2533,5269,0
2547,5245,0
2559,5220,0
2562,5198,0
2561,5178,0
2551,5164,0
2539,5159,0
2521,5156,1
2482,5171,0
2473,5190,0
2469,5221,0
2472,5262,0
2478,5309,0
2485,5349,0
2487,5373,0
2492,5389,0
2492,5392,0
2492,5393,0
2492,5393,0
2487,5385,0
2483,5371,0
2482,5346,0
2490,5318,0
2503,5303,0
2514,5291,0
2528,5291,0
2547,5298,0
2562,5307,0
2572,5316,0
2569,5326,0
2556,5333,0
2538,5339,0
2526,5347,0
2519,5348,0
2517,5348,0
2518,5349,0
2524,5355,0
2541,5366,0
2565,5376,0
2589,5382,0
2615,5388,0
2633,5382,0
2649,5381,0
2658,5374,1
2652,5339,0
2659,5340,0
2675,5339,0
2696,5342,0
2716,5336,0
2733,5330,0
2748,5320,0
2755,5310,0
2757,5301,0
2751,5291,0
2737,5278,0
2713,5269,0
2685,5269,0
2654,5279,0
2630,5303,0
2618,5332,0
2622,5352,0
2639,5372,0
2661,5382,0
2686,5391,0
2712,5395,0
2736,5396,0
2765,5400,0
2791,5395,1
2856,5349,0
2854,5345,0
2861,5347,0
2874,5346,0
2890,5340,0
2907,5339,0
2919,5327,0
2928,5319,0
2934,5312,0
2932,5301,0
2922,5286,0
2910,5283,0
2887,5278,0
2856,5280,0
2828,5290,0
2805,5315,0
2791,5344,0
2793,5369,0
2812,5384,0
2838,5392,0
2870,5398,0
2895,5398,0
2918,5394,0
2937,5388,0
2954,5386,1
2955,5300,0
2954,5301,0
2955,5309,0
2954,5339,0
2955,5381,0
2954,5420,0
2955,5449,0
2958,5473,0
2959,5490,0
2959,5503,0
2958,5503,0
2957,5503,0
2953,5496,0
2948,5482,0
2948,5456,0
2950,5417,0
2953,5373,0
2954,5335,0
2955,5308,0
2960,5294,0
2967,5284,0
2984,5277,0
3006,5277,0
3029,5290,0
3042,5315,0
3045,5339,0
3047,5368,0
3045,5386,0
3034,5395,0
3021,5400,0
3003,5402,0
2988,5403,0
2976,5404,0
2967,5398,0
2963,5391,0
2967,5373,1
3059,5304,0
3059,5308,0
3062,5320,0
3065,5340,0
3069,5361,0
3077,5375,0
3085,5384,0
3093,5390,0
3096,5392,1
3080,5266,0
3075,5264,0
3075,5264,0
3075,5264,0
3081,5269,1
3141,5298,0
3137,5303,0
3136,5313,0
3138,5338,0
3143,5366,0
3147,5385,0
3151,5393,0
3153,5396,0
3156,5395,0
3153,5392,0
3152,5383,0
3150,5363,0
3153,5336,0
3158,5308,0
3169,5286,0
3182,5277,0
3195,5275,0
3211,5282,0
3227,5301,0
3240,5326,0
3253,5356,0
3262,5383,0
3271,5405,0
3278,5414,0
3288,5419,1
3416,5323,0
3407,5315,0
3393,5308,0
3374,5303,0
3344,5308,0
3317,5324,0
3303,5347,0
3302,5361,0
3311,5370,0
3333,5386,0
3356,5394,0
3380,5392,0
3402,5391,0
3414,5382,0
3424,5377,0
3427,5363,0
3428,5349,0
3424,5338,0
3418,5331,0
3419,5335,0
3421,5339,0
3424,5350,0
3429,5375,0
3433,5403,0
3438,5441,0
3438,5472,0
3437,5507,0
3431,5535,0
3416,5555,0
3397,5568,0
3382,5579,0
3361,5583,0
3341,5583,0
3325,5577,0
3315,5576,0
3310,5574,0
3306,5567,1
3708,5303,0
3699,5307,0
3700,5325,0
3703,5350,0
3703,5372,0
3708,5397,0
3710,5414,0
3715,5429,0
3720,5436,1
3691,5271,1
3810,5304,0
3802,5325,0
3793,5357,0
3793,5394,0
3792,5417,0
3793,5426,0
3798,5431,0
3800,5427,0
3805,5424,0
3805,5410,0
3810,5395,0
3807,5364,0
3809,5336,0
3817,5314,0
3824,5301,0
3834,5296,0
3851,5309,0
3862,5325,0
3875,5351,0
3888,5376,0
3899,5397,0
3907,5414,0
3916,5433,0
3925,5442,0
3938,5448,1
4213,5248,0
4213,5248,0
4215,5256,0
4217,5283,0
4221,5323,0
4225,5358,0
4227,5380,0
4228,5393,0
4232,5409,0
4233,5418,0
4234,5422,0
4227,5417,0
4221,5412,1
4091,5191,0
4119,5178,0
4161,5172,0
4208,5171,0
4253,5180,0
4290,5200,0
4314,5226,0
4333,5253,0
4332,5268,0
4317,5281,0
4290,5299,0
4249,5306,0
4213,5314,0
4184,5313,0
4175,5313,0
4179,5315,0
4195,5310,0
4225,5310,0
4259,5308,0
4305,5318,0
4351,5327,0
4398,5344,0
4434,5364,0
4453,5385,0
4455,5398,0
4438,5408,0
4412,5420,0
4369,5433,0
4311,5441,0
4254,5448,0
4193,5456,0
4137,5456,0
4092,5455,0
4065,5456,0
4044,5454,0
4041,5455,0
4046,5453,1
4537,5301,0
4551,5310,0
4562,5322,0
4574,5339,0
4587,5354,0
4599,5364,0
4605,5370,0
4610,5376,0
4611,5376,0
4610,5376,0
4609,5377,0
4606,5375,0
4594,5368,0
4579,5359,0
4563,5355,0
4545,5358,0
4528,5369,0
4514,5383,0
4505,5403,0
4505,5417,0
4517,5424,0
4537,5425,0
4559,5420,0
4582,5415,0
4598,5409,1
4616,5217,0
4618,5231,0
4625,5259,0
4632,5294,0
4643,5325,0
4654,5352,0
4660,5367,0
4666,5382,0
4673,5392,1
4719,5335,0
4722,5333,0
4733,5325,0
4748,5320,0
4761,5320,0
4781,5331,0
4802,5349,0
4822,5371,0
4833,5383,0
4840,5392,0
4841,5395,0
4840,5396,0
4838,5398,0
4832,5397,0
4822,5395,0
4808,5390,0
4794,5386,0
4775,5380,0
4752,5376,0
4739,5385,0
4722,5397,0
4712,5418,0
4713,5437,0
4724,5448,0
4743,5450,0
4767,5448,0
4789,5443,0
4813,5441,0
4834,5431,1
4854,5337,0
4848,5336,0
4853,5348,0
4857,5369,0
4864,5399,0
4871,5419,0
4875,5431,0
4879,5433,0
4882,5435,0
4886,5438,0
4883,5430,0
4877,5414,0
4871,5390,0
4871,5364,0
4874,5337,0
4886,5324,0
4902,5322,0
4915,5317,0
4937,5320,0
4953,5333,0
4964,5360,0
4970,5395,0
4973,5423,0
4975,5437,0
4975,5447,1
5011,5320,0
5010,5321,0
5009,5332,0
5011,5356,0
5016,5391,0
5026,5414,0
5040,5428,0
5057,5436,0
5070,5441,0
5084,5441,0
5094,5432,0
5102,5421,0
5105,5398,0
5108,5371,0
5112,5348,0
5107,5332,0
5106,5332,0
5105,5338,0
5101,5352,0
5101,5377,0
5108,5397,0
5113,5408,0
5122,5416,0
5132,5418,0
5148,5411,1
5176,5323,0
5164,5323,0
5163,5324,0
5168,5330,0
5183,5344,0
5201,5359,0
5221,5379,0
5233,5395,0
5245,5417,0
5245,5427,0
5237,5434,0
5224,5438,0
5204,5438,0
5186,5438,0
5173,5437,0
5161,5436,0
5156,5435,0
5161,5431,0
5164,5424,0
5171,5413,1
5470,5331,0
5469,5336,0
5472,5354,0
5475,5383,0
5475,5414,0
5478,5444,0
5482,5466,0
5485,5479,0
5484,5480,0
5485,5479,0
5484,5475,0
5483,5470,0
5477,5450,0
5473,5422,0
5473,5390,0
5475,5362,0
5482,5342,0
5489,5330,0
5499,5321,0
5516,5318,0
5535,5327,0
5552,5349,0
5570,5382,0
5580,5410,0
5581,5431,0
5586,5447,0
5586,5458,0
5588,5465,0
5588,5465,1
5608,5342,0
5605,5339,0
5612,5335,0
5627,5332,0
5645,5332,0
5661,5339,0
5684,5356,0
5700,5373,0
5718,5389,0
5731,5400,0
5742,5406,0
5745,5409,0
5744,5410,0
5744,5410,0
5737,5410,0
5719,5405,0
5701,5405,0
5678,5404,0
5653,5414,0
5636,5435,0
5627,5454,0
5631,5466,0
5643,5472,0
5663,5476,0
5684,5473,0
5701,5469,0
5714,5462,0
5726,5458,0
5736,5455,1
5762,5335,0
5764,5349,0
5764,5376,0
5771,5412,0
5779,5438,0
5794,5456,0
5813,5465,0
5832,5471,0
5844,5470,0
5855,5466,0
5867,5461,0
5870,5441,0
5879,5422,0
5880,5394,0
5885,5368,0
5882,5344,0
5879,5330,0
5876,5327,0
5877,5332,0
5875,5349,0
5880,5385,0
5884,5419,0
5885,5438,0
5894,5458,0
5899,5470,1
5969,5378,0
5966,5397,0
5963,5433,0
5969,5476,0
5976,5513,0
5981,5541,0
5988,5566,0
5996,5586,0
5999,5600,0
6002,5603,0
6005,5606,0
6003,5602,0
5996,5592,0
5987,5567,0
5979,5531,0
5975,5491,0
5972,5450,0
5970,5414,0
5974,5389,0
5984,5369,0
5999,5354,0
6022,5344,0
6047,5347,0
6064,5353,0
6087,5375,0
6100,5402,0
6102,5429,0
6095,5446,0
6082,5458,0
6065,5462,0
6044,5466,0
6023,5469,0
6000,5464,1
6124,5216,0
6125,5216,0
6124,5216,0
6133,5231,0
6138,5253,0
6140,5291,0
6144,5337,0
6148,5378,0
6149,5411,0
6153,5434,0
6161,5454,0
6165,5467,0
6169,5475,1
6238,5385,0
6234,5400,0
6232,5424,0
6235,5444,0
6239,5456,0
6245,5467,0
6249,5475,0
6250,5479,0
6254,5482,1
6240,5327,0
6235,5327,0
6234,5327,0
6234,5327,0
6237,5330,1
6321,5376,0
6317,5385,0
6317,5402,0
6319,5429,0
6318,5447,0
6321,5461,0
6325,5474,0
6331,5484,0
6331,5491,1
6301,5323,0
6300,5323,0
6298,5320,0
6302,5322,0
6304,5325,1
6428,5472,0
6426,5475,0
6424,5471,0
6427,5474,0
6424,5471,1