figure 13. A more complex
503
1512,3339,0
1505,3337,0
1499,3329,0
1491,3310,0
1483,3278,0
1478,3243,0
1469,3199,0
1459,3156,0
1453,3122,0
1450,3102,0
1450,3089,0
1456,3076,0
1464,3059,0
1477,3045,0
1497,3042,0
1517,3040,0
1535,3037,0
1552,3038,0
1564,3036,0
1573,3039,0
1575,3042,1
1437,3211,0
1536,3223,0
1558,3219,0
1575,3212,0
1592,3206,0
1604,3195,0
1618,3189,0
1627,3191,1
1652,3256,0
1655,3243,0
1655,3211,0
1659,3165,1
1661,3025,0
1661,3023,0
1664,3025,0
1671,3020,1
1761,3168,0
1753,3165,0
1754,3170,0
1745,3168,0
1734,3170,0
1725,3192,0
1718,3218,0
1720,3247,0
1727,3262,0
1738,3259,0
1751,3248,0
1763,3229,0
1775,3202,0
1787,3182,0
1795,3168,0
1795,3164,0
1798,3173,0
1805,3195,0
1807,3223,0
1814,3263,0
1810,3313,0
1800,3364,0
1788,3404,0
1773,3428,0
1765,3438,0
1753,3440,0
1730,3432,0
1705,3421,0
1684,3404,0
1669,3387,0
1666,3375,0
1664,3359,0
1667,3334,1
1816,3168,0
1815,3168,0
1818,3175,0
1820,3187,0
1822,3204,0
1826,3230,0
1829,3255,0
1835,3274,0
1843,3285,0
1851,3286,0
1860,3281,0
1871,3269,0
1879,3247,0
1886,3211,0
1894,3173,0
1896,3130,0
1899,3112,0
1901,3112,0
1901,3117,0
1906,3136,0
1910,3164,1
1915,3224,0
1921,3252,0
1923,3259,0
1927,3262,0
1930,3257,0
1936,3252,0
1938,3230,0
1940,3209,0
1937,3189,0
1938,3185,0
1941,3188,0
1947,3194,0
1964,3206,0
1984,3213,0
2010,3218,0
2033,3215,0
2056,3211,0
2079,3200,0
2099,3185,0
2112,3164,0
2119,3144,0
2114,3125,0
2106,3123,0
2091,3133,0
2072,3160,0
2053,3197,0
2045,3237,0
2042,3262,0
2051,3276,0
2071,3291,0
2097,3291,0
2131,3284,0
2165,3259,0
2203,3225,0
2241,3194,0
2280,3170,1
2523,3194,0
2526,3202,0
2523,3199,0
2528,3197,0
2524,3185,0
2521,3173,0
2519,3156,0
2514,3132,0
2515,3105,0
2519,3076,0
2523,3047,0
2528,3013,0
2537,2991,0
2539,2972,0
2539,2967,0
2539,2967,0
2536,2964,0
2536,2969,0
2530,2977,0
2511,2995,0
2484,3027,0
2457,3066,0
2432,3096,0
2415,3117,0
2412,3127,1
2629,3001,0
2627,3001,0
2628,3001,0
2630,3000,0
2634,2999,0
2644,2996,0
2666,2999,0
2691,2998,0
2715,2994,0
2735,2991,0
2743,2991,0
2746,2994,0
2742,3001,0
2734,3020,0
2719,3037,0
2709,3057,0
2707,3081,0
2708,3094,0
2720,3110,0
2737,3129,0
2750,3140,0
2760,3148,0
2762,3151,0
2760,3157,0
2738,3173,0
2706,3195,0
2676,3216,0
2646,3227,0
2616,3228,0
2596,3230,0
2586,3230,0
2581,3223,0
2584,3218,1
2831,3217,0
2811,3233,0
2808,3240,0
2806,3236,0
2815,3236,1
3114,3226,0
3115,3226,0
3116,3225,0
3115,3220,0
3118,3204,0
3119,3174,0
3127,3145,0
3136,3114,0
3146,3083,0
3152,3054,0
3158,3030,0
3167,3008,0
3176,2992,0
3181,2979,0
3184,2976,0
3183,2977,0
3185,2981,0
3193,2999,0
3197,3017,0
3207,3049,0
3209,3086,0
3217,3135,0
3222,3181,0
3230,3223,0
3238,3252,0
3245,3272,0
3250,3284,0
3249,3284,0
3250,3283,0
3247,3276,0
3240,3260,0
3230,3243,0
3216,3223,1
3135,3153,0
3136,3153,0
3140,3156,0
3138,3152,0
3155,3155,0
3177,3153,0
3206,3153,0
3235,3146,0
3267,3139,0
3296,3127,0
3327,3119,0
3358,3115,1
3543,3192,0
3532,3196,0
3532,3196,0
3529,3194,0
3526,3191,0
3523,3188,0
3518,3177,0
3515,3163,0
3518,3147,0
3521,3128,0
3531,3110,0
3545,3087,0
3558,3066,0
3569,3056,0
3578,3054,0
3585,3059,0
3592,3069,0
3595,3081,0
3602,3103,0
3602,3123,0
3604,3143,0
3609,3149,0
3619,3151,0
3637,3145,0
3660,3130,0
3687,3107,0
3715,3088,0
3740,3076,0
3753,3074,0
3763,3081,0
3766,3095,0
3766,3116,0
3764,3139,0
3761,3159,0
3756,3174,0
3759,3182,0
3771,3182,1
3827,3141,0
3845,3125,0
3862,3110,0
3869,3091,0
3871,3085,0
3870,3086,0
3859,3090,0
3841,3102,0
3831,3122,0
3817,3146,0
3806,3173,0
3805,3194,0
3810,3201,0
3824,3204,0
3846,3201,0
3867,3192,0
3882,3178,0
3896,3165,0
3901,3144,0
3899,3117,0
3895,3095,0
3889,3083,0
3889,3084,0
3887,3086,1
3952,3189,0
3955,3197,0
3959,3199,0
3960,3198,0
3963,3195,0
3966,3182,0
3965,3155,0
3972,3136,0
3976,3127,0
3978,3121,0
3978,3120,0
3988,3127,0
4003,3136,0
4028,3144,0
4054,3146,0
4084,3145,0
4110,3134,0
4135,3120,0
4155,3101,0
4168,3086,0
4167,3076,0
4164,3073,0
4149,3071,0
4122,3083,0
4096,3109,0
4073,3150,0
4058,3187,0
4065,3209,0
4085,3217,0
4124,3212,0
4172,3197,0
4222,3180,0
4271,3164,0
4317,3149,0
4360,3132,0
4394,3117,1
4678,3054,0
4680,3052,0
4681,3052,0
4681,3052,0
4676,3050,0
4676,3051,0
4668,3047,0
4659,3046,0
4647,3049,0
4634,3059,0
4617,3078,0
4601,3104,0
4590,3136,0
4578,3163,0
4579,3193,0
4585,3209,0
4597,3214,0
4623,3214,0
4648,3204,0
4668,3186,0
4693,3169,1
4789,3088,0
4785,3087,0
4782,3084,0
4782,3084,0
4775,3081,0
4772,3083,0
4766,3085,0
4756,3092,0
4748,3107,0
4743,3133,0
4741,3156,0
4745,3175,0
4752,3185,0
4765,3195,0
4779,3197,0
4794,3197,0
4810,3184,0
4828,3162,0
4840,3134,0
4847,3104,0
4847,3079,0
4838,3058,0
4821,3047,0
4802,3046,0
4784,3050,0
4765,3053,0
4760,3062,0
4754,3074,0
4755,3093,1
4823,3188,0
4825,3192,0
4825,3189,0
4830,3185,0
4829,3179,0
4832,3169,0
4836,3152,0
4842,3130,0
4847,3105,0
4856,3087,0
4864,3078,0
4870,3076,0
4875,3075,0
4883,3078,0
4891,3088,0
4901,3107,0
4903,3132,0
4903,3157,0
4907,3172,0
4910,3175,0
4922,3172,0
4946,3160,0
4971,3134,0
4999,3103,0
5029,3076,0
5052,3059,0
5065,3054,0
5074,3056,0
5078,3064,0
5086,3081,0
5084,3104,0
5079,3132,0
5075,3156,0
5077,3173,0
5082,3179,0
5090,3175,1
5155,3354,0
5156,3353,0
5152,3351,0
5157,3346,0
5154,3323,0
5156,3282,0
5158,3224,0
5175,3170,0
5184,3129,0
5193,3103,0
5197,3089,0
5206,3078,0
5218,3067,0
5233,3061,0
5245,3064,0
5255,3071,0
5260,3084,0
5259,3100,0
5251,3117,0
5240,3132,0
5222,3145,0
5209,3155,0
5193,3157,0
5180,3155,0
5170,3149,0
5166,3141,0
5166,3126,0
5171,3105,0
5184,3081,1
5283,2980,0
5286,2982,0
5294,2992,0
5298,3008,0
5295,3034,0
5293,3066,0
5291,3103,0
5289,3134,0
5298,3163,0
5313,3176,0
5333,3182,0
5359,3179,0
5385,3172,0
5409,3158,0
5426,3141,0
5447,3122,0
5455,3103,0
5459,3091,0
5453,3086,0
5446,3082,0
5436,3082,0
5424,3086,0
5416,3097,0
5404,3115,0
5397,3139,0
5395,3163,0
5406,3183,0
5419,3198,0
5440,3210,0
5464,3211,0
5496,3207,0
5525,3192,0
5557,3175,0
5576,3153,0
5595,3132,0
5612,3113,1
5605,3095,0
5610,3100,0
5619,3110,0
5635,3121,0
5655,3135,0
5675,3148,0
5689,3163,0
5709,3177,0
5725,3187,0
5740,3194,0
5749,3195,0
5747,3192,1
5604,3227,0
5600,3225,0
5606,3223,0
5624,3204,0
5659,3172,0
5699,3133,0
5741,3097,0
5772,3070,1