welded up to form a single unit
592
1503,4608,0
1495,4617,0
1493,4625,0
1495,4641,0
1498,4661,0
1503,4693,0
1507,4732,0
1506,4785,0
1512,4828,0
1514,4848,0
1515,4848,0
1532,4842,0
1548,4817,0
1563,4779,0
1582,4745,0
1599,4719,0
1616,4705,0
1627,4695,0
1637,4702,0
1648,4721,0
1656,4744,0
1665,4768,0
1671,4775,0
1682,4777,0
1696,4768,0
1716,4736,0
1740,4693,0
1764,4644,0
1789,4608,1
1825,4643,0
1825,4663,0
1827,4679,0
1832,4690,0
1838,4693,0
1853,4695,0
1868,4692,0
1881,4682,0
1891,4672,0
1899,4666,0
1902,4654,0
1902,4641,0
1897,4626,0
1884,4612,0
1867,4607,0
1845,4619,0
1821,4643,0
1803,4679,0
1791,4721,0
1791,4762,0
1795,4794,0
1803,4812,0
1817,4822,0
1837,4828,0
1854,4825,0
1874,4813,0
1893,4789,0
1911,4750,0
1922,4707,0
1927,4661,0
1925,4621,0
1921,4572,1
1920,4504,0
1923,4507,0
1920,4504,0
1925,4514,0
1932,4538,0
1940,4577,0
1944,4630,0
1955,4688,0
1965,4743,0
1977,4778,0
1987,4788,0
2004,4785,0
2020,4769,0
2038,4741,0
2052,4702,0
2070,4657,0
2087,4620,0
2097,4597,0
2099,4596,0
2099,4601,0
2101,4625,0
2103,4654,0
2101,4678,0
2108,4710,0
2111,4725,0
2114,4720,0
2123,4710,0
2135,4678,0
2146,4635,0
2151,4580,0
2151,4526,0
2147,4478,0
2142,4442,0
2137,4431,0
2135,4432,0
2134,4440,1
2234,4625,0
2246,4635,0
2263,4638,0
2277,4639,0
2292,4626,0
2302,4611,0
2306,4589,0
2308,4576,0
2306,4573,0
2299,4570,0
2283,4579,0
2267,4600,0
2252,4625,0
2245,4652,0
2239,4670,0
2246,4688,0
2265,4712,0
2287,4723,0
2313,4715,0
2342,4700,0
2369,4671,0
2391,4636,0
2405,4606,0
2408,4589,0
2409,4588,0
2401,4607,0
2394,4644,0
2394,4685,0
2396,4706,0
2397,4705,0
2396,4701,0
2403,4690,0
2417,4666,0
2423,4622,0
2432,4570,0
2431,4515,0
2427,4471,0
2424,4446,0
2415,4432,0
2403,4419,0
2396,4413,1
2679,4584,0
2674,4586,0
2673,4590,0
2672,4591,0
2673,4594,0
2673,4599,0
2678,4627,0
2683,4659,0
2688,4699,0
2701,4746,0
2712,4776,0
2725,4792,0
2736,4797,0
2741,4791,0
2749,4784,0
2760,4771,0
2765,4740,0
2777,4697,0
2784,4659,0
2790,4628,0
2795,4618,0
2798,4616,0
2796,4620,0
2796,4634,0
2798,4659,1
2852,4878,0
2852,4886,0
2851,4883,0
2844,4869,0
2837,4832,0
2832,4791,0
2828,4741,0
2828,4695,0
2834,4662,0
2843,4650,0
2853,4642,0
2869,4640,0
2885,4642,0
2899,4649,0
2914,4669,0
2924,4695,0
2928,4724,0
2927,4741,0
2925,4742,0
2923,4739,0
2907,4732,0
2892,4722,0
2884,4711,0
2885,4702,1
3240,4428,0
3236,4430,0
3236,4430,0
3235,4435,0
3235,4453,0
3238,4488,0
3241,4539,0
3243,4601,0
3245,4667,0
3248,4723,0
3252,4755,0
3254,4760,0
3257,4758,0
3259,4748,0
3257,4727,0
3247,4701,0
3233,4672,1
3168,4628,0
3165,4630,0
3165,4629,0
3184,4647,0
3202,4652,0
3224,4654,0
3245,4648,0
3267,4638,0
3286,4625,0
3304,4611,0
3321,4602,0
3327,4599,0
3329,4599,0
3329,4602,0
3324,4605,0
3317,4627,0
3308,4653,0
3305,4686,0
3309,4720,0
3318,4742,0
3331,4749,0
3351,4753,0
3371,4743,0
3392,4728,0
3409,4705,0
3419,4673,0
3424,4639,0
3421,4614,0
3407,4598,0
3385,4591,0
3361,4604,0
3340,4628,0
3328,4653,0
3330,4673,0
3344,4685,0
3369,4685,1
3689,4745,0
3687,4741,0
3689,4744,0
3684,4734,0
3677,4702,0
3668,4655,0
3660,4600,0
3650,4536,0
3653,4498,0
3654,4478,0
3654,4474,0
3655,4468,0
3668,4466,0
3685,4464,0
3706,4466,0
3727,4472,0
3744,4471,0
3756,4472,0
3764,4468,0
3762,4463,0
3746,4460,1
3621,4591,0
3619,4601,0
3635,4611,0
3658,4610,0
3692,4604,0
3725,4589,0
3756,4576,0
3783,4564,1
3833,4551,0
3850,4541,0
3859,4535,0
3861,4534,0
3863,4537,0
3855,4533,0
3845,4539,0
3827,4546,0
3807,4559,0
3790,4582,0
3780,4608,0
3779,4632,0
3783,4653,0
3799,4676,0
3822,4695,0
3845,4699,0
3867,4695,0
3892,4684,0
3913,4666,0
3923,4637,0
3928,4610,0
3922,4581,0
3909,4560,0
3897,4549,0
3884,4543,0
3877,4543,0
3871,4541,0
3872,4541,1
3972,4634,0
3974,4646,0
3975,4647,0
3975,4647,0
3976,4646,0
3971,4635,0
3972,4620,0
3972,4606,0
3981,4590,0
3995,4565,0
4019,4545,0
4041,4526,0
4064,4515,0
4083,4506,0
4106,4500,0
4121,4495,1
4140,4627,0
4134,4636,0
4135,4635,0
4134,4632,0
4126,4613,0
4123,4600,0
4126,4589,0
4125,4574,0
4128,4562,0
4133,4559,0
4141,4554,0
4151,4551,0
4160,4550,0
4170,4558,0
4176,4568,0
4184,4591,0
4188,4608,0
4205,4622,0
4215,4618,0
4237,4608,0
4261,4587,0
4297,4561,0
4330,4531,0
4365,4510,0
4393,4493,0
4412,4484,0
4419,4488,0
4425,4509,0
4426,4543,0
4422,4587,0
4416,4617,0
4417,4640,0
4423,4651,1
4886,4629,0
4883,4626,0
4888,4628,0
4883,4622,0
4869,4603,0
4856,4582,0
4839,4565,0
4820,4560,0
4794,4565,0
4769,4582,0
4746,4611,0
4736,4650,0
4731,4670,0
4739,4675,0
4750,4675,0
4763,4664,0
4776,4649,0
4786,4625,0
4793,4588,0
4797,4543,0
4792,4500,0
4779,4473,0
4753,4464,0
4722,4475,0
4687,4499,0
4661,4526,0
4649,4547,0
4648,4558,0
4669,4567,1
5197,4466,0
5197,4466,0
5192,4466,0
5179,4468,0
5165,4471,0
5161,4478,0
5161,4484,0
5170,4503,0
5187,4526,0
5204,4549,0
5221,4565,0
5233,4576,0
5236,4579,0
5238,4582,0
5227,4582,0
5207,4595,0
5176,4608,0
5141,4623,0
5108,4638,0
5076,4644,0
5064,4649,0
5056,4652,0
5052,4644,0
5062,4636,0
5088,4628,1
5231,4643,0
5233,4642,0
5233,4642,0
5228,4625,0
5218,4590,0
5215,4543,0
5209,4489,0
5209,4439,0
5209,4410,0
5208,4395,0
5209,4394,0
5209,4394,0
5204,4388,0
5205,4386,0
5205,4386,0
5214,4394,1
5278,4616,0
5277,4629,0
5274,4626,0
5275,4625,0
5274,4615,0
5280,4593,0
5289,4561,0
5307,4533,0
5327,4514,0
5347,4500,0
5368,4497,0
5375,4501,0
5382,4522,0
5380,4557,0
5378,4603,0
5371,4632,0
5371,4644,0
5376,4644,0
5392,4635,0
5416,4611,0
5443,4579,0
5470,4547,0
5490,4527,0
5493,4519,0
5491,4521,0
5491,4538,0
5490,4561,0
5489,4562,0
5499,4558,0
5513,4544,0
5530,4525,0
5543,4501,0
5556,4483,0
5561,4476,0
5559,4480,0
5561,4511,0
5559,4553,0
5567,4608,0
5567,4659,0
5564,4707,0
5562,4770,0
5556,4826,0
5538,4850,0
5522,4859,0
5496,4851,0
5465,4831,0
5428,4789,0
5400,4743,0
5378,4688,1
5607,4382,0
5615,4391,0
5634,4412,0
5636,4437,0
5634,4481,0
5638,4535,0
5643,4582,0
5658,4618,0
5674,4636,0
5695,4643,0
5723,4644,0
5748,4628,0
5780,4606,0
5797,4571,0
5814,4541,0
5814,4523,0
5801,4519,0
5776,4528,0
5750,4562,0
5723,4608,0
5709,4663,0
5713,4698,0
5738,4714,0
5783,4719,0
5847,4705,0
5914,4669,0
5982,4629,0
6045,4583,0
6099,4541,1
6229,4549,0
6220,4553,0
6220,4554,0
6220,4553,0
6224,4555,0
6226,4565,0
6227,4582,0
6223,4611,0
6223,4642,0
6225,4671,0
6230,4695,0
6239,4714,0
6251,4719,0
6266,4720,0
6280,4715,0
6291,4709,0
6299,4701,0
6305,4688,0
6311,4668,0
6323,4636,0
6334,4604,0
6340,4578,0
6346,4572,0
6344,4568,0
6341,4565,0
6339,4560,0
6343,4562,0
6341,4564,0
6345,4573,1
6400,4688,0
6399,4689,0
6396,4685,0
6393,4678,0
6392,4660,0
6394,4638,0
6392,4603,0
6392,4572,0
6394,4551,0
6391,4548,0
6392,4547,0
6392,4547,0
6389,4551,0
6387,4560,0
6388,4577,0
6390,4580,0
6401,4586,0
6411,4580,0
6430,4577,0
6447,4569,0
6459,4561,0
6475,4559,0
6486,4560,0
6493,4563,0
6495,4578,0
6495,4606,0
6486,4641,0
6481,4678,0
6472,4700,0
6474,4711,0
6479,4712,0
6492,4702,1
6558,4685,0
6560,4689,0
6556,4687,0
6551,4662,0
6546,4611,1
6539,4435,0
6537,4430,0
6535,4427,0
6531,4418,0
6533,4410,0
6537,4405,0
6547,4398,0
6561,4392,1
6607,4386,0
6612,4386,0
6620,4396,0
6624,4410,0
6633,4431,0
6631,4459,0
6635,4500,0
6638,4548,0
6642,4594,0
6647,4640,0
6659,4682,0
6662,4710,0
6666,4730,0
6662,4735,0
6656,4724,0
6640,4692,1
6588,4617,0
6609,4618,0
6641,4615,0
6686,4603,0
6715,4587,0
6750,4567,0
6783,4558,0
6811,4553,1