14. This complete assembly is
599
1614,4270,0
1605,4266,0
1604,4268,0
1594,4248,0
1592,4216,0
1586,4176,0
1585,4132,0
1584,4088,0
1583,4061,0
1579,4036,0
1578,4021,0
1575,4000,0
1573,3997,0
1570,4001,0
1552,4028,0
1528,4079,0
1502,4146,0
1475,4217,0
1452,4275,0
1440,4313,0
1437,4333,1
1748,4262,0
1749,4258,0
1751,4258,0
1752,4249,0
1753,4220,0
1755,4184,0
1757,4147,0
1760,4110,0
1761,4082,0
1764,4061,0
1770,4039,0
1774,4014,0
1778,4002,0
1778,4005,0
1775,4010,0
1767,4024,0
1759,4049,0
1747,4080,0
1734,4111,0
1725,4140,0
1722,4157,0
1722,4157,0
1732,4164,0
1749,4169,0
1778,4172,0
1811,4162,0
1853,4145,0
1894,4130,0
1930,4122,0
1956,4116,0
1974,4116,0
1978,4116,0
1980,4115,0
1986,4121,0
1990,4121,0
1997,4128,0
1999,4127,1
1854,4292,0
1850,4293,0
1850,4293,0
1850,4297,0
1850,4297,0
1850,4297,0
1850,4297,0
1850,4297,0
1855,4300,1
2310,4284,0
2303,4287,0
2301,4283,0
2303,4283,0
2299,4267,0
2294,4239,0
2294,4215,0
2292,4186,0
2290,4161,0
2286,4141,0
2283,4117,0
2279,4093,0
2277,4065,1
2158,4016,0
2156,4021,0
2154,4017,0
2158,4020,0
2171,4017,0
2195,4014,0
2219,4011,0
2244,4012,0
2266,4014,0
2291,4015,0
2318,4010,0
2343,4006,0
2367,3994,1
2441,4261,0
2437,4261,0
2438,4256,0
2437,4254,0
2429,4229,0
2423,4199,0
2413,4159,0
2406,4124,0
2399,4089,0
2395,4061,0
2391,4040,0
2389,4020,0
2386,4004,0
2386,4004,0
2388,4008,0
2386,4012,0
2388,4034,0
2391,4061,0
2401,4088,0
2406,4103,0
2415,4108,0
2430,4107,0
2449,4105,0
2466,4099,0
2482,4093,0
2495,4093,0
2504,4098,0
2511,4113,0
2519,4144,0
2521,4177,0
2520,4207,0
2523,4232,0
2526,4235,1
2596,4201,0
2590,4199,0
2591,4203,0
2586,4188,0
2570,4151,1
2540,3969,0
2541,3969,0
2540,3965,0
2538,3962,0
2540,3961,0
2543,3956,0
2548,3958,0
2562,3970,1
2689,4087,0
2692,4089,0
2696,4089,0
2695,4085,0
2690,4082,0
2680,4078,0
2671,4082,0
2660,4089,0
2654,4106,0
2655,4131,0
2662,4154,0
2678,4169,0
2695,4184,0
2714,4203,0
2726,4227,0
2731,4242,0
2731,4263,0
2728,4256,0
2725,4262,0
2718,4261,0
2702,4267,0
2683,4270,0
2670,4275,0
2664,4282,0
2659,4284,1
3136,4077,0
3132,4075,0
3132,4075,0
3125,4068,0
3117,4063,0
3109,4063,0
3093,4068,0
3076,4085,0
3055,4118,0
3034,4159,0
3025,4200,0
3024,4232,0
3031,4250,0
3043,4258,0
3060,4258,0
3083,4256,0
3107,4239,1
3221,4112,0
3221,4109,0
3223,4112,0
3218,4109,0
3210,4109,0
3202,4114,0
3189,4126,0
3177,4150,0
3167,4178,0
3162,4203,0
3163,4220,0
3171,4234,0
3185,4245,0
3200,4246,0
3220,4245,0
3240,4234,0
3262,4214,0
3281,4189,0
3294,4155,0
3299,4115,0
3297,4080,0
3289,4065,0
3277,4063,0
3257,4061,0
3246,4068,0
3233,4069,0
3226,4078,0
3225,4093,1
3310,4214,0
3313,4231,0
3313,4231,0
3313,4227,0
3313,4227,0
3310,4225,0
3310,4219,0
3308,4202,0
3309,4174,0
3316,4152,0
3327,4132,0
3338,4111,0
3349,4096,0
3357,4087,0
3363,4088,0
3374,4101,0
3384,4122,0
3390,4147,0
3395,4167,0
3397,4180,0
3399,4183,0
3411,4176,0
3435,4162,0
3458,4130,0
3485,4104,0
3508,4080,0
3528,4063,0
3544,4062,0
3554,4065,0
3559,4077,0
3562,4098,0
3561,4123,0
3554,4145,0
3551,4167,0
3554,4184,0
3565,4200,0
3576,4217,1
3636,4340,0
3640,4361,0
3640,4361,0
3641,4360,0
3638,4353,0
3629,4329,0
3617,4290,0
3609,4244,0
3608,4202,0
3612,4162,0
3616,4121,0
3629,4093,0
3636,4070,0
3643,4061,0
3647,4063,0
3661,4073,0
3669,4082,0
3676,4096,0
3679,4118,0
3679,4147,0
3673,4175,0
3667,4197,0
3658,4203,0
3652,4202,0
3638,4198,0
3619,4185,0
3608,4174,0
3600,4155,1
3667,3991,0
3670,3990,0
3677,3995,0
3681,4002,0
3685,4017,0
3689,4045,0
3689,4078,0
3695,4118,0
3705,4149,0
3718,4169,0
3737,4180,0
3759,4185,0
3783,4184,0
3806,4178,0
3829,4162,0
3851,4138,0
3871,4109,0
3880,4077,0
3881,4056,0
3877,4044,0
3866,4033,0
3857,4035,0
3841,4036,0
3824,4048,0
3810,4068,0
3797,4087,0
3792,4114,0
3798,4140,0
3807,4157,0
3822,4176,0
3844,4185,0
3873,4190,0
3898,4182,0
3923,4170,0
3942,4150,0
3962,4131,1
3969,3921,0
3968,3917,0
3968,3917,0
3968,3917,0
3969,3921,0
3975,3937,0
3980,3959,0
3984,3990,0
3987,4038,0
3987,4089,0
3993,4133,0
4003,4166,0
4007,4177,0
4006,4179,0
4006,4179,0
4003,4170,0
3995,4152,1
3910,4099,0
3909,4106,0
3922,4121,0
3942,4137,0
3964,4144,0
3991,4145,0
4022,4147,0
4053,4139,0
4081,4128,0
4109,4116,0
4128,4097,0
4136,4075,0
4141,4066,0
4134,4062,0
4123,4065,0
4104,4070,0
4084,4081,0
4065,4099,0
4053,4123,0
4053,4149,0
4068,4177,0
4094,4198,0
4128,4202,0
4171,4195,0
4215,4176,0
4258,4147,0
4298,4120,0
4339,4102,1
4704,4161,0
4712,4170,0
4712,4170,0
4716,4172,0
4717,4171,0
4715,4172,0
4712,4169,0
4702,4162,0
4684,4147,0
4666,4136,0
4645,4128,0
4622,4127,0
4596,4135,0
4573,4149,0
4556,4170,0
4541,4193,0
4541,4209,0
4547,4215,0
4559,4215,0
4573,4208,0
4588,4189,0
4603,4159,0
4623,4122,0
4633,4075,0
4638,4037,0
4628,4014,0
4608,4005,0
4583,4006,0
4558,4013,0
4541,4017,0
4536,4022,0
4538,4025,0
4555,4037,1
4830,3993,0
4821,3991,0
4809,3991,0
4796,3993,0
4784,3998,0
4783,4005,0
4786,4020,0
4790,4038,0
4800,4061,0
4814,4086,0
4830,4110,0
4840,4122,0
4842,4126,0
4840,4128,0
4822,4139,0
4794,4159,0
4757,4179,0
4718,4192,0
4692,4204,0
4680,4210,0
4675,4208,1
4918,4024,0
4931,4012,0
4936,4000,0
4934,3998,0
4932,4000,0
4932,4005,0
4932,4017,0
4942,4040,0
4952,4053,0
4969,4070,0
4974,4076,0
4975,4080,0
4975,4087,0
4961,4094,0
4927,4104,0
4888,4126,0
4856,4146,0
4836,4159,0
4830,4159,0
4832,4152,0
4850,4141,1
4998,4092,0
5009,4092,0
5034,4095,0
5052,4088,0
5067,4072,0
5081,4053,0
5087,4035,0
5092,4024,0
5091,4020,0
5089,4016,0
5075,4002,0
5069,4002,0
5052,4007,0
5028,4020,0
5008,4048,0
4992,4081,0
4988,4118,0
4991,4148,0
5011,4174,0
5038,4188,0
5067,4192,0
5103,4185,0
5137,4162,0
5166,4126,0
5194,4085,0
5216,4050,0
5228,4025,0
5234,4014,1
5190,4176,0
5192,4179,0
5192,4179,0
5195,4176,0
5194,4160,0
5192,4134,0
5201,4106,0
5210,4075,0
5226,4052,0
5248,4040,0
5260,4032,0
5279,4029,0
5295,4035,0
5308,4052,0
5320,4091,0
5324,4133,0
5332,4166,0
5334,4170,0
5343,4172,0
5362,4157,0
5388,4130,0
5424,4102,0
5453,4075,0
5487,4063,0
5508,4062,0
5527,4070,0
5542,4096,0
5546,4133,0
5544,4178,0
5540,4211,0
5538,4226,0
5545,4225,0
5553,4210,1
5607,3826,0
5611,3828,0
5610,3829,0
5614,3848,0
5614,3874,0
5609,3913,0
5602,3964,0
5592,4020,0
5588,4075,0
5591,4112,0
5598,4124,0
5612,4126,0
5634,4119,0
5653,4102,0
5682,4088,0
5713,4075,0
5736,4066,0
5755,4068,0
5762,4073,0
5768,4091,0
5762,4110,0
5757,4135,0
5745,4155,0
5726,4176,0
5704,4190,0
5686,4193,0
5670,4186,0
5655,4167,0
5642,4133,0
5641,4097,0
5643,4059,0
5658,4029,0
5672,3993,0
5688,3967,0
5701,3933,0
5724,3911,0
5740,3897,0
5745,3897,0
5746,3902,0
5757,3926,0
5756,3947,0
5764,3988,0
5764,4033,0
5766,4087,0
5771,4130,0
5780,4151,0
5800,4157,0
5819,4155,0
5842,4145,0
5865,4137,0
5885,4125,0
5899,4119,0
5912,4123,1
5868,4331,0
5869,4335,0
5883,4338,0
5898,4327,0
5923,4311,0
5947,4287,0
5974,4255,0
6003,4220,0
6025,4193,0
6046,4174,0
6062,4155,0
6075,4138,1
6049,4176,0
6046,4175,0
6036,4168,0
6026,4154,0
6008,4132,0
5991,4109,0
5972,4082,0
5957,4062,1
6384,4255,0
6379,4256,0
6381,4253,0
6382,4251,0
6379,4249,0
6379,4242,0
6377,4233,0
6373,4211,0
6370,4176,1
6372,3971,0
6370,3967,0
6371,3964,0
6372,3964,0
6374,3954,1
6541,4086,0
6536,4085,0
6541,4086,0
6533,4082,0
6525,4086,0
6510,4094,0
6499,4116,0
6488,4138,0
6488,4164,0
6497,4193,0
6510,4221,0
6527,4246,0
6543,4264,0
6549,4277,0
6551,4281,0
6543,4285,0
6527,4299,0
6492,4313,0
6458,4330,0
6425,4340,0
6401,4345,1