it is necessary to limit telling
670
955,1608,0
960,1604,0
960,1604,0
966,1616,0
972,1637,0
977,1666,0
979,1698,0
981,1737,0
979,1778,0
978,1809,0
979,1833,0
979,1838,0
982,1842,1
998,1546,0
988,1542,0
983,1541,0
977,1537,0
977,1541,0
975,1541,0
982,1546,0
992,1542,0
1008,1539,1
1136,1464,0
1134,1468,0
1134,1471,0
1131,1479,0
1131,1500,0
1129,1532,0
1126,1573,0
1125,1628,0
1119,1684,0
1119,1744,0
1119,1776,0
1122,1792,0
1123,1792,0
1122,1788,0
1114,1776,0
1103,1761,0
1093,1749,0
1083,1737,0
1082,1737,0
1083,1737,0
1081,1733,0
1090,1737,0
1105,1737,0
1126,1732,0
1155,1727,0
1188,1721,0
1220,1715,0
1245,1708,0
1268,1705,1
1430,1644,0
1429,1652,0
1427,1669,0
1427,1694,0
1430,1722,0
1433,1750,0
1437,1773,0
1435,1778,0
1437,1778,1
1442,1604,0
1433,1602,0
1429,1603,0
1429,1603,0
1428,1603,1
1631,1654,0
1635,1657,0
1631,1654,0
1626,1652,0
1618,1650,0
1605,1650,0
1597,1657,0
1584,1666,0
1575,1681,0
1570,1696,0
1573,1708,0
1584,1721,0
1599,1729,0
1618,1735,0
1634,1737,0
1651,1744,0
1657,1747,0
1660,1754,0
1658,1763,0
1649,1775,0
1635,1789,0
1618,1799,0
1602,1808,0
1580,1806,0
1563,1802,0
1555,1801,0
1554,1802,0
1554,1797,0
1567,1797,1
1915,1768,0
1907,1768,0
1902,1762,0
1903,1747,0
1915,1728,0
1930,1702,0
1949,1677,0
1969,1651,0
1992,1637,0
2003,1630,0
2012,1633,0
2021,1648,0
2024,1664,0
2031,1689,0
2029,1703,0
2037,1718,0
2043,1722,0
2053,1722,0
2065,1713,0
2084,1702,0
2099,1687,0
2113,1677,0
2120,1667,0
2133,1669,0
2139,1674,0
2148,1687,0
2147,1703,0
2149,1725,0
2152,1742,0
2159,1753,0
2167,1757,0
2176,1756,0
2188,1752,1
2248,1708,0
2251,1711,0
2256,1713,0
2262,1713,0
2274,1708,0
2285,1694,0
2302,1681,0
2311,1664,0
2316,1650,0
2312,1642,0
2299,1637,0
2283,1640,0
2262,1647,0
2246,1664,0
2236,1687,0
2225,1710,0
2225,1736,0
2230,1756,0
2244,1767,0
2266,1770,0
2291,1756,1
2494,1623,0
2483,1622,0
2473,1626,0
2456,1633,0
2437,1645,0
2418,1662,0
2403,1680,0
2393,1700,0
2387,1720,0
2391,1737,0
2405,1746,0
2425,1745,0
2451,1733,1
2531,1682,0
2536,1688,0
2543,1693,0
2557,1695,0
2579,1691,0
2597,1679,0
2618,1664,0
2629,1646,0
2635,1634,0
2636,1628,0
2626,1621,0
2606,1612,0
2593,1614,0
2574,1623,0
2556,1641,0
2541,1672,0
2528,1702,0
2523,1728,0
2530,1749,0
2540,1756,0
2559,1754,0
2582,1744,0
2615,1729,0
2644,1705,1
2797,1590,0
2790,1592,0
2779,1599,0
2761,1613,0
2749,1633,0
2733,1650,0
2733,1669,0
2733,1681,0
2741,1691,0
2759,1700,0
2772,1704,0
2781,1706,0
2787,1711,0
2786,1713,0
2781,1718,0
2762,1726,0
2744,1734,0
2723,1739,0
2704,1741,0
2697,1742,1
2924,1585,0
2922,1587,0
2924,1591,0
2914,1590,0
2905,1596,0
2885,1602,0
2870,1614,0
2856,1631,0
2853,1647,0
2853,1660,0
2863,1672,0
2881,1683,0
2897,1688,0
2918,1695,0
2929,1699,0
2936,1704,0
2936,1710,0
2928,1720,0
2911,1733,0
2890,1746,0
2869,1758,0
2854,1761,0
2849,1755,0
2860,1743,0
2878,1724,1
3074,1631,0
3073,1632,0
3070,1631,0
3069,1631,0
3064,1631,0
3050,1629,0
3042,1635,0
3024,1644,0
3011,1662,0
2999,1683,0
3003,1705,0
3009,1721,0
3028,1731,0
3049,1730,0
3069,1718,0
3088,1699,0
3112,1680,0
3123,1658,0
3140,1643,0
3149,1629,0
3153,1624,0
3160,1628,0
3161,1633,0
3163,1645,0
3165,1663,0
3171,1681,0
3179,1697,0
3192,1706,0
3219,1710,0
3243,1703,0
3269,1689,0
3293,1675,0
3306,1669,0
3315,1671,0
3320,1678,0
3322,1689,0
3326,1704,0
3328,1716,0
3336,1725,0
3344,1727,0
3354,1720,0
3366,1703,0
3387,1684,0
3402,1662,0
3411,1647,0
3416,1640,0
3416,1639,0
3417,1638,0
3424,1636,1
3462,1619,0
3466,1621,0
3465,1621,0
3471,1628,0
3479,1638,0
3491,1648,0
3512,1661,0
3530,1669,0
3549,1669,0
3576,1662,0
3602,1643,0
3633,1619,0
3657,1595,0
3673,1580,0
3677,1575,0
3675,1577,0
3672,1585,0
3653,1600,0
3631,1633,0
3601,1675,0
3570,1726,0
3542,1777,0
3531,1816,0
3526,1836,0
3527,1843,1
4027,1439,0
4024,1416,0
4027,1397,0
4029,1383,0
4030,1380,0
4025,1382,0
4015,1396,0
4006,1427,0
3992,1469,0
3982,1520,0
3969,1575,0
3960,1628,0
3957,1670,0
3952,1696,0
3951,1707,0
3950,1708,0
3950,1708,0
3945,1693,0
3937,1672,0
3928,1655,0
3927,1640,0
3926,1633,0
3927,1632,0
3931,1632,0
3945,1632,0
3968,1631,0
3992,1628,0
4024,1627,0
4051,1626,0
4075,1623,0
4099,1620,0
4110,1614,0
4128,1613,1
4140,1607,0
4136,1605,0
4128,1604,0
4114,1604,0
4102,1611,0
4088,1622,0
4077,1638,0
4075,1660,0
4074,1679,0
4088,1694,0
4106,1703,0
4126,1701,0
4150,1686,0
4180,1662,0
4198,1632,0
4206,1607,0
4201,1588,0
4181,1574,0
4164,1573,0
4140,1585,0
4123,1604,0
4115,1622,0
4126,1636,0
4146,1640,1
4586,1414,0
4583,1411,0
4582,1414,0
4574,1425,0
4570,1448,0
4564,1476,0
4553,1515,0
4544,1561,0
4522,1612,0
4505,1664,0
4490,1706,0
4492,1733,0
4496,1742,1
4666,1599,0
4665,1601,0
4659,1607,0
4660,1626,0
4655,1649,0
4652,1674,0
4658,1703,0
4661,1715,0
4666,1715,1
4698,1530,0
4695,1516,0
4688,1510,0
4683,1511,0
4673,1513,0
4674,1524,0
4673,1536,0
4680,1553,1
4728,1661,0
4727,1672,0
4730,1686,0
4739,1695,0
4748,1694,0
4769,1686,0
4789,1669,0
4813,1652,0
4834,1633,0
4856,1618,0
4872,1611,0
4876,1611,0
4882,1619,0
4886,1631,0
4883,1647,0
4889,1667,0
4893,1680,0
4903,1685,0
4922,1682,0
4939,1669,0
4961,1649,0
4975,1630,0
4985,1618,0
4990,1616,0
4990,1617,0
4994,1628,0
4991,1647,0
4996,1667,0
4997,1688,0
5004,1700,0
5016,1704,0
5031,1697,0
5055,1680,0
5076,1660,0
5098,1645,0
5112,1631,0
5119,1623,0
5123,1625,0
5129,1632,0
5129,1642,0
5132,1657,0
5135,1672,0
5142,1686,0
5149,1692,1
5254,1613,0
5254,1614,0
5255,1622,0
5254,1637,0
5253,1652,0
5256,1669,0
5259,1684,0
5264,1693,0
5268,1692,1
5282,1504,0
5281,1481,0
5272,1469,0
5273,1467,0
5265,1464,0
5265,1464,0
5262,1462,0
5263,1458,1
5402,1383,0
5401,1387,0
5399,1394,0
5407,1411,0
5409,1429,0
5414,1456,0
5412,1490,0
5412,1529,0
5410,1574,0
5403,1621,0
5403,1659,0
5401,1679,0
5407,1684,0
5416,1684,0
5409,1678,0
5404,1671,0
5385,1661,1
5360,1650,0
5356,1648,0
5356,1646,0
5356,1646,0
5362,1642,0
5380,1641,0
5406,1640,0
5435,1640,0
5470,1638,0
5503,1638,0
5530,1635,0
5546,1635,1
5904,1363,0
5901,1372,0
5899,1384,0
5897,1405,0
5897,1435,0
5897,1471,0
5894,1510,0
5894,1554,0
5890,1597,0
5886,1637,0
5880,1669,0
5873,1692,0
5865,1701,0
5865,1703,0
5858,1697,0
5844,1689,0
5832,1674,0
5815,1660,0
5808,1646,0
5808,1633,0
5805,1626,0
5806,1622,0
5812,1619,0
5828,1620,0
5849,1621,0
5869,1623,0
5903,1621,0
5930,1616,0
5964,1609,0
5988,1602,0
6011,1592,0
6028,1580,0
6043,1570,0
6050,1561,0
6042,1557,0
6039,1556,0
6026,1558,0
6013,1561,0
5994,1567,0
5975,1573,0
5960,1582,0
5948,1596,0
5940,1611,0
5934,1628,0
5943,1653,0
5953,1676,0
5981,1693,0
6017,1698,0
6053,1692,1
6160,1681,0
6171,1673,0
6188,1660,0
6197,1641,0
6209,1615,0
6220,1588,0
6232,1561,0
6244,1529,0
6258,1494,0
6271,1462,0
6283,1428,0
6285,1402,0
6280,1384,0
6271,1373,0
6255,1371,0
6237,1379,0
6215,1402,0
6184,1430,0
6157,1470,0
6133,1516,0
6114,1569,0
6113,1615,0
6124,1648,0
6139,1669,0
6160,1681,0
6189,1684,0
6208,1679,0
6232,1667,0
6253,1652,1
6233,1663,0
6240,1664,0
6251,1658,0
6267,1645,0
6291,1619,0
6316,1587,0
6338,1551,0
6365,1511,0
6392,1470,0
6405,1435,0
6411,1406,0
6403,1389,0
6391,1385,0
6370,1392,0
6343,1414,0
6323,1449,0
6306,1486,0
6290,1532,0
6277,1581,0
6276,1626,0
6280,1655,0
6293,1671,0
6310,1669,0
6336,1651,0
6367,1626,1
6450,1568,0
6443,1579,0
6442,1594,0
6442,1611,0
6445,1632,0
6448,1652,0
6456,1667,0
6471,1672,1
6497,1562,0
6493,1543,0
6493,1524,0
6493,1514,0
6493,1512,0
6493,1514,0
6488,1514,0
6493,1512,1
6519,1631,0
6513,1642,0
6520,1646,0
6528,1647,0
6542,1640,0
6567,1625,0
6584,1604,0
6611,1585,0
6634,1572,0
6647,1568,0
6650,1574,0
6659,1586,0
6663,1605,0
6667,1624,0
6671,1640,0
6677,1645,0
6691,1640,0
6712,1626,0
6734,1605,0
6750,1590,0
6759,1585,0
6762,1590,0
6763,1604,0
6766,1622,0
6773,1644,0
6787,1657,0
6802,1660,0
6819,1645,0
6835,1625,1
6937,1548,0
6930,1545,0
6915,1537,0
6903,1535,0
6889,1540,0
6874,1554,0
6857,1570,0
6852,1593,0
6854,1616,0
6862,1637,0
6876,1644,0
6898,1642,0
6917,1626,0
6943,1608,0
6956,1587,0
6963,1577,0
6963,1575,0
6966,1580,0
6960,1591,0
6963,1614,0
6959,1641,0
6964,1673,0
6967,1708,0
6980,1737,0
6990,1761,0
6997,1783,0
6992,1801,0
6983,1816,0
6959,1831,0
6922,1843,0
6887,1848,0
6862,1849,0
6846,1843,0
6839,1828,0
6846,1802,0
6864,1768,0
6900,1726,0
6944,1685,0
6995,1648,0
7042,1625,0
7067,1604,1