With these larger numbers of
544
743,1582,0
748,1636,0
751,1690,0
755,1744,0
762,1795,0
769,1828,0
774,1853,0
778,1867,0
778,1862,0
781,1850,0
786,1811,0
796,1775,0
804,1749,0
809,1730,0
812,1722,0
813,1722,0
815,1743,0
819,1780,0
824,1805,0
833,1831,0
846,1849,0
862,1859,0
875,1857,0
890,1842,0
906,1800,0
919,1741,0
928,1673,0
932,1618,0
932,1577,0
926,1541,0
921,1516,0
916,1499,0
916,1491,1
1049,1636,0
1048,1664,0
1048,1704,0
1046,1749,0
1042,1789,0
1040,1821,0
1041,1844,0
1042,1856,0
1043,1865,1
1064,1541,0
1063,1532,0
1064,1529,0
1064,1529,0
1065,1529,1
1223,1481,0
1184,1517,0
1184,1573,0
1184,1637,0
1216,1698,0
1220,1747,0
1217,1787,0
1209,1820,0
1206,1844,1
1131,1720,0
1139,1716,0
1159,1715,0
1181,1705,0
1205,1691,0
1227,1678,0
1245,1660,0
1257,1631,0
1271,1604,1
1315,1533,0
1307,1558,0
1302,1600,0
1295,1657,0
1294,1722,0
1300,1782,0
1305,1826,0
1312,1853,0
1317,1865,0
1322,1864,0
1332,1854,0
1345,1824,0
1360,1777,0
1376,1741,0
1389,1722,0
1401,1712,0
1414,1713,0
1422,1719,0
1432,1746,0
1433,1771,0
1438,1802,0
1445,1825,0
1453,1843,0
1462,1854,0
1475,1860,1
1891,1469,0
1892,1510,0
1899,1568,0
1895,1625,0
1895,1684,0
1889,1732,0
1888,1778,0
1887,1818,0
1886,1850,0
1882,1870,0
1882,1882,0
1880,1883,0
1874,1874,1
1786,1715,0
1786,1707,0
1802,1700,0
1819,1687,0
1843,1680,0
1871,1674,0
1898,1664,0
1925,1653,0
1944,1638,1
1967,1442,0
1969,1442,0
1969,1446,0
1971,1464,0
1968,1495,0
1971,1541,0
1974,1597,0
1978,1651,0
1981,1700,0
1978,1739,0
1979,1774,0
1978,1797,0
1977,1807,0
1978,1807,0
1978,1798,0
1982,1773,0
1990,1741,0
1997,1709,0
2012,1686,0
2025,1673,0
2036,1667,0
2038,1669,0
2041,1686,0
2036,1713,0
2034,1751,0
2036,1788,0
2049,1817,0
2069,1838,0
2089,1845,0
2118,1842,0
2151,1826,0
2178,1793,0
2198,1754,0
2213,1720,0
2215,1688,0
2217,1667,0
2212,1656,0
2205,1655,0
2204,1667,0
2191,1681,0
2182,1707,0
2183,1742,0
2184,1774,0
2195,1805,0
2213,1831,0
2236,1850,0
2258,1855,0
2285,1855,0
2305,1845,1
2415,1685,0
2412,1672,0
2405,1662,0
2386,1657,0
2357,1657,0
2332,1667,0
2307,1682,0
2282,1698,0
2273,1720,0
2270,1737,0
2281,1754,0
2309,1773,0
2346,1789,0
2391,1805,0
2429,1821,0
2457,1833,0
2462,1840,0
2459,1847,0
2435,1851,0
2403,1856,0
2376,1862,0
2348,1863,0
2326,1860,0
2312,1855,0
2314,1849,1
2480,1782,0
2485,1778,0
2501,1770,0
2527,1756,0
2554,1738,0
2590,1703,0
2608,1679,0
2603,1679,0
2602,1669,0
2591,1663,0
2574,1668,0
2552,1683,0
2531,1705,0
2523,1734,0
2521,1763,0
2528,1788,0
2545,1810,0
2576,1826,0
2618,1836,0
2659,1836,0
2704,1832,1
2929,1491,0
2935,1496,0
2933,1513,0
2932,1546,0
2929,1590,0
2933,1638,0
2929,1681,0
2938,1725,0
2948,1764,0
2950,1793,0
2960,1817,0
2969,1832,0
2977,1841,1
3112,1752,0
3121,1735,0
3126,1715,0
3127,1693,0
3122,1674,0
3107,1660,0
3091,1655,0
3073,1660,0
3049,1677,0
3028,1705,0
3018,1737,0
3021,1765,0
3029,1786,0
3046,1797,0
3071,1803,0
3096,1798,0
3114,1783,0
3170,1802,0
3197,1820,0
3208,1818,0
3245,1784,0
3244,1792,0
3246,1795,0
3276,1679,0
3292,1662,0
3309,1650,0
3323,1645,0
3337,1645,0
3341,1645,0
3340,1648,0
3339,1656,0
3336,1669,1
3425,1758,0
3429,1751,0
3433,1738,0
3431,1719,0
3427,1698,0
3419,1680,0
3408,1667,0
3392,1662,0
3379,1668,0
3359,1684,0
3350,1711,0
3343,1737,0
3346,1759,0
3362,1778,0
3377,1786,0
3395,1788,0
3415,1780,0
3430,1764,0
3445,1742,0
3459,1721,0
3460,1705,0
3460,1698,0
3456,1697,0
3455,1705,0
3450,1727,0
3454,1766,0
3447,1804,0
3460,1849,0
3470,1888,0
3479,1917,0
3490,1943,0
3490,1956,0
3481,1961,0
3474,1964,1
3508,1755,0
3505,1753,0
3509,1754,0
3515,1752,0
3532,1749,0
3556,1742,0
3581,1730,0
3604,1718,0
3617,1703,0
3628,1692,0
3622,1679,0
3608,1671,0
3590,1671,0
3563,1677,0
3540,1691,0
3520,1708,0
3504,1725,0
3506,1744,0
3518,1762,0
3543,1775,0
3580,1785,0
3624,1790,0
3662,1789,0
3692,1788,0
3708,1784,0
3722,1785,0
3723,1784,0
3716,1779,0
3713,1775,0
3707,1770,0
3695,1759,0
3692,1748,0
3694,1731,0
3697,1709,0
3711,1692,0
3725,1677,0
3744,1667,1
4085,1746,0
4075,1720,0
4075,1693,0
4080,1665,0
4094,1637,0
4117,1617,0
4135,1606,0
4155,1603,0
4175,1607,0
4191,1621,0
4203,1643,0
4210,1672,0
4217,1704,0
4221,1732,0
4221,1759,0
4216,1778,0
4214,1792,0
4217,1802,1
4301,1660,0
4300,1650,0
4297,1648,0
4287,1649,0
4285,1666,0
4276,1693,0
4271,1722,0
4278,1751,0
4285,1774,0
4301,1788,0
4316,1792,0
4321,1784,0
4341,1771,0
4362,1744,0
4382,1713,0
4394,1687,0
4404,1674,0
4403,1664,0
4404,1664,0
4406,1671,0
4398,1687,0
4396,1712,0
4396,1738,0
4399,1761,0
4404,1777,0
4412,1789,0
4418,1794,0
4432,1793,0
4437,1782,1
4493,1661,0
4490,1667,0
4486,1686,0
4478,1713,0
4483,1740,0
4473,1755,0
4472,1764,0
4476,1768,0
4481,1765,0
4491,1752,0
4508,1727,0
4518,1694,0
4524,1670,0
4537,1660,0
4543,1656,0
4554,1662,0
4555,1679,0
4558,1704,0
4555,1728,0
4555,1747,0
4563,1759,0
4570,1763,0
4576,1761,0
4590,1748,0
4594,1720,0
4608,1688,0
4623,1664,0
4631,1652,0
4637,1648,0
4645,1652,0
4644,1664,0
4655,1690,0
4655,1720,0
4660,1749,0
4663,1771,0
4673,1788,0
4683,1795,0
4695,1797,0
4707,1791,0
4710,1772,0
4722,1746,1
4773,1498,0
4754,1492,0
4752,1497,0
4749,1517,0
4746,1549,0
4738,1592,0
4733,1638,0
4738,1688,0
4743,1727,0
4756,1757,0
4782,1778,0
4804,1788,0
4830,1790,0
4847,1780,0
4854,1762,0
4851,1739,0
4843,1715,0
4828,1699,0
4808,1687,0
4784,1681,0
4764,1677,0
4752,1677,0
4747,1676,0
4751,1678,0
4774,1686,1
4912,1738,0
4914,1734,0
4925,1725,0
4936,1710,0
4954,1698,0
4965,1679,0
4975,1665,0
4971,1654,0
4957,1645,0
4936,1645,0
4911,1653,0
4888,1669,0
4875,1691,0
4879,1712,0
4884,1732,0
4899,1749,0
4932,1762,0
4976,1771,0
5023,1773,0
5063,1770,0
5095,1766,0
5110,1761,0
5112,1755,0
5108,1743,0
5105,1729,0
5095,1710,0
5088,1693,0
5082,1677,0
5079,1662,0
5084,1650,0
5092,1640,0
5103,1633,0
5116,1631,1
5269,1654,0
5254,1651,0
5236,1652,0
5210,1652,0
5192,1658,0
5173,1663,0
5166,1672,0
5174,1681,0
5187,1693,0
5214,1703,0
5252,1715,0
5289,1728,0
5315,1742,0
5328,1749,0
5323,1754,0
5303,1759,0
5272,1761,0
5245,1765,0
5215,1766,0
5204,1770,0
5206,1768,0
5219,1767,0
5254,1766,0
5294,1763,0
5333,1760,1
5680,1678,0
5665,1669,0
5653,1669,0
5630,1677,0
5598,1693,0
5561,1714,0
5537,1737,0
5522,1756,0
5521,1768,0
5540,1777,0
5570,1776,0
5604,1763,0
5643,1748,0
5644,1720,0
5660,1701,0
5662,1680,0
5651,1664,0
5632,1656,0
5611,1655,0
5590,1657,0
5566,1664,0
5562,1677,0
5561,1691,0
5574,1703,0
5598,1709,1
5929,1547,0
5919,1537,0
5911,1535,0
5897,1542,0
5876,1556,0
5865,1583,0
5846,1617,0
5834,1656,0
5825,1695,0
5827,1729,0
5831,1757,0
5836,1778,0
5836,1790,0
5834,1795,0
5838,1798,0
5834,1796,0
5824,1790,1
5790,1740,0
5800,1736,0
5818,1729,0
5846,1722,0
5862,1713,0
5892,1712,0
5921,1711,0
5947,1710,1