formulae diagrams, and
893
342,4210,0
337,4221,0
340,4226,0
345,4231,0
355,4232,0
370,4223,0
390,4215,0
413,4194,0
440,4166,0
467,4138,0
492,4105,0
515,4068,0
531,4038,0
538,4003,0
537,3974,0
526,3948,0
509,3934,0
487,3930,0
465,3931,0
444,3940,0
426,3961,0
411,3991,0
401,4029,0
396,4081,0
397,4143,0
401,4208,0
405,4273,0
410,4335,0
415,4388,0
419,4430,0
425,4463,0
431,4480,0
436,4489,0
439,4493,0
439,4490,0
439,4477,0
433,4456,0
427,4435,0
417,4413,0
405,4386,0
392,4361,1
314,4306,0
313,4307,0
317,4307,0
334,4306,0
359,4302,0
388,4291,0
418,4280,0
453,4268,0
486,4261,0
513,4249,0
542,4241,0
566,4228,1
683,4169,0
684,4169,0
685,4169,0
684,4169,0
683,4169,0
683,4169,0
683,4169,0
684,4169,0
684,4169,0
685,4169,0
684,4169,0
685,4169,0
685,4173,0
684,4169,0
684,4169,0
684,4169,0
684,4169,0
684,4169,0
685,4173,0
685,4169,0
685,4169,0
685,4169,0
685,4169,0
685,4173,0
685,4173,0
685,4169,0
685,4173,0
685,4169,0
685,4169,0
685,4173,0
685,4169,0
685,4169,0
685,4169,0
685,4173,0
685,4169,0
685,4173,0
685,4169,0
685,4173,0
685,4169,0
685,4169,0
685,4169,0
684,4169,0
684,4169,0
682,4169,0
680,4164,0
675,4168,0
670,4167,0
664,4171,0
658,4174,0
651,4174,0
645,4177,0
641,4184,0
637,4192,0
636,4200,0
635,4208,0
637,4221,0
639,4233,0
644,4245,0
651,4258,0
661,4267,0
674,4277,0
690,4286,0
709,4292,0
728,4293,0
748,4287,0
769,4277,0
788,4266,0
798,4246,0
803,4235,0
802,4211,0
797,4195,0
784,4177,0
767,4161,0
748,4147,0
728,4145,0
707,4143,0
688,4145,0
673,4152,0
665,4159,0
666,4163,0
674,4172,0
689,4177,0
710,4176,0
736,4174,0
767,4169,0
801,4159,0
827,4145,0
850,4142,0
868,4139,0
880,4139,0
887,4143,0
890,4156,0
893,4176,0
892,4200,0
892,4224,0
892,4249,0
891,4268,0
892,4288,0
893,4292,0
895,4297,0
895,4289,0
895,4276,0
894,4252,0
892,4228,0
892,4192,0
892,4164,0
897,4140,0
904,4121,0
913,4102,0
926,4093,0
941,4087,0
956,4082,0
972,4082,0
989,4095,0
1001,4112,0
1011,4128,0
1018,4144,0
1020,4168,0
1021,4188,0
1020,4216,0
1020,4232,0
1018,4252,0
1018,4268,0
1018,4275,0
1018,4280,0
1018,4280,0
1018,4276,0
1020,4276,0
1020,4272,0
1020,4273,0
1020,4272,0
1020,4272,0
1020,4268,0
1020,4268,0
1021,4272,0
1021,4272,0
1021,4272,0
1021,4272,0
1021,4272,0
1021,4272,0
1023,4272,0
1022,4268,0
1021,4256,0
1022,4244,0
1025,4232,0
1030,4212,0
1035,4188,0
1044,4164,0
1056,4144,0
1068,4124,0
1081,4104,0
1095,4089,0
1108,4080,0
1118,4080,0
1126,4084,0
1131,4092,0
1136,4108,0
1138,4132,0
1138,4160,0
1138,4184,0
1134,4208,0
1131,4228,0
1129,4240,0
1129,4244,0
1131,4244,0
1132,4236,0
1135,4225,0
1140,4204,0
1146,4176,0
1157,4152,0
1168,4119,0
1184,4095,0
1200,4075,0
1216,4058,0
1229,4046,0
1234,4045,0
1237,4049,0
1240,4065,0
1239,4085,0
1236,4109,0
1235,4133,0
1235,4165,0
1238,4189,0
1245,4210,0
1256,4221,0
1268,4225,0
1282,4227,0
1298,4215,0
1316,4198,0
1334,4172,0
1352,4143,0
1370,4114,0
1387,4089,0
1400,4067,0
1409,4055,0
1413,4046,0
1413,4050,0
1410,4054,0
1408,4070,0
1403,4095,0
1399,4123,0
1397,4152,0
1399,4176,0
1403,4196,0
1412,4210,0
1425,4217,0
1439,4216,0
1457,4215,0
1476,4197,0
1499,4179,0
1521,4152,0
1542,4126,0
1563,4103,0
1579,4076,0
1590,4055,0
1602,4041,0
1607,4036,0
1607,4036,0
1605,4037,0
1603,4041,0
1601,4054,0
1597,4066,0
1597,4087,0
1591,4104,0
1592,4123,0
1591,4139,0
1591,4156,0
1588,4173,0
1591,4184,0
1594,4191,0
1600,4195,0
1599,4203,0
1606,4206,0
1607,4207,0
1607,4206,0
1607,4203,0
1606,4202,0
1607,4206,0
1607,4206,0
1607,4206,0
1607,4206,0
1607,4206,0
1607,4206,0
1609,4206,0
1607,4202,0
1606,4206,0
1612,4205,0
1614,4205,0
1615,4201,0
1618,4201,0
1620,4196,0
1626,4196,0
1631,4195,0
1638,4190,0
1645,4185,0
1654,4179,0
1665,4174,0
1676,4164,0
1687,4150,0
1703,4144,0
1718,4129,0
1734,4118,0
1751,4104,0
1766,4085,0
1781,4066,0
1793,4043,0
1803,4022,0
1810,3999,0
1816,3982,0
1816,3962,0
1812,3942,0
1808,3930,0
1800,3920,0
1790,3910,0
1782,3911,0
1772,3917,0
1762,3927,0
1754,3941,0
1746,3959,0
1739,3980,0
1734,4005,0
1732,4034,0
1732,4062,0
1733,4090,0
1734,4114,0
1739,4142,0
1743,4162,0
1749,4176,0
1755,4188,0
1761,4195,0
1768,4198,0
1777,4200,0
1785,4199,0
1796,4193,0
1808,4184,0
1821,4168,0
1838,4161,0
1857,4149,0
1878,4140,0
1900,4128,0
1928,4123,0
1954,4113,0
1978,4103,0
1997,4094,0
2013,4087,0
2025,4084,0
2029,4079,0
2028,4080,0
2024,4076,0
2021,4077,0
2019,4077,0
2017,4077,0
2017,4074,0
2018,4077,0
2019,4077,0
2019,4077,0
2019,4077,0
2017,4077,0
2018,4077,0
2019,4077,0
2019,4077,0
2019,4077,0
2018,4077,0
2019,4081,0
2017,4077,0
2014,4082,0
2005,4081,0
1995,4083,0
1982,4090,0
1966,4097,0
1949,4106,0
1932,4117,0
1918,4129,0
1908,4147,0
1901,4161,0
1899,4169,0
1904,4185,0
1911,4191,0
1922,4201,0
1935,4203,0
1952,4208,0
1969,4203,0
1985,4196,0
2001,4184,0
2018,4167,0
2031,4148,0
2041,4126,0
2046,4104,0
2048,4082,0
2048,4070,0
2047,4066,0
2045,4067,0
2043,4071,0
2042,4088,0
2043,4109,0
2046,4133,0
2054,4159,0
2063,4181,0
2083,4205,0
2108,4216,0
2139,4225,0
2175,4220,0
2215,4208,0
2253,4188,0
2287,4167,0
2315,4140,0
2335,4113,0
2344,4090,0
2342,4069,0
2330,4052,0
2315,4048,0
2289,4044,0
2265,4051,0
2244,4066,0
2228,4087,0
2217,4112,0
2219,4136,0
2234,4165,0
2260,4191,0
2295,4210,0
2335,4222,0
2382,4229,0
2431,4238,0
2476,4235,0
2517,4234,1
3015,4036,0
3016,4031,0
3015,4022,0
3010,4015,0
2999,4003,0
2984,3998,0
2961,3991,0
2937,3993,0
2906,3995,0
2878,4009,0
2849,4030,0
2825,4055,0
2808,4089,0
2797,4115,0
2796,4142,0
2802,4161,0
2813,4173,0
2833,4186,0
2854,4186,0
2880,4184,0
2903,4173,0
2925,4154,0
2948,4130,0
2963,4092,0
2979,4052,0
2992,4007,0
3008,3962,0
3019,3911,0
3034,3868,0
3043,3826,0
3049,3793,0
3057,3774,0
3056,3766,0
3053,3767,0
3052,3773,0
3045,3800,0
3041,3841,0
3032,3887,0
3031,3946,0
3030,4001,0
3033,4049,0
3045,4092,0
3059,4121,0
3078,4138,0
3105,4147,0
3133,4141,0
3159,4123,0
3188,4099,0
3210,4064,0
3232,4034,0
3249,4011,0
3258,3992,0
3259,3982,0
3259,3982,0
3259,3991,0
3257,3997,0
3251,4019,0
3249,4048,0
3247,4075,0
3255,4108,0
3264,4126,0
3291,4147,0
3316,4156,0
3344,4155,0
3366,4137,0
3390,4114,0
3404,4082,0
3409,4047,1
3285,3785,0
3281,3788,0
3281,3788,0
3285,3795,0
3291,3810,1
3508,4023,0
3522,4029,0
3527,4025,0
3525,4022,0
3515,4015,0
3498,4011,0
3476,4006,0
3445,4001,0
3421,4007,0
3397,4017,0
3378,4028,0
3366,4049,0
3362,4070,0
3366,4091,0
3379,4111,0
3395,4125,0
3416,4131,0
3438,4132,0
3460,4124,0
3474,4105,0
3491,4086,0
3500,4061,0
3504,4036,0
3503,4017,0
3499,4005,0
3496,4003,0
3493,4004,0
3494,4009,0
3496,4027,0
3502,4051,0
3510,4074,0
3520,4096,0
3535,4115,0
3554,4131,0
3574,4138,0
3597,4138,0
3621,4133,1
3765,4011,0
3759,4002,0
3755,3994,0
3742,3983,0
3723,3978,0
3696,3971,0
3671,3979,0
3643,3989,0
3618,4010,0
3604,4034,0
3595,4054,0
3597,4071,0
3610,4087,0
3629,4094,0
3652,4093,0
3674,4083,0
3694,4065,0
3711,4044,0
3725,4020,0
3731,3995,0
3734,3980,0
3732,3976,0
3733,3981,0
3734,3990,0
3735,4018,0
3740,4053,0
3746,4098,0
3756,4197,0
3754,4246,0
3749,4292,0
3737,4333,0
3719,4368,0
3695,4392,0
3644,4401,0
3631,4390,0
3625,4374,0
3629,4348,0
3641,4317,0
3664,4280,0
3691,4239,0
3724,4199,0
3757,4157,0
3793,4118,0
3830,4083,0
3865,4054,0
3895,4032,0
3921,4023,0
3938,4024,0
3955,4037,0
3962,4057,0
3966,4079,0
3964,4101,0
3958,4119,0
3957,4135,0
3954,4137,0
3954,4137,0
3951,4119,0
3951,4089,0
3949,4056,0
3947,4023,0
3946,3994,0
3948,3968,0
3957,3947,0
3969,3927,0
3990,3911,0
4061,3901,0
4099,3900,0
4138,3905,0
4172,3909,0
4193,3916,0
4210,3924,0
4210,3928,0
4208,3930,0
4195,3936,0
4179,3943,0
4158,3950,0
4139,3961,0
4118,3972,0
4102,3991,0
4083,4005,0
4075,4026,0
4073,4048,0
4078,4070,0
4089,4092,0
4100,4109,0
4110,4116,0
4123,4126,0
4131,4125,0
4140,4123,0
4150,4116,0
4159,4098,0
4169,4075,0
4179,4046,0
4188,4014,0
4198,3985,0
4206,3957,0
4208,3935,0
4210,3924,0
4205,3917,0
4204,3918,0
4203,3923,0
4201,3935,0
4200,3958,0
4203,3986,0
4205,4015,0
4210,4047,0
4220,4075,0
4236,4093,0
4254,4105,0
4275,4107,0
4302,4102,0
4335,4085,0
4362,4061,0
4389,4033,0
4415,4006,0
4435,3983,0
4452,3969,0
4456,3959,0
4455,3960,0
4451,3964,0
4452,3984,0
4445,4007,0
4443,4034,0
4441,4063,0
4441,4089,0
4446,4106,0
4453,4116,0
4461,4120,0
4476,4102,0
4491,4078,0
4509,4052,0
4532,4026,0
4553,4001,0
4577,3985,0
4596,3973,0
4610,3971,0
4616,3976,0
4620,3989,0
4620,4010,0
4613,4033,0
4611,4062,0
4608,4081,0
4609,4096,0
4612,4104,0
4630,4105,0
4644,4092,0
4666,4072,0
4688,4045,0
4710,4020,0
4737,3999,0
4760,3978,0
4783,3966,0
4796,3959,0
4803,3957,0
4804,3962,0
4803,3974,0
4798,3996,0
4792,4019,0
4791,4041,0
4787,4063,0
4787,4079,0
4798,4091,0
4809,4097,0
4821,4108,0
4833,4106,0
4853,4099,0
4873,4091,0
4896,4079,0
4919,4063,0
4943,4045,0
4969,4024,0
4991,4007,0
5009,3989,0
5031,3978,0
5042,3973,0
5055,3970,0
5060,3970,0
5069,3978,0
5072,3992,0
5084,4010,0
5091,4026,0
5096,4048,0
5098,4070,0
5099,4085,0
5088,4097,0
5079,4113,0
5059,4121,0
5038,4125,0
5012,4128,0
4997,4127,0
4985,4127,0
4985,4127,0
4982,4124,0
4987,4125,0
4989,4123,0
4990,4122,0
4990,4123,0
4987,4125,0
4987,4126,0
4987,4125,0
4990,4128,0
4985,4127,0
4984,4123,1
5246,4099,0
5248,4104,0
5248,4109,0
5250,4125,0
5250,4143,0
5245,4171,0
5237,4202,0
5233,4234,0
5227,4258,1
5656,4037,0
5656,4031,0
5657,4024,0
5657,4018,0
5650,4007,0
5637,3997,0
5619,3988,0
5602,3984,0
5576,3983,0
5549,3991,0
5517,4003,0
5485,4022,0
5465,4045,0
5447,4071,0
5443,4093,0
5448,4111,0
5461,4121,0
5484,4130,0
5513,4128,0
5542,4121,0
5573,4109,0
5598,4087,0
5617,4063,0
5636,4041,0
5645,4019,0
5646,4006,0
5648,4003,0
5647,4004,0
5649,4007,0
5646,4017,0
5646,4043,0
5653,4072,0
5660,4094,0
5679,4115,0
5692,4130,0
5714,4135,0
5735,4135,0
5764,4126,0
5794,4103,0
5822,4075,0
5849,4049,0
5873,4033,0
5888,4020,0
5896,4017,0
5896,4017,0
5897,4029,0
5893,4052,0
5882,4077,0
5875,4105,0
5869,4126,0
5865,4137,0
5866,4141,0
5866,4141,0
5868,4134,0
5879,4113,0
5896,4086,0
5919,4057,0
5942,4036,0
5967,4010,0
5991,3992,0
6013,3977,0
6027,3972,0
6028,3971,0
6027,3978,0
6020,4002,0
6013,4029,0
5997,4056,0
5986,4082,0
5986,4102,0
5985,4116,0
5991,4128,0
6002,4133,0
6016,4135,0
6032,4133,0
6053,4127,0
6076,4118,0
6102,4105,0
6126,4092,0
6153,4078,0
6178,4064,0
6208,4051,0
6233,4037,0
6259,4030,0
6284,4023,0
6307,4020,0
6329,4017,0
6343,4016,0
6342,4012,0
6346,4014,0
6341,4013,0
6341,4015,0
6328,4010,0
6312,4012,0
6294,4016,0
6267,4019,0
6243,4032,0
6218,4046,0
6198,4065,0
6179,4083,0
6177,4105,0
6176,4120,0
6184,4134,0
6198,4143,0
6214,4148,0
6230,4147,0
6251,4141,0
6271,4128,0
6292,4106,0
6312,4073,0
6334,4036,0
6357,3998,0
6375,3954,0
6392,3915,0
6407,3879,0
6417,3845,0
6425,3825,0
6429,3813,0
6425,3811,0
6424,3812,0
6421,3824,0
6410,3855,0
6394,3892,0
6379,3940,0
6367,3991,0
6358,4044,0
6362,4094,0
6377,4139,0
6405,4175,0
6443,4205,0
6488,4225,0
6531,4242,0
6561,4248,0
6590,4249,1