forecast in middle latitudes
759
1221,2613,0
1222,2616,0
1220,2613,0
1220,2608,0
1223,2601,0
1228,2592,0
1230,2580,0
1231,2564,0
1231,2552,0
1227,2540,0
1220,2533,0
1211,2525,0
1201,2522,0
1192,2522,0
1180,2526,0
1174,2543,0
1165,2560,0
1160,2584,0
1152,2615,0
1138,2656,0
1117,2701,0
1093,2760,0
1064,2825,0
1037,2881,0
1014,2940,0
992,2987,0
977,3023,0
970,3042,0
968,3042,0
970,3043,0
977,3027,0
990,2999,0
1005,2963,1
1066,2761,0
1065,2765,0
1061,2765,0
1056,2761,0
1052,2765,0
1052,2768,0
1054,2773,0
1061,2777,0
1077,2777,0
1096,2769,0
1117,2760,0
1141,2756,0
1166,2747,0
1194,2746,0
1218,2741,0
1238,2740,0
1254,2739,1
1303,2767,0
1309,2762,0
1313,2754,0
1312,2750,0
1307,2747,0
1299,2740,0
1290,2740,0
1278,2741,0
1263,2750,0
1243,2767,0
1228,2792,0
1222,2808,0
1225,2825,0
1235,2828,0
1253,2831,0
1276,2822,0
1298,2803,0
1311,2790,0
1317,2782,0
1316,2774,0
1307,2767,0
1300,2763,0
1293,2764,0
1292,2777,0
1294,2784,1
1395,2765,0
1394,2765,0
1393,2766,0
1389,2762,0
1391,2770,0
1387,2786,0
1380,2807,0
1380,2823,0
1377,2828,0
1377,2828,0
1378,2828,0
1376,2820,0
1375,2804,0
1381,2784,0
1394,2758,0
1411,2736,0
1425,2721,0
1437,2719,0
1443,2719,0
1447,2723,0
1453,2734,0
1461,2741,0
1474,2746,0
1485,2749,0
1492,2748,1
1531,2782,0
1529,2782,0
1529,2783,0
1531,2786,0
1537,2789,0
1546,2787,0
1564,2789,0
1580,2781,0
1595,2774,0
1608,2767,0
1614,2754,0
1621,2744,0
1625,2735,0
1621,2724,0
1611,2718,0
1593,2721,0
1573,2738,0
1548,2758,0
1524,2787,0
1505,2811,0
1498,2832,0
1498,2840,0
1514,2846,0
1545,2840,0
1583,2829,1
1802,2783,0
1802,2779,0
1796,2767,0
1794,2764,0
1788,2758,0
1778,2752,0
1766,2750,0
1750,2751,0
1729,2761,0
1705,2779,0
1681,2793,0
1668,2812,0
1662,2822,0
1667,2832,0
1682,2837,0
1708,2840,0
1734,2837,0
1759,2836,0
1778,2831,0
1794,2826,0
1809,2818,1
1924,2809,0
1923,2796,0
1923,2788,0
1920,2784,0
1913,2779,0
1906,2773,0
1902,2770,0
1900,2771,0
1894,2768,0
1884,2776,0
1869,2796,0
1855,2817,0
1849,2832,0
1852,2843,0
1860,2849,0
1874,2845,0
1895,2831,0
1916,2815,0
1932,2799,0
1941,2782,0
1943,2777,0
1942,2774,0
1942,2774,0
1941,2774,0
1937,2787,0
1928,2808,0
1924,2826,0
1920,2840,0
1921,2847,1
2055,2789,0
2058,2784,0
2061,2774,0
2065,2769,0
2063,2761,0
2055,2755,0
2045,2755,0
2031,2755,0
2018,2760,0
2007,2768,0
1999,2775,0
1993,2782,0
1988,2792,0
1988,2804,0
1990,2812,0
2002,2821,0
2024,2830,0
2047,2835,0
2067,2840,0
2084,2843,0
2101,2853,0
2106,2856,0
2108,2859,0
2103,2865,0
2089,2870,0
2072,2872,0
2051,2876,0
2030,2883,0
2007,2883,0
1999,2885,0
1999,2885,0
2000,2885,0
2010,2885,1
2289,2609,0
2289,2610,0
2288,2610,0
2287,2610,0
2286,2620,0
2281,2632,0
2275,2652,0
2262,2676,0
2243,2707,0
2220,2743,0
2196,2784,0
2175,2824,0
2159,2861,0
2154,2888,0
2157,2904,0
2172,2916,0
2188,2918,0
2205,2915,0
2217,2906,0
2229,2901,0
2240,2896,0
2248,2888,0
2253,2878,0
2255,2869,0
2248,2858,1
2193,2816,0
2190,2813,0
2190,2813,0
2190,2813,0
2190,2813,0
2190,2813,0
2197,2815,0
2207,2810,0
2224,2808,0
2242,2803,0
2267,2797,0
2294,2785,0
2323,2767,1
2686,2806,0
2684,2803,0
2686,2806,0
2685,2807,0
2683,2808,0
2675,2813,0
2661,2830,0
2644,2854,0
2632,2884,0
2619,2906,0
2613,2932,0
2605,2950,0
2608,2967,0
2613,2972,0
2624,2972,0
2643,2961,0
2663,2941,1
2733,2629,0
2732,2625,0
2736,2622,0
2735,2619,0
2735,2619,0
2736,2622,0
2732,2620,0
2733,2634,0
2729,2642,1
2786,2833,0
2783,2831,0
2779,2828,0
2775,2830,0
2770,2839,0
2762,2858,0
2750,2879,0
2739,2900,0
2731,2924,0
2724,2943,0
2720,2949,0
2724,2951,0
2730,2948,0
2748,2933,0
2764,2904,0
2785,2877,0
2806,2849,0
2829,2835,0
2842,2826,0
2850,2825,0
2855,2831,0
2858,2844,0
2859,2867,0
2850,2897,0
2835,2930,0
2824,2951,0
2825,2960,0
2835,2963,0
2854,2957,1
3279,2856,0
3277,2857,0
3277,2857,0
3276,2858,0
3276,2859,0
3274,2860,0
3274,2865,0
3274,2871,0
3270,2878,0
3265,2897,0
3255,2926,0
3236,2956,0
3221,2989,0
3211,3011,0
3206,3015,0
3206,3015,0
3211,3011,0
3221,2993,0
3230,2971,0
3240,2948,0
3249,2921,0
3262,2895,0
3277,2873,0
3294,2854,0
3313,2844,0
3327,2837,0
3337,2834,0
3347,2841,0
3352,2853,0
3347,2872,0
3337,2897,0
3321,2919,0
3309,2934,0
3307,2942,0
3305,2942,0
3309,2940,0
3322,2929,0
3337,2907,0
3357,2885,0
3378,2867,0
3399,2854,0
3415,2845,0
3424,2844,0
3432,2852,0
3431,2869,0
3425,2890,0
3416,2919,0
3402,2951,0
3388,2978,0
3385,2997,0
3387,3004,0
3394,3005,0
3407,2999,1
3524,2893,0
3520,2891,0
3517,2889,0
3520,2891,0
3520,2892,0
3521,2896,0
3518,2900,0
3510,2917,0
3499,2942,0
3488,2967,0
3480,2991,0
3479,3001,0
3480,3001,1
3617,2724,0
3612,2717,0
3607,2717,0
3604,2720,0
3595,2735,1
3704,2924,0
3701,2915,0
3697,2902,0
3694,2894,0
3687,2885,0
3679,2881,0
3662,2881,0
3645,2891,0
3625,2910,0
3604,2934,0
3588,2960,0
3585,2984,0
3587,2999,0
3598,3004,0
3614,3001,0
3640,2988,0
3663,2962,0
3689,2932,0
3714,2902,0
3737,2864,0
3757,2821,0
3783,2783,0
3798,2749,0
3808,2728,0
3808,2722,0
3808,2722,0
3781,2750,0
3766,2789,0
3748,2836,0
3725,2891,0
3707,2936,0
3699,2967,0
3706,2987,0
3716,2994,0
3731,2986,0
3751,2967,1
3868,2931,0
3872,2927,0
3872,2922,0
3865,2912,0
3859,2906,0
3846,2902,0
3832,2899,0
3819,2901,0
3800,2908,0
3779,2922,0
3769,2944,0
3764,2960,0
3771,2970,0
3785,2978,0
3802,2979,0
3821,2971,0
3844,2960,0
3865,2945,0
3880,2919,0
3902,2890,0
3913,2849,0
3927,2817,0
3933,2786,0
3945,2762,0
3950,2745,0
3950,2738,0
3952,2737,0
3950,2745,0
3942,2770,0
3933,2811,0
3918,2856,0
3901,2902,0
3887,2941,0
3881,2963,0
3886,2975,0
3894,2978,0
3908,2970,1
4087,2702,0
4089,2700,0
4091,2704,0
4087,2715,0
4076,2734,0
4065,2759,0
4051,2793,0
4032,2833,0
4003,2877,0
3987,2922,0
3976,2957,0
3976,2985,0
3976,2997,0
3984,3006,0
3998,3008,0
4015,3003,0
4034,2989,1
4051,2936,0
4050,2937,0
4048,2938,0
4048,2945,0
4051,2953,0
4053,2956,0
4064,2963,0
4077,2966,0
4095,2965,0
4121,2961,0
4140,2951,0
4160,2941,0
4186,2918,0
4188,2904,0
4188,2898,0
4183,2892,0
4174,2890,0
4154,2894,0
4131,2914,0
4105,2943,0
4082,2967,0
4081,2992,0
4081,3009,0
4099,3025,0
4125,3033,0
4154,3031,0
4187,3025,0
4222,3017,1
4677,2641,0
4673,2646,0
4673,2654,0
4670,2665,0
4659,2680,0
4652,2704,0
4634,2736,0
4579,2830,0
4551,2887,0
4528,2941,0
4507,2986,0
4503,3016,0
4508,3029,0
4522,3036,0
4541,3033,0
4569,3023,1
4828,2892,0
4825,2889,0
4823,2885,0
4818,2878,0
4811,2873,0
4804,2870,0
4792,2867,0
4775,2868,0
4757,2879,0
4731,2895,0
4656,2980,0
4656,2986,0
4671,2993,0
4693,2992,0
4714,2975,0
4740,2963,0
4765,2943,0
4785,2922,0
4806,2901,0
4819,2883,0
4827,2873,0
4828,2872,0
4830,2874,0
4826,2881,0
4815,2902,0
4801,2929,0
4792,2960,0
4783,2986,0
4783,3004,0
4789,3016,0
4800,3023,0
4816,3016,0
4841,3001,0
4866,2975,1
5009,2734,0
5008,2729,0
5004,2729,0
4994,2726,0
4989,2729,0
4988,2744,0
4982,2767,0
4967,2798,0
4945,2837,0
4920,2885,0
4891,2935,0
4876,2981,0
4871,3016,0
4869,3032,0
4870,3036,0
4875,3035,0
4886,3028,0
4899,3010,0
4910,2982,0
4916,2953,0
4921,2926,1
4914,2888,0
4912,2890,0
4912,2891,0
4912,2898,0
4921,2906,0
4936,2912,0
4956,2912,0
4979,2914,0
5005,2911,0
5033,2905,0
5060,2895,0
5083,2890,1
5117,2890,0
5116,2892,0
5115,2893,0
5113,2897,0
5103,2911,0
5092,2940,0
5082,2968,0
5071,2998,0
5066,3020,0
5069,3037,0
5074,3042,0
5085,3033,1
5233,2748,0
5227,2727,0
5222,2719,0
5218,2718,0
5213,2719,1
5366,2699,0
5352,2697,0
5344,2697,0
5332,2707,0
5313,2723,0
5303,2749,0
5286,2776,0
5272,2812,0
5256,2854,0
5236,2900,0
5220,2952,0
5206,2993,0
5204,3025,0
5206,3042,0
5213,3047,0
5221,3041,0
5236,3028,1
5209,2903,0
5202,2907,0
5194,2912,0
5198,2919,0
5204,2925,0
5221,2928,0
5244,2931,0
5268,2929,0
5291,2924,0
5317,2922,0
5347,2913,0
5367,2902,0
5385,2888,0
5393,2876,0
5391,2871,0
5388,2869,0
5383,2869,0
5384,2869,0
5382,2871,0
5378,2884,0
5381,2910,0
5372,2940,0
5363,2975,0
5352,3012,0
5347,3042,0
5349,3061,0
5364,3067,0
5384,3059,0
5414,3035,0
5447,3008,0
5479,2971,0
5512,2936,0
5539,2899,0
5559,2866,0
5578,2850,0
5583,2842,0
5583,2842,0
5579,2849,0
5569,2873,0
5554,2905,0
5546,2941,0
5537,2977,0
5537,3001,0
5540,3018,0
5547,3029,0
5557,3030,0
5572,3020,0
5589,3008,0
5614,2990,1
5685,2973,0
5691,2965,0
5692,2955,0
5697,2947,0
5690,2934,0
5684,2929,0
5672,2925,0
5663,2917,0
5650,2917,0
5632,2930,0
5614,2946,0
5595,2975,0
5583,3002,0
5585,3023,0
5595,3037,0
5610,3041,0
5629,3042,0
5655,3023,0
5684,3000,0
5709,2965,0
5735,2930,0
5751,2895,0
5763,2866,0
5776,2837,0
5790,2811,0
5797,2789,0
5799,2779,0
5799,2779,0
5798,2782,0
5797,2791,0
5783,2815,0
5771,2854,0
5757,2900,0
5745,2945,0
5741,2991,0
5737,3021,0
5742,3049,0
5749,3062,0
5764,3069,0
5774,3066,0
5790,3055,1
5816,2998,0
5815,2999,0
5814,3001,0
5818,3008,0
5822,3011,0
5834,3014,0
5844,3013,0
5859,3011,0
5876,3006,0
5895,2996,0
5911,2987,0
5918,2975,0
5918,2965,0
5918,2958,0
5910,2948,0
5904,2942,0
5892,2939,0
5882,2947,0
5858,2959,0
5840,2980,0
5825,2997,0
5819,3016,0
5822,3034,0
5832,3049,0
5844,3059,0
5869,3065,0
5892,3064,0
5918,3060,0
5952,3050,1
6102,2958,0
6104,2954,0
6102,2949,0
6092,2943,0
6088,2942,0
6078,2942,0
6065,2941,0
6050,2943,0
6037,2951,0
6015,2958,0
5998,2972,0
5982,2983,0
5971,2994,0
5975,3003,0
5985,3010,0
6005,3016,0
6037,3024,0
6062,3028,0
6090,3035,0
6113,3043,0
6123,3050,0
6123,3059,0
6112,3069,0
6097,3081,0
6077,3091,0
6050,3098,0
6020,3100,0
6004,3104,0
5981,3103,0
5974,3100,0
5967,3094,0
5972,3088,0
5970,3076,1