was phenomenally quick and
407
1071,5096,0
1070,5093,0
1070,5084,0
1070,5088,0
1072,5101,0
1070,5137,0
1070,5185,0
1078,5209,0
1086,5212,0
1103,5204,0
1119,5192,0
1133,5164,0
1142,5132,0
1146,5113,0
1146,5112,0
1145,5115,0
1144,5144,0
1141,5180,0
1149,5216,0
1162,5231,0
1172,5219,0
1189,5191,0
1207,5159,0
1221,5127,0
1230,5094,0
1231,5066,0
1231,5062,0
1230,5062,0
1226,5082,1
1305,5087,0
1303,5083,0
1299,5076,0
1292,5080,0
1278,5093,0
1265,5125,0
1260,5157,0
1263,5181,0
1271,5197,0
1285,5185,0
1300,5160,0
1313,5122,0
1327,5098,0
1336,5078,0
1335,5082,0
1336,5086,0
1333,5110,0
1330,5142,0
1333,5162,0
1338,5170,0
1345,5177,1
1460,5114,0
1459,5106,0
1457,5094,0
1452,5090,0
1445,5091,0
1433,5091,0
1419,5108,0
1409,5129,0
1411,5149,0
1421,5161,0
1441,5167,0
1461,5174,0
1476,5185,0
1481,5192,0
1480,5209,0
1469,5221,0
1449,5243,0
1423,5257,0
1404,5270,0
1391,5271,0
1385,5255,1
1785,5219,0
1782,5265,0
1782,5284,0
1785,5296,0
1788,5300,0
1790,5303,0
1786,5300,1
1795,5189,0
1783,5187,1
1894,4972,0
1902,4970,0
1906,4974,0
1911,5009,0
1918,5065,0
1919,5105,0
1931,5124,1
2060,5145,0
2058,5141,0
2059,5144,0
2064,5148,0
2076,5146,0
2090,5139,0
2104,5128,0
2113,5113,0
2114,5105,0
2113,5109,0
2105,5107,0
2093,5105,0
2078,5108,0
2072,5117,0
2067,5134,0
2073,5163,0
2082,5185,0
2097,5207,0
2111,5212,0
2130,5208,0
2152,5199,1
2198,5148,0
2199,5149,0
2198,5144,0
2198,5148,0
2203,5159,0
2209,5191,0
2217,5221,0
2224,5228,0
2229,5227,0
2236,5222,0
2246,5212,0
2253,5194,0
2261,5183,0
2266,5178,0
2269,5178,0
2270,5177,0
2269,5189,0
2263,5204,0
2260,5216,0
2263,5224,0
2270,5226,1
2377,5158,0
2374,5151,0
2369,5144,0
2362,5142,0
2354,5144,0
2345,5154,0
2336,5185,0
2334,5219,0
2338,5238,0
2351,5236,0
2369,5214,0
2386,5185,0
2396,5174,0
2395,5158,0
2391,5151,0
2388,5151,0
2385,5148,1
2466,5122,0
2464,5135,0
2461,5161,0
2462,5190,0
2468,5201,0
2477,5206,0
2488,5199,0
2497,5180,0
2514,5158,0
2527,5137,0
2538,5126,0
2540,5126,0
2540,5125,0
2539,5146,0
2536,5177,0
2536,5190,0
2537,5190,0
2545,5183,0
2561,5170,0
2573,5162,0
2577,5152,0
2583,5155,0
2585,5154,0
2589,5157,0
2593,5160,0
2596,5171,0
2594,5193,0
2589,5211,0
2586,5216,1
2691,5154,0
2697,5165,0
2707,5166,0
2725,5164,0
2741,5151,0
2749,5119,0
2765,5113,0
2771,5103,0
2768,5100,0
2761,5093,0
2750,5092,0
2739,5096,0
2724,5118,0
2711,5144,0
2712,5160,0
2723,5173,0
2739,5173,0
2762,5178,1
2860,5114,0
2861,5113,0
2859,5110,0
2859,5122,0
2858,5149,0
2901,5128,0
2916,5123,0
2919,5117,0
2917,5114,0
2918,5118,0
2914,5110,0
2919,5126,0
2912,5142,0
2911,5163,0
2913,5163,0
2917,5161,1
3031,5091,0
3033,5095,0
3024,5090,0
3017,5101,0
3003,5120,0
2994,5140,0
2993,5158,0
3001,5164,0
3018,5157,0
3038,5137,0
3051,5122,0
3062,5110,0
3063,5113,0
3059,5111,0
3059,5128,0
3059,5146,0
3064,5156,1
3165,4984,0
3167,4984,0
3171,4995,0
3168,5014,0
3165,5045,0
3156,5088,0
3145,5136,0
3141,5173,0
3139,5186,1
3217,4983,0
3221,4982,0
3221,4982,0
3221,4999,0
3211,5038,0
3197,5071,0
3191,5113,0
3187,5145,0
3184,5155,1
3321,5081,0
3322,5081,0
3325,5084,0
3327,5101,0
3327,5117,0
3333,5129,0
3339,5134,0
3346,5131,0
3358,5122,1
3385,5069,0
3385,5060,0
3379,5059,0
3364,5084,0
3332,5129,0
3302,5183,0
3279,5244,0
3260,5305,1
3745,5039,0
3742,5031,0
3735,5026,0
3728,5026,0
3715,5036,0
3699,5064,0
3687,5102,0
3685,5143,0
3696,5164,0
3713,5161,0
3735,5135,0
3756,5096,0
3771,5065,0
3781,5042,0
3781,5033,0
3781,5037,0
3771,5066,0
3754,5121,0
3737,5189,0
3724,5254,0
3720,5306,1
3875,5035,0
3871,5032,0
3870,5033,0
3865,5049,0
3862,5084,0
3869,5116,0
3877,5125,0
3890,5113,0
3913,5086,0
3937,5054,0
3955,5034,0
3960,5026,0
3957,5024,0
3953,5026,0
3949,5029,0
3954,5050,1
3975,5031,0
3974,5033,0
3974,5037,0
3974,5051,0
3973,5070,0
3974,5093,0
3972,5103,0
3976,5110,0
3974,5112,1
3988,4982,0
3981,4977,0
3978,4975,0
3981,4977,0
3987,4978,1
4114,5026,0
4112,5023,0
4111,5020,0
4104,5019,0
4077,5026,0
4065,5043,0
4058,5065,0
4063,5086,0
4085,5096,0
4114,5088,0
4140,5067,0
4165,5052,1
4206,4920,0
4209,4933,0
4204,4955,0
4200,4991,0
4194,5028,0
4193,5058,0
4193,5062,0
4200,5062,0
4210,5060,0
4214,5058,0
4216,5057,0
4222,5063,0
4228,5064,0
4238,5067,0
4249,5069,0
4255,5065,0
4266,5067,0
4276,5075,0
4281,5081,0
4287,5092,0
4294,5093,1
4227,5069,0
4232,5066,0
4248,5045,0
4276,5023,0
4302,5010,1
4545,4989,0
4543,4985,0
4542,4980,0
4536,4975,0
4533,4973,0
4523,4974,0
4513,4987,0
4501,5014,0
4490,5047,0
4491,5081,0
4495,5092,0
4512,5086,0
4532,5057,0
4550,5018,0
4567,4992,0
4572,4979,0
4572,4979,0
4569,4980,0
4570,4995,0
4567,5021,0
4567,5046,0
4572,5067,0
4570,5079,0
4579,5092,0
4579,5096,1
4645,4999,0
4647,5002,0
4649,5006,0
4646,5023,0
4646,5053,0
4650,5064,0
4660,5067,0
4677,5056,0
4694,5033,0
4712,5020,0
4720,5018,0
4719,5019,0
4722,5023,0
4715,5038,0
4707,5068,0
4701,5087,0
4699,5093,1
4831,4994,0
4828,4991,0
4828,4992,0
4826,4997,0
4818,5014,0
4811,5040,0
4813,5058,0
4838,5033,0
4859,5008,0
4869,4980,0
4874,4956,0
4866,4880,0
4856,4862,0
4850,4862,0
4854,4869,1