&quot;Ten-thirty be all right?&quot;
532
771,860,0
820,913,0
820,913,0
822,923,0
816,938,0
819,967,0
815,996,0
808,1023,0
799,1049,0
796,1078,0
796,1098,0
796,1112,0
798,1121,1
880,915,0
875,909,0
874,909,0
880,927,0
881,952,0
873,979,0
866,1011,0
859,1037,0
855,1066,0
854,1090,0
860,1116,0
866,1134,0
875,1144,1
1063,961,0
1065,962,0
1066,962,0
1073,970,0
1081,990,0
1085,1022,0
1090,1066,0
1085,1109,0
1081,1157,0
1074,1201,0
1074,1245,0
1076,1285,0
1074,1313,0
1078,1341,0
1080,1361,0
1075,1365,0
1072,1365,1
965,1013,0
964,1009,0
971,1006,0
996,997,0
1037,989,0
1073,978,0
1109,973,0
1140,967,0
1169,961,0
1199,957,0
1225,956,0
1240,953,0
1253,955,1
1253,1228,0
1257,1215,0
1278,1194,0
1302,1169,0
1322,1140,0
1338,1110,0
1346,1088,0
1340,1073,0
1326,1068,0
1303,1079,0
1274,1105,0
1242,1143,0
1218,1192,0
1203,1238,0
1202,1274,0
1215,1301,0
1237,1318,0
1265,1326,0
1298,1328,0
1327,1323,0
1360,1315,1
1422,1101,0
1418,1098,0
1421,1105,0
1427,1129,0
1430,1158,0
1438,1188,0
1442,1213,0
1444,1225,0
1452,1230,0
1461,1226,0
1479,1207,0
1501,1177,0
1529,1151,0
1550,1133,0
1568,1124,0
1580,1127,0
1590,1140,0
1591,1161,0
1590,1189,0
1587,1217,0
1589,1242,0
1594,1263,0
1602,1276,0
1603,1276,0
1610,1268,1
1722,1131,0
1715,1131,0
1716,1129,0
1735,1127,0
1771,1112,0
1810,1102,0
1836,1096,0
1855,1096,0
1874,1096,1
2051,883,0
2043,873,0
2044,871,0
2051,875,0
2055,890,0
2064,919,0
2061,954,0
2062,997,0
2060,1042,0
2062,1088,0
2058,1126,0
2058,1161,0
2061,1190,0
2066,1213,0
2072,1230,0
2074,1234,0
2072,1230,1
1996,1159,0
1992,1152,0
1994,1150,0
2002,1147,0
2024,1143,0
2053,1138,0
2084,1133,0
2113,1127,0
2130,1119,1
2203,894,0
2207,896,0
2210,906,0
2211,933,0
2216,974,0
2219,1018,0
2226,1062,0
2229,1103,0
2227,1136,0
2234,1159,0
2236,1169,0
2245,1172,0
2252,1163,0
2270,1135,0
2292,1106,0
2312,1088,0
2331,1081,0
2345,1083,0
2355,1097,0
2364,1117,0
2364,1137,0
2369,1158,0
2375,1176,0
2377,1192,0
2382,1206,1
2459,1116,0
2460,1115,0
2459,1116,0
2458,1124,0
2461,1141,0
2461,1155,0
2461,1168,0
2466,1181,0
2467,1187,1
2422,951,0
2414,932,0
2417,927,0
2426,927,0
2437,933,1
2540,1138,0
2550,1160,0
2555,1181,0
2568,1196,0
2574,1203,0
2574,1203,0
2572,1193,0
2575,1172,0
2573,1146,0
2574,1123,0
2574,1102,0
2575,1085,0
2578,1072,0
2602,1062,0
2620,1055,0
2635,1046,0
2647,1041,1
2732,915,0
2734,912,0
2733,914,0
2734,930,0
2743,959,0
2749,993,0
2758,1026,0
2764,1060,0
2772,1095,0
2772,1128,0
2775,1155,0
2782,1175,0
2784,1187,1
2719,1141,0
2715,1130,0
2714,1124,0
2724,1116,0
2752,1106,0
2789,1097,0
2822,1087,0
2852,1083,0
2876,1078,1
2933,1071,0
2926,1067,0
2926,1067,0
2922,1066,0
2919,1065,0
2922,1066,0
2919,1065,0
2919,1065,0
2918,1064,0
2919,1065,0
2918,1064,0
2918,1064,0
2919,1064,0
2918,1064,0
2918,1064,0
2918,1064,0
2919,1064,0
2919,1064,0
2919,1064,0
2918,1064,0
2918,1064,0
2919,1065,0
2919,1065,0
2914,1064,0
2914,1064,0
2914,1064,0
2917,1066,0
2917,1068,0
2922,1074,0
2931,1083,0
2943,1094,0
2958,1104,0
2970,1112,0
2980,1121,0
2982,1125,0
2984,1130,0
2991,1134,0
2997,1139,0
3007,1148,0
3008,1153,0
3009,1151,1
3082,1073,0
3079,1080,0
3070,1099,0
3054,1125,0
3042,1158,0
3021,1191,0
2996,1226,0
2980,1264,0
2962,1295,0
2956,1319,0
2955,1335,0
2958,1340,0
2970,1336,1
3530,815,0
3524,805,0
3524,803,0
3528,806,0
3528,820,0
3525,849,0
3518,886,0
3515,926,0
3507,962,0
3504,984,0
3505,994,0
3520,999,0
3537,998,0
3566,998,0
3599,1003,0
3621,1013,0
3633,1028,0
3628,1043,0
3613,1061,0
3590,1077,0
3560,1090,0
3525,1100,0
3497,1109,0
3474,1110,0
3458,1108,1
3764,1051,0
3772,1053,0
3783,1054,0
3802,1052,0
3821,1044,0
3843,1029,0
3855,1015,0
3868,999,0
3873,983,0
3865,969,0
3850,962,0
3820,965,0
3791,977,0
3764,999,0
3742,1027,0
3737,1054,0
3740,1073,0
3757,1085,0
3785,1091,0
3813,1093,0
3834,1094,1
4446,991,0
4449,979,0
4449,966,0
4444,953,0
4437,942,0
4414,937,0
4388,945,0
4357,968,0
4331,1006,0
4310,1039,0
4309,1061,0
4314,1069,0
4339,1068,0
4369,1054,0
4401,1039,0
4424,1030,0
4432,1032,0
4437,1042,0
4440,1064,0
4442,1087,0
4441,1105,1
4517,817,0
4522,791,0
4533,773,0
4538,766,0
4538,767,0
4543,782,0
4538,815,0
4537,859,0
4531,907,0
4521,955,0
4511,997,0
4506,1033,0
4498,1062,0
4490,1081,0
4488,1086,0
4490,1081,0
4495,1058,1
4587,743,0
4587,741,0
4594,750,0
4589,778,0
4590,817,0
4582,861,0
4572,904,0
4567,948,0
4558,990,0
4557,1027,0
4556,1062,0
4554,1087,0
4555,1097,1
5037,972,0
5034,984,0
5034,1006,0
5033,1030,0
5033,1048,0
5035,1059,0
5031,1060,0
5033,1061,0
5031,1056,0
5031,1042,0
5026,1022,0
5031,998,0
5036,974,0
5049,951,0
5064,931,0
5084,917,0
5103,907,1
5182,961,0
5186,960,0
5190,960,0
5197,966,0
5199,978,0
5195,994,0
5195,1013,0
5197,1030,0
5194,1042,1
5169,828,0
5168,805,0
5179,791,0
5175,785,0
5180,786,1
5323,948,0
5319,945,0
5320,942,0
5320,937,0
5313,932,0
5310,927,0
5299,921,0
5291,919,0
5278,921,0
5265,928,0
5251,941,0
5240,957,0
5233,969,0
5240,975,0
5252,976,0
5281,970,0
5307,963,0
5332,964,0
5359,974,0
5379,993,0
5394,1019,0
5400,1051,0
5390,1081,0
5379,1112,0
5357,1135,0
5342,1150,0
5328,1155,0
5316,1153,0
5310,1146,0
5294,1124,0
5289,1096,0
5287,1065,0
5296,1039,1
5520,854,0
5523,867,0
5525,878,0
5528,888,0
5529,902,0
5530,922,0
5531,941,0
5536,957,0
5542,973,0
5543,986,0
5545,996,0
5544,1005,0
5547,1007,0
5547,1007,0
5547,1006,0
5553,997,0
5568,982,0
5587,969,0
5609,958,0
5626,955,0
5646,961,0
5656,972,0
5666,983,0
5672,992,0
5678,1002,0
5682,1010,0
5680,1016,0
5676,1017,0
5669,1008,1
5765,786,0
5764,789,0
5772,791,0
5773,817,0
5774,844,0
5772,877,0
5772,904,0
5768,931,0
5768,955,0
5769,974,0
5771,989,0
5761,996,0
5750,991,1
5702,938,0
5716,926,0
5742,916,0
5776,907,0
5801,900,0
5814,897,0
5822,896,0
5826,897,1
5969,764,0
5974,757,0
5988,749,0
6008,742,0
6037,738,0
6070,736,0
6101,739,0
6116,751,0
6118,767,0
6103,791,0
6083,820,0
6054,856,0
6030,887,0
6018,911,0
6028,925,0
6051,933,0
6078,937,1
6000,1044,0
5996,1043,0
5996,1042,0
5996,1039,0
5998,1032,1
6274,655,0
6275,656,0
6278,659,0
6281,669,0
6276,683,0
6278,701,0
6273,717,0
6275,732,0
6273,742,0
6272,753,0
6271,760,0
6271,767,0
6266,764,1
6335,652,0
6340,640,0
6344,643,0
6349,629,0
6353,632,0
6350,629,0
6349,628,0
6350,629,0
6349,634,0
6343,648,0
6346,664,0
6349,675,0
6346,702,0
6346,712,0
6348,730,0
6342,745,0
6336,758,1