near the latex factory.
577
836,4822,0
834,4822,0
835,4825,0
836,4830,0
835,4834,0
837,4838,0
837,4842,0
838,4854,0
837,4862,0
835,4878,0
834,4898,0
832,4917,0
830,4941,0
827,4965,0
825,4982,0
822,5002,0
822,5014,0
822,5018,0
822,5018,0
822,5017,0
820,5009,0
819,4993,0
821,4965,0
825,4937,0
835,4906,0
844,4874,0
860,4852,0
875,4824,0
894,4809,0
911,4805,0
928,4806,0
945,4823,0
959,4843,0
970,4871,0
977,4907,0
977,4951,0
972,4995,0
966,5031,0
961,5063,0
959,5079,0
960,5083,0
960,5079,0
962,5067,0
966,5047,0
971,5023,1
998,4883,1
1013,4888,0
1028,4893,0
1048,4893,0
1072,4888,0
1095,4884,0
1117,4872,0
1131,4864,0
1144,4860,0
1149,4848,0
1150,4840,0
1145,4828,0
1134,4821,0
1116,4812,0
1093,4816,0
1073,4828,0
1054,4845,0
1038,4869,0
1027,4900,0
1023,4936,0
1022,4968,0
1031,4992,0
1049,5012,0
1074,5021,0
1103,5024,0
1133,5016,0
1162,5008,0
1190,4991,0
1213,4975,1
1277,4876,0
1271,4869,0
1262,4861,0
1254,4862,0
1246,4857,0
1235,4858,0
1220,4866,0
1206,4883,0
1192,4911,0
1185,4939,0
1182,4963,0
1185,4979,0
1194,4991,0
1206,4994,0
1219,4990,0
1235,4982,0
1248,4961,0
1263,4941,0
1275,4924,0
1283,4904,0
1286,4884,0
1285,4868,0
1286,4871,0
1283,4868,0
1283,4868,0
1284,4884,0
1285,4907,0
1286,4932,0
1289,4960,0
1295,4976,0
1305,4987,0
1315,4994,0
1327,4994,0
1339,4985,0
1350,4973,0
1363,4956,0
1372,4931,0
1379,4903,0
1381,4879,0
1385,4863,0
1385,4862,0
1385,4862,0
1387,4870,0
1392,4890,0
1394,4918,0
1394,4946,0
1397,4974,0
1401,4998,0
1407,5013,0
1413,5021,0
1414,5021,0
1414,5021,0
1413,5017,0
1404,5002,0
1395,4978,0
1385,4958,0
1376,4935,0
1372,4915,0
1373,4900,0
1380,4879,0
1394,4862,0
1413,4849,0
1432,4835,0
1447,4830,0
1462,4825,0
1476,4823,0
1488,4827,0
1497,4825,0
1502,4829,1
1862,4734,0
1863,4738,0
1864,4737,0
1866,4753,0
1870,4777,0
1869,4801,0
1872,4838,0
1874,4874,0
1872,4911,0
1870,4951,0
1865,4980,0
1863,5009,0
1861,5026,0
1860,5033,0
1861,5034,0
1862,5026,0
1862,5005,1
1819,4830,0
1819,4830,0
1824,4838,0
1836,4852,0
1851,4862,0
1870,4866,0
1889,4867,0
1908,4860,0
1927,4852,0
1945,4837,0
1959,4822,0
1971,4799,0
1978,4773,0
1981,4744,0
1981,4720,0
1978,4704,0
1973,4701,0
1971,4702,0
1968,4702,0
1968,4723,0
1966,4747,0
1966,4780,0
1964,4813,0
1963,4850,0
1964,4886,0
1966,4922,0
1964,4951,0
1964,4980,0
1961,4992,0
1961,5000,0
1961,5000,0
1961,4996,0
1961,4985,0
1966,4958,0
1977,4936,0
1991,4905,0
2011,4886,0
2030,4869,0
2046,4857,0
2065,4862,0
2077,4867,0
2090,4881,0
2096,4892,0
2101,4915,0
2103,4944,0
2104,4972,0
2104,4993,0
2107,5004,0
2109,5012,1
2137,4908,0
2133,4909,0
2135,4917,0
2142,4927,0
2154,4936,0
2169,4941,0
2188,4941,0
2205,4933,0
2225,4929,0
2243,4920,0
2258,4908,0
2268,4893,0
2275,4883,0
2276,4866,0
2268,4852,0
2260,4846,0
2244,4842,0
2228,4845,0
2212,4862,0
2199,4881,0
2190,4908,0
2184,4934,0
2184,4963,0
2187,4987,0
2195,5005,0
2213,5026,0
2233,5034,0
2254,5033,0
2280,5034,0
2303,5029,0
2321,5016,0
2338,5003,0
2354,4991,1
2550,4792,0
2551,4792,0
2554,4799,0
2552,4812,0
2552,4829,0
2552,4859,0
2550,4885,0
2548,4914,0
2546,4940,0
2547,4969,0
2547,4986,0
2550,5002,0
2558,5016,1
2714,4928,0
2709,4917,0
2652,4927,0
2633,4942,0
2618,4960,0
2611,4978,0
2611,4999,0
2615,5015,0
2626,5020,0
2640,5016,0
2659,5002,0
2678,4982,0
2697,4963,0
2714,4945,0
2724,4924,0
2729,4910,0
2731,4905,0
2733,4912,0
2736,4924,0
2736,4945,0
2740,4965,0
2745,4984,0
2755,4998,0
2765,5003,0
2774,5004,0
2786,5004,0
2795,4997,0
2799,4982,1
2825,4752,0
2822,4748,0
2823,4748,0
2818,4759,0
2823,4778,0
2821,4808,0
2818,4843,0
2813,4879,0
2813,4922,0
2815,4960,0
2818,4988,0
2826,5011,0
2832,5021,1
2775,4902,0
2776,4901,0
2782,4908,0
2790,4910,0
2808,4912,0
2827,4912,0
2851,4912,0
2876,4912,0
2899,4911,1
2870,4940,0
2869,4939,0
2875,4946,0
2889,4953,0
2907,4956,0
2930,4951,0
2955,4946,0
2980,4936,0
3000,4927,0
3012,4914,0
3020,4906,0
3023,4897,0
3019,4886,0
3008,4877,0
2989,4871,0
2971,4874,0
2953,4886,0
2937,4905,0
2924,4927,0
2922,4958,0
2922,4984,0
2931,5006,0
2946,5022,0
2967,5031,0
2996,5041,0
3022,5040,0
3049,5042,0
3071,5033,0
3091,5024,0
3108,5013,0
3119,4995,0
3127,4979,0
3128,4961,1
3118,4883,0
3118,4887,0
3124,4898,0
3134,4919,0
3148,4939,0
3161,4960,0
3175,4976,0
3189,4992,0
3204,5006,0
3220,5021,0
3234,5033,0
3248,5040,0
3256,5045,1
3079,5042,0
3076,5043,0
3074,5040,0
3076,5040,0
3081,5033,0
3087,5026,0
3094,5014,0
3105,5005,0
3116,4992,0
3127,4975,0
3144,4963,0
3159,4944,0
3177,4927,0
3194,4910,0
3209,4891,0
3223,4880,0
3235,4870,1
3713,4837,1
3711,4806,0
3707,4794,0
3699,4786,0
3694,4783,0
3685,4780,0
3679,4783,0
3674,4799,0
3665,4818,0
3660,4848,0
3658,4890,0
3657,4936,0
3659,4981,0
3665,5028,0
3676,5076,0
3684,5117,0
3686,5148,0
3691,5176,0
3695,5192,0
3694,5197,0
3694,5193,1
3591,5021,0
3592,5021,0
3594,5019,0
3601,5025,0
3617,5026,0
3636,5026,0
3656,5023,0
3679,5024,0
3703,5020,1
3868,4927,0
3863,4922,0
3859,4920,0
3849,4915,0
3843,4915,0
3831,4917,0
3818,4925,0
3799,4936,0
3781,4960,0
3773,4991,0
3773,5018,0
3772,5042,0
3781,5059,0
3793,5072,0
3809,5077,0
3816,5069,0
3826,5058,0
3836,5043,0
3841,5022,0
3845,5002,0
3846,4977,0
3843,4956,0
3841,4939,0
3843,4938,0
3843,4938,0
3846,4946,0
3849,4962,0
3852,4983,0
3858,5012,0
3867,5039,0
3875,5057,0
3892,5076,0
3909,5080,1
4065,4987,0
4058,4982,0
4052,4975,0
4040,4969,0
4028,4963,0
4017,4960,0
4002,4965,0
3983,4976,0
3966,4990,0
3950,5009,0
3946,5040,0
3949,5062,0
3958,5079,0
3979,5089,0
4000,5091,0
4028,5088,0
4057,5081,0
4082,5066,0
4109,5059,0
4126,5043,0
4136,5023,1
4130,4855,0
4124,4845,0
4123,4845,0
4122,4846,0
4126,4853,0
4126,4877,0
4128,4909,0
4128,4941,0
4128,4980,0
4133,5019,0
4133,5057,0
4135,5088,0
4143,5117,0
4149,5132,0
4156,5137,0
4159,5136,0
4159,5126,1
4111,5009,0
4111,5009,0
4116,5011,0
4146,5016,0
4176,5021,0
4208,5018,0
4240,5018,0
4265,5016,1
4346,4995,0
4335,4988,0
4319,4980,0
4303,4976,0
4286,4977,0
4263,4984,0
4244,5001,0
4225,5023,0
4212,5050,0
4207,5082,0
4209,5108,0
4226,5127,0
4244,5134,0
4269,5142,0
4290,5137,0
4315,5131,0
4330,5116,0
4342,5104,0
4350,5088,0
4350,5065,0
4343,5045,0
4337,5030,0
4327,5013,0
4321,5007,0
4319,5004,0
4319,5004,0
4324,5005,0
4333,5004,0
4341,5009,1
4394,5006,0
4389,5004,0
4387,5001,0
4389,5004,0
4398,5018,0
4404,5038,0
4408,5064,0
4410,5092,0
4409,5116,0
4413,5138,0
4415,5146,0
4419,5153,0
4419,5153,0
4422,5151,0
4417,5141,0
4418,5120,0
4418,5092,0
4420,5062,0
4425,5028,0
4439,5004,0
4454,4984,0
4470,4968,0
4484,4958,0
4498,4958,0
4507,4962,1
4546,5007,0
4545,5003,0
4548,5005,0
4549,5004,0
4554,5016,0
4558,5038,0
4560,5065,0
4560,5095,0
4561,5120,0
4568,5138,0
4572,5146,0
4578,5146,0
4585,5141,0
4591,5127,0
4604,5108,0
4617,5079,0
4633,5053,0
4647,5028,0
4665,5014,0
4680,5008,0
4693,5009,0
4705,5019,0
4716,5037,0
4719,5059,0
4719,5094,0
4720,5133,0
4714,5177,0
4705,5227,0
4695,5284,0
4678,5335,0
4654,5380,0
4629,5422,0
4601,5450,0
4577,5466,0
4554,5476,0
4537,5473,0
4523,5459,0
4508,5434,0
4497,5404,0
4495,5371,0
4500,5339,1
4817,5220,0
4810,5226,0
4806,5228,0
4806,5228,0
4806,5228,1