the boy ever relax! &quot;We &apos;ve
731
389,3869,0
402,3859,0
424,3834,0
448,3802,0
481,3771,0
519,3733,0
558,3694,0
596,3651,0
627,3615,0
652,3582,0
671,3564,0
680,3553,0
680,3549,0
680,3553,0
675,3569,0
658,3602,0
633,3652,0
601,3712,0
566,3776,0
535,3836,0
510,3885,0
494,3923,0
487,3942,0
482,3945,0
479,3933,1
501,3827,0
512,3817,0
530,3799,0
557,3775,0
591,3743,0
632,3708,0
672,3670,0
709,3629,0
740,3592,0
762,3566,0
769,3547,0
770,3554,0
769,3559,0
757,3577,0
739,3619,0
713,3661,0
682,3723,0
654,3788,0
625,3849,0
603,3894,0
588,3921,0
583,3932,0
586,3928,0
593,3909,0
613,3871,0
642,3826,0
678,3774,0
721,3735,0
757,3698,0
781,3684,0
793,3681,0
799,3694,0
798,3718,0
793,3753,0
788,3793,0
783,3829,0
784,3848,0
791,3858,0
801,3854,0
817,3839,0
839,3809,0
866,3766,0
890,3715,0
910,3680,0
916,3657,0
914,3648,0
907,3652,0
896,3656,0
882,3683,0
864,3726,0
846,3777,0
834,3832,0
832,3876,0
839,3909,0
854,3930,0
878,3931,0
912,3916,0
951,3891,0
999,3855,0
1048,3804,1
1247,3805,0
1269,3780,0
1300,3737,0
1339,3691,0
1377,3636,0
1415,3584,0
1448,3532,0
1476,3493,0
1493,3459,0
1501,3445,0
1501,3445,0
1496,3446,0
1483,3464,0
1462,3507,0
1435,3562,0
1409,3629,0
1388,3696,0
1377,3756,0
1377,3805,0
1388,3836,0
1409,3846,0
1434,3843,0
1463,3824,0
1490,3798,0
1516,3766,0
1534,3728,0
1546,3694,0
1548,3677,0
1544,3670,0
1537,3662,0
1533,3660,0
1532,3660,0
1532,3659,0
1539,3658,0
1555,3660,0
1576,3653,0
1604,3650,0
1633,3645,0
1663,3640,0
1691,3635,0
1716,3635,0
1734,3631,0
1748,3629,0
1756,3627,0
1757,3626,0
1756,3624,0
1751,3616,0
1744,3613,0
1732,3607,0
1718,3609,0
1698,3621,0
1670,3638,0
1642,3664,0
1619,3699,0
1602,3735,0
1594,3760,0
1598,3780,0
1611,3794,0
1629,3795,0
1651,3788,0
1674,3771,0
1701,3747,0
1723,3714,0
1744,3687,0
1758,3660,0
1765,3650,0
1763,3642,0
1761,3638,0
1759,3638,0
1759,3635,0
1760,3635,0
1766,3633,0
1781,3631,0
1801,3618,0
1825,3597,0
1854,3578,0
1879,3560,0
1896,3547,0
1899,3551,0
1899,3551,0
1896,3564,0
1882,3588,0
1867,3624,0
1849,3660,0
1838,3703,0
1834,3737,0
1838,3757,0
1852,3771,0
1870,3775,0
1894,3766,0
1921,3747,0
1953,3715,0
1985,3678,0
2014,3636,0
2041,3601,0
2060,3575,0
2069,3555,0
2073,3554,0
2071,3550,0
2069,3551,0
2067,3556,0
2064,3581,0
2054,3614,0
2042,3662,0
2026,3708,0
2017,3769,0
2004,3829,0
1993,3899,0
1980,3968,0
1965,4032,0
1951,4093,0
1937,4149,0
1921,4189,0
1907,4209,0
1895,4215,0
1885,4217,0
1877,4210,0
1871,4200,0
1872,4183,0
1882,4140,0
1908,4090,0
1947,4028,0
1997,3967,0
2052,3904,0
2106,3853,1
2429,3708,0
2429,3704,0
2439,3696,0
2455,3677,0
2480,3645,0
2511,3602,0
2550,3551,0
2589,3498,0
2627,3455,0
2652,3411,0
2670,3390,0
2673,3380,0
2671,3380,0
2662,3393,0
2641,3426,0
2615,3474,0
2587,3530,0
2558,3586,0
2540,3643,0
2532,3684,0
2534,3709,0
2548,3725,0
2566,3727,0
2588,3718,0
2613,3694,0
2642,3659,0
2673,3614,0
2707,3568,0
2734,3523,0
2754,3486,0
2765,3454,0
2774,3431,0
2774,3413,0
2771,3406,0
2769,3407,0
2760,3411,0
2748,3431,0
2734,3465,0
2718,3508,0
2704,3555,0
2697,3603,0
2697,3642,0
2707,3673,0
2722,3688,0
2744,3696,0
2768,3693,0
2791,3677,0
2816,3652,0
2838,3614,0
2858,3572,0
2871,3534,0
2880,3502,0
2882,3477,0
2880,3461,0
2874,3450,0
2866,3441,0
2862,3443,0
2859,3445,0
2861,3453,0
2864,3470,0
2873,3488,0
2887,3502,0
2903,3507,0
2929,3511,0
2955,3502,0
2983,3485,0
3012,3465,0
3038,3440,0
3049,3409,0
3054,3392,0
3051,3385,0
3040,3382,0
3024,3387,0
3001,3401,0
2982,3431,0
2960,3471,0
2938,3510,0
2927,3554,0
2928,3594,0
2932,3624,0
2948,3651,0
2967,3667,0
2992,3677,0
3018,3677,0
3047,3666,0
3075,3641,0
3105,3609,0
3132,3569,0
3153,3524,0
3177,3491,0
3190,3463,0
3198,3452,0
3199,3448,0
3198,3448,0
3197,3450,0
3190,3457,0
3183,3486,0
3170,3523,0
3151,3563,0
3137,3608,0
3125,3648,0
3119,3680,0
3112,3689,0
3112,3693,0
3112,3693,0
3115,3687,0
3117,3662,0
3129,3632,0
3140,3588,0
3155,3541,0
3175,3510,0
3187,3479,0
3199,3471,0
3201,3465,0
3209,3469,0
3216,3466,0
3241,3473,0
3260,3465,0
3293,3457,0
3329,3443,0
3363,3424,1
3573,3613,1
3583,3600,0
3602,3588,0
3622,3563,0
3643,3527,0
3674,3493,0
3695,3450,0
3723,3423,0
3744,3400,0
3763,3390,0
3783,3394,0
3788,3396,0
3784,3404,0
3787,3432,0
3769,3463,0
3753,3511,0
3725,3559,0
3698,3606,0
3684,3646,0
3673,3665,0
3673,3669,0
3670,3666,0
3674,3653,0
3679,3625,0
3693,3594,0
3711,3561,0
3729,3525,0
3743,3494,0
3756,3473,0
3763,3463,0
3761,3459,0
3769,3462,0
3770,3462,0
3784,3466,0
3792,3465,0
3807,3462,0
3820,3451,0
3840,3440,0
3863,3421,0
3886,3401,0
3909,3380,0
3920,3356,0
3928,3342,0
3930,3341,0
3927,3343,0
3912,3351,0
3897,3375,0
3874,3411,0
3847,3455,0
3827,3503,0
3812,3551,0
3804,3593,0
3810,3629,0
3817,3645,0
3836,3655,0
3860,3651,0
3890,3637,0
3921,3607,0
3959,3569,0
3995,3523,0
4034,3474,0
4067,3422,0
4097,3372,0
4123,3325,0
4147,3280,0
4167,3243,0
4178,3209,0
4181,3187,0
4182,3181,0
4174,3177,0
4163,3183,0
4151,3202,0
4138,3238,0
4118,3279,0
4097,3332,0
4084,3390,0
4070,3445,0
4061,3497,0
4060,3535,0
4068,3561,0
4082,3570,0
4102,3568,0
4131,3558,0
4163,3534,0
4204,3501,0
4244,3469,0
4282,3438,0
4314,3418,0
4345,3404,0
4369,3397,0
4377,3387,0
4388,3388,0
4391,3385,0
4394,3387,0
4391,3385,0
4391,3385,0
4391,3380,0
4389,3376,0
4382,3371,0
4381,3372,0
4374,3373,0
4369,3379,0
4356,3393,0
4343,3418,0
4328,3449,0
4307,3481,0
4295,3515,0
4280,3540,0
4275,3561,0
4275,3571,0
4283,3576,0
4296,3575,0
4309,3562,0
4326,3541,0
4343,3512,0
4374,3482,0
4393,3447,0
4414,3424,0
4423,3409,0
4426,3401,0
4422,3394,0
4425,3396,0
4421,3395,0
4419,3397,0
4416,3405,0
4410,3423,0
4406,3451,0
4391,3477,0
4383,3508,0
4379,3538,0
4384,3568,0
4388,3586,0
4397,3600,0
4409,3604,0
4429,3602,0
4448,3584,0
4476,3556,0
4505,3520,0
4544,3486,0
4577,3445,0
4611,3415,0
4637,3386,0
4662,3370,0
4678,3358,0
4684,3358,0
4690,3363,0
4690,3374,0
4689,3394,0
4676,3421,0
4658,3452,0
4639,3491,0
4613,3524,0
4591,3552,0
4572,3566,0
4566,3572,0
4562,3570,0
4560,3566,0
4571,3561,0
4588,3550,0
4616,3532,0
4645,3507,0
4676,3481,0
4709,3450,0
4737,3418,0
4767,3391,0
4787,3361,0
4804,3341,0
4804,3328,0
4801,3325,0
4794,3322,0
4783,3329,0
4760,3344,0
4736,3366,0
4719,3397,0
4698,3431,0
4687,3468,0
4681,3503,0
4681,3533,0
4683,3554,0
4694,3573,0
4714,3585,0
4743,3584,0
4779,3576,0
4821,3559,0
4864,3534,1
5118,3071,0
5108,3078,0
5108,3105,0
5101,3135,0
5088,3165,0
5081,3194,0
5071,3214,0
5066,3228,0
5071,3234,0
5067,3232,0
5074,3231,0
5074,3216,0
5081,3189,0
5105,3163,0
5129,3136,0
5155,3107,0
5180,3087,0
5186,3065,0
5195,3059,0
5190,3052,0
5191,3050,0
5175,3045,0
5161,3052,0
5139,3062,0
5112,3073,0
5084,3083,0
5069,3095,0
5062,3106,0
5047,3112,1
5047,3536,0
5051,3527,0
5053,3518,0
5047,3506,0
5043,3505,0
5033,3510,0
5021,3524,0
5011,3536,0
5007,3552,0
5011,3561,0
5012,3566,0
5026,3567,0
5045,3552,1
5491,3136,0
5487,3134,0
5491,3136,0
5491,3136,0
5492,3142,0
5482,3156,0
5481,3172,0
5468,3177,0
5471,3187,0
5466,3187,0
5470,3189,0
5470,3188,0
5475,3187,0
5479,3182,0
5493,3177,0
5498,3169,0
5503,3161,0
5507,3156,0
5514,3151,0
5511,3141,0
5523,3140,0
5530,3136,0
5536,3134,0
5537,3133,0
5533,3131,0
5532,3132,0
5532,3132,0
5532,3132,0
5537,3133,0
5540,3136,0
5535,3134,0
5531,3134,0
5535,3136,0
5530,3142,0
5528,3153,0
5525,3164,0
5520,3172,0
5523,3182,0
5530,3194,0
5520,3193,0
5522,3197,1
5607,3465,0
5624,3449,0
5644,3421,0
5666,3390,0
5693,3351,0
5720,3312,0
5756,3266,0
5813,3185,0
5846,3154,0
5868,3127,0
5888,3118,0
5892,3111,0
5894,3115,0
5863,3188,0
5832,3238,0
5796,3292,0
5762,3344,0
5722,3393,0
5692,3443,0
5667,3479,0
5648,3504,0
5643,3511,0
5653,3484,0
5674,3455,0
5703,3414,0
5733,3371,0
5781,3300,0
5805,3278,0
5818,3273,0
5823,3272,0
5824,3279,0
5824,3301,0
5822,3333,0
5818,3373,0
5812,3410,0
5816,3440,0
5812,3453,0
5832,3467,0
5838,3465,0
5862,3458,0
5879,3440,0
5907,3413,0
5918,3368,0
5954,3335,0
5971,3287,0
5982,3246,0
5994,3211,0
5993,3136,0
5989,3129,0
5986,3126,0
5984,3123,0
5986,3126,0
5990,3127,0
6001,3124,0
6016,3123,0
6034,3115,0
6059,3105,1
6021,3422,0
6023,3413,0
6039,3396,0
6061,3370,0
6077,3337,0
6094,3310,0
6098,3280,0
6101,3267,0
6100,3269,0
6063,3313,0
6054,3351,0
6085,3479,0
6112,3453,1
6295,3128,0
6291,3152,0
6286,3175,0
6280,3194,0
6276,3210,1
6377,3414,0
6387,3398,0
6406,3375,0
6423,3345,0
6449,3318,0
6469,3291,0
6481,3270,0
6491,3260,0
6494,3256,0
6493,3259,0
6490,3263,0
6483,3283,0
6471,3312,0
6459,3349,0
6446,3386,0
6443,3414,0
6442,3438,0
6449,3450,0
6460,3455,0
6476,3452,0
6493,3440,0
6517,3414,0
6539,3378,0
6553,3345,0
6568,3328,0
6573,3318,0
6568,3313,0
6569,3310,0
6569,3310,0
6565,3308,0
6568,3312,0
6572,3320,0
6586,3329,0
6601,3343,0
6616,3349,0
6635,3347,0
6655,3345,0
6681,3339,0
6709,3322,0
6734,3303,0
6756,3278,0
6768,3258,0
6770,3245,0
6753,3235,0
6749,3235,0
6739,3234,0
6728,3247,0
6714,3274,0
6695,3305,0
6683,3344,0
6671,3380,0
6668,3419,0
6682,3450,0
6703,3470,0
6729,3481,0
6765,3482,0
6802,3474,1