about young Lee&apos;s reactions to
849
325,2644,0
322,2673,0
318,2701,0
318,2731,0
323,2748,0
331,2763,0
345,2767,0
363,2764,0
385,2753,0
405,2730,0
423,2701,0
438,2668,0
445,2632,0
444,2599,0
435,2576,0
419,2560,0
397,2553,0
373,2550,0
352,2561,0
337,2564,0
330,2579,1
429,2566,0
428,2574,0
429,2587,0
434,2604,0
439,2622,0
444,2649,0
449,2671,0
457,2690,0
467,2708,0
480,2724,0
495,2726,0
513,2726,0
535,2711,0
557,2691,0
581,2663,0
607,2632,0
630,2591,0
647,2550,0
660,2512,0
668,2472,0
670,2441,0
671,2416,0
668,2399,0
664,2386,0
658,2381,0
650,2388,0
640,2406,0
630,2429,0
622,2463,0
615,2499,0
610,2543,0
606,2583,0
608,2628,0
611,2666,0
616,2690,0
626,2713,0
639,2723,0
653,2726,0
668,2716,0
686,2698,0
698,2676,0
704,2652,0
702,2632,0
691,2618,0
674,2607,0
653,2600,0
631,2603,0
614,2613,0
606,2620,1
717,2578,0
733,2568,0
746,2562,0
755,2563,0
758,2564,0
760,2575,0
759,2591,0
758,2612,0
759,2628,0
762,2648,0
767,2669,0
777,2679,0
791,2684,0
808,2686,0
832,2673,0
857,2654,0
878,2632,0
892,2610,0
896,2586,0
892,2569,0
882,2553,0
865,2543,0
844,2541,0
822,2543,0
802,2557,0
789,2575,0
785,2591,0
791,2608,1
960,2538,0
957,2538,0
955,2541,0
950,2545,0
948,2562,0
950,2577,0
952,2593,0
956,2609,0
962,2626,0
970,2638,0
977,2643,0
986,2639,0
1000,2636,0
1013,2615,0
1029,2600,0
1046,2584,0
1059,2564,0
1070,2553,0
1075,2541,0
1076,2541,0
1076,2540,0
1076,2549,0
1075,2561,0
1075,2577,0
1078,2596,0
1083,2616,0
1090,2629,0
1100,2641,0
1112,2644,0
1127,2640,0
1146,2627,0
1165,2608,0
1188,2582,0
1210,2553,0
1232,2524,0
1252,2495,0
1270,2469,0
1283,2444,0
1289,2423,0
1294,2418,0
1295,2419,0
1293,2418,0
1289,2432,0
1288,2460,0
1282,2484,0
1280,2516,0
1276,2549,0
1274,2581,0
1273,2609,0
1273,2633,0
1271,2642,0
1271,2646,0
1271,2646,0
1269,2641,0
1260,2630,0
1249,2623,0
1231,2604,0
1214,2589,0
1201,2578,0
1192,2570,0
1190,2566,0
1194,2562,0
1209,2557,0
1235,2555,0
1264,2554,0
1292,2552,0
1320,2549,0
1348,2549,0
1370,2547,1
1572,2501,0
1572,2501,0
1573,2509,0
1574,2521,0
1570,2531,0
1572,2546,0
1578,2565,0
1584,2577,0
1593,2583,0
1605,2584,0
1624,2584,0
1641,2572,0
1655,2556,0
1666,2537,0
1678,2522,0
1685,2508,0
1687,2499,0
1689,2499,0
1689,2499,0
1684,2500,0
1678,2514,0
1673,2536,0
1669,2565,0
1664,2599,0
1664,2641,0
1660,2678,0
1657,2720,0
1653,2762,0
1648,2804,0
1639,2842,0
1625,2875,0
1611,2905,0
1598,2929,0
1583,2943,0
1567,2958,0
1546,2954,0
1527,2944,0
1517,2930,0
1511,2907,0
1511,2878,0
1521,2840,0
1540,2797,0
1564,2748,0
1592,2706,0
1624,2666,0
1658,2625,0
1693,2592,0
1724,2560,0
1754,2531,1
1780,2497,0
1778,2507,0
1778,2523,0
1779,2540,0
1784,2559,0
1788,2571,0
1799,2584,0
1813,2588,0
1831,2586,0
1852,2576,0
1868,2554,0
1881,2533,0
1886,2509,0
1883,2490,0
1874,2476,0
1853,2462,0
1831,2461,0
1806,2465,0
1788,2478,0
1780,2494,0
1778,2499,1
1911,2471,0
1913,2483,0
1918,2495,0
1925,2513,0
1935,2531,0
1947,2543,0
1960,2551,0
1977,2558,0
1993,2552,0
2012,2545,0
2030,2533,0
2043,2514,0
2059,2499,0
2067,2483,0
2074,2475,0
2073,2468,0
2071,2464,0
2073,2468,0
2073,2476,0
2070,2486,0
2070,2504,0
2073,2524,0
2077,2540,0
2084,2554,0
2090,2560,0
2094,2562,0
2097,2561,0
2106,2554,0
2114,2537,0
2121,2516,0
2132,2498,0
2145,2483,0
2154,2466,0
2167,2456,0
2174,2447,0
2181,2449,0
2188,2454,0
2195,2465,0
2200,2479,0
2206,2499,0
2212,2518,0
2217,2529,0
2223,2540,0
2231,2545,0
2239,2540,0
2256,2536,0
2273,2524,0
2287,2507,0
2301,2492,0
2312,2476,0
2321,2463,0
2329,2453,0
2333,2447,0
2336,2449,0
2338,2453,0
2340,2461,0
2341,2474,0
2346,2490,0
2355,2509,0
2363,2521,0
2373,2530,0
2387,2536,0
2401,2533,0
2421,2531,0
2434,2519,0
2451,2509,0
2457,2491,0
2460,2475,0
2454,2460,0
2439,2446,0
2419,2440,0
2399,2441,0
2379,2444,1
2475,2425,0
2494,2422,0
2501,2417,0
2502,2417,0
2504,2420,0
2502,2427,0
2497,2434,0
2491,2447,0
2488,2468,0
2484,2490,0
2480,2514,0
2482,2546,0
2480,2575,0
2479,2608,0
2476,2642,0
2472,2671,0
2472,2708,0
2462,2732,0
2454,2758,0
2443,2778,0
2429,2790,0
2416,2796,0
2400,2796,0
2384,2790,0
2369,2772,0
2364,2751,0
2357,2719,0
2363,2688,0
2376,2656,0
2392,2615,0
2421,2577,0
2457,2538,0
2497,2505,1
3144,2252,0
3148,2237,0
3153,2220,0
3158,2205,0
3153,2185,0
3151,2171,0
3141,2158,0
3127,2149,0
3112,2147,0
3098,2152,0
3078,2159,0
3068,2181,0
3051,2208,0
3040,2246,0
3033,2292,0
3025,2342,0
3014,2393,0
3006,2448,0
2992,2496,0
2974,2531,0
2962,2562,0
2942,2577,0
2931,2585,0
2925,2586,0
2917,2581,0
2910,2572,0
2905,2555,0
2905,2535,0
2908,2512,0
2919,2495,0
2933,2478,0
2949,2464,0
2969,2458,0
2984,2456,0
3004,2461,0
3024,2470,0
3043,2480,0
3062,2495,0
3079,2512,0
3096,2529,0
3112,2541,0
3133,2550,0
3153,2554,0
3171,2549,0
3191,2536,0
3216,2519,0
3236,2495,0
3257,2470,0
3274,2443,0
3287,2415,0
3296,2388,0
3295,2367,0
3291,2354,0
3286,2347,0
3279,2349,0
3265,2357,0
3253,2375,0
3240,2398,0
3229,2426,0
3226,2456,0
3229,2491,0
3233,2521,0
3238,2543,0
3250,2559,0
3270,2567,0
3301,2572,0
3330,2561,0
3360,2544,0
3395,2527,0
3422,2500,0
3445,2470,0
3467,2442,0
3484,2412,0
3491,2387,0
3494,2366,0
3491,2352,0
3484,2342,0
3469,2335,0
3456,2336,0
3436,2340,0
3424,2355,0
3409,2369,0
3402,2389,0
3401,2412,0
3404,2437,0
3418,2465,0
3430,2487,0
3445,2505,0
3469,2521,0
3490,2528,0
3508,2526,0
3534,2523,0
3559,2514,0
3578,2500,0
3598,2484,0
3616,2465,0
3636,2447,0
3650,2427,0
3657,2405,0
3662,2388,0
3665,2372,0
3661,2357,0
3661,2346,0
3662,2338,0
3660,2328,0
3659,2323,0
3660,2322,0
3660,2322,0
3663,2324,0
3660,2322,0
3660,2322,0
3660,2322,0
3663,2324,0
3663,2324,0
3664,2323,0
3664,2323,0
3664,2323,0
3664,2323,0
3660,2321,0
3660,2321,0
3660,2322,0
3660,2322,0
3660,2322,0
3660,2322,0
3659,2323,0
3660,2322,0
3660,2322,0
3658,2323,0
3651,2321,1
3714,2255,0
3714,2255,0
3715,2254,0
3715,2254,0
3713,2257,0
3718,2271,0
3715,2292,0
3712,2315,0
3709,2332,1
3826,2319,0
3827,2313,0
3827,2306,0
3823,2299,0
3817,2294,0
3807,2292,0
3793,2290,0
3783,2297,0
3775,2307,0
3771,2318,0
3776,2332,0
3781,2345,0
3799,2361,0
3817,2376,0
3840,2393,0
3853,2408,0
3869,2427,0
3876,2444,0
3879,2459,0
3877,2474,0
3870,2487,0
3860,2501,0
3837,2509,0
3817,2520,0
3792,2525,0
3769,2527,0
3747,2527,0
3742,2527,0
3735,2516,1
4086,2375,0
4084,2371,0
4083,2371,0
4084,2371,0
4080,2375,0
4080,2390,0
4079,2412,0
4073,2439,0
4067,2466,0
4058,2485,0
4048,2496,0
4046,2500,0
4049,2502,0
4047,2499,0
4042,2485,0
4045,2468,0
4052,2447,0
4064,2424,0
4082,2400,0
4102,2380,0
4116,2361,0
4128,2350,0
4145,2347,0
4161,2345,0
4179,2349,0
4195,2354,0
4209,2361,0
4226,2371,0
4240,2379,0
4260,2386,0
4280,2385,0
4309,2378,0
4337,2359,0
4365,2338,0
4389,2315,0
4408,2293,0
4421,2273,0
4422,2257,0
4422,2248,0
4415,2245,0
4401,2246,0
4385,2256,0
4371,2270,0
4360,2293,0
4345,2316,0
4340,2347,0
4335,2376,0
4338,2407,0
4345,2432,0
4350,2446,0
4367,2456,0
4386,2457,0
4415,2451,0
4444,2435,0
4473,2414,0
4495,2388,0
4516,2362,0
4533,2344,0
4538,2327,0
4541,2316,0
4541,2314,0
4541,2316,0
4536,2324,0
4533,2344,0
4529,2364,0
4529,2386,0
4536,2405,0
4549,2421,0
4563,2428,0
4587,2430,0
4609,2423,0
4632,2410,0
4652,2393,0
4670,2374,0
4682,2352,0
4681,2331,0
4670,2310,0
4651,2295,0
4633,2287,0
4614,2287,0
4597,2292,1
4700,2267,0
4706,2265,0
4710,2268,0
4710,2274,0
4707,2287,0
4698,2301,0
4696,2322,0
4692,2345,0
4690,2364,0
4697,2382,0
4710,2400,0
4726,2411,0
4746,2417,0
4775,2416,0
4806,2412,0
4833,2398,0
4858,2385,1
4984,2286,0
4983,2277,0
4979,2268,0
4977,2264,0
4967,2258,0
4959,2256,0
4941,2255,0
4932,2263,0
4920,2278,0
4910,2297,0
4898,2317,0
4899,2347,0
4899,2372,0
4903,2395,0
4915,2407,0
4937,2416,0
4963,2413,0
4993,2401,0
5016,2384,0
5040,2367,0
5059,2347,0
5075,2326,0
5092,2304,0
5108,2282,0
5120,2259,0
5130,2240,0
5136,2219,0
5141,2200,0
5150,2182,0
5158,2166,0
5162,2149,0
5164,2134,0
5166,2121,0
5167,2111,0
5168,2109,0
5168,2109,0
5164,2116,0
5161,2133,0
5154,2156,0
5149,2185,0
5145,2219,0
5140,2254,0
5137,2289,0
5133,2319,0
5132,2348,0
5133,2370,0
5134,2384,0
5136,2391,0
5135,2392,0
5135,2392,0
5134,2386,0
5132,2374,0
5125,2361,0
5115,2346,0
5103,2334,0
5090,2324,0
5077,2314,0
5078,2312,0
5076,2309,0
5077,2306,0
5093,2303,0
5121,2300,0
5147,2294,0
5181,2289,0
5212,2281,0
5243,2275,0
5264,2268,0
5282,2266,0
5291,2265,0
5298,2270,0
5306,2282,0
5302,2297,0
5298,2316,0
5289,2333,0
5285,2350,0
5285,2367,0
5287,2380,0
5293,2386,0
5296,2388,0
5307,2384,0
5315,2371,1
5349,2202,0
5344,2186,0
5339,2176,0
5342,2171,1
5450,2249,0
5447,2247,0
5452,2248,0
5452,2248,0
5445,2253,0
5440,2263,0
5433,2278,0
5422,2300,0
5414,2326,0
5407,2346,0
5408,2364,0
5414,2379,0
5430,2391,0
5446,2396,0
5473,2393,0
5499,2379,0
5520,2362,0
5540,2340,0
5551,2317,0
5550,2292,0
5547,2272,0
5537,2253,0
5520,2244,0
5495,2239,0
5475,2244,0
5452,2256,0
5436,2271,0
5434,2285,0
5438,2292,1
5617,2232,0
5622,2234,0
5619,2237,0
5627,2251,0
5627,2269,0
5624,2294,0
5622,2320,0
5619,2344,0
5612,2358,0
5611,2367,0
5611,2369,0
5611,2369,0
5612,2366,0
5619,2352,0
5633,2333,0
5651,2312,0
5670,2292,0
5686,2275,0
5700,2264,0
5711,2258,0
5721,2258,0
5730,2265,0
5735,2282,0
5742,2305,0
5745,2330,0
5745,2356,0
5750,2374,0
5762,2386,0
5774,2390,0
5791,2383,0
5818,2371,0
5844,2354,0
5864,2329,0
5890,2309,0
5909,2286,0
5919,2263,0
5927,2244,0
5925,2229,0
5920,2219,0
5912,2217,0
5898,2220,0
5885,2231,0
5875,2245,0
5870,2263,0
5871,2281,0
5881,2301,0
5894,2318,0
5914,2333,0
5938,2340,0
5956,2338,0
5982,2328,0
6010,2314,0
6031,2297,0
6049,2274,0
6066,2253,0
6079,2233,0
6091,2215,0
6099,2204,0
6115,2198,0
6124,2196,0
6141,2198,0
6159,2208,0
6179,2222,0
6201,2243,0
6210,2260,0
6220,2280,0
6221,2297,0
6215,2314,0
6208,2330,0
6191,2348,0
6167,2366,0
6148,2387,0
6133,2402,1
6441,2096,0
6445,2098,0
6445,2098,0
6443,2102,0
6443,2113,0
6436,2132,0
6428,2154,0
6425,2183,0
6418,2215,0
6409,2249,0
6405,2282,0
6406,2310,0
6409,2335,0
6419,2352,0
6427,2366,0
6451,2371,0
6473,2369,0
6497,2364,0
6517,2355,0
6527,2342,0
6528,2330,1
6353,2241,0
6362,2239,0
6375,2236,0
6407,2233,0
6437,2232,0
6480,2234,0
6509,2234,0
6543,2234,0
6569,2234,1
6664,2221,0
6659,2219,0
6663,2223,0
6654,2233,0
6641,2248,0
6633,2268,0
6621,2291,0
6613,2310,0
6620,2324,0
6629,2335,0
6648,2340,0
6671,2335,0
6703,2320,0
6733,2299,0
6758,2276,0
6768,2249,0
6773,2227,0
6763,2205,0
6750,2193,0
6730,2188,0
6711,2196,0
6687,2215,0
6669,2243,0
6654,2269,1