lor closed his eyes, and
475
506,5518,0
505,5537,0
505,5570,0
505,5602,0
505,5638,0
506,5679,0
507,5715,0
512,5759,0
519,5796,0
528,5834,0
536,5863,0
543,5880,0
551,5887,1
764,5624,0
759,5623,0
743,5622,0
729,5622,0
705,5623,0
684,5634,0
658,5648,0
635,5670,0
614,5693,0
601,5716,0
593,5743,0
595,5771,0
603,5788,0
619,5810,0
641,5820,0
671,5829,0
705,5828,0
737,5826,0
759,5815,0
786,5805,0
803,5778,0
810,5754,0
813,5734,0
808,5710,0
801,5693,1
887,5657,0
895,5670,0
897,5685,0
902,5701,0
907,5721,0
910,5738,0
910,5750,0
911,5758,0
909,5766,0
907,5765,0
904,5766,0
902,5757,0
895,5745,0
892,5725,0
889,5709,0
891,5693,0
897,5677,0
911,5662,0
927,5654,0
951,5643,0
980,5635,0
1018,5636,0
1057,5636,0
1100,5636,0
1144,5648,1
1841,5518,0
1821,5518,0
1799,5520,0
1772,5528,0
1748,5535,0
1724,5546,0
1702,5561,0
1686,5578,0
1675,5596,0
1670,5612,0
1670,5632,0
1681,5656,0
1693,5670,0
1716,5684,0
1743,5697,0
1775,5705,0
1809,5708,0
1847,5707,0
1884,5702,0
1921,5688,0
1956,5675,0
1988,5658,0
2017,5641,0
2035,5617,0
2044,5599,1
2014,5443,0
2014,5458,0
2017,5482,0
2019,5511,0
2023,5538,0
2029,5566,0
2038,5593,0
2050,5614,0
2065,5632,1
2255,5525,0
2242,5516,0
2222,5507,0
2204,5511,0
2184,5520,0
2165,5532,0
2149,5547,0
2140,5565,0
2137,5586,0
2144,5605,0
2156,5623,0
2170,5629,0
2192,5632,0
2215,5636,0
2239,5627,0
2261,5614,0
2280,5601,0
2292,5586,0
2292,5570,0
2288,5559,0
2277,5549,1
2461,5513,0
2465,5508,0
2463,5504,0
2453,5499,0
2438,5494,0
2426,5501,0
2414,5512,0
2403,5519,0
2395,5530,0
2392,5542,0
2394,5550,0
2408,5563,0
2428,5574,0
2449,5590,0
2470,5605,0
2485,5614,0
2492,5624,0
2491,5633,0
2485,5647,0
2469,5655,0
2446,5665,0
2422,5671,0
2394,5669,0
2369,5668,0
2347,5660,1
2548,5602,0
2557,5603,0
2569,5600,0
2583,5592,0
2597,5583,0
2614,5575,0
2625,5564,0
2638,5555,0
2646,5540,0
2649,5532,0
2647,5524,0
2639,5518,0
2625,5513,0
2610,5518,0
2593,5527,0
2574,5536,0
2560,5552,0
2552,5571,0
2551,5588,0
2558,5611,0
2573,5631,0
2595,5651,0
2621,5664,0
2651,5676,0
2687,5683,1
2926,5545,0
2912,5532,0
2887,5520,0
2856,5508,0
2828,5509,0
2800,5515,0
2774,5523,0
2753,5542,0
2735,5560,0
2725,5580,0
2721,5602,0
2726,5617,0
2738,5630,0
2761,5640,0
2788,5644,0
2817,5639,0
2848,5629,1
2939,5459,0
2936,5443,0
2935,5439,0
2934,5440,0
2934,5453,0
2937,5477,0
2943,5509,0
2950,5540,0
2960,5570,0
2972,5600,0
2989,5619,0
3007,5630,0
3026,5632,0
3042,5622,0
3064,5610,0
3080,5587,1
3440,5286,0
3443,5289,0
3443,5285,0
3451,5295,0
3460,5308,0
3469,5326,0
3477,5344,0
3485,5371,0
3489,5395,0
3491,5421,0
3496,5446,0
3496,5467,0
3498,5484,0
3503,5499,0
3503,5504,0
3506,5506,0
3510,5505,0
3513,5494,0
3521,5482,0
3525,5462,0
3532,5442,0
3539,5421,0
3551,5402,0
3567,5385,0
3587,5367,0
3613,5359,0
3641,5354,0
3669,5359,0
3698,5371,0
3723,5385,0
3742,5402,0
3761,5424,0
3776,5443,0
3792,5466,0
3807,5486,0
3822,5501,0
3836,5511,1
3900,5414,0
3899,5428,0
3899,5438,0
3898,5448,0
3901,5463,0
3904,5472,0
3909,5478,0
3912,5480,0
3911,5472,1
3875,5296,0
3875,5287,0
3871,5279,0
3866,5273,0
3863,5270,1
4150,5328,0
4149,5324,0
4146,5321,0
4138,5317,0
4088,5327,1
4065,5345,0
4061,5353,0
4065,5364,0
4076,5376,0
4119,5397,0
4145,5410,0
4166,5426,0
4174,5476,0
4154,5493,0
4127,5503,0
4060,5509,0
3935,5431,1
4649,5350,0
4661,5347,0
4673,5339,0
4683,5327,0
4692,5315,0
4699,5306,0
4701,5295,0
4701,5285,0
4692,5276,0
4668,5269,0
4646,5265,0
4622,5267,0
4601,5277,0
4582,5289,0
4565,5310,0
4555,5332,0
4555,5360,0
4565,5383,0
4577,5409,0
4593,5431,0
4614,5451,0
4646,5463,0
4675,5478,0
4711,5482,0
4745,5479,0
4776,5472,0
4801,5463,0
4832,5447,0
4852,5432,1
4989,5272,0
4977,5290,0
4963,5311,0
4948,5332,0
4936,5361,0
4922,5386,0
4911,5405,0
4904,5424,0
4905,5448,0
4903,5469,0
4909,5490,0
4908,5511,0
4908,5530,0
4907,5546,0
4909,5564,0
4909,5583,0
4915,5598,1
4827,5292,0
4840,5303,0
4855,5326,0
4881,5347,0
4895,5367,1
5136,5308,0
5147,5306,0
5159,5301,0
5176,5292,0
5194,5283,0
5208,5267,0
5221,5252,0
5226,5242,0
5221,5230,0
5221,5221,0
5209,5214,0
5194,5216,0
5173,5223,0
5150,5236,0
5126,5250,0
5101,5265,0
5088,5285,0
5091,5308,0
5105,5327,0
5134,5341,0
5164,5364,0
5199,5371,0
5236,5378,0
5269,5381,0
5303,5375,0
5331,5368,0
5351,5347,0
5369,5331,0
5380,5306,1
5584,5134,0
5564,5136,0
5540,5137,0
5518,5145,0
5505,5151,0
5498,5163,0
5493,5173,0
5501,5186,0
5516,5205,0
5541,5226,0
5568,5251,0
5592,5272,0
5610,5294,0
5618,5313,0
5619,5329,0
5605,5340,0
5580,5352,0
5546,5355,0
5503,5354,0
5468,5348,0
5433,5335,0
5405,5317,0
5386,5296,0
5377,5278,0
5379,5260,1
5730,5358,0
5730,5368,0
5725,5383,0
5718,5400,0
5712,5417,1
6082,5168,0
6058,5170,0
6035,5181,0
6009,5195,0
5986,5212,0
5974,5235,0
5967,5257,0
5967,5275,0
5977,5298,0
5992,5312,0
6013,5325,0
6042,5330,0
6073,5329,0
6095,5318,0
6116,5303,0
6129,5279,0
6138,5260,0
6145,5240,0
6145,5224,0
6150,5219,0
6153,5216,0
6154,5221,0
6160,5232,0
6169,5250,0
6184,5269,0
6199,5289,0
6220,5302,0
6238,5306,0
6257,5304,0
6277,5296,0
6291,5280,0
6299,5261,0
6302,5235,1
6288,5151,0
6289,5168,0
6288,5186,0
6295,5209,0
6297,5229,0
6297,5245,0
6303,5262,0
6305,5272,0
6306,5277,0
6306,5277,0
6306,5271,0
6303,5257,0
6302,5241,0
6304,5222,0
6309,5204,0
6319,5188,0
6336,5178,0
6355,5168,0
6376,5164,0
6406,5166,0
6435,5177,0
6465,5191,0
6493,5208,0
6519,5228,0
6546,5251,0
6571,5272,0
6599,5295,0
6623,5309,0
6652,5325,1
6791,5189,0
6765,5182,0
6739,5182,0
6701,5181,0
6668,5189,0
6638,5198,0
6619,5214,0
6602,5232,0
6598,5253,0
6602,5273,0
6616,5294,0
6640,5309,0
6667,5322,0
6698,5328,0
6727,5327,0
6755,5320,0
6779,5304,0
6796,5280,0
6809,5259,0
6815,5234,0
6814,5206,1
6774,5050,0
6779,5069,0
6779,5093,0
6781,5128,0
6785,5165,0
6787,5200,0
6790,5238,0
6802,5280,0
6814,5320,0
6826,5361,0
6842,5397,0
6850,5428,0
6862,5452,1