Ormston continued,
343
1056,5364,0
1025,5364,0
994,5376,0
962,5403,0
935,5434,0
922,5482,0
924,5530,0
935,5574,0
960,5611,0
991,5631,0
1022,5631,0
1051,5617,0
1081,5585,0
1096,5540,0
1103,5496,0
1104,5452,0
1100,5420,0
1089,5396,0
1071,5384,0
1056,5380,0
1048,5380,1
1197,5494,0
1194,5491,0
1190,5487,0
1189,5491,0
1194,5511,0
1199,5539,0
1206,5571,0
1218,5606,0
1226,5622,0
1230,5631,0
1231,5630,0
1229,5622,0
1218,5599,0
1214,5566,0
1218,5535,0
1233,5510,0
1249,5490,0
1268,5477,0
1285,5469,0
1301,5475,0
1315,5487,0
1326,5499,0
1334,5510,0
1344,5518,0
1353,5517,1
1364,5500,0
1365,5508,0
1368,5520,0
1367,5537,0
1368,5552,0
1373,5569,0
1381,5568,0
1390,5567,0
1400,5550,0
1412,5538,0
1424,5518,0
1434,5505,0
1444,5503,0
1445,5512,0
1447,5528,0
1448,5552,0
1452,5575,0
1456,5583,0
1467,5586,0
1483,5581,0
1504,5568,0
1524,5546,0
1544,5520,0
1566,5506,0
1585,5508,0
1592,5516,0
1602,5531,0
1604,5554,0
1607,5566,0
1611,5574,0
1617,5582,0
1623,5581,1
1838,5499,0
1821,5493,0
1798,5496,0
1773,5499,0
1751,5506,0
1741,5523,0
1739,5532,0
1756,5549,0
1780,5559,0
1812,5575,0
1843,5587,0
1863,5600,0
1871,5611,0
1864,5624,0
1849,5634,0
1828,5641,0
1804,5644,0
1783,5648,0
1771,5641,0
1768,5625,0
1779,5604,1
1924,5434,0
1925,5433,0
1923,5437,0
1923,5453,0
1923,5477,0
1927,5513,0
1935,5549,0
1940,5580,0
1951,5610,0
1951,5627,0
1951,5631,0
1952,5627,1
1895,5563,0
1905,5561,0
1925,5558,0
1954,5557,0
1986,5561,0
2018,5563,0
2046,5566,0
2067,5566,1
2112,5554,0
2110,5539,0
2098,5528,0
2082,5527,0
2062,5535,0
2046,5550,0
2039,5576,0
2042,5600,0
2055,5622,0
2081,5637,0
2114,5643,0
2146,5641,0
2170,5637,0
2183,5626,0
2184,5609,0
2178,5598,0
2167,5588,0
2156,5582,0
2150,5583,1
2261,5564,0
2265,5564,0
2260,5561,0
2258,5569,0
2251,5578,0
2252,5599,0
2256,5619,0
2266,5629,0
2281,5634,0
2298,5629,0
2316,5618,0
2336,5601,0
2351,5581,0
2362,5566,0
2367,5552,0
2368,5557,0
2369,5564,0
2369,5581,0
2374,5600,0
2382,5619,0
2394,5632,0
2409,5637,0
2421,5642,0
2429,5636,0
2437,5634,1
3116,5552,0
3114,5545,0
3103,5532,0
3083,5530,0
3055,5532,0
3030,5554,0
3005,5576,0
2993,5610,0
2990,5640,0
3004,5665,0
3030,5686,0
3058,5692,0
3093,5701,1
3298,5601,0
3300,5587,0
3297,5571,0
3282,5560,0
3255,5553,0
3225,5557,0
3196,5569,0
3180,5592,0
3173,5612,0
3184,5637,0
3210,5653,0
3247,5665,0
3288,5665,0
3332,5660,0
3366,5646,0
3383,5626,0
3389,5610,0
3382,5592,0
3366,5586,0
3344,5582,0
3323,5581,1
3444,5605,0
3459,5598,0
3465,5595,0
3462,5592,0
3455,5600,0
3447,5612,0
3446,5629,0
3451,5640,0
3467,5646,0
3492,5644,0
3524,5639,0
3552,5627,0
3576,5607,0
3595,5598,0
3600,5588,0
3598,5588,0
3595,5598,0
3595,5615,0
3597,5632,0
3609,5653,0
3626,5667,0
3648,5680,0
3670,5677,0
3688,5665,0
3707,5647,1
3742,5456,0
3745,5459,0
3749,5466,0
3759,5483,0
3769,5514,0
3780,5545,0
3788,5576,0
3805,5608,0
3812,5631,0
3816,5639,0
3817,5642,0
3804,5635,1
3715,5581,0
3721,5573,0
3747,5574,0
3783,5570,0
3822,5567,0
3865,5568,0
3902,5566,0
3928,5567,0
3946,5571,0
3950,5578,0
3952,5600,0
3948,5619,0
3948,5642,0
3951,5659,0
3956,5670,0
3961,5672,0
3962,5662,0
3964,5643,0
3962,5612,0
3954,5576,1
3909,5477,0
3921,5480,0
3935,5487,0
3942,5491,1
4013,5567,0
4017,5569,0
4027,5578,0
4031,5585,0
4034,5602,0
4041,5616,0
4051,5632,0
4067,5638,0
4079,5636,0
4092,5629,0
4101,5619,0
4111,5605,0
4115,5588,0
4116,5578,0
4116,5579,0
4118,5587,0
4122,5602,0
4124,5620,0
4132,5634,0
4145,5645,0
4164,5653,0
4182,5651,0
4200,5646,0
4219,5636,0
4227,5617,0
4229,5597,0
4232,5590,0
4232,5590,0
4229,5611,0
4235,5625,0
4246,5642,0
4258,5654,0
4278,5666,0
4298,5668,0
4316,5667,0
4331,5658,0
4343,5642,0
4350,5623,0
4354,5607,0
4354,5602,0
4354,5607,0
4372,5639,0
4387,5647,0
4408,5659,0
4465,5643,0
4473,5628,0
4466,5609,0
4441,5596,0
4425,5601,0
4413,5612,0
4421,5660,0
4437,5677,0
4461,5692,0
4524,5700,0
4543,5688,0
4567,5658,0
4570,5642,0
4568,5624,0
4553,5606,0
4532,5610,0
4519,5623,0
4513,5646,0
4521,5682,0
4539,5694,0
4560,5692,0
4590,5653,0
4607,5618,0
4620,5567,0
4630,5483,0
4631,5464,0
4632,5463,0
4628,5471,0
4623,5503,0
4622,5542,0
4631,5584,0
4643,5619,0
4656,5648,0
4664,5667,1
4828,5689,0
4830,5692,0
4835,5702,0
4831,5719,0
4821,5741,0
4761,5791,0
4736,5797,1