He outdistanced his attendants with
1006
514,2088,0
535,2097,0
541,2099,0
517,2096,0
549,2110,0
550,2126,0
563,2147,0
571,2174,0
580,2205,0
582,2234,0
583,2268,1
554,2244,0
561,2245,0
561,2241,0
575,2241,0
557,2228,0
579,2224,0
599,2225,0
617,2226,0
631,2220,0
641,2222,0
651,2217,0
663,2219,0
670,2212,1
673,2098,0
672,2103,0
673,2106,0
675,2116,0
677,2132,0
679,2152,0
680,2178,0
682,2202,0
683,2227,0
687,2252,0
691,2277,0
697,2295,0
703,2312,0
708,2321,0
711,2326,0
714,2326,0
716,2330,1
798,2241,0
796,2237,0
798,2238,0
805,2239,0
818,2236,0
834,2234,0
853,2229,0
872,2222,0
887,2212,0
900,2209,0
904,2201,0
904,2198,0
899,2197,0
886,2195,0
868,2198,0
848,2208,0
827,2222,0
810,2240,0
801,2258,0
796,2270,0
801,2287,0
813,2300,0
832,2311,0
855,2313,0
880,2311,0
904,2306,0
926,2303,0
941,2297,0
953,2297,1
1392,2169,0
1387,2166,0
1382,2162,0
1377,2159,0
1375,2163,0
1369,2168,0
1359,2178,0
1353,2198,0
1347,2215,0
1350,2231,0
1360,2246,0
1379,2256,0
1403,2260,0
1426,2256,0
1446,2249,0
1459,2234,0
1468,2220,0
1472,2207,0
1473,2191,0
1471,2175,0
1465,2164,0
1455,2154,0
1445,2152,0
1430,2149,0
1416,2157,0
1401,2163,0
1393,2172,0
1388,2177,0
1390,2181,1
1536,2133,0
1532,2134,0
1529,2134,0
1527,2139,0
1522,2144,0
1522,2160,0
1528,2180,0
1537,2198,0
1549,2212,0
1561,2222,0
1575,2226,0
1586,2219,0
1601,2212,0
1613,2195,0
1623,2177,0
1629,2158,0
1630,2142,0
1628,2130,0
1626,2122,0
1623,2118,0
1620,2115,0
1618,2116,0
1621,2128,0
1624,2143,0
1629,2162,0
1635,2181,0
1644,2200,0
1650,2210,0
1657,2217,0
1662,2215,0
1669,2210,0
1675,2195,0
1685,2180,1
1701,2007,0
1700,2007,0
1700,2007,0
1705,2018,0
1708,2025,0
1718,2043,0
1726,2061,0
1736,2084,0
1739,2099,0
1749,2125,0
1758,2148,0
1762,2164,0
1766,2174,0
1774,2188,0
1774,2188,0
1778,2192,0
1778,2191,1
1689,2111,0
1688,2112,0
1693,2114,0
1696,2109,0
1713,2112,0
1736,2113,0
1760,2113,0
1783,2113,0
1800,2112,0
1812,2111,0
1819,2108,0
1825,2106,0
1830,2104,1
1949,2133,0
1945,2130,0
1940,2124,0
1937,2121,0
1932,2118,0
1927,2121,0
1925,2135,0
1918,2147,0
1912,2162,0
1912,2179,0
1915,2195,0
1916,2203,0
1930,2215,0
1936,2213,0
1947,2207,0
1959,2194,0
1973,2175,0
1985,2151,0
1994,2125,0
2000,2101,0
1995,2068,0
1997,2049,0
1998,2031,0
1995,2014,0
1995,2010,0
1995,2010,0
1995,2014,0
2000,2030,0
2007,2053,0
2008,2075,0
2014,2102,0
2018,2128,0
2020,2149,0
2026,2168,0
2030,2176,0
2035,2182,0
2042,2183,1
2091,2109,0
2089,2110,0
2088,2111,0
2090,2114,0
2089,2119,0
2092,2131,0
2093,2144,0
2094,2157,0
2098,2169,0
2105,2178,0
2104,2174,0
2103,2166,0
2109,2159,1
2085,1999,0
2079,1998,0
2079,1998,0
2082,2001,0
2084,2004,1
2216,2082,0
2208,2077,0
2200,2076,0
2190,2077,0
2182,2083,0
2172,2089,0
2163,2094,0
2161,2099,0
2165,2106,0
2178,2117,0
2190,2124,0
2199,2124,0
2215,2128,0
2229,2134,0
2241,2141,0
2251,2148,0
2256,2154,0
2250,2154,0
2245,2157,0
2236,2162,0
2229,2171,0
2210,2173,0
2194,2177,0
2180,2180,0
2166,2178,0
2160,2181,0
2152,2181,0
2145,2176,0
2145,2176,1
2316,1955,0
2318,1958,0
2321,1961,0
2323,1971,0
2321,1981,0
2326,1997,0
2330,2019,0
2333,2041,0
2334,2064,0
2336,2086,0
2340,2107,0
2342,2125,0
2350,2140,0
2355,2151,0
2354,2152,0
2357,2154,0
2355,2150,1
2278,2066,0
2280,2070,0
2282,2070,0
2288,2070,0
2301,2071,0
2321,2072,0
2339,2070,0
2356,2069,0
2371,2068,1
2519,2070,0
2512,2065,0
2509,2063,0
2504,2060,0
2494,2058,0
2483,2062,0
2469,2067,0
2455,2077,0
2444,2089,0
2436,2101,0
2435,2116,0
2439,2128,0
2451,2140,0
2461,2142,0
2478,2145,0
2494,2143,0
2508,2137,0
2521,2129,0
2531,2116,0
2540,2104,0
2544,2092,0
2544,2082,0
2541,2073,0
2540,2069,0
2543,2071,0
2543,2072,0
2543,2077,0
2544,2086,0
2552,2100,0
2560,2114,0
2568,2128,0
2578,2141,0
2579,2145,0
2586,2150,0
2590,2152,0
2593,2149,0
2602,2142,1
2645,2057,0
2644,2058,0
2646,2066,0
2651,2077,0
2653,2087,0
2656,2099,0
2658,2113,0
2657,2124,0
2656,2131,0
2655,2132,0
2655,2132,0
2650,2125,0
2651,2118,0
2651,2109,0
2653,2097,0
2656,2084,0
2663,2072,0
2670,2062,0
2683,2056,0
2691,2049,0
2701,2046,0
2709,2044,0
2721,2051,0
2733,2060,0
2742,2069,0
2751,2082,0
2755,2094,0
2762,2109,0
2764,2119,0
2770,2130,0
2771,2133,0
2776,2135,0
2776,2130,1
2873,2018,0
2870,2016,0
2866,2014,0
2865,2015,0
2857,2017,0
2849,2025,0
2839,2036,0
2830,2048,0
2818,2059,0
2819,2075,0
2821,2090,0
2827,2100,0
2842,2108,0
2857,2111,0
2880,2112,0
2899,2110,0
2917,2105,0
2933,2100,0
2943,2090,0
2952,2082,0
2958,2076,1
2971,2046,0
2975,2048,0
2980,2043,0
2994,2040,0
3007,2031,0
3023,2027,0
3029,2021,0
3033,2017,0
3033,2011,0
3035,2008,0
3028,2005,0
3022,2005,0
3011,2011,0
2993,2017,0
2977,2029,0
2969,2043,0
2963,2055,0
2966,2068,0
2973,2078,0
2988,2086,0
3006,2090,0
3031,2094,0
3053,2093,0
3077,2092,0
3098,2087,0
3115,2080,0
3130,2071,0
3148,2063,0
3158,2052,1
3188,2012,0
3185,2009,0
3180,2003,0
3180,2002,0
3174,1999,0
3163,1998,0
3150,2002,0
3134,2007,0
3126,2022,0
3121,2034,0
3120,2046,0
3129,2059,0
3138,2067,0
3149,2073,0
3163,2076,0
3176,2073,0
3190,2065,0
3206,2053,0
3215,2036,0
3224,2019,0
3221,1998,0
3222,1979,0
3221,1961,0
3219,1945,0
3216,1930,0
3214,1920,0
3206,1910,0
3204,1906,0
3201,1904,0
3203,1908,0
3204,1920,0
3204,1937,0
3209,1956,0
3218,1978,0
3226,1999,0
3233,2017,0
3240,2032,0
3245,2043,0
3250,2051,0
3256,2057,0
3256,2057,0
3259,2058,0
3257,2056,0
3253,2054,0
3251,2051,1
3553,1846,0
3549,1853,0
3554,1868,0
3559,1886,0
3568,1910,0
3571,1932,0
3574,1956,0
3579,1984,0
3578,2005,0
3584,2024,0
3587,2034,0
3589,2038,0
3590,2036,0
3590,2029,0
3596,2015,0
3600,1995,0
3609,1977,0
3617,1959,0
3628,1942,0
3638,1927,0
3655,1918,0
3665,1909,0
3683,1911,0
3699,1917,0
3711,1927,0
3720,1942,0
3728,1960,0
3734,1979,0
3740,1998,0
3740,2013,0
3738,2022,0
3740,2027,0
3739,2028,1
3793,1927,0
3793,1927,0
3795,1931,0
3794,1939,0
3797,1950,0
3793,1962,0
3793,1976,0
3796,1995,0
3799,2012,0
3803,2027,0
3802,2036,0
3803,2040,0
3804,2039,0
3804,2034,0
3807,2021,0
3806,2002,0
3807,1978,1
3799,1804,0
3795,1802,0
3791,1802,0
3791,1802,0
3793,1805,1
3957,1928,0
3952,1923,0
3946,1915,0
3940,1912,0
3930,1911,0
3915,1913,0
3899,1915,0
3887,1921,0
3882,1929,0
3881,1938,0
3888,1949,0
3892,1957,0
3906,1966,0
3926,1978,0
3940,1985,0
3959,1993,0
3969,2000,0
3979,2007,0
3984,2013,0
3983,2016,0
3979,2021,0
3972,2025,0
3962,2027,0
3943,2026,0
3928,2026,0
3910,2025,0
3900,2026,0
3892,2025,0
3882,2024,1
4362,1906,0
4358,1903,0
4351,1899,0
4343,1897,0
4336,1895,0
4329,1899,0
4321,1905,0
4311,1913,0
4304,1927,0
4298,1940,0
4299,1954,0
4305,1968,0
4316,1981,0
4330,1988,0
4339,1989,0
4349,1986,0
4366,1982,0
4381,1971,0
4396,1960,0
4408,1945,0
4418,1929,0
4425,1915,0
4430,1904,0
4430,1896,0
4424,1890,0
4420,1888,0
4416,1888,0
4420,1890,0
4422,1895,0
4420,1905,0
4424,1917,0
4425,1930,0
4432,1944,0
4442,1959,0
4450,1968,0
4462,1981,0
4471,1990,0
4470,1991,0
4474,1993,0
4477,1987,0
4480,1972,1
4533,1737,0
4533,1739,0
4532,1741,0
4533,1748,0
4541,1759,0
4540,1771,0
4545,1789,0
4548,1812,0
4546,1833,0
4550,1861,0
4555,1886,0
4565,1912,0
4569,1932,0
4574,1946,0
4582,1958,0
4584,1964,0
4584,1964,0
4584,1964,0
4578,1958,0
4573,1949,0
4566,1937,1
4502,1877,0
4503,1876,0
4503,1874,0
4504,1874,0
4515,1878,0
4528,1878,0
4549,1882,0
4562,1882,0
4576,1882,0
4584,1883,0
4589,1882,0
4594,1881,0
4591,1877,1
4648,1765,0
4650,1771,0
4649,1783,0
4642,1797,0
4647,1816,0
4646,1836,0
4646,1856,0
4649,1875,0
4653,1896,0
4658,1913,0
4665,1927,0
4670,1935,0
4669,1938,0
4672,1939,0
4673,1938,0
4675,1935,0
4671,1923,1
4618,1879,0
4618,1879,0
4617,1878,0
4622,1879,0
4630,1880,0
4639,1879,0
4657,1881,0
4678,1882,0
4693,1879,0
4706,1878,0
4716,1877,0
4724,1877,0
4725,1874,1
4782,1897,0
4777,1896,0
4782,1895,0
4796,1893,0
4803,1887,0
4814,1883,0
4821,1878,0
4826,1875,0
4825,1870,0
4822,1867,0
4818,1865,0
4811,1862,0
4801,1865,0
4784,1870,0
4771,1879,0
4762,1890,0
4753,1900,0
4755,1913,0
4760,1925,0
4768,1935,0
4782,1944,0
4801,1949,0
4825,1952,0
4840,1950,0
4859,1947,0
4871,1942,0
4887,1936,0
4895,1927,0
4903,1918,1
4908,1860,0
4904,1858,0
4907,1860,0
4905,1865,0
4910,1875,0
4905,1885,0
4908,1898,0
4905,1907,0
4909,1917,0
4907,1920,0
4906,1923,0
4906,1923,0
4907,1920,0
4912,1918,0
4910,1905,0
4912,1890,0
4918,1877,0
4920,1862,0
4921,1851,0
4920,1843,0
4934,1841,0
4936,1836,0
4948,1838,0
4960,1842,0
4973,1850,0
4982,1860,0
4990,1873,0
5000,1888,0
5004,1900,0
5008,1910,0
5021,1920,0
5016,1922,0
5023,1926,1
5117,1868,0
5112,1862,0
5114,1856,0
5109,1848,0
5103,1842,0
5093,1835,0
5086,1832,0
5076,1831,0
5076,1835,0
5072,1841,0
5069,1850,0
5064,1862,0
5074,1879,0
5076,1894,0
5084,1908,0
5092,1916,0
5106,1923,0
5120,1923,0
5136,1918,0
5169,1870,0
5177,1850,0
5177,1829,0
5172,1808,0
5171,1789,0
5170,1773,0
5165,1761,0
5160,1754,0
5161,1751,0
5161,1751,0
5161,1751,0
5162,1760,0
5165,1774,0
5172,1790,0
5173,1807,0
5182,1826,0
5192,1846,0
5202,1865,0
5209,1879,0
5216,1891,0
5219,1897,0
5225,1902,0
5228,1906,0
5228,1905,1
5325,1836,0
5326,1833,0
5327,1831,0
5321,1824,0
5318,1821,0
5315,1818,0
5308,1815,0
5303,1814,0
5295,1814,0
5286,1817,0
5278,1824,0
5267,1832,0
5257,1844,0
5253,1857,0
5251,1870,0
5259,1882,0
5272,1893,0
5284,1896,0
5297,1896,0
5308,1891,0
5319,1884,0
5327,1873,0
5337,1861,0
5337,1848,0
5341,1838,0
5344,1831,0
5342,1826,0
5339,1822,0
5339,1823,0
5342,1826,0
5347,1835,0
5351,1846,0
5359,1859,0
5370,1874,0
5378,1887,0
5379,1895,0
5385,1901,0
5392,1904,0
5398,1903,0
5408,1899,0
5416,1889,1
5414,1818,0
5413,1819,0
5409,1818,0
5412,1821,0
5414,1829,0
5414,1838,0
5423,1850,0
5426,1862,0
5429,1870,0
5426,1873,0
5426,1874,0
5430,1875,0
5431,1873,0
5429,1866,0
5434,1854,0
5439,1842,0
5440,1827,0
5448,1818,0
5456,1808,0
5467,1803,0
5477,1799,0
5489,1801,0
5496,1803,0
5509,1814,0
5519,1821,0
5530,1839,0
5538,1850,0
5549,1868,0
5558,1879,0
5562,1889,0
5569,1895,0
5571,1898,0
5575,1900,0
5575,1900,0
5571,1899,0
5576,1899,0
5572,1896,1
5605,1713,0
5602,1710,0
5606,1709,0
5602,1708,0
5606,1709,0
5605,1710,0
5615,1718,0
5620,1729,0
5634,1749,0
5642,1765,0
5655,1789,0
5659,1810,0
5669,1831,0
5675,1850,0
5679,1864,0
5687,1874,0
5686,1878,0
5685,1879,0
5687,1877,0
5681,1869,0
5675,1862,1
5589,1794,0
5586,1790,0
5592,1787,0
5601,1783,0
5620,1778,0
5645,1779,0
5663,1777,0
5684,1777,0
5701,1778,0
5713,1777,0
5726,1777,0
5735,1777,0
5752,1777,1
5836,1765,0
5833,1762,0
5824,1761,0
5822,1759,0
5817,1760,0
5807,1764,0
5797,1768,0
5794,1777,0
5791,1788,0
5795,1798,0
5800,1809,0
5815,1817,0
5824,1826,0
5839,1833,0
5844,1838,0
5851,1845,0
5853,1849,0
5853,1853,0
5854,1858,0
5846,1860,0
5832,1862,0
5815,1863,0
5797,1865,0
5781,1863,0
5771,1865,0
5763,1866,0
5750,1865,0
5742,1864,0
5742,1864,1
6160,1765,0
6155,1765,0
6155,1765,0
6160,1766,0
6155,1766,0
6157,1776,0
6153,1788,0
6153,1800,0
6162,1814,0
6169,1826,0
6184,1836,0
6199,1841,0
6215,1844,0
6228,1841,0
6239,1832,0
6256,1820,0
6264,1806,0
6268,1793,0
6273,1780,0
6275,1771,0
6273,1765,0
6273,1763,0
6270,1762,0
6269,1766,0
6265,1778,0
6268,1795,0
6276,1812,0
6283,1828,0
6295,1840,0
6311,1845,0
6328,1845,0
6346,1842,0
6356,1834,0
6369,1820,0
6374,1804,0
6378,1791,0
6373,1779,0
6372,1768,0
6375,1763,0
6371,1760,0
6367,1759,1
6455,1758,0
6452,1754,0
6452,1754,0
6452,1752,0
6452,1756,0
6454,1762,0
6455,1773,0
6454,1788,0
6462,1803,0
6466,1819,0
6470,1832,0
6467,1842,0
6474,1846,0
6473,1847,0
6476,1842,0
6476,1828,0
6473,1809,1
6438,1609,0
6443,1609,0
6443,1610,0
6450,1611,0
6454,1614,1
6544,1616,0
6544,1616,0
6544,1616,0
6543,1621,0
6549,1631,0
6548,1648,0
6552,1665,0
6555,1686,0
6556,1713,0
6557,1735,0
6560,1756,0
6563,1775,0
6568,1788,0
6564,1797,0
6570,1804,0
6570,1807,0
6570,1809,1
6500,1734,0
6504,1734,0
6503,1735,0
6511,1736,0
6527,1739,0
6535,1739,0
6547,1741,0
6563,1744,0
6570,1747,0
6578,1749,0
6582,1751,0
6590,1751,0
6595,1748,1
6636,1631,0
6632,1629,0
6642,1637,0
6640,1646,0
6644,1662,0
6649,1677,0
6648,1693,0
6647,1715,0
6645,1733,0
6639,1754,0
6642,1770,0
6639,1783,0
6644,1797,0
6642,1803,0
6645,1806,0
6645,1805,0
6642,1802,0
6645,1792,0
6653,1778,0
6662,1763,0
6669,1750,0
6681,1739,0
6683,1730,0
6693,1725,0
6702,1725,0
6710,1723,0
6726,1729,0
6739,1740,0
6744,1751,0
6753,1763,0
6762,1776,0
6768,1788,0
6772,1797,0
6774,1805,0
6781,1811,0
6785,1814,0
6784,1814,0
6787,1819,0
6783,1819,0
6779,1819,0
6779,1819,1