with the blues scar at the side
583
499,2427,0
493,2426,0
492,2426,0
492,2426,0
491,2429,0
489,2446,0
484,2469,0
479,2505,0
475,2541,0
476,2566,0
482,2580,0
491,2586,0
504,2581,0
519,2568,0
532,2555,0
540,2540,0
542,2540,0
543,2541,0
548,2550,0
557,2568,0
572,2580,0
593,2592,0
615,2597,0
634,2593,0
655,2579,0
675,2563,0
690,2533,0
699,2506,0
699,2478,0
693,2461,0
685,2439,0
678,2425,0
674,2405,1
812,2425,0
818,2426,0
826,2427,0
832,2439,0
834,2460,0
834,2492,0
836,2528,0
837,2564,0
835,2589,0
834,2605,0
834,2604,0
833,2592,0
835,2564,1
801,2351,0
796,2339,0
796,2330,0
798,2331,0
801,2331,1
926,2259,0
926,2267,0
931,2271,0
941,2300,0
948,2341,0
955,2389,0
962,2438,0
966,2482,0
968,2522,0
969,2554,0
968,2574,0
966,2578,0
966,2582,1
888,2485,0
889,2481,0
902,2478,0
924,2475,0
947,2477,0
970,2482,0
991,2479,0
1013,2480,1
1058,2277,0
1059,2281,0
1065,2288,0
1074,2313,0
1081,2357,0
1091,2405,0
1100,2449,0
1107,2492,0
1111,2521,0
1117,2533,0
1125,2536,0
1133,2533,0
1144,2516,0
1160,2495,0
1175,2475,0
1185,2466,0
1194,2470,0
1207,2481,0
1225,2500,0
1249,2523,0
1273,2533,0
1295,2539,0
1315,2545,0
1335,2543,0
1362,2544,1
1604,2280,0
1606,2285,0
1611,2304,0
1614,2335,0
1611,2374,0
1609,2411,0
1611,2443,0
1625,2473,0
1650,2500,0
1679,2517,0
1710,2534,0
1736,2539,0
1766,2552,0
1787,2550,0
1804,2540,0
1817,2533,0
1824,2517,1
1569,2453,0
1547,2449,0
1544,2446,0
1546,2441,0
1562,2430,0
1585,2417,0
1615,2405,0
1648,2389,0
1687,2370,1
1813,2213,0
1816,2221,0
1821,2244,0
1824,2282,0
1821,2321,0
1819,2359,0
1818,2393,0
1819,2418,0
1826,2437,0
1836,2446,0
1846,2451,0
1860,2442,0
1879,2427,0
1899,2412,0
1920,2404,0
1933,2400,0
1947,2411,0
1956,2425,0
1964,2443,0
1974,2465,0
1988,2485,0
2008,2503,0
2031,2511,0
2058,2517,0
2086,2514,0
2111,2504,0
2133,2485,0
2150,2464,0
2163,2440,0
2167,2420,0
2165,2412,0
2152,2410,0
2133,2419,0
2123,2445,0
2113,2471,0
2119,2499,0
2136,2514,0
2171,2524,0
2215,2531,0
2253,2525,0
2296,2521,1
2471,2280,0
2474,2273,0
2478,2275,0
2484,2282,0
2489,2297,0
2495,2321,0
2496,2340,0
2496,2355,0
2497,2363,0
2509,2374,0
2526,2383,0
2545,2384,0
2567,2384,0
2589,2388,0
2613,2401,0
2624,2409,0
2622,2415,0
2616,2428,0
2599,2445,0
2582,2465,0
2559,2475,0
2540,2483,0
2524,2483,0
2517,2479,0
2505,2467,0
2498,2453,0
2497,2439,0
2504,2425,0
2521,2415,1
2629,2292,0
2630,2291,0
2637,2297,0
2641,2309,0
2639,2334,0
2642,2371,0
2638,2403,0
2642,2430,0
2649,2449,0
2660,2462,0
2673,2468,0
2683,2461,0
2707,2453,0
2726,2434,0
2736,2412,0
2749,2403,0
2749,2397,0
2750,2396,0
2753,2400,0
2749,2407,0
2754,2423,0
2762,2432,0
2768,2433,0
2776,2432,0
2789,2432,0
2796,2422,0
2806,2415,0
2814,2403,0
2823,2397,0
2825,2400,0
2830,2410,0
2837,2430,0
2844,2450,0
2856,2462,0
2874,2468,0
2884,2466,0
2895,2462,0
2905,2459,0
2912,2453,0
2922,2444,0
2939,2441,1
3018,2422,0
3015,2420,0
3023,2423,0
3032,2421,0
3045,2415,0
3055,2400,0
3070,2387,0
3074,2368,0
3073,2357,0
3069,2356,0
3057,2357,0
3041,2371,0
3019,2390,0
3006,2422,0
3001,2447,0
3013,2468,0
3032,2479,0
3060,2486,0
3086,2485,0
3115,2477,0
3148,2467,1
3268,2349,0
3264,2347,0
3253,2347,0
3236,2352,0
3227,2366,0
3223,2375,0
3233,2388,0
3242,2396,0
3250,2405,0
3258,2414,0
3259,2418,0
3263,2426,0
3257,2432,0
3242,2441,0
3214,2456,0
3180,2471,1
3756,2407,0
3760,2408,0
3757,2405,0
3761,2407,0
3761,2407,0
3759,2403,0
3757,2400,0
3754,2397,0
3755,2395,0
3753,2391,0
3752,2387,0
3752,2387,0
3740,2381,0
3736,2380,0
3728,2379,0
3721,2379,0
3723,2384,0
3715,2381,0
3713,2384,0
3712,2384,0
3715,2386,0
3715,2387,0
3715,2387,0
3715,2387,0
3715,2386,0
3716,2386,0
3716,2386,0
3716,2386,0
3713,2384,0
3712,2384,0
3715,2387,0
3710,2386,0
3711,2392,0
3717,2403,0
3732,2417,0
3749,2427,0
3773,2441,0
3790,2453,0
3800,2466,0
3800,2478,0
3793,2492,0
3777,2506,0
3751,2516,0
3723,2524,0
3703,2529,0
3688,2527,0
3681,2523,0
3673,2514,0
3674,2501,1
4013,2373,0
3996,2369,0
3978,2366,0
3961,2369,0
3938,2377,0
3908,2391,0
3887,2417,0
3876,2444,0
3885,2464,0
3900,2478,0
3916,2482,0
3938,2480,0
3964,2475,1
4163,2370,0
4164,2369,0
4164,2369,0
4157,2371,0
4140,2382,0
4110,2402,0
4094,2430,0
4088,2452,0
4085,2463,0
4095,2469,0
4101,2468,0
4116,2463,0
4133,2446,0
4150,2423,0
4162,2400,0
4171,2388,0
4168,2385,0
4170,2388,0
4165,2388,0
4164,2403,0
4168,2419,0
4181,2434,0
4199,2443,0
4222,2447,0
4246,2446,0
4266,2439,0
4286,2432,0
4309,2421,0
4326,2410,0
4342,2408,0
4349,2412,0
4356,2423,0
4359,2433,0
4362,2442,0
4372,2450,0
4374,2453,0
4372,2450,0
4371,2451,0
4372,2449,0
4365,2432,0
4356,2409,0
4351,2387,0
4351,2373,0
4355,2361,0
4361,2352,0
4365,2345,0
4377,2341,0
4391,2342,0
4408,2345,1
4828,2277,0
4829,2275,0
4830,2275,0
4823,2272,0
4805,2278,0
4778,2292,0
4753,2321,0
4734,2352,0
4734,2374,0
4735,2381,0
4736,2380,0
4739,2375,0
4754,2364,0
4763,2343,0
4780,2322,0
4783,2307,0
4784,2306,0
4787,2309,0
4794,2322,0
4796,2342,0
4805,2366,0
4811,2379,0
4823,2391,0
4825,2396,0
4831,2399,1
5120,2198,0
5132,2182,0
5146,2170,0
5149,2164,0
5152,2169,0
5152,2186,0
5144,2212,0
5137,2252,0
5129,2293,0
5123,2329,0
5132,2355,0
5144,2374,0
5158,2384,0
5168,2390,0
5176,2392,0
5181,2391,0
5182,2389,0
5184,2386,0
5190,2384,0
5192,2379,0
5196,2372,1
4879,2176,0
4883,2176,0
4883,2176,0
4888,2186,0
4891,2203,0
4895,2231,0
4893,2260,0
4889,2292,0
4893,2324,0
4896,2351,0
4904,2371,0
4927,2388,0
4941,2393,0
4958,2396,0
4973,2395,0
4977,2389,0
4978,2378,1
4871,2315,0
4868,2313,0
4869,2312,0
4884,2308,0
4910,2303,0
4932,2297,0
4958,2290,0
4986,2281,1
5092,2278,0
5093,2277,0
5107,2275,0
5127,2271,0
5142,2268,0
5161,2268,0
5175,2265,0
5193,2265,0
5206,2258,1
5245,2171,0
5244,2173,0
5266,2190,0
5279,2220,0
5281,2252,0
5290,2287,0
5290,2314,0
5294,2332,0
5296,2338,0
5299,2340,0
5299,2338,0
5311,2333,0
5331,2321,0
5354,2300,0
5378,2289,0
5392,2279,0
5407,2276,0
5418,2280,0
5429,2294,0
5437,2314,0
5451,2340,0
5468,2360,0
5489,2370,0
5537,2365,0
5566,2352,0
5588,2333,0
5610,2314,0
5616,2293,0
5617,2282,0
5604,2271,0
5581,2265,0
5556,2270,0
5539,2288,0
5528,2310,0
5537,2328,0
5559,2339,0
5590,2347,0
5617,2347,0
5644,2345,0
5668,2343,0
5689,2342,0
5706,2345,0
5721,2350,0
5725,2352,1
6042,2188,0
6042,2188,0
6041,2189,0
6042,2188,0
6037,2190,0
6027,2203,0
6023,2222,0
6029,2241,0
6046,2260,0
6064,2279,0
6078,2296,0
6089,2314,0
6090,2330,0
6078,2347,0
6058,2362,0
6030,2370,0
5992,2375,0
5959,2371,0
5932,2363,0
5911,2348,0
5909,2335,1
6128,2239,0
6145,2242,0
6167,2253,0
6172,2270,0
6177,2289,0
6179,2315,0
6182,2339,0
6184,2355,1
6206,2143,0
6202,2130,0
6206,2118,0
6210,2111,0
6207,2106,1
6339,2220,0
6341,2224,0
6340,2229,0
6329,2246,0
6303,2266,0
6285,2299,0
6272,2333,0
6280,2352,0
6292,2358,0
6312,2350,0
6336,2333,0
6362,2304,0
6387,2262,0
6405,2215,0
6417,2172,0
6419,2145,0
6425,2129,0
6421,2125,0
6423,2134,0
6420,2163,0
6408,2231,0
6415,2258,0
6420,2273,0
6437,2287,0
6459,2297,0
6491,2303,0
6522,2301,0
6546,2284,0
6570,2265,0
6587,2244,0
6589,2227,0
6587,2219,0
6572,2213,0
6554,2217,0
6526,2236,0
6507,2263,0
6498,2286,0
6507,2307,0
6541,2330,0
6595,2343,0
6647,2345,0
6683,2338,0
6711,2333,1