she regarded as signs of
544
911,4997,0
904,4997,0
886,5001,0
856,5007,0
813,5025,0
788,5044,0
774,5055,0
772,5062,0
781,5079,0
804,5088,0
842,5111,0
872,5132,0
901,5166,0
920,5197,0
923,5238,0
908,5286,0
877,5332,0
843,5371,0
803,5397,0
762,5411,0
722,5412,0
692,5402,0
674,5384,0
665,5359,0
662,5344,0
663,5328,0
670,5316,0
687,5301,0
714,5287,1
1000,4804,0
1001,4804,0
1004,4812,0
1004,4836,0
998,4880,0
991,4948,0
988,5028,0
989,5115,0
989,5196,0
986,5263,0
986,5296,0
987,5296,0
995,5284,0
1011,5248,0
1030,5200,0
1057,5152,0
1085,5108,0
1107,5088,0
1119,5096,0
1126,5108,0
1134,5140,0
1140,5188,0
1148,5240,0
1158,5291,0
1172,5332,0
1196,5359,0
1225,5375,0
1254,5373,0
1279,5364,0
1304,5335,0
1324,5298,0
1341,5257,0
1345,5214,0
1336,5186,0
1314,5163,0
1287,5156,0
1264,5168,0
1245,5190,0
1235,5234,0
1243,5281,0
1264,5329,0
1298,5364,0
1344,5385,0
1395,5387,0
1448,5379,1
1835,5111,0
1843,5142,0
1852,5180,0
1857,5225,0
1860,5265,0
1861,5301,0
1863,5325,0
1862,5330,0
1861,5325,0
1860,5313,0
1859,5274,0
1860,5224,0
1870,5175,0
1890,5138,0
1917,5110,0
1935,5094,0
1962,5086,0
1985,5081,0
2010,5093,0
2034,5109,0
2053,5134,1
2090,5208,0
2113,5207,0
2137,5195,0
2160,5169,0
2181,5144,0
2198,5112,0
2207,5097,0
2207,5093,0
2193,5084,0
2174,5088,0
2146,5098,0
2117,5129,0
2087,5168,0
2064,5221,0
2049,5269,0
2055,5308,0
2073,5334,0
2106,5344,0
2144,5339,0
2191,5318,0
2236,5295,0
2281,5260,0
2317,5223,0
2347,5187,0
2364,5149,0
2370,5127,0
2364,5108,0
2352,5099,0
2338,5098,0
2320,5107,0
2298,5125,0
2278,5154,0
2263,5199,0
2258,5229,0
2258,5257,0
2273,5274,0
2289,5279,0
2311,5270,0
2331,5244,0
2353,5214,0
2372,5172,0
2386,5135,0
2391,5110,0
2388,5098,0
2381,5091,0
2377,5096,0
2376,5122,0
2372,5172,0
2373,5238,0
2369,5318,0
2365,5397,0
2359,5493,0
2349,5586,0
2328,5668,0
2291,5738,0
2236,5786,0
2178,5819,0
2123,5825,0
2072,5805,0
2034,5771,0
2010,5723,0
2004,5663,0
2022,5607,0
2056,5549,0
2103,5495,1
2549,5127,0
2536,5127,0
2519,5132,0
2499,5142,0
2480,5163,0
2464,5202,0
2451,5243,0
2452,5279,0
2459,5298,0
2472,5298,0
2491,5285,0
2514,5258,0
2535,5223,0
2551,5177,0
2569,5134,0
2580,5093,0
2580,5080,0
2580,5080,0
2580,5088,0
2577,5122,0
2580,5163,0
2590,5207,0
2597,5238,0
2612,5259,0
2631,5265,0
2654,5254,0
2680,5233,0
2704,5209,0
2719,5191,0
2726,5193,0
2727,5197,0
2724,5219,0
2717,5243,0
2712,5269,0
2706,5279,0
2704,5277,0
2704,5267,0
2709,5237,0
2717,5197,0
2731,5158,0
2750,5122,0
2772,5103,0
2786,5088,0
2802,5083,0
2817,5078,0
2835,5076,0
2856,5081,0
2883,5093,0
2905,5101,0
2930,5109,0
2951,5110,0
2968,5112,0
2975,5113,0
2970,5120,0
2956,5134,0
2936,5146,0
2917,5161,0
2897,5181,0
2883,5207,0
2873,5240,0
2871,5271,0
2877,5291,0
2892,5301,0
2911,5295,0
2938,5281,0
2964,5250,0
2988,5207,0
3011,5151,0
3031,5087,0
3049,5020,0
3052,4950,0
3050,4907,0
3042,4884,0
3038,4886,0
3037,4899,0
3036,4948,0
3035,5012,0
3032,5088,0
3027,5158,0
3028,5222,0
3039,5273,0
3052,5298,0
3069,5301,0
3091,5288,0
3115,5269,0
3134,5240,0
3154,5214,0
3173,5185,0
3189,5161,0
3199,5144,0
3199,5135,0
3199,5131,0
3196,5127,0
3190,5122,0
3181,5121,0
3164,5124,0
3145,5136,0
3127,5156,0
3121,5185,0
3119,5207,0
3120,5220,0
3132,5237,0
3146,5248,0
3170,5260,0
3197,5262,0
3223,5260,0
3247,5259,0
3264,5255,0
3273,5243,0
3280,5231,0
3286,5224,0
3287,5219,0
3286,5212,0
3288,5206,0
3294,5199,0
3303,5190,0
3317,5184,0
3332,5173,0
3348,5166,0
3362,5151,0
3376,5135,0
3385,5122,0
3387,5117,0
3382,5110,0
3373,5110,0
3359,5113,0
3341,5120,0
3327,5149,0
3308,5183,0
3291,5222,0
3290,5257,0
3301,5282,0
3318,5288,0
3344,5286,0
3370,5265,0
3398,5235,0
3419,5186,0
3436,5129,0
3440,5061,0
3432,4993,0
3423,4936,0
3413,4896,0
3412,4897,0
3412,4905,0
3411,4950,0
3416,5018,0
3427,5080,0
3449,5146,0
3474,5200,1
4071,5072,0
4078,5068,0
4078,5058,0
4077,5050,0
4057,5038,0
4032,5044,0
3995,5062,0
3959,5102,0
3921,5142,0
3902,5185,0
3896,5216,0
3905,5234,0
3920,5239,0
3946,5238,0
3969,5225,0
3995,5211,0
4014,5186,0
4027,5155,0
4029,5121,0
4030,5106,0
4028,5098,0
4029,5098,0
4026,5095,0
4026,5099,0
4032,5119,0
4046,5156,0
4061,5190,0
4082,5224,0
4095,5239,0
4109,5245,0
4132,5240,0
4157,5221,0
4188,5197,0
4227,5164,0
4263,5126,0
4295,5087,0
4324,5048,0
4339,5019,0
4338,5005,0
4322,5002,0
4288,5009,0
4249,5035,0
4218,5065,0
4203,5098,0
4198,5125,0
4210,5151,0
4239,5166,0
4275,5175,0
4314,5184,0
4334,5190,0
4333,5196,0
4327,5204,0
4311,5224,0
4296,5233,0
4279,5245,0
4254,5250,0
4231,5256,0
4213,5257,0
4203,5255,0
4205,5257,0
4220,5262,1
4907,5072,0
4888,5062,0
4867,5057,0
4836,5055,0
4796,5062,0
4768,5082,0
4748,5097,0
4748,5122,0
4765,5149,0
4793,5169,0
4826,5188,0
4858,5210,0
4871,5225,0
4873,5239,0
4859,5254,0
4821,5263,0
4777,5270,0
4724,5273,0
4677,5272,0
4642,5267,0
4622,5262,0
4616,5251,0
4627,5239,0
4664,5218,0
4706,5192,1
5012,5117,0
5014,5134,0
5018,5157,0
5011,5178,0
5002,5201,0
4987,5222,0
4985,5234,0
4986,5233,0
4999,5223,1
5060,5021,0
5058,5017,0
5053,5011,0
5049,5009,0
5044,5003,0
5046,5006,0
5055,5020,0
5064,5033,1
5182,5087,0
5181,5092,0
5168,5103,0
5144,5118,0
5125,5144,0
5105,5175,0
5099,5211,0
5099,5236,0
5114,5250,0
5138,5251,0
5170,5240,0
5195,5216,0
5219,5185,0
5242,5146,0
5251,5101,0
5250,5065,0
5245,5049,0
5243,5050,0
5243,5062,0
5247,5100,0
5243,5155,0
5240,5231,0
5230,5310,0
5214,5400,0
5183,5480,0
5141,5552,0
5087,5617,0
5031,5664,0
4976,5683,0
4936,5676,0
4914,5648,0
4908,5604,0
4912,5552,0
4927,5496,0
4953,5438,0
4987,5383,1
5390,5071,0
5386,5075,0
5383,5088,0
5379,5113,0
5378,5145,0
5371,5178,0
5368,5202,0
5368,5212,0
5369,5211,0
5371,5209,0
5373,5181,0
5386,5149,0
5402,5120,0
5423,5096,0
5450,5078,0
5477,5064,0
5499,5059,0
5521,5073,0
5533,5099,0
5535,5130,0
5526,5170,0
5516,5212,0
5502,5250,0
5493,5274,0
5496,5282,1
5728,5059,0
5729,5055,0
5716,5049,0
5694,5055,0
5663,5078,0
5624,5103,0
5594,5136,0
5572,5161,0
5564,5185,0
5583,5210,0
5616,5224,0
5656,5237,0
5682,5244,0
5691,5248,0
5686,5257,0
5663,5274,0
5627,5284,0
5590,5301,0
5555,5315,0
5529,5332,0
5513,5346,1
6270,5147,0
6259,5141,0
6244,5139,0
6218,5150,0
6182,5180,0
6149,5231,0
6125,5284,0
6125,5322,0
6143,5344,0
6172,5359,0
6206,5356,0
6249,5335,0
6287,5296,0
6314,5240,0
6324,5189,0
6316,5145,0
6285,5108,0
6247,5091,0
6215,5088,0
6202,5091,0
6206,5098,0
6218,5120,0
6244,5139,0
6278,5161,0
6309,5187,1
6244,5601,0
6243,5619,0
6250,5624,0
6256,5618,0
6263,5590,0
6278,5536,0
6304,5461,0
6333,5376,0
6375,5281,0
6418,5189,0
6467,5107,0
6516,5052,0
6556,5014,0
6588,4996,0
6608,4992,0
6616,5006,0
6601,5043,1
6318,5304,0
6322,5306,0
6346,5310,0
6381,5303,0
6425,5281,0
6476,5262,0
6519,5245,0
6560,5241,1