Francesco She despised for
584
732,1187,0
724,1189,0
728,1177,0
732,1179,0
734,1196,0
731,1225,0
725,1265,0
723,1319,0
719,1372,0
718,1439,0
711,1507,0
699,1566,0
692,1618,0
690,1647,0
690,1655,0
691,1660,0
687,1645,1
702,1254,0
692,1246,0
691,1237,0
699,1235,0
715,1224,0
752,1216,0
803,1192,0
868,1170,0
933,1146,0
993,1137,0
1032,1132,0
1054,1141,0
1054,1160,1
742,1416,0
738,1406,0
778,1385,0
823,1375,0
862,1357,0
894,1351,0
924,1351,0
949,1358,0
962,1363,1
1032,1432,0
1032,1432,0
1044,1452,0
1049,1469,0
1054,1496,0
1056,1529,0
1055,1553,0
1054,1565,0
1053,1565,0
1047,1556,0
1038,1544,0
1028,1520,0
1027,1488,0
1040,1460,0
1061,1428,0
1091,1401,0
1126,1376,0
1159,1363,0
1188,1368,0
1205,1379,0
1216,1398,0
1215,1417,0
1213,1445,0
1210,1470,0
1206,1491,1
1341,1406,0
1336,1406,0
1325,1404,0
1315,1411,0
1300,1422,0
1287,1440,0
1275,1470,0
1259,1509,0
1251,1551,0
1253,1578,0
1264,1592,0
1279,1594,0
1298,1588,0
1313,1573,0
1326,1559,0
1331,1538,0
1336,1512,0
1334,1484,0
1339,1463,0
1339,1443,0
1337,1435,0
1331,1428,0
1334,1431,0
1338,1438,0
1348,1457,0
1365,1491,0
1375,1521,0
1386,1547,0
1394,1561,0
1405,1568,0
1412,1566,0
1420,1560,0
1428,1541,0
1439,1514,0
1452,1481,0
1464,1453,0
1471,1434,0
1475,1424,0
1479,1419,0
1482,1423,0
1483,1426,0
1486,1438,0
1489,1467,0
1491,1503,0
1498,1539,0
1500,1550,0
1510,1551,0
1524,1543,0
1539,1517,0
1558,1486,0
1581,1451,0
1604,1419,0
1625,1403,0
1636,1401,0
1645,1411,0
1650,1430,0
1655,1464,0
1655,1498,0
1656,1533,0
1660,1557,0
1672,1570,1
1896,1409,0
1873,1405,0
1853,1408,0
1832,1421,0
1812,1442,0
1793,1475,0
1780,1509,0
1783,1539,0
1795,1561,0
1824,1572,0
1863,1573,0
1900,1562,0
1937,1553,1
1982,1515,0
1998,1513,0
2024,1505,0
2056,1492,0
2084,1476,0
2102,1467,0
2105,1460,0
2104,1450,0
2098,1440,0
2075,1428,0
2050,1426,0
2023,1438,0
1989,1452,0
1965,1479,0
1947,1510,0
1944,1539,0
1956,1565,0
1980,1578,0
2019,1587,0
2058,1580,0
2095,1568,1
2236,1427,0
2210,1434,0
2184,1440,0
2164,1448,0
2158,1458,0
2155,1465,0
2169,1475,0
2198,1481,0
2245,1488,0
2287,1494,0
2316,1500,0
2330,1510,0
2331,1524,0
2313,1541,0
2277,1557,0
2232,1568,0
2191,1575,0
2166,1580,0
2149,1577,0
2150,1576,0
2154,1574,1
2478,1451,0
2473,1450,0
2463,1454,0
2450,1469,0
2438,1493,0
2428,1520,0
2425,1540,0
2441,1558,0
2459,1568,0
2486,1570,0
2514,1563,0
2545,1555,0
2560,1544,0
2575,1540,0
2570,1534,0
2572,1532,0
2568,1524,0
2565,1522,0
2562,1519,0
2562,1519,0
2565,1520,0
2565,1522,0
2564,1523,0
2573,1531,0
2575,1534,0
2580,1541,0
2582,1544,0
2585,1547,0
2586,1546,1
2642,1438,0
2634,1434,0
2633,1437,0
2620,1440,0
2607,1449,0
2593,1466,0
2585,1493,0
2571,1526,0
2563,1558,0
2572,1584,0
2590,1594,0
2623,1588,0
2665,1572,0
2702,1522,0
2713,1510,0
2719,1483,0
2704,1456,0
2683,1432,0
2649,1409,0
2625,1395,0
2598,1384,1
3448,1224,0
3448,1206,0
3431,1196,0
3397,1192,0
3356,1196,0
3306,1209,0
3251,1230,0
3211,1258,0
3188,1285,0
3184,1309,0
3194,1331,0
3220,1352,0
3249,1374,0
3271,1398,0
3291,1429,0
3296,1461,0
3280,1496,0
3246,1534,0
3195,1569,0
3136,1599,0
3082,1620,0
3035,1630,0
3001,1629,0
2977,1621,0
2971,1615,0
2969,1611,0
2979,1604,0
3002,1594,0
3037,1580,1
3465,1267,0
3472,1242,0
3477,1220,0
3487,1205,0
3483,1195,0
3483,1196,0
3483,1205,0
3479,1235,0
3470,1291,0
3452,1357,0
3430,1425,0
3412,1482,0
3402,1525,0
3402,1549,0
3404,1552,0
3407,1549,0
3421,1533,0
3450,1498,0
3489,1461,0
3518,1439,0
3537,1436,0
3539,1441,0
3545,1465,0
3547,1494,0
3547,1529,0
3556,1561,0
3567,1582,0
3590,1592,0
3623,1590,0
3656,1570,0
3695,1540,0
3727,1505,0
3747,1474,0
3747,1447,0
3732,1430,0
3706,1430,0
3667,1445,0
3641,1478,0
3633,1511,0
3645,1539,0
3685,1560,0
3730,1567,0
3783,1570,0
3837,1570,0
3888,1568,1
4457,1407,0
4442,1401,0
4426,1399,0
4408,1403,0
4385,1417,0
4354,1442,0
4318,1480,0
4280,1517,0
4263,1547,0
4265,1563,0
4280,1569,0
4304,1563,0
4330,1543,0
4361,1512,0
4391,1469,0
4414,1419,0
4439,1363,0
4459,1306,0
4469,1249,0
4479,1204,0
4482,1182,0
4474,1178,0
4472,1186,0
4463,1216,0
4459,1266,0
4452,1326,0
4442,1392,0
4436,1454,0
4432,1506,0
4438,1544,0
4451,1566,0
4473,1575,0
4497,1571,1
4523,1504,0
4519,1504,0
4536,1503,0
4566,1492,0
4604,1469,0
4642,1447,0
4665,1431,0
4675,1427,0
4672,1423,0
4660,1422,0
4637,1426,0
4601,1435,0
4555,1452,0
4517,1476,0
4484,1505,0
4472,1535,0
4483,1563,0
4505,1581,0
4546,1587,0
4598,1576,0
4655,1561,0
4704,1546,0
4753,1530,0
4787,1509,0
4819,1488,1
4797,1416,0
4762,1421,0
4751,1429,0
4741,1433,0
4740,1435,0
4754,1444,0
4780,1455,0
4819,1465,0
4840,1476,0
4850,1485,0
4846,1496,0
4828,1513,0
4792,1529,0
4756,1545,0
4718,1553,0
4687,1556,0
4671,1556,0
4655,1551,0
4657,1547,0
4659,1541,1
4917,1462,0
4923,1469,0
4930,1486,0
4923,1507,0
4916,1539,0
4903,1585,0
4891,1641,0
4871,1700,0
4858,1754,0
4851,1791,0
4845,1806,0
4848,1808,0
4845,1804,0
4848,1778,0
4857,1736,0
4866,1681,0
4885,1610,0
4898,1539,0
4922,1484,0
4954,1439,0
4985,1410,0
5009,1399,0
5026,1400,0
5043,1413,0
5050,1439,0
5052,1474,0
5039,1512,0
5013,1541,0
4987,1565,0
4966,1577,0
4944,1580,0
4929,1573,0
4917,1558,0
4925,1536,0
4944,1518,0
4966,1503,0
4992,1491,1
5155,1455,0
5162,1460,0
5163,1469,0
5159,1481,0
5154,1500,0
5151,1518,0
5151,1532,0
5150,1534,0
5156,1529,0
5167,1508,0
5176,1481,0
5173,1449,1
5157,1365,0
5154,1363,0
5154,1363,0
5149,1363,1
5356,1384,0
5373,1384,0
5373,1384,0
5359,1385,0
5330,1389,0
5294,1398,0
5257,1409,0
5244,1423,0
5249,1434,0
5267,1446,0
5306,1455,0
5345,1462,0
5380,1471,0
5389,1482,0
5378,1490,0
5358,1505,0
5315,1519,0
5269,1531,0
5233,1536,0
5213,1535,0
5213,1534,0
5215,1529,0
5238,1521,0
5284,1511,0
5318,1498,1
5450,1446,0
5450,1447,0
5455,1446,0
5468,1441,0
5497,1426,0
5527,1409,0
5565,1392,0
5595,1373,0
5619,1358,0
5622,1351,0
5614,1347,0
5581,1350,0
5543,1368,0
5494,1394,0
5458,1421,0
5438,1446,0
5432,1464,0
5440,1482,0
5465,1492,0
5506,1495,0
5549,1491,0
5593,1484,0
5634,1476,0
5656,1471,0
5665,1466,1
5800,1382,0
5793,1377,0
5776,1377,0
5758,1385,0
5733,1403,0
5708,1430,0
5687,1464,0
5678,1493,0
5680,1516,0
5693,1527,0
5716,1535,0
5738,1530,0
5767,1515,0
5793,1484,0
5816,1445,0
5832,1399,0
5844,1353,0
5845,1298,0
5854,1242,0
5857,1194,0
5856,1174,0
5856,1172,0
5851,1177,0
5840,1213,0
5834,1276,0
5836,1338,0
5841,1397,0
5852,1450,0
5887,1492,1
6288,1783,0
6287,1789,0
6291,1789,0
6289,1783,0
6290,1750,0
6293,1700,0
6303,1633,0
6337,1556,0
6379,1471,0
6419,1391,0
6468,1317,0
6523,1250,0
6590,1199,0
6648,1166,0
6682,1160,0
6705,1170,0
6701,1192,1
6273,1450,0
6266,1450,0
6283,1445,0
6324,1429,0
6382,1408,0
6444,1389,0
6508,1375,0
6555,1368,0
6588,1369,0
6604,1370,0
6601,1380,0
6585,1400,0
6558,1426,0
6539,1456,0
6531,1489,0
6537,1517,0
6565,1534,0
6602,1537,0
6642,1524,0
6689,1503,0
6727,1479,0
6758,1450,0
6763,1430,0
6746,1415,0
6719,1406,0
6686,1407,0
6657,1411,0
6652,1411,0
6657,1409,0
6652,1409,0
6661,1411,0
6668,1412,0
6684,1416,1
6724,1419,0
6735,1427,0
6752,1442,0
6763,1466,0
6777,1493,0
6791,1521,0
6799,1541,0
6799,1556,0
6789,1566,0
6780,1568,0
6770,1558,0
6758,1537,0
6753,1507,0
6761,1478,0
6766,1451,0
6792,1426,0
6833,1406,0
6885,1394,0
6942,1395,0
6985,1409,1