Vittoria, who had forgotten the
644
1274,2192,0
1286,2182,0
1300,2160,0
1321,2142,0
1340,2123,0
1359,2108,0
1376,2094,0
1390,2080,0
1400,2070,0
1406,2069,0
1407,2069,0
1406,2081,0
1401,2102,0
1394,2140,0
1391,2188,0
1382,2231,0
1380,2268,0
1385,2291,0
1395,2301,0
1409,2303,0
1428,2297,0
1448,2273,0
1475,2236,0
1505,2188,0
1537,2140,0
1566,2105,0
1590,2077,0
1607,2057,0
1621,2040,1
1546,2233,0
1555,2227,0
1563,2221,0
1573,2222,0
1579,2225,0
1583,2236,0
1585,2252,0
1585,2269,0
1580,2274,1
1605,2202,0
1609,2201,0
1609,2197,0
1610,2197,0
1613,2195,0
1619,2198,0
1623,2201,0
1619,2206,1
1623,2292,0
1635,2285,0
1652,2268,0
1676,2244,0
1704,2216,0
1734,2181,0
1763,2142,0
1787,2108,0
1800,2082,0
1807,2070,0
1805,2067,0
1801,2072,0
1790,2094,0
1775,2129,0
1762,2172,0
1754,2213,0
1755,2241,0
1763,2251,0
1777,2246,0
1798,2231,0
1821,2198,0
1849,2162,0
1876,2121,0
1898,2082,0
1916,2060,0
1922,2053,0
1920,2053,0
1913,2062,0
1903,2088,0
1890,2123,0
1872,2162,0
1862,2199,0
1856,2227,0
1853,2241,0
1850,2246,0
1846,2244,0
1839,2238,1
1767,2111,0
1768,2111,0
1780,2106,0
1807,2105,0
1838,2102,0
1874,2099,0
1908,2094,0
1940,2094,0
1961,2093,0
1971,2092,0
1978,2102,0
1976,2112,0
1968,2125,1
1880,2235,0
1885,2237,0
1894,2229,0
1915,2225,0
1941,2219,0
1968,2208,0
1994,2196,0
2017,2186,0
2031,2174,0
2046,2173,0
2053,2169,0
2055,2167,0
2057,2167,0
2055,2167,0
2053,2168,0
2043,2164,0
2034,2169,0
2022,2175,0
2007,2182,0
1993,2197,0
1980,2212,0
1972,2224,0
1967,2226,0
1974,2231,0
1983,2231,0
1995,2222,0
2019,2211,0
2040,2193,0
2063,2177,0
2084,2166,0
2101,2163,0
2107,2164,0
2107,2174,0
2105,2201,0
2094,2224,0
2085,2242,0
2082,2253,0
2077,2250,0
2085,2251,0
2101,2244,0
2116,2222,0
2140,2201,0
2168,2186,0
2183,2178,0
2188,2176,0
2190,2183,0
2190,2197,0
2183,2205,0
2181,2211,1
2205,2139,0
2207,2137,0
2210,2136,0
2211,2135,0
2215,2137,0
2216,2137,0
2217,2141,0
2215,2146,1
2200,2223,0
2215,2224,0
2235,2222,0
2257,2215,0
2282,2205,0
2306,2195,0
2321,2181,0
2339,2175,0
2348,2169,0
2352,2166,0
2352,2166,0
2350,2168,0
2342,2168,0
2334,2178,0
2323,2193,0
2316,2212,0
2311,2219,0
2320,2224,0
2332,2212,0
2352,2190,0
2374,2176,0
2384,2170,0
2394,2178,0
2404,2195,0
2420,2208,0
2446,2211,0
2480,2202,0
2502,2181,1
2690,2206,0
2693,2218,0
2688,2234,0
2680,2254,0
2669,2277,1
2845,2169,0
2858,2158,0
2871,2146,0
2898,2133,0
2917,2116,0
2932,2101,0
2944,2094,0
2946,2093,0
2944,2094,0
2938,2106,0
2930,2125,0
2921,2145,0
2919,2162,0
2923,2169,0
2927,2171,0
2937,2174,0
2958,2170,0
2974,2155,0
2994,2140,0
3011,2125,0
3024,2112,0
3033,2103,0
3041,2101,0
3042,2099,0
3038,2098,0
3037,2099,0
3036,2100,0
3030,2100,0
3031,2105,0
3028,2114,0
3024,2129,0
3018,2147,0
3018,2168,0
3018,2178,0
3021,2181,0
3035,2178,0
3049,2166,0
3071,2150,0
3084,2137,0
3098,2133,0
3110,2132,0
3124,2135,0
3134,2136,0
3146,2135,0
3165,2133,0
3185,2123,0
3203,2104,0
3221,2084,0
3235,2063,0
3247,2042,0
3255,2022,0
3256,2000,0
3258,1985,0
3257,1976,0
3252,1969,0
3247,1968,0
3242,1968,0
3237,1974,0
3229,1989,0
3219,2013,0
3204,2043,0
3193,2079,0
3176,2110,0
3170,2139,0
3167,2154,0
3169,2158,0
3179,2159,0
3188,2149,0
3202,2146,0
3209,2150,0
3222,2160,0
3235,2175,0
3248,2190,0
3266,2201,0
3296,2204,0
3318,2191,0
3361,2174,0
3396,2152,0
3421,2133,0
3436,2128,0
3437,2128,0
3440,2130,0
3446,2135,0
3457,2135,0
3469,2127,1
3418,2169,0
3401,2182,0
3391,2193,0
3389,2203,0
3392,2205,0
3402,2200,0
3415,2183,0
3437,2159,0
3452,2133,0
3472,2117,0
3486,2106,0
3504,2101,0
3513,2096,1
3681,2121,0
3694,2118,0
3713,2111,0
3732,2100,0
3756,2087,0
3778,2070,0
3800,2053,0
3819,2032,0
3832,2012,0
3843,1996,0
3853,1982,0
3857,1968,0
3860,1956,0
3857,1947,0
3855,1940,0
3853,1937,0
3842,1932,0
3837,1932,0
3835,1936,0
3826,1940,0
3819,1952,0
3813,1969,0
3803,1992,0
3792,2022,0
3779,2054,0
3769,2089,0
3763,2118,0
3757,2140,0
3754,2149,0
3759,2151,0
3767,2147,0
3773,2133,0
3785,2128,0
3790,2130,0
3787,2133,0
3795,2148,0
3801,2161,0
3812,2172,0
3824,2177,0
3844,2177,0
3863,2171,0
3884,2162,0
3906,2152,0
3926,2145,0
3938,2134,0
3957,2128,0
3967,2119,0
3972,2113,0
3974,2109,0
3974,2109,0
3974,2110,0
3964,2111,0
3954,2118,0
3949,2133,0
3940,2145,0
3943,2154,0
3947,2156,0
3958,2154,0
3971,2142,0
3979,2131,0
3984,2130,0
3983,2133,0
3981,2142,0
3980,2152,0
3988,2160,0
3998,2167,0
4014,2166,0
4041,2161,0
4063,2149,0
4088,2141,0
4102,2134,0
4111,2133,0
4111,2133,0
4112,2140,0
4105,2151,0
4095,2165,0
4087,2179,0
4081,2188,0
4088,2190,0
4092,2186,0
4106,2171,0
4124,2143,0
4147,2115,0
4172,2082,0
4197,2051,0
4210,2027,0
4216,2017,0
4216,2017,0
4203,2023,0
4191,2046,0
4173,2082,0
4159,2126,0
4148,2157,0
4159,2178,0
4179,2184,0
4213,2176,0
4246,2159,1
4519,2133,0
4511,2131,0
4517,2136,0
4533,2142,0
4547,2140,0
4560,2128,0
4579,2108,0
4603,2081,0
4621,2048,0
4647,2014,0
4666,1978,0
4677,1947,0
4682,1927,0
4683,1918,0
4676,1914,0
4666,1917,0
4654,1931,0
4642,1965,0
4621,2012,0
4598,2065,0
4572,2121,0
4560,2174,0
4550,2215,0
4552,2243,0
4554,2255,1
4551,2075,0
4545,2072,0
4546,2076,0
4562,2081,0
4583,2084,0
4617,2089,0
4647,2092,0
4675,2092,0
4698,2092,0
4715,2092,0
4732,2095,0
4736,2094,0
4741,2095,0
4741,2095,0
4741,2095,0
4736,2096,0
4729,2099,0
4714,2104,0
4700,2112,0
4684,2125,0
4672,2138,0
4668,2145,0
4668,2147,0
4676,2147,0
4688,2142,0
4705,2128,0
4724,2110,0
4757,2099,0
4786,2087,0
4799,2079,0
4807,2081,0
4813,2087,0
4814,2101,0
4802,2116,0
4795,2137,0
4788,2151,0
4786,2154,0
4790,2156,0
4798,2149,0
4813,2138,0
4838,2123,0
4860,2107,0
4881,2094,0
4893,2087,0
4893,2087,0
4892,2089,0
4888,2098,0
4883,2106,0
4881,2111,0
4888,2115,0
4897,2114,0
4907,2112,0
4917,2111,0
4923,2108,0
4932,2109,0
4933,2115,0
4941,2127,0
4939,2139,0
4939,2157,0
4932,2178,0
4917,2205,0
4893,2225,0
4877,2239,0
4866,2242,0
4866,2241,0
4856,2227,0
4866,2208,0
4895,2188,0
4923,2169,0
4953,2145,0
4990,2127,0
5020,2111,0
5039,2099,0
5057,2092,0
5058,2089,0
5059,2093,0
5043,2099,0
5040,2116,0
5026,2127,0
5019,2139,0
5016,2145,0
5018,2142,0
5034,2137,0
5059,2121,0
5086,2094,0
5116,2067,0
5144,2036,0
5174,2010,0
5183,1980,0
5198,1966,0
5202,1958,0
5204,1959,0
5193,1966,0
5177,1984,0
5158,2015,0
5137,2051,0
5129,2078,0
5132,2091,0
5140,2092,0
5167,2083,0
5196,2058,0
5231,2031,0
5263,1995,0
5294,1964,0
5310,1947,0
5312,1942,0
5311,1944,0
5298,1955,0
5278,1982,0
5262,2017,0
5241,2055,0
5224,2092,0
5211,2120,0
5212,2137,0
5205,2141,0
5205,2141,0
5197,2130,1
5134,2019,0
5134,2019,0
5135,2017,0
5156,2020,0
5186,2022,0
5222,2021,0
5262,2019,0
5302,2017,0
5338,2015,1
5240,2124,0
5243,2125,0
5250,2132,0
5256,2137,0
5277,2140,0
5298,2141,0
5331,2138,0
5362,2127,0
5387,2112,0
5415,2096,0
5432,2078,0
5453,2062,0
5458,2048,0
5463,2037,0
5457,2031,0
5444,2031,0
5429,2038,0
5412,2055,0
5390,2075,0
5378,2101,0
5372,2116,0
5383,2128,0
5402,2136,0
5434,2133,0
5468,2116,0
5511,2099,0
5539,2084,0
5552,2082,0
5557,2082,0
5549,2092,0
5545,2109,0
5537,2119,0
5536,2120,0
5541,2121,0
5551,2118,0
5564,2118,0
5579,2122,0
5598,2129,0
5634,2137,0
5674,2133,0
5723,2121,1
5987,1905,0
5987,1905,0
5984,1901,0
5988,1913,0
5984,1935,0
5981,1967,0
5974,2000,0
5962,2041,0
5951,2079,0
5943,2112,0
5940,2140,0
5936,2149,0
5933,2149,1
5886,1993,0
5894,1995,0
5914,1986,0
5946,1981,0
5981,1980,0
6015,1978,0
6046,1978,0
6066,1978,0
6074,1982,1
5963,2137,0
5967,2139,0
5979,2141,0
6002,2137,0
6031,2128,0
6064,2111,0
6099,2086,0
6134,2060,0
6162,2031,0
6186,2002,0
6205,1971,0
6220,1942,0
6224,1917,0
6229,1902,0
6225,1891,0
6218,1884,0
6215,1882,0
6206,1883,0
6194,1895,0
6179,1923,0
6157,1961,0
6141,2010,0
6119,2054,0
6110,2092,0
6105,2113,0
6110,2124,0
6119,2123,0
6138,2107,0
6162,2078,0
6185,2062,0
6190,2060,0
6201,2066,0
6203,2082,0
6212,2104,0
6234,2126,0
6266,2142,0
6302,2147,0
6335,2141,0
6365,2130,0
6382,2116,0
6387,2104,0
6381,2098,0
6367,2101,0
6345,2114,0
6334,2143,0
6330,2166,0
6348,2184,0
6375,2191,0
6416,2188,1