at the end of the room.
472
1012,4680,1
997,4655,0
988,4647,0
978,4639,0
968,4639,0
954,4639,0
936,4650,0
911,4669,0
889,4693,0
872,4728,0
861,4763,0
857,4799,0
861,4832,0
871,4844,0
882,4848,0
895,4845,0
912,4825,0
928,4802,0
944,4770,0
958,4739,0
970,4700,0
977,4675,0
981,4656,0
982,4659,0
982,4659,0
982,4659,0
984,4676,0
986,4707,0
989,4743,0
995,4783,0
1003,4807,0
1014,4828,0
1025,4840,1
1057,4476,0
1052,4468,0
1052,4473,0
1052,4468,0
1057,4485,0
1061,4517,0
1063,4557,0
1062,4604,0
1064,4652,0
1068,4696,0
1073,4732,0
1080,4765,0
1084,4784,0
1089,4801,0
1090,4804,0
1091,4804,0
1088,4792,1
1027,4680,0
1029,4680,0
1038,4676,0
1061,4669,0
1090,4661,0
1124,4652,0
1159,4652,0
1194,4643,1
1438,4466,0
1438,4466,0
1441,4470,0
1447,4488,0
1447,4521,0
1442,4562,0
1438,4622,0
1435,4687,0
1433,4751,0
1433,4791,0
1435,4815,0
1441,4822,0
1446,4825,0
1452,4818,0
1461,4805,0
1470,4776,0
1480,4735,1
1498,4673,0
1502,4665,0
1503,4669,0
1504,4669,0
1506,4681,0
1510,4708,0
1514,4748,0
1520,4783,0
1529,4811,0
1540,4822,0
1555,4828,0
1573,4826,0
1591,4812,0
1614,4790,0
1633,4755,0
1652,4717,0
1663,4675,0
1666,4642,0
1663,4623,0
1658,4619,0
1648,4625,0
1636,4638,0
1628,4664,0
1621,4700,0
1619,4741,0
1626,4780,0
1637,4803,0
1652,4817,0
1677,4834,0
1701,4844,0
1724,4849,0
1749,4852,1
1339,4432,0
1345,4449,0
1348,4468,0
1350,4500,0
1348,4541,0
1345,4584,0
1342,4637,0
1341,4685,0
1343,4736,0
1346,4781,0
1351,4821,0
1354,4857,0
1358,4888,1
1240,4706,0
1242,4702,0
1256,4700,0
1277,4692,0
1306,4687,0
1339,4677,0
1373,4666,0
1407,4665,0
1435,4659,1
1987,4829,0
1988,4833,0
1988,4833,0
1995,4831,0
2009,4820,0
2029,4788,0
2052,4743,0
2074,4684,0
2090,4635,0
2098,4601,0
2097,4580,0
2094,4577,0
2084,4575,0
2070,4579,0
2055,4594,0
2038,4626,0
2026,4674,0
2016,4734,0
2010,4796,0
2014,4840,0
2029,4865,0
2045,4874,0
2066,4874,0
2088,4865,0
2108,4840,0
2133,4802,0
2159,4751,0
2186,4700,0
2205,4654,0
2217,4622,0
2220,4608,0
2222,4608,0
2221,4608,0
2221,4608,0
2219,4630,0
2216,4671,0
2213,4734,0
2212,4796,0
2217,4840,0
2221,4851,0
2224,4855,0
2227,4845,0
2234,4823,0
2241,4775,0
2256,4719,0
2273,4669,0
2285,4637,0
2295,4625,0
2299,4625,0
2305,4631,0
2314,4649,0
2319,4681,0
2325,4722,0
2328,4766,0
2332,4802,0
2336,4818,0
2342,4820,1
2521,4680,0
2516,4660,0
2509,4637,0
2502,4619,0
2487,4607,0
2472,4607,0
2449,4610,0
2430,4629,0
2411,4655,0
2394,4702,0
2379,4756,0
2377,4811,0
2383,4842,0
2392,4857,0
2405,4857,0
2419,4848,0
2433,4820,0
2449,4772,0
2469,4709,0
2489,4640,0
2504,4576,1
2516,4513,0
2515,4509,0
2515,4509,0
2511,4519,0
2507,4554,0
2502,4606,0
2502,4673,0
2511,4737,0
2521,4776,0
2531,4798,0
2543,4811,0
2554,4825,1
2918,4633,0
2910,4623,0
2900,4618,0
2886,4611,0
2876,4616,0
2862,4625,0
2849,4656,0
2835,4700,0
2823,4752,0
2821,4804,0
2824,4833,0
2831,4847,0
2842,4848,0
2856,4842,0
2874,4818,0
2892,4781,0
2908,4732,0
2922,4691,0
2929,4659,0
2928,4637,0
2928,4637,0
2924,4635,0
2924,4635,0
2924,4638,0
2929,4659,1
2999,4729,0
3023,4701,0
3045,4661,0
3065,4622,0
3074,4570,0
3081,4527,0
3083,4495,0
3080,4474,0
3076,4472,0
3073,4474,0
3066,4476,0
3064,4500,0
3062,4541,0
3064,4600,0
3066,4665,0
3069,4729,0
3074,4784,0
3082,4833,0
3091,4881,0
3099,4922,0
3106,4957,0
3112,4985,0
3113,4998,0
3111,4994,1
2970,4724,0
2971,4723,0
2980,4724,0
3000,4715,0
3027,4704,0
3058,4691,0
3091,4681,0
3123,4670,0
3153,4666,1
3549,4535,0
3542,4566,0
3537,4605,0
3539,4659,0
3542,4712,0
3551,4763,0
3556,4796,0
3561,4824,0
3567,4848,1
3455,4727,0
3444,4724,0
3441,4721,0
3440,4717,0
3443,4710,0
3462,4705,0
3485,4684,0
3514,4659,0
3544,4629,0
3574,4594,0
3605,4558,0
3628,4521,0
3646,4488,0
3656,4468,0
3662,4468,0
3662,4468,0
3661,4474,0
3660,4498,0
3658,4541,0
3656,4598,0
3648,4658,0
3650,4721,0
3656,4773,0
3665,4804,0
3672,4819,0
3682,4826,0
3690,4827,0
3699,4822,0
3708,4804,0
3719,4778,0
3733,4751,0
3741,4738,0
3747,4739,0
3750,4747,0
3757,4765,0
3767,4796,0
3779,4827,0
3795,4850,0
3810,4860,0
3829,4867,0
3847,4861,0
3864,4847,0
3882,4826,0
3896,4795,0
3911,4757,0
3917,4716,0
3922,4690,0
3919,4673,0
3913,4666,0
3909,4669,0
3903,4678,0
3898,4700,0
3896,4739,0
3897,4785,0
3906,4830,0
3914,4859,0
3930,4877,0
3949,4889,0
3969,4895,0
3990,4896,0
4015,4895,1
4283,4679,1
4307,4906,0
4307,4905,0
4306,4901,0
4299,4882,0
4291,4844,0
4282,4792,0
4275,4743,0
4275,4708,0
4278,4683,0
4281,4676,0
4281,4670,0
4286,4672,0
4296,4679,0
4309,4695,0
4323,4719,0
4343,4739,0
4360,4747,0
4381,4746,0
4404,4735,0
4426,4719,0
4444,4701,0
4456,4682,0
4466,4669,0
4471,4670,0
4468,4672,0
4461,4683,0
4451,4710,0
4442,4751,0
4437,4795,0
4434,4831,0
4439,4857,0
4450,4874,0
4459,4888,0
4472,4898,0
4480,4897,0
4492,4898,0
4505,4888,0
4517,4866,0
4522,4826,0
4528,4788,0
4526,4748,0
4518,4720,0
4507,4709,0
4492,4700,0
4482,4697,0
4473,4694,0
4471,4695,0
4471,4701,0
4467,4713,1
4678,4728,1
4629,4746,0
4606,4773,0
4587,4813,0
4572,4854,0
4571,4891,0
4574,4912,0
4590,4931,0
4605,4940,0
4621,4938,0
4639,4929,0
4661,4918,0
4674,4892,0
4685,4864,0
4693,4833,0
4691,4804,0
4689,4791,0
4681,4786,0
4680,4787,0
4679,4788,0
4680,4787,1
4797,4704,0
4800,4707,0
4804,4714,0
4804,4734,0
4805,4770,0
4799,4815,0
4792,4867,0
4792,4912,0
4799,4938,0
4799,4938,0
4804,4939,0
4804,4934,0
4811,4918,0
4821,4880,0
4828,4828,0
4842,4780,0
4854,4740,0
4867,4713,0
4879,4709,0
4883,4711,0
4890,4726,0
4893,4754,0
4888,4799,0
4882,4851,0
4884,4891,0
4888,4903,0
4890,4901,0
4896,4902,0
4901,4893,0
4914,4867,0
4929,4828,0
4951,4784,0
4970,4741,0
4987,4712,0
5004,4697,0
5011,4697,0
5016,4702,0
5023,4723,0
5026,4758,0
5025,4806,0
5028,4851,0
5033,4877,0
5041,4891,0
5047,4902,0
5054,4907,1
5215,4900,0
5212,4897,0
5215,4900,0
5215,4900,0
5215,4900,0
5215,4900,0
5215,4900,0
5214,4901,0
5214,4901,1