scent of thyme. 4. London Airport
842
523,3328,0
540,3303,0
557,3277,0
574,3256,0
588,3230,0
601,3216,0
610,3201,0
615,3202,0
619,3202,0
622,3211,0
626,3223,0
629,3244,0
635,3269,0
641,3298,0
646,3319,0
652,3344,0
654,3365,0
651,3380,0
646,3392,0
637,3398,0
624,3404,0
608,3415,0
590,3412,0
573,3409,0
559,3407,1
670,3315,0
651,3340,0
636,3362,0
628,3385,0
629,3401,0
639,3414,0
653,3425,0
673,3427,0
697,3426,0
723,3416,0
750,3392,0
777,3370,0
802,3349,0
827,3322,0
847,3296,0
867,3274,0
883,3243,0
895,3223,0
903,3199,0
904,3184,0
903,3180,0
897,3175,0
889,3178,0
878,3194,0
865,3214,0
854,3245,0
844,3276,0
839,3308,0
838,3335,0
842,3359,0
851,3385,0
862,3393,0
875,3398,0
889,3399,0
904,3392,0
922,3373,0
942,3354,0
961,3331,0
979,3311,0
996,3296,0
1012,3284,0
1023,3276,0
1030,3276,0
1035,3280,0
1037,3296,0
1034,3316,0
1027,3340,0
1021,3364,0
1015,3380,0
1015,3396,0
1018,3404,0
1023,3404,0
1030,3400,0
1042,3392,0
1059,3377,0
1081,3356,0
1105,3332,0
1129,3316,0
1148,3300,0
1162,3296,0
1171,3295,0
1177,3308,0
1177,3319,0
1175,3344,0
1172,3371,0
1172,3387,0
1177,3407,0
1184,3411,0
1193,3410,0
1206,3402,0
1220,3381,0
1239,3357,0
1257,3320,0
1276,3279,0
1295,3233,0
1315,3183,0
1327,3134,0
1345,3097,0
1358,3059,0
1368,3030,0
1373,3018,0
1375,3018,0
1372,3018,0
1368,3034,0
1364,3066,0
1358,3107,0
1355,3152,0
1348,3197,0
1346,3245,0
1347,3293,0
1349,3333,0
1356,3365,0
1363,3384,0
1370,3391,0
1377,3395,0
1382,3386,0
1389,3374,1
1254,3195,0
1252,3187,0
1257,3187,0
1271,3186,0
1293,3181,0
1319,3175,0
1350,3168,0
1382,3162,0
1414,3154,0
1442,3151,0
1466,3147,0
1481,3141,0
1491,3144,1
1754,3227,0
1746,3225,0
1738,3223,0
1730,3224,0
1717,3227,0
1703,3238,0
1688,3253,0
1674,3272,0
1663,3291,0
1660,3315,0
1660,3328,0
1664,3339,0
1672,3341,0
1681,3340,0
1692,3334,0
1708,3322,0
1722,3300,0
1738,3279,0
1745,3250,0
1751,3228,0
1751,3207,0
1746,3192,0
1741,3185,0
1736,3182,0
1733,3182,0
1733,3191,0
1736,3202,0
1744,3214,0
1758,3218,0
1778,3218,0
1807,3215,0
1838,3199,0
1867,3175,0
1894,3143,0
1923,3118,0
1944,3088,0
1958,3058,0
1963,3032,0
1961,3015,0
1955,3008,0
1947,3007,0
1937,3022,0
1927,3051,0
1915,3088,0
1904,3127,0
1899,3179,0
1896,3233,0
1894,3293,0
1891,3346,0
1888,3397,0
1883,3440,0
1877,3474,0
1870,3491,0
1856,3491,0
1848,3493,0
1838,3491,0
1824,3482,0
1807,3469,0
1788,3453,0
1768,3437,0
1754,3428,0
1741,3414,0
1737,3407,0
1738,3398,0
1749,3392,0
1769,3384,0
1799,3368,0
1841,3359,0
1884,3349,0
1928,3341,0
1971,3337,0
2011,3334,0
2046,3332,0
2072,3329,0
2089,3327,0
2099,3328,0
2101,3323,1
2475,3163,0
2462,3204,0
2451,3245,0
2441,3285,0
2436,3321,0
2430,3345,0
2428,3368,0
2419,3376,0
2415,3378,1
2360,3223,0
2369,3223,0
2390,3224,0
2416,3221,0
2443,3214,0
2468,3206,0
2497,3206,0
2518,3201,0
2536,3197,1
2498,3386,0
2517,3377,0
2540,3358,0
2570,3339,0
2601,3312,0
2626,3278,0
2651,3243,0
2678,3210,0
2700,3171,0
2719,3134,0
2734,3098,0
2745,3064,0
2752,3037,0
2753,3018,0
2748,3007,0
2743,3006,0
2731,3008,0
2716,3025,0
2701,3057,0
2686,3098,0
2669,3139,0
2658,3185,0
2650,3230,0
2643,3269,0
2640,3302,0
2648,3334,0
2652,3345,0
2668,3359,0
2675,3356,0
2687,3346,0
2705,3332,0
2726,3307,0
2746,3278,0
2769,3252,0
2789,3232,0
2806,3218,0
2820,3210,0
2825,3208,0
2830,3218,0
2828,3233,0
2829,3256,0
2823,3273,0
2827,3293,0
2833,3308,0
2840,3314,0
2852,3317,0
2869,3315,0
2881,3300,0
2900,3284,0
2919,3264,0
2933,3241,0
2948,3223,0
2956,3204,0
2964,3194,0
2964,3189,0
2962,3191,0
2959,3197,0
2952,3211,0
2945,3229,0
2942,3250,0
2937,3262,0
2944,3276,0
2953,3285,0
2960,3286,0
2970,3284,0
2984,3276,0
3003,3264,0
3017,3246,0
3030,3223,0
3040,3203,0
3047,3183,0
3054,3170,0
3054,3160,0
3055,3160,0
3053,3160,0
3052,3171,0
3046,3189,0
3039,3213,0
3034,3240,0
3032,3274,0
3026,3306,0
3027,3348,0
3025,3387,0
3023,3430,0
3019,3474,0
3008,3508,0
3004,3552,0
2995,3589,0
2979,3612,0
2963,3629,0
2953,3644,0
2941,3646,0
2937,3648,0
2932,3642,0
2926,3626,0
2924,3609,0
2926,3590,0
2935,3567,0
2946,3539,0
2961,3507,0
2985,3480,0
3007,3448,0
3026,3409,0
3052,3375,0
3081,3343,0
3112,3313,0
3143,3284,0
3170,3256,0
3202,3239,0
3228,3226,0
3252,3219,0
3271,3219,0
3284,3225,0
3292,3240,0
3296,3262,0
3293,3288,0
3285,3308,0
3274,3325,0
3269,3338,0
3270,3348,0
3271,3347,0
3273,3345,0
3279,3341,0
3289,3325,0
3300,3302,0
3315,3276,0
3334,3253,0
3353,3230,0
3370,3211,0
3388,3197,0
3402,3192,0
3409,3192,0
3414,3199,0
3414,3214,0
3411,3235,0
3404,3256,0
3395,3278,0
3388,3298,0
3380,3308,0
3381,3317,0
3381,3317,0
3387,3319,0
3391,3310,0
3404,3296,0
3419,3275,0
3436,3252,0
3455,3232,0
3472,3214,0
3488,3197,0
3499,3187,0
3510,3188,0
3513,3191,0
3513,3201,0
3512,3218,0
3504,3234,0
3505,3255,0
3509,3271,0
3517,3285,0
3528,3292,0
3544,3295,0
3565,3293,0
3588,3285,0
3610,3272,0
3634,3258,0
3654,3241,0
3670,3223,0
3682,3207,0
3684,3189,0
3684,3178,0
3679,3173,0
3666,3168,0
3653,3175,0
3633,3186,0
3615,3206,0
3599,3230,0
3591,3257,0
3587,3281,0
3590,3304,0
3602,3325,0
3617,3339,0
3636,3348,0
3660,3356,0
3682,3358,0
3707,3358,0
3730,3354,1
3816,3335,0
3819,3338,0
3821,3336,0
3819,3332,0
3822,3329,1
4135,3087,0
4122,3117,0
4112,3145,0
4101,3168,0
4102,3189,0
4105,3197,0
4113,3201,0
4122,3197,0
4133,3187,0
4148,3170,0
4164,3148,0
4176,3124,0
4190,3104,0
4195,3086,0
4193,3077,0
4196,3080,0
4191,3086,0
4181,3102,0
4172,3129,0
4160,3158,0
4154,3188,0
4150,3215,0
4145,3237,0
4150,3259,0
4154,3279,1
4235,3316,0
4230,3315,0
4230,3315,0
4234,3317,0
4234,3317,1
4681,2999,0
4678,2996,0
4669,2996,0
4660,3007,0
4641,3023,0
4625,3051,0
4606,3085,0
4582,3120,0
4561,3158,0
4538,3197,0
4514,3230,0
4494,3258,0
4480,3279,0
4468,3287,0
4468,3286,0
4472,3283,0
4479,3269,0
4493,3247,0
4507,3225,0
4529,3214,0
4546,3206,0
4561,3206,0
4573,3211,0
4588,3225,0
4597,3238,0
4608,3250,0
4623,3263,0
4641,3274,0
4658,3278,1
4830,3160,0
4820,3153,0
4809,3153,0
4791,3156,0
4772,3168,0
4750,3187,0
4732,3209,0
4721,3229,0
4715,3249,0
4719,3262,0
4731,3273,0
4748,3279,0
4765,3277,0
4783,3267,0
4803,3256,0
4818,3236,0
4833,3214,0
4840,3192,0
4847,3177,0
4841,3158,0
4838,3156,0
4826,3145,0
4828,3148,0
4825,3146,0
4830,3152,0
4833,3150,0
4848,3156,0
4863,3156,0
4887,3165,0
4907,3171,0
4924,3183,0
4941,3200,0
4946,3218,0
4949,3235,0
4950,3252,0
4951,3264,0
4948,3268,0
4952,3269,0
4957,3269,0
4962,3257,0
4977,3238,0
4996,3214,0
5018,3192,0
5037,3173,0
5054,3165,0
5064,3164,0
5069,3170,0
5069,3184,0
5065,3202,0
5062,3218,0
5064,3237,0
5069,3250,0
5079,3257,1
5251,3158,0
5243,3150,0
5229,3142,0
5221,3146,0
5194,3149,0
5177,3166,0
5153,3185,0
5136,3202,0
5128,3219,0
5129,3229,0
5136,3234,0
5146,3233,0
5165,3229,0
5183,3212,0
5204,3190,0
5224,3163,0
5244,3134,0
5260,3105,0
5271,3075,0
5281,3053,0
5286,3038,0
5292,3038,0
5299,3042,0
5293,3059,0
5279,3086,0
5269,3120,0
5252,3151,0
5248,3185,0
5248,3211,1
5419,3165,0
5414,3163,0
5407,3161,0
5390,3163,0
5372,3176,0
5356,3191,0
5347,3211,0
5342,3225,0
5343,3238,0
5353,3243,0
5366,3245,0
5384,3242,0
5404,3235,0
5419,3220,0
5434,3206,0
5443,3191,0
5448,3170,0
5453,3157,0
5458,3143,0
5459,3134,0
5466,3130,0
5467,3129,0
5478,3134,0
5487,3141,0
5497,3156,0
5505,3173,0
5506,3192,0
5508,3211,0
5506,3227,0
5504,3238,0
5508,3246,0
5511,3247,0
5522,3247,0
5530,3234,0
5555,3219,0
5583,3200,0
5602,3177,0
5633,3168,0
5653,3167,0
5661,3170,0
5663,3181,0
5660,3199,0
5656,3222,0
5648,3239,0
5648,3254,0
5658,3268,0
5671,3277,0
5689,3279,0
5702,3274,1
5953,3255,0
5974,3230,0
5998,3199,0
6030,3161,0
6060,3119,0
6094,3078,0
6122,3035,0
6153,2997,0
6180,2965,0
6200,2936,0
6218,2921,0
6223,2912,0
6220,2907,0
6225,2916,0
6216,2933,0
6210,2962,0
6202,2999,0
6189,3041,0
6177,3085,0
6167,3127,0
6162,3167,0
6154,3196,0
6154,3218,0
6154,3227,0
6153,3228,0
6155,3225,0
6158,3213,0
6163,3188,0
6169,3163,0
6165,3130,0
6162,3103,0
6150,3075,0
6135,3054,0
6112,3037,0
6089,3030,0
6069,3032,0
6044,3044,0
6015,3060,0
6000,3088,0
5982,3116,0
5975,3144,0
5982,3171,0
5996,3194,0
6020,3208,0
6049,3216,0
6082,3216,0
6119,3209,0
6150,3194,0
6184,3175,0
6215,3156,0
6237,3132,0
6257,3107,0
6274,3084,0
6280,3065,0
6288,3051,0
6287,3046,0
6290,3047,0
6281,3046,0
6276,3057,0
6270,3076,0
6264,3101,0
6259,3127,0
6254,3152,0
6256,3173,0
6260,3190,0
6264,3199,0
6273,3205,0
6284,3204,0
6297,3197,0
6309,3183,0
6329,3167,0
6346,3146,0
6360,3129,0
6371,3116,0
6387,3111,0
6393,3110,0
6403,3117,0
6408,3131,0
6412,3148,0
6411,3168,0
6408,3187,0
6412,3206,0
6413,3219,0
6416,3224,0
6423,3228,0
6419,3225,0
6424,3217,0
6426,3197,0
6433,3177,0
6433,3153,0
6438,3135,0
6442,3118,0
6441,3105,0
6440,3099,0
6447,3102,0
6448,3101,0
6452,3101,0
6456,3103,0
6471,3108,0
6481,3107,0
6503,3107,0
6517,3098,0
6536,3088,0
6553,3076,0
6569,3062,0
6583,3051,0
6594,3040,0
6597,3034,0
6597,3033,0
6597,3033,0
6594,3039,0
6587,3053,0
6580,3075,0
6574,3103,0
6563,3132,0
6556,3162,0
6550,3197,0
6541,3229,0
6536,3263,0
6530,3289,0
6518,3311,0
6510,3325,0
6505,3333,0
6505,3334,0
6504,3334,0
6507,3322,0
6504,3303,0
6514,3279,0
6521,3249,0
6535,3216,0
6550,3180,0
6570,3145,0
6592,3113,0
6617,3082,0
6643,3057,0
6662,3039,0
6683,3031,0
6693,3032,0
6698,3038,0
6703,3054,0
6698,3074,0
6696,3095,0
6695,3113,0
6695,3129,0
6703,3141,1
6814,3040,0
6799,3033,0
6790,3033,0
6771,3035,0
6752,3047,0
6727,3059,0
6714,3077,0
6705,3094,0
6703,3106,0
6712,3117,0
6717,3122,0
6731,3122,0
6746,3120,0
6761,3110,0
6780,3097,0
6797,3081,0
6807,3062,0
6819,3049,0
6824,3037,0
6830,3035,0
6830,3035,0
6832,3040,0
6838,3054,0
6839,3069,0
6843,3088,0
6848,3105,0
6858,3119,0
6861,3132,0
6871,3139,0
6869,3144,0
6874,3144,0
6869,3144,0
6869,3134,0
6865,3124,0
6861,3114,0
6862,3104,0
6862,3094,0
6859,3085,0
6862,3076,0
6872,3068,0
6886,3058,0
6900,3047,0
6913,3029,0
6934,3013,0
6964,2996,0
6988,2975,0
7011,2954,0
7027,2929,0
7045,2908,0
7058,2890,0
7068,2878,0
7067,2870,0
7067,2871,0
7066,2872,0
7056,2885,0
7053,2910,0
7044,2939,0
7038,2972,0
7030,3008,0
7025,3045,0
7026,3079,0
7030,3107,0
7031,3132,0
7037,3148,0
7040,3160,0
7039,3162,0
7040,3160,0
7041,3151,0
7031,3132,1
6907,2976,0
6910,2970,0
6922,2965,0
6937,2960,0
6956,2958,0
6978,2957,0
7001,2957,0
7020,2953,0
7040,2949,0
7059,2947,0
7072,2946,0
7066,2941,0
7051,2935,1
6354,2938,0
6348,2931,0
6346,2926,0
6343,2923,0
6341,2918,1