flower-wreathed ruins.
687
755,5543,0
760,5543,0
755,5538,0
760,5543,0
760,5539,0
759,5535,0
757,5527,0
757,5515,0
759,5494,0
752,5475,0
750,5458,0
743,5438,0
735,5421,0
727,5409,0
720,5396,0
712,5387,0
710,5388,0
704,5391,0
699,5407,0
691,5434,0
690,5474,0
685,5509,0
679,5557,0
675,5609,0
675,5658,0
673,5705,0
673,5757,0
674,5794,0
673,5826,0
675,5846,0
675,5853,0
675,5850,0
678,5850,1
649,5619,0
650,5616,0
653,5619,0
668,5629,0
678,5625,0
694,5623,0
715,5620,0
732,5613,0
751,5611,0
764,5607,0
776,5604,0
786,5592,1
851,5415,0
854,5416,0
853,5416,0
852,5428,0
847,5443,0
848,5467,0
848,5483,0
852,5516,0
856,5552,0
856,5591,0
854,5627,0
858,5660,0
861,5692,0
868,5716,0
871,5732,0
876,5745,0
881,5741,1
1035,5600,0
1035,5600,0
1033,5596,0
1027,5596,0
1018,5588,0
1007,5584,0
994,5588,0
977,5591,0
960,5603,0
946,5627,0
941,5646,0
938,5667,0
943,5690,0
950,5703,0
962,5719,0
975,5723,0
990,5724,0
1004,5716,0
1025,5692,0
1042,5664,0
1057,5640,0
1067,5616,0
1069,5604,0
1066,5596,0
1060,5588,0
1056,5588,0
1052,5584,0
1051,5584,0
1049,5584,1
1109,5552,0
1109,5552,0
1112,5557,0
1114,5564,0
1117,5584,0
1121,5600,0
1126,5620,0
1132,5640,0
1136,5656,0
1142,5672,0
1148,5684,0
1152,5688,0
1152,5688,0
1155,5684,0
1156,5680,0
1158,5656,0
1166,5631,0
1175,5607,0
1182,5591,0
1188,5587,0
1187,5588,0
1192,5588,0
1195,5602,0
1201,5619,0
1205,5635,0
1211,5643,0
1215,5651,0
1221,5650,0
1228,5650,0
1239,5646,0
1252,5625,0
1262,5609,0
1272,5589,0
1279,5576,0
1287,5564,0
1295,5556,0
1306,5544,1
1317,5599,0
1319,5607,0
1327,5614,0
1334,5622,0
1343,5626,0
1356,5629,0
1369,5628,0
1383,5624,0
1393,5619,0
1401,5610,0
1406,5598,0
1408,5586,0
1404,5575,0
1399,5566,0
1389,5559,0
1377,5556,0
1365,5561,0
1349,5570,0
1331,5590,0
1319,5619,0
1315,5643,0
1315,5663,0
1323,5687,0
1336,5697,0
1356,5709,0
1375,5713,0
1397,5711,0
1418,5701,0
1440,5684,0
1464,5663,0
1484,5637,0
1505,5612,0
1518,5590,0
1531,5573,0
1535,5565,0
1537,5565,0
1539,5573,0
1544,5585,0
1547,5604,0
1551,5624,0
1558,5648,0
1566,5659,0
1573,5666,0
1579,5665,0
1581,5662,0
1590,5644,0
1602,5619,0
1616,5598,0
1628,5572,0
1641,5555,0
1650,5538,0
1659,5525,0
1670,5512,1
1726,5602,0
1726,5602,0
1729,5602,0
1736,5609,0
1749,5612,0
1762,5614,0
1778,5612,0
1797,5613,0
1816,5611,0
1833,5608,0
1853,5610,0
1870,5603,0
1886,5597,1
1980,5509,0
1982,5513,0
1981,5509,0
1981,5508,0
1981,5513,0
1980,5509,0
1981,5513,0
1980,5513,0
1979,5513,0
1980,5513,0
1981,5513,0
1982,5517,0
1981,5517,0
1981,5513,0
1981,5513,0
1980,5509,0
1981,5513,0
1982,5513,0
1981,5509,0
1981,5509,0
1981,5508,0
1983,5512,0
1983,5513,0
1983,5513,0
1981,5508,0
1983,5513,0
1982,5508,0
1983,5513,0
1982,5513,0
1982,5508,0
1983,5513,0
1983,5513,0
1980,5505,0
1982,5504,0
1983,5505,0
1982,5504,0
1982,5504,0
1983,5504,0
1983,5504,0
1983,5505,0
1982,5504,0
1984,5508,0
1983,5504,0
1983,5504,0
1982,5504,0
1984,5508,0
1983,5508,0
1983,5508,0
1983,5512,0
1984,5516,0
1985,5520,0
1987,5528,0
1988,5532,0
1990,5540,0
1991,5547,0
1995,5559,0
1995,5567,0
2000,5582,0
2002,5590,0
2004,5607,0
2005,5614,0
2056,5532,0
2060,5515,0
2067,5514,0
2068,5510,0
2070,5513,0
2078,5524,0
2081,5535,0
2083,5556,0
2083,5584,0
2082,5609,0
2085,5629,0
2089,5643,0
2094,5651,0
2099,5651,0
2104,5649,0
2113,5640,0
2125,5617,0
2139,5593,0
2152,5571,0
2163,5548,0
2173,5525,0
2183,5511,0
2187,5499,0
2190,5489,0
2193,5481,1
2251,5489,0
2248,5498,0
2251,5518,0
2253,5537,0
2253,5554,0
2258,5573,0
2262,5593,0
2263,5601,0
2265,5613,0
2267,5612,0
2269,5616,0
2269,5607,0
2268,5600,0
2275,5586,0
2280,5564,0
2288,5546,0
2297,5524,0
2311,5503,0
2323,5489,0
2332,5474,0
2338,5469,1
2367,5548,0
2368,5552,0
2375,5559,0
2384,5561,0
2393,5558,0
2404,5556,0
2413,5549,0
2421,5547,0
2428,5542,0
2434,5536,0
2438,5530,0
2439,5523,0
2439,5518,0
2434,5511,0
2427,5505,0
2417,5503,0
2409,5501,0
2398,5508,0
2388,5514,0
2376,5530,0
2367,5549,0
2359,5571,0
2356,5588,0
2357,5608,0
2364,5623,0
2374,5634,0
2391,5646,0
2403,5647,0
2420,5646,1
2568,5492,0
2564,5489,0
2562,5489,0
2555,5487,0
2543,5487,0
2531,5494,0
2515,5499,0
2502,5511,0
2487,5523,0
2475,5546,0
2463,5570,0
2459,5591,0
2458,5608,0
2460,5624,0
2466,5639,0
2473,5641,0
2482,5643,0
2491,5637,0
2506,5621,0
2524,5595,0
2543,5574,0
2555,5562,0
2559,5552,0
2559,5548,0
2560,5552,0
2560,5552,0
2562,5560,0
2569,5583,0
2568,5600,0
2570,5624,0
2569,5641,0
2573,5657,0
2580,5671,0
2586,5678,0
2592,5680,0
2600,5678,0
2607,5668,1
2651,5330,0
2650,5335,0
2651,5347,0
2651,5372,0
2652,5397,0
2657,5424,0
2665,5456,0
2668,5488,0
2671,5521,0
2670,5550,0
2673,5578,0
2675,5599,0
2675,5611,0
2677,5615,0
2677,5615,0
2675,5603,0
2673,5587,1
2665,5497,0
2665,5497,0
2667,5496,0
2668,5497,0
2670,5492,0
2673,5495,0
2673,5491,0
2672,5487,0
2673,5487,0
2674,5482,0
2682,5480,0
2688,5470,0
2695,5460,0
2702,5453,0
2704,5444,0
2704,5443,0
2704,5435,0
2704,5431,0
2706,5431,0
2705,5431,0
2704,5427,0
2704,5427,0
2700,5419,0
2701,5420,1
2689,5368,0
2689,5368,0
2690,5369,0
2690,5369,0
2690,5373,0
2690,5373,0
2690,5373,0
2691,5376,0
2691,5376,0
2692,5377,0
2692,5377,0
2691,5376,0
2691,5380,0
2691,5380,0
2692,5385,0
2695,5388,0
2695,5392,0
2698,5396,0
2700,5399,0
2701,5403,0
2701,5403,0
2702,5407,0
2702,5407,0
2705,5414,0
2706,5418,0
2709,5430,0
2712,5438,0
2716,5453,0
2721,5472,0
2727,5491,0
2731,5515,0
2733,5540,0
2733,5564,0
2735,5586,0
2738,5597,0
2740,5605,0
2740,5600,0
2741,5600,0
2743,5590,0
2750,5576,0
2758,5552,0
2772,5536,0
2782,5516,0
2796,5503,0
2811,5494,0
2828,5488,0
2844,5487,0
2858,5491,0
2868,5501,0
2875,5519,0
2881,5538,0
2885,5554,0
2888,5565,0
2895,5575,0
2905,5586,0
2913,5583,0
2931,5585,0
2951,5577,0
2972,5566,0
2992,5547,0
3012,5530,0
3026,5505,0
3038,5487,0
3039,5465,0
3029,5453,0
3015,5444,0
2999,5446,0
2983,5452,0
2975,5467,0
2973,5490,0
2976,5510,0
2979,5530,0
2988,5552,0
2996,5566,0
3006,5576,0
3020,5583,0
3032,5583,1
3140,5504,0
3142,5503,0
3142,5499,0
3141,5491,0
3139,5483,0
3132,5473,0
3122,5468,0
3108,5465,0
3093,5466,0
3081,5471,0
3072,5483,0
3069,5497,0
3070,5513,0
3078,5532,0
3086,5546,0
3096,5564,0
3104,5570,0
3115,5573,0
3122,5567,0
3135,5549,0
3151,5521,0
3163,5487,0
3177,5456,0
3188,5421,0
3199,5390,0
3209,5361,0
3218,5336,0
3223,5320,0
3228,5323,0
3226,5323,0
3226,5337,0
3222,5364,0
3215,5397,0
3216,5436,0
3218,5477,0
3218,5516,0
3218,5551,0
3219,5581,0
3221,5602,0
3223,5618,0
3226,5626,1
3526,5476,0
3529,5479,0
3529,5479,0
3528,5479,0
3527,5484,0
3529,5491,0
3530,5505,0
3529,5523,0
3525,5537,0
3522,5548,0
3523,5561,0
3524,5569,0
3525,5577,0
3527,5581,0
3527,5585,0
3530,5588,0
3527,5589,0
3530,5588,0
3530,5584,0
3530,5579,0
3533,5573,0
3539,5558,0
3542,5543,0
3549,5526,0
3559,5509,0
3575,5488,0
3596,5470,0
3616,5451,0
3632,5439,0
3643,5434,0
3649,5431,0
3653,5433,0
3655,5432,1
3750,5385,0
3753,5392,0
3755,5400,0
3754,5405,0
3756,5422,0
3756,5440,0
3753,5464,0
3749,5488,0
3748,5516,0
3748,5538,0
3750,5559,0
3756,5578,0
3761,5590,0
3769,5595,0
3770,5590,0
3776,5583,0
3792,5561,0
3812,5524,0
3832,5491,0
3851,5463,0
3867,5441,0
3878,5426,0
3884,5423,0
3892,5423,0
3896,5426,0
3901,5441,0
3899,5460,0
3893,5487,0
3884,5509,0
3882,5528,0
3887,5540,0
3892,5545,0
3899,5546,0
3909,5541,0
3923,5525,0
3941,5506,0
3956,5475,0
3978,5450,0
3997,5429,0
4010,5418,0
4018,5418,0
4020,5412,0
4027,5417,0
4035,5426,0
4043,5441,0
4049,5456,0
4048,5461,0
4053,5472,0
4053,5476,0
4061,5482,0
4060,5477,0
4063,5471,0
4065,5452,1
4027,5316,0
4022,5310,0
4023,5310,0
4023,5310,0
4022,5306,0
4025,5308,0
4026,5303,0
4032,5300,1
4119,5383,0
4121,5388,0
4120,5392,0
4122,5400,0
4121,5414,0
4121,5433,0
4117,5449,0
4120,5470,0
4125,5491,0
4124,5500,0
4131,5511,0
4133,5510,0
4133,5509,0
4135,5499,0
4147,5478,0
4161,5456,0
4178,5436,0
4193,5414,0
4215,5392,0
4238,5373,0
4266,5366,0
4285,5359,0
4302,5361,0
4322,5378,0
4336,5393,0
4341,5413,0
4348,5438,0
4348,5456,0
4346,5476,0
4347,5494,0
4343,5501,0
4348,5508,0
4350,5506,1
4527,5336,0
4527,5336,0
4528,5335,0
4527,5336,0
4526,5337,0
4521,5335,0
4517,5343,0
4502,5348,0
4480,5357,0
4456,5369,0
4437,5385,0
4424,5394,0
4416,5403,0
4416,5413,0
4427,5425,0
4451,5438,0
4487,5448,0
4520,5460,0
4542,5475,0
4555,5490,0
4560,5506,0
4552,5520,0
4533,5533,0
4504,5537,0
4471,5540,0
4438,5541,0
4409,5536,0
4395,5535,0
4392,5532,1
4649,5523,0
4650,5528,0
4652,5532,0
4649,5529,0
4650,5532,1