Yet it stuck her as odd
359
1169,2736,0
1158,2751,0
1140,2772,0
1116,2808,0
1083,2852,0
1045,2905,0
1005,2967,0
967,3035,0
934,3085,0
909,3124,0
892,3146,0
887,3154,0
891,3142,1
913,2703,0
916,2716,0
928,2732,0
943,2762,0
957,2798,0
968,2830,0
979,2866,0
991,2891,0
1008,2904,1
1132,3057,0
1142,3059,0
1161,3052,0
1184,3047,0
1211,3033,0
1232,3009,0
1250,2984,0
1262,2959,0
1266,2938,0
1261,2931,0
1249,2931,0
1230,2936,0
1211,2953,0
1195,2982,0
1184,3011,0
1179,3035,0
1188,3059,0
1205,3070,0
1234,3076,0
1269,3078,0
1305,3068,1
1460,2789,0
1457,2794,0
1457,2806,0
1452,2831,0
1451,2875,0
1448,2929,0
1445,2982,0
1440,3022,0
1433,3047,0
1427,3064,0
1415,3065,1
1404,3046,0
1421,3033,0
1452,3024,0
1484,3000,0
1518,2979,0
1551,2957,1
2047,2877,0
2046,2886,0
2047,2898,0
2048,2919,0
2047,2941,0
2051,2969,0
2053,2999,0
2050,3020,0
2048,3037,1
2084,2718,0
2084,2714,0
2084,2709,0
2087,2713,0
2087,2713,1
2216,2680,0
2210,2695,0
2208,2723,0
2204,2772,0
2194,2829,0
2186,2888,0
2178,2943,0
2172,2984,0
2169,3007,1
2173,2924,0
2174,2919,0
2180,2917,0
2196,2910,0
2220,2896,1
2805,2816,0
2801,2815,0
2791,2815,0
2770,2820,0
2750,2837,0
2732,2862,0
2714,2883,0
2714,2902,0
2724,2914,0
2742,2922,0
2773,2936,0
2796,2941,0
2814,2948,0
2819,2959,0
2808,2975,0
2775,2996,0
2734,3020,0
2692,3039,0
2663,3051,0
2650,3049,0
2649,3035,1
2930,2697,0
2930,2697,0
2926,2699,0
2919,2714,0
2910,2741,0
2905,2783,0
2899,2841,0
2890,2899,0
2886,2940,0
2884,2965,0
2886,2978,0
2885,2980,0
2881,2972,1
2884,2912,0
2887,2907,0
2905,2904,0
2919,2895,0
2936,2888,0
2951,2882,0
2969,2880,0
2982,2871,1
3021,2848,0
3015,2862,0
3011,2880,0
3011,2904,0
3016,2924,0
3030,2944,0
3049,2951,0
3070,2950,0
3091,2941,0
3109,2922,0
3126,2900,0
3136,2872,1
3293,2835,0
3284,2837,0
3269,2843,0
3251,2864,0
3226,2888,0
3214,2924,0
3209,2957,0
3214,2979,0
3232,2990,0
3252,2989,0
3282,2981,0
3310,2964,0
3341,2945,1
3431,2745,0
3427,2744,0
3433,2750,0
3428,2759,0
3428,2786,0
3426,2825,0
3417,2870,0
3407,2916,0
3398,2954,0
3391,2981,0
3389,2993,0
3389,2993,0
3397,2986,1
3524,2828,0
3515,2831,0
3501,2839,0
3482,2856,0
3463,2872,0
3452,2898,0
3440,2919,0
3440,2934,0
3449,2948,0
3468,2963,0
3495,2972,0
3530,2974,0
3564,2976,1
4029,2673,0
4032,2663,0
4034,2660,0
4032,2656,0
4033,2661,0
4035,2672,0
4039,2703,0
4037,2742,0
4033,2790,0
4030,2841,0
4027,2885,0
4028,2914,0
4029,2924,0
4033,2926,0
4042,2922,0
4055,2908,0
4068,2888,0
4082,2867,0
4102,2857,0
4117,2852,0
4136,2859,0
4149,2869,0
4164,2889,0
4176,2906,0
4186,2924,0
4195,2932,0
4211,2938,0
4226,2934,0
4242,2922,0
4249,2895,0
4254,2864,0
4249,2840,0
4245,2832,0
4242,2836,0
4234,2844,0
4229,2862,0
4237,2897,0
4246,2929,0
4260,2956,0
4280,2976,0
4305,2989,0
4324,2986,0
4348,2977,0
4368,2958,0
4389,2940,1
4398,2853,0
4394,2864,0
4391,2882,0
4393,2904,0
4401,2925,0
4408,2937,0
4424,2942,0
4439,2930,0
4468,2914,0
4495,2894,0
4520,2880,0
4546,2879,1
5113,2904,0
5111,2898,0
5106,2892,0
5094,2888,0
5078,2890,0
5064,2896,0
5054,2912,0
5038,2934,0
5031,2964,0
5024,2988,0
5025,3001,0
5032,3006,0
5043,3004,0
5054,2995,0
5069,2980,0
5081,2957,0
5097,2934,0
5107,2912,0
5122,2905,0
5130,2906,0
5137,2917,0
5144,2941,0
5146,2968,0
5145,2990,0
5146,3010,1
5354,2879,0
5354,2877,0
5354,2878,0
5342,2882,0
5319,2888,0
5303,2906,0
5287,2923,0
5280,2933,0
5281,2938,0
5293,2943,0
5304,2947,0
5315,2953,0
5320,2968,0
5316,2987,0
5301,3009,0
5277,3030,0
5243,3047,1
5889,2936,0
5880,2936,0
5861,2929,0
5844,2926,0
5826,2926,0
5805,2929,0
5786,2938,0
5769,2958,0
5759,2984,0
5753,3008,0
5758,3023,0
5771,3033,0
5795,3033,0
5817,3026,0
5839,3013,0
5857,2999,0
5867,2982,0
5865,2969,0
5863,2963,0
5852,2959,0
5844,2957,1
6045,2953,0
6037,2943,0
6025,2932,0
6010,2926,0
5994,2930,0
5969,2941,0
5950,2965,0
5938,2996,0
5935,3025,0
5940,3040,0
5947,3043,0
5967,3041,0
5989,3027,0
6013,3002,0
6031,2963,0
6054,2913,0
6068,2862,0
6080,2823,0
6083,2792,0
6080,2779,0
6084,2781,0
6077,2785,0
6070,2815,0
6071,2856,0
6068,2912,0
6068,2963,0
6069,2999,0
6073,3025,0
6088,3040,1
6276,2931,0
6276,2931,0
6276,2929,0
6264,2927,0
6252,2934,0
6231,2948,0
6213,2972,0
6196,2994,0
6187,3010,0
6191,3018,0
6201,3019,0
6221,3016,0
6237,3002,0
6261,2984,0
6285,2956,0
6307,2924,0
6327,2885,0
6336,2842,0
6336,2806,0
6342,2786,0
6336,2779,0
6336,2779,0
6331,2790,0
6326,2818,0
6319,2865,0
6321,2923,0
6315,2975,0
6320,3010,0
6328,3029,1