distractions at all costs. London was
860
1105,1981,0
1103,1981,0
1100,1981,0
1094,1981,0
1081,1977,0
1066,1976,0
1056,1993,0
1039,2005,0
1016,2016,0
995,2043,0
974,2066,0
962,2101,0
957,2137,0
958,2153,0
968,2166,0
983,2175,0
999,2171,0
1020,2164,0
1039,2145,0
1059,2116,0
1079,2084,0
1097,2045,0
1113,1997,0
1130,1949,0
1141,1892,0
1150,1843,0
1159,1815,0
1160,1795,0
1159,1791,0
1157,1790,0
1154,1803,0
1144,1844,0
1129,1908,0
1108,1976,0
1093,2044,0
1082,2093,0
1080,2133,0
1078,2149,0
1081,2153,0
1085,2153,0
1094,2145,1
1250,1968,0
1253,1968,0
1256,1980,0
1248,1997,0
1237,2026,0
1226,2063,0
1216,2088,0
1209,2104,0
1206,2109,0
1208,2113,0
1210,2112,0
1215,2108,0
1219,2092,1
1245,1857,0
1237,1845,0
1235,1841,0
1230,1838,0
1230,1838,0
1230,1838,0
1237,1842,0
1254,1856,0
1269,1862,1
1474,1958,0
1449,1959,0
1418,1969,0
1372,1973,0
1336,1995,0
1312,2019,0
1301,2032,0
1304,2043,0
1315,2055,0
1338,2067,0
1368,2079,0
1393,2087,0
1409,2089,0
1419,2099,0
1417,2100,0
1409,2105,0
1392,2116,0
1367,2123,0
1344,2127,0
1325,2130,0
1312,2128,0
1307,2124,0
1312,2116,0
1328,2089,0
1354,2057,1
1539,1823,0
1537,1824,0
1539,1827,0
1538,1826,0
1538,1839,0
1535,1873,0
1519,1911,0
1502,1956,0
1491,2007,0
1484,2054,0
1477,2079,0
1477,2096,0
1480,2099,0
1483,2095,0
1489,2082,0
1493,2052,0
1499,2026,1
1450,1959,0
1451,1959,0
1459,1961,0
1479,1965,0
1507,1971,0
1541,1978,0
1576,1982,0
1608,1977,1
1673,1987,0
1671,1992,0
1668,2000,0
1660,2015,0
1651,2036,0
1645,2058,0
1638,2072,0
1637,2081,0
1636,2082,0
1637,2081,0
1638,2081,0
1636,2069,0
1647,2050,0
1660,2028,0
1672,2007,0
1686,1990,0
1707,1984,0
1722,1974,0
1736,1965,0
1759,1969,0
1779,1970,1
1834,1952,0
1824,1947,0
1809,1949,0
1791,1956,0
1774,1976,0
1748,1994,0
1734,2017,0
1739,2040,0
1749,2058,0
1766,2069,0
1780,2067,0
1797,2058,0
1820,2039,0
1838,2007,0
1856,1969,0
1874,1935,0
1881,1909,0
1879,1901,0
1877,1903,0
1873,1913,0
1860,1949,0
1843,1992,0
1833,2038,0
1832,2070,0
1836,2085,0
1843,2091,0
1853,2092,0
1865,2077,1
1999,1918,0
1986,1921,0
1970,1933,0
1944,1955,0
1918,1989,0
1908,2024,0
1911,2054,0
1918,2064,0
1939,2072,0
1963,2070,0
1990,2061,0
2020,2047,0
2046,2038,0
2061,2030,0
2066,2028,0
2064,2029,0
2060,2035,1
2177,1774,0
2177,1774,0
2174,1771,0
2176,1775,0
2171,1793,0
2161,1829,0
2154,1874,0
2151,1925,0
2146,1969,0
2145,2011,0
2145,2048,0
2140,2074,0
2142,2092,0
2145,2095,0
2146,2089,0
2149,2070,0
2157,2041,1
2088,1942,0
2084,1945,0
2086,1949,0
2092,1950,0
2110,1953,0
2144,1961,0
2173,1962,0
2207,1960,1
2321,1913,0
2318,1915,0
2316,1926,0
2305,1949,0
2292,1972,0
2285,1996,0
2282,2017,0
2282,2031,0
2285,2038,0
2287,2038,0
2291,2025,0
2290,1992,1
2324,1750,0
2322,1742,0
2321,1737,0
2318,1734,0
2321,1737,0
2322,1742,0
2328,1757,0
2340,1778,1
2421,1888,0
2409,1897,0
2392,1906,0
2384,1927,0
2371,1946,0
2372,1969,0
2376,1991,0
2382,2012,0
2393,2028,0
2411,2041,0
2433,2044,0
2451,2036,0
2470,2022,0
2479,1995,0
2484,1966,0
2476,1936,0
2461,1913,0
2437,1890,0
2415,1877,0
2390,1867,0
2372,1865,0
2370,1867,0
2374,1874,0
2392,1890,0
2408,1898,1
2535,1899,0
2526,1890,0
2523,1888,0
2519,1886,0
2517,1892,0
2508,1911,0
2503,1940,0
2497,1966,0
2492,1989,0
2487,2004,0
2487,2009,0
2487,2009,0
2486,2005,0
2492,1985,0
2506,1949,0
2524,1913,0
2550,1886,0
2575,1864,0
2591,1850,0
2605,1848,0
2618,1857,0
2621,1877,0
2627,1913,0
2626,1953,0
2622,1988,0
2623,2018,0
2625,2037,0
2627,2046,0
2627,2046,0
2632,2047,0
2638,2037,0
2648,2017,0
2663,1995,1
2808,1870,0
2799,1862,0
2781,1857,0
2755,1860,0
2725,1867,0
2702,1879,0
2687,1886,0
2689,1901,0
2697,1922,0
2714,1944,0
2734,1964,0
2751,1981,0
2774,2002,0
2786,2019,0
2791,2030,0
2791,2036,0
2780,2041,0
2766,2042,0
2751,2040,0
2742,2036,0
2740,2033,0
2743,2031,0
2745,2029,0
2752,2028,0
2755,2024,0
2762,2024,0
2769,2029,0
2770,2034,1
3257,1905,0
3250,1901,0
3238,1897,0
3219,1894,0
3195,1899,0
3172,1915,0
3139,1940,0
3116,1973,0
3105,2005,0
3100,2026,0
3105,2045,0
3117,2055,0
3139,2060,0
3161,2054,0
3187,2038,0
3208,2014,0
3223,1984,0
3237,1954,0
3246,1925,0
3247,1899,0
3247,1886,0
3247,1885,0
3247,1886,0
3247,1892,0
3241,1918,0
3235,1957,0
3231,1993,0
3233,2022,0
3234,2039,0
3238,2046,0
3249,2046,0
3261,2026,0
3279,1991,1
3411,1734,0
3411,1730,0
3409,1725,0
3408,1725,0
3408,1732,0
3396,1757,0
3388,1797,0
3382,1846,0
3383,1899,0
3382,1940,0
3387,1973,0
3385,1988,0
3390,1995,0
3399,1996,0
3399,1983,0
3404,1964,0
3404,1939,1
3311,1862,0
3308,1860,0
3321,1855,0
3345,1849,0
3369,1845,0
3393,1845,0
3421,1848,0
3449,1850,0
3479,1850,0
3504,1847,0
3542,1850,0
3578,1854,1
3880,1847,0
3871,1839,0
3856,1833,0
3839,1831,0
3814,1832,0
3783,1838,0
3746,1851,0
3707,1876,0
3677,1906,0
3658,1933,0
3658,1963,0
3662,1984,0
3673,1996,0
3692,1997,0
3715,1985,0
3749,1964,0
3780,1932,0
3810,1894,0
3843,1854,0
3867,1815,0
3884,1785,0
3892,1772,0
3889,1769,0
3888,1770,0
3880,1785,0
3865,1826,0
3845,1874,0
3833,1924,0
3814,1959,0
3813,1983,0
3815,1994,0
3821,1994,0
3830,1979,1
3997,1713,0
3996,1707,0
3998,1702,0
3996,1698,0
3992,1697,0
3990,1702,0
3980,1720,0
3966,1754,0
3959,1800,0
3935,1849,0
3925,1896,0
3916,1936,0
3910,1967,0
3900,1981,0
3908,1992,0
3920,1995,0
3938,1990,0
3954,1971,0
3981,1943,0
4005,1912,0
4037,1879,1
4185,1706,0
4184,1698,0
4182,1693,0
4179,1693,0
4176,1696,0
4164,1713,0
4133,1738,0
4114,1775,0
4086,1819,0
4072,1860,0
4061,1894,0
4067,1918,0
4080,1927,0
4097,1928,0
4124,1914,0
4157,1889,1
4432,1783,0
4420,1779,0
4408,1778,0
4384,1783,0
4360,1795,0
4324,1812,0
4309,1834,0
4297,1855,0
4299,1877,0
4316,1897,0
4340,1910,0
4369,1917,0
4400,1918,0
4454,1918,0
4500,1916,0
4538,1911,0
4577,1906,1
4604,1795,0
4593,1789,0
4580,1788,0
4556,1792,0
4533,1805,0
4510,1825,0
4495,1847,0
4488,1870,0
4488,1889,0
4498,1903,0
4521,1912,0
4548,1910,0
4575,1900,0
4605,1886,0
4623,1868,0
4630,1850,0
4625,1834,0
4610,1820,0
4599,1814,0
4582,1813,0
4567,1816,1
4715,1791,0
4673,1796,0
4635,1805,0
4616,1816,0
4609,1822,0
4613,1832,0
4632,1845,0
4662,1858,0
4688,1869,0
4719,1879,0
4736,1889,0
4746,1897,0
4739,1902,0
4721,1913,0
4690,1921,0
4655,1929,0
4630,1934,0
4608,1934,0
4601,1931,0
4606,1927,0
4625,1908,1
4845,1659,0
4838,1643,0
4834,1633,0
4827,1627,0
4828,1626,0
4827,1627,0
4828,1647,0
4821,1677,0
4809,1715,0
4803,1760,0
4801,1804,0
4793,1843,0
4789,1880,0
4792,1911,0
4795,1932,0
4796,1939,0
4796,1939,0
4802,1936,0
4801,1920,0
4801,1901,0
4793,1882,1
4722,1807,0
4722,1807,0
4727,1807,0
4741,1812,0
4760,1819,0
4778,1827,0
4805,1836,0
4829,1840,0
4863,1843,0
4891,1839,0
4929,1833,1
4994,1792,0
4974,1787,0
4944,1788,0
4911,1793,0
4881,1802,0
4877,1812,0
4879,1826,0
4888,1845,0
4917,1867,0
4939,1886,0
4962,1906,0
4977,1923,0
4976,1933,0
4963,1940,0
4942,1949,0
4915,1951,0
4898,1951,0
4886,1947,0
4891,1947,0
4892,1944,0
4897,1943,0
4906,1941,0
4910,1941,0
4922,1945,0
4924,1949,1
5091,1971,0
5086,1972,0
5093,1975,0
5085,1974,0
5085,1974,0
5082,1971,0
5078,1968,0
5079,1966,0
5085,1963,1
5314,1684,0
5318,1684,0
5314,1684,0
5318,1686,0
5313,1686,0
5312,1688,0
5310,1694,0
5301,1707,0
5291,1722,0
5284,1743,0
5275,1767,0
5269,1795,0
5258,1822,0
5245,1853,0
5234,1880,0
5216,1902,0
5214,1919,0
5214,1928,0
5212,1933,0
5219,1938,0
5222,1939,0
5227,1938,0
5241,1935,0
5262,1927,0
5289,1914,0
5325,1903,0
5349,1894,0
5370,1887,0
5379,1885,0
5380,1883,0
5380,1882,0
5380,1881,0
5385,1881,1
5545,1819,0
5534,1816,0
5513,1816,0
5494,1821,0
5473,1831,0
5450,1843,0
5437,1858,0
5430,1875,0
5434,1890,0
5436,1904,0
5453,1915,0
5467,1921,0
5489,1922,0
5512,1919,0
5532,1910,0
5550,1898,0
5557,1880,0
5564,1863,0
5560,1850,0
5556,1838,0
5537,1829,0
5528,1823,0
5506,1820,0
5501,1824,0
5496,1828,1
5598,1816,0
5595,1813,0
5591,1812,0
5599,1814,0
5592,1819,0
5594,1837,0
5588,1856,0
5584,1877,0
5578,1893,0
5576,1907,0
5574,1913,0
5573,1916,0
5578,1915,0
5579,1913,0
5588,1899,0
5598,1876,0
5610,1854,0
5627,1830,0
5643,1811,0
5665,1796,0
5681,1785,0
5691,1781,0
5699,1783,0
5701,1789,0
5704,1807,0
5697,1824,0
5684,1849,0
5684,1872,0
5673,1889,0
5680,1905,0
5677,1913,0
5684,1916,0
5690,1913,1
5870,1792,0
5870,1790,0
5867,1786,0
5856,1783,0
5843,1782,0
5824,1788,0
5799,1800,0
5776,1819,0
5758,1844,0
5741,1868,0
5741,1889,0
5743,1908,0
5751,1920,0
5757,1929,0
5777,1932,0
5783,1928,0
5808,1915,0
5819,1901,0
5836,1875,0
5851,1846,0
5870,1814,0
5877,1780,0
5895,1751,0
5904,1723,0
5911,1703,0
5916,1688,0
5917,1684,0
5922,1683,0
5921,1684,0
5919,1691,0
5916,1715,0
5906,1744,0
5895,1776,0
5884,1812,0
5874,1840,0
5859,1872,0
5848,1901,0
5840,1923,0
5837,1940,0
5832,1946,0
5836,1944,1
6022,1778,0
6017,1780,0
6014,1788,0
6001,1802,0
5978,1821,0
5957,1843,0
5950,1864,0
5935,1883,0
5941,1901,0
5946,1912,0
5956,1920,0
5968,1921,0
5990,1920,0
6010,1911,0
6028,1896,0
6038,1881,0
6047,1865,0
6039,1852,0
6030,1841,0
6025,1831,0
6007,1823,0
5995,1821,0
5991,1819,0
5986,1821,0
5994,1823,1
6133,1833,1
6128,1838,0
6112,1848,0
6099,1862,0
6081,1879,0
6063,1894,0
6051,1905,0
6045,1908,0
6050,1907,0
6050,1907,0
6058,1893,0
6074,1872,0
6097,1845,0
6123,1816,0
6148,1791,0
6182,1775,0
6198,1763,0
6220,1761,0
6223,1765,0
6231,1778,0
6220,1800,0
6211,1829,0
6199,1854,0
6193,1872,0
6193,1886,0
6189,1894,0
6193,1899,0
6200,1900,0
6208,1900,1
6416,1761,0
6412,1761,0
6411,1767,0
6412,1777,0
6404,1790,0
6402,1807,0
6402,1824,0
6404,1841,0
6406,1862,0
6408,1883,0
6406,1902,0
6408,1920,0
6419,1938,0
6424,1949,0
6427,1954,0
6430,1956,0
6430,1956,0
6428,1951,0
6435,1940,0
6438,1920,0
6449,1898,0
6461,1873,0
6473,1849,0
6489,1826,0
6500,1803,0
6518,1785,0
6529,1774,0
6531,1768,0
6531,1766,0
6531,1768,0
6526,1772,0
6522,1786,0
6516,1806,0
6505,1826,0
6498,1850,0
6490,1876,0
6488,1896,0
6481,1915,0
6481,1928,0
6483,1936,0
6490,1942,0
6495,1939,0
6502,1932,0
6519,1918,0
6534,1894,0
6551,1868,0
6570,1845,0
6584,1812,0
6604,1790,0
6613,1771,0
6617,1760,0
6621,1748,0
6630,1741,1
6791,1761,0
6794,1763,0
6794,1764,0
6782,1763,0
6764,1767,0
6737,1774,0
6705,1785,0
6679,1802,0
6656,1824,0
6638,1844,0
6628,1864,0
6623,1880,0
6622,1895,0
6626,1911,0
6636,1918,0
6649,1916,0
6664,1908,0
6690,1894,0
6711,1877,0
6737,1851,0
6763,1829,0
6782,1809,0
6794,1792,0
6802,1783,0
6798,1781,0
6797,1782,0
6798,1783,0
6787,1789,0
6765,1808,0
6746,1832,0
6736,1853,0
6725,1874,0
6716,1890,0
6715,1905,0
6722,1913,0
6732,1918,0
6756,1909,1
6897,1783,0
6887,1773,0
6874,1763,0
6854,1759,0
6828,1761,0
6809,1770,0
6793,1785,0
6779,1802,0
6775,1820,0
6777,1841,0
6786,1864,0
6798,1880,0
6811,1894,0
6799,1904,0
6780,1901,0
6763,1901,0
6743,1899,1