I am secretary to Mr. Arzrumian.&quot;
716
863,3486,0
849,3497,0
837,3520,0
830,3543,0
827,3551,0
834,3556,0
845,3544,0
865,3522,0
886,3495,0
903,3468,0
911,3445,0
910,3444,0
902,3448,0
890,3460,0
883,3479,0
884,3483,0
893,3484,0
907,3477,0
926,3457,0
943,3438,0
968,3423,0
984,3399,0
991,3395,0
992,3403,0
982,3424,0
961,3467,0
943,3518,0
929,3569,0
907,3632,0
882,3687,0
856,3737,0
834,3772,0
817,3783,0
806,3783,0
796,3769,0
790,3745,0
797,3721,1
1164,3548,0
1151,3556,0
1139,3564,0
1122,3576,0
1101,3601,0
1080,3632,0
1057,3665,0
1040,3704,0
1032,3728,0
1032,3736,0
1041,3740,0
1054,3728,0
1076,3704,0
1098,3665,0
1121,3628,0
1140,3592,0
1154,3568,0
1156,3556,0
1156,3560,0
1150,3560,0
1142,3584,0
1132,3612,0
1123,3644,0
1115,3684,0
1107,3716,0
1107,3737,0
1111,3744,0
1122,3736,0
1138,3716,0
1160,3684,0
1182,3651,0
1206,3622,0
1222,3602,0
1229,3602,0
1231,3605,0
1230,3617,0
1226,3645,0
1216,3674,0
1205,3698,0
1197,3723,0
1196,3727,0
1204,3722,0
1218,3694,0
1240,3665,0
1260,3631,0
1278,3619,0
1284,3614,0
1286,3619,0
1284,3630,0
1279,3650,0
1270,3675,0
1258,3704,0
1254,3716,0
1260,3712,0
1275,3687,0
1295,3662,0
1315,3641,0
1325,3640,0
1326,3648,0
1317,3668,0
1302,3701,0
1293,3738,0
1295,3750,0
1307,3749,0
1325,3740,1
1715,3566,0
1696,3573,0
1674,3577,0
1646,3582,0
1621,3595,0
1597,3602,0
1574,3617,0
1563,3631,0
1560,3631,0
1566,3639,0
1575,3645,0
1590,3660,0
1599,3670,0
1607,3689,0
1611,3708,0
1609,3729,0
1600,3747,0
1587,3761,0
1573,3776,0
1559,3789,0
1549,3795,0
1546,3795,0
1549,3794,0
1558,3793,0
1575,3786,0
1594,3776,0
1619,3764,0
1648,3744,0
1677,3723,0
1705,3706,0
1725,3677,0
1742,3662,0
1750,3645,0
1753,3632,0
1751,3632,0
1743,3629,0
1729,3641,0
1710,3660,0
1690,3688,0
1672,3723,0
1659,3750,0
1660,3766,0
1670,3773,0
1686,3778,0
1706,3779,0
1731,3774,0
1758,3761,0
1788,3739,0
1821,3716,0
1850,3689,0
1868,3681,0
1870,3676,0
1873,3684,0
1869,3682,0
1863,3690,0
1850,3701,0
1836,3721,0
1821,3749,0
1805,3772,0
1797,3799,0
1795,3815,0
1800,3826,0
1812,3828,0
1831,3824,0
1852,3807,0
1878,3790,0
1903,3763,0
1930,3732,0
1957,3701,0
1981,3687,0
1988,3681,0
1988,3681,0
1989,3689,0
1983,3707,0
1971,3731,0
1955,3759,0
1943,3787,0
1940,3804,0
1940,3800,0
1947,3790,0
1961,3778,0
1976,3754,0
1993,3734,0
2009,3717,0
2014,3715,0
2016,3720,0
2017,3731,0
2021,3739,0
2026,3741,0
2033,3740,0
2042,3733,0
2057,3728,0
2072,3712,0
2086,3696,0
2089,3674,0
2092,3670,0
2087,3667,0
2078,3669,0
2064,3677,0
2050,3697,0
2042,3733,0
2035,3760,0
2034,3781,0
2040,3792,0
2054,3800,0
2070,3791,0
2096,3771,0
2128,3738,0
2164,3693,0
2205,3638,0
2247,3578,0
2283,3532,0
2304,3507,0
2311,3501,0
2311,3500,0
2307,3502,0
2292,3511,0
2272,3544,0
2248,3591,0
2222,3641,0
2202,3687,0
2191,3723,0
2191,3752,0
2196,3771,0
2210,3780,1
2213,3648,0
2196,3658,0
2189,3661,0
2190,3660,0
2198,3662,0
2215,3656,0
2238,3653,0
2260,3654,0
2282,3660,1
2337,3666,0
2335,3662,0
2333,3663,0
2320,3667,0
2299,3679,0
2275,3696,0
2251,3720,0
2237,3754,0
2231,3778,0
2236,3788,0
2252,3788,0
2275,3771,0
2304,3740,0
2330,3706,0
2350,3677,0
2360,3661,0
2360,3657,0
2359,3662,0
2353,3668,0
2347,3687,0
2342,3710,0
2338,3733,0
2340,3753,0
2346,3756,0
2361,3751,0
2384,3737,0
2410,3715,0
2437,3696,0
2459,3688,0
2466,3689,0
2468,3706,0
2459,3726,0
2447,3748,0
2441,3763,0
2438,3764,0
2442,3763,0
2453,3754,0
2469,3736,0
2486,3720,0
2497,3712,0
2501,3714,0
2503,3722,0
2505,3730,0
2509,3733,0
2510,3732,0
2520,3733,0
2530,3725,0
2543,3718,0
2552,3711,0
2555,3709,0
2557,3709,0
2557,3713,0
2557,3718,0
2557,3739,0
2560,3751,0
2572,3754,0
2586,3744,0
2607,3727,0
2627,3709,0
2643,3694,0
2651,3682,0
2652,3680,0
2651,3682,0
2647,3687,0
2640,3712,0
2627,3744,0
2611,3790,0
2586,3843,0
2564,3904,0
2540,3957,0
2518,4000,0
2498,4032,0
2480,4048,0
2470,4051,0
2463,4036,0
2464,3998,0
2483,3952,0
2512,3912,0
2546,3885,0
2580,3864,1
2946,3484,0
2948,3482,0
2948,3482,0
2946,3488,0
2941,3508,0
2936,3544,0
2926,3590,0
2915,3650,0
2898,3700,0
2888,3741,0
2883,3775,0
2878,3799,0
2875,3815,1
2893,3658,0
2889,3655,0
2884,3653,0
2887,3652,0
2890,3650,0
2913,3647,0
2938,3643,0
2955,3647,1
3067,3672,0
3051,3682,0
3028,3699,0
3001,3723,0
2981,3747,0
2964,3770,0
2961,3788,0
2969,3793,0
2984,3795,0
3005,3780,0
3030,3752,0
3049,3719,0
3062,3694,0
3066,3677,0
3061,3666,0
3055,3670,0
3043,3677,0
3033,3687,0
3034,3700,0
3047,3711,1
3351,3538,0
3349,3535,0
3351,3534,0
3355,3536,0
3356,3540,0
3356,3550,0
3356,3579,0
3344,3615,0
3325,3661,0
3300,3709,0
3281,3755,0
3266,3783,0
3257,3788,0
3258,3783,0
3264,3765,0
3277,3724,0
3304,3674,0
3339,3619,0
3366,3577,0
3382,3561,0
3377,3555,0
3378,3560,0
3375,3571,0
3375,3585,0
3378,3584,0
3387,3581,0
3407,3573,0
3440,3555,0
3484,3525,0
3527,3493,0
3550,3481,0
3552,3490,0
3536,3516,0
3512,3559,0
3485,3607,0
3455,3656,0
3428,3709,0
3409,3759,0
3395,3788,0
3386,3798,0
3387,3788,1
3433,3739,0
3427,3752,0
3423,3751,0
3428,3752,0
3438,3745,0
3456,3729,0
3478,3708,0
3502,3693,0
3525,3681,0
3536,3679,0
3539,3687,0
3543,3708,0
3537,3728,0
3525,3749,0
3510,3773,0
3501,3800,0
3495,3809,0
3497,3807,0
3509,3803,0
3530,3790,0
3553,3769,0
3580,3751,0
3598,3738,0
3608,3735,1
3624,3798,0
3617,3812,0
3617,3813,0
3615,3819,1
4211,3456,0
4211,3450,0
4214,3453,0
4208,3453,0
4200,3472,0
4178,3499,0
4155,3542,0
4124,3597,0
4081,3661,0
4046,3727,0
4018,3781,0
3995,3819,0
3983,3849,0
3978,3849,0
3981,3842,0
3988,3810,0
4004,3761,0
4027,3696,0
4060,3631,0
4095,3573,0
4128,3528,0
4155,3503,0
4164,3495,0
4167,3493,0
4168,3496,0
4174,3508,0
4174,3530,0
4174,3568,0
4162,3621,1
4123,3741,0
4107,3790,0
4095,3821,0
4090,3836,0
4088,3838,0
4087,3833,0
4087,3817,0
4089,3774,0
4098,3730,0
4099,3693,0
4096,3679,0
4089,3679,0
4076,3680,0
4065,3689,0
4053,3700,0
4051,3718,0
4045,3732,0
4044,3749,0
4051,3765,0
4061,3766,0
4079,3762,0
4105,3744,0
4135,3724,0
4167,3702,0
4197,3687,0
4217,3679,0
4230,3684,0
4237,3699,0
4237,3720,0
4234,3749,0
4224,3774,0
4215,3793,0
4212,3796,0
4215,3788,0
4223,3771,0
4242,3744,0
4261,3715,0
4278,3689,0
4290,3679,0
4295,3679,0
4297,3683,0
4296,3684,0
4298,3687,0
4298,3687,0
4297,3688,0
4303,3688,0
4316,3687,0
4333,3677,0
4352,3664,0
4374,3655,0
4386,3660,0
4386,3677,0
4383,3707,0
4374,3737,0
4357,3768,0
4337,3798,0
4321,3817,0
4311,3821,0
4312,3820,0
4311,3810,0
4312,3788,0
4325,3776,0
4326,3775,0
4333,3785,0
4336,3798,0
4342,3814,0
4350,3829,0
4358,3843,0
4362,3855,0
4377,3868,0
4386,3872,0
4398,3865,1
4352,3746,0
4345,3748,0
4345,3748,0
4343,3744,0
4355,3737,0
4378,3728,0
4399,3719,0
4417,3713,0
4432,3710,1
4441,3865,0
4432,3869,0
4432,3868,0
4432,3868,0
4431,3864,0
4432,3858,0
4437,3847,0
4443,3825,0
4459,3799,0
4479,3771,0
4500,3740,0
4519,3720,0
4537,3714,0
4543,3713,0
4548,3720,0
4549,3736,0
4543,3764,0
4531,3798,0
4520,3824,0
4515,3841,0
4514,3836,0
4522,3828,0
4532,3802,0
4552,3778,0
4567,3752,0
4579,3740,0
4582,3737,0
4588,3742,0
4591,3751,0
4592,3766,0
4589,3781,0
4587,3795,0
4591,3807,0
4598,3812,0
4614,3807,0
4628,3788,0
4650,3772,0
4664,3752,0
4679,3737,0
4685,3726,0
4685,3726,0
4686,3730,0
4683,3740,0
4672,3761,0
4666,3790,0
4658,3819,0
4650,3850,0
4647,3865,0
4652,3865,0
4666,3857,0
4680,3831,0
4705,3808,0
4722,3780,0
4737,3757,0
4749,3745,0
4751,3744,0
4752,3748,0
4748,3764,0
4741,3789,0
4734,3819,0
4729,3846,0
4724,3862,0
4732,3865,0
4744,3853,0
4761,3831,0
4781,3805,0
4798,3781,0
4816,3764,0
4825,3753,0
4830,3754,0
4833,3762,0
4833,3781,0
4826,3804,0
4818,3829,0
4814,3846,0
4817,3848,0
4820,3839,0
4837,3822,0
4855,3798,0
4879,3778,0
4897,3764,0
4905,3762,0
4912,3771,0
4910,3787,0
4903,3805,0
4900,3825,0
4898,3845,0
4898,3851,0
4903,3851,0
4913,3840,0
4938,3821,0
4963,3795,0
4987,3781,0
4995,3776,0
4999,3784,0
4995,3800,0
4992,3822,0
4990,3835,0
4994,3837,0
5004,3832,0
5022,3813,0
5041,3785,0
5067,3764,0
5080,3748,0
5084,3750,0
5076,3764,0
5062,3799,0
5046,3834,0
5033,3860,1
5136,3685,0
5139,3674,0
5140,3675,0
5137,3678,1
5226,3709,0
5215,3711,0
5204,3717,0
5187,3725,0
5168,3739,0
5154,3761,0
5132,3792,0
5117,3826,0
5111,3851,0
5115,3858,0
5132,3859,0
5151,3844,0
5175,3822,0
5196,3793,0
5216,3763,0
5232,3739,0
5237,3727,0
5238,3726,0
5236,3728,0
5236,3735,0
5230,3754,0
5224,3774,0
5221,3801,0
5217,3830,0
5226,3844,0
5240,3846,0
5255,3834,0
5281,3817,0
5301,3794,0
5325,3771,0
5348,3757,0
5361,3749,0
5365,3756,0
5363,3771,0
5357,3802,0
5345,3829,0
5339,3853,0
5338,3855,0
5348,3849,0
5368,3831,0
5395,3807,0
5428,3786,0
5450,3778,0
5457,3783,0
5457,3801,0
5446,3827,0
5439,3860,0
5434,3879,0
5441,3889,1
5592,3871,0
5589,3874,0
5589,3874,0
5589,3874,0
5588,3862,1
5701,3554,0
5701,3554,0
5697,3552,0
5701,3561,0
5699,3577,0
5700,3589,0
5710,3596,0
5725,3595,0
5742,3578,1
5786,3581,0
5776,3593,0
5773,3611,0
5773,3625,1