mother was thinking there
546
432,3192,0
434,3188,0
434,3193,0
436,3205,0
436,3221,0
431,3245,0
429,3265,0
432,3279,0
438,3287,0
442,3284,0
447,3281,0
457,3262,0
469,3245,0
480,3223,0
487,3216,0
490,3212,0
492,3217,0
496,3229,0
498,3258,0
501,3284,0
508,3300,0
519,3303,0
534,3301,0
552,3288,0
571,3264,0
593,3234,0
610,3209,0
621,3199,0
624,3199,0
627,3207,0
629,3228,0
632,3252,0
644,3279,0
670,3290,0
702,3293,0
741,3291,0
787,3279,0
838,3263,0
890,3247,0
934,3229,0
964,3163,0
941,3158,0
909,3164,0
876,3174,0
849,3196,0
836,3227,0
830,3250,0
837,3271,0
855,3284,0
881,3286,0
908,3276,0
939,3258,0
965,3227,0
974,3187,0
969,3170,0
949,3162,0
924,3160,0
907,3168,1
1119,3064,0
1105,3052,0
1094,3052,0
1088,3052,0
1087,3065,0
1092,3093,0
1097,3132,0
1097,3173,0
1097,3212,0
1097,3241,0
1099,3252,0
1104,3264,0
1105,3264,1
1050,3197,0
1036,3188,0
1029,3184,0
1029,3184,0
1035,3172,0
1056,3165,0
1085,3156,0
1118,3144,1
1233,3037,0
1220,3041,0
1212,3046,0
1206,3066,0
1206,3086,0
1207,3110,0
1211,3138,0
1209,3158,0
1212,3182,0
1220,3201,0
1230,3213,0
1243,3220,0
1254,3216,0
1266,3206,0
1281,3182,0
1296,3165,0
1307,3160,0
1310,3172,0
1311,3192,0
1319,3211,0
1338,3230,0
1365,3244,0
1401,3248,0
1414,3170,0
1416,3189,0
1432,3208,0
1462,3221,0
1503,3231,0
1725,3180,0
1744,3164,0
1753,3154,0
1754,3145,0
1753,3146,0
1751,3146,0
1751,3158,0
1756,3173,0
1764,3184,0
1774,3194,0
1778,3192,0
1782,3196,0
1781,3192,0
1778,3177,0
1778,3160,0
1783,3143,0
1793,3115,0
1814,3090,0
1838,3071,0
1855,3059,1
2209,3128,0
2208,3124,0
2206,3121,0
2208,3124,0
2208,3129,0
2208,3137,0
2212,3162,0
2214,3187,0
2216,3211,0
2224,3235,0
2231,3245,0
2240,3250,0
2249,3246,0
2261,3228,0
2277,3202,0
2294,3177,0
2300,3153,0
2302,3144,0
2303,3143,0
2300,3140,0
2301,3156,0
2306,3180,0
2315,3199,0
2336,3220,0
2354,3226,0
2378,3233,0
2396,3230,0
2412,3223,0
2426,3199,0
2435,3169,0
2430,3132,0
2420,3110,0
2400,3097,0
2376,3085,0
2356,3077,0
2355,3086,0
2359,3093,1
2618,3170,0
2616,3162,0
2610,3146,0
2605,3131,0
2596,3117,0
2581,3107,0
2561,3104,0
2538,3112,0
2510,3129,0
2487,3153,0
2477,3181,0
2477,3202,0
2483,3213,0
2497,3220,0
2509,3214,0
2521,3191,0
2541,3163,0
2561,3135,0
2574,3120,0
2575,3111,0
2576,3110,0
2576,3110,0
2575,3124,0
2581,3148,0
2589,3170,0
2604,3189,0
2625,3206,0
2642,3206,0
2663,3204,1
2779,3086,0
2770,3078,0
2760,3069,0
2750,3066,0
2736,3064,0
2712,3064,0
2688,3069,0
2675,3081,0
2673,3091,0
2681,3104,0
2704,3119,0
2743,3134,0
2784,3148,0
2811,3155,0
2830,3167,0
2839,3181,0
2835,3192,0
2811,3197,0
2775,3204,0
2735,3207,0
2695,3202,0
2673,3199,0
2666,3190,0
2677,3179,0
2702,3157,1
3303,2929,0
3304,2928,0
3305,2932,0
3308,2946,0
3312,2968,0
3315,3001,0
3314,3042,0
3315,3088,0
3315,3123,0
3325,3156,0
3338,3181,0
3341,3188,0
3344,3191,1
3180,3093,0
3173,3089,0
3174,3088,0
3187,3083,0
3221,3074,0
3266,3059,0
3327,3048,0
3385,3033,0
3443,3026,1
3456,2927,0
3452,2925,0
3456,2927,0
3456,2931,0
3464,2956,0
3466,2992,0
3462,3032,0
3460,3080,0
3457,3118,0
3460,3146,0
3475,3165,0
3492,3173,0
3511,3168,0
3535,3148,0
3560,3122,0
3580,3100,0
3595,3093,0
3598,3095,0
3597,3095,0
3600,3109,0
3600,3129,0
3607,3155,0
3618,3173,0
3644,3182,0
3674,3182,0
3705,3176,0
3735,3171,0
3753,3155,0
3769,3136,1
3766,3057,0
3761,3056,0
3764,3059,0
3766,3068,0
3770,3086,0
3777,3112,0
3784,3138,0
3789,3156,0
3793,3167,0
3795,3170,0
3806,3173,0
3806,3156,1
3761,2963,0
3755,2958,0
3753,2954,0
3753,2954,0
3762,2962,1
3877,3056,0
3881,3058,0
3881,3058,0
3882,3057,0
3884,3060,0
3891,3071,0
3889,3089,0
3887,3113,0
3887,3135,0
3889,3150,0
3900,3162,0
3906,3162,0
3916,3157,0
3930,3145,0
3942,3121,0
3956,3098,0
3967,3086,0
3969,3078,0
3978,3081,0
3991,3091,0
3995,3109,0
4004,3134,0
4015,3157,0
4029,3166,0
4052,3171,1
4100,2942,0
4100,2942,0
4103,2945,0
4107,2958,0
4119,2981,0
4125,3015,0
4120,3049,0
4113,3081,0
4111,3105,0
4121,3123,0
4135,3132,0
4147,3131,0
4159,3124,1
4227,3034,0
4225,3031,0
4224,3032,0
4217,3033,0
4204,3042,0
4181,3055,0
4159,3073,0
4136,3086,0
4131,3102,0
4139,3117,0
4166,3129,0
4208,3137,0
4257,3143,0
4302,3142,0
4343,3139,0
4378,3136,1
4408,3060,0
4403,3059,0
4405,3063,0
4408,3078,0
4408,3103,0
4407,3133,0
4411,3165,0
4415,3189,0
4425,3202,0
4441,3209,0
4452,3202,0
4461,3186,0
4467,3162,1
4427,2994,0
4426,2989,0
4427,2989,0
4430,2991,0
4440,3004,1
4555,3065,0
4553,3062,0
4550,3059,0
4553,3062,0
4555,3066,0
4559,3080,0
4564,3105,0
4567,3133,0
4569,3155,0
4577,3171,0
4586,3177,0
4601,3179,0
4623,3172,0
4640,3146,0
4659,3115,0
4676,3089,0
4684,3079,0
4685,3076,0
4686,3076,0
4693,3088,0
4700,3104,0
4711,3129,0
4725,3148,0
4740,3162,0
4753,3166,1
4893,3105,0
4895,3101,0
4901,3094,0
4900,3076,0
4893,3059,0
4885,3049,0
4864,3044,0
4838,3046,0
4804,3057,0
4783,3076,0
4771,3098,0
4777,3123,0
4790,3139,0
4811,3144,0
4831,3144,0
4857,3144,0
4881,3132,0
4904,3124,0
4919,3117,0
4923,3117,0
4925,3122,0
4929,3142,0
4936,3174,0
4941,3213,0
4940,3252,0
4945,3298,0
4936,3333,0
4928,3368,0
4909,3397,0
4887,3416,0
4862,3422,0
4841,3421,0
4823,3411,0
4811,3401,0
4796,3376,0
4798,3354,0
4802,3319,0
4822,3289,0
4843,3264,0
4876,3248,0
4905,3232,0
4941,3226,0
4967,3218,0
4999,3216,0
5011,3206,1
5327,2913,0
5327,2913,0
5323,2911,0
5329,2918,0
5327,2934,0
5333,2962,0
5326,2994,0
5317,3029,0
5309,3062,0
5308,3092,0
5301,3110,0
5311,3129,0
5310,3137,0
5314,3139,0
5304,3134,0
5294,3120,0
5277,3103,1
5193,3054,0
5190,3053,0
5195,3052,0
5205,3050,0
5233,3046,0
5271,3040,0
5319,3034,0
5362,3028,0
5410,3028,0
5450,3025,0
5482,3019,0
5501,3011,1
5488,2913,0
5489,2912,0
5489,2912,0
5494,2919,0
5502,2936,0
5506,2958,0
5506,2989,0
5502,3025,0
5495,3057,0
5502,3091,0
5509,3117,0
5529,3138,0
5538,3144,0
5573,3151,0
5598,3141,0
5631,3120,0
5656,3095,0
5677,3086,0
5689,3081,0
5697,3076,0
5701,3077,0
5702,3076,0
5707,3083,0
5706,3092,0
5718,3103,0
5735,3106,0
5763,3106,0
5791,3099,0
5817,3087,0
5847,3070,0
5866,3045,0
5877,3027,0
5877,3013,0
5869,3003,0
5851,2994,0
5829,2990,0
5810,2999,0
5793,3019,0
5786,3046,0
5790,3071,0
5805,3093,0
5829,3107,0
5862,3115,0
5900,3113,0
5935,3103,0
5966,3081,0
5992,3061,0
6007,3045,0
6017,3034,0
6022,3025,0
6022,3018,0
6017,3018,0
6020,3029,0
6011,3045,0
6005,3062,0
6003,3076,0
6004,3087,0
6003,3089,0
6008,3091,0
6002,3083,0
6008,3064,0
6006,3045,0
6005,3033,0
6003,3025,0
6010,3023,0
6010,3023,0
6027,3026,0
6046,3032,0
6078,3042,0
6115,3048,0
6158,3053,0
6198,3049,0
6233,3042,0
6266,3026,0
6281,3006,0
6289,2990,0
6287,2978,0
6278,2969,0
6265,2969,0
6245,2980,0
6228,3003,0
6220,3025,0
6225,3048,0
6245,3069,0
6278,3086,0
6322,3097,0
6363,3105,0
6393,3110,0
6416,3116,1