her daughter and son-in-law.
567
460,4051,0
460,4051,0
462,4068,0
461,4097,0
458,4133,0
454,4180,0
452,4220,0
456,4269,0
462,4315,0
471,4352,0
480,4374,0
488,4384,0
495,4381,0
508,4358,0
526,4332,0
547,4299,0
565,4273,0
577,4258,0
583,4250,0
584,4251,0
588,4263,0
593,4287,0
603,4313,0
620,4339,0
644,4354,0
672,4365,0
702,4355,0
731,4346,0
752,4324,0
770,4297,0
775,4273,0
770,4253,0
755,4235,0
737,4234,0
718,4240,0
702,4263,0
692,4298,0
693,4334,0
703,4360,0
725,4386,0
753,4400,0
789,4406,0
834,4398,0
877,4368,0
914,4337,0
939,4319,0
951,4307,0
953,4303,0
952,4303,0
948,4314,0
939,4334,0
931,4357,0
929,4374,0
928,4378,0
929,4378,0
932,4369,0
934,4342,0
936,4314,0
938,4290,0
942,4262,0
951,4239,0
966,4222,0
987,4211,0
1020,4212,0
1058,4208,1
1539,4270,0
1545,4274,0
1549,4270,0
1557,4269,0
1561,4264,0
1564,4256,0
1562,4240,0
1555,4229,0
1540,4222,0
1513,4221,0
1478,4229,0
1442,4248,0
1419,4274,0
1412,4299,0
1419,4315,0
1438,4325,0
1464,4331,0
1491,4328,0
1515,4309,0
1539,4287,0
1559,4253,0
1573,4210,0
1579,4169,0
1578,4133,0
1568,4098,0
1556,4072,0
1544,4061,0
1534,4054,0
1532,4054,0
1531,4079,0
1534,4123,0
1539,4170,0
1550,4221,0
1568,4271,0
1587,4306,0
1609,4335,0
1631,4352,1
1698,4331,0
1718,4311,0
1731,4293,0
1741,4272,0
1749,4250,0
1751,4229,0
1749,4210,0
1742,4191,0
1733,4184,0
1723,4185,0
1707,4191,0
1688,4219,0
1669,4246,0
1662,4283,0
1665,4315,0
1681,4337,0
1705,4346,0
1731,4350,0
1755,4334,0
1776,4310,0
1795,4287,0
1804,4265,0
1804,4249,0
1796,4234,0
1789,4231,0
1787,4232,0
1787,4251,0
1790,4280,0
1796,4303,0
1807,4321,0
1823,4338,0
1841,4348,1
1897,4247,0
1893,4244,0
1891,4244,0
1891,4249,0
1892,4261,0
1890,4285,0
1887,4315,0
1887,4339,0
1894,4354,0
1910,4363,0
1929,4364,0
1951,4355,0
1968,4326,0
1987,4297,0
2002,4274,0
2010,4265,0
2009,4260,0
2007,4261,0
2005,4261,0
2005,4286,0
2011,4313,0
2026,4338,0
2048,4353,0
2080,4367,0
2116,4371,1
2242,4316,0
2244,4299,0
2240,4259,0
2234,4240,0
2222,4227,0
2209,4218,0
2191,4215,0
2176,4223,0
2159,4239,0
2147,4260,0
2144,4280,0
2149,4296,0
2169,4312,0
2200,4328,0
2236,4339,0
2273,4350,0
2303,4366,0
2322,4385,0
2329,4408,0
2325,4439,0
2310,4463,0
2287,4487,0
2258,4511,0
2222,4525,0
2185,4531,0
2154,4526,0
2135,4519,0
2126,4500,0
2128,4478,0
2140,4447,0
2160,4413,1
2306,4140,0
2310,4130,0
2312,4121,0
2314,4121,0
2318,4131,0
2321,4151,0
2321,4185,0
2316,4220,0
2313,4263,0
2313,4297,0
2320,4319,0
2335,4335,0
2357,4342,0
2374,4331,0
2392,4314,0
2409,4295,0
2418,4285,0
2420,4284,0
2417,4280,0
2419,4288,0
2423,4304,0
2430,4322,0
2445,4338,0
2468,4352,0
2490,4345,1
2575,4162,0
2566,4144,0
2561,4133,0
2560,4128,0
2564,4132,0
2566,4140,0
2567,4169,0
2562,4205,0
2557,4240,0
2558,4275,0
2563,4302,0
2572,4324,0
2577,4336,1
2541,4272,0
2535,4266,0
2532,4258,0
2533,4254,0
2542,4250,0
2559,4249,0
2581,4249,0
2620,4260,0
2655,4256,0
2700,4259,0
2732,4251,0
2757,4249,0
2762,4238,0
2760,4230,0
2742,4217,0
2719,4217,0
2693,4223,0
2671,4236,0
2654,4247,0
2656,4276,0
2671,4301,0
2694,4313,0
2731,4329,0
2774,4338,0
2813,4338,0
2851,4336,0
2876,4325,0
2888,4315,0
2887,4302,0
2880,4292,0
2872,4287,0
2874,4295,0
2870,4292,0
2874,4304,0
2878,4311,0
2883,4318,0
2884,4316,0
2885,4317,0
2883,4314,0
2883,4304,0
2881,4288,0
2879,4262,0
2882,4239,0
2895,4225,0
2910,4210,0
2931,4200,0
2958,4196,0
2984,4188,1
3368,4255,0
3376,4251,0
3381,4239,0
3386,4227,0
3391,4215,0
3388,4203,0
3383,4192,0
3368,4178,0
3350,4174,0
3327,4178,0
3304,4191,0
3286,4210,0
3275,4234,0
3274,4261,0
3281,4285,0
3296,4304,0
3315,4316,0
3332,4317,0
3350,4316,0
3362,4305,0
3363,4277,0
3368,4256,0
3364,4239,0
3365,4239,0
3359,4233,0
3358,4234,0
3356,4235,0
3360,4251,0
3366,4280,0
3376,4311,0
3388,4336,0
3402,4351,0
3421,4359,1
3441,4205,0
3438,4202,0
3437,4198,0
3438,4202,0
3447,4215,0
3457,4237,0
3461,4253,0
3466,4273,0
3472,4289,0
3475,4291,0
3487,4293,0
3503,4288,0
3524,4272,0
3540,4249,0
3557,4233,0
3562,4221,0
3563,4220,0
3565,4224,0
3567,4236,0
3567,4256,0
3567,4274,0
3578,4295,0
3597,4308,0
3622,4311,0
3657,4313,1
3805,4266,0
3805,4260,0
3803,4247,0
3801,4234,0
3798,4217,0
3788,4204,0
3776,4193,0
3755,4188,0
3732,4194,0
3714,4215,0
3694,4232,0
3682,4254,0
3685,4280,0
3697,4301,0
3705,4306,0
3728,4316,0
3746,4309,0
3762,4284,0
3780,4248,0
3795,4214,0
3804,4184,0
3803,4155,0
3802,4132,0
3797,4111,0
3796,4102,0
3795,4098,0
3808,4114,0
3813,4138,0
3825,4179,0
3822,4210,0
3829,4254,0
3837,4297,0
3843,4326,1
4295,4205,0
4293,4201,0
4293,4201,0
4287,4196,0
4280,4191,0
4269,4190,0
4253,4188,0
4240,4192,0
4229,4200,0
4225,4208,0
4232,4224,0
4249,4242,0
4267,4257,0
4292,4279,0
4307,4292,0
4317,4310,0
4319,4323,0
4314,4338,0
4295,4346,0
4273,4354,0
4241,4348,0
4215,4342,0
4198,4335,0
4186,4324,0
4193,4314,1
4452,4226,0
4459,4226,0
4461,4218,0
4459,4210,0
4448,4199,1
4408,4191,0
4383,4195,0
4367,4208,0
4358,4231,0
4355,4254,0
4370,4283,0
4382,4299,0
4410,4318,0
4432,4326,0
4456,4327,0
4473,4319,0
4488,4300,0
4493,4275,0
4491,4256,0
4477,4242,0
4454,4230,0
4431,4223,0
4418,4218,0
4416,4220,0
4428,4226,1
4573,4203,0
4570,4206,0
4566,4220,0
4566,4241,0
4566,4266,0
4565,4288,0
4568,4307,0
4574,4318,0
4579,4319,0
4593,4317,0
4602,4304,0
4616,4287,0
4628,4261,0
4640,4240,0
4650,4230,0
4659,4234,0
4664,4240,0
4664,4245,0
4666,4260,0
4670,4283,0
4671,4302,0
4680,4316,0
4696,4323,0
4710,4316,0
4727,4308,1
4755,4256,0
4755,4256,0
4758,4258,0
4767,4261,0
4782,4258,1
4934,4220,0
4946,4226,0
4953,4235,0
4965,4252,0
4966,4273,0
4970,4302,0
4967,4326,0
4965,4351,0
4961,4370,1
4898,4100,0
4893,4094,0
4891,4090,0
4895,4092,0
4896,4090,1
5031,4232,0
5031,4232,0
5031,4232,0
5035,4239,0
5040,4252,0
5043,4271,0
5043,4298,0
5035,4318,0
5029,4329,0
5038,4343,0
5046,4346,0
5055,4343,0
5074,4329,0
5096,4309,0
5113,4281,0
5125,4264,0
5130,4259,0
5134,4261,0
5139,4267,0
5150,4285,0
5158,4299,0
5175,4316,0
5185,4323,0
5194,4320,0
5207,4312,1
5221,4229,0
5220,4230,0
5231,4237,0
5245,4239,0
5271,4236,1
5426,4070,0
5429,4072,0
5437,4081,0
5446,4108,0
5458,4148,0
5459,4188,0
5460,4228,0
5462,4267,0
5468,4302,0
5477,4326,0
5490,4342,0
5506,4348,0
5531,4352,1
5698,4318,0
5708,4307,0
5719,4294,0
5732,4280,0
5734,4259,0
5733,4242,0
5716,4225,0
5692,4217,0
5661,4220,0
5625,4231,0
5606,4258,0
5595,4287,0
5598,4314,0
5610,4336,0
5622,4347,0
5640,4352,0
5657,4345,0
5677,4329,0
5694,4304,0
5708,4288,0
5708,4283,0
5709,4282,0
5708,4283,0
5711,4291,0
5720,4306,0
5734,4320,0
5747,4323,0
5766,4319,0
5789,4311,1
5863,4201,0
5866,4210,0
5864,4225,0
5861,4247,0
5858,4275,0
5864,4299,0
5867,4313,0
5875,4323,0
5885,4324,0
5900,4312,0
5923,4291,0
5944,4273,0
5953,4268,0
5955,4266,0
5955,4266,0
5957,4277,0
5959,4299,0
5966,4321,0
5979,4342,0
6001,4354,0
6023,4359,0
6043,4353,0
6065,4334,0
6083,4299,0
6092,4270,0
6085,4248,0
6071,4232,0
6064,4227,0
6057,4225,1
6182,4325,0
6183,4329,0
6187,4331,0
6183,4329,0
6182,4330,1