already.
285
901,6662,0
894,6662,0
887,6653,0
875,6649,0
866,6640,0
850,6636,0
832,6635,0
812,6635,0
795,6642,0
779,6657,0
767,6673,0
753,6696,0
746,6723,0
743,6744,0
745,6768,0
752,6780,0
766,6797,0
779,6802,0
798,6810,0
812,6807,0
830,6803,0
848,6788,0
867,6769,0
880,6749,0
892,6722,0
899,6706,0
910,6682,0
916,6662,0
917,6658,0
915,6654,0
913,6654,0
910,6654,0
909,6658,0
905,6666,0
906,6682,0
904,6706,0
912,6726,0
918,6742,0
933,6758,0
943,6770,0
957,6783,0
974,6787,0
989,6787,0
1000,6783,0
1015,6768,0
1027,6748,0
1040,6716,0
1049,6671,0
1058,6632,0
1062,6592,0
1065,6548,0
1061,6504,0
1058,6472,0
1049,6440,0
1040,6412,0
1031,6400,0
1025,6388,1
1033,6508,0
1037,6544,0
1039,6584,0
1046,6620,0
1050,6652,0
1057,6688,0
1066,6720,0
1076,6748,0
1086,6776,0
1097,6792,0
1107,6804,0
1117,6804,0
1126,6808,0
1134,6799,0
1140,6787,0
1147,6772,0
1150,6752,0
1154,6724,0
1157,6695,0
1164,6671,0
1170,6651,0
1179,6635,0
1186,6627,0
1193,6623,0
1200,6623,0
1208,6635,0
1215,6650,0
1221,6662,0
1239,6698,0
1248,6717,0
1261,6729,0
1275,6737,0
1290,6745,0
1303,6744,0
1315,6739,0
1329,6739,0
1341,6727,0
1351,6710,0
1359,6694,0
1361,6674,0
1360,6658,0
1357,6647,0
1351,6635,0
1341,6627,0
1332,6619,0
1330,6627,0
1322,6628,0
1317,6640,0
1315,6648,0
1317,6667,0
1320,6683,0
1324,6699,0
1334,6715,0
1344,6727,0
1358,6730,0
1370,6726,0
1387,6721,0
1405,6708,0
1426,6695,0
1451,6681,0
1475,6664,0
1497,6647,0
1517,6641,0
1533,6640,0
1541,6635,0
1546,6635,0
1548,6635,0
1549,6635,0
1548,6631,0
1541,6632,0
1532,6633,0
1520,6633,0
1502,6635,0
1486,6651,0
1474,6664,0
1465,6684,0
1459,6693,0
1460,6713,0
1464,6721,0
1471,6724,0
1481,6727,0
1494,6727,0
1508,6722,0
1520,6709,0
1530,6697,0
1537,6684,0
1544,6664,0
1549,6659,0
1552,6647,0
1552,6651,0
1549,6647,0
1549,6659,0
1549,6679,0
1551,6695,0
1556,6710,0
1564,6718,0
1575,6729,0
1587,6728,0
1602,6727,0
1613,6726,0
1623,6714,0
1631,6701,0
1636,6684,0
1640,6672,0
1643,6672,0
1643,6668,0
1644,6679,0
1644,6692,0
1650,6703,0
1656,6711,0
1666,6722,0
1679,6725,0
1693,6727,0
1708,6729,0
1722,6724,0
1735,6720,0
1746,6715,0
1750,6698,0
1752,6681,0
1749,6669,0
1739,6651,0
1727,6640,0
1710,6629,0
1690,6623,0
1672,6629,0
1655,6635,0
1642,6647,0
1640,6664,0
1643,6680,0
1654,6699,0
1669,6714,0
1687,6728,0
1707,6734,0
1726,6740,0
1746,6739,0
1759,6733,0
1768,6720,0
1773,6700,0
1777,6671,0
1778,6639,0
1773,6606,0
1770,6575,0
1762,6540,0
1758,6512,0
1752,6485,0
1749,6461,0
1747,6445,0
1746,6437,0
1745,6437,0
1748,6441,0
1752,6452,0
1756,6483,0
1756,6516,0
1754,6553,0
1751,6601,0
1751,6641,0
1759,6677,0
1768,6712,0
1778,6739,0
1790,6758,0
1805,6768,0
1819,6775,0
1834,6773,0
1845,6764,0
1857,6742,0
1870,6721,0
1881,6695,0
1889,6674,0
1891,6650,0
1891,6641,0
1890,6634,0
1889,6634,0
1888,6633,0
1887,6634,0
1889,6642,0
1899,6652,0
1907,6659,0
1918,6666,0
1927,6669,0
1939,6671,0
1949,6667,0
1959,6657,0
1967,6639,0
1972,6623,0
1976,6613,0
1976,6614,0
1976,6610,0
1975,6610,0
1978,6626,0
1982,6650,0
1987,6681,0
1997,6720,0
2009,6767,0
2020,6809,0
2035,6864,0
2046,6915,0
2055,6962,0
2061,7010,0
2060,7050,0
2046,7089,0
2027,7108,0
2006,7115,0
1983,7122,0
1960,7108,0
1942,7094,0
1927,7068,0
1912,7038,0
1903,7002,0
1899,6959,0
1903,6917,0
1912,6876,0
1923,6843,0
1938,6825,0
1952,6807,0
1969,6797,0
1987,6790,0
2003,6784,0
2017,6778,0
2028,6780,1
2208,6732,0
2215,6731,0
2216,6727,0
2216,6731,0
2213,6731,0
2213,6735,0
2212,6735,0
2213,6731,0
2215,6706,1