house arm-in-arm and the questions
813
916,2351,0
912,2350,0
911,2346,0
907,2374,0
905,2394,0
904,2417,0
905,2446,0
909,2482,0
918,2527,0
926,2560,0
928,2576,0
931,2589,0
931,2584,0
931,2580,0
931,2564,0
928,2536,0
926,2504,0
924,2484,0
926,2472,0
931,2464,0
940,2449,0
951,2437,0
963,2429,0
977,2431,0
991,2434,0
1006,2447,0
1023,2463,0
1035,2484,0
1042,2512,0
1043,2540,0
1044,2564,0
1044,2577,0
1041,2577,0
1042,2577,1
1165,2455,0
1160,2451,0
1158,2451,0
1152,2447,0
1145,2440,0
1139,2440,0
1129,2444,0
1117,2452,0
1103,2469,0
1090,2489,0
1085,2504,0
1089,2528,0
1098,2545,0
1114,2557,0
1132,2560,0
1148,2560,0
1161,2551,0
1168,2531,0
1171,2503,0
1168,2475,0
1160,2460,0
1150,2456,0
1140,2452,0
1136,2456,0
1141,2460,1
1207,2437,0
1206,2441,0
1206,2441,0
1205,2445,0
1202,2453,0
1204,2473,0
1206,2497,0
1211,2517,0
1217,2533,0
1226,2544,0
1242,2559,0
1254,2554,0
1269,2550,0
1282,2540,0
1294,2527,0
1304,2510,0
1309,2490,0
1307,2470,0
1301,2458,0
1292,2447,0
1283,2444,0
1280,2444,0
1281,2444,0
1289,2443,0
1301,2442,1
1407,2449,0
1404,2446,0
1398,2443,0
1390,2444,0
1377,2441,0
1359,2444,0
1344,2449,0
1334,2458,0
1334,2470,0
1336,2478,0
1344,2486,0
1358,2497,0
1376,2502,0
1396,2507,0
1412,2518,0
1423,2528,0
1426,2536,0
1421,2540,0
1412,2546,0
1398,2552,0
1379,2554,0
1363,2556,0
1353,2553,0
1346,2546,0
1343,2538,1
1464,2493,0
1464,2497,0
1462,2497,0
1461,2493,0
1462,2493,0
1471,2496,0
1486,2498,0
1505,2495,0
1525,2494,0
1540,2492,0
1549,2494,0
1551,2494,0
1548,2490,0
1503,2438,0
1496,2443,0
1483,2449,0
1471,2459,0
1466,2485,0
1463,2509,0
1468,2528,0
1480,2548,0
1504,2567,0
1529,2571,0
1558,2569,0
1585,2560,0
1604,2548,1
2041,2442,0
2040,2443,0
2038,2439,0
2034,2432,0
2031,2429,0
2029,2426,0
2022,2420,0
2014,2419,0
2002,2415,0
1994,2422,0
1978,2429,0
1965,2447,0
1949,2466,0
1940,2486,0
1937,2504,0
1946,2527,0
1953,2533,0
1971,2543,0
1985,2538,0
2001,2527,0
2014,2504,0
2025,2483,0
2029,2464,0
2028,2456,0
2024,2449,0
2026,2452,0
2024,2449,0
2026,2453,0
2026,2453,0
2026,2456,0
2025,2466,0
2027,2487,0
2029,2503,0
2036,2518,0
2043,2528,0
2049,2530,0
2059,2530,1
2082,2455,0
2074,2450,0
2072,2450,0
2071,2451,0
2070,2451,0
2072,2463,0
2075,2480,0
2079,2499,0
2084,2515,0
2087,2527,0
2088,2531,0
2091,2533,0
2089,2530,0
2084,2519,0
2080,2503,0
2073,2480,0
2071,2464,0
2067,2452,0
2065,2449,0
2065,2444,0
2070,2443,0
2075,2436,0
2091,2433,0
2108,2430,0
2123,2432,1
2175,2421,0
2175,2425,0
2172,2431,0
2170,2446,0
2172,2466,0
2178,2486,0
2181,2502,0
2184,2514,0
2188,2521,0
2188,2521,0
2186,2517,0
2185,2509,0
2185,2492,0
2186,2473,0
2183,2456,0
2183,2444,0
2188,2432,0
2196,2428,0
2201,2422,0
2207,2418,0
2210,2417,0
2221,2425,0
2228,2430,0
2237,2444,0
2246,2461,0
2253,2480,0
2258,2495,0
2260,2508,0
2265,2519,0
2265,2519,0
2263,2516,0
2265,2519,0
2260,2512,0
2257,2500,0
2255,2484,0
2256,2466,0
2250,2446,0
2254,2444,0
2254,2439,0
2258,2437,0
2269,2432,0
2278,2427,0
2297,2430,0
2309,2432,0
2318,2437,0
2322,2444,0
2329,2458,0
2330,2471,0
2336,2490,0
2338,2504,0
2341,2511,0
2340,2511,0
2344,2514,1
2417,2455,0
2419,2458,0
2417,2458,0
2417,2459,0
2419,2458,0
2428,2458,0
2442,2458,0
2459,2458,0
2471,2456,1
2572,2420,0
2567,2417,0
2568,2417,0
2564,2415,0
2562,2422,0
2559,2437,0
2559,2457,0
2565,2482,0
2572,2501,0
2579,2515,0
2581,2523,0
2584,2526,0
2585,2526,1
2562,2378,0
2558,2376,0
2556,2372,0
2559,2375,0
2557,2371,0
2563,2372,0
2572,2376,0
2577,2378,0
2584,2383,1
2639,2427,0
2637,2428,0
2636,2429,0
2632,2432,0
2636,2449,0
2637,2462,0
2641,2480,0
2650,2497,0
2651,2511,0
2652,2525,0
2656,2532,0
2654,2528,0
2656,2522,0
2653,2504,0
2648,2480,0
2654,2461,0
2651,2448,0
2652,2443,0
2656,2439,0
2659,2434,0
2671,2434,0
2680,2433,0
2694,2438,0
2709,2447,0
2718,2455,0
2728,2468,0
2740,2488,0
2744,2505,0
2744,2519,0
2743,2530,0
2748,2541,0
2750,2545,1
2792,2490,0
2785,2485,0
2784,2486,0
2786,2485,0
2794,2483,0
2808,2483,0
2819,2480,0
2832,2480,0
2847,2484,1
3013,2427,0
3006,2422,0
3002,2420,0
2994,2416,0
2982,2411,0
2975,2412,0
2965,2415,0
2952,2420,0
2941,2435,0
2927,2451,0
2923,2470,0
2924,2485,0
2927,2497,0
2936,2506,0
2954,2511,0
2968,2506,0
2984,2493,0
2995,2473,0
3005,2455,0
3008,2442,0
3007,2437,0
3011,2439,0
3013,2442,0
3013,2443,0
3013,2449,0
3013,2463,0
3016,2482,0
3021,2499,0
3023,2511,1
3068,2432,0
3067,2432,0
3066,2433,0
3066,2434,0
3065,2440,0
3070,2456,0
3074,2475,0
3079,2491,0
3083,2504,0
3083,2509,0
3083,2509,0
3083,2508,0
3083,2499,0
3078,2477,0
3071,2455,0
3064,2441,0
3063,2437,0
3061,2433,0
3065,2434,0
3068,2432,0
3080,2427,0
3095,2424,0
3117,2426,0
3129,2426,0
3136,2429,1
3169,2421,0
3161,2417,0
3160,2419,0
3163,2422,0
3162,2428,0
3166,2446,0
3165,2463,0
3170,2481,0
3171,2495,0
3176,2507,0
3175,2509,0
3169,2503,0
3174,2504,0
3173,2493,0
3171,2474,0
3170,2454,0
3171,2441,0
3173,2434,0
3173,2428,0
3181,2427,0
3185,2423,0
3196,2424,0
3202,2423,0
3209,2427,0
3214,2434,0
3219,2446,0
3221,2461,0
3223,2475,0
3226,2488,0
3229,2497,0
3228,2498,0
3228,2498,0
3232,2488,0
3232,2473,0
3230,2458,0
3233,2449,0
3234,2444,0
3239,2439,0
3241,2431,0
3248,2424,0
3261,2422,0
3263,2415,0
3270,2413,0
3284,2418,0
3290,2417,0
3301,2423,0
3311,2436,0
3313,2446,0
3319,2461,0
3322,2475,0
3326,2487,0
3327,2497,0
3328,2508,0
3329,2518,0
3339,2531,1
3753,2448,0
3749,2446,0
3750,2445,0
3748,2441,0
3745,2437,0
3740,2432,0
3732,2429,0
3723,2427,0
3713,2427,0
3706,2429,0
3695,2429,0
3685,2434,0
3674,2441,0
3664,2458,0
3655,2474,0
3655,2492,0
3659,2507,0
3670,2519,0
3679,2526,0
3693,2528,0
3707,2523,0
3720,2511,0
3737,2497,0
3744,2476,0
3744,2458,0
3746,2449,0
3745,2444,0
3746,2444,0
3741,2443,0
3744,2446,0
3745,2450,0
3744,2463,0
3748,2484,0
3754,2502,0
3756,2516,0
3762,2529,0
3764,2533,1
3798,2449,0
3790,2447,0
3781,2445,0
3783,2449,0
3782,2450,0
3779,2460,0
3787,2482,0
3793,2499,0
3801,2514,0
3803,2523,0
3805,2528,0
3805,2527,0
3803,2523,0
3801,2514,0
3793,2493,0
3788,2474,0
3788,2462,0
3788,2455,0
3784,2448,0
3790,2448,0
3793,2443,0
3805,2441,0
3820,2441,0
3837,2447,0
3848,2453,0
3853,2465,0
3863,2485,0
3868,2504,0
3865,2513,0
3874,2528,0
3875,2532,0
3879,2534,1
3979,2455,0
3978,2456,0
3976,2454,0
3972,2452,0
3964,2449,0
3957,2445,0
3949,2443,0
3942,2444,0
3931,2445,0
3921,2451,0
3910,2465,0
3899,2478,0
3901,2495,0
3908,2512,0
3914,2523,0
3928,2532,0
3941,2534,0
3955,2530,0
3988,2392,0
3988,2392,0
3988,2392,0
3988,2392,0
3987,2393,0
3988,2425,1
4285,2364,0
4284,2365,0
4281,2369,0
4283,2381,0
4283,2401,0
4284,2427,0
4289,2455,0
4297,2479,0
4300,2495,0
4307,2506,0
4305,2508,0
4307,2507,0
4299,2495,1
4227,2439,0
4222,2439,0
4220,2437,0
4224,2437,0
4237,2432,0
4267,2432,0
4302,2431,0
4330,2432,0
4352,2436,0
4370,2374,0
4365,2373,0
4361,2373,0
4360,2374,0
4362,2379,0
4362,2393,0
4370,2416,0
4372,2441,0
4377,2470,0
4371,2520,0
4372,2524,0
4374,2523,0
4377,2449,0
4383,2447,0
4390,2444,0
4401,2442,0
4415,2444,0
4423,2445,0
4435,2449,0
4449,2458,0
4455,2468,0
4453,2479,0
4458,2494,0
4459,2505,0
4463,2514,1
4515,2472,0
4515,2473,0
4511,2472,0
4515,2472,0
4529,2474,0
4543,2473,0
4566,2476,0
4585,2475,0
4597,2473,0
4604,2469,0
4607,2465,0
4607,2458,0
4600,2446,0
4588,2434,0
4574,2427,0
4554,2420,0
4537,2417,0
4526,2422,0
4510,2430,0
4506,2450,0
4500,2473,0
4500,2495,0
4518,2519,1
4946,2434,0
4937,2426,0
4927,2419,0
4916,2413,0
4900,2409,0
4889,2412,0
4871,2419,0
4852,2435,0
4844,2457,0
4933,2463,0
4940,2451,0
4939,2447,0
4938,2446,0
4935,2445,0
4939,2446,0
4938,2446,0
4941,2458,0
4942,2479,0
4958,2614,0
4958,2613,1
4994,2405,0
4987,2418,0
4990,2438,0
4992,2457,0
4995,2475,0
5009,2493,0
5019,2507,0
5063,2502,0
5073,2487,0
5079,2468,0
5084,2452,0
5077,2439,0
5070,2427,0
5061,2418,0
5057,2409,0
5060,2403,0
5064,2397,0
5072,2398,0
5085,2400,0
5113,2449,0
5109,2446,0
5119,2446,0
5134,2444,0
5155,2439,0
5175,2436,0
5191,2432,0
5207,2428,0
5214,2423,0
5216,2418,0
5207,2410,0
5196,2406,0
5175,2403,0
5152,2403,0
5132,2406,0
5115,2412,0
5099,2424,0
5098,2442,0
5096,2462,0
5115,2486,0
5136,2506,0
5156,2518,0
5182,2522,1
5313,2433,0
5310,2431,0
5308,2427,0
5308,2425,0
5301,2422,0
5302,2420,0
5298,2418,0
5287,2414,0
5281,2415,0
5271,2417,0
5263,2424,0
5255,2430,0
5253,2436,0
5257,2444,0
5260,2449,0
5273,2456,0
5291,2465,0
5305,2474,0
5313,2484,0
5320,2495,0
5324,2504,0
5325,2511,0
5325,2519,0
5318,2523,0
5311,2528,0
5296,2531,0
5279,2530,0
5261,2528,0
5254,2523,1
5405,2369,0
5406,2369,0
5405,2369,0
5405,2369,0
5406,2377,0
5410,2394,0
5415,2419,0
5411,2444,0
5417,2477,0
5418,2501,0
5424,2521,0
5429,2531,0
5431,2534,1
5380,2443,0
5376,2442,0
5380,2442,0
5381,2441,0
5396,2439,0
5417,2434,0
5435,2433,0
5460,2436,0
5486,2440,0
5501,2444,0
5524,2453,0
5517,2450,0
5524,2453,1
5521,2440,0
5518,2438,0
5510,2436,0
5510,2436,0
5505,2463,0
5506,2480,0
5521,2501,0
5528,2516,0
5532,2523,0
5535,2526,0
5536,2524,0
5542,2522,1
5533,2400,0
5508,2386,0
5506,2381,0
5510,2384,0
5514,2385,0
5518,2386,0
5533,2390,0
5544,2396,0
5566,2403,1
5677,2468,0
5678,2467,0
5670,2465,0
5668,2462,0
5665,2457,0
5661,2447,0
5648,2437,0
5642,2431,0
5627,2426,0
5622,2429,0
5610,2434,0
5602,2441,0
5598,2458,0
5593,2476,0
5600,2499,0
5617,2516,0
5642,2530,0
5663,2533,0
5670,2526,0
5682,2513,0
5692,2492,0
5687,2466,0
5676,2453,0
5659,2442,0
5643,2440,1
5769,2437,0
5761,2435,0
5762,2442,0
5755,2455,0
5759,2477,0
5764,2499,0
5769,2518,0
5779,2533,0
5779,2535,0
5779,2533,0
5775,2523,0
5777,2502,0
5761,2472,0
5754,2449,0
5740,2432,0
5744,2424,0
5746,2419,0
5757,2415,0
5774,2417,0
5803,2431,0
5824,2451,0
5841,2471,0
5849,2493,0
5850,2507,0
5850,2527,0
5853,2536,0
5850,2536,0
5853,2536,0
5853,2530,1
5990,2428,0
5992,2423,0
5988,2421,0
5976,2419,0
5966,2422,0
5958,2430,0
5939,2442,0
5926,2451,0
5923,2456,0
5934,2463,0
5949,2469,0
5961,2471,0
5962,2468,0
5976,2474,0
5983,2480,0
5988,2488,0
5989,2495,0
5993,2505,0
5986,2513,0
5982,2521,0
5974,2527,0
5963,2531,0
5943,2536,0
5923,2531,0
5909,2524,0
5901,2523,0
5912,2526,1