those of an English village.
473
1134,4652,0
1134,4648,0
1136,4648,0
1136,4652,0
1137,4676,0
1133,4712,0
1130,4764,0
1129,4824,0
1129,4884,0
1128,4940,0
1128,4992,0
1128,5028,0
1129,5044,1
1076,4892,0
1076,4896,0
1076,4896,0
1078,4893,0
1093,4893,0
1114,4896,0
1136,4900,0
1162,4907,0
1189,4907,1
1280,4688,0
1283,4692,0
1287,4707,0
1284,4740,0
1281,4784,0
1277,4832,0
1276,4888,0
1278,4932,0
1283,4961,0
1290,4968,0
1306,4967,0
1324,4950,0
1351,4921,0
1375,4899,0
1394,4886,0
1409,4881,0
1416,4893,0
1422,4920,0
1424,4948,0
1426,4984,0
1433,5008,0
1445,5018,0
1469,5021,0
1494,5015,0
1523,5000,1
1602,4916,0
1602,4916,0
1592,4913,0
1570,4919,0
1545,4922,0
1522,4932,0
1504,4946,0
1488,4963,0
1483,4984,0
1491,4999,0
1507,5014,0
1524,5016,0
1546,5014,0
1563,5008,0
1580,4994,0
1590,4982,0
1598,4956,0
1603,4932,0
1613,4915,0
1615,4894,1
1716,4850,0
1710,4859,0
1701,4868,0
1679,4882,0
1659,4897,0
1651,4910,0
1650,4910,0
1662,4917,0
1681,4918,0
1703,4927,0
1718,4934,0
1725,4945,0
1722,4961,0
1705,4980,0
1686,4994,0
1669,5000,0
1658,4998,1
1772,4946,0
1790,4951,0
1812,4944,0
1832,4933,0
1855,4914,0
1876,4889,0
1886,4863,0
1889,4843,0
1881,4836,0
1863,4851,0
1841,4879,0
1821,4923,0
1814,4956,0
1818,4984,0
1838,5001,0
1871,5000,0
1912,4997,1
2490,4882,0
2486,4883,0
2479,4881,0
2467,4881,0
2451,4886,0
2434,4894,0
2417,4911,0
2406,4932,0
2399,4950,0
2401,4970,0
2410,4985,0
2428,4992,0
2450,4985,0
2476,4977,0
2498,4963,0
2511,4938,0
2523,4917,0
2528,4887,0
2530,4870,0
2526,4863,0
2518,4869,1
2816,4768,0
2817,4746,0
2813,4717,0
2799,4693,0
2781,4678,0
2762,4668,0
2739,4659,0
2721,4670,0
2699,4691,0
2678,4733,0
2664,4788,0
2656,4867,0
2654,4952,0
2658,5031,0
2659,5085,0
2659,5101,0
2661,5101,1
2620,4929,0
2625,4920,0
2632,4904,0
2650,4894,0
2673,4891,0
2699,4895,0
2731,4900,0
2765,4905,1
3384,4897,0
3380,4890,0
3377,4887,0
3366,4883,0
3348,4879,0
3329,4883,0
3310,4893,0
3293,4913,0
3279,4943,0
3268,4973,0
3267,4991,0
3270,4999,0
3276,5000,0
3291,4998,0
3311,4994,0
3326,4977,0
3346,4964,0
3365,4946,0
3379,4930,0
3388,4917,0
3393,4915,0
3395,4919,0
3395,4923,0
3399,4943,0
3404,4963,1
3513,4863,0
3513,4881,0
3516,4898,0
3520,4923,0
3522,4940,0
3527,4950,0
3540,4953,0
3558,4944,0
3580,4918,0
3611,4893,0
3639,4869,0
3665,4864,0
3682,4873,0
3693,4899,0
3697,4933,0
3703,4971,0
3704,4992,1
4155,4623,0
4155,4623,0
4156,4631,0
4153,4648,0
4150,4674,0
4147,4709,0
4143,4752,0
4135,4795,0
4129,4842,0
4123,4883,0
4123,4921,0
4124,4940,0
4137,4956,0
4156,4958,0
4190,4955,0
4225,4947,0
4258,4934,0
4288,4923,0
4321,4920,0
4345,4919,0
4364,4915,1
4094,4774,0
4095,4772,0
4107,4770,0
4125,4768,0
4147,4767,0
4174,4765,0
4200,4760,0
4228,4761,0
4249,4756,1
4122,4611,0
4124,4605,0
4145,4596,0
4169,4583,0
4199,4581,0
4231,4579,0
4263,4574,0
4298,4574,0
4334,4577,1
4409,4775,0
4415,4781,0
4424,4784,0
4435,4801,0
4439,4818,0
4446,4843,0
4449,4869,0
4453,4887,0
4458,4888,0
4470,4880,0
4490,4856,0
4512,4824,0
4536,4797,0
4559,4784,0
4576,4781,0
4587,4788,0
4599,4809,0
4599,4834,0
4603,4862,0
4601,4883,0
4607,4898,1
4749,4804,0
4748,4806,0
4741,4811,0
4717,4819,0
4691,4840,0
4671,4875,0
4654,4913,0
4645,4945,0
4647,4958,0
4655,4958,0
4669,4947,0
4688,4922,0
4709,4891,0
4730,4860,0
4743,4828,0
4755,4810,0
4759,4801,0
4762,4804,0
4763,4819,0
4771,4853,0
4773,4902,0
4770,4960,0
4762,5032,0
4747,5093,0
4722,5141,0
4692,5168,0
4648,5180,0
4619,5176,0
4595,5159,1
4896,4595,0
4895,4596,0
4899,4613,0
4894,4644,0
4891,4684,0
4888,4738,0
4886,4792,0
4883,4840,0
4885,4875,1
5002,4793,0
5006,4821,0
5011,4849,0
5007,4873,0
5009,4886,1
5086,4630,0
5084,4620,0
5082,4617,0
5065,4617,0
5042,4632,1
5185,4702,0
5187,4711,0
5182,4721,0
5162,4739,0
5142,4757,0
5124,4779,0
5118,4789,0
5124,4794,0
5141,4806,0
5164,4818,0
5178,4832,0
5183,4848,0
5177,4870,0
5153,4886,0
5106,4915,0
5094,4920,1
5271,4595,0
5267,4616,0
5271,4644,0
5271,4683,0
5271,4727,0
5270,4777,0
5266,4871,0
5262,4903,0
5264,4922,0
5262,4918,0
5272,4915,0
5315,4855,0
5340,4821,0
5368,4795,0
5396,4780,0
5418,4776,0
5434,4782,0
5445,4800,0
5450,4823,0
5448,4858,0
5448,4884,0
5452,4898,0
5460,4901,1
5832,4800,0
5836,4801,0
5836,4801,0
5836,4802,0
5841,4813,0
5846,4832,0
5849,4857,0
5854,4887,0
5861,4920,0
5869,4946,0
5878,4959,0
5882,4966,0
5888,4966,0
5900,4965,0
5909,4951,0
5923,4924,0
5941,4895,0
5957,4867,0
5975,4842,0
5993,4823,0
6006,4804,1
6080,4788,0
6085,4796,0
6094,4810,0
6098,4834,0
6099,4869,0
6099,4904,0
6099,4926,0
6098,4933,0
6098,4927,1
6116,4589,0
6114,4577,0
6117,4574,0
6117,4580,0
6116,4589,1
6229,4525,0
6230,4548,0
6230,4579,0
6225,4628,0
6220,4688,0
6210,4753,0
6203,4813,0
6201,4864,0
6201,4899,1
6309,4515,0
6311,4532,0
6314,4565,0
6307,4618,0
6300,4682,0
6288,4743,0
6280,4806,0
6277,4857,0
6278,4880,1
6455,4789,0
6451,4799,0
6444,4802,0
6432,4810,0
6406,4809,0
6384,4816,0
6367,4829,0
6354,4850,0
6346,4870,0
6352,4888,0
6355,4896,0
6367,4895,0
6381,4886,0
6401,4875,0
6413,4855,0
6424,4838,0
6441,4830,0
6446,4830,0
6448,4840,0
6452,4860,0
6447,4879,0
6449,4893,0
6448,4894,0
6456,4892,0
6466,4881,1
6594,4828,0
6592,4825,0
6589,4822,0
6582,4819,0
6561,4812,0
6542,4810,0
6531,4823,0
6518,4844,0
6510,4871,0
6507,4894,0
6508,4905,0
6515,4909,0
6531,4903,0
6544,4887,0
6564,4864,0
6576,4851,0
6582,4843,0
6586,4845,0
6592,4856,0
6596,4883,0
6599,4923,0
6597,4973,0
6592,5028,0
6578,5079,0
6551,5115,0
6515,5142,0
6469,5151,0
6431,5146,0
6410,5127,1
6684,4846,0
6680,4857,0
6681,4869,0
6688,4874,0
6700,4871,0
6720,4859,0
6734,4835,0
6747,4814,0
6758,4787,0
6761,4765,0
6759,4761,0
6751,4765,0
6733,4782,0
6717,4808,0
6705,4847,0
6705,4877,0
6711,4895,0
6729,4906,0
6751,4911,0
6778,4902,0
6803,4891,1
6897,4878,0
6897,4883,0
6899,4881,0
6902,4884,0
6899,4881,0
6897,4883,0
6896,4884,0
6899,4887,0
6908,4889,1