with Sir Arthur. The secretary had
585
1107,2489,0
1111,2488,0
1112,2509,0
1107,2540,0
1104,2569,0
1105,2597,0
1130,2620,1
1165,2587,0
1169,2607,0
1172,2623,0
1176,2631,0
1184,2630,0
1194,2626,0
1201,2606,0
1206,2578,0
1211,2553,0
1210,2529,0
1206,2514,0
1198,2506,1
1246,2519,0
1245,2523,0
1249,2546,0
1252,2570,0
1259,2591,1
1268,2449,0
1261,2446,0
1259,2446,0
1259,2446,0
1259,2446,0
1266,2449,0
1275,2453,0
1284,2448,0
1298,2442,1
1428,2309,0
1421,2322,0
1421,2354,0
1413,2384,0
1409,2425,0
1404,2458,0
1404,2494,0
1399,2519,0
1399,2548,1
1362,2463,0
1360,2464,0
1360,2464,0
1365,2467,0
1377,2469,0
1394,2471,0
1408,2466,0
1428,2462,0
1448,2451,1
1469,2297,0
1462,2311,0
1462,2340,0
1462,2376,0
1464,2416,0
1463,2453,0
1465,2480,0
1470,2492,0
1471,2492,0
1475,2487,0
1481,2470,0
1488,2449,0
1497,2430,0
1505,2421,0
1512,2420,0
1519,2422,0
1528,2437,0
1533,2456,0
1536,2485,0
1536,2500,0
1537,2513,1
2058,2268,0
2057,2269,0
2051,2271,0
2046,2279,0
2031,2285,0
2015,2297,0
1997,2313,0
1983,2327,0
1975,2340,0
1973,2353,0
1997,2374,0
2024,2380,0
2053,2389,0
2075,2396,0
2101,2412,0
2113,2424,0
2116,2435,0
2111,2446,0
2102,2458,0
2088,2466,0
2069,2469,0
2049,2469,0
2036,2470,0
2025,2462,1
2164,2400,0
2160,2410,0
2159,2432,0
2155,2448,0
2159,2459,1
2165,2305,0
2160,2303,0
2159,2304,0
2157,2304,0
2160,2307,1
2221,2416,0
2222,2429,0
2221,2443,0
2220,2452,0
2222,2456,0
2225,2458,0
2224,2450,0
2229,2439,0
2232,2419,0
2236,2399,0
2242,2386,0
2248,2379,0
2257,2379,0
2265,2379,0
2273,2384,0
2284,2391,0
2292,2396,1
2550,2425,0
2546,2422,0
2548,2412,0
2556,2392,0
2563,2368,0
2574,2341,0
2586,2313,0
2607,2289,0
2610,2261,0
2612,2250,0
2612,2250,0
2610,2252,0
2612,2260,0
2620,2284,0
2632,2314,0
2647,2348,0
2658,2375,0
2668,2392,0
2675,2401,0
2682,2408,0
2683,2406,1
2589,2345,0
2594,2351,0
2594,2351,0
2599,2353,0
2614,2357,0
2626,2359,0
2647,2363,0
2669,2367,1
2779,2379,0
2779,2396,0
2782,2418,0
2779,2434,0
2781,2443,0
2782,2443,0
2784,2441,0
2784,2426,0
2783,2407,0
2784,2386,0
2789,2372,0
2798,2371,0
2803,2371,0
2811,2375,0
2822,2382,0
2830,2385,0
2844,2389,1
2896,2231,0
2897,2236,0
2900,2245,0
2894,2265,0
2896,2295,0
2906,2329,0
2911,2361,0
2913,2386,0
2919,2406,0
2919,2412,0
2919,2412,0
2917,2412,0
2908,2405,1
2874,2350,0
2878,2352,0
2886,2356,0
2891,2357,0
2906,2360,0
2919,2359,0
2938,2359,0
2953,2351,1
2950,2183,0
2947,2202,0
2953,2229,0
2960,2261,0
2967,2292,0
2970,2316,0
2974,2339,0
2980,2355,0
2980,2359,0
2984,2362,0
2988,2359,0
2993,2344,0
3001,2326,0
3008,2309,0
3021,2301,0
3030,2300,0
3039,2308,0
3043,2321,0
3046,2339,0
3047,2359,0
3047,2376,0
3047,2386,0
3045,2388,0
3048,2391,0
3049,2384,1
3119,2326,0
3114,2342,0
3114,2359,0
3119,2374,0
3127,2384,0
3134,2388,0
3141,2388,0
3155,2386,0
3163,2377,0
3170,2366,0
3173,2352,0
3174,2334,0
3173,2312,0
3174,2296,0
3171,2287,0
3172,2287,0
3171,2287,1
3226,2323,0
3230,2330,0
3229,2342,0
3231,2357,0
3235,2375,0
3234,2387,0
3238,2395,0
3237,2396,0
3238,2394,0
3239,2393,0
3238,2383,0
3243,2368,0
3245,2349,0
3254,2335,0
3262,2321,0
3275,2312,0
3284,2304,0
3294,2304,0
3303,2306,0
3310,2311,0
3315,2317,1
3406,2466,0
3404,2468,0
3402,2469,0
3402,2470,0
3406,2471,1
3940,2207,0
3941,2220,0
3938,2239,0
3943,2265,0
3947,2288,0
3943,2318,0
3944,2350,0
3942,2379,0
3946,2395,1
3867,2199,0
3859,2198,0
3860,2195,0
3859,2190,0
3880,2188,0
3907,2185,0
3932,2178,0
3964,2175,0
3990,2171,0
4012,2168,0
4037,2166,0
4051,2166,0
4056,2166,1
4036,2123,0
4039,2135,0
4040,2155,0
4041,2183,0
4039,2212,0
4039,2248,0
4034,2282,0
4032,2314,0
4031,2335,0
4031,2341,0
4031,2341,0
4034,2338,0
4035,2323,0
4043,2305,0
4048,2289,0
4063,2284,0
4073,2284,0
4080,2288,0
4089,2301,0
4092,2318,0
4097,2339,0
4097,2359,0
4092,2373,0
4092,2380,0
4093,2379,1
4147,2330,0
4147,2330,0
4155,2333,0
4156,2332,0
4168,2330,0
4179,2321,0
4194,2312,0
4203,2299,0
4212,2286,1
4184,2272,0
4166,2282,0
4157,2303,0
4152,2323,0
4155,2340,0
4165,2354,0
4179,2363,0
4198,2369,0
4221,2371,0
4244,2367,0
4270,2358,0
4287,2347,1
4830,2249,0
4818,2254,0
4799,2263,0
4781,2273,0
4760,2285,0
4741,2301,0
4726,2311,0
4723,2315,0
4731,2318,0
4749,2318,0
4776,2320,0
4802,2323,0
4821,2330,0
4834,2340,0
4838,2350,0
4831,2359,0
4821,2371,0
4802,2379,0
4780,2384,0
4755,2386,0
4738,2385,0
4727,2379,0
4726,2374,0
4731,2364,0
4748,2352,1
4879,2319,0
4877,2321,0
4882,2321,0
4893,2318,0
4907,2309,0
4923,2297,0
4938,2285,0
4949,2274,0
4950,2263,0
4944,2258,0
4927,2256,0
4910,2262,0
4890,2274,0
4875,2293,0
4862,2316,0
4854,2337,0
4857,2350,0
4866,2355,0
4891,2360,0
4915,2359,0
4942,2352,1
5084,2259,0
5057,2275,0
5045,2288,0
5040,2308,0
5039,2326,0
5045,2341,0
5058,2350,0
5074,2352,0
5099,2350,0
5113,2341,0
5127,2330,1
5120,2267,0
5122,2280,0
5127,2299,0
5134,2318,0
5134,2333,0
5136,2340,0
5135,2341,0
5137,2340,0
5138,2337,0
5141,2323,0
5143,2302,0
5149,2281,0
5160,2268,0
5161,2268,0
5168,2270,0
5171,2273,0
5180,2280,0
5191,2288,0
5200,2296,0
5211,2301,1
5218,2305,0
5216,2306,0
5213,2306,0
5217,2307,0
5226,2305,0
5239,2299,0
5243,2289,0
5257,2282,0
5265,2274,0
5262,2263,0
5257,2255,0
5249,2253,0
5229,2257,0
5214,2268,0
5202,2283,0
5196,2303,0
5196,2320,0
5199,2332,0
5213,2340,0
5234,2342,0
5253,2341,0
5269,2335,0
5286,2328,0
5306,2318,1
5389,2125,0
5385,2125,0
5392,2130,0
5393,2147,0
5390,2173,0
5392,2205,0
5392,2243,0
5388,2280,0
5387,2309,0
5387,2326,0
5386,2336,0
5388,2341,0
5379,2340,1
5342,2271,0
5342,2271,0
5339,2270,0
5345,2275,0
5358,2277,0
5380,2284,0
5402,2287,0
5428,2289,1
5525,2270,0
5521,2269,0
5512,2270,0
5496,2274,0
5481,2280,0
5463,2287,0
5453,2301,0
5446,2314,0
5445,2326,0
5451,2332,0
5463,2334,0
5475,2328,0
5496,2321,0
5507,2309,0
5513,2296,0
5516,2282,1
5516,2270,0
5516,2282,0
5513,2296,0
5514,2311,0
5523,2321,0
5532,2328,0
5542,2328,0
5559,2329,1
5571,2274,0
5567,2284,0
5569,2297,0
5571,2312,0
5571,2323,0
5576,2332,0
5578,2335,0
5575,2333,0
5576,2332,0
5576,2322,0
5586,2309,0
5585,2293,0
5593,2287,0
5591,2281,0
5595,2280,0
5597,2278,0
5605,2278,0
5612,2282,0
5627,2287,0
5641,2294,0
5653,2299,1
5691,2283,0
5690,2284,0
5689,2286,0
5689,2288,0
5695,2293,0
5699,2294,0
5713,2294,0
5721,2286,0
5733,2278,1
5748,2264,0
5741,2270,0
5726,2283,0
5713,2301,0
5699,2323,0
5681,2342,0
5672,2359,0
5667,2372,1
6108,2064,0
6107,2063,0
6107,2065,0
6106,2067,0
6104,2084,0
6106,2113,0
6105,2149,0
6103,2186,0
6101,2222,0
6097,2255,0
6095,2280,0
6094,2290,0
6097,2294,0
6094,2292,0
6099,2289,0
6104,2267,0
6124,2241,0
6144,2213,0
6163,2197,0
6179,2190,0
6194,2196,0
6203,2205,0
6208,2224,0
6208,2247,0
6206,2273,0
6205,2297,0
6201,2316,0
6202,2323,0
6199,2319,1
6324,2226,0
6306,2228,0
6290,2234,0
6273,2247,0
6259,2258,0
6258,2272,0
6259,2281,0
6265,2286,0
6278,2286,0
6297,2282,0
6314,2270,0
6325,2256,0
6336,2239,1
6341,2224,0
6343,2231,0
6336,2247,0
6329,2268,0
6327,2280,0
6332,2291,0
6335,2295,0
6346,2298,1
6474,2248,0
6471,2244,0
6461,2237,0
6447,2239,0
6431,2248,0
6415,2266,0
6404,2283,0
6399,2297,0
6404,2306,0
6413,2313,0
6428,2310,0
6445,2299,0
6465,2281,1
6573,2058,0
6563,2063,0
6548,2082,0
6528,2113,0
6516,2158,0
6505,2211,0
6491,2259,0
6481,2294,0
6475,2321,0
6472,2339,0
6469,2350,0
6469,2356,1