Vera knew at once that her
490
434,2480,0
430,2500,0
427,2528,0
426,2569,0
427,2620,0
434,2671,0
501,2802,0
539,2814,0
576,2813,0
611,2796,0
634,2775,0
653,2750,0
663,2702,0
673,2656,0
678,2608,0
678,2560,0
665,2521,1
736,2730,0
741,2731,0
754,2736,0
776,2735,0
808,2726,0
839,2714,0
861,2692,0
871,2668,0
872,2644,0
868,2624,0
859,2607,0
845,2597,0
827,2600,0
806,2622,0
784,2655,0
771,2698,0
769,2726,0
780,2760,0
801,2778,0
830,2789,0
862,2788,0
892,2782,0
919,2760,0
942,2733,0
960,2697,0
973,2678,0
979,2667,0
979,2663,0
976,2663,0
974,2667,0
972,2686,0
968,2710,0
963,2731,0
962,2742,0
965,2746,0
966,2746,0
968,2738,0
972,2719,0
983,2691,0
996,2663,0
1044,2632,0
1067,2641,1
1192,2678,0
1223,2685,0
1249,2687,0
1269,2682,0
1280,2673,0
1280,2657,0
1271,2642,0
1253,2626,0
1225,2620,0
1189,2627,0
1153,2643,0
1129,2673,0
1119,2696,0
1126,2720,0
1143,2736,0
1167,2743,0
1192,2738,0
1215,2729,0
1233,2704,0
1248,2679,0
1253,2663,0
1251,2659,0
1250,2663,0
1249,2663,0
1248,2679,0
1250,2702,0
1261,2731,0
1281,2753,0
1307,2767,0
1336,2772,0
1366,2769,0
1397,2758,1
1640,2470,0
1643,2457,0
1650,2454,0
1655,2453,0
1661,2464,0
1662,2489,0
1655,2528,0
1645,2571,0
1634,2607,0
1632,2640,0
1633,2668,0
1636,2688,0
1635,2692,1
1742,2563,0
1742,2559,0
1740,2559,0
1737,2560,0
1725,2567,0
1698,2579,0
1664,2599,0
1626,2616,0
1603,2642,0
1595,2660,0
1600,2675,0
1628,2697,0
1667,2706,0
1714,2715,0
1759,2720,0
1795,2722,0
1824,2726,0
1848,2724,0
1871,2725,0
1883,2721,0
1891,2715,1
1840,2601,0
1840,2601,0
1841,2609,0
1838,2622,0
1834,2640,0
1834,2661,0
1832,2671,0
1838,2680,0
1841,2680,0
1854,2680,0
1872,2666,0
1901,2652,0
1925,2632,0
1946,2625,0
1956,2625,0
1955,2621,0
1959,2629,0
1961,2644,0
1966,2663,0
1979,2680,0
2003,2697,0
2036,2707,0
2072,2706,0
2113,2698,0
2149,2683,0
2181,2665,0
2198,2640,0
2205,2623,0
2200,2608,0
2186,2596,0
2164,2589,0
2138,2592,0
2116,2606,0
2103,2629,0
2100,2651,0
2113,2676,0
2134,2690,0
2168,2701,0
2208,2704,0
2249,2704,0
2287,2695,1
2348,2597,0
2347,2598,0
2350,2601,0
2354,2613,0
2357,2629,0
2366,2651,0
2374,2665,0
2391,2679,0
2403,2682,0
2421,2681,0
2439,2671,0
2458,2652,0
2473,2630,0
2482,2624,0
2481,2621,0
2487,2630,0
2491,2642,0
2501,2655,0
2509,2660,0
2524,2666,0
2543,2664,0
2559,2654,0
2574,2636,0
2584,2611,0
2587,2594,0
2581,2585,0
2573,2580,0
2564,2577,0
2560,2579,1
3034,2652,0
3039,2649,0
3042,2635,0
3048,2621,0
3048,2606,0
3044,2594,0
3029,2579,0
3017,2574,0
2996,2570,0
2969,2572,0
2943,2586,0
2921,2608,0
2907,2630,0
2906,2650,0
2917,2666,0
2934,2673,0
2959,2675,0
2989,2668,0
3011,2649,0
3033,2627,0
3049,2605,0
3055,2594,0
3054,2591,0
3052,2591,0
3055,2606,0
3060,2632,0
3069,2656,0
3086,2673,0
3113,2682,1
3247,2442,0
3233,2434,0
3233,2434,0
3228,2438,0
3225,2457,0
3225,2490,0
3222,2525,0
3218,2556,0
3220,2586,0
3224,2609,0
3227,2622,0
3232,2628,0
3238,2630,1
3181,2589,0
3166,2585,0
3159,2581,0
3158,2577,0
3172,2569,0
3206,2560,0
3250,2548,0
3300,2540,0
3354,2533,0
3401,2527,0
3446,2521,0
3494,2528,1
3680,2583,0
3685,2572,0
3690,2560,0
3688,2545,0
3687,2535,0
3672,2522,0
3653,2513,0
3629,2510,0
3610,2517,0
3591,2532,0
3577,2553,0
3580,2578,0
3597,2601,0
3620,2618,0
3650,2627,0
3678,2626,0
3715,2622,0
3743,2603,0
3762,2577,0
3760,2548,0
3751,2535,0
3727,2526,0
3706,2526,0
3689,2526,0
3686,2529,1
3817,2495,0
3810,2491,0
3810,2491,0
3812,2502,0
3812,2520,0
3814,2542,0
3820,2559,0
3826,2572,0
3839,2581,0
3851,2579,0
3872,2574,0
3886,2557,0
3900,2534,0
3906,2520,0
3909,2522,0
3909,2524,0
3913,2536,0
3919,2555,0
3923,2569,0
3937,2584,0
3953,2589,1
4104,2490,0
4098,2485,0
4095,2482,0
4086,2481,0
4070,2483,0
4053,2492,0
4039,2509,0
4022,2529,0
4012,2549,0
4018,2567,0
4038,2580,0
4073,2588,0
4110,2587,0
4152,2585,0
4186,2574,0
4217,2560,0
4240,2543,0
4246,2522,0
4253,2505,0
4246,2488,0
4236,2475,0
4225,2470,0
4213,2473,0
4187,2486,0
4166,2509,0
4161,2535,0
4171,2560,0
4206,2581,0
4261,2594,0
4315,2603,0
4366,2614,0
4398,2624,0
4423,2632,1
4736,2301,0
4736,2300,0
4734,2304,0
4734,2321,0
4734,2345,0
4736,2380,0
4727,2417,0
4722,2463,0
4720,2510,0
4714,2550,0
4720,2584,0
4721,2604,0
4727,2616,1
4642,2520,0
4640,2516,0
4638,2513,0
4653,2511,0
4686,2504,0
4731,2494,0
4778,2486,0
4817,2478,0
4843,2473,1
4835,2298,0
4835,2297,0
4838,2301,0
4845,2321,0
4850,2352,0
4857,2388,0
4860,2429,0
4860,2468,0
4868,2502,0
4873,2523,0
4881,2535,0
4892,2538,0
4907,2530,0
4932,2505,0
4955,2482,0
4979,2472,0
4990,2470,0
4999,2470,0
5002,2473,0
5012,2487,0
5020,2504,0
5033,2522,0
5052,2531,0
5083,2532,0
5117,2522,0
5148,2508,0
5174,2487,0
5187,2463,0
5199,2451,0
5195,2441,0
5192,2439,0
5175,2436,0
5154,2441,0
5125,2452,0
5098,2475,0
5085,2504,0
5090,2529,0
5106,2547,0
5127,2551,0
5154,2545,0
5178,2536,0
5192,2521,0
5197,2501,0
5197,2487,0
5198,2485,0
5194,2485,0
5195,2489,0
5200,2505,0
5211,2519,0
5229,2527,0
5253,2526,0
5274,2514,0
5293,2496,1
5335,2302,0
5330,2288,0
5320,2281,0
5319,2282,0
5316,2297,0
5317,2330,0
5317,2366,0
5318,2397,0
5330,2426,0
5339,2444,0
5347,2454,0
5352,2461,0
5352,2462,1
5219,2397,0
5212,2395,0
5216,2395,0
5227,2391,0
5265,2380,0
5319,2371,0
5361,2360,0
5405,2353,0
5437,2350,1
5637,2275,0
5638,2274,0
5641,2277,0
5637,2286,0
5644,2309,0
5640,2337,0
5634,2375,0
5625,2412,0
5624,2442,0
5635,2463,0
5645,2472,0
5662,2473,0
5681,2463,0
5709,2442,0
5723,2414,0
5740,2395,0
5752,2389,0
5756,2391,0
5762,2396,0
5758,2412,0
5748,2434,0
5758,2458,0
5777,2474,0
5803,2478,0
5829,2477,0
5868,2471,0
5893,2456,0
5926,2433,0
5944,2403,0
5951,2379,0
5941,2361,0
5933,2351,0
5916,2347,0
5902,2352,0
5885,2369,0
5877,2396,0
5870,2420,0
5882,2441,0
5897,2458,0
5924,2464,0
5960,2463,0
5998,2456,0
6035,2445,0
6071,2432,0
6092,2415,0
6114,2398,0
6124,2385,0
6127,2377,0
6127,2376,0
6124,2374,0
6122,2378,0
6116,2391,0
6109,2405,0
6114,2417,0
6111,2423,0
6114,2425,0
6118,2426,0
6114,2415,0
6114,2396,0
6110,2374,0
6110,2355,0
6119,2336,0
6134,2319,0
6157,2308,0
6184,2303,1