self to do anything imperfectly.
662
737,5380,0
733,5377,0
731,5368,0
728,5364,0
720,5352,0
712,5347,0
694,5338,0
671,5340,0
641,5342,0
612,5355,0
585,5373,0
562,5391,0
554,5409,0
562,5423,0
588,5441,0
624,5453,0
663,5468,0
698,5483,0
724,5492,0
738,5513,0
742,5525,0
731,5537,0
702,5539,0
658,5548,0
614,5556,0
568,5568,0
540,5561,0
525,5552,0
524,5544,1
778,5436,0
779,5444,0
783,5448,0
789,5448,0
802,5453,0
825,5450,0
855,5443,0
885,5429,0
913,5418,0
936,5398,0
949,5375,0
948,5359,0
938,5342,0
913,5337,0
882,5344,0
850,5364,0
829,5390,0
822,5422,0
835,5450,0
861,5468,0
894,5481,0
935,5487,0
976,5484,0
1018,5468,0
1051,5444,1
1069,5216,0
1062,5208,0
1060,5209,0
1054,5212,0
1045,5240,0
1033,5277,0
1025,5320,0
1020,5372,0
1020,5420,0
1025,5460,0
1032,5492,0
1044,5520,0
1054,5525,1
1236,5325,0
1247,5313,0
1253,5290,0
1256,5269,0
1254,5245,0
1245,5221,0
1233,5206,0
1217,5199,0
1199,5203,0
1179,5215,0
1160,5243,0
1142,5284,0
1128,5336,0
1123,5396,0
1125,5456,0
1137,5512,0
1152,5564,0
1168,5600,0
1177,5615,0
1183,5627,0
1181,5619,1
1063,5508,0
1066,5508,0
1076,5504,0
1100,5492,0
1136,5488,0
1174,5479,0
1213,5479,0
1248,5482,1
1588,5279,0
1585,5279,0
1580,5279,0
1576,5296,0
1574,5317,0
1573,5344,0
1574,5380,0
1572,5421,0
1568,5461,0
1563,5494,0
1561,5527,0
1557,5543,0
1556,5555,1
1479,5441,0
1480,5441,0
1488,5440,0
1503,5443,0
1529,5446,0
1561,5442,0
1597,5443,0
1634,5448,0
1673,5447,0
1710,5450,0
1744,5450,0
1770,5443,0
1785,5438,0
1788,5429,0
1780,5409,0
1763,5400,0
1738,5399,0
1714,5406,0
1693,5421,0
1682,5442,0
1682,5466,0
1691,5489,0
1710,5511,0
1735,5520,0
1763,5525,0
1788,5513,0
1807,5495,0
1815,5469,0
1807,5443,0
1786,5421,0
1759,5409,0
1736,5400,0
1726,5397,1
2273,5418,0
2265,5407,0
2257,5402,0
2244,5388,0
2227,5380,0
2208,5384,0
2186,5392,0
2161,5410,0
2140,5438,0
2132,5469,0
2135,5493,0
2152,5514,0
2174,5521,0
2204,5520,0
2232,5506,0
2258,5479,0
2279,5438,0
2296,5392,0
2303,5354,0
2304,5317,0
2301,5289,0
2298,5269,0
2294,5262,0
2293,5258,0
2291,5270,0
2290,5299,0
2296,5351,0
2307,5402,0
2323,5448,0
2343,5492,0
2362,5525,0
2382,5545,0
2404,5552,1
2531,5436,0
2533,5423,0
2534,5410,0
2529,5391,0
2525,5384,0
2505,5364,0
2488,5364,0
2464,5363,0
2441,5373,0
2428,5389,0
2423,5411,0
2429,5434,0
2442,5451,0
2466,5470,0
2487,5472,0
2512,5466,0
2533,5456,0
2548,5427,0
2556,5395,0
2555,5367,0
2541,5347,0
2526,5333,0
2508,5322,0
2497,5317,1
2907,5462,0
2908,5462,0
2907,5458,0
2908,5458,0
2911,5448,0
2917,5441,0
2922,5427,0
2922,5414,0
2920,5397,0
2918,5385,0
2910,5368,0
2902,5353,0
2891,5340,0
2876,5328,0
2859,5322,0
2839,5329,0
2813,5342,0
2795,5364,0
2784,5393,0
2776,5413,0
2781,5436,0
2796,5457,0
2811,5468,0
2835,5473,0
2861,5474,0
2883,5458,0
2902,5434,0
2914,5405,0
2922,5380,0
2924,5367,0
2922,5363,0
2922,5367,0
2922,5372,0
2922,5397,0
2924,5426,0
2928,5455,0
2934,5474,0
2948,5490,0
2963,5497,0
2980,5496,0
2992,5474,1
3010,5370,0
3012,5373,0
3013,5377,0
3016,5397,0
3017,5422,0
3015,5436,0
3023,5455,0
3030,5460,0
3045,5464,0
3061,5449,0
3082,5424,0
3107,5402,0
3119,5388,0
3127,5393,0
3132,5400,0
3140,5414,0
3143,5435,0
3151,5465,0
3163,5491,0
3178,5507,1
3203,5406,0
3199,5399,0
3204,5407,0
3212,5407,0
3237,5419,0
3258,5414,0
3288,5419,0
3317,5415,0
3343,5413,0
3361,5400,0
3373,5391,0
3375,5390,0
3374,5399,0
3365,5421,0
3349,5453,0
3331,5496,0
3317,5549,0
3302,5600,0
3296,5645,0
3296,5683,0
3298,5704,0
3303,5716,0
3308,5705,0
3322,5673,1
3474,5236,0
3469,5241,0
3463,5253,0
3464,5279,0
3461,5303,0
3464,5342,0
3471,5391,0
3470,5440,0
3474,5486,0
3484,5525,0
3493,5547,0
3498,5554,0
3500,5549,1
3390,5401,0
3383,5395,0
3384,5395,0
3399,5392,0
3429,5388,0
3466,5371,0
3510,5364,0
3545,5348,1
3549,5230,0
3546,5236,0
3549,5253,0
3552,5273,0
3555,5303,0
3559,5342,0
3565,5378,0
3566,5404,0
3568,5434,0
3576,5453,0
3583,5462,0
3595,5461,0
3612,5448,0
3631,5421,0
3648,5395,0
3655,5383,0
3659,5381,0
3658,5382,0
3665,5397,0
3671,5420,0
3675,5454,0
3682,5472,0
3692,5485,0
3708,5494,0
3728,5490,1
3775,5381,0
3773,5381,0
3773,5391,0
3774,5413,0
3773,5435,0
3780,5468,0
3792,5493,0
3801,5511,1
3761,5294,0
3753,5284,0
3752,5279,0
3753,5280,0
3757,5281,1
3843,5377,0
3841,5378,0
3841,5378,0
3842,5386,0
3843,5409,0
3843,5436,0
3840,5455,0
3846,5479,0
3848,5487,0
3852,5485,0
3864,5483,0
3875,5460,0
3895,5435,0
3907,5406,0
3918,5400,0
3923,5402,0
3933,5414,0
3941,5433,0
3957,5460,0
3976,5487,0
3999,5506,0
4023,5516,0
4056,5520,0
4085,5513,0
4106,5493,0
4118,5462,0
4124,5436,0
4112,5410,0
4093,5394,0
4065,5383,0
4037,5385,0
4012,5398,0
3995,5417,0
3993,5446,0
3999,5465,0
4021,5484,0
4045,5494,0
4074,5496,0
4104,5493,0
4129,5484,0
4147,5483,0
4156,5491,0
4166,5509,0
4162,5535,0
4165,5578,0
4152,5613,0
4138,5653,0
4126,5692,0
4097,5708,0
4078,5718,0
4053,5713,0
4034,5697,0
4020,5663,0
4023,5629,0
4037,5600,0
4058,5565,0
4081,5547,0
4101,5536,0
4116,5528,0
4132,5519,0
4155,5511,1
4362,5381,0
4356,5380,0
4357,5384,0
4359,5388,0
4358,5397,0
4360,5416,0
4357,5441,0
4355,5461,0
4351,5487,1
4303,5253,0
4303,5253,0
4304,5253,0
4307,5255,0
4312,5257,1
4446,5375,0
4446,5375,0
4447,5375,0
4447,5374,0
4448,5378,0
4449,5397,0
4445,5418,0
4439,5441,0
4440,5464,0
4446,5479,0
4448,5483,0
4456,5482,0
4468,5470,0
4482,5442,0
4499,5412,0
4512,5385,0
4522,5373,0
4523,5373,0
4523,5377,0
4524,5391,0
4522,5412,0
4522,5426,0
4529,5440,0
4536,5446,0
4551,5445,0
4567,5438,0
4582,5420,0
4593,5397,0
4603,5392,0
4601,5392,0
4600,5393,0
4604,5405,0
4606,5428,0
4609,5459,0
4618,5483,0
4632,5501,0
4651,5513,1
4715,5407,0
4717,5401,0
4718,5400,0
4715,5397,0
4718,5409,0
4717,5444,0
4712,5491,0
4712,5540,0
4712,5583,0
4710,5622,0
4709,5652,0
4709,5662,1
4706,5485,0
4701,5450,0
4703,5414,0
4707,5388,0
4717,5366,0
4734,5344,0
4758,5337,0
4783,5344,0
4799,5357,0
4813,5381,0
4818,5407,0
4818,5433,0
4804,5446,0
4787,5464,0
4765,5469,0
4747,5472,0
4732,5467,0
4733,5467,0
4739,5463,0
4757,5455,1
4878,5463,0
4871,5468,0
4873,5467,0
4875,5465,0
4891,5464,0
4908,5451,0
4927,5443,0
4937,5429,0
4948,5417,0
4952,5405,0
4950,5391,0
4941,5383,0
4925,5379,0
4906,5388,0
4888,5401,0
4881,5426,0
4881,5451,0
4895,5479,0
4922,5500,0
4953,5513,0
4990,5520,0
5025,5520,0
5053,5503,0
5075,5487,0
5083,5466,0
5085,5450,0
5080,5438,0
5075,5431,0
5077,5435,0
5074,5442,0
5073,5453,0
5076,5466,0
5073,5469,0
5076,5472,0
5074,5467,0
5074,5458,0
5065,5434,0
5064,5410,0
5063,5385,0
5065,5369,0
5066,5353,0
5075,5347,0
5096,5345,0
5125,5353,0
5160,5366,0
5192,5371,0
5227,5380,0
5253,5380,0
5277,5375,0
5291,5369,0
5296,5350,0
5294,5326,0
5284,5303,0
5267,5280,0
5242,5260,0
5224,5255,0
5206,5258,0
5196,5286,0
5190,5337,0
5192,5397,0
5201,5461,0
5214,5522,0
5229,5576,0
5246,5618,0
5262,5646,1
5164,5535,0
5162,5531,0
5163,5525,0
5173,5523,0
5194,5518,0
5218,5519,0
5243,5519,0
5267,5521,0
5291,5518,0
5306,5506,0
5325,5496,0
5348,5478,0
5367,5458,0
5378,5438,0
5380,5415,0
5377,5402,0
5364,5392,0
5352,5397,0
5328,5406,0
5313,5429,0
5306,5455,0
5312,5476,0
5327,5499,0
5360,5514,0
5404,5525,0
5445,5528,0
5482,5528,0
5503,5517,1
5522,5443,0
5523,5438,0
5523,5432,0
5518,5426,0
5506,5420,0
5482,5419,0
5455,5426,0
5436,5437,0
5429,5464,0
5434,5489,0
5450,5513,0
5482,5528,0
5514,5532,0
5551,5534,0
5585,5521,0
5612,5498,1
5613,5327,0
5611,5308,0
5612,5302,0
5612,5302,0
5619,5318,0
5624,5350,0
5628,5389,0
5633,5432,0
5645,5475,0
5656,5508,0
5661,5530,0
5664,5538,1
5545,5455,0
5545,5455,0
5547,5453,0
5564,5450,0
5595,5450,0
5629,5447,0
5664,5448,0
5699,5444,0
5729,5439,0
5759,5429,0
5775,5409,0
5785,5383,1
5760,5298,0
5762,5301,0
5767,5313,0
5767,5330,0
5764,5354,0
5763,5387,0
5760,5428,0
5756,5463,0
5761,5496,0
5771,5524,0
5784,5540,0
5797,5540,1
5849,5422,0
5849,5422,0
5852,5425,0
5856,5433,0
5862,5449,0
5874,5465,0
5892,5481,0
5916,5491,0
5946,5496,0
5981,5496,0
6018,5491,0
6041,5479,0
6050,5477,0
6047,5475,0
6047,5475,0
6042,5475,0
6024,5496,0
5994,5529,0
5961,5569,0
5933,5611,0
5921,5659,0
5911,5700,0
5911,5737,0
5909,5759,0
5917,5763,1
6196,5576,0
6191,5575,0
6198,5579,0
6197,5575,0
6201,5571,1