shoulders a shake which she
821
963,2346,0
953,2341,0
938,2332,0
919,2327,0
895,2333,0
863,2346,0
832,2367,0
807,2388,0
789,2406,0
781,2429,0
781,2441,0
790,2450,0
806,2456,0
827,2463,0
851,2474,0
871,2475,0
888,2485,0
896,2485,0
899,2490,0
897,2494,0
887,2501,0
870,2516,0
847,2526,0
824,2535,0
801,2540,0
784,2543,0
771,2541,0
762,2540,0
760,2527,1
953,2249,0
956,2233,0
957,2229,0
957,2229,0
956,2233,0
957,2245,0
957,2270,0
960,2301,0
965,2342,0
970,2382,0
979,2422,0
986,2454,0
995,2491,0
1000,2511,0
1005,2532,0
1006,2536,0
1005,2532,0
1006,2531,0
1005,2528,0
1001,2507,0
1000,2487,0
1001,2460,0
1002,2432,0
1006,2415,0
1007,2404,0
1010,2404,0
1015,2408,0
1026,2416,0
1041,2432,0
1057,2449,0
1076,2468,0
1093,2480,0
1112,2493,0
1124,2492,0
1133,2492,0
1137,2487,0
1138,2473,0
1133,2452,0
1126,2432,0
1119,2421,0
1108,2405,0
1097,2388,0
1094,2385,0
1094,2385,0
1100,2384,1
1396,2342,0
1399,2345,0
1401,2345,0
1401,2345,0
1401,2345,0
1399,2342,0
1399,2345,0
1396,2342,0
1394,2342,0
1390,2339,0
1390,2343,0
1389,2343,0
1387,2343,0
1384,2340,0
1385,2343,0
1382,2344,0
1380,2344,0
1374,2345,0
1372,2353,0
1367,2358,0
1363,2370,0
1357,2384,0
1352,2404,0
1346,2425,0
1343,2446,0
1344,2466,0
1352,2485,0
1366,2499,0
1386,2509,0
1407,2510,0
1426,2499,0
1446,2488,0
1462,2470,0
1474,2459,0
1476,2443,0
1472,2427,0
1466,2416,0
1454,2401,0
1444,2396,0
1435,2388,0
1430,2377,1
1559,2324,0
1561,2328,0
1563,2332,0
1562,2340,0
1560,2349,0
1559,2365,0
1558,2386,0
1558,2406,0
1561,2426,0
1566,2441,0
1575,2452,0
1586,2457,0
1599,2458,0
1609,2448,0
1625,2432,0
1635,2401,0
1646,2369,0
1654,2338,0
1660,2320,0
1665,2318,0
1668,2321,0
1665,2318,0
1668,2326,0
1668,2338,0
1667,2359,0
1665,2385,0
1663,2414,0
1667,2446,0
1671,2470,0
1674,2481,0
1677,2485,0
1679,2484,0
1683,2475,1
1754,2128,0
1755,2128,0
1758,2131,0
1767,2149,0
1769,2165,0
1772,2189,0
1775,2222,0
1777,2263,0
1775,2306,0
1773,2349,0
1773,2391,0
1775,2432,0
1771,2455,0
1769,2476,0
1768,2489,0
1768,2493,0
1771,2492,1
1986,2382,0
1990,2386,0
1989,2381,0
1976,2365,0
1964,2352,0
1947,2342,0
1924,2338,0
1903,2346,0
1880,2355,0
1856,2368,0
1837,2387,0
1827,2411,0
1826,2437,0
1831,2456,0
1844,2473,0
1863,2488,0
1880,2491,0
1900,2488,0
1920,2480,0
1937,2462,0
1953,2434,0
1966,2399,0
1974,2362,0
1980,2329,0
1979,2294,0
1980,2268,0
1973,2241,0
1971,2224,0
1968,2216,0
1966,2213,0
1965,2214,0
1967,2217,0
1971,2233,0
1973,2258,0
1980,2294,0
1982,2328,0
1988,2369,0
1993,2401,0
1998,2429,0
2000,2446,0
2007,2460,0
2011,2463,0
2014,2461,0
2022,2453,0
2034,2444,1
2060,2412,0
2064,2419,0
2067,2422,0
2075,2427,0
2084,2428,0
2094,2418,0
2119,2416,0
2141,2401,0
2166,2385,0
2186,2367,0
2200,2350,0
2205,2335,0
2198,2319,0
2184,2313,0
2164,2314,0
2134,2321,0
2104,2335,0
2080,2363,0
2055,2392,0
2042,2424,0
2038,2451,0
2039,2469,0
2054,2488,0
2079,2504,0
2106,2506,0
2138,2504,0
2167,2491,0
2195,2473,0
2218,2449,0
2238,2420,0
2251,2392,0
2262,2376,0
2264,2366,0
2265,2366,0
2260,2364,0
2256,2361,0
2260,2368,0
2258,2379,0
2266,2406,0
2269,2427,0
2278,2453,0
2289,2475,0
2297,2489,0
2305,2499,0
2308,2502,0
2309,2501,0
2303,2491,0
2301,2478,0
2300,2460,0
2299,2438,0
2299,2415,0
2299,2393,0
2306,2379,0
2306,2361,0
2311,2354,0
2316,2347,1
2502,2322,0
2518,2321,0
2526,2321,0
2520,2319,0
2520,2325,0
2501,2323,0
2481,2326,0
2473,2336,0
2468,2345,0
2469,2353,0
2477,2362,0
2495,2374,0
2512,2378,0
2536,2386,0
2551,2390,0
2569,2403,0
2574,2408,0
2580,2423,0
2575,2437,0
2564,2453,0
2549,2468,0
2531,2483,0
2507,2490,0
2490,2495,0
2474,2495,0
2461,2489,0
2453,2485,0
2445,2475,0
2443,2471,0
2438,2465,0
2435,2462,0
2435,2462,0
2438,2465,0
2437,2466,0
2444,2475,0
2452,2485,0
2466,2490,1
3126,2263,0
3136,2266,0
3151,2268,0
3172,2275,0
3189,2286,0
3204,2299,0
3214,2318,0
3219,2341,0
3211,2365,0
3196,2391,0
3180,2417,0
3158,2437,0
3135,2448,0
3120,2450,0
3111,2448,0
3107,2440,0
3110,2426,0
3119,2403,0
3135,2383,0
3160,2369,0
3180,2356,0
3206,2352,0
3224,2353,0
3244,2362,0
3255,2373,0
3264,2387,0
3268,2400,0
3270,2413,0
3269,2420,1
3486,2200,0
3490,2202,0
3481,2200,0
3472,2204,0
3459,2207,0
3454,2212,0
3447,2214,0
3451,2222,0
3462,2234,0
3481,2249,0
3502,2260,0
3522,2275,0
3544,2292,0
3556,2308,0
3564,2324,0
3566,2339,0
3556,2351,0
3537,2360,0
3518,2369,0
3494,2371,0
3479,2376,0
3460,2373,0
3447,2371,0
3438,2362,0
3440,2348,1
3570,2102,0
3571,2096,0
3571,2089,0
3572,2087,0
3568,2086,0
3570,2089,0
3568,2099,0
3569,2123,0
3566,2152,0
3568,2189,0
3568,2227,0
3567,2265,0
3566,2302,0
3569,2336,0
3572,2363,0
3576,2378,0
3574,2379,0
3574,2379,0
3576,2377,0
3577,2364,0
3574,2337,0
3579,2312,0
3580,2287,0
3580,2267,0
3582,2254,0
3584,2251,0
3584,2251,0
3594,2258,0
3599,2270,0
3614,2290,0
3626,2313,0
3644,2335,0
3661,2352,0
3678,2363,0
3694,2368,0
3706,2366,0
3713,2357,0
3722,2347,0
3724,2333,0
3726,2318,0
3725,2299,1
3813,2232,0
3825,2230,0
3848,2226,0
3869,2224,0
3894,2230,0
3911,2241,0
3920,2256,0
3921,2275,0
3922,2300,0
3908,2318,0
3893,2339,0
3870,2355,0
3848,2364,0
3827,2364,0
3819,2362,0
3813,2355,0
3815,2347,0
3822,2332,0
3839,2317,0
3855,2309,0
3878,2306,0
3893,2305,0
3909,2312,0
3921,2322,0
3931,2335,0
3935,2349,0
3936,2361,0
3937,2372,0
3935,2376,0
3937,2379,0
3930,2368,0
3928,2347,0
3931,2315,1
3958,2111,0
3959,2096,0
3966,2085,0
3969,2082,0
3969,2082,0
3969,2082,0
3975,2094,0
3978,2118,0
3981,2149,0
3981,2185,0
3986,2226,0
3989,2263,0
3994,2297,0
3996,2328,0
3995,2348,0
4000,2364,0
4000,2369,0
3999,2371,0
3993,2366,0
3995,2355,1
4106,2222,0
4106,2220,0
4104,2224,0
4089,2231,0
4063,2243,0
4032,2258,0
3998,2273,0
3972,2287,0
3955,2297,0
3957,2301,0
3960,2303,0
3978,2304,0
4007,2307,0
4036,2308,0
4063,2310,0
4092,2313,0
4109,2315,0
4121,2318,0
4129,2322,0
4133,2324,0
4128,2323,1
4177,2301,0
4178,2300,0
4181,2302,0
4188,2306,0
4193,2306,0
4205,2302,0
4224,2298,0
4240,2287,0
4258,2275,0
4273,2260,0
4287,2246,0
4291,2232,0
4290,2226,0
4287,2223,0
4276,2219,0
4265,2220,0
4252,2226,0
4221,2230,0
4203,2250,0
4178,2272,0
4164,2299,0
4153,2322,0
4152,2345,0
4157,2364,0
4172,2379,0
4196,2392,0
4223,2396,0
4250,2393,0
4280,2385,0
4309,2378,0
4336,2367,0
4354,2355,0
4372,2350,0
4389,2345,0
4385,2343,0
4394,2344,0
4387,2341,0
4387,2341,0
4386,2342,0
4386,2342,0
4384,2344,0
4394,2346,0
4385,2345,0
4392,2347,0
4389,2345,0
4389,2345,0
4390,2344,0
4390,2344,0
4394,2345,1
4811,2193,0
4806,2192,0
4806,2194,0
4801,2202,0
4793,2217,0
4789,2241,0
4782,2270,0
4777,2302,0
4772,2335,0
4765,2362,0
4764,2380,0
4768,2389,0
4768,2388,0
4775,2385,0
4782,2371,0
4794,2352,0
4806,2332,0
4818,2311,0
4827,2287,0
4841,2272,0
4850,2255,0
4859,2245,0
4866,2243,0
4868,2246,0
4879,2260,0
4883,2278,0
4889,2300,0
4897,2319,0
4899,2331,0
4912,2339,0
4917,2340,0
4923,2337,0
4930,2326,0
4942,2312,0
4952,2294,0
4960,2279,0
4965,2261,0
4968,2248,0
4973,2239,0
4968,2229,0
4978,2219,1
5085,1983,0
5086,1981,0
5081,1981,0
5089,1984,0
5081,1993,0
5081,2010,0
5083,2034,0
5079,2063,0
5079,2101,0
5074,2138,0
5076,2176,0
5076,2213,0
5076,2249,0
5076,2281,0
5076,2309,0
5072,2323,0
5073,2330,0
5073,2331,0
5074,2329,0
5075,2319,0
5076,2298,0
5078,2271,0
5081,2246,0
5088,2225,0
5095,2210,0
5094,2195,0
5101,2190,0
5102,2189,0
5111,2197,0
5117,2212,0
5127,2236,0
5137,2261,0
5148,2283,0
5164,2304,0
5180,2318,0
5187,2321,0
5200,2321,0
5213,2314,0
5224,2301,0
5232,2285,0
5240,2270,0
5245,2253,0
5251,2239,0
5248,2227,0
5254,2225,0
5250,2223,0
5249,2224,0
5249,2226,0
5251,2229,0
5255,2239,0
5257,2255,0
5262,2270,0
5265,2282,1
5332,2172,0
5337,2170,0
5339,2169,0
5343,2169,0
5338,2169,0
5339,2175,0
5333,2188,0
5327,2210,0
5325,2235,0
5322,2259,0
5320,2279,0
5324,2299,0
5321,2314,0
5325,2326,0
5325,2330,0
5326,2331,0
5324,2326,1
5309,2071,0
5311,2065,0
5317,2063,0
5314,2059,0
5314,2059,1
5493,2149,0
5496,2149,0
5496,2151,0
5492,2149,0
5491,2154,0
5484,2157,0
5472,2167,0
5468,2183,0
5458,2205,0
5460,2229,0
5455,2251,0
5462,2271,0
5471,2289,0
5489,2299,0
5505,2304,0
5525,2298,0
5543,2288,0
5566,2268,0
5583,2241,0
5593,2209,0
5610,2181,0
5616,2149,0
5624,2119,0
5622,2084,0
5629,2055,0
5623,2027,0
5622,2008,0
5612,1990,0
5615,1983,0
5612,1978,0
5612,1978,0
5612,1980,0
5614,1986,0
5615,2005,0
5616,2036,0
5610,2068,0
5611,2108,0
5612,2147,0
5612,2186,0
5606,2218,0
5617,2253,0
5627,2280,0
5623,2296,0
5636,2307,0
5630,2309,0
5639,2310,0
5641,2306,0
5635,2289,0
5631,2269,0
5639,2245,0
5636,2220,0
5641,2198,0
5644,2183,0
5651,2169,0
5653,2164,0
5652,2164,0
5658,2171,0
5665,2185,0
5675,2203,0
5687,2223,0
5700,2244,0
5709,2262,0
5728,2278,0
5750,2289,0
5763,2289,0
5779,2285,0
5790,2277,0
5799,2267,0
5805,2256,0
5807,2241,0
5804,2225,0
5801,2212,0
5796,2205,0
5790,2198,0
5791,2198,0
5786,2196,0
5786,2198,0
5790,2200,0
5793,2203,0
5788,2201,0
5791,2206,1
6293,2149,0
6289,2149,0
6270,2144,0
6253,2142,0
6241,2140,0
6223,2141,0
6201,2144,0
6185,2152,0
6174,2159,0
6169,2169,0
6177,2183,0
6189,2198,0
6208,2215,0
6226,2233,0
6242,2248,0
6248,2263,0
6256,2276,0
6257,2285,0
6250,2289,0
6235,2294,0
6218,2296,0
6197,2294,0
6173,2290,0
6153,2287,0
6133,2280,0
6119,2273,0
6110,2263,0
6107,2248,0
6116,2229,1
6343,1987,0
6346,1978,0
6348,1976,0
6348,1974,0
6351,1978,0
6350,1980,0
6353,1997,0
6350,2026,0
6347,2061,0
6349,2101,0
6357,2139,0
6355,2176,0
6356,2209,0
6361,2239,0
6363,2267,0
6358,2281,0
6362,2291,0
6358,2290,0
6358,2291,0
6360,2287,0
6353,2272,0
6349,2248,0
6346,2223,0
6346,2202,0
6341,2182,0
6338,2168,0
6338,2154,0
6341,2148,0
6337,2147,0
6341,2149,0
6342,2155,0
6344,2173,0
6356,2199,0
6367,2224,0
6384,2248,0
6403,2265,0
6424,2277,0
6443,2282,0
6461,2281,0
6469,2273,0
6476,2264,0
6486,2250,0
6493,2232,0
6496,2212,0
6500,2191,1
6556,2211,0
6556,2213,0
6560,2211,0
6574,2209,0
6593,2204,0
6613,2193,0
6636,2181,0
6650,2166,0
6667,2151,0
6677,2137,0
6684,2128,0
6678,2121,0
6673,2113,0
6652,2111,0
6626,2113,0
6601,2124,0
6572,2145,0
6551,2168,0
6538,2191,0
6534,2214,0
6543,2236,0
6575,2253,0
6609,2264,0
6647,2265,0
6686,2262,0
6729,2252,0
6762,2241,0
6792,2229,0
6809,2220,1