fresh ... A nurse came three
512
1354,1599,1
1335,1598,0
1322,1600,0
1305,1603,0
1295,1621,0
1283,1638,0
1274,1669,0
1266,1705,0
1255,1743,0
1253,1788,0
1247,1812,0
1252,1848,0
1259,1876,0
1266,1895,0
1271,1910,0
1271,1922,0
1271,1930,1
1190,1805,0
1189,1805,0
1192,1805,0
1198,1804,0
1213,1807,0
1237,1805,0
1269,1798,0
1303,1785,0
1333,1777,1
1431,1803,0
1423,1801,0
1421,1802,0
1422,1805,0
1417,1810,0
1411,1820,0
1411,1836,0
1411,1853,0
1409,1865,0
1408,1877,0
1408,1886,0
1406,1886,0
1406,1886,0
1410,1889,0
1411,1881,0
1418,1863,0
1430,1841,0
1450,1819,0
1474,1802,0
1496,1797,0
1515,1792,1
1541,1851,0
1538,1852,0
1539,1851,0
1546,1853,0
1558,1850,0
1578,1848,0
1599,1838,0
1619,1828,0
1636,1821,0
1644,1815,0
1642,1807,0
1644,1807,0
1626,1795,0
1606,1798,0
1586,1812,0
1567,1831,0
1556,1859,0
1553,1884,0
1557,1901,0
1570,1908,0
1595,1915,0
1625,1913,0
1655,1908,0
1684,1903,0
1701,1888,1
1764,1812,0
1760,1809,0
1754,1807,0
1743,1808,0
1727,1814,0
1720,1830,0
1715,1845,0
1713,1854,0
1720,1864,0
1730,1873,0
1744,1881,0
1754,1885,0
1763,1894,0
1764,1903,0
1759,1909,0
1753,1920,0
1742,1928,1
1879,1661,0
1875,1663,0
1874,1673,0
1879,1697,0
1889,1732,0
1893,1761,0
1901,1798,0
1895,1823,0
1889,1849,0
1882,1870,0
1879,1880,0
1877,1884,0
1875,1881,0
1877,1881,0
1882,1879,0
1895,1864,0
1918,1848,0
1938,1833,0
1957,1827,0
1968,1822,0
1978,1826,0
1984,1836,0
1990,1860,0
1985,1885,0
1982,1910,0
1978,1930,0
1974,1944,0
1971,1955,0
1969,1961,1
2147,1922,0
2149,1925,0
2149,1925,0
2145,1923,0
2145,1924,0
2147,1927,0
2146,1927,0
2150,1934,0
2155,1936,1
2267,1936,0
2267,1936,0
2268,1935,0
2267,1936,0
2265,1936,0
2264,1937,0
2262,1940,0
2260,1940,0
2259,1941,0
2258,1942,0
2258,1942,0
2259,1941,0
2260,1940,1
2390,1937,0
2388,1937,0
2387,1939,0
2386,1940,0
2386,1940,0
2384,1941,0
2382,1942,0
2381,1943,0
2381,1943,0
2382,1942,0
2382,1942,0
2383,1942,0
2381,1938,1
2805,1962,0
2808,1959,0
2817,1946,0
2838,1925,0
2861,1895,0
2885,1865,0
2908,1833,0
2928,1805,0
2941,1778,0
2946,1754,0
2952,1742,0
2950,1737,0
2946,1736,0
2948,1739,0
2948,1751,0
2956,1780,0
2955,1817,0
2958,1855,0
2960,1889,0
2966,1918,0
2974,1939,0
2981,1954,0
2987,1966,0
2993,1972,0
2993,1972,1
2875,1909,0
2874,1910,0
2875,1909,0
2876,1908,0
2886,1909,1
3205,1913,0
3209,1915,0
3208,1915,0
3207,1916,0
3209,1925,0
3211,1942,0
3211,1961,0
3209,1976,0
3207,1984,0
3206,1985,0
3207,1984,0
3209,1983,0
3211,1978,0
3221,1961,0
3237,1936,0
3262,1911,0
3289,1891,0
3315,1883,0
3332,1880,0
3346,1882,0
3356,1889,0
3361,1902,0
3363,1926,0
3361,1954,0
3359,1976,0
3358,1990,0
3364,2001,0
3375,2007,0
3385,2007,1
3431,1915,1
3430,1917,0
3428,1932,0
3423,1952,0
3424,1971,0
3424,1984,0
3426,1994,0
3435,2002,0
3443,2006,0
3457,2007,0
3472,2000,0
3489,1985,0
3512,1968,0
3527,1947,0
3537,1932,0
3539,1924,0
3539,1923,0
3539,1924,0
3539,1931,0
3533,1952,0
3532,1981,0
3535,2003,0
3539,2017,0
3544,2025,0
3544,2025,1
3616,1967,0
3616,1974,0
3617,1986,0
3612,1999,0
3614,2012,0
3610,2017,0
3609,2017,0
3610,2015,0
3613,2012,0
3618,1999,0
3626,1981,0
3636,1960,0
3658,1942,0
3684,1932,0
3704,1924,0
3720,1921,0
3735,1922,1
3848,1930,0
3831,1925,0
3822,1927,0
3810,1930,0
3802,1942,0
3795,1952,0
3792,1958,0
3798,1964,0
3814,1973,0
3829,1980,0
3844,1988,0
3846,1992,0
3846,1999,0
3837,2006,0
3826,2014,0
3813,2019,0
3796,2023,1
3952,1975,0
3952,1974,0
3952,1974,0
3967,1973,0
3978,1969,1
4041,1945,0
4054,1937,0
4063,1931,0
4058,1923,0
4058,1917,0
4048,1910,0
4034,1909,0
4017,1915,0
3987,1925,0
3973,1949,0
3958,1973,0
3959,1994,0
3969,2015,0
3991,2033,0
4026,2045,0
4058,2047,1
4599,1916,0
4599,1916,0
4599,1916,0
4599,1916,0
4600,1915,0
4595,1915,0
4600,1915,0
4595,1915,0
4600,1915,0
4596,1913,0
4595,1914,0
4595,1914,0
4591,1913,0
4591,1913,0
4586,1915,0
4572,1918,0
4553,1926,0
4537,1941,0
4529,1957,0
4519,1976,0
4522,1995,0
4521,2014,0
4533,2026,0
4543,2033,0
4569,2035,1
4783,1959,0
4782,1960,0
4779,1958,0
4777,1952,0
4761,1949,0
4752,1948,0
4734,1949,0
4722,1964,0
4712,1983,0
4705,2006,0
4706,2024,0
4712,2039,0
4721,2047,0
4734,2048,0
4744,2046,0
4766,2037,0
4782,2024,0
4804,2007,0
4816,1990,0
4833,1973,0
4848,1961,0
4854,1959,0
4846,1956,0
4845,1958,0
4852,1971,0
4852,1991,0
4850,2012,0
4852,2026,0
4848,2043,1
4931,1964,0
4939,1966,0
4948,1974,0
4951,1987,0
4958,2011,0
4966,2029,0
4965,2038,0
4964,2043,0
4963,2044,0
4963,2043,0
4964,2043,0
4965,2038,0
4968,2026,0
4975,2010,0
4992,1993,0
5009,1976,0
5031,1966,0
5050,1961,0
5069,1959,0
5086,1962,0
5096,1969,0
5103,1983,0
5109,2008,0
5112,2029,0
5110,2043,0
5107,2051,0
5105,2055,0
5105,2055,0
5105,2054,0
5107,2050,0
5113,2038,0
5122,2017,0
5136,1997,0
5156,1983,0
5177,1974,0
5196,1971,0
5209,1968,0
5225,1973,0
5237,1986,0
5238,2002,0
5239,2031,0
5240,2056,0
5238,2070,0
5236,2078,0
5237,2084,1
5295,2053,0
5294,2053,0
5299,2053,0
5315,2048,0
5330,2043,1
5376,1999,0
5374,1990,0
5372,1985,0
5366,1982,0
5349,1979,0
5332,1989,0
5313,2010,0
5299,2043,0
5300,2072,0
5306,2085,0
5317,2092,0
5346,2096,1
5855,1822,0
5858,1826,0
5858,1836,0
5860,1855,0
5859,1882,0
5861,1911,0
5858,1942,0
5846,2010,0
5836,2045,0
5827,2079,0
5825,2104,0
5822,2123,1
5808,2019,0
5812,2019,0
5829,2019,0
5856,2018,0
5882,2017,1
6008,1894,1
6005,1923,0
6005,1947,0
6003,1976,0
6001,2007,0
5986,2057,0
5981,2080,0
5981,2101,0
5974,2118,0
5971,2129,0
5974,2132,0
5978,2133,0
5979,2131,0
5991,2121,0
6003,2102,0
6024,2080,0
6045,2059,0
6067,2046,0
6090,2042,0
6106,2045,0
6119,2054,0
6126,2070,0
6132,2089,0
6133,2110,0
6134,2128,0
6136,2145,0
6140,2158,0
6141,2166,1
6212,2070,0
6206,2075,0
6201,2088,0
6202,2108,0
6199,2127,0
6201,2145,0
6196,2155,0
6196,2159,0
6198,2160,0
6200,2157,0
6213,2146,0
6229,2127,0
6251,2104,0
6279,2085,0
6300,2074,0
6315,2069,0
6328,2067,1
6363,2125,0
6367,2125,0
6375,2123,0
6394,2121,0
6411,2121,0
6425,2116,0
6440,2111,0
6455,2104,0
6459,2094,0
6463,2081,0
6459,2071,0
6447,2065,0
6424,2070,0
6400,2092,0
6371,2123,0
6357,2150,0
6356,2175,0
6367,2190,0
6384,2205,0
6406,2212,0
6428,2212,1
6522,2153,0
6524,2149,0
6539,2144,0
6557,2141,0
6571,2135,0
6580,2133,0
6600,2125,0
6621,2115,0
6632,2097,0
6636,2083,0
6631,2072,0
6623,2070,0
6600,2077,0
6564,2094,0
6523,2127,0
6508,2157,0
6514,2176,0
6533,2193,0
6565,2211,0
6594,2224,0
6620,2224,1