that he had expected his father
654
361,2408,0
357,2424,0
357,2450,0
356,2491,0
353,2536,0
354,2582,0
355,2633,0
354,2674,0
350,2714,0
348,2752,0
349,2768,0
350,2777,0
346,2779,1
270,2678,0
273,2674,0
282,2668,0
301,2663,0
329,2654,0
352,2644,0
374,2638,0
390,2634,0
406,2626,1
432,2426,0
433,2427,0
439,2432,0
447,2451,0
454,2478,0
456,2520,0
453,2569,0
451,2622,0
446,2674,0
443,2710,0
444,2735,0
450,2745,0
457,2746,0
468,2737,0
484,2725,0
504,2708,0
523,2692,0
540,2688,0
553,2678,0
560,2684,0
563,2701,0
563,2721,0
562,2737,0
567,2750,0
576,2752,1
686,2674,0
678,2668,0
670,2663,0
664,2666,0
653,2661,0
640,2671,0
625,2688,0
615,2711,0
610,2726,0
612,2743,0
621,2760,0
634,2762,0
646,2749,0
662,2743,0
678,2726,0
694,2704,0
708,2678,0
716,2662,0
717,2663,0
716,2662,0
713,2674,0
707,2690,0
705,2713,0
707,2746,0
713,2759,0
722,2768,0
732,2765,0
744,2759,0
759,2737,1
859,2450,0
855,2461,0
854,2490,0
853,2526,0
851,2570,0
847,2618,0
847,2670,0
843,2705,0
841,2745,0
839,2773,0
837,2790,0
837,2798,0
833,2793,1
791,2708,0
791,2709,0
801,2714,0
821,2712,1
1307,2482,0
1306,2514,0
1304,2554,0
1299,2591,0
1298,2639,0
1296,2679,0
1297,2715,0
1298,2743,0
1301,2759,0
1305,2763,0
1312,2762,0
1320,2745,0
1334,2724,0
1351,2698,0
1368,2676,0
1382,2659,0
1394,2653,0
1401,2651,0
1406,2655,0
1412,2675,0
1414,2695,0
1415,2714,0
1416,2735,0
1419,2754,0
1422,2762,1
1459,2733,0
1462,2732,0
1471,2735,0
1485,2721,0
1501,2710,0
1516,2704,0
1524,2690,0
1532,2680,0
1535,2672,0
1533,2664,0
1526,2661,0
1511,2663,0
1489,2671,0
1475,2690,0
1466,2703,0
1462,2721,0
1474,2743,0
1496,2759,0
1527,2767,0
1563,2772,0
1595,2766,1
1895,2461,0
1898,2476,0
1903,2504,0
1904,2538,0
1905,2579,0
1901,2619,0
1900,2661,0
1899,2695,0
1902,2724,0
1906,2739,0
1913,2745,0
1919,2743,0
1931,2731,0
1952,2712,0
1973,2683,0
1997,2661,0
2015,2642,0
2034,2634,0
2044,2631,0
2051,2637,0
2053,2649,0
2054,2669,0
2053,2692,0
2050,2710,0
2055,2729,1
2199,2630,0
2193,2624,0
2192,2625,0
2186,2623,0
2174,2628,0
2157,2640,0
2142,2660,0
2134,2685,0
2130,2708,0
2133,2729,0
2140,2743,0
2149,2748,0
2162,2746,0
2178,2741,0
2188,2718,0
2203,2699,0
2212,2673,0
2220,2656,0
2222,2642,0
2224,2637,0
2222,2633,0
2222,2637,0
2225,2658,0
2224,2680,0
2226,2707,0
2235,2733,0
2248,2753,0
2263,2764,0
2279,2765,1
2411,2668,0
2402,2659,0
2398,2658,0
2388,2654,0
2373,2657,0
2354,2666,0
2338,2683,0
2333,2704,0
2332,2726,0
2338,2742,0
2347,2750,0
2361,2753,0
2381,2743,0
2404,2731,0
2424,2707,0
2444,2683,0
2453,2650,0
2456,2612,0
2461,2582,0
2458,2551,0
2453,2526,0
2451,2504,0
2450,2491,0
2451,2490,0
2450,2491,0
2446,2497,0
2448,2524,0
2447,2557,0
2453,2600,0
2458,2643,0
2466,2684,0
2478,2719,0
2489,2745,1
2914,2702,0
2916,2707,0
2922,2712,0
2936,2716,0
2959,2714,0
2988,2708,0
3020,2699,0
3040,2683,0
3059,2674,0
3066,2662,0
3074,2656,0
3072,2654,0
3063,2650,0
3044,2655,0
3016,2672,0
2984,2696,0
2960,2729,0
2946,2758,0
2953,2784,0
2974,2799,0
3011,2801,1
3319,2670,0
3313,2668,0
3305,2671,0
3291,2683,0
3274,2704,0
3252,2727,0
3231,2750,0
3216,2772,0
3197,2783,1
3175,2673,0
3178,2680,0
3189,2697,0
3206,2719,0
3224,2741,0
3244,2766,0
3262,2788,0
3280,2803,0
3297,2811,1
3387,2726,0
3384,2729,0
3389,2745,0
3391,2766,0
3397,2799,0
3398,2834,0
3399,2870,0
3402,2909,0
3403,2941,0
3402,2961,0
3402,2972,0
3408,2978,0
3408,2972,0
3406,2953,0
3403,2925,0
3397,2887,0
3390,2846,0
3383,2805,0
3382,2768,0
3378,2729,0
3388,2698,0
3397,2673,0
3415,2663,0
3434,2661,0
3455,2670,0
3467,2684,0
3483,2708,0
3489,2730,0
3494,2753,0
3485,2767,0
3469,2775,0
3448,2779,0
3426,2783,0
3397,2781,0
3381,2780,0
3376,2779,0
3377,2773,1
3563,2771,0
3563,2776,0
3572,2779,0
3587,2775,0
3612,2767,0
3636,2756,0
3656,2741,0
3679,2730,0
3693,2714,0
3701,2701,0
3704,2692,0
3695,2684,0
3674,2683,0
3645,2690,0
3611,2702,0
3582,2719,0
3565,2746,0
3556,2772,0
3561,2794,0
3583,2812,0
3617,2824,1
3891,2696,0
3887,2695,0
3878,2693,0
3864,2696,0
3843,2707,0
3819,2721,0
3800,2741,0
3786,2762,0
3786,2785,0
3788,2801,0
3805,2817,0
3837,2830,0
3870,2832,1
4013,2521,0
4016,2524,0
4023,2541,0
4028,2567,0
4029,2603,0
4032,2644,0
4032,2688,0
4037,2736,0
4039,2777,0
4042,2815,0
4048,2844,0
4056,2866,0
4061,2878,1
3968,2742,0
3969,2741,0
3977,2744,0
3995,2749,0
4022,2755,1
4137,2835,0
4135,2836,0
4140,2837,0
4154,2833,0
4173,2824,0
4193,2812,0
4208,2795,0
4221,2779,0
4232,2760,0
4232,2741,0
4231,2729,0
4219,2719,0
4203,2719,0
4179,2723,0
4158,2736,0
4140,2753,0
4133,2778,0
4129,2801,0
4137,2822,0
4155,2837,0
4179,2846,1
4376,2779,0
4365,2774,0
4357,2772,0
4343,2770,0
4326,2777,0
4309,2786,0
4294,2798,0
4287,2813,0
4287,2826,0
4293,2837,0
4307,2845,0
4325,2849,0
4338,2839,0
4354,2825,0
4369,2806,0
4380,2779,0
4390,2748,0
4398,2712,0
4399,2677,0
4401,2649,0
4399,2623,0
4400,2603,0
4396,2589,0
4393,2584,0
4392,2586,0
4391,2595,0
4392,2619,0
4391,2648,0
4397,2686,0
4401,2727,0
4414,2770,0
4425,2806,0
4436,2838,0
4453,2868,0
4468,2888,0
4484,2900,0
4499,2907,1
4897,2530,0
4901,2547,0
4907,2575,0
4912,2610,0
4920,2651,0
4926,2693,0
4936,2737,0
4934,2774,0
4943,2812,0
4946,2836,0
4949,2852,0
4961,2864,0
4977,2861,0
4985,2849,0
5002,2830,0
5018,2808,0
5036,2788,0
5052,2771,0
5064,2760,0
5068,2753,0
5074,2758,0
5080,2765,0
5080,2779,0
5079,2796,0
5083,2818,0
5090,2836,0
5095,2844,0
5106,2848,0
5125,2849,0
5141,2840,0
5158,2827,0
5178,2812,0
5185,2793,0
5192,2775,0
5197,2760,0
5199,2750,0
5204,2749,0
5199,2749,0
5203,2758,0
5208,2773,0
5210,2791,0
5216,2812,0
5218,2831,0
5227,2847,0
5236,2856,1
5176,2572,0
5173,2569,0
5170,2567,0
5172,2570,0
5171,2579,1
5348,2721,0
5346,2716,0
5347,2715,0
5339,2712,0
5323,2715,0
5303,2725,0
5285,2740,0
5272,2753,0
5276,2770,0
5282,2782,0
5303,2794,0
5332,2807,0
5361,2823,0
5385,2837,0
5404,2852,0
5417,2868,0
5416,2878,0
5406,2886,0
5390,2896,0
5364,2900,0
5339,2902,0
5323,2906,0
5313,2905,0
5315,2902,0
5335,2894,1
5782,2625,0
5793,2602,0
5808,2573,0
5824,2542,0
5825,2512,0
5826,2493,0
5816,2478,0
5806,2470,0
5797,2471,0
5787,2482,0
5768,2502,0
5757,2534,0
5742,2572,0
5736,2617,0
5729,2673,0
5728,2734,0
5723,2791,0
5724,2845,0
5729,2901,0
5730,2946,0
5734,2987,0
5734,3018,0
5737,3035,0
5742,3042,0
5743,3040,1
5674,2805,0
5671,2801,0
5677,2801,0
5693,2796,0
5717,2793,0
5743,2788,0
5773,2784,0
5796,2776,0
5822,2770,1
5903,2729,0
5904,2727,0
5902,2723,0
5898,2722,0
5889,2721,0
5879,2733,0
5858,2745,0
5839,2765,0
5822,2787,0
5815,2808,0
5810,2825,0
5815,2839,0
5819,2841,0
5830,2837,0
5848,2823,0
5871,2806,0
5887,2784,0
5898,2763,0
5906,2748,0
5908,2738,0
5911,2732,0
5909,2733,0
5904,2734,0
5906,2750,0
5900,2768,0
5896,2792,0
5893,2815,0
5898,2838,0
5902,2856,0
5911,2871,0
5927,2877,0
5941,2877,0
5953,2862,1
6049,2527,0
6051,2523,0
6050,2525,0
6051,2532,0
6051,2552,0
6049,2582,0
6042,2617,0
6043,2658,0
6040,2700,0
6038,2739,0
6039,2779,0
6041,2811,0
6039,2840,0
6042,2859,0
6044,2871,0
6046,2875,0
6048,2873,1
6004,2804,0
6010,2801,0
6021,2797,0
6037,2791,1
6186,2574,0
6186,2564,0
6189,2558,0
6198,2559,0
6204,2564,0
6210,2581,0
6206,2608,0
6197,2644,0
6195,2685,0
6195,2731,0
6189,2770,0
6191,2800,0
6189,2821,0
6196,2835,0
6206,2841,0
6220,2840,0
6229,2831,0
6247,2821,0
6268,2808,0
6280,2792,0
6291,2779,0
6300,2772,0
6305,2771,0
6307,2774,0
6307,2784,0
6308,2800,0
6313,2816,0
6311,2837,0
6322,2851,0
6330,2861,0
6341,2866,0
6350,2865,0
6369,2856,1
6384,2817,0
6391,2820,0
6393,2817,0
6404,2811,0
6418,2801,0
6428,2794,0
6440,2784,0
6451,2772,0
6462,2758,0
6459,2745,0
6462,2739,0
6452,2734,0
6432,2737,0
6413,2750,0
6379,2762,0
6364,2785,0
6366,2808,0
6370,2825,0
6384,2844,0
6418,2856,0
6454,2856,1
6564,2758,0
6564,2759,0
6563,2760,0
6563,2768,0
6565,2784,0
6565,2801,0
6567,2818,0
6574,2838,0
6578,2849,0
6580,2855,0
6577,2852,0
6578,2848,0
6584,2836,0
6584,2818,0
6576,2798,0
6570,2782,0
6560,2765,0
6562,2754,0
6562,2744,0
6565,2736,0
6585,2732,0
6604,2731,0
6633,2734,0
6657,2738,0
6683,2739,1