and Bowers had been building
672
1090,4509,0
1079,4512,0
1066,4509,0
1048,4512,0
1027,4516,0
1006,4531,0
985,4551,0
967,4575,0
954,4611,0
947,4643,0
945,4671,0
949,4690,0
959,4703,0
973,4707,0
991,4700,0
1011,4684,0
1027,4664,0
1046,4636,0
1062,4608,0
1074,4577,0
1085,4548,0
1097,4524,0
1106,4508,0
1114,4497,0
1118,4496,0
1125,4509,0
1129,4524,0
1132,4548,0
1134,4580,0
1138,4608,0
1140,4640,0
1141,4668,0
1146,4684,1
1221,4530,0
1223,4542,0
1226,4562,0
1228,4577,0
1230,4594,0
1232,4606,0
1233,4610,0
1233,4610,0
1236,4610,0
1245,4601,0
1254,4593,0
1264,4580,0
1279,4568,0
1293,4555,0
1307,4554,0
1319,4554,0
1329,4562,0
1337,4577,0
1341,4597,0
1339,4613,0
1340,4629,0
1339,4644,0
1337,4653,0
1341,4653,0
1353,4649,1
1493,4477,0
1486,4481,0
1469,4490,0
1450,4517,0
1437,4542,0
1429,4567,0
1428,4594,0
1438,4622,0
1447,4633,0
1459,4632,0
1476,4623,0
1496,4605,0
1513,4579,0
1531,4546,0
1546,4507,0
1558,4466,0
1568,4420,0
1577,4379,0
1582,4338,0
1587,4314,0
1590,4289,0
1592,4285,0
1592,4281,0
1592,4285,0
1590,4301,0
1587,4329,0
1584,4362,0
1579,4407,0
1574,4456,0
1567,4497,0
1564,4533,0
1565,4570,0
1566,4594,1
1927,4408,0
1933,4440,0
1941,4479,0
1947,4514,0
1952,4550,0
1950,4567,0
1952,4587,0
1947,4584,0
1946,4584,0
1940,4570,0
1933,4546,0
1924,4503,0
1918,4455,0
1918,4406,0
1924,4369,0
1934,4333,0
1947,4310,0
1961,4291,0
1979,4291,0
1999,4295,0
2024,4310,0
2049,4333,0
2072,4357,0
2089,4381,0
2100,4403,0
2106,4422,0
2105,4431,0
2102,4448,0
2093,4459,0
2079,4469,0
2065,4478,0
2057,4483,0
2053,4488,0
2056,4491,0
2063,4490,0
2083,4498,0
2105,4500,0
2125,4508,0
2145,4524,0
2154,4534,0
2156,4546,0
2150,4555,0
2135,4567,0
2114,4584,0
2087,4599,0
2058,4610,0
2036,4619,0
2018,4618,0
2009,4620,1
2323,4451,0
2320,4456,0
2307,4461,0
2288,4466,0
2271,4483,0
2253,4496,0
2247,4518,0
2244,4536,0
2250,4555,0
2262,4560,0
2283,4567,0
2347,4524,0
2350,4510,0
2347,4495,0
2338,4477,0
2326,4468,0
2311,4463,0
2300,4462,1
2422,4455,0
2424,4476,0
2428,4553,0
2429,4566,0
2437,4572,0
2443,4565,0
2452,4555,0
2461,4539,0
2467,4524,0
2470,4515,0
2473,4514,0
2475,4517,0
2475,4518,0
2475,4530,0
2480,4550,0
2485,4565,0
2492,4575,0
2500,4582,0
2508,4579,0
2518,4571,0
2530,4563,0
2543,4554,0
2550,4540,0
2552,4522,0
2553,4509,0
2555,4504,1
2662,4513,0
2675,4509,0
2687,4504,0
2696,4496,0
2695,4484,0
2692,4476,0
2682,4468,0
2668,4468,0
2644,4468,0
2625,4476,0
2613,4492,0
2604,4509,0
2598,4523,0
2608,4550,0
2622,4562,0
2646,4574,0
2666,4575,0
2690,4579,0
2705,4566,0
2719,4556,0
2730,4544,1
2774,4557,0
2774,4561,0
2778,4568,0
2774,4561,0
2773,4562,0
2774,4557,0
2773,4549,0
2767,4533,0
2765,4517,0
2761,4493,0
2761,4476,0
2759,4456,0
2764,4449,0
2764,4441,0
2769,4443,0
2767,4439,0
2770,4438,0
2777,4444,0
2793,4459,0
2800,4456,0
2819,4471,1
2960,4414,0
2961,4419,0
2952,4414,0
2949,4420,0
2940,4423,0
2931,4432,0
2917,4434,0
2909,4446,0
2902,4453,0
2899,4463,0
2895,4465,0
2900,4476,0
2899,4476,0
2910,4489,0
2914,4487,0
2929,4498,0
2936,4499,0
2952,4514,0
2961,4519,0
2968,4525,0
2973,4536,0
2975,4539,0
2973,4544,0
2975,4557,0
2969,4564,0
2953,4562,0
2938,4564,0
2928,4577,0
2908,4577,0
2898,4585,0
2888,4584,0
2882,4583,0
2876,4572,1
3222,4212,0
3222,4208,0
3220,4204,0
3222,4208,0
3222,4212,0
3226,4220,0
3230,4239,0
3240,4270,0
3245,4304,0
3253,4345,0
3255,4379,0
3263,4430,0
3268,4477,0
3271,4515,0
3267,4544,0
3272,4573,0
3274,4581,0
3269,4579,0
3270,4578,0
3271,4560,0
3273,4533,0
3275,4495,0
3285,4473,0
3294,4449,0
3312,4440,0
3326,4433,0
3342,4434,0
3355,4445,0
3369,4465,0
3375,4488,0
3373,4512,0
3373,4534,0
3370,4554,1
3576,4450,0
3571,4453,0
3557,4452,0
3542,4456,0
3527,4469,0
3508,4480,0
3493,4492,0
3490,4508,0
3484,4526,0
3485,4543,0
3489,4550,0
3498,4558,0
3510,4565,0
3529,4564,0
3551,4556,0
3562,4536,0
3581,4526,0
3589,4502,0
3598,4483,0
3603,4467,0
3597,4442,0
3597,4438,0
3595,4439,0
3600,4450,0
3593,4454,0
3597,4474,0
3599,4497,0
3607,4519,0
3609,4533,0
3616,4548,0
3622,4557,0
3631,4567,0
3637,4576,1
3782,4475,0
3771,4477,0
3759,4485,0
3743,4494,0
3733,4505,0
3721,4517,0
3715,4535,0
3718,4547,0
3720,4555,0
3730,4563,0
3743,4565,0
3759,4560,0
3771,4548,0
3778,4524,0
3789,4495,0
3800,4464,0
3807,4425,0
3817,4396,0
3822,4364,0
3821,4331,0
3823,4315,0
3824,4300,0
3823,4297,0
3825,4300,0
3822,4302,0
3822,4316,0
3821,4341,0
3812,4365,0
3814,4407,0
3811,4447,0
3806,4479,0
3807,4516,0
3802,4542,0
3809,4567,0
3808,4586,0
3811,4599,0
3817,4604,1
4114,4224,0
4114,4228,0
4114,4238,0
4116,4261,0
4120,4294,0
4126,4329,0
4131,4365,0
4131,4395,0
4135,4435,0
4139,4467,0
4137,4493,0
4134,4514,0
4137,4533,1
4126,4437,0
4128,4431,0
4136,4425,0
4143,4415,0
4160,4412,0
4173,4408,0
4190,4406,0
4216,4421,0
4237,4431,0
4257,4445,0
4266,4454,0
4276,4471,0
4277,4480,0
4270,4495,0
4263,4515,0
4248,4532,0
4230,4544,0
4210,4558,0
4184,4562,0
4174,4570,0
4162,4564,1
4343,4487,0
4360,4483,0
4374,4478,0
4385,4470,0
4394,4462,0
4396,4450,0
4401,4447,0
4396,4441,0
4386,4438,0
4375,4442,0
4356,4447,0
4334,4457,0
4318,4480,0
4306,4494,0
4303,4517,0
4307,4533,0
4314,4542,0
4333,4548,0
4360,4553,0
4384,4550,0
4406,4543,1
4490,4483,0
4500,4481,0
4508,4474,0
4518,4467,0
4530,4458,0
4536,4447,0
4543,4437,0
4543,4427,0
4543,4427,0
4541,4423,0
4529,4422,0
4512,4425,0
4492,4437,0
4476,4450,0
4461,4466,0
4454,4488,0
4448,4502,0
4454,4517,0
4462,4526,0
4484,4539,0
4507,4542,0
4527,4541,0
4548,4540,0
4565,4526,0
4582,4514,1
4625,4442,0
4624,4447,0
4623,4459,0
4620,4476,0
4623,4495,0
4626,4513,0
4630,4531,0
4632,4539,0
4632,4549,0
4635,4547,0
4636,4547,0
4635,4542,0
4637,4540,0
4639,4523,0
4642,4510,0
4650,4499,0
4659,4486,0
4676,4477,0
4693,4473,0
4707,4478,0
4723,4495,0
4739,4519,0
4746,4544,0
4751,4577,0
4754,4604,0
4749,4629,0
4744,4644,0
4749,4650,0
4758,4642,1
4964,4264,0
4964,4264,0
4968,4272,0
4970,4290,0
4977,4323,0
4982,4356,0
4990,4393,0
4988,4427,0
4990,4463,0
4992,4493,0
4990,4522,0
4990,4543,0
4986,4559,0
4985,4570,0
4981,4568,0
4977,4566,0
4972,4555,1
4968,4451,0
4970,4444,0
4982,4438,0
4988,4427,0
5000,4416,0
5018,4416,0
5033,4413,0
5047,4410,0
5070,4422,0
5081,4428,0
5094,4444,0
5102,4459,0
5110,4478,0
5109,4495,0
5104,4516,0
5091,4529,0
5081,4543,0
5067,4556,0
5050,4571,0
5028,4581,0
5002,4581,0
4986,4586,0
4975,4584,0
4966,4582,1
5183,4420,0
5179,4435,0
5176,4454,0
5175,4478,0
5175,4504,0
5176,4526,0
5185,4545,0
5195,4562,0
5202,4572,0
5217,4575,0
5230,4574,0
5236,4562,0
5246,4548,0
5259,4529,0
5260,4513,0
5262,4505,0
5266,4501,0
5267,4500,0
5267,4500,0
5268,4505,0
5274,4516,0
5279,4533,0
5286,4553,0
5291,4576,0
5302,4594,0
5311,4601,0
5319,4605,0
5330,4605,0
5337,4598,1
5385,4502,0
5384,4509,0
5385,4524,0
5388,4544,0
5390,4563,0
5392,4578,0
5392,4589,0
5397,4596,0
5397,4596,1
5364,4346,0
5364,4346,0
5361,4344,0
5365,4351,0
5366,4362,1
5466,4268,0
5464,4278,0
5469,4301,0
5469,4331,0
5474,4365,0
5479,4401,0
5486,4439,0
5488,4477,0
5491,4509,0
5492,4542,0
5489,4562,0
5494,4574,0
5497,4577,1
5613,4480,0
5609,4479,0
5600,4477,0
5584,4481,0
5566,4490,0
5553,4508,0
5543,4529,0
5547,4548,0
5556,4562,0
5571,4570,0
5585,4567,0
5602,4555,0
5616,4536,0
5629,4509,0
5642,4473,0
5649,4436,0
5652,4392,0
5657,4350,0
5662,4321,0
5663,4304,0
5661,4298,0
5661,4299,0
5660,4306,0
5660,4331,0
5666,4371,0
5671,4413,0
5679,4457,0
5688,4500,0
5697,4537,0
5702,4567,0
5704,4587,0
5712,4591,0
5717,4597,1
5780,4536,0
5783,4550,0
5791,4572,0
5797,4594,0
5800,4614,0
5800,4625,0
5800,4631,0
5799,4627,0
5802,4618,1
5786,4376,0
5781,4374,0
5783,4378,0
5781,4381,0
5787,4393,0
5790,4418,0
5801,4442,0
5807,4459,1
5861,4543,0
5863,4558,0
5867,4577,0
5876,4598,0
5882,4614,0
5889,4619,0
5894,4625,0
5900,4625,0
5907,4622,0
5916,4613,0
5926,4596,0
5938,4577,0
5951,4568,0
5962,4568,0
5974,4573,0
5982,4582,0
5988,4599,0
5997,4620,0
6003,4637,0
6007,4644,0
6015,4647,1
6094,4564,0
6093,4566,0
6085,4574,0
6072,4583,0
6066,4596,0
6060,4603,0
6065,4616,0
6077,4626,0
6093,4632,0
6109,4632,0
6127,4630,0
6139,4622,0
6150,4616,0
6152,4613,0
6158,4613,0
6162,4614,0
6160,4616,0
6156,4615,0
6159,4623,0
6157,4637,0
6165,4659,0
6172,4688,0
6177,4719,0
6177,4748,0
6178,4777,0
6176,4803,0
6165,4832,0
6151,4847,0
6140,4866,0
6117,4879,0
6090,4890,0
6062,4895,0
6034,4897,1