sat down and ran his finger down
629
691,3171,0
683,3175,0
670,3185,0
651,3187,0
627,3179,0
597,3175,0
565,3165,0
537,3156,0
517,3140,0
510,3147,0
511,3159,0
522,3182,0
541,3214,0
565,3246,0
592,3287,0
619,3335,0
641,3387,0
653,3428,0
656,3474,0
645,3493,0
624,3510,0
594,3510,0
561,3505,0
530,3499,0
505,3483,0
489,3464,0
480,3434,0
484,3402,0
504,3385,1
843,3275,0
845,3276,0
844,3272,0
837,3259,0
822,3250,0
803,3252,0
784,3267,0
766,3297,0
755,3340,0
754,3388,0
764,3438,0
782,3476,0
808,3498,0
830,3479,0
846,3444,0
854,3397,0
856,3345,0
854,3309,0
849,3280,0
846,3276,0
849,3288,0
856,3325,0
871,3370,0
890,3415,0
906,3452,1
994,3091,0
997,3095,0
997,3100,0
997,3115,0
1000,3144,0
1005,3175,0
1014,3224,0
1027,3292,0
1042,3356,0
1053,3404,0
1062,3436,0
1071,3445,0
1077,3433,1
1067,3249,0
1071,3249,0
1071,3249,0
1065,3252,0
1047,3252,0
1018,3252,0
989,3252,0
969,3251,0
967,3255,1
1399,3216,0
1395,3208,0
1385,3197,0
1368,3191,0
1349,3189,0
1329,3199,0
1312,3232,0
1303,3269,0
1306,3304,0
1319,3332,0
1338,3346,0
1357,3352,0
1376,3339,0
1391,3293,0
1401,3236,0
1401,3172,0
1400,3115,0
1395,3064,0
1387,3020,0
1380,2992,0
1378,2989,0
1382,3005,0
1389,3057,0
1399,3123,0
1413,3199,0
1432,3269,0
1449,3315,0
1464,3341,0
1475,3344,1
1592,3221,0
1607,3224,0
1607,3219,0
1601,3209,0
1585,3194,0
1568,3189,0
1549,3188,0
1540,3210,0
1533,3247,0
1543,3339,0
1566,3372,0
1592,3376,0
1647,3286,0
1641,3246,0
1627,3212,0
1610,3187,0
1596,3173,0
1592,3173,1
1699,3153,0
1707,3163,0
1703,3177,0
1697,3190,0
1695,3211,0
1701,3239,0
1712,3269,0
1732,3305,0
1751,3329,0
1768,3339,0
1781,3324,0
1788,3297,0
1788,3260,0
1783,3229,0
1775,3202,0
1772,3190,0
1772,3190,0
1773,3206,0
1778,3230,0
1793,3264,0
1811,3288,0
1827,3305,0
1841,3317,0
1851,3319,0
1860,3305,0
1867,3282,0
1872,3249,0
1870,3204,0
1865,3163,1
1943,3187,0
1947,3186,0
1950,3186,0
1949,3186,0
1944,3187,0
1941,3209,0
1942,3246,0
1949,3281,0
1965,3318,0
1973,3333,0
1976,3337,0
1982,3318,0
1988,3283,0
1998,3247,0
2011,3217,0
2022,3189,0
2035,3176,0
2051,3172,0
2068,3187,0
2152,3345,0
2166,3378,0
2178,3382,1
2528,3138,0
2525,3136,0
2519,3134,0
2506,3136,0
2484,3137,0
2464,3151,0
2442,3170,0
2422,3196,0
2415,3235,0
2424,3284,0
2441,3319,0
2463,3344,0
2480,3350,0
2498,3338,0
2512,3305,0
2521,3257,0
2521,3204,0
2515,3158,0
2504,3132,0
2497,3127,0
2495,3146,0
2502,3191,0
2521,3244,0
2544,3295,0
2561,3336,1
2582,3134,0
2582,3138,0
2586,3158,0
2601,3196,0
2610,3228,0
2621,3262,0
2631,3284,0
2642,3296,0
2650,3296,0
2659,3287,0
2666,3266,0
2675,3239,0
2678,3206,0
2685,3179,0
2695,3169,0
2705,3169,0
2722,3187,0
2740,3218,0
2755,3251,0
2760,3275,0
2767,3289,1
2912,3142,0
2922,3144,0
2922,3140,0
2916,3129,0
2898,3117,0
2881,3114,0
2856,3115,0
2838,3135,0
2825,3175,0
2829,3219,0
2842,3257,0
2862,3288,0
2881,3300,0
2902,3287,0
2924,3252,0
2935,3194,0
2943,3132,0
2941,3071,0
2935,3023,0
2929,2989,0
2922,2970,0
2922,2970,0
2920,2999,0
2928,3061,0
2946,3139,0
2966,3206,0
2989,3255,0
3010,3283,0
3025,3288,1
3167,3137,0
3172,3172,0
3177,3211,0
3180,3245,0
3186,3274,0
3191,3290,0
3192,3289,0
3192,3274,0
3190,3243,0
3187,3205,0
3186,3168,0
3191,3134,0
3196,3107,0
3211,3091,0
3231,3080,0
3255,3077,0
3274,3078,1
3407,3097,0
3419,3103,0
3421,3100,0
3422,3090,0
3419,3077,0
3409,3064,0
3395,3055,0
3381,3056,0
3366,3069,0
3349,3093,0
3334,3128,0
3332,3170,0
3337,3216,0
3356,3257,0
3378,3285,0
3397,3286,0
3419,3270,0
3435,3227,0
3450,3181,0
3455,3141,0
3451,3113,0
3450,3109,0
3451,3117,0
3451,3148,0
3458,3189,0
3471,3230,0
3484,3266,0
3503,3296,0
3520,3308,1
3596,3153,0
3604,3163,0
3604,3168,0
3607,3182,0
3605,3198,0
3604,3220,0
3610,3235,0
3618,3245,0
3622,3247,0
3630,3245,0
3639,3238,0
3645,3218,0
3655,3188,0
3666,3157,0
3677,3127,0
3684,3109,0
3699,3107,0
3711,3118,0
3725,3149,0
3739,3200,0
3749,3255,0
3758,3300,0
3770,3332,0
3788,3332,0
3810,3325,1
4036,2893,0
4041,2900,0
4047,2910,0
4049,2932,0
4048,2961,0
4055,3003,0
4055,3042,0
4064,3097,0
4074,3155,0
4089,3214,0
4102,3256,0
4111,3280,0
4116,3281,0
4128,3264,0
4140,3230,0
4151,3191,0
4164,3154,0
4176,3130,0
4189,3116,0
4211,3117,0
4229,3127,0
4244,3152,0
4261,3197,0
4270,3246,0
4280,3287,0
4289,3312,0
4302,3316,0
4311,3306,0
4316,3274,1
4344,3101,0
4344,3101,0
4349,3115,0
4355,3144,0
4364,3182,0
4374,3224,0
4386,3257,0
4396,3276,0
4408,3280,1
4354,3006,0
4360,3011,0
4357,3008,0
4353,3007,0
4355,3006,1
4498,3139,0
4497,3127,0
4495,3113,0
4487,3103,0
4477,3095,0
4471,3098,0
4463,3106,0
4463,3124,0
4461,3138,0
4468,3160,0
4480,3184,0
4493,3205,0
4514,3235,0
4530,3266,0
4541,3296,0
4551,3327,0
4553,3342,0
4545,3344,0
4529,3344,0
4513,3338,0
4494,3334,1
4770,2982,0
4775,2969,0
4774,2951,0
4767,2933,0
4758,2919,0
4745,2910,0
4736,2909,0
4726,2914,0
4722,2934,0
4718,2965,0
4720,3013,0
4724,3074,0
4737,3146,0
4752,3216,0
4766,3281,0
4776,3337,0
4788,3373,1
4664,3160,0
4667,3163,0
4671,3170,0
4678,3175,0
4695,3178,0
4716,3179,0
4737,3179,0
4763,3178,0
4784,3179,0
4803,3180,0
4816,3171,0
4825,3152,0
4836,3139,1
4871,3107,0
4879,3117,0
4877,3125,0
4874,3136,0
4870,3153,0
4871,3177,0
4880,3206,0
4891,3230,0
4900,3250,1
4864,2989,0
4871,2989,0
4875,2996,0
4876,3001,0
4877,3006,1
4954,3157,0
4958,3172,0
4959,3182,0
4958,3190,0
4958,3197,0
4958,3204,0
4961,3205,0
4967,3205,0
4975,3202,0
4984,3197,0
4987,3185,0
4995,3168,0
5006,3148,0
5014,3131,0
5023,3117,0
5034,3117,0
5045,3128,0
5054,3144,0
5064,3170,0
5074,3204,0
5079,3230,0
5085,3248,0
5101,3253,0
5111,3235,0
5120,3216,1
5224,3156,0
5238,3170,0
5243,3170,0
5245,3155,0
5234,3127,0
5222,3097,0
5204,3072,0
5192,3069,0
5179,3074,0
5172,3098,0
5175,3128,0
5186,3161,0
5204,3189,0
5224,3209,0
5240,3216,0
5253,3218,0
5264,3209,0
5269,3195,0
5266,3173,0
5257,3151,0
5257,3137,0
5251,3132,0
5249,3135,0
5244,3156,0
5246,3193,0
5253,3245,0
5256,3300,0
5260,3356,0
5259,3409,0
5251,3445,0
5247,3471,0
5237,3477,0
5219,3466,0
5209,3447,0
5195,3414,0
5187,3385,0
5185,3349,1
5327,3163,0
5338,3182,0
5344,3194,0
5352,3197,0
5362,3189,0
5376,3178,0
5384,3158,0
5392,3139,0
5391,3120,0
5392,3111,0
5386,3105,0
5374,3102,0
5360,3109,0
5351,3129,0
5350,3158,0
5354,3187,0
5372,3224,0
5392,3250,0
5414,3269,0
5448,3263,0
5459,3232,0
5477,3200,0
5491,3172,0
5504,3146,1
5522,3112,0
5528,3132,0
5533,3159,0
5537,3182,0
5542,3204,0
5542,3218,0
5542,3225,0
5547,3225,0
5545,3221,0
5546,3206,0
5548,3188,0
5558,3165,0
5562,3144,0
5573,3120,0
5586,3102,0
5609,3096,0
5627,3098,0
5648,3103,0
5699,3088,1
6015,3124,0
6023,3119,0
6025,3109,0
6017,3096,0
6005,3086,0
5982,3078,0
5952,3083,0
5924,3105,0
5907,3140,0
5900,3181,0
5907,3223,0
5931,3259,0
5961,3273,0
5988,3259,0
6020,3224,0
6044,3168,0
6059,3104,0
6065,3040,0
6061,2989,0
6056,2950,0
6043,2924,0
6037,2918,0
6029,2941,0
6025,2997,0
6030,3077,0
6041,3152,0
6063,3214,0
6084,3249,0
6102,3257,1
6188,3138,0
6204,3150,0
6220,3153,0
6225,3146,0
6225,3131,0
6224,3107,0
6210,3092,0
6196,3085,0
6174,3091,0
6159,3116,0
6148,3158,0
6148,3213,0
6161,3262,0
6186,3297,0
6215,3311,0
6246,3306,0
6265,3283,0
6276,3249,0
6273,3214,0
6258,3184,0
6244,3163,1
6314,3144,0
6314,3145,0
6312,3146,0
6309,3160,0
6309,3185,0
6309,3216,0
6318,3248,0
6334,3267,0
6344,3276,0
6357,3277,0
6367,3260,0
6375,3223,0
6378,3177,0
6372,3137,0
6364,3112,0
6362,3107,0
6358,3115,0
6363,3139,0
6372,3170,0
6398,3198,0
6413,3221,0
6429,3232,0
6439,3230,0
6445,3214,0
6447,3184,1
6496,3129,0
6497,3136,0
6503,3141,0
6503,3149,0
6493,3159,0
6493,3183,0
6493,3209,0
6495,3230,0
6502,3243,0
6511,3242,0
6520,3234,0
6536,3214,0
6551,3186,0
6567,3159,0
6580,3135,0
6587,3129,0
6595,3131,0
6606,3152,0
6618,3190,0
6627,3240,0
6637,3271,1