To copulate is natural, to
729
584,1376,0
587,1394,0
583,1388,0
581,1387,0
581,1387,0
581,1387,0
581,1396,0
575,1415,0
569,1455,0
564,1505,0
559,1558,0
553,1616,0
548,1682,0
545,1749,0
541,1802,0
540,1853,0
540,1882,0
545,1892,0
554,1903,0
563,1902,0
567,1891,1
401,1445,0
400,1443,0
400,1440,0
403,1441,0
415,1438,0
438,1428,0
472,1413,0
513,1384,0
557,1369,0
600,1352,0
639,1346,0
671,1340,0
699,1341,0
718,1334,0
738,1344,0
744,1351,0
743,1367,1
807,1648,0
808,1648,0
811,1652,0
813,1649,0
817,1650,0
815,1641,0
813,1633,0
803,1615,0
794,1609,0
781,1603,0
768,1604,0
752,1609,0
735,1625,0
721,1646,0
711,1673,0
708,1705,0
714,1748,0
725,1774,0
740,1790,0
760,1797,0
779,1793,0
796,1775,0
810,1750,0
821,1716,0
827,1676,0
827,1639,0
822,1618,0
814,1613,0
807,1607,0
805,1607,0
810,1612,0
810,1608,0
821,1606,0
846,1607,0
874,1582,0
910,1559,0
941,1534,1
1337,1602,0
1336,1598,0
1339,1590,0
1340,1569,0
1339,1549,0
1337,1537,0
1324,1519,0
1313,1512,0
1299,1511,0
1281,1514,0
1261,1525,0
1240,1547,0
1217,1582,0
1201,1635,0
1196,1693,0
1202,1732,0
1216,1746,0
1245,1756,0
1278,1752,0
1313,1727,0
1352,1693,0
1392,1652,0
1428,1603,0
1460,1553,0
1489,1520,0
1507,1503,0
1523,1493,0
1534,1485,0
1545,1486,0
1549,1488,0
1547,1489,0
1549,1493,0
1547,1493,0
1547,1493,0
1543,1491,0
1542,1491,0
1537,1488,0
1523,1489,0
1505,1495,0
1485,1509,0
1465,1540,0
1447,1582,0
1438,1629,0
1438,1667,0
1450,1688,0
1469,1696,0
1494,1693,0
1520,1678,0
1545,1654,0
1566,1622,0
1578,1584,0
1580,1550,0
1578,1533,0
1572,1522,0
1562,1514,0
1558,1511,0
1556,1508,0
1558,1507,0
1560,1506,0
1563,1505,0
1580,1503,0
1601,1495,0
1626,1480,0
1648,1462,0
1669,1448,0
1676,1441,0
1676,1441,0
1677,1445,0
1672,1447,0
1670,1457,0
1660,1500,0
1646,1558,0
1636,1631,0
1629,1705,0
1628,1769,0
1631,1807,0
1631,1815,0
1632,1814,0
1631,1811,0
1633,1806,0
1633,1780,0
1633,1730,0
1638,1669,0
1640,1608,0
1645,1559,0
1651,1521,0
1661,1491,0
1674,1472,0
1691,1460,0
1703,1455,0
1715,1457,0
1726,1470,0
1727,1496,0
1724,1541,0
1711,1582,0
1697,1615,0
1679,1644,0
1667,1662,0
1664,1667,0
1662,1664,0
1664,1663,0
1665,1658,0
1684,1647,0
1705,1620,0
1737,1594,0
1771,1568,0
1800,1544,0
1828,1525,0
1853,1505,0
1872,1481,0
1888,1457,0
1901,1443,0
1903,1442,0
1903,1442,0
1901,1444,0
1901,1448,0
1896,1452,0
1890,1484,0
1882,1527,0
1870,1565,0
1865,1599,0
1867,1617,0
1879,1629,0
1894,1631,0
1916,1622,0
1942,1598,0
1969,1566,0
1990,1529,0
2008,1492,0
2027,1459,0
2035,1433,0
2037,1426,0
2041,1428,0
2038,1430,0
2037,1442,0
2036,1482,0
2022,1522,0
2019,1567,0
2019,1601,0
2032,1621,0
2050,1628,0
2081,1627,0
2114,1608,0
2152,1576,0
2188,1532,0
2224,1485,0
2251,1435,0
2275,1391,0
2289,1348,0
2293,1309,0
2301,1276,0
2299,1242,0
2297,1215,0
2289,1205,0
2281,1202,0
2277,1207,0
2266,1231,0
2248,1274,0
2228,1330,0
2210,1390,0
2197,1446,0
2199,1496,0
2201,1537,0
2209,1571,0
2225,1599,0
2247,1618,0
2274,1626,0
2303,1628,0
2328,1623,1
2582,1483,0
2582,1478,0
2577,1466,0
2577,1454,0
2570,1436,0
2567,1423,0
2557,1408,0
2548,1400,0
2540,1399,0
2529,1398,0
2523,1406,0
2507,1430,0
2487,1464,0
2470,1505,0
2459,1540,0
2456,1560,0
2461,1572,0
2473,1578,0
2492,1575,0
2524,1558,0
2560,1527,0
2590,1494,0
2613,1467,0
2618,1455,0
2622,1457,0
2620,1458,0
2622,1462,0
2610,1488,0
2598,1520,0
2595,1549,0
2596,1565,0
2606,1572,0
2620,1573,0
2646,1563,0
2677,1540,0
2714,1509,0
2748,1467,0
2780,1416,0
2818,1364,0
2840,1316,0
2859,1277,0
2871,1242,0
2885,1212,0
2890,1187,0
2892,1175,0
2893,1175,0
2892,1175,0
2891,1184,0
2874,1223,0
2852,1281,0
2830,1351,0
2811,1429,0
2794,1491,0
2797,1533,0
2806,1560,0
2815,1580,0
2830,1593,1
2844,1470,0
2844,1470,0
2837,1468,0
2841,1469,0
2844,1472,0
2859,1484,0
2877,1494,0
2901,1496,0
2931,1488,0
2968,1469,0
3002,1441,0
3030,1404,0
3056,1363,0
3069,1327,0
3069,1311,0
3058,1312,0
3039,1329,0
3007,1367,0
2977,1414,0
2955,1467,0
2948,1505,0
2963,1526,0
2992,1534,0
3032,1524,0
3083,1508,1
3525,1534,0
3518,1532,0
3521,1526,0
3529,1520,0
3539,1501,0
3557,1476,0
3576,1440,0
3596,1399,0
3616,1359,0
3635,1327,0
3642,1310,0
3643,1310,0
3643,1310,0
3641,1313,0
3638,1329,0
3632,1380,0
3619,1435,0
3617,1483,0
3617,1510,0
3619,1513,0
3626,1508,1
3637,1146,0
3627,1138,0
3614,1126,0
3615,1124,0
3615,1124,0
3612,1123,0
3611,1125,0
3616,1134,0
3620,1155,1
3740,1366,0
3754,1364,0
3774,1358,0
3797,1345,0
3813,1329,0
3827,1316,0
3834,1311,0
3830,1310,0
3822,1309,0
3806,1315,0
3785,1332,0
3761,1358,0
3737,1382,0
3719,1401,0
3715,1418,0
3719,1430,0
3728,1440,0
3746,1448,0
3764,1455,0
3778,1466,0
3781,1476,0
3779,1498,0
3769,1527,0
3752,1553,0
3731,1575,0
3714,1590,0
3699,1593,0
3698,1587,0
3704,1565,1
4032,1536,0
4035,1538,0
4036,1537,0
4036,1536,0
4041,1534,0
4049,1527,0
4063,1504,0
4082,1473,0
4104,1433,0
4127,1385,0
4147,1345,0
4170,1319,0
4183,1308,0
4191,1307,0
4195,1310,0
4198,1324,0
4197,1360,0
4191,1409,0
4183,1461,0
4177,1495,0
4178,1503,0
4174,1502,0
4174,1500,0
4182,1493,0
4192,1460,0
4206,1414,0
4228,1369,0
4249,1336,0
4266,1312,0
4284,1299,0
4299,1291,0
4308,1289,0
4308,1289,0
4314,1299,0
4314,1323,0
4309,1357,0
4309,1394,0
4307,1432,0
4311,1464,0
4322,1479,0
4338,1484,0
4356,1481,0
4378,1469,0
4398,1451,0
4415,1428,0
4439,1409,0
4453,1396,0
4464,1389,0
4473,1385,1
4582,1316,0
4578,1315,0
4582,1315,0
4583,1314,0
4579,1310,0
4583,1300,0
4583,1286,0
4576,1271,0
4566,1261,0
4554,1259,0
4544,1265,0
4526,1281,0
4509,1305,0
4491,1336,0
4476,1380,0
4466,1430,0
4469,1466,0
4480,1481,0
4496,1487,0
4514,1483,0
4538,1465,0
4563,1433,0
4586,1392,0
4603,1353,0
4613,1325,0
4615,1319,0
4614,1319,0
4610,1321,0
4608,1339,0
4601,1370,0
4599,1402,0
4600,1435,0
4613,1456,0
4624,1462,0
4646,1462,0
4668,1448,0
4690,1421,0
4716,1383,0
4736,1336,0
4760,1281,0
4782,1224,0
4802,1179,0
4820,1145,0
4828,1116,0
4838,1088,0
4839,1068,0
4837,1063,0
4836,1064,0
4831,1066,0
4822,1089,0
4813,1126,0
4792,1172,0
4780,1233,0
4772,1297,0
4768,1353,0
4764,1403,0
4766,1446,0
4765,1472,0
4772,1486,0
4772,1488,0
4773,1487,0
4773,1486,0
4772,1477,0
4763,1455,0
4757,1435,1
4736,1397,0
4732,1385,0
4727,1375,0
4728,1370,0
4727,1363,0
4738,1356,0
4743,1351,0
4758,1346,0
4776,1340,0
4796,1331,0
4821,1318,0
4847,1299,0
4874,1281,0
4895,1263,0
4912,1249,0
4917,1247,0
4920,1250,0
4920,1253,0
4913,1259,0
4909,1289,0
4894,1325,0
4880,1368,0
4871,1409,0
4866,1438,0
4878,1453,0
4896,1462,0
4920,1455,0
4950,1439,0
4980,1412,0
5006,1382,0
5029,1347,0
5043,1315,0
5047,1299,0
5047,1298,0
5047,1298,0
5050,1304,0
5045,1305,0
5041,1322,0
5033,1360,0
5035,1397,0
5042,1426,0
5062,1445,0
5080,1452,0
5106,1450,0
5136,1435,0
5163,1414,0
5189,1385,0
5207,1353,0
5215,1322,0
5220,1305,0
5217,1300,0
5216,1303,0
5216,1305,0
5214,1312,0
5204,1347,0
5197,1387,0
5192,1416,0
5191,1434,0
5194,1438,0
5197,1438,0
5195,1435,0
5197,1425,0
5204,1390,0
5207,1348,0
5209,1317,0
5206,1296,0
5200,1285,0
5202,1282,0
5205,1283,0
5206,1281,0
5221,1274,0
5243,1268,0
5273,1263,0
5308,1255,0
5342,1247,0
5370,1240,0
5400,1234,0
5421,1229,0
5434,1226,0
5431,1225,0
5430,1228,0
5430,1229,0
5421,1233,0
5402,1243,0
5380,1261,0
5357,1286,0
5330,1314,0
5310,1341,0
5303,1364,0
5300,1376,0
5303,1382,0
5313,1385,0
5331,1382,0
5356,1366,0
5384,1343,0
5404,1316,0
5423,1291,0
5436,1273,0
5441,1269,0
5436,1269,0
5436,1273,0
5433,1283,0
5419,1317,0
5414,1354,0
5406,1385,0
5416,1407,0
5429,1420,0
5453,1424,0
5484,1416,0
5519,1396,0
5559,1370,0
5588,1339,0
5617,1305,0
5639,1268,0
5660,1233,0
5668,1198,0
5678,1166,0
5680,1137,0
5677,1112,0
5678,1091,0
5677,1072,0
5672,1056,0
5666,1047,0
5662,1045,0
5653,1049,0
5638,1068,0
5613,1108,0
5582,1156,0
5559,1208,0
5543,1254,0
5541,1295,0
5549,1327,0
5564,1353,0
5584,1369,0
5606,1377,0
5639,1377,0
5673,1375,0
5704,1368,0
5721,1363,0
5735,1361,0
5740,1360,0
5735,1359,0
5735,1359,0
5735,1360,0
5731,1359,0
5728,1358,0
5715,1358,0
5706,1358,1
5902,1356,0
5897,1354,0
5901,1355,0
5897,1354,0
5897,1358,0
5894,1369,0
5890,1399,0
5882,1442,0
5863,1502,0
5856,1570,0
5854,1616,0
5855,1628,0
5862,1620,1
6095,1338,0
6095,1337,0
6092,1331,0
6098,1323,0
6109,1295,0
6127,1264,0
6149,1224,0
6174,1176,0
6197,1122,0
6227,1071,0
6251,1027,0
6271,1003,0
6276,996,0
6280,994,0
6280,995,0
6275,1001,0
6274,1030,0
6263,1075,0
6243,1137,0
6222,1206,0
6213,1268,0
6216,1308,0
6223,1331,0
6229,1342,0
6232,1344,1
6214,1264,0
6208,1249,0
6198,1238,0
6201,1229,0
6203,1220,0
6218,1205,0
6237,1193,0
6259,1182,0
6289,1175,0
6327,1166,0
6361,1159,0
6396,1148,0
6418,1141,0
6442,1139,0
6450,1141,0
6449,1143,0
6440,1148,0
6426,1160,0
6401,1182,0
6371,1213,0
6341,1242,0
6327,1268,0
6323,1288,0
6329,1299,0
6348,1305,0
6369,1304,0
6396,1294,0
6423,1276,0
6444,1256,0
6466,1231,0
6473,1211,0
6473,1194,0
6471,1182,0
6460,1175,0
6445,1169,0
6432,1168,0
6437,1170,0
6441,1167,0
6441,1165,0
6463,1156,0
6503,1136,0
6548,1119,0
6586,1108,0
6608,1100,1