Correct, ducky! Your just wait till
714
979,1950,0
978,1949,0
972,1945,0
964,1945,0
950,1949,0
928,1955,0
899,1964,0
866,1980,0
829,2000,0
789,2030,0
751,2065,0
723,2101,0
704,2134,0
697,2160,0
700,2189,0
714,2217,0
740,2238,0
780,2252,0
832,2263,0
890,2268,0
949,2277,0
1000,2275,0
1045,2268,0
1083,2249,0
1114,2233,1
1183,2106,0
1182,2102,0
1180,2098,0
1182,2102,0
1180,2102,0
1179,2103,0
1175,2099,0
1168,2099,0
1158,2099,0
1143,2099,0
1129,2104,0
1117,2116,0
1102,2133,0
1085,2149,0
1074,2169,0
1071,2185,0
1078,2201,0
1094,2212,0
1115,2217,0
1141,2216,0
1165,2203,0
1186,2194,0
1197,2181,0
1202,2169,0
1199,2149,0
1188,2130,0
1173,2115,0
1163,2116,0
1153,2120,0
1145,2123,0
1146,2132,0
1155,2139,0
1168,2142,1
1254,2121,0
1257,2128,0
1259,2140,0
1263,2157,0
1267,2172,0
1271,2180,0
1274,2188,0
1276,2191,0
1278,2195,0
1279,2195,0
1276,2188,0
1274,2180,0
1268,2156,0
1266,2132,0
1269,2116,0
1274,2111,0
1279,2102,0
1295,2104,0
1311,2103,0
1328,2108,0
1339,2111,1
1375,2111,0
1375,2111,0
1380,2118,0
1385,2130,0
1388,2145,0
1388,2153,0
1391,2164,0
1391,2169,0
1391,2169,0
1392,2169,0
1393,2168,0
1391,2160,0
1384,2142,0
1380,2121,0
1384,2109,0
1385,2101,0
1387,2101,0
1392,2100,0
1402,2098,0
1415,2099,0
1424,2099,1
1556,2140,0
1563,2135,0
1579,2122,0
1596,2109,0
1613,2101,0
1625,2089,0
1632,2079,0
1635,2069,0
1626,2055,0
1610,2051,0
1588,2058,0
1560,2069,0
1541,2090,0
1536,2108,0
1539,2120,0
1549,2129,0
1573,2144,0
1602,2141,0
1655,2147,0
1713,2150,0
1769,2152,1
1885,2060,0
1876,2055,0
1864,2056,0
1843,2060,0
1820,2075,0
1795,2096,0
1773,2113,0
1771,2126,0
1782,2135,0
1804,2140,0
1836,2141,0
1871,2140,0
1901,2136,1
1969,1925,0
1967,1926,0
1971,1938,0
1970,1952,0
1978,1978,0
1979,2005,0
1983,2038,0
1987,2072,0
1997,2103,0
2001,2123,0
2010,2145,0
2014,2157,0
2019,2163,1
1940,2041,0
1943,2035,0
1954,2030,0
1975,2029,0
1998,2022,0
2031,2023,0
2066,2024,0
2088,2020,0
2106,2024,1
2219,2103,0
2220,2111,0
2223,2133,0
2222,2152,0
2217,2164,0
2222,2175,0
2221,2180,0
2231,2193,0
2237,2193,1
2644,2022,0
2639,2020,0
2635,2019,0
2630,2017,0
2620,2015,0
2608,2015,0
2590,2014,0
2567,2012,0
2548,2017,0
2531,2026,0
2507,2034,0
2492,2050,0
2486,2065,0
2495,2082,0
2505,2091,0
2528,2099,0
2554,2099,0
2574,2089,0
2598,2075,0
2624,2058,0
2639,2031,0
2651,2000,0
2656,1964,0
2654,1923,0
2651,1892,0
2647,1875,0
2641,1870,0
2634,1870,0
2632,1872,0
2632,1884,0
2636,1906,0
2642,1938,0
2649,1975,0
2656,2011,0
2663,2041,0
2672,2065,0
2680,2079,0
2692,2091,0
2699,2095,0
2708,2099,0
2712,2094,1
2753,1984,0
2753,1985,0
2748,1988,0
2743,2004,0
2743,2026,0
2748,2047,0
2755,2058,0
2768,2067,0
2775,2067,0
2791,2067,0
2806,2060,0
2816,2046,0
2825,2025,0
2827,1997,0
2830,1977,0
2829,1972,0
2830,1977,0
2825,1987,0
2826,2003,0
2832,2019,0
2838,2031,0
2844,2042,0
2853,2054,0
2858,2066,0
2871,2082,1
2992,1949,0
2991,1950,0
2981,1949,0
2961,1947,0
2941,1951,0
2920,1960,0
2906,1976,0
2900,1993,0
2903,2007,0
2910,2017,0
2928,2027,0
2951,2032,0
2983,2034,0
3018,2032,0
3048,2030,0
3064,2024,0
3081,2011,1
3076,1866,0
3079,1869,0
3078,1870,0
3076,1879,0
3081,1898,0
3074,1918,0
3066,1945,0
3073,1980,0
3062,2004,0
3058,2024,0
3058,2037,0
3064,2043,0
3064,2042,0
3066,2034,0
3081,2019,0
3094,1991,0
3117,1959,0
3132,1930,0
3145,1915,0
3149,1911,0
3153,1913,0
3153,1918,0
3144,1928,0
3136,1943,0
3134,1958,1
3120,1986,0
3119,1994,0
3129,2007,0
3132,2016,0
3138,2021,0
3151,2025,0
3162,2024,0
3172,2019,0
3187,2014,0
3199,2000,0
3215,1981,0
3228,1954,0
3233,1929,1
3236,1918,0
3224,1920,0
3217,1929,0
3207,1940,0
3204,1958,0
3202,1978,0
3211,1999,0
3222,2016,0
3233,2027,0
3245,2032,0
3259,2034,0
3271,2031,0
3277,2019,0
3284,1999,0
3291,1978,0
3298,1970,0
3294,1968,0
3292,1976,0
3294,1999,0
3294,2036,0
3298,2074,0
3305,2116,0
3314,2160,0
3313,2202,0
3307,2245,0
3298,2278,0
3283,2299,0
3261,2311,0
3236,2313,0
3224,2314,0
3210,2305,0
3201,2292,0
3192,2272,0
3186,2250,0
3192,2233,0
3202,2227,1
3511,1766,0
3510,1767,0
3508,1769,0
3512,1780,0
3515,1803,0
3514,1833,0
3520,1867,0
3518,1896,0
3523,1924,0
3527,1947,0
3528,1966,0
3527,1979,0
3527,1986,0
3527,1986,0
3528,1985,0
3528,1985,0
3529,1985,0
3530,1983,0
3531,1981,0
3534,1978,0
3535,1976,1
3506,2042,0
3501,2041,0
3501,2041,0
3502,2040,0
3506,2041,0
3507,2041,0
3510,2041,0
3514,2043,0
3514,2043,0
3515,2043,0
3519,2044,0
3524,2045,0
3522,2039,1
3826,1797,0
3824,1795,0
3826,1797,0
3824,1800,0
3826,1812,0
3826,1829,0
3834,1853,0
3845,1874,0
3852,1885,0
3870,1896,0
3883,1896,0
3899,1893,0
3912,1880,0
3926,1863,0
3938,1843,0
3950,1822,0
3958,1810,0
3956,1805,0
3958,1809,0
3957,1820,0
3960,1846,0
3963,1880,0
3971,1920,0
3972,1959,0
3967,1996,0
3966,2036,0
3964,2075,0
3950,2102,0
3933,2119,0
3909,2127,0
3877,2125,0
3839,2109,0
3826,2092,0
3824,2067,0
3827,2041,0
3846,2021,0
3872,2002,1
4034,1885,0
4032,1889,0
4029,1895,0
4023,1905,0
4015,1919,0
4008,1937,0
4015,1956,0
4026,1970,0
4044,1979,0
4068,1984,0
4085,1980,0
4095,1971,0
4106,1961,0
4107,1944,0
4097,1920,0
4083,1896,0
4069,1882,0
4047,1878,0
4031,1883,0
4023,1889,0
4028,1896,1
4143,1865,0
4133,1865,0
4130,1872,0
4127,1884,0
4126,1903,0
4131,1926,0
4141,1948,0
4144,1959,0
4157,1968,0
4165,1971,0
4172,1967,0
4182,1956,0
4194,1936,0
4203,1905,0
4202,1873,0
4206,1857,0
4203,1855,0
4203,1862,0
4201,1874,0
4200,1893,0
4203,1913,0
4210,1931,0
4220,1947,0
4230,1954,0
4239,1954,0
4248,1947,0
4261,1933,0
4273,1909,0
4286,1877,0
4298,1855,0
4299,1852,0
4299,1862,0
4291,1876,0
4287,1892,0
4289,1905,0
4290,1912,0
4293,1915,1
4637,1828,0
4636,1829,0
4637,1836,0
4643,1852,0
4648,1879,0
4655,1919,0
4659,1966,0
4658,2011,0
4662,2056,0
4659,2095,0
4650,2129,0
4642,2153,0
4630,2165,0
4608,2163,0
4576,2147,0
4544,2113,0
4524,2076,0
4519,2035,0
4536,1996,0
4567,1961,0
4603,1926,0
4642,1899,0
4672,1884,0
4684,1877,0
4704,1883,1
4741,1831,0
4739,1826,0
4743,1829,0
4739,1836,0
4734,1857,0
4726,1884,0
4731,1908,0
4742,1923,0
4754,1926,0
4764,1923,0
4778,1913,0
4789,1900,0
4789,1878,0
4787,1855,0
4793,1842,0
4786,1839,0
4791,1847,0
4785,1861,0
4789,1880,0
4794,1897,0
4807,1908,0
4817,1914,0
4830,1917,0
4835,1914,0
4839,1905,0
4847,1889,0
4854,1862,0
4863,1833,0
4881,1822,0
4893,1824,0
4912,1840,0
4910,1855,0
4912,1872,0
4918,1885,0
4915,1894,0
4915,1901,0
4906,1904,0
4904,1908,0
4899,1908,0
4895,1900,0
4902,1883,1
4997,1699,0
4997,1686,0
4998,1672,0
5005,1665,0
5006,1664,0
5004,1671,0
5009,1688,0
5004,1713,0
4998,1749,0
4984,1784,0
4977,1820,0
4989,1854,0
4992,1877,0
4998,1893,0
5004,1900,0
5011,1902,0
5018,1896,1
4960,1780,0
4961,1766,0
4987,1757,0
5008,1747,0
5040,1740,0
5067,1738,0
5076,1737,0
5088,1739,0
5088,1739,1
4657,1764,0
4659,1761,0
4661,1755,0
4667,1751,0
4678,1748,1
5466,1770,0
5460,1775,0
5456,1797,0
5447,1833,0
5448,1874,0
5443,1907,0
5450,1925,0
5457,1927,0
5472,1920,0
5487,1906,0
5507,1886,0
5523,1857,0
5540,1825,0
5544,1791,0
5549,1774,0
5542,1768,0
5544,1778,0
5537,1796,0
5536,1821,0
5545,1845,0
5561,1869,0
5581,1886,0
5602,1896,0
5619,1899,0
5634,1892,0
5639,1877,0
5647,1856,0
5648,1829,0
5646,1801,0
5641,1780,0
5635,1772,0
5631,1770,0
5639,1774,1
5839,1806,0
5838,1797,0
5832,1788,0
5827,1780,0
5825,1771,0
5816,1762,0
5805,1756,0
5790,1753,0
5770,1760,0
5740,1774,0
5714,1800,0
5709,1827,0
5705,1850,0
5715,1867,0
5729,1877,0
5748,1882,0
5770,1882,0
5786,1874,0
5799,1861,0
5811,1838,0
5817,1808,0
5822,1781,0
5827,1768,0
5822,1767,0
5824,1778,0
5817,1798,0
5817,1824,0
5821,1845,0
5836,1862,0
5849,1874,0
5864,1879,0
5871,1882,0
5886,1877,1
5917,1761,0
5913,1763,0
5911,1769,0
5914,1784,0
5918,1812,0
5914,1836,0
5916,1853,0
5914,1861,1
5883,1698,0
5874,1687,0
5875,1681,0
5876,1679,0
5881,1680,1
6000,1616,0
6001,1617,0
6007,1625,0
6003,1636,0
6005,1657,0
6000,1687,0
5995,1730,0
5990,1772,0
5989,1811,0
5988,1842,0
5992,1865,0
5993,1874,0
6002,1874,1
5983,1741,0
5988,1737,0
6007,1732,0
6040,1733,0
6078,1732,0
6108,1732,0
6121,1730,0
6133,1729,0
6141,1731,1
6333,1647,0
6334,1660,0
6324,1679,0
6319,1710,0
6310,1751,0
6305,1797,0
6309,1839,0
6306,1872,0
6321,1894,0
6321,1903,0
6324,1906,0
6322,1901,0
6317,1889,1
6230,1783,0
6237,1773,0
6264,1766,0
6298,1765,0
6344,1764,0
6389,1768,0
6420,1774,0
6447,1783,0
6457,1796,0
6459,1815,0
6453,1832,0
6454,1844,0
6459,1855,0
6457,1862,0
6463,1869,0
6463,1870,0
6466,1871,1
6461,1708,0
6453,1693,0
6454,1688,0
6452,1683,0
6452,1681,1
6547,1623,0
6546,1626,0
6545,1633,0
6548,1650,0
6540,1677,0
6536,1722,0
6526,1771,0
6533,1817,0
6536,1851,0
6540,1878,0
6541,1899,0
6548,1907,0
6551,1908,1
6637,1643,0
6632,1646,0
6630,1652,0
6623,1662,0
6614,1681,0
6605,1713,0
6609,1758,0
6609,1799,0
6616,1835,0
6624,1863,0
6626,1882,0
6632,1891,0
6632,1891,0
6636,1891,0
6637,1887,0
6639,1881,0
6645,1877,1