cushions and brought her face very
678
723,4016,0
719,4012,0
718,4004,0
714,3999,0
705,3990,0
688,3993,0
664,4003,0
635,4023,0
605,4051,0
583,4093,0
573,4136,0
576,4169,0
593,4187,0
617,4198,0
648,4197,0
675,4196,0
700,4183,1
745,4014,0
740,4017,0
741,4022,0
742,4038,0
743,4070,0
746,4099,0
755,4123,0
767,4144,0
784,4153,0
799,4150,0
814,4140,0
827,4113,0
836,4089,0
842,4065,0
846,4050,0
846,4046,0
844,4046,0
840,4053,0
837,4077,0
842,4102,0
856,4122,0
877,4135,0
900,4145,0
917,4137,0
935,4126,1
1034,3981,0
1030,3969,0
1027,3964,0
1018,3960,0
1001,3964,0
984,3967,0
964,3978,0
950,3995,0
945,4010,0
951,4018,0
970,4031,0
997,4044,0
1027,4052,0
1055,4068,0
1068,4085,0
1068,4101,0
1057,4128,0
1033,4148,0
1007,4160,0
980,4163,0
960,4159,1
1044,3824,0
1052,3832,0
1068,3852,0
1083,3892,0
1095,3928,0
1105,3969,0
1109,4008,0
1110,4044,0
1109,4076,0
1108,4104,0
1103,4116,0
1103,4116,0
1105,4109,0
1112,4088,0
1118,4052,0
1131,4028,0
1146,4012,0
1161,3996,0
1180,3991,0
1199,3991,0
1218,4006,0
1230,4022,0
1238,4049,0
1243,4073,0
1245,4101,0
1248,4117,0
1249,4125,0
1252,4129,0
1250,4116,1
1384,4017,0
1382,4017,0
1385,4024,0
1392,4040,0
1396,4056,0
1405,4075,0
1414,4090,0
1416,4098,0
1411,4106,1
1320,3877,0
1310,3861,0
1311,3853,0
1315,3841,0
1328,3836,1
1505,3969,0
1504,3969,0
1500,3969,0
1489,3962,0
1474,3956,0
1462,3957,0
1444,3966,0
1426,3988,0
1412,4018,0
1411,4058,0
1419,4086,0
1440,4100,0
1469,4105,0
1502,4098,0
1527,4091,0
1544,4073,0
1553,4051,0
1552,4024,0
1545,3993,0
1538,3969,0
1525,3954,0
1508,3952,0
1486,3959,0
1462,3978,0
1450,3995,1
1613,3991,0
1619,4003,0
1624,4027,0
1626,4046,0
1628,4070,0
1626,4082,0
1626,4090,0
1625,4091,0
1621,4083,0
1618,4064,0
1617,4039,0
1612,4012,0
1614,3988,0
1619,3970,0
1628,3961,0
1642,3959,0
1659,3957,0
1683,3969,0
1705,3981,0
1727,4006,0
1743,4032,1
1875,3950,0
1874,3946,0
1872,3930,0
1866,3915,0
1855,3909,0
1838,3913,0
1814,3921,0
1791,3937,0
1775,3954,0
1775,3965,0
1788,3975,0
1809,3983,0
1839,3998,0
1872,4007,0
1900,4022,0
1915,4036,0
1919,4051,0
1910,4065,0
1887,4077,0
1857,4096,0
1828,4106,0
1804,4111,0
1788,4097,0
1786,4085,0
1792,4068,1
2427,3931,0
2425,3927,0
2425,3918,0
2425,3910,0
2422,3894,0
2418,3879,0
2405,3862,0
2391,3858,0
2366,3859,0
2340,3877,0
2308,3900,0
2282,3937,0
2263,3969,0
2260,3990,0
2273,4012,0
2289,4015,0
2314,4015,0
2335,4012,0
2352,4003,0
2360,3988,0
2362,3970,0
2364,3952,0
2367,3934,0
2364,3923,0
2366,3927,0
2360,3928,0
2357,3951,0
2361,3974,0
2377,3995,0
2396,4005,0
2412,4008,0
2421,4000,0
2429,3993,0
2434,3979,0
2439,3960,0
2440,3935,0
2446,3920,0
2445,3907,0
2446,3911,0
2443,3912,0
2444,3933,0
2444,3950,0
2445,3958,0
2446,3962,0
2446,3962,0
2445,3958,0
2439,3947,0
2432,3929,0
2432,3907,0
2439,3884,0
2451,3867,0
2468,3856,0
2479,3843,0
2495,3838,0
2520,3853,0
2543,3878,0
2557,3903,0
2574,3944,0
2584,3987,0
2586,4017,0
2586,4037,1
2830,3942,0
2835,3932,0
2835,3909,0
2830,3894,0
2814,3875,0
2801,3872,0
2778,3865,0
2748,3861,0
2722,3873,0
2690,3887,0
2664,3916,0
2649,3952,0
2650,3991,0
2663,4016,0
2690,4035,0
2726,4046,0
2756,4041,0
2782,4030,0
2803,4012,0
2814,3981,0
2826,3940,1
2838,3851,0
2832,3800,0
2830,3765,0
2819,3740,0
2810,3726,0
2801,3717,0
2800,3718,0
2802,3721,0
2813,3743,0
2824,3777,0
2834,3817,0
2842,3866,0
2852,3918,0
2860,3969,0
2871,4016,0
2881,4047,1
3175,3694,0
3182,3698,0
3190,3716,0
3202,3755,0
3214,3808,0
3226,3863,0
3245,3916,0
3250,3950,0
3250,3983,0
3246,4008,0
3235,4014,0
3229,4017,0
3222,4007,0
3217,3988,0
3214,3957,0
3219,3930,0
3222,3896,0
3235,3875,0
3255,3855,0
3280,3844,0
3305,3839,0
3323,3846,0
3337,3866,0
3344,3895,0
3341,3925,0
3323,3954,0
3300,3986,0
3274,4010,0
3247,4026,0
3219,4027,0
3204,4022,0
3195,4004,0
3198,3974,0
3214,3953,0
3238,3939,0
3257,3928,0
3277,3925,1
3316,3935,0
3334,3942,0
3354,3954,0
3371,3976,0
3382,4002,0
3384,4024,0
3385,4043,0
3378,4051,0
3375,4053,0
3375,4053,0
3373,4041,0
3373,4013,0
3377,3978,0
3383,3946,0
3395,3925,0
3408,3907,0
3418,3892,0
3435,3880,0
3458,3875,0
3476,3869,1
3635,3878,0
3631,3875,0
3621,3867,0
3612,3865,0
3592,3859,0
3568,3865,0
3537,3882,0
3505,3916,0
3481,3951,0
3478,3986,0
3497,4012,0
3528,4024,0
3568,4029,0
3610,4024,0
3648,4014,0
3678,3999,0
3693,3974,0
3701,3954,0
3696,3928,0
3687,3910,0
3670,3902,0
3645,3901,0
3617,3910,0
3591,3918,0
3588,3924,1
3752,3889,0
3753,3893,0
3752,3904,0
3749,3925,0
3751,3953,0
3758,3977,0
3769,3989,0
3786,3991,0
3810,3984,1
3860,3918,0
3870,3896,0
3872,3884,0
3875,3887,0
3872,3890,0
3871,3911,0
3869,3937,0
3876,3961,0
3889,3976,0
3910,3986,0
3930,3986,0
3947,3979,1
4033,3948,0
4030,3940,0
4032,3928,0
4027,3911,0
4023,3900,0
4010,3885,0
3991,3875,0
3972,3879,0
3953,3888,0
3939,3909,0
3935,3937,0
3940,3949,0
3954,3957,0
3971,3954,0
3993,3949,0
4006,3934,0
4218,3743,0
4222,3739,0
4224,3743,0
4224,3749,0
4225,3769,0
4229,3798,0
4236,3823,0
4254,3849,0
4052,4049,0
4064,4075,0
4066,4104,0
4067,4133,0
4056,4157,0
4041,4177,0
4022,4187,0
4000,4184,0
3976,4171,0
3967,4143,0
3964,4095,0
3974,4048,1
4082,3749,0
4085,3752,0
4086,3766,0
4097,3799,0
4108,3831,0
4116,3861,0
4121,3892,0
4123,3918,0
4111,3942,0
4115,3950,0
4118,3946,0
4119,3935,0
4133,3915,0
4143,3884,0
4155,3865,0
4166,3856,0
4176,3853,0
4196,3857,0
4214,3862,0
4235,3876,0
4249,3900,0
4254,3923,0
4253,3945,0
4250,3963,1
4261,3747,0
4258,3740,0
4262,3736,0
4263,3735,0
4271,3744,0
4285,3774,0
4297,3811,0
4303,3843,0
4308,3877,0
4301,3904,0
4291,3928,0
4280,3943,0
4271,3945,0
4266,3945,0
4266,3938,0
4270,3920,0
4280,3901,0
4299,3884,0
4326,3871,0
4355,3857,0
4379,3841,1
4616,3705,0
4618,3703,0
4620,3712,0
4632,3733,0
4647,3764,0
4656,3800,0
4660,3840,0
4666,3880,0
4666,3935,0
4664,3948,0
4659,3952,0
4654,3952,0
4656,3928,0
4662,3906,0
4673,3884,0
4678,3872,0
4683,3863,0
4690,3860,0
4696,3860,0
4741,3880,0
4751,3898,0
4761,3920,0
4772,3932,0
4787,3935,0
4797,3936,0
4819,3925,0
4833,3906,0
4840,3888,0
4841,3870,0
4845,3847,0
4842,3834,0
4833,3825,0
4819,3822,0
4797,3829,0
4775,3851,0
4757,3880,0
4755,3909,0
4769,3929,0
4801,3943,0
4840,3950,0
4879,3950,0
4907,3940,0
4927,3935,0
4939,3923,0
4944,3918,0
4943,3908,0
4944,3907,0
4941,3910,0
4937,3913,0
4932,3918,0
4930,3926,0
4929,3927,0
4928,3923,0
4927,3913,0
4924,3898,0
4927,3873,0
4926,3844,0
4935,3818,0
4945,3795,0
4968,3771,0
4996,3746,1
5363,3614,0
5357,3588,0
5349,3572,0
5337,3561,0
5320,3558,0
5300,3563,0
5283,3579,0
5277,3612,0
5275,3652,0
5283,3698,0
5299,3747,0
5313,3798,0
5323,3854,0
5333,3909,0
5337,3953,0
5337,3988,0
5334,4010,0
5306,4005,0
5297,3981,1
5266,3870,0
5270,3853,0
5280,3831,0
5293,3810,0
5314,3797,0
5340,3792,0
5367,3790,0
5391,3793,1
5502,3829,0
5512,3829,0
5515,3826,0
5512,3822,0
5508,3814,0
5495,3805,0
5483,3795,0
5464,3793,0
5441,3796,0
5413,3811,0
5393,3834,0
5384,3863,0
5390,3881,0
5406,3893,0
5429,3896,0
5458,3887,0
5482,3872,0
5499,3858,0
5503,3846,0
5505,3838,0
5503,3834,0
5503,3834,0
5500,3837,0
5505,3851,0
5517,3874,0
5532,3892,0
5547,3906,0
5561,3907,0
5580,3904,1
5679,3832,0
5683,3821,0
5682,3810,0
5680,3800,0
5675,3793,0
5582,3857,0
5594,3875,0
5612,3883,0
5639,3889,0
5662,3886,1
5754,3840,0
5768,3843,0
5782,3838,0
5798,3823,0
5829,3789,0
5832,3773,0
5829,3769,0
5816,3767,0
5800,3774,0
5787,3786,0
5771,3800,0
5759,3821,0
5757,3845,0
5764,3872,0
5784,3899,0
5822,3922,1
6009,3776,0
6011,3780,0
6019,3790,0
6029,3810,0
6038,3831,0
6051,3854,0
6059,3870,0
6075,3881,0
6083,3878,0
6083,3865,0
6085,3841,0
6081,3813,0
6077,3785,0
6082,3764,0
6080,3746,0
6085,3733,0
6084,3727,1
6144,3835,0
6153,3837,0
6167,3832,0
6179,3821,0
6193,3809,0
6203,3794,0
6212,3781,0
6214,3772,0
6211,3769,0
6209,3771,0
6195,3778,0
6176,3792,0
6167,3816,0
6168,3843,0
6177,3864,0
6195,3880,0
6213,3883,0
6247,3884,0
6272,3877,0
6298,3867,0
6315,3858,0
6321,3842,0
6326,3835,0
6327,3833,0
6333,3831,0
6343,3839,0
6350,3849,0
6359,3858,0
6359,3865,0
6359,3865,0
6354,3865,0
6347,3861,0
6345,3858,0
6337,3840,0
6333,3819,0
6331,3800,0
6327,3785,0
6334,3774,0
6341,3764,0
6360,3757,0
6387,3753,1
6453,3755,0
6453,3755,0
6460,3759,0
6473,3769,0
6493,3788,0
6514,3809,0
6541,3826,0
6558,3835,0
6572,3843,1
6609,3773,0
6610,3772,0
6610,3772,0
6609,3780,0
6610,3802,0
6611,3836,0
6606,3880,0
6592,3928,0
6571,3979,1