and accepted Charlie&apos;s superiority
887
410,1771,0
393,1777,0
376,1788,0
361,1802,0
345,1821,0
328,1849,0
316,1874,0
311,1903,0
311,1928,0
317,1940,0
331,1946,0
386,1955,0
419,1946,0
382,1906,0
393,1885,0
403,1868,0
414,1842,0
424,1816,0
434,1798,0
441,1784,0
442,1780,0
441,1783,0
439,1800,0
439,1821,0
441,1844,0
447,1858,0
456,1870,0
468,1874,0
481,1867,0
494,1858,0
505,1841,0
515,1823,0
525,1802,0
534,1775,0
544,1757,0
552,1751,0
559,1754,0
568,1770,0
576,1793,0
583,1812,0
590,1830,0
596,1836,0
604,1838,0
613,1833,0
622,1819,0
629,1800,0
638,1782,0
646,1763,0
653,1753,0
660,1754,0
666,1765,0
673,1774,0
683,1789,0
696,1800,0
713,1800,0
731,1804,0
750,1796,0
766,1783,0
784,1778,0
800,1768,0
813,1759,0
820,1752,0
823,1752,0
822,1752,0
818,1771,0
810,1795,0
803,1818,0
798,1845,0
795,1861,0
798,1870,0
805,1863,0
819,1857,0
833,1834,0
845,1808,0
857,1786,0
865,1759,0
870,1722,0
875,1687,0
880,1656,0
883,1640,0
885,1636,0
885,1636,0
890,1649,0
894,1677,0
899,1710,0
907,1747,0
916,1768,0
929,1786,0
941,1795,1
1342,1718,0
1334,1713,0
1325,1710,0
1317,1710,0
1305,1713,0
1291,1722,0
1277,1737,0
1264,1754,0
1259,1783,0
1255,1800,0
1261,1811,0
1272,1814,0
1290,1812,0
1305,1797,0
1322,1783,0
1336,1764,0
1347,1746,0
1360,1732,0
1369,1718,0
1374,1709,0
1378,1708,0
1382,1711,0
1384,1719,0
1386,1731,0
1392,1746,0
1400,1761,0
1406,1768,0
1417,1778,0
1428,1780,0
1440,1777,0
1455,1770,0
1471,1761,0
1486,1745,0
1510,1734,0
1526,1718,0
1541,1705,0
1555,1696,0
1565,1693,0
1567,1693,0
1564,1690,0
1564,1694,0
1559,1703,0
1546,1712,0
1537,1727,0
1520,1737,0
1509,1752,0
1496,1759,0
1494,1773,0
1496,1780,0
1503,1787,0
1512,1788,0
1525,1788,0
1539,1785,0
1556,1780,0
1574,1771,0
1594,1763,0
1614,1757,0
1633,1746,0
1649,1732,0
1669,1725,0
1689,1713,0
1703,1700,0
1715,1691,0
1720,1684,0
1725,1682,0
1725,1681,0
1725,1682,0
1722,1682,0
1712,1682,0
1706,1693,0
1694,1703,0
1680,1713,0
1672,1728,0
1662,1737,0
1658,1746,0
1657,1751,0
1657,1755,0
1662,1758,0
1671,1763,0
1679,1764,0
1684,1758,0
1696,1757,0
1708,1753,0
1720,1748,0
1739,1749,0
1748,1741,0
1763,1735,0
1777,1725,0
1793,1717,0
1809,1709,0
1819,1696,0
1833,1689,0
1839,1677,0
1838,1664,0
1837,1660,0
1835,1661,0
1828,1665,0
1814,1672,0
1805,1685,0
1797,1697,0
1794,1712,0
1788,1720,0
1791,1736,0
1795,1746,0
1799,1754,0
1812,1761,0
1828,1763,0
1842,1756,0
1856,1744,0
1872,1732,0
1888,1720,0
1900,1703,0
1910,1685,0
1921,1665,0
1930,1655,0
1936,1656,0
1940,1663,0
1944,1679,0
1944,1703,0
1944,1734,0
1943,1772,0
1943,1803,0
1944,1825,0
1946,1838,0
1944,1838,0
1949,1841,0
1949,1832,0
1952,1808,0
1954,1770,0
1961,1734,0
1972,1715,0
1982,1695,0
1995,1678,0
2005,1667,0
2014,1666,0
2017,1668,0
2017,1678,0
2012,1700,0
1999,1718,0
1991,1731,0
1989,1737,0
1985,1734,0
1986,1733,0
1986,1729,0
1997,1728,0
2006,1722,0
2018,1710,0
2035,1696,0
2051,1676,0
2069,1659,0
2081,1637,0
2093,1614,0
2104,1585,0
2112,1555,0
2116,1532,0
2118,1527,0
2117,1526,0
2121,1534,0
2118,1556,0
2122,1587,0
2117,1616,0
2123,1645,0
2122,1667,0
2124,1684,0
2123,1695,1
2121,1672,0
2126,1678,0
2139,1684,0
2153,1684,0
2174,1679,0
2199,1670,0
2222,1658,0
2244,1646,0
2256,1631,0
2263,1620,0
2268,1611,0
2264,1604,0
2259,1603,0
2244,1609,0
2236,1626,0
2228,1643,0
2223,1662,0
2224,1677,0
2228,1688,0
2235,1693,0
2252,1695,0
2268,1687,0
2292,1679,0
2306,1668,0
2322,1660,0
2340,1655,0
2352,1650,0
2361,1648,0
2363,1646,0
2362,1647,0
2357,1651,0
2345,1662,0
2333,1676,0
2332,1693,0
2330,1704,0
2332,1708,0
2340,1708,0
2352,1702,0
2370,1693,0
2380,1673,0
2395,1655,0
2409,1637,0
2423,1613,0
2441,1585,0
2455,1556,0
2463,1530,0
2471,1515,0
2475,1511,0
2475,1511,0
2478,1514,0
2475,1522,0
2475,1541,0
2472,1567,0
2472,1599,0
2469,1631,0
2471,1655,0
2471,1672,1
2855,1489,0
2829,1518,0
2810,1556,0
2788,1594,0
2775,1634,0
2775,1671,0
2790,1701,0
2815,1722,0
2852,1728,0
2889,1722,0
2924,1705,0
2961,1686,0
2988,1659,0
3015,1631,0
3035,1596,0
3051,1553,0
3071,1510,0
3085,1467,0
3095,1435,0
3102,1418,0
3097,1411,0
3091,1413,0
3078,1426,0
3074,1454,0
3064,1493,0
3061,1539,0
3069,1584,0
3076,1607,0
3095,1616,0
3116,1614,0
3133,1604,0
3148,1590,0
3155,1571,0
3169,1558,0
3172,1554,0
3180,1563,0
3192,1582,0
3201,1596,0
3219,1604,0
3243,1607,0
3271,1599,0
3298,1587,0
3317,1572,0
3337,1563,0
3344,1552,0
3343,1546,0
3338,1546,0
3330,1558,0
3314,1578,0
3305,1599,0
3304,1623,0
3302,1639,0
3303,1647,0
3310,1649,0
3314,1643,0
3326,1632,0
3336,1616,0
3346,1602,0
3356,1587,0
3361,1570,0
3366,1561,0
3372,1559,0
3376,1561,0
3385,1568,0
3393,1579,0
3406,1589,0
3416,1594,0
3426,1592,0
3444,1587,0
3448,1574,0
3459,1561,0
3472,1549,0
3481,1532,0
3486,1516,0
3491,1514,0
3489,1517,0
3493,1536,0
3493,1558,0
3493,1582,0
3495,1603,0
3496,1616,0
3503,1621,0
3507,1622,0
3510,1618,0
3512,1606,0
3518,1589,0
3521,1574,0
3526,1566,0
3533,1562,0
3538,1561,0
3542,1563,0
3551,1570,0
3556,1578,0
3566,1586,0
3576,1591,0
3589,1592,0
3601,1587,0
3616,1577,0
3632,1565,0
3645,1549,0
3658,1527,0
3671,1499,0
3684,1474,0
3684,1456,0
3684,1448,0
3681,1445,0
3672,1444,0
3662,1446,0
3659,1453,0
3654,1462,0
3643,1476,0
3643,1502,0
3637,1530,0
3641,1558,0
3644,1577,0
3646,1589,0
3657,1594,0
3666,1594,0
3672,1591,0
3685,1585,0
3694,1576,0
3701,1563,0
3713,1549,0
3723,1530,0
3737,1512,0
3735,1498,0
3740,1497,0
3739,1498,0
3737,1503,0
3744,1515,0
3743,1526,0
3746,1539,0
3747,1551,0
3755,1563,0
3756,1570,0
3767,1575,0
3776,1575,0
3790,1573,0
3803,1566,0
3818,1556,0
3829,1542,0
3845,1527,0
3854,1510,0
3862,1492,0
3863,1483,0
3870,1485,0
3860,1486,0
3853,1500,0
3842,1515,0
3841,1527,0
3841,1537,0
3844,1548,0
3853,1558,0
3867,1564,0
3881,1563,0
3901,1558,0
3920,1547,0
3939,1537,0
3952,1526,0
3962,1517,0
3971,1505,0
3983,1498,0
3983,1496,0
3983,1498,0
3986,1500,0
3988,1506,0
3986,1510,0
3989,1513,0
3993,1517,0
3991,1518,0
3995,1520,0
3995,1520,0
3991,1518,0
3995,1520,0
3995,1520,0
3995,1520,0
3995,1520,0
3995,1520,0
3995,1520,0
3995,1520,0
3995,1520,0
3995,1520,0
3991,1518,0
3991,1518,0
3995,1520,0
3995,1520,0
3995,1520,0
3995,1520,0
3995,1520,0
3999,1520,0
3995,1520,0
3995,1520,0
3999,1520,0
3998,1521,0
3995,1520,0
3995,1520,0
3995,1520,0
3999,1522,0
3995,1520,0
3995,1520,0
3995,1520,0
3995,1520,0
3995,1518,0
3988,1515,0
3988,1514,1
3828,1375,0
3825,1400,0
3820,1430,0
3819,1451,0
3829,1450,1
4196,1331,0
4179,1342,0
4167,1372,0
4155,1404,0
4143,1431,1
4278,1440,0
4274,1438,0
4268,1442,0
4258,1455,0
4249,1469,0
4251,1485,0
4254,1498,0
4266,1511,0
4283,1524,0
4299,1534,0
4311,1546,0
4315,1558,0
4316,1577,0
4306,1599,0
4280,1626,0
4258,1648,0
4232,1664,1
4811,1489,0
4801,1490,0
4792,1493,0
4791,1496,0
4792,1504,0
4784,1515,0
4782,1532,0
4784,1549,0
4785,1568,0
4796,1587,0
4810,1606,0
4825,1621,0
4840,1640,0
4844,1661,0
4833,1679,0
4815,1700,0
4796,1716,0
4778,1727,0
4748,1725,0
4741,1723,0
4734,1720,0
4733,1720,0
4729,1720,0
4734,1720,0
4743,1726,0
4748,1725,0
4772,1732,0
4789,1732,0
4805,1724,0
4831,1715,0
4854,1700,0
4874,1684,0
4899,1664,0
4925,1640,0
4952,1614,0
4973,1582,0
4992,1549,0
5006,1523,0
5013,1503,0
5023,1497,0
5020,1496,0
5022,1500,0
5019,1510,0
5021,1531,0
5019,1558,0
5021,1590,0
5019,1617,0
5026,1633,0
5040,1642,0
5061,1642,0
5078,1632,0
5092,1615,0
5108,1597,0
5116,1571,0
5127,1542,0
5137,1523,0
5145,1512,0
5146,1509,0
5146,1509,0
5152,1515,0
5152,1529,0
5154,1547,0
5151,1568,0
5164,1591,0
5181,1604,0
5192,1608,0
5212,1602,0
5230,1586,0
5240,1566,0
5260,1548,0
5272,1522,0
5279,1500,0
5294,1491,0
5298,1494,0
5307,1506,0
5312,1528,0
5314,1560,0
5320,1604,0
5318,1648,0
5322,1685,0
5325,1710,0
5327,1720,0
5330,1722,0
5330,1720,0
5325,1702,0
5318,1670,0
5317,1628,0
5317,1590,0
5325,1564,0
5334,1540,0
5348,1522,0
5361,1508,0
5375,1500,0
5383,1500,0
5386,1506,0
5381,1521,0
5376,1541,0
5369,1560,0
5362,1570,0
5361,1574,0
5356,1574,0
5359,1575,0
5364,1577,0
5371,1579,0
5383,1580,0
5400,1580,0
5419,1575,0
5442,1568,0
5470,1558,0
5491,1542,0
5518,1529,0
5530,1513,0
5540,1494,0
5542,1475,0
5540,1464,0
5536,1464,0
5526,1471,0
5513,1487,0
5503,1508,0
5488,1529,0
5486,1546,0
5489,1566,0
5498,1578,0
5513,1585,0
5526,1582,0
5545,1575,0
5559,1558,0
5576,1543,0
5594,1524,0
5612,1508,0
5625,1491,0
5641,1477,0
5653,1464,0
5660,1457,0
5668,1456,0
5672,1458,0
5670,1464,0
5674,1479,0
5677,1496,0
5676,1516,0
5675,1533,0
5679,1547,0
5677,1555,0
5680,1558,0
5684,1558,0
5689,1553,0
5694,1538,0
5709,1517,0
5717,1502,0
5724,1493,0
5729,1488,0
5733,1488,0
5742,1490,0
5748,1495,0
5757,1495,0
5766,1493,0
5779,1488,0
5794,1480,0
5805,1471,0
5807,1463,0
5813,1455,0
5815,1452,0
5815,1452,0
5817,1457,0
5815,1467,0
5814,1481,0
5815,1494,0
5815,1507,0
5821,1518,0
5822,1527,0
5829,1531,0
5841,1534,0
5851,1531,0
5861,1525,0
5871,1517,0
5882,1507,0
5899,1493,0
5909,1482,0
5916,1475,0
5921,1472,0
5921,1471,0
5921,1474,0
5918,1482,0
5913,1501,0
5912,1517,0
5907,1534,0
5917,1545,0
5924,1549,0
5937,1548,0
5951,1541,0
5959,1529,0
5966,1517,0
5969,1504,0
5967,1488,0
5964,1479,0
5964,1478,0
5964,1479,0
5968,1481,0
5971,1486,0
5979,1486,0
5993,1481,0
6008,1471,0
6023,1460,0
6034,1449,0
6045,1441,0
6054,1437,0
6054,1437,0
6056,1445,0
6060,1462,0
6063,1484,0
6057,1504,0
6061,1518,0
6068,1527,0
6067,1529,0
6072,1524,0
6083,1515,0
6092,1498,0
6097,1480,0
6103,1469,0
6104,1467,0
6108,1467,0
6107,1471,0
6109,1477,0
6116,1483,0
6127,1488,0
6136,1491,0
6139,1490,0
6148,1486,0
6158,1481,0
6167,1477,0
6176,1474,0
6181,1472,0
6186,1469,0
6191,1467,0
6196,1464,0
6200,1462,0
6205,1459,0
6210,1456,0
6211,1453,0
6215,1450,0
6212,1447,0
6218,1444,0
6222,1441,0
6223,1439,0
6223,1437,0
6223,1434,0
6227,1434,0
6227,1434,0
6224,1435,0
6224,1435,0
6228,1435,0
6223,1437,0
6220,1445,0
6219,1455,0
6211,1467,0
6212,1482,0
6209,1492,0
6215,1501,0
6222,1508,0
6229,1510,0
6233,1512,0
6245,1511,0
6251,1507,0
6260,1500,0
6276,1492,0
6283,1478,0
6295,1459,0
6305,1438,0
6315,1411,0
6330,1385,0
6341,1358,0
6350,1334,0
6358,1315,0
6366,1300,0
6371,1290,0
6376,1290,0
6379,1293,0
6375,1310,0
6372,1345,0
6367,1387,0
6360,1415,0
6362,1441,0
6362,1461,0
6365,1477,0
6361,1479,1
6321,1459,0
6321,1459,0
6329,1458,0
6338,1453,0
6352,1448,0
6369,1445,0
6387,1442,0
6397,1433,0
6411,1426,0
6421,1417,0
6431,1409,0
6434,1396,0
6445,1387,0
6445,1382,0
6449,1385,0
6440,1390,0
6436,1406,0
6428,1421,0
6428,1440,0
6433,1453,0
6444,1459,0
6461,1458,0
6479,1448,0
6499,1435,0
6515,1423,0
6526,1407,0
6541,1395,0
6552,1384,0
6552,1382,0
6552,1382,0
6553,1392,0
6553,1411,0
6553,1433,0
6553,1466,0
6560,1506,0
6568,1544,0
6591,1582,0
6601,1620,0
6601,1655,0
6597,1684,0
6591,1704,0
6580,1713,0
6572,1711,0
6559,1699,0
6553,1677,0
6555,1655,0
6566,1630,0
6589,1602,0
6613,1575,1
6268,1312,0
6269,1310,0
6265,1309,0
6278,1305,0
6275,1305,1
5776,1294,0
5770,1286,0
5766,1285,0
5766,1284,0
5766,1283,1