him to get down to
397
868,5572,0
868,5576,0
877,5573,0
892,5569,0
907,5558,0
926,5538,0
953,5511,0
980,5471,0
1007,5431,0
1028,5392,0
1044,5352,0
1053,5316,0
1056,5284,0
1054,5272,0
1049,5272,0
1037,5280,0
1020,5308,0
1006,5347,0
995,5400,0
980,5451,0
970,5511,0
959,5571,0
947,5619,0
950,5651,0
953,5663,0
955,5668,0
955,5663,0
960,5651,0
975,5627,0
988,5588,0
1004,5552,0
1022,5524,0
1037,5504,0
1049,5496,0
1056,5496,0
1065,5501,0
1073,5516,0
1085,5536,0
1095,5564,0
1105,5588,0
1114,5608,0
1126,5620,0
1142,5620,0
1161,5615,0
1180,5599,0
1193,5579,0
1205,5559,0
1212,5535,0
1213,5518,1
1239,5478,0
1238,5482,0
1237,5490,0
1233,5511,0
1227,5534,0
1225,5559,0
1225,5574,0
1230,5586,0
1235,5586,1
1254,5365,0
1248,5361,0
1242,5357,0
1239,5366,0
1237,5374,1
1312,5459,0
1311,5467,0
1307,5475,0
1306,5496,0
1308,5519,0
1310,5552,0
1312,5576,0
1315,5591,0
1319,5591,0
1323,5595,0
1326,5590,0
1332,5578,0
1340,5554,0
1350,5525,0
1399,5475,0
1402,5490,0
1405,5514,0
1409,5535,0
1413,5554,0
1419,5565,0
1423,5569,0
1430,5569,0
1440,5560,0
1455,5543,0
1474,5513,0
1492,5488,0
1515,5470,0
1517,5490,0
1522,5513,0
1529,5537,0
1540,5545,0
1555,5555,0
1573,5562,0
1590,5556,0
1607,5547,1
1993,5349,0
1992,5349,0
1992,5349,0
1990,5349,0
1990,5349,0
1989,5353,0
1988,5358,0
1988,5373,0
1983,5399,0
1977,5433,0
1973,5465,0
1971,5490,1
1929,5453,0
1946,5446,0
1967,5438,0
1989,5426,0
2012,5414,0
2034,5406,1
2084,5409,0
2085,5412,0
2084,5421,0
2084,5441,0
2081,5470,0
2075,5488,0
2082,5507,0
2097,5516,0
2118,5520,0
2140,5516,0
2163,5516,0
2178,5500,0
2193,5489,0
2199,5471,0
2203,5455,0
2196,5431,0
2185,5409,0
2169,5396,0
2151,5388,0
2131,5392,0
2118,5411,0
2105,5417,0
2104,5441,0
2111,5453,1
2641,5467,0
2645,5466,0
2655,5455,0
2666,5443,0
2673,5424,0
2679,5405,0
2682,5380,0
2679,5347,0
2668,5325,0
2647,5298,0
2632,5294,0
2613,5301,0
2592,5318,0
2576,5349,0
2563,5385,0
2555,5425,0
2553,5459,0
2566,5480,0
2586,5491,0
2604,5486,0
2624,5480,0
2639,5467,0
2655,5446,0
2671,5421,0
2683,5396,0
2695,5388,0
2697,5391,0
2702,5402,0
2704,5431,0
2709,5467,0
2713,5513,0
2716,5558,0
2714,5604,0
2708,5648,0
2697,5689,0
2680,5722,0
2663,5748,0
2645,5757,0
2633,5752,0
2625,5734,0
2620,5693,0
2628,5646,0
2643,5604,0
2664,5556,0
2694,5509,0
2727,5466,0
2761,5431,0
2789,5396,0
2814,5371,0
2831,5352,0
2835,5334,0
2839,5329,0
2833,5322,0
2828,5324,0
2799,5342,0
2786,5359,0
2778,5378,0
2782,5402,0
2794,5419,0
2810,5431,0
2835,5436,0
2856,5424,0
2883,5414,0
2900,5384,1
2958,5201,0
2956,5202,0
2953,5216,0
2953,5241,0
2960,5273,0
2964,5301,0
2965,5335,0
2961,5362,0
2953,5386,0
2948,5397,0
2952,5404,0
2953,5399,1
2944,5338,0
2941,5323,0
2946,5325,0
2946,5320,0
2952,5323,0
2964,5327,0
2984,5328,0
3011,5331,1
3474,5424,0
3481,5426,0
3490,5421,0
3501,5417,0
3508,5405,0
3513,5384,0
3522,5363,0
3524,5339,0
3519,5316,0
3508,5295,0
3496,5283,0
3482,5275,0
3466,5274,0
3451,5285,0
3431,5303,0
3419,5331,0
3417,5363,0
3426,5393,0
3442,5417,0
3459,5431,0
3479,5440,0
3496,5437,0
3515,5424,0
3535,5396,0
3556,5359,0
3573,5312,0
3592,5267,0
3605,5224,0
3617,5201,0
3621,5186,0
3621,5186,0
3624,5197,0
3621,5221,0
3621,5262,0
3620,5311,0
3619,5361,0
3619,5405,0
3624,5443,0
3633,5474,0
3642,5491,0
3655,5489,1
3749,5281,0
3747,5282,0
3745,5288,0
3742,5308,0
3735,5329,0
3735,5356,0
3739,5382,0
3747,5400,0
3760,5416,0
3772,5422,0
3788,5428,0
3802,5425,0
3816,5414,0
3829,5393,0
3843,5373,0
3845,5344,0
3843,5318,0
3829,5294,0
3812,5284,0
3795,5284,0
3781,5292,0
3774,5304,0
3773,5313,0
3783,5323,0
3800,5327,0
3823,5319,0
3854,5312,0
3882,5296,0
3906,5279,0
3928,5267,0
3946,5265,0
3953,5267,0
3953,5275,0
3961,5298,0
3960,5326,0
3961,5358,0
3966,5388,0
3976,5405,0
3990,5415,0
4007,5415,0
4022,5407,0
4032,5392,0
4042,5373,0
4053,5361,0
4054,5356,0
4058,5359,0
4062,5374,0
4067,5390,0
4078,5412,0
4097,5429,0
4122,5437,0
4145,5438,0
4159,5429,0
4169,5419,0
4172,5395,0
4174,5369,0
4169,5340,0
4165,5319,0
4157,5310,0
4147,5306,0
4140,5302,1
4220,5277,0
4224,5279,0
4224,5279,0
4220,5286,0
4217,5306,0
4215,5326,0
4220,5351,0
4220,5371,0
4217,5390,0
4221,5397,0
4225,5400,0
4227,5398,0
4237,5383,0
4256,5357,0
4275,5327,0
4297,5304,0
4316,5296,0
4324,5301,0
4331,5316,0
4341,5342,0
4357,5366,0
4379,5375,0
4407,5385,0
4437,5380,0
4466,5376,0
4488,5366,0
4503,5351,0
4519,5347,0
4526,5337,1
5108,5178,0
5103,5177,0
5106,5180,0
5105,5185,0
5105,5200,0
5102,5229,0
5096,5264,0
5087,5306,0
5081,5352,0
5074,5388,0
5069,5417,0
5067,5438,0
5069,5446,1
5021,5327,0
5018,5330,0
5016,5326,0
5020,5328,0
5032,5329,0
5050,5325,0
5076,5320,0
5107,5312,0
5129,5304,0
5150,5308,0
5158,5317,0
5166,5330,0
5173,5356,0
5178,5383,0
5187,5405,0
5203,5424,0
5222,5434,0
5243,5434,0
5266,5426,0
5286,5414,0
5306,5393,0
5317,5369,0
5317,5344,0
5301,5320,0
5277,5309,0
5246,5313,0
5223,5326,0
5208,5338,0
5199,5345,1