and took the parcel from her
498
687,5366,0
685,5357,0
682,5349,0
673,5349,0
661,5344,0
644,5342,0
629,5353,0
606,5367,0
587,5389,0
570,5416,0
564,5443,0
567,5463,0
575,5465,0
586,5462,0
602,5455,0
620,5440,0
641,5418,0
658,5395,0
676,5376,0
689,5362,0
699,5354,0
702,5354,0
702,5354,0
701,5367,0
698,5383,0
696,5406,0
699,5419,0
701,5431,0
706,5436,0
710,5436,0
721,5428,0
733,5413,0
749,5398,0
763,5378,0
776,5359,0
786,5348,0
794,5349,0
801,5353,0
806,5369,0
810,5381,0
808,5397,0
809,5417,0
819,5430,0
823,5426,0
831,5422,0
842,5419,0
867,5376,0
881,5361,0
894,5345,0
903,5342,0
910,5346,0
914,5361,0
919,5386,0
925,5406,0
934,5418,1
1218,5315,0
1210,5310,0
1196,5303,0
1177,5295,0
1157,5296,0
1135,5296,0
1116,5300,0
1098,5316,0
1086,5337,0
1076,5361,0
1074,5384,0
1081,5400,0
1094,5404,0
1114,5405,0
1138,5384,0
1160,5368,0
1177,5343,0
1194,5315,0
1199,5299,0
1201,5274,0
1204,5263,0
1204,5250,0
1203,5247,0
1201,5243,0
1199,5239,0
1196,5235,0
1196,5235,0
1196,5236,0
1196,5243,0
1198,5255,0
1205,5287,0
1208,5307,0
1224,5374,0
1235,5390,0
1251,5390,0
1271,5380,1
1624,5223,0
1624,5251,0
1630,5295,0
1635,5327,0
1641,5357,1
1599,5310,0
1623,5308,0
1645,5301,0
1677,5298,0
1701,5282,0
1722,5272,0
1742,5261,0
1754,5252,0
1755,5248,0
1751,5248,0
1742,5257,0
1730,5267,0
1724,5287,0
1722,5316,0
1729,5332,0
1743,5350,0
1760,5360,0
1777,5357,0
1797,5354,0
1816,5336,0
1834,5325,0
1845,5308,0
1848,5283,0
1841,5260,0
1821,5238,0
1801,5237,0
1777,5240,0
1757,5255,0
1746,5277,1
1889,5306,0
1895,5320,0
1911,5338,0
1935,5350,0
1959,5350,0
1979,5339,0
1994,5320,0
2005,5306,0
2108,5314,0
2112,5335,0
2116,5350,0
2118,5353,0
2119,5353,1
2210,5187,0
2207,5187,0
2204,5196,0
2191,5207,0
2172,5224,0
2147,5241,0
2181,5299,0
2212,5329,0
2237,5348,0
2259,5356,0
2279,5356,0
2292,5344,1
2613,5129,0
2608,5151,0
2605,5190,0
2606,5239,0
2617,5295,0
2618,5327,0
2625,5355,0
2622,5368,0
2622,5372,1
2552,5272,0
2574,5266,0
2599,5259,0
2628,5245,0
2659,5231,0
2688,5214,0
2717,5196,0
2742,5184,0
2764,5168,0
2776,5156,0
2777,5138,0
2777,5134,0
2769,5125,0
2765,5130,0
2750,5127,0
2737,5127,0
2726,5134,0
2716,5138,0
2710,5148,0
2705,5158,0
2712,5211,0
2715,5243,0
2722,5274,0
2732,5306,0
2738,5320,0
2738,5320,0
2742,5327,0
2743,5323,0
2748,5308,0
2760,5292,0
2777,5265,0
2794,5242,0
2808,5216,0
2827,5215,0
2840,5214,0
2856,5246,0
2859,5271,0
2867,5294,0
2874,5303,0
2891,5319,0
2905,5314,0
2918,5301,0
2931,5279,1
2948,5239,0
2964,5229,0
2972,5221,0
2980,5219,0
2982,5209,0
2981,5205,0
2980,5202,0
2973,5204,0
2964,5199,0
2958,5205,0
2952,5203,0
2946,5214,0
2942,5228,0
2942,5271,0
2960,5298,0
2980,5308,0
2999,5310,0
3016,5299,1
3361,5182,0
3362,5207,0
3370,5239,0
3370,5274,0
3385,5329,0
3392,5369,0
3400,5397,0
3397,5407,0
3400,5418,1
3309,5192,0
3303,5190,0
3300,5178,0
3305,5168,0
3315,5150,0
3331,5138,0
3354,5119,0
3385,5113,0
3407,5103,0
3432,5113,0
3449,5123,0
3457,5137,0
3457,5158,0
3450,5185,0
3427,5204,0
3401,5233,0
3372,5251,0
3346,5267,0
3323,5269,0
3311,5265,0
3307,5245,1
3579,5108,0
3574,5124,0
3557,5128,0
3554,5152,0
3542,5167,0
3542,5193,0
3537,5205,0
3544,5219,0
3551,5224,0
3563,5219,0
3573,5206,0
3591,5200,0
3601,5182,0
3613,5167,0
3615,5144,0
3620,5142,0
3623,5144,0
3626,5156,0
3626,5169,0
3627,5187,0
3628,5200,0
3641,5220,0
3649,5220,0
3672,5223,0
3692,5212,1
3732,5137,0
3730,5151,0
3733,5168,0
3737,5184,0
3736,5194,0
3734,5195,0
3739,5201,0
3736,5194,0
3737,5189,0
3734,5168,0
3742,5154,0
3747,5133,0
3768,5127,1
3892,5094,0
3883,5095,0
3872,5096,0
3863,5101,0
3850,5104,0
3847,5120,0
3839,5133,0
3841,5155,0
3851,5172,0
3863,5184,0
3880,5188,0
3898,5183,0
3916,5168,0
3935,5157,0
3957,5144,0
3971,5123,0
3977,5105,0
3981,5098,0
3983,5101,0
3977,5100,0
3968,5106,0
3962,5119,0
3954,5133,0
3954,5155,0
3957,5173,0
3969,5179,0
3986,5183,0
4005,5172,0
4033,5160,0
4058,5140,0
4083,5117,0
4100,5083,0
4121,5064,0
4131,5040,0
4135,5023,0
4138,5007,0
4133,4996,0
4127,4991,0
4121,4990,0
4115,4993,0
4099,4989,0
4097,5009,0
4089,5028,0
4081,5061,0
4082,5098,0
4087,5132,0
4104,5150,0
4126,5160,0
4143,5150,1
4532,4953,0
4521,4956,0
4519,4968,0
4513,4981,0
4510,5004,0
4512,5036,0
4511,5071,0
4510,5105,0
4518,5149,0
4523,5189,0
4526,5221,0
4529,5244,0
4533,5265,0
4533,5274,0
4534,5278,0
4532,5274,0
4532,5260,1
4512,5085,0
4551,5077,0
4586,5062,0
4617,5050,0
4648,5047,0
4675,5057,0
4693,5069,0
4711,5090,0
4719,5108,0
4728,5122,0
4729,5131,0
4727,5133,0
4729,5136,0
4723,5136,0
4717,5131,0
4711,5120,0
4709,5102,0
4720,5084,0
4729,5066,0
4748,5052,0
4763,5041,0
4783,5036,0
4792,5034,0
4796,5035,0
4796,5041,0
4796,5056,0
4796,5076,0
4796,5091,0
4799,5104,0
4809,5116,0
4820,5118,0
4833,5114,0
4847,5108,0
4864,5096,0
4874,5077,0
4879,5063,0
4873,5043,0
4858,5029,0
4842,5026,0
4826,5033,0
4813,5052,1
4953,5030,0
4958,5043,0
4960,5056,0
4963,5079,0
4963,5093,0
4962,5105,0
4961,5105,0
4963,5104,0
4968,5101,0
4969,5084,0
4977,5063,0
4988,5043,0
4999,5023,0
5014,5018,0
5023,5016,0
5033,5022,0
5040,5032,0
5043,5045,0
5045,5059,0
5045,5074,0
5045,5085,0
5045,5090,0
5048,5092,0
5051,5091,0
5051,5079,0
5064,5074,0
5074,5057,0
5088,5045,0
5097,5032,0
5103,5033,0
5110,5038,0
5111,5046,0
5115,5064,0
5115,5079,0
5125,5098,0
5139,5106,0
5153,5105,0
5175,5108,0
5193,5098,0
5214,5086,0
5231,5076,1
5651,4990,0
5657,5012,0
5660,5041,0
5661,5074,0
5662,5101,0
5666,5119,0
5668,5123,0
5670,5126,0
5672,5124,0
5672,5113,0
5680,5095,0
5691,5073,0
5706,5054,0
5722,5045,0
5730,5042,0
5737,5047,0
5743,5063,0
5742,5079,0
5745,5099,0
5752,5115,0
5760,5124,0
5773,5128,0
5795,5129,0
5820,5122,0
5840,5109,0
5866,5094,0
5883,5077,0
5894,5061,0
5899,5051,0
5888,5040,0
5879,5038,0
5865,5039,0
5848,5045,0
5837,5061,0
5827,5082,0
5831,5111,0
5841,5129,0
5859,5145,0
5878,5149,0
5898,5147,0
5914,5137,1
5968,5050,0
5971,5059,0
5972,5074,0
5976,5104,0
5978,5131,0
5976,5154,0
5982,5170,0
5981,5178,0
5979,5180,0
5983,5181,0
5980,5178,0
5977,5170,0
5975,5155,0
5978,5131,0
5981,5100,0
6001,5085,0
6020,5072,0
6042,5067,0
6063,5072,0
6084,5080,0
6102,5090,1