He looked at his watch; he
487
583,2989,0
579,2984,0
579,2989,0
579,2989,0
582,3010,0
585,3034,0
588,3075,0
592,3113,0
596,3153,0
594,3182,0
596,3210,0
596,3239,0
596,3259,0
597,3284,0
597,3296,0
596,3296,0
596,3300,1
537,3164,0
558,3160,0
584,3152,0
617,3149,0
652,3138,0
687,3135,0
719,3127,0
746,3122,0
769,3117,0
784,3105,0
790,3110,0
787,3110,0
781,3114,1
736,3033,0
737,3064,0
740,3101,0
745,3150,0
750,3191,0
756,3219,0
760,3244,0
764,3269,0
767,3281,0
769,3289,0
772,3290,0
774,3289,0
775,3286,1
843,3168,0
859,3160,0
880,3154,0
979,3111,0
984,3107,0
871,3105,0
866,3121,0
869,3205,0
882,3226,0
904,3248,0
933,3245,0
965,3230,0
1027,3160,1
1348,2960,0
1348,2988,0
1346,3112,0
1347,3148,0
1348,3177,0
1351,3197,0
1354,3212,0
1359,3220,0
1360,3216,0
1365,3219,0
1371,3215,1
1488,3044,0
1474,3046,0
1457,3048,0
1446,3058,0
1433,3063,0
1422,3137,0
1468,3172,0
1539,3133,0
1561,3105,0
1575,3079,0
1575,3054,1
1715,3051,0
1700,3050,0
1685,3058,0
1668,3065,0
1650,3073,0
1634,3085,0
1623,3107,0
1616,3128,0
1616,3148,0
1623,3168,0
1637,3174,0
1658,3174,0
1684,3164,0
1711,3151,0
1736,3133,0
1752,3112,0
1756,3091,1
1824,3037,0
1821,3068,0
1825,3112,0
1829,3151,0
1833,3184,0
1834,3204,0
1834,3204,0
1835,3204,0
1836,3191,1
1961,3045,0
1956,3050,0
1942,3054,0
1921,3061,0
1896,3068,0
1870,3075,0
1848,3076,0
1832,3081,0
1824,3083,0
1824,3083,0
1833,3089,0
1854,3095,0
1883,3109,0
1912,3125,0
1935,3140,0
1954,3156,0
1966,3164,0
1977,3173,0
1981,3172,0
1987,3175,0
1989,3170,1
2022,3101,0
2026,3104,0
2037,3100,0
2051,3096,0
2065,3087,0
2076,3074,0
2089,3066,0
2091,3052,0
2093,3047,0
2088,3041,0
2081,3040,0
2073,3042,0
2063,3045,0
2055,3056,0
2043,3073,0
2031,3093,0
2028,3119,0
2038,3142,0
2053,3150,0
2075,3151,0
2103,3146,1
2283,3057,0
2278,3045,0
2273,3038,0
2263,3030,0
2252,3030,0
2236,3032,0
2224,3045,0
2210,3056,0
2201,3076,0
2197,3099,0
2207,3125,0
2223,3136,0
2243,3136,0
2263,3125,0
2282,3108,0
2301,3092,0
2312,3066,1
2324,3008,0
2323,2996,0
2321,2984,0
2318,2976,0
2319,2975,0
2319,2975,0
2318,2976,0
2321,2988,0
2323,3013,0
2321,3049,0
2317,3093,0
2324,3134,0
2338,3158,0
2362,3162,0
2389,3154,0
2414,3139,1
2775,2982,0
2762,2971,0
2747,2966,0
2732,2970,0
2714,2976,0
2702,2992,0
2691,3016,0
2680,3041,0
2676,3075,0
2673,3100,0
2681,3118,0
2692,3122,0
2705,3114,0
2732,3108,0
2752,3083,0
2774,3056,0
2799,3033,0
2814,3013,0
2821,3001,0
2822,3000,0
2821,3005,0
2812,3010,0
2806,3028,0
2800,3050,0
2803,3081,0
2809,3100,0
2824,3111,0
2846,3112,0
2873,3100,1
2958,2916,0
2960,2943,0
2962,2982,0
2960,3025,0
2965,3071,0
2965,3098,0
2965,3108,0
2968,3111,0
2972,3112,1
2927,3019,0
2945,3017,0
2971,3013,0
2992,3004,0
3013,3000,0
3028,2995,0
3037,2993,0
3035,2990,0
3038,2993,1
3264,2888,0
3269,2911,0
3271,2943,0
3270,2980,0
3269,3017,0
3265,3045,0
3263,3062,0
3262,3067,0
3263,3066,0
3271,3061,0
3281,3042,0
3296,3017,0
3313,2992,0
3332,2978,0
3346,2972,0
3354,2970,0
3361,2980,0
3361,2996,0
3365,3023,0
3370,3049,0
3380,3067,0
3393,3072,0
3411,3068,0
3433,3055,0
3455,3037,1
3489,2972,0
3491,3006,0
3491,3034,0
3493,3053,0
3493,3062,1
3483,2893,0
3483,2893,0
3480,2890,0
3482,2893,0
3486,2895,1
3707,2887,0
3688,2883,0
3665,2883,0
3641,2889,0
3614,2897,0
3600,2911,0
3586,2923,0
3580,2935,0
3585,2947,0
3593,2950,0
3613,2953,0
3637,2953,0
3665,2954,0
3684,2953,0
3708,2963,0
3713,2970,0
3714,2980,0
3708,2996,0
3694,3014,0
3674,3033,0
3646,3042,0
3621,3042,0
3595,3034,0
3575,3019,0
3563,3003,1
4053,2910,0
4056,2942,0
4064,2981,0
4072,3013,0
4075,3033,0
4080,3045,0
4087,3049,0
4087,3045,0
4094,3036,0
4095,3018,0
4097,2992,0
4104,2963,0
4108,2934,0
4116,2917,0
4126,2913,0
4131,2914,0
4132,2919,0
4136,2933,0
4138,2953,0
4143,2979,0
4150,3007,0
4153,3026,0
4158,3038,0
4164,3043,0
4174,3045,0
4184,3041,0
4193,3025,0
4210,2999,0
4229,2967,0
4244,2938,0
4264,2926,0
4280,2926,0
4296,2933,1
4420,2934,0
4407,2925,0
4392,2917,0
4378,2916,0
4364,2920,0
4348,2933,0
4336,2954,0
4322,2982,0
4315,3008,0
4316,3031,0
4324,3041,0
4336,3045,0
4348,3037,0
4367,3027,0
4387,3010,0
4409,2991,0
4422,2970,0
4436,2958,0
4442,2952,0
4446,2953,0
4442,2953,0
4440,2960,0
4437,2976,0
4437,3001,0
4444,3030,0
4451,3047,0
4462,3052,0
4484,3052,0
4505,3039,1
4589,2858,0
4585,2881,0
4586,2920,0
4589,2968,0
4587,3003,0
4584,3023,0
4587,3034,0
4594,3038,0
4592,3034,1
4546,2944,0
4558,2942,0
4572,2936,0
4596,2927,0
4626,2926,1
4828,2897,0
4809,2889,0
4793,2884,0
4770,2883,0
4752,2887,0
4738,2898,0
4719,2910,0
4707,2934,0
4693,2958,0
4686,2987,0
4685,3007,0
4695,3027,0
4712,3037,0
4730,3040,0
4753,3037,0
4771,3026,0
4798,3012,0
4822,2987,0
4852,2961,0
4876,2934,0
4896,2907,0
4917,2883,0
4935,2865,0
4946,2849,0
4956,2836,0
4954,2823,0
4954,2816,0
4944,2810,0
4935,2808,0
4922,2806,0
4911,2808,0
4897,2814,0
4888,2827,0
4874,2840,0
4875,2867,0
4864,2896,0
4864,2936,0
4864,2970,0
4868,2992,0
4871,3001,0
4876,3007,0
4879,3003,0
4888,2993,0
4900,2970,0
4914,2943,0
4924,2928,0
4933,2931,0
4945,2947,0
4952,2972,0
4956,2994,0
4967,3006,0
4983,3004,0
5008,2990,0
5032,2970,0
5043,2948,0
5046,2929,0
5051,2914,1
5209,2890,0
5205,2888,0
5210,2887,0
5203,2883,0
5208,2883,0
5209,2883,0
5206,2880,0
5205,2881,0
5210,2887,1
5215,2958,0
5214,2961,0
5202,2972,0
5177,3001,0
5149,3047,0
5114,3096,0
5089,3144,0
5074,3177,0
5068,3192,1
5389,2830,0
5392,2855,0
5395,2889,0
5392,2922,0
5388,2951,0
5387,2975,0
5381,2984,0
5387,2989,0
5393,2987,0
5409,2977,0
5423,2955,0
5447,2933,0
5475,2910,0
5495,2893,0
5517,2888,0
5530,2890,0
5538,2901,0
5542,2924,0
5545,2951,0
5547,2970,0
5557,2982,0
5568,2982,0
5584,2971,0
5602,2958,0
5616,2935,1
5649,2919,0
5649,2919,0
5656,2914,0
5665,2907,0
5672,2894,0
5683,2885,0
5684,2873,0
5685,2866,0
5680,2858,0
5675,2851,0
5668,2847,0
5660,2846,0
5653,2849,0
5642,2852,0
5637,2869,0
5626,2894,0
5626,2926,0
5630,2949,0
5651,2963,0
5670,2960,0
5694,2943,0
5716,2922,0
5728,2902,0
5733,2888,0
5730,2883,1