and I have come at an incon-
661
702,5086,0
699,5081,0
697,5086,0
690,5077,0
682,5076,0
670,5071,0
660,5079,0
649,5081,0
637,5088,0
626,5096,0
615,5110,0
606,5134,0
600,5157,0
597,5181,0
599,5206,0
604,5222,0
617,5231,0
633,5233,0
649,5219,0
667,5207,0
682,5177,1
617,5006,0
613,5014,0
615,5014,0
620,5014,0
628,5007,0
643,5001,0
661,4986,0
677,4975,0
692,4973,0
705,4978,0
713,4986,0
718,5006,0
718,5035,0
717,5071,0
719,5107,0
723,5132,0
721,5156,0
728,5176,0
735,5176,0
746,5173,0
759,5158,0
772,5139,0
788,5112,0
803,5085,0
818,5062,0
830,5046,0
837,5035,0
839,5034,0
840,5043,0
837,5062,0
835,5086,0
834,5110,0
837,5130,0
844,5143,0
861,5144,0
875,5132,0
891,5116,0
909,5093,0
926,5070,0
941,5054,0
949,5047,0
953,5047,0
954,5059,0
951,5083,0
946,5110,0
947,5138,0
950,5163,0
961,5175,0
975,5179,1
1105,5064,0
1105,5069,0
1104,5064,0
1097,5057,0
1088,5052,0
1078,5048,0
1064,5045,0
1054,5048,0
1042,5048,0
1034,5057,0
1029,5069,0
1025,5076,0
1024,5096,0
1028,5120,0
1034,5136,0
1046,5152,0
1059,5156,0
1078,5149,0
1100,5124,0
1120,5088,0
1144,5044,0
1165,4987,0
1187,4931,0
1206,4875,0
1218,4826,0
1223,4798,0
1220,4782,0
1217,4786,0
1204,4799,0
1191,4839,0
1178,4891,0
1166,4947,0
1158,5008,0
1156,5060,0
1160,5104,0
1168,5136,0
1182,5151,1
1561,4699,0
1560,4714,0
1562,4751,0
1555,4792,0
1543,4838,0
1537,4886,0
1530,4931,0
1527,4980,0
1527,5023,0
1530,5059,0
1534,5084,0
1538,5098,0
1540,5103,1
1391,4766,0
1388,4762,0
1394,4758,0
1411,4756,0
1439,4746,0
1475,4731,0
1515,4715,0
1558,4699,0
1600,4683,0
1637,4674,0
1667,4674,0
1683,4676,0
1691,4691,1
1485,5160,0
1490,5163,0
1504,5162,0
1522,5153,0
1543,5139,0
1571,5116,0
1600,5088,0
1633,5069,0
1667,5049,1
2092,4614,0
2094,4622,0
2097,4634,0
2099,4649,0
2099,4674,0
2097,4707,0
2093,4750,0
2084,4788,0
2081,4838,0
2075,4884,0
2075,4941,0
2078,4990,0
2084,5026,0
2095,5052,0
2112,5069,0
2130,5069,0
2155,5059,0
2178,5042,0
2202,5024,0
2219,5000,0
2233,4989,0
2239,4978,0
2243,4982,0
2241,4982,0
2245,5002,0
2242,5015,0
2246,5043,0
2252,5062,0
2263,5076,0
2281,5084,0
2301,5083,0
2318,5071,0
2339,5065,1
2434,5003,0
2437,5002,0
2432,4990,0
2422,4985,0
2411,4987,0
2393,4985,0
2380,4996,0
2364,5004,0
2355,5024,0
2345,5038,0
2345,5064,0
2348,5083,0
2359,5097,0
2375,5105,0
2398,5099,0
2423,5088,0
2446,5069,1
2369,4941,0
2369,4949,0
2369,4945,0
2376,4947,0
2387,4936,0
2407,4935,0
2423,4926,0
2442,4925,0
2459,4936,0
2471,4954,0
2473,4970,0
2471,4999,0
2463,5031,0
2454,5059,0
2447,5081,0
2450,5105,0
2456,5113,0
2468,5113,0
2485,5101,0
2502,5083,0
2521,5057,1
2548,4944,0
2548,4948,0
2549,4960,0
2548,4977,0
2548,4998,0
2552,5022,0
2558,5045,0
2569,5067,0
2582,5088,0
2594,5093,0
2611,5100,0
2627,5091,0
2641,5079,0
2654,5062,0
2662,5042,0
2663,5021,0
2663,5004,0
2659,4989,0
2652,4974,0
2649,4965,0
2649,4966,0
2651,4970,0
2654,4973,0
2663,4979,0
2680,4990,0
2703,4999,0
2730,5002,0
2760,5001,0
2791,4998,0
2819,4988,0
2841,4972,0
2860,4964,0
2868,4953,0
2864,4942,0
2855,4945,0
2835,4949,0
2811,4961,0
2793,4985,0
2777,5011,0
2766,5037,0
2766,5067,0
2772,5089,0
2786,5110,0
2810,5123,1
3224,4993,0
3223,4994,0
3218,4992,0
3207,4992,0
3191,4999,0
3168,5009,0
3146,5027,0
3127,5044,0
3114,5067,0
3106,5087,0
3107,5108,0
3119,5129,0
3134,5141,0
3161,5151,0
3194,5155,0
3231,5156,0
3261,5143,1
3418,5031,0
3416,5023,0
3409,5014,0
3397,5011,0
3382,5014,0
3361,5019,0
3341,5033,0
3321,5046,0
3307,5070,0
3296,5093,0
3292,5116,0
3298,5136,0
3312,5151,0
3338,5166,0
3363,5163,0
3394,5153,0
3422,5136,0
3448,5115,0
3466,5088,0
3476,5061,0
3475,5035,0
3465,5009,0
3446,4992,0
3425,4983,0
3399,4978,0
3380,4983,0
3363,4991,0
3357,5003,0
3358,5016,0
3366,5026,0
3379,5032,0
3399,5035,0
3425,5033,0
3454,5028,0
3482,5018,0
3506,5006,0
3523,4998,0
3535,4992,0
3544,4995,0
3546,4995,0
3549,5011,0
3550,5029,0
3549,5047,0
3549,5065,0
3559,5091,0
3565,5106,0
3572,5112,0
3586,5117,0
3599,5112,0
3617,5103,0
3633,5085,0
3650,5067,0
3665,5050,0
3675,5040,0
3679,5033,0
3679,5033,0
3682,5045,0
3684,5062,0
3683,5081,0
3686,5103,0
3691,5122,0
3701,5135,0
3713,5142,0
3732,5142,0
3751,5131,0
3769,5113,0
3789,5097,0
3806,5079,0
3822,5070,0
3828,5061,0
3828,5057,0
3826,5058,0
3826,5067,0
3829,5084,0
3831,5106,0
3842,5132,0
3853,5148,0
3866,5154,0
3886,5157,0
3910,5153,0
3936,5142,0
3964,5127,0
3985,5105,0
4004,5080,0
4018,5057,0
4024,5031,0
4025,5016,0
4017,5002,0
4008,5002,0
3995,5011,0
3978,5025,0
3966,5051,0
3959,5079,0
3956,5104,0
3962,5132,0
3981,5158,0
4003,5173,1
4346,5081,0
4342,5080,0
4333,5076,0
4319,5076,0
4300,5074,0
4285,5084,0
4273,5097,0
4262,5108,0
4260,5124,0
4263,5140,0
4271,5149,0
4290,5162,0
4315,5169,0
4340,5172,0
4369,5168,0
4389,5158,0
4406,5138,1
4318,5009,0
4314,5007,0
4316,5011,0
4321,5012,0
4333,5018,0
4349,5018,0
4369,5018,0
4389,5019,0
4411,5028,0
4425,5034,0
4431,5043,0
4435,5061,0
4427,5076,0
4416,5098,0
4406,5123,0
4395,5146,0
4391,5167,0
4388,5178,0
4397,5192,0
4413,5192,0
4440,5187,1
4613,4652,0
4613,4642,0
4614,4645,0
4609,4660,0
4609,4695,0
4606,4739,0
4601,4792,0
4599,4854,0
4591,4920,0
4583,4980,0
4577,5038,0
4572,5086,0
4565,5122,0
4563,5147,0
4564,5156,0
4562,5152,0
4565,5135,0
4567,5110,0
4566,5076,0
4558,5038,0
4546,5002,0
4536,4975,0
4519,4953,0
4502,4936,0
4488,4931,0
4482,4930,0
4479,4937,0
4482,4950,0
4492,4966,0
4510,4978,0
4536,4990,0
4567,4992,0
4606,4989,0
4647,4983,0
4689,4976,0
4731,4969,0
4764,4955,1
4903,5049,0
4891,5044,0
4881,5046,0
4864,5050,0
4849,5061,0
4831,5070,0
4821,5088,0
4811,5105,0
4808,5127,0
4806,5144,0
4816,5162,0
4834,5178,0
4857,5185,0
4886,5184,0
4907,5168,0
4936,5156,0
4963,5139,1
4869,4990,0
4870,4989,0
4877,4989,0
4890,4989,0
4907,4990,0
4929,4994,0
4953,4999,0
4970,5006,0
4988,5018,0
4997,5026,0
5001,5038,0
4999,5055,0
4991,5077,0
4980,5101,0
4969,5125,0
4961,5146,0
4957,5165,0
4964,5179,0
4976,5185,0
4999,5187,0
5024,5178,0
5054,5164,0
5081,5143,0
5105,5124,0
5122,5105,0
5134,5090,0
5139,5081,0
5143,5082,0
5140,5085,0
5133,5096,0
5125,5113,0
5126,5137,0
5122,5156,0
5125,5175,0
5129,5186,0
5139,5189,0
5156,5191,0
5173,5182,0
5190,5162,0
5213,5144,0
5229,5125,0
5241,5104,0
5250,5096,0
5253,5095,0
5254,5094,0
5248,5105,0
5252,5127,0
5248,5151,0
5253,5173,0
5266,5194,0
5281,5207,0
5303,5215,0
5323,5208,1
5640,5083,0
5641,5088,0
5640,5094,0
5639,5105,0
5636,5119,0
5632,5133,0
5634,5154,0
5634,5170,0
5639,5187,0
5654,5200,0
5671,5206,0
5696,5205,0
5722,5197,0
5750,5183,0
5778,5167,0
5803,5149,0
5824,5129,0
5841,5113,0
5856,5105,0
5857,5098,0
5856,5098,0
5858,5108,0
5853,5123,0
5849,5144,0
5846,5164,0
5846,5180,0
5853,5190,0
5865,5196,0
5880,5192,0
5901,5183,0
5922,5168,0
5944,5152,0
5967,5134,0
5984,5119,0
5995,5108,0
5998,5105,0
5998,5105,0
5998,5116,0
5990,5130,0
5982,5148,0
5977,5170,0
5982,5187,0
5991,5201,0
6008,5212,0
6029,5214,0
6054,5213,0
6078,5207,0
6102,5193,0
6121,5175,1
5686,4968,0
5682,4972,0
5682,4972,0
5680,4968,0
5681,4967,1
6266,5105,0
6266,5099,0
6263,5091,0
6261,5087,0
6249,5081,0
6235,5080,0
6217,5081,0
6198,5088,0
6182,5101,0
6158,5113,0
6143,5134,0
6123,5150,0
6117,5173,0
6115,5186,0
6128,5202,0
6148,5215,0
6179,5224,0
6214,5221,0
6251,5219,0
6285,5212,0
6319,5199,1
6443,5110,0
6441,5106,0
6438,5103,0
6430,5100,0
6411,5096,0
6398,5100,0
6377,5103,0
6360,5116,0
6342,5130,0
6321,5151,0
6310,5175,0
6298,5192,0
6302,5218,0
6312,5231,0
6336,5240,0
6368,5241,0
6401,5237,0
6428,5220,0
6452,5200,0
6476,5180,0
6486,5151,0
6489,5125,0
6484,5100,0
6472,5084,0
6452,5069,0
6435,5065,0
6420,5069,0
6408,5076,0
6399,5086,0
6402,5100,0
6410,5110,0
6430,5117,0
6459,5122,0
6488,5120,0
6519,5116,0
6548,5107,0
6573,5097,0
6590,5090,0
6599,5085,0
6606,5084,0
6608,5088,0
6603,5100,0
6592,5117,0
6581,5142,0
6575,5166,0
6573,5186,0
6581,5201,0
6589,5209,0
6604,5212,0
6624,5207,0
6648,5199,0
6674,5183,0
6688,5160,0
6715,5149,0
6725,5137,0
6735,5132,0
6739,5134,0
6737,5142,0
6724,5156,0
6714,5180,0
6704,5202,0
6695,5224,0
6693,5244,0
6708,5263,0
6719,5269,1
6835,5211,0
6832,5214,0
6852,5223,0
6869,5221,0
6893,5213,1