voice enveloping his # spectators
602
479,2703,0
469,2700,0
468,2700,0
471,2705,0
479,2723,0
490,2743,0
499,2773,0
507,2799,0
515,2825,0
523,2844,0
531,2861,0
540,2867,0
583,2811,0
596,2777,0
611,2742,0
624,2704,0
632,2681,0
634,2669,0
637,2666,1
771,2722,0
772,2714,0
767,2702,0
760,2697,0
750,2691,0
737,2698,0
721,2707,0
706,2733,0
694,2756,0
694,2776,0
704,2786,0
723,2793,0
746,2792,0
767,2782,0
783,2764,0
792,2749,0
793,2729,0
786,2708,0
776,2699,0
763,2693,0
755,2688,1
890,2678,0
892,2682,0
895,2686,0
898,2698,0
897,2714,0
900,2735,0
900,2747,0
903,2758,0
905,2759,1
891,2578,0
885,2573,0
883,2565,0
885,2565,0
892,2573,1
1070,2689,0
1068,2689,0
1066,2685,0
1061,2680,0
1055,2677,0
1048,2677,0
1039,2680,0
1027,2688,0
1013,2696,0
1003,2715,0
996,2731,0
998,2752,0
1006,2760,0
1022,2768,0
1040,2772,0
1060,2772,0
1078,2769,1
1160,2747,0
1160,2747,0
1165,2748,0
1175,2743,0
1187,2730,0
1201,2718,0
1207,2702,0
1209,2690,0
1206,2681,0
1201,2678,0
1194,2678,0
1184,2682,0
1174,2691,0
1165,2703,0
1160,2719,0
1162,2736,0
1172,2751,0
1189,2758,0
1213,2762,0
1242,2763,0
1266,2758,1
1754,2717,0
1755,2717,0
1763,2714,0
1775,2703,0
1792,2690,0
1807,2669,0
1814,2650,0
1820,2640,0
1814,2625,0
1807,2619,0
1799,2618,0
1792,2624,0
1784,2634,0
1778,2656,0
1771,2680,0
1772,2708,0
1783,2726,0
1795,2722,0
1819,2719,0
1842,2709,0
1860,2686,0
1880,2668,0
1897,2649,0
1913,2636,0
1926,2627,0
1934,2628,0
1937,2637,0
1935,2650,0
1931,2668,0
1933,2684,0
1935,2692,0
1940,2690,0
1957,2688,0
1971,2666,0
1990,2647,0
2015,2637,0
2038,2637,0
2046,2639,0
2056,2656,0
2063,2674,0
2072,2692,0
2078,2703,0
2084,2709,0
2092,2710,0
2101,2699,1
2154,2624,0
2154,2628,0
2157,2636,0
2165,2650,0
2174,2668,0
2186,2685,0
2197,2697,0
2208,2700,0
2213,2694,0
2228,2683,0
2245,2662,0
2263,2639,0
2277,2620,0
2289,2606,0
2294,2589,0
2299,2578,0
2301,2564,1
2398,2661,0
2395,2659,0
2396,2658,0
2405,2658,0
2424,2657,0
2440,2648,0
2457,2634,0
2473,2621,0
2476,2601,0
2481,2593,0
2475,2583,0
2467,2579,0
2452,2578,0
2442,2588,0
2431,2603,0
2420,2623,0
2420,2645,0
2427,2659,0
2440,2666,0
2464,2672,0
2483,2666,1
2567,2466,0
2562,2473,0
2565,2500,0
2571,2530,0
2577,2563,0
2583,2597,0
2586,2624,0
2593,2648,0
2598,2659,1
2746,2582,0
2743,2574,0
2740,2566,0
2731,2563,0
2721,2565,0
2705,2575,0
2690,2596,0
2679,2617,0
2681,2634,0
2694,2646,0
2714,2647,0
2737,2637,0
2759,2622,0
2768,2606,0
2770,2594,0
2764,2584,0
2753,2577,1
2898,2600,0
2897,2596,0
2902,2598,0
2901,2598,0
2900,2603,0
2902,2623,0
2903,2651,0
2907,2683,0
2909,2707,0
2910,2725,0
2912,2738,0
2911,2740,0
2912,2739,0
2911,2730,0
2907,2708,0
2903,2681,0
2901,2654,0
2901,2624,0
2908,2598,0
2918,2576,0
2934,2558,0
2958,2550,0
2977,2549,0
2988,2551,0
2992,2558,0
2991,2569,0
2983,2586,0
2970,2606,0
2950,2622,0
2932,2630,0
2924,2631,0
2924,2627,0
2927,2613,1
3103,2533,0
3100,2543,0
3102,2562,0
3105,2579,0
3107,2593,0
3109,2607,0
3104,2612,0
3102,2608,0
3103,2598,1
3109,2412,0
3107,2408,0
3105,2405,0
3111,2410,0
3112,2420,1
3175,2541,0
3175,2540,0
3181,2540,0
3183,2538,0
3187,2540,0
3191,2548,0
3192,2558,0
3193,2572,0
3197,2585,0
3202,2592,0
3209,2596,0
3212,2593,0
3221,2585,0
3230,2572,0
3245,2559,0
3261,2550,0
3272,2544,0
3287,2546,0
3296,2554,0
3305,2567,0
3310,2580,0
3317,2596,0
3319,2605,0
3325,2610,0
3337,2610,1
3472,2529,0
3470,2520,0
3464,2515,0
3455,2519,0
3434,2528,0
3416,2546,0
3402,2564,0
3397,2575,0
3402,2581,0
3409,2579,0
3423,2572,0
3444,2563,0
3459,2554,0
3477,2553,0
3492,2560,0
3498,2572,0
3508,2595,0
3515,2622,0
3513,2647,0
3516,2676,0
3510,2699,0
3510,2721,0
3507,2729,0
3506,2731,0
3503,2728,0
3493,2714,0
3491,2707,0
3489,2692,0
3497,2678,0
3508,2656,0
3532,2639,0
3554,2622,0
3571,2611,1
4109,2370,0
4108,2371,0
4109,2376,0
4111,2388,0
4116,2408,0
4123,2433,0
4127,2460,0
4133,2485,0
4134,2504,0
4133,2519,0
4135,2528,0
4138,2531,0
4139,2530,0
4147,2526,0
4155,2510,0
4162,2487,0
4181,2468,0
4195,2456,0
4205,2448,0
4220,2449,0
4232,2459,0
4241,2475,0
4250,2495,0
4256,2515,0
4256,2529,0
4260,2543,0
4267,2553,0
4275,2556,0
4282,2547,1
4343,2482,0
4348,2490,0
4344,2503,0
4346,2519,0
4347,2533,0
4350,2543,0
4350,2543,0
4344,2530,1
4351,2345,0
4340,2338,0
4337,2336,0
4344,2340,0
4345,2346,1
4497,2450,0
4494,2446,0
4489,2447,0
4492,2449,0
4474,2448,0
4466,2453,0
4449,2458,0
4434,2464,0
4431,2470,0
4432,2475,0
4446,2482,0
4463,2486,0
4483,2493,0
4498,2497,0
4512,2507,0
4515,2514,0
4512,2527,0
4500,2538,0
4480,2545,0
4465,2552,0
4447,2550,1
4972,2421,0
4965,2423,0
4961,2432,0
4968,2452,0
4970,2479,0
4973,2514,0
4977,2552,0
4979,2588,0
4975,2617,0
4975,2639,0
4972,2651,0
4977,2657,0
4977,2659,0
4976,2653,0
4968,2635,0
4969,2610,0
4966,2578,0
4972,2545,0
4980,2511,0
4993,2480,0
5009,2453,0
5017,2431,0
5023,2419,0
5027,2412,0
5032,2412,1
4873,2540,0
4876,2541,0
4876,2541,0
4876,2541,0
4876,2540,0
4876,2540,0
4881,2540,0
4888,2538,0
4901,2531,0
4922,2527,0
4953,2523,0
4979,2519,0
5010,2514,0
5043,2512,0
5074,2507,0
5105,2503,0
5132,2502,0
5147,2500,0
5158,2499,0
5158,2499,0
5158,2499,0
5157,2500,0
5156,2501,0
5151,2503,0
5149,2505,1
5395,2390,0
5386,2388,0
5387,2388,0
5372,2390,0
5364,2397,0
5345,2407,0
5335,2417,0
5337,2422,0
5346,2430,0
5367,2434,0
5391,2439,0
5416,2445,0
5437,2455,0
5447,2462,0
5450,2473,0
5445,2482,0
5421,2493,0
5397,2504,0
5363,2509,0
5344,2511,0
5332,2507,1
5518,2392,0
5516,2398,0
5525,2417,0
5534,2443,0
5537,2473,0
5544,2511,0
5550,2541,0
5559,2566,0
5567,2585,0
5569,2590,0
5573,2592,0
5571,2586,0
5564,2565,0
5554,2543,0
5545,2517,0
5535,2492,0
5530,2467,0
5535,2441,0
5547,2416,0
5567,2394,0
5599,2384,0
5627,2381,0
5643,2385,0
5647,2395,0
5637,2415,0
5615,2432,0
5596,2453,0
5573,2462,0
5567,2465,1
5698,2446,0
5699,2444,0
5707,2435,0
5723,2421,0
5741,2403,0
5757,2388,0
5766,2376,0
5774,2370,0
5765,2370,0
5750,2376,0
5734,2390,0
5724,2411,0
5722,2433,0
5733,2447,0
5756,2454,0
5784,2451,0
5821,2439,1
5950,2361,0
5938,2358,0
5924,2361,0
5914,2372,0
5899,2388,0
5885,2408,0
5876,2426,0
5886,2443,0
5899,2451,0
5931,2450,0
5960,2437,0
5985,2420,0
6015,2400,1
6030,2260,0
6028,2263,0
6029,2280,0
6042,2311,0
6042,2341,0
6049,2376,0
6059,2410,0
6061,2434,0
6071,2453,1
6021,2369,0
6022,2367,0
6025,2361,0
6044,2357,0
6073,2350,1
6215,2364,0
6206,2367,0
6198,2373,0
6188,2387,0
6182,2410,0
6181,2434,0
6186,2451,0
6194,2453,0
6200,2450,0
6215,2435,0
6224,2413,0
6234,2391,0
6246,2374,0
6249,2366,0
6249,2365,0
6251,2372,0
6254,2394,0
6262,2416,0
6271,2437,0
6280,2454,0
6289,2464,1
6365,2241,0
6367,2244,0
6375,2260,0
6384,2290,0
6405,2429,0
6418,2449,0
6425,2454,0
6430,2453,0
6428,2446,0
6426,2429,1
6379,2366,0
6425,2351,0
6476,2340,1
6536,2341,0
6535,2344,0
6534,2346,0
6522,2354,0
6514,2364,0
6507,2382,0
6503,2401,0
6509,2420,0
6520,2424,0
6585,2379,0
6585,2359,0
6579,2341,0
6563,2327,0
6548,2323,0
6539,2325,0
6534,2326,0
6542,2326,1
6666,2339,0
6670,2340,0
6674,2350,0
6677,2366,0
6680,2380,0
6685,2399,0
6691,2417,0
6699,2429,0
6703,2431,0
6704,2427,0
6713,2416,0
6720,2398,0
6720,2379,0
6730,2361,0
6737,2345,0
6749,2333,0
6766,2323,1
6862,2318,0
6858,2318,0
6854,2318,0
6849,2320,0
6834,2323,0
6826,2334,0
6813,2346,0
6816,2360,0
6825,2372,0
6841,2384,0
6867,2395,0
6884,2408,0
6897,2419,0
6895,2434,0
6883,2444,0
6860,2457,0
6838,2469,0
6810,2475,0
6793,2473,0
6780,2473,0
6783,2468,1