coat was talking excitedly with
813
736,1650,0
735,1645,0
729,1631,0
724,1622,0
714,1611,0
700,1608,0
682,1607,0
657,1609,0
630,1626,0
604,1646,0
579,1667,0
560,1696,0
551,1730,0
550,1763,0
554,1803,0
568,1832,0
591,1852,0
624,1865,0
662,1862,0
701,1850,0
738,1843,0
770,1836,0
795,1829,0
810,1823,0
820,1816,1
959,1623,0
951,1611,0
945,1607,0
933,1605,0
918,1612,0
897,1626,0
873,1643,0
854,1668,0
838,1702,0
830,1734,0
834,1771,0
848,1797,0
873,1812,0
904,1812,0
941,1799,0
977,1777,0
1009,1751,0
1033,1725,0
1046,1701,0
1047,1680,0
1037,1664,0
1019,1651,0
994,1638,0
970,1637,0
948,1639,0
933,1642,0
927,1641,0
930,1641,0
944,1643,1
1220,1622,0
1217,1619,0
1208,1611,0
1200,1607,0
1185,1605,0
1167,1607,0
1149,1616,0
1124,1620,0
1105,1636,0
1093,1661,0
1084,1685,0
1085,1713,0
1094,1733,0
1113,1752,0
1138,1763,0
1166,1763,0
1192,1749,0
1213,1727,0
1230,1705,0
1242,1680,0
1271,1649,0
1270,1625,0
1264,1609,0
1252,1607,0
1245,1611,0
1241,1620,0
1237,1645,0
1210,1675,0
1218,1707,0
1232,1738,0
1245,1756,0
1264,1775,0
1283,1780,0
1303,1781,0
1321,1771,0
1336,1752,0
1351,1729,0
1363,1699,0
1372,1660,0
1375,1619,0
1378,1582,0
1380,1549,0
1374,1517,0
1365,1491,0
1357,1476,0
1349,1469,0
1346,1470,0
1342,1471,0
1339,1480,0
1341,1503,0
1344,1532,0
1352,1567,0
1362,1605,0
1372,1645,0
1381,1679,0
1394,1709,0
1407,1731,0
1419,1744,0
1423,1744,0
1424,1744,0
1422,1736,0
1412,1718,0
1401,1703,0
1381,1688,0
1358,1671,0
1344,1665,0
1341,1667,0
1344,1666,0
1356,1660,0
1383,1655,0
1420,1650,0
1456,1650,0
1481,1643,0
1500,1642,0
1512,1643,0
1522,1645,0
1519,1640,1
2127,1529,0
2125,1531,0
2123,1537,0
2118,1550,0
2117,1571,0
2121,1599,0
2125,1626,0
2133,1654,0
2144,1680,0
2156,1702,0
2174,1718,0
2190,1721,0
2204,1716,0
2216,1707,0
2224,1691,0
2224,1666,0
2229,1638,0
2231,1609,0
2227,1583,0
2226,1568,0
2221,1562,0
2219,1563,0
2217,1570,0
2215,1587,0
2215,1613,0
2224,1646,0
2234,1673,0
2252,1695,0
2270,1706,0
2289,1707,0
2312,1704,0
2331,1693,0
2342,1674,0
2348,1654,0
2345,1630,0
2342,1611,0
2335,1597,0
2326,1589,0
2316,1585,0
2307,1583,0
2305,1585,0
2304,1590,0
2312,1599,0
2323,1607,0
2339,1614,1
2440,1603,0
2430,1596,0
2423,1592,0
2415,1589,0
2398,1587,0
2385,1594,0
2374,1610,0
2357,1629,0
2356,1657,0
2356,1683,0
2369,1704,0
2386,1715,0
2405,1720,0
2427,1718,0
2439,1707,0
2451,1691,0
2459,1673,0
2461,1649,0
2466,1628,0
2459,1607,0
2449,1594,0
2442,1590,0
2440,1592,0
2437,1595,0
2439,1610,0
2441,1629,0
2453,1657,0
2460,1677,0
2473,1697,0
2483,1710,0
2490,1714,0
2497,1715,0
2497,1708,0
2500,1694,0
2499,1674,0
2503,1653,0
2503,1631,0
2504,1613,0
2513,1605,0
2523,1601,0
2534,1599,0
2556,1607,0
2577,1619,0
2596,1634,0
2610,1653,0
2621,1672,0
2620,1685,0
2621,1701,0
2613,1709,0
2601,1715,0
2591,1719,0
2583,1715,0
2580,1702,1
3019,1591,0
3029,1571,0
3044,1549,0
3052,1524,0
3063,1493,0
3069,1462,0
3075,1430,0
3068,1398,0
3064,1374,0
3056,1355,0
3045,1341,0
3039,1336,0
3037,1339,0
3036,1349,0
3037,1372,0
3040,1405,0
3048,1443,0
3058,1487,0
3070,1533,0
3081,1580,0
3093,1625,0
3101,1662,0
3103,1685,0
3112,1700,0
3111,1701,0
3112,1700,0
3107,1687,0
3098,1666,0
3079,1638,0
3060,1616,0
3047,1607,0
3033,1600,0
3033,1599,0
3037,1599,0
3052,1600,0
3080,1602,0
3109,1603,0
3142,1605,0
3170,1607,0
3198,1607,0
3223,1606,1
3286,1614,0
3286,1606,0
3283,1596,0
3281,1584,0
3274,1574,0
3264,1567,0
3250,1567,0
3227,1573,0
3206,1589,0
3195,1611,0
3188,1637,0
3189,1662,0
3202,1686,0
3218,1699,0
3238,1704,0
3262,1698,0
3279,1682,0
3300,1664,0
3314,1644,0
3317,1623,0
3321,1610,0
3316,1604,0
3308,1602,0
3300,1606,0
3291,1619,0
3293,1640,0
3296,1664,0
3308,1688,0
3328,1708,0
3346,1718,0
3368,1720,0
3398,1713,0
3424,1695,0
3445,1669,0
3462,1635,0
3472,1594,0
3480,1550,0
3477,1506,0
3472,1464,0
3460,1427,0
3448,1393,0
3433,1368,0
3418,1353,0
3403,1348,0
3387,1352,0
3375,1367,0
3366,1392,0
3353,1424,0
3354,1464,0
3361,1506,0
3374,1549,0
3383,1586,0
3399,1622,0
3423,1652,0
3447,1674,0
3469,1684,0
3490,1680,0
3519,1671,0
3538,1649,0
3559,1621,0
3568,1582,0
3580,1541,0
3583,1496,0
3585,1458,0
3571,1423,0
3561,1398,0
3551,1381,0
3537,1372,0
3529,1372,0
3525,1382,0
3527,1404,0
3533,1436,0
3544,1474,0
3554,1515,0
3568,1555,0
3583,1594,0
3593,1625,0
3599,1648,0
3606,1659,0
3606,1659,0
3607,1656,0
3613,1648,0
3618,1630,0
3624,1611,0
3634,1594,0
3643,1578,0
3645,1564,0
3654,1558,0
3654,1558,0
3656,1562,0
3649,1568,0
3644,1584,0
3630,1602,0
3626,1625,0
3625,1643,0
3631,1655,0
3650,1663,0
3677,1666,0
3699,1658,0
3724,1645,0
3747,1630,0
3759,1614,0
3766,1602,0
3763,1592,0
3761,1587,0
3756,1587,0
3755,1589,0
3752,1594,0
3758,1610,0
3766,1627,0
3772,1641,0
3780,1653,0
3793,1662,0
3798,1662,0
3806,1662,0
3810,1657,0
3807,1645,1
3740,1459,0
3734,1455,0
3727,1450,0
3731,1450,0
3742,1456,1
3830,1566,0
3829,1570,0
3824,1578,0
3826,1592,0
3831,1608,0
3829,1621,0
3831,1635,0
3828,1639,0
3828,1639,0
3829,1638,0
3828,1632,0
3831,1618,0
3836,1599,0
3841,1581,0
3847,1569,0
3858,1563,0
3872,1564,0
3882,1569,0
3895,1580,0
3901,1594,0
3909,1613,0
3914,1631,0
3920,1645,0
3929,1654,0
3937,1657,1
4032,1601,0
4036,1594,0
4034,1587,0
4029,1579,0
4019,1573,0
4010,1571,0
4001,1572,0
3991,1575,0
3982,1584,0
3979,1598,0
3986,1614,0
4000,1628,0
4019,1636,0
4043,1642,0
4058,1646,0
4080,1657,0
4086,1671,0
4094,1691,0
4095,1715,0
4094,1745,0
4085,1771,0
4079,1798,0
4068,1817,0
4062,1829,0
4056,1831,0
4053,1828,0
4046,1815,0
4040,1793,0
4036,1767,0
4045,1743,0
4060,1714,0
4082,1687,1
4593,1713,0
4587,1714,0
4598,1720,0
4615,1722,0
4640,1715,0
4659,1702,0
4675,1684,0
4690,1667,0
4704,1645,0
4705,1622,0
4702,1594,0
4701,1566,0
4692,1543,0
4685,1529,0
4663,1521,0
4644,1522,0
4623,1534,0
4602,1555,0
4587,1583,0
4582,1614,0
4588,1643,0
4603,1667,0
4622,1685,0
4647,1698,0
4671,1704,0
4698,1703,0
4728,1691,0
4756,1664,0
4789,1636,0
4810,1606,0
4826,1574,0
4845,1556,0
4851,1542,0
4857,1538,0
4853,1536,0
4856,1539,0
4853,1546,0
4850,1556,0
4842,1563,0
4832,1568,0
4821,1566,1
4732,1541,0
4731,1541,0
4742,1548,0
4754,1560,0
4781,1580,0
4804,1601,0
4829,1622,0
4854,1645,0
4872,1665,0
4888,1681,0
4905,1691,0
4913,1693,1
5014,1547,0
5020,1543,0
5017,1539,0
5014,1536,0
5010,1534,0
4999,1542,0
4980,1549,0
4965,1565,0
4950,1585,0
4946,1607,0
4950,1631,0
4962,1656,0
4982,1672,0
5011,1681,0
5035,1674,0
5066,1664,0
5091,1643,0
5111,1621,0
5124,1599,0
5127,1575,0
5130,1556,0
5120,1547,0
5113,1545,0
5110,1553,0
5108,1569,0
5109,1592,0
5113,1615,0
5122,1639,0
5128,1658,0
5136,1670,0
5146,1677,0
5149,1679,0
5154,1679,1
5067,1403,0
5049,1377,0
5038,1361,0
5044,1352,0
5050,1349,1
5192,1457,0
5199,1447,0
5218,1428,0
5233,1404,0
5247,1372,0
5254,1347,0
5256,1325,0
5253,1307,0
5244,1293,0
5238,1287,0
5233,1288,0
5226,1297,0
5221,1317,0
5208,1348,0
5214,1386,0
5213,1430,0
5219,1475,0
5230,1521,0
5241,1563,0
5250,1599,0
5254,1624,0
5265,1641,0
5267,1648,0
5272,1647,0
5271,1637,1
5207,1565,0
5200,1572,0
5197,1580,0
5203,1590,0
5212,1598,0
5236,1604,0
5257,1604,0
5284,1599,0
5308,1590,0
5332,1581,0
5344,1571,0
5351,1562,0
5355,1553,0
5354,1543,0
5351,1535,0
5349,1529,0
5338,1526,0
5333,1527,0
5320,1528,0
5310,1534,0
5307,1543,0
5303,1557,0
5294,1572,0
5296,1590,0
5290,1607,0
5293,1623,0
5300,1639,0
5308,1652,0
5326,1662,0
5337,1666,0
5354,1667,0
5366,1668,0
5375,1667,0
5376,1667,0
5376,1665,0
5376,1667,0
5371,1665,0
5372,1663,0
5370,1655,1
5536,1550,0
5520,1544,0
5514,1539,0
5502,1537,0
5494,1537,0
5484,1541,0
5473,1549,0
5472,1566,0
5470,1585,0
5471,1608,0
5477,1629,0
5483,1648,0
5496,1661,0
5507,1665,0
5528,1664,0
5545,1653,0
5564,1635,0
5576,1609,0
5582,1576,0
5590,1539,0
5578,1496,0
5575,1462,0
5563,1430,0
5552,1406,0
5542,1387,0
5540,1379,0
5536,1376,0
5536,1379,0
5537,1389,0
5542,1417,0
5551,1455,0
5560,1496,0
5572,1542,0
5580,1584,0
5587,1614,0
5600,1638,0
5606,1645,0
5619,1647,0
5634,1637,0
5650,1616,0
5664,1583,0
5680,1545,0
5696,1503,0
5699,1465,0
5694,1423,0
5701,1398,0
5687,1374,0
5680,1365,0
5665,1358,0
5656,1364,0
5639,1381,0
5627,1413,0
5618,1457,0
5612,1507,0
5610,1553,0
5618,1597,0
5627,1631,0
5645,1655,0
5663,1667,0
5687,1667,0
5707,1657,0
5725,1644,0
5740,1623,0
5753,1604,0
5751,1585,0
5754,1577,0
5747,1571,0
5742,1571,0
5733,1576,0
5730,1587,0
5741,1604,0
5750,1618,0
5767,1627,0
5783,1628,0
5799,1619,0
5815,1609,0
5815,1594,0
5817,1585,0
5809,1573,0
5810,1570,0
5798,1566,0
5801,1572,0
5794,1580,0
5804,1604,0
5815,1636,0
5823,1674,0
5832,1714,0
5843,1756,0
5855,1798,0
5856,1833,0
5849,1862,0
5822,1891,0
5808,1893,0
5789,1886,0
5772,1877,0
5759,1864,0
5748,1847,0
5742,1829,0
5751,1803,0
5765,1776,0
5785,1755,0
5798,1740,0
5813,1734,0
5823,1730,1
6167,1557,0
6167,1556,0
6167,1555,0
6167,1555,0
6167,1572,0
6168,1598,0
6172,1628,0
6184,1658,0
6220,1705,0
6236,1707,0
6252,1696,0
6269,1679,0
6276,1657,0
6285,1627,0
6293,1598,0
6287,1573,0
6283,1557,0
6276,1552,0
6268,1551,0
6267,1556,0
6267,1571,0
6268,1597,0
6275,1631,0
6291,1660,0
6313,1688,0
6334,1699,0
6358,1702,0
6407,1663,0
6418,1639,0
6421,1614,0
6418,1591,0
6412,1570,0
6406,1561,0
6405,1565,0
6405,1565,0
6408,1568,0
6414,1578,0
6423,1589,0
6440,1604,0
6454,1614,0
6466,1633,0
6473,1635,0
6477,1651,0
6476,1653,0
6478,1663,0
6478,1662,0
6474,1664,1
6397,1397,0
6388,1381,0
6387,1372,0
6384,1365,0
6385,1360,1
6483,1322,0
6474,1326,0
6472,1336,0
6468,1356,0
6469,1387,0
6476,1426,0
6481,1476,0
6493,1526,0
6504,1566,0
6513,1592,0
6519,1617,0
6531,1637,0
6531,1637,0
6527,1635,0
6529,1627,0
6525,1611,0
6524,1597,0
6549,1552,0
6564,1522,0
6580,1492,0
6594,1454,0
6607,1412,0
6605,1385,0
6605,1363,0
6592,1349,0
6582,1343,0
6572,1348,0
6564,1366,0
6565,1396,0
6565,1435,0
6567,1476,0
6570,1514,0
6577,1552,0
6589,1603,0
6595,1614,0
6595,1614,0
6599,1612,0
6596,1610,0
6608,1597,0
6621,1576,1
6722,1587,0
6718,1601,0
6719,1613,0
6715,1616,0
6714,1618,0
6707,1611,0
6701,1601,0
6692,1587,1
6419,1491,0
6445,1488,0
6485,1478,0
6523,1474,0
6541,1467,1