sous-lieutenant, a veteran of the Indo-
615
650,2583,0
656,2600,0
663,2610,0
674,2620,0
690,2622,0
711,2621,0
733,2617,0
755,2607,0
772,2593,0
785,2579,0
792,2560,0
793,2548,0
784,2531,0
770,2521,0
748,2505,0
725,2498,0
707,2482,0
694,2465,0
692,2456,0
697,2441,0
715,2423,0
737,2407,0
755,2393,0
769,2396,0
784,2397,1
919,2447,0
921,2451,0
921,2451,0
912,2458,0
890,2469,0
871,2484,0
855,2502,0
844,2529,0
841,2553,0
847,2574,0
863,2587,0
890,2593,0
911,2575,0
927,2556,0
937,2532,0
939,2504,0
935,2476,1
1023,2461,0
1025,2464,0
1025,2468,0
1020,2487,0
1011,2512,0
1006,2540,0
1008,2568,0
1019,2580,0
1037,2589,0
1058,2581,0
1076,2560,0
1090,2537,0
1105,2516,0
1118,2497,0
1126,2484,0
1130,2480,0
1134,2484,0
1134,2500,0
1134,2528,0
1131,2552,0
1131,2577,0
1136,2596,0
1145,2604,0
1159,2607,0
1179,2606,0
1201,2598,0
1218,2589,0
1232,2588,0
1239,2584,0
1243,2579,0
1245,2575,0
1242,2567,0
1234,2548,0
1228,2532,0
1224,2512,0
1221,2492,0
1225,2480,0
1228,2464,0
1234,2447,0
1242,2439,0
1256,2438,1
1446,2504,0
1447,2504,0
1445,2504,0
1433,2506,0
1412,2509,1
1578,2336,0
1582,2340,0
1582,2347,0
1581,2356,0
1576,2374,0
1567,2400,0
1554,2439,0
1539,2492,0
1525,2539,0
1517,2581,0
1521,2617,0
1523,2629,0
1527,2632,1
1587,2605,0
1597,2614,0
1606,2617,0
1616,2598,0
1624,2576,1
1679,2410,0
1682,2413,0
1680,2405,0
1688,2399,0
1694,2390,1
1780,2664,0
1786,2667,0
1787,2666,0
1780,2664,0
1763,2660,0
1745,2657,0
1730,2649,0
1722,2639,0
1720,2622,0
1727,2604,0
1742,2579,0
1763,2553,0
1782,2527,0
1793,2510,0
1802,2512,0
1807,2519,0
1808,2526,0
1802,2537,0
1795,2560,0
1781,2577,0
1766,2593,1
1891,2546,0
1894,2553,0
1896,2562,0
1894,2571,0
1887,2586,0
1879,2601,0
1874,2615,0
1880,2630,0
1889,2639,0
1903,2647,0
1920,2642,0
1937,2623,0
1954,2601,0
1971,2573,0
1986,2563,0
1990,2562,0
1988,2571,0
1984,2593,0
1977,2626,0
1976,2652,0
1978,2668,0
1981,2671,0
1987,2661,0
2001,2643,0
2017,2620,1
2096,2357,0
2107,2356,0
2110,2355,0
2112,2358,0
2109,2381,0
2096,2427,0
2082,2490,0
2062,2541,0
2057,2587,1
2094,2506,0
2079,2517,0
2058,2526,0
2048,2526,0
2043,2514,1
2188,2648,0
2197,2658,0
2194,2663,0
2189,2666,0
2172,2664,0
2154,2659,0
2145,2650,0
2137,2631,0
2140,2604,0
2155,2575,0
2174,2545,0
2201,2519,0
2222,2500,0
2233,2499,0
2237,2510,0
2237,2528,0
2224,2548,0
2200,2573,0
2171,2590,0
2159,2604,0
2164,2615,1
2276,2638,0
2287,2647,0
2294,2647,0
2304,2633,0
2314,2610,0
2326,2582,0
2330,2552,0
2332,2538,0
2329,2540,0
2322,2557,0
2312,2589,0
2309,2622,0
2304,2638,0
2306,2647,0
2311,2649,0
2321,2630,0
2344,2604,0
2364,2572,0
2384,2551,0
2393,2547,0
2395,2563,0
2389,2594,0
2388,2627,0
2391,2647,0
2399,2656,1
2519,2552,0
2526,2562,0
2521,2569,0
2513,2574,0
2495,2580,0
2479,2589,0
2468,2601,0
2459,2615,0
2459,2629,0
2468,2642,0
2483,2647,0
2499,2642,0
2516,2629,0
2532,2614,0
2541,2591,0
2555,2572,0
2560,2564,0
2565,2575,0
2560,2597,0
2557,2632,0
2555,2661,1
2606,2639,0
2616,2647,0
2616,2643,0
2625,2628,0
2635,2607,0
2643,2584,0
2645,2563,0
2649,2561,0
2643,2564,0
2639,2586,0
2637,2621,0
2634,2646,0
2630,2658,0
2634,2664,0
2639,2661,0
2651,2644,0
2668,2620,0
2685,2594,0
2703,2573,0
2717,2564,0
2724,2567,0
2731,2588,0
2733,2620,0
2731,2650,0
2729,2670,1
2835,2335,0
2838,2338,0
2840,2341,0
2838,2353,0
2830,2386,0
2817,2437,0
2806,2495,0
2793,2548,0
2788,2601,0
2783,2639,0
2786,2666,0
2792,2676,0
2797,2668,1
2825,2510,0
2825,2516,0
2811,2516,0
2801,2514,0
2789,2502,1
2943,2692,0
2946,2699,0
2941,2712,0
2934,2729,0
2919,2748,1
3180,2557,0
3189,2555,0
3187,2552,0
3184,2553,0
3165,2564,0
3144,2584,0
3125,2605,0
3113,2630,0
3105,2651,0
3107,2671,0
3119,2682,0
3138,2683,0
3158,2671,0
3175,2651,0
3193,2630,0
3211,2610,0
3224,2593,0
3232,2591,0
3234,2595,0
3236,2614,0
3227,2643,0
3228,2680,0
3225,2703,0
3232,2719,0
3240,2721,1
3474,2606,0
3487,2616,0
3496,2630,0
3499,2642,0
3503,2667,0
3501,2697,0
3503,2727,0
3510,2749,0
3520,2755,0
3539,2749,0
3564,2724,0
3593,2691,0
3615,2652,0
3633,2621,0
3650,2610,0
3652,2607,0
3657,2613,1
3760,2738,0
3762,2741,0
3765,2744,0
3750,2742,0
3732,2743,0
3716,2736,0
3708,2728,0
3705,2714,0
3709,2698,0
3729,2677,0
3752,2653,0
3780,2629,0
3802,2610,0
3810,2608,0
3811,2618,0
3805,2637,0
3784,2660,0
3766,2685,0
3749,2704,0
3747,2717,0
3752,2723,1
3934,2486,0
3939,2480,0
3942,2477,0
3946,2478,0
3944,2487,0
3937,2514,0
3923,2551,0
3914,2598,0
3899,2639,0
3897,2677,0
3899,2705,0
3899,2717,0
3900,2717,1
3934,2605,0
3927,2608,0
3907,2618,0
3894,2620,1
4037,2724,0
4045,2734,0
4041,2733,0
4030,2732,0
4014,2733,0
4000,2729,0
3988,2719,0
3983,2707,0
3988,2689,0
4005,2670,0
4022,2649,0
4041,2627,0
4067,2615,0
4081,2610,0
4089,2613,0
4094,2619,0
4095,2630,0
4084,2644,0
4068,2663,0
4050,2678,0
4044,2686,1
4153,2724,0
4147,2724,0
4151,2726,0
4152,2724,0
4152,2724,0
4149,2717,0
4149,2709,0
4150,2696,0
4154,2679,0
4155,2653,0
4157,2631,0
4159,2615,0
4164,2608,0
4164,2603,0
4171,2600,0
4185,2596,0
4207,2593,0
4222,2592,0
4236,2594,0
4246,2594,0
4256,2596,1
4380,2596,0
4385,2602,0
4386,2607,0
4380,2608,0
4365,2616,0
4348,2625,0
4332,2634,0
4318,2645,0
4311,2661,0
4313,2678,0
4314,2695,0
4323,2709,0
4331,2719,0
4340,2720,0
4352,2713,0
4372,2693,0
4387,2659,1
4409,2609,0
4412,2619,0
4408,2639,0
4406,2668,0
4408,2692,0
4410,2708,0
4417,2713,0
4428,2712,1
4474,2697,0
4478,2705,0
4480,2702,0
4485,2690,0
4494,2664,0
4500,2636,0
4507,2619,0
4508,2618,0
4502,2625,1
4481,2701,0
4483,2719,0
4485,2722,0
4500,2717,0
4517,2693,0
4539,2663,0
4558,2637,0
4577,2623,0
4584,2621,0
4591,2630,0
4606,2653,0
4610,2674,0
4618,2697,0
4622,2712,0
4632,2725,0
4648,2731,1
4945,2626,0
4945,2626,0
4935,2627,0
4925,2636,0
4911,2643,0
4905,2652,0
4898,2663,0
4888,2677,0
4894,2698,0
4901,2717,0
4917,2734,0
4936,2744,0
4949,2745,0
4963,2731,0
4975,2704,0
4985,2675,0
4989,2647,1
5086,2741,0
5083,2738,0
5084,2729,0
5089,2705,0
5093,2677,0
5101,2642,0
5110,2603,0
5119,2565,0
5122,2530,0
5120,2499,0
5129,2478,0
5133,2462,0
5141,2456,0
5143,2452,0
5151,2456,0
5159,2464,0
5171,2476,1
5149,2618,0
5142,2622,0
5134,2627,0
5114,2620,0
5105,2613,1
5473,2490,0
5478,2499,0
5481,2510,0
5482,2523,0
5472,2568,0
5467,2603,0
5457,2653,0
5444,2707,0
5436,2751,0
5429,2789,0
5424,2796,0
5431,2790,1
5495,2633,0
5493,2645,0
5473,2656,0
5459,2658,0
5440,2650,0
5431,2642,0
5424,2629,0
5429,2620,1
5576,2500,0
5581,2509,0
5586,2526,0
5586,2549,0
5560,2681,0
5554,2726,0
5550,2755,0
5555,2771,0
5567,2773,0
5588,2762,0
5619,2740,0
5638,2714,0
5650,2700,0
5657,2713,0
5654,2784,1
5788,2782,0
5791,2784,0
5793,2782,0
5780,2779,0
5721,2764,0
5727,2726,0
5805,2648,0
5813,2651,0
5813,2685,0
5750,2735,1
6097,2502,0
6102,2509,0
6100,2513,0
6104,2523,0
6100,2541,0
6089,2575,0
6078,2625,0
6048,2738,0
6041,2776,0
6045,2794,0
6056,2792,0
6071,2779,1
6102,2779,0
6109,2784,0
6112,2780,0
6119,2764,0
6128,2738,0
6136,2688,1
6182,2721,0
6201,2701,1
6225,2717,0
6227,2736,0
6230,2758,0
6227,2780,0
6227,2800,0
6227,2815,1
6344,2753,0
6367,2742,0
6382,2731,0
6393,2718,0
6401,2708,0
6406,2701,0
6401,2700,0
6390,2704,0
6376,2717,0
6358,2735,0
6336,2806,0
6484,2607,0
6489,2586,0
6490,2574,0
6490,2574,0
6491,2580,0
6488,2607,0
6481,2652,0
6454,2758,0
6449,2803,0
6452,2824,0
6461,2823,1
6602,2733,0
6603,2731,0
6600,2729,0
6592,2726,0
6575,2724,0
6556,2729,0
6539,2738,0
6527,2753,0
6517,2773,0
6517,2800,0
6520,2821,0
6561,2847,0
6582,2840,0
6606,2829,0
6626,2814,0
6643,2797,0
6650,2782,0
6652,2768,0
6645,2754,0
6636,2745,1
6869,2704,0
6872,2709,0
6865,2714,0
6844,2722,0
6821,2726,1