He went swiftly on to cigarette triks.
726
523,3766,0
516,3764,0
518,3761,0
525,3746,0
532,3730,0
540,3708,0
551,3682,0
564,3659,0
574,3644,0
583,3633,0
590,3634,0
596,3636,0
602,3648,0
606,3673,0
607,3705,0
607,3746,0
607,3790,0
608,3834,0
607,3875,0
606,3906,0
605,3931,0
606,3939,0
608,3939,0
612,3932,0
621,3909,0
634,3874,0
652,3828,0
672,3785,0
692,3740,0
709,3697,0
724,3662,0
734,3636,0
737,3624,0
735,3624,0
731,3627,0
723,3643,0
713,3665,0
703,3701,0
699,3740,0
697,3776,0
702,3809,0
711,3838,0
725,3855,0
740,3869,0
754,3870,0
767,3863,0
780,3844,0
791,3817,0
801,3790,0
806,3759,0
805,3738,0
802,3726,0
797,3721,0
792,3729,0
784,3732,0
777,3759,0
774,3792,0
780,3824,0
798,3858,0
822,3875,0
856,3889,1
1022,3756,0
1015,3752,0
1012,3752,0
1012,3752,0
1014,3760,0
1017,3776,0
1019,3800,0
1022,3829,0
1026,3848,0
1032,3856,0
1042,3860,0
1054,3852,0
1066,3829,0
1078,3796,0
1090,3769,0
1097,3749,0
1100,3737,0
1101,3732,0
1100,3732,0
1100,3740,0
1103,3764,0
1107,3792,0
1112,3812,0
1119,3828,0
1129,3836,0
1139,3836,0
1151,3828,0
1165,3807,0
1178,3780,0
1191,3754,0
1201,3738,0
1210,3727,0
1214,3714,1
1249,3793,0
1252,3788,0
1261,3788,0
1276,3771,0
1288,3750,0
1295,3726,0
1296,3710,0
1291,3698,0
1285,3690,0
1278,3687,0
1272,3691,0
1265,3700,0
1259,3720,0
1257,3744,0
1258,3768,0
1266,3788,0
1281,3803,0
1299,3806,0
1319,3797,0
1341,3779,0
1365,3753,0
1387,3723,0
1406,3698,0
1419,3684,0
1424,3675,0
1423,3676,0
1424,3692,0
1420,3716,0
1416,3745,0
1414,3773,0
1417,3797,0
1423,3808,0
1430,3807,0
1442,3802,0
1456,3781,0
1471,3751,0
1488,3721,0
1501,3696,0
1508,3674,0
1511,3670,0
1511,3670,0
1510,3670,0
1511,3686,0
1512,3710,0
1517,3738,0
1524,3761,0
1537,3779,0
1553,3789,0
1576,3795,0
1600,3779,0
1627,3747,0
1651,3707,0
1669,3663,1
1693,3521,0
1689,3526,0
1691,3546,0
1694,3565,0
1698,3593,0
1702,3625,0
1702,3658,0
1702,3694,0
1706,3730,0
1715,3761,0
1723,3783,0
1735,3798,0
1748,3804,0
1759,3797,0
1768,3783,0
1773,3758,0
1771,3730,1
1681,3661,0
1689,3660,0
1715,3655,0
1754,3640,1
2223,3654,0
2224,3654,0
2227,3653,0
2228,3643,0
2235,3629,0
2244,3621,0
2248,3617,0
2248,3616,0
2248,3616,0
2251,3619,0
2255,3626,0
2260,3641,0
2265,3660,0
2268,3685,0
2269,3710,0
2269,3735,0
2265,3754,0
2261,3767,0
2258,3773,0
2254,3774,0
2246,3772,0
2234,3764,0
2229,3757,0
2223,3746,0
2227,3728,1
2327,3635,0
2318,3642,0
2314,3661,0
2311,3683,0
2313,3708,0
2316,3732,0
2318,3749,0
2323,3759,0
2325,3759,0
2330,3757,0
2335,3738,0
2342,3710,0
2348,3683,0
2352,3673,0
2353,3672,0
2353,3672,0
2355,3680,0
2362,3699,0
2371,3716,0
2382,3734,0
2393,3743,0
2404,3747,0
2413,3744,0
2425,3731,0
2437,3705,0
2450,3679,0
2460,3649,0
2469,3629,0
2473,3605,1
2499,3598,0
2499,3602,0
2504,3618,0
2511,3641,0
2519,3664,0
2522,3689,0
2522,3714,0
2521,3728,0
2519,3728,1
2528,3500,0
2524,3489,0
2523,3480,0
2528,3473,1
2618,3595,0
2621,3598,1
2619,3586,0
2625,3571,0
2632,3549,0
2635,3526,0
2638,3502,0
2637,3480,0
2636,3459,0
2634,3447,0
2629,3440,0
2624,3443,0
2615,3451,0
2604,3474,0
2596,3508,0
2591,3551,0
2588,3600,0
2589,3647,0
2597,3691,0
2605,3723,0
2615,3744,0
2623,3754,0
2627,3753,0
2624,3737,0
2618,3713,1
2600,3621,0
2602,3620,0
2615,3623,0
2642,3624,0
2670,3616,0
2696,3604,0
2715,3590,0
2726,3571,1
2749,3443,0
2739,3449,0
2736,3460,0
2739,3484,0
2739,3507,0
2739,3534,0
2739,3565,0
2741,3596,0
2748,3623,0
2759,3644,0
2777,3658,0
2794,3662,0
2815,3661,0
2825,3647,0
2837,3636,0
2838,3619,0
2832,3603,1
2738,3578,0
2743,3581,0
2753,3589,0
2776,3596,0
2800,3602,1
2873,3560,0
2864,3565,0
2854,3574,0
2851,3589,0
2849,3603,0
2852,3616,0
2857,3622,0
2871,3629,0
2881,3624,0
2900,3617,0
2914,3602,0
2926,3590,0
2935,3585,0
2935,3585,0
2936,3590,0
2934,3595,0
2937,3612,0
2937,3630,0
2942,3655,0
2946,3679,0
2952,3708,0
2950,3732,0
2947,3760,0
2941,3785,0
2931,3809,0
2912,3823,0
2895,3836,0
2871,3843,0
2854,3848,1
3347,3571,0
3338,3571,0
3332,3576,0
3326,3575,0
3327,3583,0
3326,3599,0
3322,3615,0
3322,3639,0
3322,3658,0
3327,3674,0
3334,3684,0
3345,3686,0
3359,3682,0
3370,3670,0
3384,3657,0
3388,3634,0
3389,3614,0
3382,3595,0
3376,3580,0
3363,3568,0
3356,3564,0
3349,3559,0
3347,3561,0
3344,3562,0
3349,3564,1
3457,3538,0
3450,3549,0
3448,3578,0
3449,3603,0
3452,3626,0
3457,3646,0
3459,3654,0
3462,3656,0
3469,3653,0
3480,3640,0
3493,3612,0
3507,3582,0
3518,3559,0
3526,3553,0
3527,3553,0
3528,3556,0
3532,3578,0
3535,3607,0
3540,3632,0
3555,3655,0
3580,3672,0
3614,3677,0
3655,3667,0
3694,3648,0
3737,3620,1
3891,3444,0
3893,3448,0
3893,3448,0
3893,3453,0
3898,3469,0
3901,3488,0
3902,3513,0
3899,3542,0
3901,3576,0
3905,3605,0
3916,3633,0
3929,3652,0
3949,3667,0
3965,3674,0
3983,3676,0
3994,3666,0
4004,3652,1
3902,3587,0
3905,3590,0
3912,3588,0
3938,3588,0
3973,3584,1
4095,3563,0
4086,3566,0
4078,3568,0
4074,3571,0
4070,3575,0
4061,3582,0
4056,3592,0
4051,3607,0
4053,3627,0
4057,3644,0
4065,3658,0
4073,3662,0
4084,3664,0
4095,3658,0
4104,3641,0
4111,3618,0
4114,3594,0
4109,3573,0
4098,3555,0
4080,3544,0
4071,3542,1
4498,3562,0
4483,3561,0
4474,3563,0
4464,3568,0
4460,3578,0
4459,3596,0
4456,3614,0
4456,3636,0
4461,3655,0
4467,3671,0
4482,3684,0
4492,3686,0
4510,3679,0
4529,3661,0
4551,3633,0
4572,3607,0
4582,3578,1
4593,3551,0
4593,3551,0
4589,3549,0
4590,3554,0
4588,3556,0
4589,3578,0
4589,3600,0
4590,3623,0
4601,3645,0
4605,3653,0
4609,3655,0
4608,3639,1
4607,3472,0
4599,3463,0
4599,3462,0
4603,3459,1
4727,3537,0
4722,3531,0
4717,3525,0
4707,3517,0
4704,3515,0
4695,3513,0
4688,3514,0
4680,3518,0
4675,3528,0
4677,3543,0
4679,3559,0
4684,3571,0
4692,3580,0
4704,3585,0
4712,3587,0
4719,3586,0
4726,3585,0
4729,3588,0
4728,3594,0
4730,3610,0
4725,3632,0
4724,3655,0
4719,3685,0
4714,3718,0
4703,3747,0
4693,3769,0
4683,3785,0
4666,3790,0
4655,3795,0
4639,3789,0
4625,3778,0
4616,3766,0
4612,3754,1
4848,3540,0
4840,3537,0
4834,3537,0
4827,3535,0
4822,3539,0
4814,3542,0
4806,3551,0
4801,3569,0
4795,3586,0
4799,3607,0
4804,3624,0
4812,3638,0
4821,3646,0
4828,3645,0
4835,3643,0
4842,3630,0
4846,3607,0
4850,3580,0
4853,3559,0
4856,3544,0
4854,3535,0
4854,3532,0
4851,3532,0
4850,3533,0
4853,3541,0
4857,3560,0
4864,3582,0
4881,3599,0
4902,3612,1
4993,3545,0
4993,3545,0
4992,3546,0
4988,3544,0
4990,3548,0
4988,3550,0
4988,3563,0
4984,3580,0
4982,3595,0
4987,3612,0
4992,3620,0
4994,3623,0
4999,3623,0
4995,3621,0
4998,3618,0
5000,3603,0
5002,3583,0
5009,3568,0
5014,3556,0
5014,3551,0
5019,3551,0
5020,3551,0
5026,3556,0
5033,3566,0
5043,3579,0
5052,3592,0
5064,3597,0
5078,3600,0
5089,3593,0
5103,3583,0
5109,3563,0
5117,3547,0
5121,3530,0
5120,3519,0
5115,3513,0
5108,3513,0
5101,3516,0
5094,3525,0
5087,3540,0
5087,3564,0
5088,3587,0
5098,3612,0
5115,3629,0
5132,3641,0
5156,3643,0
5178,3636,0
5197,3620,0
5211,3597,0
5223,3570,1
5207,3430,0
5203,3436,0
5204,3453,0
5200,3471,0
5205,3497,0
5204,3523,0
5205,3554,0
5207,3583,0
5217,3614,0
5224,3631,0
5238,3645,0
5258,3646,0
5281,3637,1
5301,3414,0
5296,3413,0
5298,3419,0
5299,3430,0
5303,3445,0
5303,3465,0
5303,3490,0
5297,3517,0
5298,3547,0
5301,3575,0
5310,3603,0
5323,3624,0
5335,3635,0
5349,3643,0
5366,3642,0
5373,3633,0
5371,3622,1
5189,3523,0
5187,3520,0
5197,3525,0
5212,3527,0
5235,3530,0
5259,3532,0
5287,3535,0
5315,3539,0
5342,3537,0
5373,3535,0
5397,3525,0
5426,3519,0
5436,3506,0
5446,3501,0
5445,3496,0
5440,3489,0
5431,3488,0
5414,3489,0
5398,3498,0
5385,3508,0
5375,3527,0
5373,3548,0
5378,3569,0
5396,3590,0
5428,3608,0
5470,3620,0
5519,3623,0
5564,3617,0
5600,3603,1
5690,3384,0
5687,3387,0
5694,3393,0
5692,3407,0
5701,3424,0
5703,3442,0
5701,3458,0
5701,3484,0
5694,3509,0
5691,3540,0
5685,3561,0
5688,3585,0
5692,3605,0
5701,3620,0
5716,3633,0
5733,3638,0
5750,3637,0
5769,3631,0
5781,3619,0
5788,3604,0
5790,3588,1
5643,3531,0
5646,3534,0
5656,3534,0
5678,3532,0
5703,3524,1
5788,3496,0
5788,3508,0
5786,3531,0
5788,3556,0
5790,3581,0
5793,3603,0
5794,3617,0
5797,3619,0
5797,3619,0
5799,3610,0
5807,3585,0
5814,3554,0
5829,3533,0
5839,3520,0
5845,3510,0
5852,3508,0
5868,3513,0
5882,3520,0
5895,3530,0
5913,3540,0
5923,3545,1
5950,3508,0
5949,3508,0
5951,3512,0
5957,3525,0
5960,3542,0
5960,3562,0
5962,3587,0
5961,3609,0
5962,3623,1
5943,3395,0
5936,3384,0
5932,3375,0
5935,3363,0
5940,3349,1
6005,3337,0
6008,3347,0
6011,3373,0
6019,3397,0
6028,3433,0
6032,3465,0
6030,3504,0
6028,3542,0
6025,3566,0
6034,3583,0
6044,3589,0
6056,3587,0
6063,3575,0
6070,3551,0
6085,3530,0
6093,3510,0
6095,3492,0
6096,3483,0
6093,3480,0
6088,3481,0
6080,3486,0
6073,3498,0
6067,3520,0
6068,3546,0
6074,3567,0
6086,3585,0
6102,3590,0
6123,3588,0
6148,3571,1
6256,3473,0
6244,3468,0
6234,3469,0
6223,3472,0
6205,3477,0
6190,3486,0
6178,3497,0
6174,3511,0
6173,3526,0
6178,3541,0
6188,3555,0
6201,3572,0
6204,3581,0
6211,3592,0
6210,3601,0
6205,3609,0
6189,3611,0
6173,3612,0
6150,3611,0
6129,3605,0
6114,3599,1