the chief the orders?&quot; &quot;I have a
646
1252,2531,0
1254,2534,0
1253,2530,0
1254,2534,0
1259,2545,0
1262,2566,0
1264,2602,0
1264,2646,0
1258,2695,0
1249,2743,0
1243,2791,0
1238,2836,0
1235,2860,0
1238,2871,0
1240,2864,0
1242,2852,0
1242,2836,1
1223,2685,0
1223,2685,0
1229,2684,0
1245,2687,0
1266,2690,0
1288,2685,0
1313,2682,0
1331,2672,0
1344,2667,1
1344,2566,0
1346,2570,0
1346,2570,0
1349,2578,0
1356,2606,0
1362,2640,0
1362,2673,0
1360,2713,0
1354,2754,0
1346,2783,0
1344,2811,0
1344,2828,0
1344,2828,0
1351,2827,0
1359,2818,0
1369,2797,0
1382,2767,0
1396,2733,0
1411,2715,0
1421,2702,0
1423,2697,0
1425,2702,0
1426,2704,0
1426,2713,0
1428,2741,0
1429,2765,0
1433,2785,0
1441,2804,0
1450,2815,0
1464,2821,0
1481,2823,0
1500,2815,0
1527,2807,0
1551,2786,0
1576,2765,0
1592,2742,0
1603,2720,0
1606,2703,0
1603,2695,0
1597,2692,0
1588,2694,0
1578,2704,0
1568,2723,0
1561,2752,0
1563,2784,0
1571,2807,0
1587,2813,0
1614,2811,0
1649,2804,1
1994,2675,0
1993,2675,0
1988,2673,0
1979,2672,0
1966,2680,0
1952,2703,0
1933,2722,0
1926,2749,0
1926,2770,0
1934,2785,0
1946,2793,0
1964,2796,0
1982,2785,0
2002,2766,0
2024,2745,0
2041,2721,0
2057,2699,1
2047,2564,0
2048,2564,0
2049,2564,0
2054,2574,0
2059,2603,0
2058,2634,0
2057,2669,0
2053,2704,0
2049,2741,0
2046,2767,0
2047,2784,0
2047,2784,0
2050,2782,0
2056,2776,0
2064,2751,0
2078,2720,0
2096,2697,0
2111,2682,0
2116,2671,0
2121,2673,0
2118,2670,0
2123,2685,0
2126,2710,0
2128,2731,0
2135,2750,0
2141,2760,0
2153,2764,0
2164,2759,0
2180,2748,0
2196,2728,0
2215,2702,0
2233,2677,0
2244,2658,0
2250,2656,0
2248,2656,0
2248,2656,0
2249,2665,0
2250,2691,0
2247,2714,0
2248,2740,0
2252,2760,0
2251,2761,0
2252,2760,0
2256,2749,1
2248,2559,0
2246,2560,0
2249,2557,0
2251,2557,0
2257,2554,1
2312,2741,0
2315,2739,0
2324,2740,0
2334,2734,0
2348,2723,0
2364,2706,0
2379,2690,0
2383,2670,0
2387,2663,0
2381,2657,0
2376,2659,0
2369,2668,0
2355,2684,0
2341,2709,0
2333,2736,0
2334,2757,0
2340,2767,0
2355,2769,0
2379,2766,0
2403,2745,0
2433,2720,0
2461,2687,0
2483,2647,0
2497,2602,0
2509,2563,0
2513,2533,0
2507,2517,0
2504,2515,0
2502,2516,0
2498,2518,0
2496,2543,0
2495,2584,0
2496,2630,0
2496,2677,0
2499,2726,0
2498,2767,0
2497,2804,0
2497,2835,0
2495,2854,0
2494,2864,0
2489,2862,1
2442,2729,0
2444,2728,0
2451,2729,0
2463,2722,0
2490,2717,0
2521,2704,0
2557,2692,0
2585,2685,0
2614,2682,1
2918,2535,0
2913,2528,0
2915,2528,0
2916,2527,0
2914,2528,0
2912,2539,0
2912,2574,0
2907,2610,0
2901,2644,0
2893,2669,0
2891,2695,0
2893,2713,0
2895,2722,0
2895,2721,0
2897,2720,0
2895,2712,0
2888,2697,1
2864,2650,0
2864,2650,0
2866,2649,0
2864,2646,0
2866,2643,0
2879,2644,0
2896,2642,0
2914,2633,0
2939,2630,0
2959,2625,0
2970,2621,0
2975,2618,1
3007,2484,0
3004,2481,0
3008,2482,0
3011,2492,0
3011,2512,0
3012,2543,0
3004,2575,0
2999,2619,0
2989,2658,0
2986,2695,0
2983,2721,0
2983,2737,0
2991,2746,0
2994,2749,0
2996,2746,0
3002,2738,0
3013,2719,0
3023,2691,0
3040,2669,0
3050,2644,0
3062,2630,0
3067,2620,0
3070,2619,0
3069,2620,0
3068,2621,0
3071,2639,0
3073,2663,0
3076,2681,0
3085,2699,0
3092,2709,0
3105,2714,0
3123,2714,0
3144,2708,0
3165,2691,0
3188,2672,0
3204,2647,0
3219,2624,0
3226,2608,0
3223,2599,0
3214,2597,0
3202,2602,0
3187,2615,0
3178,2638,0
3172,2664,0
3177,2692,0
3186,2709,0
3208,2723,0
3233,2724,0
3262,2719,1
3599,2571,0
3589,2569,0
3579,2568,0
3566,2569,0
3558,2578,0
3547,2596,0
3535,2620,0
3525,2647,0
3517,2670,0
3520,2689,0
3530,2702,0
3543,2706,0
3563,2703,0
3586,2698,0
3601,2683,0
3609,2664,0
3617,2644,0
3619,2624,0
3621,2610,0
3613,2596,0
3608,2590,1
3696,2578,0
3705,2581,0
3704,2581,0
3705,2586,0
3697,2600,0
3694,2621,0
3687,2640,0
3684,2661,0
3682,2680,0
3682,2692,0
3686,2699,0
3686,2699,0
3687,2698,0
3688,2691,0
3683,2668,0
3682,2641,0
3684,2620,0
3688,2599,0
3692,2582,0
3693,2570,0
3700,2562,0
3711,2557,0
3733,2555,0
3742,2550,0
3766,2555,1
3863,2596,0
3860,2598,0
3855,2598,0
3849,2605,0
3840,2615,0
3827,2630,0
3807,2647,0
3791,2664,0
3782,2679,0
3781,2685,0
3782,2685,0
3789,2683,0
3798,2669,0
3813,2645,0
3830,2615,0
3841,2578,0
3858,2546,0
3862,2517,0
3868,2504,0
3867,2498,0
3863,2496,0
3866,2499,0
3866,2506,0
3859,2533,0
3856,2567,0
3856,2598,0
3858,2625,0
3865,2647,0
3873,2663,0
3892,2678,0
3910,2681,0
3930,2677,0
3953,2669,0
3972,2653,0
3993,2634,0
4005,2615,0
4009,2596,0
4003,2585,0
3995,2577,0
3985,2575,0
3972,2578,0
3959,2589,0
3952,2608,0
3950,2630,0
3956,2647,0
3964,2657,0
3978,2663,0
3993,2659,1
4091,2565,0
4087,2563,0
4087,2563,0
4087,2564,0
4086,2572,0
4087,2596,0
4085,2623,0
4083,2645,0
4086,2666,0
4087,2678,0
4090,2686,0
4093,2689,0
4094,2688,0
4094,2683,0
4089,2663,0
4089,2643,0
4092,2628,0
4101,2618,0
4105,2606,0
4109,2594,0
4118,2583,0
4131,2574,0
4141,2566,0
4154,2563,0
4170,2562,1
4210,2549,0
4198,2551,0
4188,2558,0
4174,2564,0
4165,2574,0
4157,2585,0
4157,2598,0
4167,2611,0
4179,2623,0
4202,2638,0
4222,2645,0
4249,2656,0
4263,2663,0
4268,2669,0
4265,2674,0
4258,2684,0
4238,2688,0
4221,2691,0
4203,2688,0
4184,2685,1
4416,2476,0
4420,2478,0
4421,2477,0
4422,2474,0
4420,2470,0
4415,2465,0
4417,2461,0
4421,2456,0
4426,2448,0
4438,2444,0
4457,2445,0
4464,2442,0
4482,2444,0
4490,2446,0
4502,2450,0
4504,2453,0
4512,2462,0
4504,2468,0
4505,2481,0
4492,2492,0
4483,2505,0
4466,2517,0
4454,2535,0
4436,2552,0
4421,2573,0
4405,2589,0
4397,2600,0
4391,2601,0
4394,2603,0
4394,2603,0
4394,2603,0
4394,2603,0
4391,2600,0
4396,2601,0
4396,2601,0
4396,2601,0
4396,2601,0
4395,2602,0
4395,2602,0
4394,2603,0
4394,2603,0
4393,2606,0
4395,2609,0
4400,2615,0
4405,2622,0
4410,2630,0
4415,2635,0
4418,2638,0
4422,2639,1
4415,2717,0
4414,2717,0
4415,2716,0
4416,2714,0
4420,2710,1
4565,2376,0
4564,2376,0
4564,2376,0
4566,2387,0
4562,2408,0
4565,2427,0
4558,2436,0
4559,2442,0
4558,2444,1
4613,2379,0
4614,2387,0
4618,2408,0
4625,2430,0
4629,2446,1
4806,2656,0
4810,2659,0
4804,2659,0
4804,2667,0
4798,2684,0
4795,2709,0
4789,2732,0
4782,2750,0
4780,2765,0
4776,2772,0
4778,2774,0
4782,2771,0
4786,2764,1
4870,2684,0
4864,2684,0
4864,2685,0
4854,2692,0
4854,2714,0
4842,2739,0
4835,2765,0
4829,2786,0
4825,2792,1
5039,2425,0
5036,2430,0
5041,2445,0
5033,2474,0
5033,2507,0
5025,2536,0
5017,2564,0
5006,2582,0
5001,2598,1
4978,2642,0
4982,2644,0
4979,2642,0
4985,2640,0
4994,2639,0
5004,2637,0
5026,2634,0
5035,2626,0
5047,2623,1
4971,2422,0
4973,2420,0
4971,2415,0
4986,2412,0
5001,2402,0
5029,2393,0
5051,2379,0
5074,2371,0
5096,2372,1
5255,2389,0
5257,2393,0
5262,2403,0
5265,2429,0
5270,2462,0
5266,2495,0
5262,2526,0
5258,2556,0
5250,2580,0
5248,2598,0
5250,2604,0
5253,2606,0
5258,2606,0
5265,2593,0
5272,2572,0
5286,2541,0
5296,2514,0
5310,2497,0
5318,2491,0
5319,2490,0
5322,2492,0
5326,2502,0
5330,2528,0
5327,2557,0
5323,2581,0
5325,2603,0
5325,2616,0
5332,2622,0
5333,2620,1
5445,2509,0
5441,2509,0
5426,2510,0
5421,2519,0
5404,2533,0
5397,2563,0
5387,2590,0
5383,2612,0
5383,2621,0
5390,2625,0
5400,2624,0
5419,2615,0
5438,2597,0
5451,2572,0
5463,2550,0
5468,2541,0
5467,2542,0
5467,2544,0
5466,2553,0
5472,2577,0
5470,2596,0
5470,2613,0
5474,2622,0
5482,2625,0
5489,2621,1
5548,2511,0
5549,2510,0
5551,2514,0
5554,2526,0
5560,2547,0
5564,2565,0
5569,2582,0
5572,2593,0
5581,2602,0
5581,2601,0
5583,2597,0
5590,2585,0
5596,2557,0
5604,2524,0
5614,2497,0
5622,2479,0
5621,2465,1
5652,2536,0
5656,2538,0
5662,2543,0
5670,2545,0
5686,2541,0
5701,2536,0
5721,2525,0
5730,2515,0
5737,2511,0
5738,2509,0
5738,2509,0
5730,2507,0
5725,2518,0
5711,2526,0
5706,2543,0
5710,2564,0
5716,2578,0
5729,2589,0
5748,2595,0
5772,2591,0
5803,2584,1
6107,2499,0
6111,2490,0
6113,2485,0
6104,2476,0
6093,2472,0
6076,2469,0
6058,2478,0
6034,2492,0
6021,2511,0
6003,2533,0
5996,2547,0
5996,2555,0
6002,2560,0
6011,2561,0
6021,2558,0
6037,2552,0
6054,2536,0
6062,2520,0
6063,2506,0
6072,2499,0
6071,2499,0
6074,2504,0
6074,2504,0
6081,2525,0
6077,2545,0
6082,2569,0
6089,2592,0
6099,2608,0
6104,2618,1