Remove that creature from me.
561
1243,2495,0
1241,2515,0
1241,2552,0
1239,2588,0
1239,2632,0
1235,2668,0
1231,2696,0
1228,2709,0
1227,2704,0
1225,2697,0
1220,2680,0
1206,2586,0
1211,2549,0
1220,2509,0
1235,2484,0
1248,2458,0
1264,2449,0
1278,2448,0
1296,2463,0
1305,2473,0
1312,2489,0
1311,2497,0
1300,2507,0
1284,2520,0
1268,2538,0
1252,2543,0
1245,2551,0
1241,2552,0
1240,2552,0
1240,2551,0
1243,2560,0
1245,2560,0
1252,2566,0
1263,2578,0
1276,2597,0
1290,2615,0
1311,2642,0
1332,2660,0
1355,2670,0
1377,2671,0
1399,2668,0
1415,2662,0
1425,2645,0
1429,2620,0
1433,2603,0
1433,2595,0
1429,2591,0
1423,2592,0
1416,2598,0
1411,2606,0
1416,2621,0
1426,2640,0
1438,2663,0
1452,2673,0
1467,2675,0
1483,2664,0
1503,2645,0
1521,2621,0
1535,2594,0
1549,2575,0
1558,2566,0
1563,2568,0
1566,2576,0
1570,2596,0
1571,2620,0
1572,2632,0
1572,2632,0
1572,2632,0
1572,2628,0
1575,2607,0
1586,2589,0
1597,2569,0
1609,2563,0
1616,2565,0
1628,2584,0
1631,2598,0
1633,2610,0
1637,2610,0
1645,2600,0
1660,2580,0
1674,2555,0
1689,2539,0
1705,2540,0
1715,2541,0
1724,2555,0
1728,2575,0
1729,2600,0
1727,2625,0
1728,2646,0
1732,2653,0
1741,2654,0
1752,2647,0
1764,2635,0
1773,2620,0
1780,2606,0
1788,2591,0
1794,2577,0
1794,2573,0
1795,2577,0
1796,2581,0
1802,2591,0
1813,2596,0
1827,2601,0
1840,2596,0
1857,2595,0
1871,2582,0
1881,2562,0
1889,2551,0
1887,2539,0
1883,2540,0
1865,2543,0
1841,2546,0
1824,2555,0
1820,2561,0
1821,2565,1
1931,2528,0
1934,2531,0
1932,2528,0
1937,2543,0
1941,2567,0
1940,2588,0
1944,2603,0
1946,2603,0
1947,2590,0
1953,2567,0
1965,2536,0
1981,2514,0
1996,2495,0
2007,2486,0
2010,2485,0
2008,2486,0
2004,2492,1
2008,2593,0
2012,2591,0
2025,2591,0
2038,2581,0
2051,2559,0
2065,2532,0
2076,2510,0
2077,2501,0
2063,2498,0
2043,2507,0
2026,2526,0
2019,2545,0
2030,2559,0
2049,2568,0
2077,2570,0
2108,2570,1
2408,2292,0
2409,2292,0
2412,2294,0
2410,2300,0
2413,2327,0
2414,2363,0
2416,2409,0
2416,2450,0
2413,2484,0
2414,2511,0
2413,2526,0
2410,2528,0
2407,2520,1
2370,2482,0
2370,2482,0
2371,2481,0
2377,2482,0
2389,2484,0
2408,2482,0
2426,2473,0
2449,2454,0
2466,2425,0
2482,2392,0
2500,2366,0
2512,2344,0
2514,2328,0
2516,2331,0
2516,2342,0
2509,2370,0
2503,2417,0
2494,2456,0
2494,2474,0
2497,2472,0
2513,2462,0
2533,2444,0
2556,2430,0
2575,2432,0
2586,2439,0
2595,2452,0
2602,2472,0
2606,2488,1
2790,2442,0
2790,2437,0
2791,2432,0
2786,2425,0
2775,2423,0
2762,2427,0
2746,2439,0
2730,2461,0
2720,2488,0
2716,2505,0
2719,2508,0
2723,2501,0
2738,2490,0
2751,2470,0
2763,2456,0
2767,2453,0
2772,2461,0
2775,2473,0
2781,2488,0
2790,2496,0
2805,2495,0
2820,2484,0
2835,2462,0
2854,2433,0
2873,2397,0
2890,2357,0
2905,2330,0
2906,2308,0
2907,2301,0
2904,2299,0
2902,2300,0
2905,2309,0
2904,2335,0
2900,2371,0
2897,2414,0
2895,2451,0
2895,2478,0
2893,2490,0
2891,2490,0
2895,2492,0
2893,2490,0
2893,2489,0
2893,2489,0
2897,2491,0
2900,2488,0
2912,2488,0
2926,2489,0
2938,2490,0
2953,2487,1
3375,2342,0
3361,2345,0
3345,2350,0
3339,2362,0
3330,2371,0
3329,2384,0
3329,2400,0
3337,2421,0
3347,2439,0
3362,2453,0
3381,2456,0
3402,2447,0
3424,2429,0
3443,2403,0
3466,2379,0
3482,2355,0
3499,2342,0
3503,2338,0
3502,2340,0
3508,2351,0
3510,2372,0
3515,2397,0
3515,2409,0
3516,2413,0
3516,2413,0
3511,2407,0
3508,2393,0
3503,2374,0
3503,2363,0
3508,2364,0
3509,2362,0
3520,2362,0
3539,2365,0
3558,2362,0
3577,2351,0
3607,2340,0
3624,2321,0
3637,2305,0
3641,2295,0
3641,2295,0
3634,2297,0
3624,2308,0
3613,2328,0
3614,2357,0
3617,2385,0
3625,2406,0
3638,2416,0
3656,2419,0
3674,2410,1
3834,2291,0
3834,2290,0
3825,2282,0
3819,2285,0
3802,2292,0
3786,2313,0
3778,2342,0
3768,2368,0
3764,2385,0
3766,2388,0
3773,2386,0
3790,2378,0
3807,2357,0
3829,2337,0
3841,2320,0
3846,2314,0
3852,2319,0
3852,2326,0
3855,2347,0
3858,2369,0
3863,2391,0
3870,2406,0
3875,2413,0
3882,2410,0
3889,2388,1
3964,2189,0
3962,2205,0
3960,2235,0
3959,2277,0
3960,2323,0
3960,2357,0
3962,2373,0
3966,2380,0
3964,2379,1
3939,2338,0
3939,2338,0
3947,2340,0
3959,2338,0
3973,2333,0
3995,2323,0
4015,2309,0
4029,2289,0
4050,2274,0
4063,2262,0
4069,2260,0
4072,2263,0
4072,2270,0
4070,2287,0
4072,2313,0
4069,2330,0
4072,2340,0
4079,2344,0
4085,2342,0
4093,2331,0
4109,2315,0
4122,2289,0
4134,2266,0
4146,2256,0
4145,2256,0
4145,2257,0
4143,2268,0
4140,2285,0
4140,2305,0
4145,2320,0
4156,2332,0
4164,2335,0
4176,2332,0
4188,2321,0
4207,2301,0
4227,2278,0
4242,2263,0
4254,2259,0
4252,2261,0
4248,2268,0
4249,2288,0
4250,2309,0
4252,2321,0
4251,2322,0
4251,2321,0
4249,2318,0
4246,2314,0
4244,2304,0
4244,2296,0
4246,2292,0
4246,2293,0
4254,2294,0
4263,2296,0
4274,2294,0
4290,2292,0
4313,2287,0
4332,2279,0
4344,2267,0
4359,2259,0
4372,2253,0
4372,2255,0
4369,2258,0
4360,2265,0
4351,2287,0
4351,2308,0
4356,2323,0
4368,2333,0
4380,2337,0
4403,2338,0
4426,2332,0
4447,2314,0
4469,2287,1
4864,2092,0
4853,2079,0
4838,2063,0
4823,2050,0
4809,2041,0
4796,2039,0
4785,2043,0
4777,2060,0
4763,2095,0
4748,2148,0
4745,2214,0
4742,2275,0
4739,2321,0
4739,2351,0
4741,2372,0
4734,2383,0
4728,2386,1
4689,2311,0
4693,2304,0
4698,2295,0
4712,2287,0
4732,2275,0
4763,2263,0
4794,2250,0
4821,2241,0
4845,2239,0
4864,2246,0
4873,2254,0
4884,2268,0
4891,2280,0
4890,2281,0
4890,2282,0
4886,2280,0
4877,2271,0
4867,2257,0
4860,2244,0
4859,2238,0
4864,2238,0
4869,2237,0
4879,2236,0
4891,2231,0
4907,2226,0
4927,2222,0
4942,2219,0
4951,2219,0
4958,2224,0
4963,2232,0
4965,2244,0
4973,2254,0
4980,2259,0
4987,2261,0
4997,2260,0
5006,2252,0
5017,2240,0
5024,2226,0
5028,2219,0
5023,2218,0
5020,2217,0
5006,2218,0
4997,2226,0
4990,2231,0
4993,2234,0
4993,2233,0
4998,2232,0
5004,2231,0
5005,2228,0
5002,2225,0
5007,2224,0
5008,2222,0
5012,2224,0
5009,2222,0
5011,2224,0
5010,2227,1
4989,2217,0
4994,2217,0
4999,2214,0
5011,2209,0
5023,2201,0
5038,2190,0
5060,2183,0
5074,2175,0
5086,2175,0
5094,2178,0
5098,2187,0
5101,2200,0
5103,2212,0
5103,2222,0
5104,2228,0
5105,2227,0
5105,2227,0
5107,2222,0
5108,2212,0
5117,2202,0
5120,2196,0
5128,2198,0
5131,2203,0
5132,2209,0
5135,2221,0
5136,2229,0
5140,2229,0
5142,2224,0
5157,2212,0
5177,2190,0
5194,2175,0
5212,2166,0
5223,2169,0
5229,2175,0
5232,2188,0
5237,2204,0
5240,2217,0
5244,2225,0
5250,2232,0
5253,2234,0
5269,2230,1
5460,2143,0
5459,2146,0
5460,2154,0
5459,2174,0
5454,2196,0
5450,2212,0
5449,2215,0
5453,2217,0
5454,2215,0
5456,2210,0
5460,2193,0
5469,2173,0
5482,2152,0
5496,2140,0
5502,2137,0
5508,2143,0
5512,2155,0
5516,2175,0
5518,2190,0
5519,2196,0
5516,2195,0
5520,2195,0
5520,2193,0
5530,2183,0
5539,2162,0
5561,2145,0
5573,2135,0
5582,2135,0
5587,2144,0
5586,2164,0
5584,2189,0
5590,2206,0
5602,2210,0
5619,2207,0
5646,2199,0
5674,2186,0
5696,2165,0
5716,2148,0
5726,2135,0
5721,2125,0
5709,2122,0
5699,2126,0
5695,2136,0
5693,2151,0
5704,2165,0
5725,2176,0
5753,2183,0
5783,2186,0
5810,2184,1
5943,2216,0
5950,2219,0
5950,2220,0
5950,2219,0
5955,2218,1