&quot;I don&apos;t know -.&quot;
464
950,1254,0
957,1262,0
960,1259,0
967,1255,0
976,1252,0
979,1236,0
986,1221,0
993,1205,0
996,1190,0
994,1173,0
988,1160,0
982,1152,0
979,1148,1
1078,1245,0
1076,1241,0
1077,1237,0
1078,1229,0
1081,1221,0
1086,1209,0
1091,1193,0
1095,1177,0
1093,1161,1
1252,1393,0
1250,1393,0
1247,1385,0
1241,1374,0
1240,1366,0
1239,1355,0
1241,1341,0
1245,1333,0
1248,1329,0
1248,1324,0
1251,1324,0
1261,1327,0
1273,1325,0
1283,1319,0
1297,1312,0
1312,1306,0
1323,1292,0
1340,1279,0
1354,1264,0
1367,1248,0
1376,1233,0
1384,1223,0
1390,1216,0
1395,1211,0
1397,1206,0
1403,1208,0
1409,1215,0
1416,1229,0
1421,1249,0
1428,1272,0
1432,1296,0
1439,1323,0
1446,1354,0
1449,1387,0
1444,1417,0
1437,1448,0
1420,1474,0
1406,1501,0
1388,1527,0
1363,1544,0
1334,1558,0
1309,1570,0
1281,1575,0
1257,1573,0
1231,1565,1
1949,1416,0
1943,1411,0
1941,1408,0
1930,1401,0
1920,1397,0
1908,1396,0
1888,1394,0
1872,1400,0
1853,1408,0
1833,1420,0
1816,1439,0
1800,1462,0
1788,1488,0
1780,1513,0
1777,1534,0
1781,1549,0
1790,1558,0
1806,1564,0
1824,1558,0
1848,1546,0
1873,1522,0
1896,1489,0
1925,1456,0
1946,1418,0
1968,1384,0
1983,1347,0
1998,1315,0
2015,1291,0
2022,1269,0
2029,1258,0
2028,1253,0
2026,1254,0
2022,1259,0
2010,1274,0
1997,1295,0
1989,1327,0
1971,1360,0
1958,1395,0
1950,1430,0
1946,1462,0
1944,1492,0
1948,1518,0
1952,1535,0
1959,1544,0
1967,1549,0
1981,1549,0
1999,1542,0
2019,1533,0
2041,1519,0
2067,1504,0
2096,1488,0
2122,1471,0
2147,1456,0
2179,1445,0
2204,1435,0
2229,1428,0
2251,1425,0
2269,1423,0
2280,1423,0
2281,1423,0
2281,1423,0
2277,1421,0
2270,1422,0
2257,1424,0
2244,1430,0
2220,1435,0
2199,1444,0
2175,1454,0
2154,1467,0
2137,1481,0
2125,1496,0
2115,1508,0
2111,1521,0
2118,1536,0
2126,1545,0
2142,1553,0
2160,1553,0
2181,1552,0
2198,1544,0
2217,1534,0
2236,1523,0
2246,1508,0
2260,1498,0
2263,1483,0
2264,1472,0
2259,1460,0
2256,1452,0
2256,1446,0
2256,1441,0
2253,1438,0
2255,1436,0
2260,1438,0
2270,1440,0
2280,1441,0
2291,1441,0
2308,1441,0
2323,1438,0
2344,1435,0
2360,1430,0
2375,1426,0
2384,1422,0
2390,1421,0
2393,1423,0
2398,1430,0
2395,1439,0
2393,1454,0
2384,1468,0
2371,1481,0
2367,1496,0
2361,1501,0
2356,1500,0
2361,1501,0
2359,1497,0
2367,1491,0
2376,1476,0
2389,1457,0
2410,1440,0
2431,1426,0
2447,1414,0
2466,1405,0
2482,1398,0
2500,1396,0
2514,1398,0
2524,1404,0
2527,1413,0
2531,1427,0
2528,1443,0
2517,1461,0
2509,1481,0
2506,1498,0
2507,1508,0
2515,1511,0
2529,1507,1
2682,1214,0
2680,1210,0
2685,1209,0
2685,1209,0
2686,1208,0
2687,1206,0
2702,1206,0
2711,1199,0
2725,1191,0
2737,1179,0
2755,1165,0
2773,1150,0
2792,1134,1
2916,1181,0
2922,1171,0
2935,1163,0
2948,1155,0
2965,1150,0
2975,1147,0
2987,1149,0
2999,1155,0
3003,1163,0
3009,1178,0
3008,1196,0
3004,1220,0
2999,1247,0
2991,1277,0
2976,1309,0
2962,1341,0
2954,1376,0
2944,1406,0
2939,1433,0
2934,1455,0
2935,1474,0
2941,1488,0
2953,1497,0
2973,1497,0
2998,1489,1
2952,1327,0
2960,1328,0
2976,1326,0
2995,1325,0
3013,1325,1
3433,1332,0
3430,1330,0
3431,1328,0
3427,1326,0
3436,1327,1
3486,1317,0
3501,1301,0
3522,1285,0
3537,1261,0
3553,1237,0
3559,1209,0
3565,1185,0
3566,1163,0
3568,1147,0
3559,1138,0
3554,1136,0
3546,1138,0
3535,1153,0
3520,1179,0
3501,1215,0
3483,1256,0
3467,1299,0
3459,1344,0
3449,1389,0
3438,1428,0
3429,1461,0
3420,1484,0
3410,1494,0
3413,1498,0
3411,1493,0
3412,1482,0
3414,1463,0
3424,1438,0
3437,1412,0
3454,1388,0
3472,1370,0
3488,1357,0
3505,1350,0
3517,1342,0
3539,1343,0
3551,1346,0
3565,1355,0
3564,1365,0
3566,1380,0
3565,1392,0
3555,1401,0
3547,1408,0
3536,1412,0
3525,1416,0
3512,1416,0
3495,1414,0
3491,1414,0
3486,1414,0
3486,1414,0
3488,1419,0
3495,1430,0
3502,1443,0
3518,1455,0
3539,1469,0
3562,1476,0
3582,1479,0
3610,1479,0
3632,1471,0
3659,1462,0
3685,1445,0
3713,1425,0
3732,1403,0
3754,1384,0
3769,1370,0
3782,1360,0
3784,1356,0
3788,1358,0
3789,1364,0
3787,1379,0
3779,1397,0
3774,1417,0
3762,1433,0
3756,1445,0
3749,1450,0
3750,1450,0
3752,1447,0
3755,1439,0
3766,1425,0
3778,1408,0
3794,1393,0
3813,1380,0
3831,1367,0
3852,1359,0
3875,1357,0
3887,1358,0
3902,1365,0
3915,1377,0
3921,1392,0
3927,1409,0
3932,1426,0
3934,1442,0
3935,1457,0
3940,1466,0
3942,1471,0
3950,1473,0
3959,1474,0
3966,1467,0
3981,1455,0
4001,1438,0
4026,1421,0
4046,1404,0
4070,1387,0
4092,1375,0
4114,1364,0
4134,1357,0
4148,1354,0
4157,1352,0
4158,1351,0
4157,1352,0
4157,1353,0
4144,1354,0
4130,1357,0
4114,1364,0
4092,1375,0
4071,1386,0
4052,1401,0
4032,1418,0
4024,1435,0
4020,1454,0
4022,1469,0
4027,1480,0
4045,1487,0
4063,1486,0
4089,1479,0
4111,1464,0
4137,1447,0
4157,1430,0
4169,1411,0
4174,1396,0
4179,1386,0
4178,1378,0
4172,1370,0
4169,1368,0
4161,1365,0
4161,1365,0
4160,1368,0
4164,1368,0
4172,1372,0
4182,1378,0
4193,1381,0
4214,1385,0
4234,1385,0
4257,1384,0
4275,1378,0
4295,1372,0
4314,1368,0
4323,1366,0
4326,1368,0
4326,1370,0
4323,1379,0
4313,1393,0
4290,1409,0
4274,1428,0
4258,1445,0
4245,1455,0
4244,1461,0
4240,1459,0
4249,1457,0
4266,1449,0
4283,1435,0
4302,1421,0
4324,1409,0
4345,1399,0
4355,1394,0
4360,1392,0
4364,1394,0
4365,1401,0
4362,1412,0
4355,1429,0
4348,1447,0
4345,1464,0
4344,1479,0
4348,1491,0
4350,1496,0
4366,1498,0
4388,1498,0
4410,1485,0
4435,1466,0
4460,1445,0
4478,1422,0
4493,1401,0
4500,1382,0
4501,1368,0
4488,1355,0
4475,1346,0
4455,1343,0
4430,1343,0
4407,1347,1
4723,1375,0
4722,1375,0
4723,1375,0
4736,1373,0
4745,1371,0
4762,1370,0
4779,1371,0
4799,1372,0
4816,1372,1
5028,1473,0
5023,1473,0
5023,1472,0
5028,1473,0
5028,1473,1
5257,1128,0
5257,1128,0
5260,1130,0
5273,1129,0
5279,1118,0
5286,1104,0
5299,1085,0
5306,1068,0
5315,1052,1
5337,1115,0
5335,1106,0
5346,1094,0
5349,1078,0
5356,1062,1