always have so many - we all do.
796
964,2566,0
955,2562,0
954,2557,0
953,2554,0
952,2545,0
950,2541,0
946,2533,0
938,2521,0
929,2516,0
919,2507,0
908,2499,0
899,2494,0
890,2497,0
878,2492,0
863,2503,0
847,2526,0
832,2552,0
821,2583,0
816,2610,0
817,2642,0
821,2663,0
828,2676,0
839,2681,0
851,2674,0
865,2659,0
878,2629,0
892,2598,0
908,2571,0
919,2539,0
924,2516,0
925,2507,0
924,2508,0
924,2512,0
924,2527,0
923,2556,0
921,2588,0
921,2620,0
926,2639,0
936,2657,0
949,2653,0
967,2646,0
989,2619,0
1013,2588,0
1040,2552,0
1062,2504,0
1082,2465,0
1093,2425,0
1099,2393,0
1096,2364,0
1093,2361,0
1087,2365,0
1076,2373,0
1063,2396,0
1046,2429,0
1030,2468,0
1019,2516,0
1014,2552,0
1019,2584,0
1028,2605,0
1043,2617,0
1062,2620,0
1083,2613,0
1105,2596,0
1126,2572,0
1142,2548,0
1152,2528,0
1155,2511,0
1157,2503,0
1156,2491,0
1155,2480,0
1154,2472,0
1152,2464,0
1150,2464,0
1150,2468,0
1150,2475,0
1150,2492,0
1150,2516,0
1148,2536,0
1151,2560,0
1157,2575,0
1165,2583,0
1175,2583,0
1184,2570,0
1198,2558,0
1212,2541,0
1224,2528,0
1229,2520,0
1230,2520,0
1233,2528,0
1235,2540,0
1235,2556,0
1240,2579,0
1245,2591,0
1252,2598,0
1265,2601,0
1278,2597,0
1290,2579,0
1303,2562,0
1313,2538,0
1321,2509,0
1326,2484,0
1322,2456,0
1315,2437,0
1309,2429,0
1302,2422,1
1453,2495,0
1452,2491,0
1457,2487,0
1459,2470,0
1461,2458,0
1466,2453,0
1464,2437,0
1458,2425,0
1451,2422,0
1440,2420,0
1429,2434,0
1412,2449,0
1395,2471,0
1380,2498,0
1371,2526,0
1370,2543,0
1379,2558,0
1389,2557,0
1405,2555,0
1419,2536,0
1436,2518,0
1450,2495,0
1465,2480,0
1471,2468,0
1469,2464,0
1468,2468,0
1467,2485,0
1460,2498,0
1460,2522,0
1459,2535,0
1465,2554,0
1474,2561,0
1484,2555,0
1504,2552,0
1520,2528,0
1538,2508,0
1551,2485,0
1560,2463,0
1565,2450,0
1563,2441,0
1561,2442,0
1559,2443,0
1557,2459,0
1554,2480,0
1556,2505,0
1566,2527,0
1577,2537,0
1591,2538,0
1609,2535,0
1625,2523,0
1640,2506,0
1654,2487,0
1665,2467,0
1671,2453,0
1670,2445,0
1668,2446,0
1666,2446,0
1664,2459,0
1660,2481,0
1656,2511,0
1652,2545,0
1652,2586,0
1650,2627,0
1648,2673,0
1634,2704,0
1620,2733,0
1602,2753,0
1584,2760,0
1567,2755,0
1547,2735,0
1532,2713,0
1522,2683,0
1515,2651,1
1854,2411,0
1854,2407,0
1853,2399,0
1850,2391,0
1843,2390,0
1826,2386,0
1807,2393,0
1786,2404,0
1766,2414,0
1754,2430,0
1748,2445,0
1747,2457,0
1754,2473,0
1768,2485,0
1785,2492,0
1807,2502,0
1826,2509,0
1835,2514,0
1836,2522,0
1829,2528,0
1813,2538,0
1789,2545,0
1761,2550,0
1734,2552,0
1712,2546,1
2181,2170,0
2181,2171,0
2179,2171,0
2180,2180,0
2178,2194,0
2172,2212,0
2164,2234,0
2159,2263,0
2154,2301,0
2146,2341,0
2138,2390,0
2125,2431,0
2118,2465,0
2115,2484,0
2117,2492,0
2122,2494,0
2133,2480,0
2151,2449,0
2171,2413,0
2196,2379,0
2221,2348,0
2237,2326,0
2253,2318,0
2257,2315,0
2263,2326,0
2264,2347,0
2262,2381,0
2257,2415,0
2254,2448,0
2258,2473,0
2266,2487,0
2287,2494,0
2310,2487,1
2453,2371,0
2458,2374,0
2460,2368,0
2466,2364,0
2469,2357,0
2473,2345,0
2475,2330,0
2478,2314,0
2477,2300,0
2474,2293,0
2464,2289,0
2447,2296,0
2424,2315,0
2401,2343,0
2374,2373,0
2359,2405,0
2350,2432,0
2355,2453,0
2365,2466,0
2385,2468,0
2411,2458,0
2438,2438,0
2465,2417,0
2488,2398,0
2501,2375,0
2510,2360,0
2511,2350,0
2507,2347,0
2500,2352,0
2493,2362,0
2485,2376,0
2485,2399,0
2487,2417,0
2491,2433,0
2497,2440,0
2507,2442,0
2517,2437,0
2531,2427,0
2542,2410,0
2555,2392,0
2567,2370,0
2578,2347,0
2586,2328,0
2595,2316,0
2601,2312,0
2601,2312,0
2604,2320,0
2605,2339,0
2604,2364,0
2606,2392,0
2610,2419,0
2618,2441,0
2631,2457,0
2650,2463,0
2671,2458,0
2697,2451,0
2714,2433,0
2729,2412,0
2736,2388,0
2740,2364,0
2738,2340,0
2738,2321,0
2738,2305,0
2735,2292,0
2731,2280,0
2731,2275,0
2733,2278,0
2731,2281,0
2729,2292,1
2786,2333,0
2786,2333,0
2787,2333,0
2799,2334,0
2815,2336,0
2832,2332,0
2857,2328,0
2876,2317,0
2897,2309,0
2911,2299,0
2914,2285,0
2917,2277,0
2906,2271,0
2883,2270,0
2859,2280,0
2833,2301,0
2808,2327,0
2791,2355,0
2784,2386,0
2789,2417,0
2806,2439,0
2832,2450,0
2871,2451,0
2917,2449,0
2953,2441,1
3257,2215,0
3257,2216,0
3245,2211,0
3237,2215,0
3224,2216,0
3206,2217,0
3190,2222,0
3172,2230,0
3152,2239,0
3142,2254,0
3130,2266,0
3131,2281,0
3139,2296,0
3157,2311,0
3182,2321,0
3215,2334,0
3248,2346,0
3271,2357,0
3281,2369,0
3281,2381,0
3274,2394,0
3252,2403,0
3217,2410,0
3179,2412,0
3148,2413,0
3120,2406,0
3108,2396,0
3110,2379,0
3124,2359,1
3370,2312,0
3396,2320,0
3410,2321,0
3425,2323,0
3436,2323,0
3441,2317,0
3448,2310,0
3448,2297,0
3452,2287,0
3447,2275,0
3435,2264,0
3424,2259,0
3405,2256,0
3389,2262,0
3369,2272,0
3352,2290,0
3334,2315,0
3316,2339,0
3311,2368,0
3315,2387,0
3337,2404,0
3358,2405,0
3386,2399,0
3411,2385,0
3435,2371,0
3449,2350,0
3453,2328,0
3451,2307,0
3447,2287,1
3656,2225,0
3657,2224,0
3656,2225,0
3662,2231,0
3661,2239,0
3658,2248,0
3663,2268,0
3657,2288,0
3654,2316,0
3645,2346,0
3635,2369,0
3636,2387,0
3636,2393,0
3643,2391,0
3652,2375,0
3672,2352,0
3694,2325,0
3710,2293,0
3733,2270,0
3749,2250,0
3766,2241,0
3769,2237,0
3773,2245,0
3774,2263,0
3769,2284,0
3760,2306,0
3761,2331,0
3759,2347,0
3761,2357,0
3769,2360,0
3782,2357,0
3800,2340,0
3822,2319,0
3846,2294,0
3864,2270,0
3877,2253,0
3882,2240,0
3888,2239,0
3887,2241,0
3890,2250,0
3887,2267,0
3884,2291,0
3880,2316,0
3883,2338,0
3887,2352,0
3899,2362,0
3912,2367,0
3927,2366,0
3937,2360,0
3948,2352,0
3954,2338,0
3961,2328,0
3957,2314,1
4089,2296,0
4089,2296,0
4089,2296,0
4087,2292,0
4093,2290,0
4090,2280,0
4089,2268,0
4088,2256,0
4085,2246,0
4076,2236,0
4067,2236,0
4047,2237,0
4030,2247,0
4009,2263,0
3986,2281,0
3971,2308,0
3962,2333,0
3966,2355,0
3971,2369,0
3988,2379,0
4008,2379,0
4034,2371,0
4059,2357,0
4082,2339,0
4097,2318,0
4106,2299,0
4110,2286,0
4106,2277,0
4103,2275,0
4099,2275,0
4099,2282,0
4092,2297,0
4090,2314,0
4089,2329,0
4102,2346,0
4114,2357,0
4126,2360,0
4141,2359,0
4152,2351,0
4167,2338,0
4183,2322,0
4200,2304,0
4205,2282,0
4218,2270,0
4228,2263,0
4230,2259,0
4229,2262,0
4229,2268,0
4228,2284,0
4225,2303,0
4221,2322,0
4224,2340,0
4227,2349,0
4234,2352,0
4246,2351,0
4257,2341,0
4273,2325,0
4290,2306,0
4310,2291,0
4320,2275,0
4326,2266,0
4335,2268,0
4337,2271,0
4332,2279,0
4333,2299,0
4330,2319,0
4330,2340,0
4333,2357,0
4343,2364,0
4357,2364,0
4382,2356,0
4403,2340,0
4422,2323,0
4436,2302,0
4447,2285,0
4454,2275,0
4451,2270,0
4448,2269,0
4448,2276,0
4444,2290,0
4442,2307,0
4445,2324,0
4459,2340,0
4472,2350,0
4493,2354,0
4514,2350,0
4534,2341,0
4546,2330,0
4555,2316,0
4555,2300,0
4553,2289,0
4548,2281,0
4541,2277,0
4544,2280,0
4540,2286,0
4539,2304,0
4539,2325,0
4548,2350,0
4558,2379,0
4568,2413,0
4576,2453,0
4570,2492,0
4554,2531,0
4529,2560,0
4500,2580,0
4466,2593,0
4425,2587,0
4389,2577,0
4366,2560,0
4352,2539,0
4358,2517,0
4374,2495,0
4401,2478,1
4773,2277,0
4773,2277,0
4777,2278,0
4781,2280,0
4793,2283,0
4805,2287,0
4816,2289,0
4829,2292,0
4841,2294,0
4863,2298,0
4889,2300,0
4912,2300,0
4943,2303,0
4956,2303,0
4963,2306,0
4963,2307,0
4968,2315,1
5171,2210,0
5170,2204,0
5166,2195,0
5170,2194,0
5167,2193,0
5166,2194,0
5162,2203,0
5154,2219,0
5147,2240,0
5134,2266,0
5129,2293,0
5126,2316,0
5133,2338,0
5136,2349,0
5138,2354,0
5146,2354,0
5154,2347,0
5163,2331,0
5177,2315,0
5185,2299,0
5192,2292,0
5190,2289,0
5192,2292,0
5193,2301,0
5192,2319,0
5197,2336,0
5206,2354,0
5217,2367,0
5233,2371,0
5257,2368,0
5278,2354,0
5300,2338,0
5316,2314,0
5322,2286,0
5324,2263,0
5316,2242,0
5310,2227,0
5297,2219,0
5289,2215,0
5281,2215,0
5279,2217,0
5280,2226,0
5288,2236,0
5298,2245,0
5322,2251,0
5348,2251,0
5385,2248,0
5415,2241,0
5445,2234,0
5458,2225,0
5474,2220,0
5477,2213,0
5470,2207,0
5461,2199,0
5444,2198,0
5425,2201,0
5399,2209,0
5383,2224,0
5366,2241,0
5359,2264,0
5368,2291,0
5371,2311,0
5388,2331,0
5414,2342,0
5450,2343,0
5489,2337,0
5525,2326,0
5554,2313,0
5576,2301,1
5854,2263,0
5855,2260,0
5858,2251,0
5862,2244,0
5863,2231,0
5865,2218,0
5867,2203,0
5860,2188,0
5856,2174,0
5848,2164,0
5837,2159,0
5824,2159,0
5808,2168,0
5791,2188,0
5779,2215,0
5761,2246,0
5751,2277,0
5748,2302,0
5762,2319,0
5773,2326,0
5799,2325,0
5822,2315,0
5847,2298,0
5868,2280,0
5884,2264,0
5889,2252,0
5890,2249,0
5890,2250,0
5880,2252,0
5875,2263,0
5873,2277,0
5873,2289,0
5884,2302,0
5899,2308,0
5914,2305,0
5943,2299,0
5963,2281,0
5994,2260,0
6020,2231,0
6046,2200,0
6066,2160,0
6090,2121,0
6105,2082,0
6114,2047,0
6120,2018,0
6110,1998,0
6097,1990,0
6078,1993,0
6054,2010,0
6028,2036,0
6005,2074,0
5988,2117,0
5981,2157,0
5981,2198,0
5979,2234,0
5991,2259,0
6011,2271,0
6037,2272,0
6069,2258,0
6105,2242,0
6136,2213,0
6174,2181,0
6201,2144,0
6223,2108,0
6237,2074,0
6243,2042,0
6244,2019,0
6240,2005,0
6201,1997,0
6182,2014,0
6159,2040,0
6137,2077,0
6120,2120,0
6113,2161,0
6112,2196,0
6120,2230,0
6136,2254,0
6160,2268,0
6191,2267,0
6230,2256,1
6567,2193,0
6573,2188,0
6575,2174,0
6571,2159,0
6572,2145,0
6569,2130,0
6571,2113,0
6569,2095,0
6560,2081,0
6551,2070,0
6509,2072,0
6498,2091,0
6480,2116,0
6468,2151,0
6465,2182,0
6464,2217,0
6473,2239,0
6488,2255,0
6507,2261,0
6528,2252,0
6554,2240,0
6576,2215,0
6601,2182,0
6623,2145,0
6640,2107,0
6654,2070,0
6667,2031,0
6669,1998,0
6673,1973,0
6670,1954,0
6674,1943,0
6677,1947,0
6669,1960,0
6662,1981,0
6657,2010,0
6654,2043,0
6655,2077,0
6652,2111,0
6646,2151,0
6642,2184,0
6645,2215,0
6649,2237,0
6652,2252,0
6654,2258,0
6659,2257,0
6667,2246,1
6833,2123,0
6838,2124,0
6840,2120,0
6837,2114,0
6832,2105,0
6781,2105,0
6760,2118,0
6739,2129,0
6716,2146,0
6704,2168,0
6697,2188,0
6698,2208,0
6701,2224,0
6713,2236,0
6737,2241,0
6765,2236,0
6793,2227,0
6814,2215,0
6824,2199,0
6841,2164,0
6844,2142,0
6840,2129,0
6833,2116,0
6819,2107,0
6802,2104,1
6883,2225,0
6886,2227,0
6887,2225,0
6884,2223,0
6884,2223,1