eagerly.
204
895,4865,0
895,4873,0
900,4881,0
906,4898,0
914,4905,0
931,4914,0
948,4915,0
965,4911,0
979,4899,0
989,4888,0
994,4876,0
991,4863,0
984,4855,0
969,4839,0
952,4830,0
931,4834,0
907,4841,0
896,4857,0
887,4872,0
883,4900,0
878,4928,0
890,4965,0
913,4998,0
938,5022,0
962,5031,0
977,5027,0
1007,5011,0
1032,4988,0
1049,4961,1
1111,4857,0
1105,4852,0
1101,4852,0
1095,4848,0
1090,4848,0
1083,4852,0
1075,4860,0
1068,4872,0
1064,4888,0
1060,4909,0
1059,4932,0
1066,4956,0
1077,4977,0
1088,4992,0
1098,4997,0
1109,4996,0
1121,4988,0
1126,4973,0
1137,4948,0
1141,4928,0
1138,4912,0
1134,4888,0
1129,4880,0
1125,4881,0
1123,4884,0
1122,4896,0
1123,4912,0
1134,4932,0
1142,4960,0
1148,4984,0
1160,4995,0
1178,4996,0
1199,4979,1
1275,4920,0
1278,4920,0
1279,4916,0
1277,4912,0
1274,4905,0
1268,4900,0
1261,4893,0
1252,4890,0
1240,4886,0
1226,4890,0
1215,4898,0
1207,4915,0
1208,4935,0
1215,4959,0
1231,4974,0
1246,4977,0
1259,4973,0
1271,4957,0
1280,4932,0
1284,4912,0
1283,4900,0
1282,4896,0
1282,4900,0
1281,4904,0
1283,4916,0
1292,4940,0
1303,4968,0
1309,4995,0
1303,4999,0
1304,5016,0
1307,5035,0
1307,5043,0
1303,5051,0
1298,5059,0
1288,5056,0
1278,5056,0
1271,5048,0
1258,5038,0
1251,5033,0
1249,5029,0
1252,5021,0
1260,5013,0
1271,4997,0
1286,4972,0
1302,4947,0
1313,4923,0
1320,4898,0
1324,4882,0
1320,4866,0
1315,4854,0
1307,4851,0
1300,4852,0
1292,4864,0
1288,4880,0
1290,4903,0
1297,4920,0
1308,4935,0
1321,4942,0
1336,4937,0
1350,4929,0
1363,4920,0
1373,4911,0
1383,4903,0
1394,4906,0
1401,4905,0
1409,4912,0
1414,4925,0
1416,4932,0
1416,4932,0
1416,4936,0
1414,4929,0
1408,4917,0
1399,4901,0
1389,4890,0
1383,4879,0
1380,4871,0
1382,4871,0
1381,4875,0
1385,4874,0
1392,4874,0
1406,4869,0
1416,4864,0
1427,4856,0
1436,4842,0
1445,4830,0
1452,4809,0
1457,4797,0
1457,4789,0
1452,4785,0
1450,4785,0
1443,4790,0
1437,4802,0
1433,4823,0
1437,4843,0
1440,4871,0
1450,4902,0
1464,4925,0
1477,4936,0
1488,4939,0
1500,4938,0
1514,4929,0
1527,4915,0
1534,4894,0
1541,4878,0
1544,4865,0
1544,4854,0
1542,4854,0
1543,4857,0
1542,4865,0
1545,4885,0
1550,4901,0
1556,4921,0
1561,4928,0
1571,4927,0
1583,4922,0
1596,4905,0
1607,4887,0
1615,4874,0
1619,4866,0
1621,4865,0
1624,4869,0
1627,4881,0
1628,4897,0
1628,4925,0
1628,4957,0
1632,4993,0
1632,5021,0
1633,5045,0
1628,5062,0
1623,5078,0
1610,5084,0
1592,5082,0
1578,5079,0
1572,5076,0
1566,5064,0
1566,5060,0
1569,5047,1
1752,4864,0
1756,4864,0
1752,4869,0
1748,4877,0
1745,4881,1