She was afraid and could only hope
645
1597,535,0
1623,510,0
1626,506,0
1623,503,0
1614,501,0
1593,504,0
1561,516,0
1521,534,0
1472,553,0
1449,569,0
1436,581,0
1439,589,0
1452,598,0
1471,604,0
1500,609,0
1532,618,0
1563,632,0
1582,647,0
1587,665,0
1584,685,0
1570,702,0
1549,721,0
1505,735,0
1456,750,0
1424,761,0
1405,757,0
1394,740,0
1400,714,0
1418,665,1
1671,524,0
1676,523,0
1674,525,0
1679,533,0
1675,554,0
1669,586,0
1661,629,0
1649,668,0
1646,689,0
1648,699,0
1650,702,0
1657,700,0
1662,682,0
1670,655,0
1678,626,0
1679,617,0
1679,617,0
1679,624,0
1678,646,0
1680,675,0
1683,696,0
1696,711,0
1715,720,0
1745,721,0
1773,714,0
1806,696,0
1833,670,0
1851,651,0
1853,639,0
1847,634,0
1838,632,0
1814,641,0
1787,661,0
1765,683,0
1763,704,0
1771,721,0
1790,735,0
1833,745,0
1877,748,0
1911,741,0
1949,728,1
2159,620,0
2154,620,0
2154,620,0
2151,628,0
2145,651,0
2135,682,0
2133,706,0
2133,713,0
2141,714,0
2159,706,0
2176,690,0
2192,673,0
2201,653,0
2205,645,0
2204,646,0
2203,660,0
2196,685,0
2203,706,0
2212,717,0
2228,721,0
2251,717,0
2273,708,0
2289,690,0
2304,665,0
2307,636,0
2301,620,0
2294,613,0
2277,613,0
2266,620,1
2458,630,0
2456,622,0
2453,620,0
2437,616,0
2411,618,0
2391,628,0
2374,643,0
2364,658,0
2362,673,0
2370,685,0
2385,691,0
2398,691,0
2417,686,0
2434,675,0
2440,658,0
2452,635,0
2464,612,0
2461,608,0
2465,611,0
2451,627,0
2443,650,0
2449,669,0
2453,680,0
2468,685,0
2485,686,1
2589,600,0
2586,599,0
2573,598,0
2559,602,0
2537,608,0
2526,615,0
2528,621,0
2530,628,0
2542,633,0
2562,635,0
2574,637,0
2589,639,0
2597,644,0
2598,651,0
2591,660,0
2585,668,0
2567,673,0
2548,678,0
2534,680,0
2529,681,0
2522,678,0
2528,672,0
2537,659,0
2565,652,1
2979,613,0
2968,603,0
2966,593,0
2964,586,0
2958,579,0
2950,576,0
2942,575,0
2928,582,0
2907,601,0
2881,625,0
2871,646,0
2868,658,0
2883,664,0
2909,662,0
2936,653,0
2951,641,0
2963,627,0
2975,610,0
2974,597,0
2975,596,0
2968,601,0
2960,619,0
2960,638,0
2974,649,0
2998,652,0
3020,646,0
3043,634,0
3059,616,0
3074,591,0
3081,554,0
3093,512,0
3093,486,0
3082,482,0
3064,487,0
3049,506,0
3030,542,0
3028,593,0
3030,635,0
3026,669,0
3032,694,0
3035,712,0
3029,721,0
3032,723,0
3025,721,0
3014,712,0
3014,698,0
3018,687,0
3028,677,0
3044,663,0
3064,646,0
3093,629,0
3119,608,0
3134,592,0
3139,591,0
3139,592,0
3137,599,0
3134,615,0
3129,639,0
3124,654,0
3124,659,0
3124,661,0
3128,656,0
3132,643,0
3136,622,0
3137,598,0
3142,577,0
3139,571,0
3144,570,0
3143,571,0
3153,579,0
3163,593,0
3180,608,0
3189,620,1
3291,583,0
3292,577,0
3293,571,0
3290,567,0
3291,564,0
3283,564,0
3264,572,0
3232,592,0
3208,613,0
3201,629,0
3206,639,0
3226,646,0
3246,644,0
3272,635,0
3296,623,0
3315,603,0
3325,580,0
3332,562,0
3328,559,0
3327,562,0
3308,578,0
3297,596,0
3305,616,0
3310,628,0
3326,634,0
3342,633,0
3356,628,0
3374,617,0
3390,599,0
3406,576,0
3413,561,0
3413,562,0
3413,564,0
3406,578,0
3394,600,0
3387,617,0
3389,629,1
3415,523,0
3416,515,0
3412,513,0
3412,512,0
3412,513,1
3558,567,0
3556,558,0
3560,555,0
3553,547,0
3529,544,0
3508,548,0
3486,561,0
3471,579,0
3460,596,0
3465,608,0
3481,613,0
3497,612,0
3515,605,0
3534,591,0
3549,571,0
3571,540,0
3588,504,0
3598,483,0
3595,482,0
3581,492,0
3566,516,0
3544,551,0
3543,581,0
3544,600,0
3554,613,1
3935,554,0
3933,547,0
3933,542,0
3934,542,0
3930,543,0
3912,552,0
3884,570,0
3865,591,0
3855,608,0
3857,619,0
3877,626,0
3905,623,0
3935,614,0
3962,602,0
3984,588,0
3994,571,0
3996,552,0
3994,542,0
3990,544,0
3980,554,0
3969,571,0
3966,591,0
3976,608,0
3987,620,0
4006,627,0
4018,626,0
4023,621,0
4032,613,0
4039,598,0
4046,579,0
4048,565,0
4048,562,0
4048,562,0
4047,564,0
4043,573,0
4046,581,0
4048,587,0
4056,591,0
4063,593,0
4071,596,0
4075,594,0
4084,594,0
4085,589,0
4089,584,0
4093,582,0
4102,582,0
4102,582,0
4109,584,0
4117,589,0
4116,598,0
4118,606,0
4125,615,0
4137,617,1
4258,559,0
4258,554,0
4254,554,0
4254,552,0
4238,557,0
4220,567,0
4210,582,0
4200,598,0
4198,608,0
4210,612,0
4222,612,0
4240,603,0
4258,590,0
4272,571,0
4288,545,0
4304,510,0
4310,487,0
4311,483,0
4306,488,0
4288,509,0
4272,539,0
4268,571,0
4266,591,0
4263,607,1
4628,556,0
4630,550,0
4629,548,0
4617,549,0
4596,557,0
4566,574,0
4548,593,0
4542,610,0
4552,622,0
4571,630,0
4603,632,0
4636,629,0
4661,624,1
4773,558,0
4770,554,0
4763,549,0
4750,547,0
4729,551,0
4709,557,0
4700,572,0
4698,586,0
4704,600,0
4723,612,0
4739,620,0
4758,622,0
4775,617,0
4784,606,0
4794,591,0
4796,569,0
4791,547,0
4778,543,0
4770,547,0
4765,559,1
4873,570,0
4876,568,0
4877,567,0
4876,569,0
4871,581,0
4864,603,0
4866,620,0
4869,632,0
4889,637,0
4910,634,0
4927,625,0
4936,616,0
4950,602,0
4955,587,0
4956,583,0
4955,586,0
4954,599,0
4948,618,0
4954,629,0
4974,633,0
4990,631,0
5016,622,0
5033,610,0
5047,591,0
5062,564,0
5074,530,0
5075,512,0
5067,507,0
5055,508,0
5043,519,0
5028,542,0
5026,571,0
5026,599,0
5036,617,0
5051,628,0
5070,636,0
5091,634,1
5181,579,0
5181,577,0
5173,576,0
5161,581,0
5140,591,0
5122,604,0
5117,617,0
5115,630,0
5127,634,0
5139,634,0
5156,624,0
5178,612,0
5196,591,0
5211,563,0
5221,537,0
5228,508,0
5228,506,0
5220,510,0
5207,526,0
5199,552,0
5201,581,0
5207,605,0
5216,622,0
5228,637,1
5612,571,0
5612,562,0
5610,556,0
5601,553,0
5593,552,0
5581,561,0
5563,579,0
5549,601,0
5539,618,0
5546,628,0
5561,632,0
5586,626,0
5612,615,0
5629,603,0
5642,590,0
5651,574,0
5648,559,0
5649,557,0
5641,559,0
5632,569,0
5631,576,0
5643,583,0
5663,584,0
5692,579,0
5716,573,0
5728,570,0
5741,557,0
5741,560,0
5742,557,0
5733,569,0
5720,581,0
5709,603,0
5708,619,0
5711,626,0
5719,627,0
5723,625,0
5736,615,0
5750,603,0
5764,583,0
5776,570,0
5786,561,0
5785,564,0
5788,569,0
5786,594,0
5781,606,0
5796,617,0
5808,620,0
5833,615,0
5849,606,0
5875,598,0
5896,576,0
5919,546,0
5937,516,0
5938,497,0
5931,492,0
5911,492,0
5890,501,0
5881,522,0
5878,549,0
5885,575,0
5895,587,0
5910,606,0
5926,605,0
5942,608,0
5958,605,0
5967,595,0
5976,583,0
5976,579,0
5968,579,0
5964,593,0
5955,605,0
5957,615,0
5969,622,0
5984,625,0
6001,626,0
6017,618,0
6034,603,0
6044,590,0
6052,583,0
6049,585,0
6039,591,0
6034,611,0
6024,632,0
6017,663,0
6013,695,0
6015,719,0
6013,743,0
6003,757,0
5993,765,0
5964,769,0
5945,767,0
5941,760,0
5943,748,0
5965,731,0
5998,717,0
6033,698,0
6075,678,1
6272,487,0
6272,487,0
6272,492,0
6262,509,0
6249,533,0
6230,564,0
6220,598,0
6214,617,0
6216,631,0
6224,637,0
6237,634,0
6254,623,0
6268,603,0
6281,579,0
6295,564,0
6299,562,0
6307,566,0
6305,580,0
6300,600,0
6290,622,0
6293,635,0
6304,642,0
6328,644,0
6353,634,0
6378,622,1
6446,576,0
6442,575,0
6434,576,0
6409,581,0
6384,593,0
6366,620,0
6378,627,0
6406,632,0
6430,629,0
6450,624,0
6468,607,0
6481,589,0
6483,571,0
6471,559,0
6463,555,1
6621,598,0
6621,597,0
6621,599,0
6605,603,0
6587,610,0
6566,630,0
6544,651,0
6522,673,0
6517,687,0
6512,692,0
6516,692,0
6521,685,0
6530,669,0
6532,649,0
6546,619,0
6562,586,0
6580,554,0
6597,538,0
6617,534,0
6645,542,0
6660,554,0
6671,574,0
6678,593,0
6671,617,0
6663,622,0
6646,631,0
6626,631,0
6607,622,0
6599,620,0
6599,620,0
6607,620,0
6623,626,0
6654,627,0
6679,629,0
6710,630,0
6747,622,0
6777,608,0
6797,598,0
6811,579,0
6811,572,0
6796,563,0
6768,563,0
6747,567,0
6743,576,0
6742,588,0
6761,605,0
6788,620,0
6823,624,0
6851,631,1