had never spoken of such
544
767,6120,0
763,6124,0
761,6140,0
757,6172,0
757,6215,0
757,6276,0
760,6348,0
760,6424,0
758,6492,0
755,6548,0
746,6592,0
745,6607,0
742,6607,0
747,6599,0
752,6552,0
763,6488,0
781,6429,0
810,6382,0
842,6348,0
878,6329,0
899,6326,0
912,6338,0
916,6366,0
915,6414,0
906,6474,0
903,6529,0
901,6578,0
910,6610,0
924,6630,1
1158,6387,0
1146,6388,0
1134,6392,0
1112,6396,0
1089,6408,0
1062,6428,0
1042,6460,0
1026,6504,0
1023,6548,0
1028,6580,0
1042,6596,0
1061,6597,0
1087,6580,0
1109,6548,0
1137,6507,0
1160,6455,0
1176,6404,0
1187,6372,0
1189,6371,0
1186,6375,0
1178,6407,0
1170,6459,0
1161,6512,0
1158,6560,0
1163,6596,0
1176,6611,0
1199,6615,0
1227,6594,0
1263,6565,1
1375,6385,0
1370,6370,0
1353,6363,0
1330,6371,0
1303,6396,0
1277,6437,0
1257,6490,0
1247,6542,0
1245,6577,0
1253,6598,0
1266,6601,0
1286,6589,0
1312,6556,0
1341,6507,0
1368,6442,0
1390,6369,0
1409,6295,0
1423,6238,0
1432,6201,0
1433,6190,0
1430,6194,0
1421,6202,0
1407,6247,0
1398,6316,0
1389,6392,0
1386,6469,0
1388,6536,0
1404,6592,1
1754,6319,0
1755,6315,0
1759,6322,0
1770,6346,0
1775,6386,0
1779,6441,0
1780,6498,0
1780,6546,0
1774,6579,0
1771,6595,0
1768,6595,0
1767,6587,0
1764,6563,0
1770,6511,0
1779,6449,0
1795,6399,0
1817,6360,0
1842,6337,0
1859,6331,0
1872,6337,0
1878,6353,0
1881,6389,0
1879,6429,0
1878,6478,0
1878,6526,0
1883,6566,0
1894,6597,0
1913,6614,0
1940,6618,0
1973,6610,0
2008,6585,0
2046,6551,0
2081,6501,0
2110,6461,0
2125,6413,0
2133,6372,0
2128,6348,0
2116,6338,0
2093,6338,0
2068,6350,0
2046,6382,0
2030,6416,0
2022,6458,0
2026,6506,0
2039,6544,0
2063,6573,0
2092,6592,0
2127,6599,0
2161,6594,0
2195,6568,0
2225,6538,0
2251,6496,0
2269,6449,0
2280,6401,0
2286,6372,0
2287,6367,0
2283,6372,0
2277,6398,0
2276,6443,0
2278,6488,0
2285,6535,0
2296,6573,0
2311,6603,0
2326,6617,0
2338,6619,0
2350,6608,0
2361,6582,0
2363,6536,0
2362,6488,0
2358,6439,0
2358,6406,0
2358,6398,0
2358,6394,0
2359,6394,0
2362,6393,0
2374,6403,0
2388,6408,0
2406,6416,0
2433,6428,0
2461,6430,0
2495,6435,0
2526,6428,0
2555,6412,0
2576,6395,0
2586,6376,0
2588,6359,0
2581,6345,0
2567,6339,0
2546,6344,0
2526,6358,0
2508,6391,0
2494,6430,0
2488,6477,0
2492,6513,0
2510,6550,0
2537,6572,0
2569,6585,0
2606,6585,0
2647,6575,0
2685,6553,0
2721,6532,0
2748,6508,0
2766,6483,0
2775,6476,0
2783,6473,0
2783,6490,0
2782,6516,0
2778,6542,0
2777,6563,0
2776,6580,0
2777,6587,0
2774,6584,0
2772,6576,0
2765,6549,0
2762,6513,0
2755,6465,0
2758,6419,0
2766,6387,0
2777,6363,0
2798,6346,0
2828,6333,0
2856,6321,0
2888,6316,0
2923,6314,0
2954,6312,1
3133,6504,0
3136,6511,0
3152,6523,0
3182,6546,0
3217,6556,0
3257,6559,0
3300,6553,0
3335,6541,0
3364,6517,0
3379,6491,0
3377,6454,0
3362,6416,0
3341,6377,0
3318,6343,0
3303,6322,0
3294,6305,0
3298,6291,0
3315,6271,0
3352,6258,0
3395,6246,0
3445,6244,0
3489,6253,0
3524,6277,0
3546,6320,0
3557,6381,0
3556,6454,0
3548,6539,0
3530,6627,0
3508,6712,0
3482,6785,0
3455,6833,0
3427,6856,0
3405,6851,0
3384,6824,0
3366,6767,0
3363,6692,0
3370,6609,0
3395,6532,0
3431,6459,0
3479,6398,0
3528,6349,0
3581,6314,0
3632,6293,0
3686,6297,0
3728,6314,0
3759,6353,0
3773,6399,0
3767,6445,0
3740,6486,0
3697,6522,0
3645,6543,0
3598,6553,0
3559,6543,1
3929,6307,0
3914,6309,0
3899,6317,0
3880,6330,0
3866,6358,0
3854,6394,0
3847,6432,0
3855,6468,0
3870,6492,0
3889,6505,0
3914,6507,0
3937,6497,0
3954,6467,0
3966,6431,0
3968,6386,0
3957,6347,0
3938,6321,0
3916,6313,0
3898,6317,0
3890,6321,0
3892,6325,0
3907,6335,0
3935,6343,0
3967,6351,0
4007,6350,0
4050,6348,0
4096,6334,0
4135,6314,0
4174,6295,0
4204,6280,0
4222,6266,0
4232,6256,0
4233,6256,0
4232,6252,0
4232,6256,0
4232,6252,0
4234,6237,0
4241,6220,0
4244,6196,0
4246,6168,0
4242,6134,0
4237,6105,0
4222,6077,0
4205,6067,0
4184,6069,0
4163,6080,0
4148,6111,0
4138,6148,0
4133,6199,0
4131,6259,0
4130,6321,0
4135,6390,0
4142,6441,0
4148,6477,0
4152,6493,0
4155,6492,0
4154,6488,0
4150,6464,0
4147,6424,0
4146,6394,0
4150,6360,0
4171,6333,0
4192,6309,0
4220,6290,0
4249,6284,0
4271,6286,0
4287,6296,0
4288,6309,0
4274,6330,0
4252,6359,0
4228,6389,0
4212,6423,0
4206,6453,0
4214,6476,0
4238,6496,0
4268,6502,0
4306,6498,0
4350,6483,0
4393,6457,0
4432,6427,0
4461,6393,0
4478,6360,0
4480,6341,0
4472,6333,0
4455,6333,0
4434,6348,0
4407,6372,0
4387,6415,0
4377,6460,0
4381,6494,0
4401,6529,0
4430,6550,0
4466,6558,0
4508,6550,0
4546,6529,0
4577,6494,0
4606,6450,0
4626,6406,0
4633,6365,0
4636,6350,0
4634,6356,0
4623,6367,0
4615,6408,0
4606,6440,0
4604,6469,0
4608,6490,0
4614,6496,0
4623,6495,0
4631,6482,0
4647,6455,0
4660,6411,0
4678,6363,0
4699,6332,0
4712,6329,0
4723,6336,0
4731,6355,0
4739,6392,0
4744,6435,0
4758,6478,0
4786,6518,0
4828,6543,1
5176,6331,0
5156,6330,0
5139,6336,0
5121,6348,0
5102,6370,0
5087,6404,0
5081,6451,0
5084,6496,0
5098,6529,0
5127,6553,0
5154,6560,0
5191,6551,0
5226,6528,0
5255,6490,0
5271,6440,0
5270,6383,0
5262,6336,0
5241,6312,0
5219,6297,0
5195,6295,0
5183,6297,0
5183,6302,0
5195,6314,0
5231,6324,0
5279,6329,0
5334,6325,0
5388,6312,0
5437,6287,0
5487,6257,0
5524,6220,0
5551,6180,0
5569,6141,0
5567,6107,0
5552,6084,0
5525,6079,0
5493,6098,0
5458,6134,0
5429,6190,0
5414,6264,0
5403,6350,0
5407,6446,0
5414,6538,0
5422,6614,0
5434,6674,0
5439,6709,0
5442,6716,0
5440,6712,0
5428,6692,0
5405,6645,0
5372,6589,0
5344,6546,0
5325,6515,0
5314,6489,0
5320,6480,0
5352,6464,0
5402,6449,0
5463,6440,0
5518,6436,0
5566,6436,0
5609,6435,0
5637,6429,1
5762,6527,0
5761,6531,0
5762,6546,0
5778,6564,0
5808,6572,0
5847,6572,0
5885,6565,0
5919,6548,0
5940,6527,0
5952,6499,0
5946,6462,0
5923,6425,0
5898,6393,0
5876,6365,0
5863,6344,0
5863,6329,0
5883,6314,0
5924,6302,0
5972,6295,0
6022,6290,0
6070,6297,0
6099,6311,0
6116,6332,0
6114,6359,0
6103,6400,0
6079,6440,0
6054,6484,0
6042,6524,0
6044,6558,0
6049,6574,0
6072,6582,0
6102,6579,0
6136,6557,0
6172,6523,0
6206,6481,0
6233,6432,0
6247,6390,0
6251,6361,0
6249,6352,0
6247,6354,0
6240,6365,0
6232,6403,0
6229,6447,0
6227,6489,0
6237,6532,0
6246,6565,0
6266,6592,0
6285,6602,0
6306,6596,1
6425,6354,0
6415,6347,0
6409,6347,0
6395,6358,0
6379,6388,0
6357,6433,0
6340,6483,0
6332,6527,0
6335,6561,0
6354,6587,0
6385,6603,0
6420,6600,0
6461,6582,0
6500,6543,0
6534,6500,0
6563,6437,0
6587,6367,0
6600,6292,0
6601,6231,0
6587,6183,0
6571,6150,0
6558,6134,0
6541,6133,0
6533,6153,0
6520,6191,0
6516,6247,0
6515,6313,0
6517,6380,0
6523,6445,0
6526,6495,0
6537,6533,0
6543,6554,0
6552,6562,0
6557,6558,0
6565,6546,0
6577,6514,0
6598,6465,0
6627,6428,0
6650,6407,0
6666,6399,0
6682,6401,0
6693,6413,0
6696,6442,0
6690,6473,0
6685,6521,0
6683,6559,0
6703,6597,0
6746,6622,0
6806,6621,1