Must have thought I &apos;d
509
656,4412,1
653,4423,0
658,4432,0
662,4432,0
675,4429,0
691,4415,0
707,4388,0
724,4341,0
740,4283,0
756,4212,0
778,4133,0
795,4046,0
808,3959,0
812,3883,0
810,3819,0
805,3778,0
796,3757,0
789,3761,0
779,3780,0
774,3824,0
776,3884,0
791,3937,0
810,3975,0
835,3993,0
867,3995,0
904,3973,0
947,3935,0
991,3880,0
1033,3820,0
1066,3769,0
1083,3740,0
1085,3737,0
1078,3756,0
1058,3812,0
1028,3892,0
998,3991,0
970,4103,0
950,4210,0
943,4306,0
954,4379,0
980,4423,0
1014,4436,0
1055,4420,0
1097,4381,0
1141,4320,0
1182,4251,0
1213,4191,0
1230,4138,0
1237,4114,0
1237,4113,0
1228,4130,0
1215,4174,0
1201,4239,0
1195,4307,0
1194,4359,0
1205,4386,0
1221,4390,0
1247,4374,0
1278,4332,0
1311,4282,0
1344,4215,0
1375,4162,0
1392,4120,0
1402,4116,0
1403,4135,0
1394,4184,0
1380,4245,0
1367,4298,0
1364,4346,0
1370,4378,0
1385,4394,0
1404,4392,0
1428,4374,1
1456,4332,0
1453,4352,0
1461,4375,0
1476,4386,0
1499,4384,0
1529,4372,0
1557,4345,0
1584,4310,0
1602,4271,0
1609,4226,0
1601,4187,0
1574,4146,0
1544,4130,0
1515,4117,0
1500,4118,0
1498,4114,0
1507,4113,0
1534,4098,0
1573,4073,0
1615,4032,0
1662,3988,0
1708,3937,0
1749,3884,0
1783,3830,0
1805,3785,0
1814,3746,0
1812,3726,0
1805,3731,0
1790,3759,0
1774,3810,0
1760,3882,0
1745,3966,0
1732,4058,0
1725,4148,0
1718,4222,0
1713,4285,0
1707,4326,0
1701,4346,0
1696,4347,0
1682,4333,0
1663,4296,0
1648,4257,0
1641,4234,0
1640,4226,0
1643,4226,0
1654,4216,0
1684,4212,0
1720,4198,0
1767,4186,1
2121,3744,0
2118,3753,0
2117,3778,0
2116,3829,0
2113,3896,0
2106,3981,0
2094,4075,0
2082,4164,0
2072,4242,0
2068,4308,0
2066,4345,0
2067,4350,0
2070,4349,0
2079,4330,0
2095,4281,0
2116,4218,0
2145,4161,0
2174,4111,0
2209,4085,0
2239,4076,0
2262,4077,0
2277,4098,0
2279,4131,0
2273,4179,0
2262,4227,0
2256,4280,0
2254,4317,0
2265,4348,0
2283,4359,0
2317,4362,0
2352,4339,0
2393,4309,0
2433,4271,1
2535,4126,0
2523,4130,0
2511,4134,0
2493,4145,0
2473,4160,0
2450,4189,0
2429,4229,0
2413,4281,0
2403,4326,0
2403,4356,0
2412,4374,0
2429,4377,0
2451,4362,0
2477,4332,0
2499,4291,0
2520,4241,0
2535,4189,0
2545,4147,0
2548,4125,0
2548,4126,0
2543,4131,0
2537,4163,0
2531,4216,0
2528,4263,0
2532,4309,0
2540,4344,0
2554,4365,0
2576,4379,0
2603,4377,0
2636,4357,0
2668,4323,0
2695,4278,0
2714,4228,0
2722,4177,0
2722,4156,0
2717,4153,0
2703,4164,0
2695,4205,0
2690,4255,0
2690,4297,0
2702,4340,0
2716,4369,0
2735,4384,0
2760,4386,0
2784,4372,0
2807,4341,0
2827,4303,0
2830,4249,0
2830,4210,0
2822,4191,0
2814,4181,0
2810,4179,0
2808,4176,0
2810,4174,0
2819,4179,0
2832,4186,0
2849,4193,0
2874,4203,0
2906,4211,0
2943,4217,0
2982,4215,0
3020,4202,0
3047,4180,0
3067,4157,0
3076,4135,0
3067,4112,0
3049,4104,0
3026,4115,0
2996,4138,0
2966,4175,0
2946,4220,0
2946,4277,0
2976,4333,0
3028,4370,0
3102,4384,0
3195,4370,0
3292,4347,1
3687,3689,0
3684,3690,0
3680,3693,0
3677,3716,0
3665,3749,0
3660,3806,0
3653,3880,0
3638,3967,0
3628,4070,0
3614,4165,0
3604,4247,0
3592,4309,0
3577,4348,0
3555,4361,0
3537,4357,0
3515,4328,0
3497,4279,0
3488,4237,0
3484,4203,0
3490,4184,0
3495,4172,0
3518,4173,0
3556,4173,0
3604,4162,0
3661,4145,0
3715,4114,0
3767,4074,0
3815,4030,0
3853,3974,0
3876,3907,0
3891,3846,0
3895,3802,0
3894,3783,0
3893,3783,0
3884,3795,0
3872,3845,0
3860,3923,0
3849,4016,0
3836,4108,0
3829,4191,0
3827,4260,0
3831,4295,0
3845,4306,0
3861,4299,0
3887,4272,0
3911,4217,0
3940,4153,0
3966,4114,0
3984,4100,0
3994,4103,0
3999,4119,0
3997,4155,0
3995,4201,0
3993,4242,0
3993,4276,0
4000,4307,0
4013,4331,0
4034,4345,0
4065,4343,0
4097,4320,0
4133,4289,1
4203,4150,0
4187,4163,0
4169,4191,0
4155,4237,0
4150,4280,0
4152,4309,0
4165,4329,0
4186,4340,0
4209,4332,0
4234,4309,0
4251,4275,0
4255,4227,0
4251,4173,0
4237,4138,0
4222,4125,0
4206,4123,0
4200,4121,0
4203,4125,0
4221,4140,0
4254,4155,0
4293,4160,0
4344,4160,0
4389,4150,0
4429,4136,0
4461,4119,0
4480,4104,0
4479,4093,0
4473,4099,0
4452,4127,0
4432,4176,0
4415,4226,0
4407,4264,0
4412,4290,0
4426,4310,0
4450,4321,0
4478,4314,0
4512,4297,0
4550,4270,0
4580,4228,0
4606,4180,0
4617,4138,0
4620,4128,0
4620,4129,0
4617,4143,0
4608,4178,0
4602,4209,0
4608,4242,0
4621,4272,0
4639,4294,0
4657,4309,0
4676,4315,0
4697,4318,1
4914,4118,0
4903,4101,0
4881,4082,0
4859,4077,0
4829,4088,0
4799,4123,0
4769,4178,0
4751,4237,0
4755,4287,0
4774,4319,0
4803,4331,0
4840,4325,0
4887,4303,0
4930,4263,0
4970,4214,0
4993,4157,0
4999,4114,0
4990,4094,0
4967,4094,0
4935,4114,0
4898,4149,0
4865,4198,0
4840,4259,0
4828,4336,0
4823,4420,0
4824,4503,0
4829,4583,0
4831,4650,0
4825,4701,0
4817,4734,0
4801,4743,0
4780,4734,0
4758,4705,0
4739,4653,0
4739,4597,0
4753,4543,0
4785,4490,0
4828,4437,0
4879,4370,0
4934,4302,0
4990,4234,0
5039,4164,0
5085,4094,0
5118,4020,0
5143,3947,0
5162,3891,0
5163,3860,0
5168,3860,0
5164,3870,0
5162,3908,0
5158,3966,0
5153,4041,0
5144,4119,0
5139,4188,0
5134,4238,0
5138,4268,0
5150,4285,0
5161,4285,0
5183,4274,0
5205,4241,0
5230,4203,0
5254,4185,0
5268,4181,0
5277,4188,0
5281,4209,0
5281,4242,0
5278,4274,0
5281,4301,0
5286,4312,0
5296,4314,0
5315,4305,0
5346,4280,0
5377,4234,0
5407,4181,0
5431,4112,0
5451,4041,0
5469,3986,0
5478,3950,0
5480,3935,0
5479,3935,0
5479,3942,0
5474,3979,0
5467,4036,0
5452,4089,0
5441,4142,0
5431,4195,0
5422,4234,0
5415,4264,0
5412,4285,0
5406,4292,0
5407,4291,0
5401,4280,0
5396,4249,0
5389,4211,0
5391,4191,0
5394,4188,0
5397,4184,0
5408,4178,0
5429,4174,0
5459,4171,0
5494,4167,0
5527,4161,0
5558,4157,0
5578,4145,0
5591,4131,1
5940,3796,0
5940,3795,0
5940,3795,0
5940,3796,0
5940,3795,0
5940,3802,0
5939,3817,0
5931,3835,0
5927,3865,0
5921,3907,0
5914,3960,0
5903,4021,0
5900,4087,0
5897,4155,0
5890,4214,0
5885,4268,0
5882,4314,0
5876,4346,0
5870,4365,0
5871,4369,0
5880,4353,1
6171,3743,0
6168,3746,0
6172,3769,0
6167,3803,0
6155,3841,1
6330,4148,0
6320,4148,0
6308,4152,0
6281,4160,0
6253,4184,0
6225,4219,0
6202,4261,0
6189,4304,0
6183,4336,0
6186,4357,0
6199,4367,0
6223,4368,0
6253,4351,0
6290,4311,0
6331,4259,0
6370,4196,0
6401,4121,0
6424,4043,0
6439,3973,0
6453,3919,0
6447,3877,0
6442,3850,0
6437,3843,0
6432,3844,0
6422,3865,0
6401,3909,0
6383,3976,0
6365,4048,0
6353,4125,0
6348,4205,0
6353,4283,0
6370,4346,0
6389,4386,1