Take trees. He rattled on
468
669,1810,0
661,1821,0
653,1848,0
637,1872,0
616,1913,0
616,1962,0
564,2002,0
538,2053,0
518,2096,0
530,2137,0
605,2186,0
598,2205,0
595,2208,1
472,1800,0
468,1802,0
472,1804,0
489,1801,0
510,1797,0
546,1792,0
556,1782,0
598,1778,0
644,1779,0
691,1783,0
736,1781,0
780,1781,0
817,1780,1
928,1959,0
914,1957,0
896,1959,0
871,1961,0
839,1973,0
803,1992,0
765,2018,0
731,2049,0
703,2076,0
685,2105,0
680,2121,0
686,2125,0
704,2129,0
731,2113,0
767,2096,0
809,2077,0
847,2055,0
879,2046,0
896,2044,0
902,2048,0
901,2060,0
895,2079,0
887,2107,0
878,2126,0
874,2142,1
1140,1803,0
1131,1824,0
1116,1844,0
1100,1877,0
1078,1913,0
1052,1949,0
1026,1992,0
1001,2031,0
980,2062,0
970,2085,0
968,2098,0
975,2102,0
988,2091,1
1228,1927,0
1205,1929,0
1181,1942,0
1148,1952,0
1117,1973,0
1084,1993,0
1054,2012,0
1032,2041,0
1019,2064,0
1015,2084,0
1023,2100,0
1038,2108,0
1065,2113,0
1102,2109,0
1150,2099,0
1201,2077,0
1253,2053,0
1301,2028,0
1344,2002,0
1374,1973,0
1392,1949,0
1401,1940,0
1391,1930,0
1370,1929,0
1341,1937,0
1314,1961,0
1285,1985,0
1265,2016,0
1257,2048,0
1261,2080,0
1278,2099,0
1311,2111,0
1356,2113,1
1886,1805,0
1877,1819,0
1865,1842,0
1848,1871,0
1829,1911,0
1802,1952,0
1773,1994,0
1747,2033,0
1725,2070,0
1706,2098,0
1694,2114,0
1686,2121,0
1680,2114,1
1716,1959,0
1713,1961,0
1714,1960,0
1720,1962,0
1733,1962,0
1756,1961,0
1781,1956,0
1812,1957,0
1838,1954,1
1954,1946,0
1946,1963,0
1935,1981,0
1927,2003,0
1915,2022,0
1903,2031,0
1902,2036,0
1903,2035,0
1908,2033,0
1915,2017,0
1935,2004,0
1952,1983,0
1971,1969,0
1988,1961,0
1997,1955,0
2010,1962,0
2020,1971,0
2031,1983,0
2045,1994,0
2063,2002,0
2087,2003,0
2118,2004,0
2145,1993,0
2174,1981,0
2200,1964,0
2219,1947,0
2227,1934,0
2227,1928,0
2213,1923,0
2190,1927,0
2160,1942,0
2137,1966,0
2119,1989,0
2108,2014,0
2108,2037,0
2114,2052,0
2133,2064,0
2157,2065,0
2189,2060,0
2224,2048,0
2262,2034,1
2294,2013,0
2297,2016,0
2306,2015,0
2328,2010,0
2357,2000,0
2384,1986,0
2410,1971,0
2431,1956,0
2445,1940,0
2456,1932,0
2451,1920,0
2444,1915,0
2423,1911,0
2400,1919,0
2366,1930,0
2342,1952,0
2313,1972,0
2296,1997,0
2289,2021,0
2291,2039,0
2306,2054,1
2623,1912,0
2600,1911,0
2579,1920,0
2558,1932,0
2537,1944,0
2521,1956,0
2516,1971,0
2519,1983,0
2528,1997,0
2544,2010,0
2555,2017,0
2558,2019,0
2557,2020,0
2550,2020,0
2533,2029,0
2509,2038,0
2482,2043,0
2464,2051,0
2446,2054,0
2439,2059,0
2438,2060,1
2684,2060,0
2684,2060,0
2684,2060,0
2684,2060,0
2683,2061,0
2687,2063,0
2687,2063,0
2684,2060,0
2688,2062,0
2690,2062,0
2685,2059,0
2680,2059,0
2676,2063,0
2670,2067,0
2665,2071,0
2666,2076,0
2672,2081,0
2684,2082,0
2702,2077,0
2724,2068,0
2741,2054,1
3156,1775,0
3146,1788,0
3136,1807,0
3120,1832,0
3095,1862,0
3073,1901,0
3043,1940,0
3021,1982,0
2998,2018,0
2980,2048,0
2963,2065,0
2958,2076,0
2955,2079,1
3044,1952,0
3048,1954,0
3058,1959,0
3071,1963,0
3087,1964,0
3103,1964,0
3120,1962,0
3137,1961,0
3154,1959,1
3300,1809,0
3302,1807,0
3302,1807,0
3303,1814,0
3293,1826,0
3276,1849,0
3255,1881,0
3229,1920,0
3201,1961,0
3174,1997,0
3158,2028,0
3148,2045,0
3147,2053,1
3266,1996,0
3272,2000,0
3283,2000,0
3300,1997,0
3324,1988,0
3341,1973,0
3361,1961,0
3372,1947,0
3386,1935,0
3387,1927,0
3377,1920,0
3370,1923,0
3349,1930,0
3319,1949,0
3289,1973,0
3265,2002,0
3251,2031,0
3249,2053,0
3262,2067,0
3284,2073,0
3317,2071,1
3652,1972,0
3641,1987,0
3634,2002,0
3626,2015,0
3623,2025,0
3619,2024,0
3616,2021,0
3623,2019,0
3631,2007,0
3648,1992,0
3667,1971,0
3689,1952,0
3710,1937,0
3725,1927,0
3737,1924,0
3746,1925,0
3758,1930,1
3884,1954,0
3882,1949,0
3882,1944,0
3875,1940,0
3864,1941,0
3841,1948,0
3817,1963,0
3793,1985,0
3768,2007,0
3759,2027,0
3756,2037,0
3764,2041,0
3783,2041,0
3808,2034,0
3838,2018,0
3868,2002,0
3901,1989,0
3921,1978,0
3932,1976,0
3934,1981,0
3927,1991,0
3921,2008,0
3910,2025,0
3904,2043,0
3899,2051,1
4196,1799,0
4198,1803,0
4192,1815,0
4190,1836,0
4176,1862,0
4154,1894,0
4133,1930,0
4108,1964,0
4088,1998,0
4070,2026,0
4061,2042,0
4061,2049,0
4065,2051,1
4301,1797,0
4295,1800,0
4287,1815,0
4270,1837,0
4251,1866,0
4229,1898,0
4203,1929,0
4178,1956,0
4159,1981,0
4145,1997,0
4136,2004,0
4128,2002,0
4123,1995,1
4116,1927,0
4116,1928,0
4119,1930,0
4126,1933,0
4143,1936,0
4169,1938,0
4192,1932,0
4219,1925,1
4443,1797,0
4430,1814,0
4408,1841,0
4384,1872,0
4358,1903,0
4334,1940,0
4317,1970,0
4305,1992,0
4303,2004,1
4394,1973,0
4396,1976,0
4408,1980,0
4422,1978,0
4447,1974,0
4471,1965,0
4491,1952,0
4512,1938,0
4533,1924,0
4548,1912,0
4552,1903,0
4546,1899,0
4536,1899,0
4509,1908,0
4486,1927,0
4457,1946,0
4440,1970,0
4423,1993,0
4421,2014,0
4430,2031,0
4447,2043,1
4757,1939,0
4743,1940,0
4720,1950,0
4697,1962,0
4671,1978,0
4651,2000,0
4637,2018,0
4630,2030,0
4633,2033,0
4643,2031,0
4663,2020,0
4691,1999,0
4722,1973,0
4755,1942,0
4787,1913,0
4818,1883,0
4840,1856,0
4853,1834,0
4859,1821,0
4861,1818,0
4856,1819,0
4853,1826,0
4840,1844,0
4823,1872,0
4802,1909,0
4782,1950,0
4770,1985,0
4768,2007,0
4775,2022,1
5433,1922,0
5427,1915,0
5424,1912,0
5410,1905,0
5402,1901,0
5386,1901,0
5359,1903,0
5337,1914,0
5310,1929,0
5283,1950,0
5267,1976,0
5257,2002,0
5255,2024,0
5266,2038,0
5281,2044,0
5308,2044,0
5338,2035,0
5371,2017,0
5402,1996,0
5421,1973,0
5433,1954,0
5434,1942,0
5429,1933,0
5421,1929,0
5409,1927,0
5404,1931,0
5397,1936,0
5390,1942,0
5393,1944,1
5542,1917,0
5540,1922,0
5540,1935,0
5535,1949,0
5527,1968,0
5511,1983,0
5501,1997,0
5500,2000,0
5504,2002,0
5510,1997,0
5532,1985,0
5563,1963,0
5602,1939,0
5646,1917,0
5691,1900,0
5728,1893,0
5747,1897,0
5756,1907,0
5757,1927,0
5749,1949,0
5734,1976,0
5725,1997,0
5724,2014,0
5730,2019,0
5740,2014,1