I could produce his confession and
487
810,2203,0
804,2207,0
803,2218,0
803,2251,0
799,2282,0
796,2322,0
791,2362,0
782,2397,0
774,2420,1
1109,2357,0
1091,2381,0
1073,2408,0
1064,2433,0
1063,2449,0
1073,2468,0
1088,2477,0
1110,2480,0
1137,2476,1
1336,2350,0
1329,2347,0
1322,2347,0
1310,2353,0
1291,2367,0
1273,2384,0
1261,2405,0
1264,2421,0
1278,2424,1
1375,2349,0
1380,2328,0
1381,2316,0
1376,2312,0
1368,2314,0
1360,2318,0
1356,2327,0
1353,2328,1
1461,2343,0
1452,2362,0
1445,2383,0
1441,2396,0
1448,2407,0
1459,2405,0
1479,2398,0
1499,2377,0
1522,2360,0
1541,2344,0
1551,2326,0
1555,2321,0
1552,2321,0
1546,2330,0
1532,2350,0
1520,2369,0
1515,2383,1
1715,2212,0
1707,2223,0
1696,2247,0
1676,2287,0
1650,2330,0
1628,2365,0
1619,2384,0
1616,2393,0
1619,2392,0
1629,2386,0
1652,2376,0
1675,2357,0
1708,2348,1
1843,2309,0
1828,2314,0
1802,2327,0
1771,2350,0
1741,2371,0
1720,2391,0
1716,2403,0
1721,2407,0
1737,2402,0
1763,2386,0
1795,2359,0
1833,2329,0
1870,2291,0
1902,2257,0
1925,2235,0
1929,2216,0
1932,2218,0
1929,2224,0
1915,2251,0
1892,2282,0
1879,2321,1
2137,2332,0
2138,2314,0
2146,2297,0
2162,2284,0
2186,2276,0
2210,2273,0
2227,2268,0
2248,2270,0
2268,2282,1
2262,2317,0
2239,2334,0
2213,2352,0
2188,2365,0
2172,2373,0
2173,2382,0
2176,2384,0
2194,2385,1
2388,2318,0
2386,2315,0
2386,2320,0
2369,2325,0
2352,2345,0
2336,2363,0
2324,2374,0
2326,2381,0
2342,2387,1
2389,2351,0
2400,2334,0
2407,2321,0
2408,2311,0
2405,2309,0
2393,2306,0
2385,2311,0
2378,2316,1
2485,2333,0
2468,2345,0
2451,2354,0
2440,2367,0
2433,2375,0
2429,2377,0
2434,2380,0
2437,2382,0
2437,2378,0
2442,2379,0
2444,2379,0
2444,2378,0
2444,2378,0
2444,2379,0
2437,2372,0
2440,2375,0
2439,2376,0
2441,2380,0
2437,2377,0
2439,2381,0
2441,2384,0
2449,2389,0
2452,2391,0
2457,2393,0
2463,2394,0
2471,2389,0
2483,2377,0
2500,2362,0
2516,2341,0
2534,2319,0
2542,2290,0
2551,2264,0
2560,2238,0
2568,2213,0
2577,2192,0
2583,2177,0
2582,2168,0
2583,2167,0
2584,2171,0
2579,2190,0
2565,2220,0
2550,2255,0
2534,2291,0
2521,2324,0
2517,2350,1
2654,2299,0
2649,2302,0
2644,2316,0
2637,2335,0
2630,2350,0
2633,2359,0
2644,2364,0
2659,2360,0
2677,2346,1
2743,2291,0
2741,2308,0
2732,2330,0
2725,2350,0
2723,2367,0
2728,2373,0
2739,2370,0
2763,2362,1
2912,2282,0
2905,2288,0
2885,2299,0
2864,2317,0
2836,2334,0
2813,2353,0
2802,2372,0
2796,2381,0
2803,2387,1
2926,2322,0
2927,2326,0
2924,2324,0
2935,2326,0
2949,2318,0
2967,2307,0
2986,2296,0
2998,2285,0
3010,2280,0
3003,2270,0
2997,2270,0
2977,2277,0
2956,2296,0
2931,2318,0
2910,2340,0
2905,2356,0
2917,2367,0
2937,2366,0
2967,2356,0
3011,2349,0
3044,2335,1
3385,2348,0
3385,2348,0
3390,2338,0
3400,2314,0
3422,2291,0
3450,2271,0
3474,2256,0
3494,2246,0
3513,2248,0
3520,2252,0
3524,2265,0
3520,2289,0
3510,2311,0
3506,2328,0
3503,2333,0
3505,2337,0
3501,2329,1
3573,2265,0
3558,2275,0
3549,2298,0
3549,2323,0
3547,2331,1
3602,2177,0
3604,2170,0
3601,2167,0
3604,2169,0
3601,2180,1
3742,2227,0
3738,2232,0
3721,2241,0
3708,2250,0
3691,2258,1
3725,2294,0
3740,2300,0
3750,2306,0
3749,2308,0
3739,2314,0
3722,2322,0
3699,2330,0
3677,2339,1
4181,2232,0
4151,2248,0
4134,2273,0
4120,2293,0
4112,2311,0
4104,2323,0
4109,2337,0
4118,2344,0
4138,2345,1
4312,2251,0
4299,2257,0
4276,2270,0
4255,2287,0
4241,2308,0
4236,2323,0
4241,2329,0
4256,2328,0
4276,2321,0
4292,2304,0
4317,2287,0
4331,2265,0
4340,2244,0
4348,2231,0
4346,2227,0
4338,2224,0
4331,2227,0
4322,2235,0
4318,2242,0
4323,2248,0
4338,2254,1
4445,2273,0
4432,2292,0
4422,2309,0
4409,2322,0
4406,2327,0
4406,2327,0
4408,2323,0
4418,2308,0
4435,2289,0
4457,2268,0
4482,2251,0
4502,2240,0
4517,2240,0
4518,2246,0
4514,2259,0
4507,2280,0
4499,2300,1
4743,2159,0
4742,2152,0
4738,2152,0
4717,2157,0
4692,2176,0
4667,2204,0
4637,2233,0
4613,2265,0
4592,2293,0
4582,2318,0
4576,2335,0
4574,2345,0
4576,2350,1
4570,2275,0
4570,2276,0
4570,2276,0
4586,2281,0
4599,2282,0
4625,2285,0
4655,2288,0
4676,2284,0
4702,2280,1
4739,2280,0
4746,2283,0
4752,2282,0
4763,2279,0
4786,2272,1
4823,2229,0
4803,2231,0
4784,2241,0
4761,2257,0
4741,2275,0
4729,2296,0
4730,2312,0
4742,2323,1
4968,2222,0
4954,2221,0
4932,2229,0
4915,2243,0
4891,2256,0
4879,2268,0
4869,2277,0
4874,2285,0
4881,2288,0
4898,2292,0
4915,2294,0
4929,2294,0
4924,2293,0
4928,2295,0
4925,2301,0
4909,2306,0
4888,2309,0
4876,2316,0
4864,2319,0
4863,2321,0
4872,2313,1
5061,2226,0
5061,2226,0
5055,2228,0
5036,2238,0
5021,2251,0
5002,2261,0
4997,2270,0
4996,2280,0
5010,2287,0
5022,2290,0
5038,2294,0
5055,2297,0
5070,2301,0
5069,2302,0
5076,2308,0
5060,2313,0
5046,2321,0
5016,2326,0
5006,2336,0
4987,2336,0
4993,2335,1
5167,2220,0
5166,2221,0
5166,2231,0
5156,2251,0
5141,2272,1
5182,2171,0
5181,2164,0
5187,2161,0
5179,2159,0
5183,2162,1
5325,2235,0
5320,2234,0
5301,2236,0
5283,2247,0
5256,2264,0
5240,2288,0
5220,2310,0
5225,2326,0
5231,2331,1
5324,2299,0
5349,2284,0
5354,2267,0
5364,2256,0
5360,2252,0
5354,2248,0
5345,2248,0
5338,2253,0
5333,2255,0
5328,2254,0
5337,2256,0
5339,2250,1
5531,2239,0
5530,2241,0
5532,2244,0
5529,2253,0
5530,2268,0
5514,2285,0
5506,2301,0
5503,2306,0
5507,2307,0
5513,2304,0
5528,2292,0
5540,2275,0
5570,2258,0
5607,2245,0
5630,2232,0
5656,2235,0
5665,2244,0
5668,2257,0
5664,2275,0
5660,2294,0
5655,2305,1
5975,2245,0
5965,2246,0
5943,2258,0
5921,2276,0
5896,2296,0
5886,2318,0
5875,2332,0
5884,2342,0
5892,2342,1
5935,2328,0
5955,2312,0
5972,2292,0
5993,2274,0
6006,2262,0
6007,2260,0
6006,2262,0
5994,2271,0
5977,2289,0
5969,2307,0
5963,2321,0
5957,2327,1
6066,2285,0
6059,2301,0
6053,2317,0
6049,2326,0
6044,2326,0
6048,2328,0
6051,2321,0
6065,2308,0
6084,2293,0
6113,2277,0
6143,2268,0
6157,2265,0
6162,2274,0
6155,2280,0
6152,2299,0
6131,2317,0
6124,2333,1
6290,2287,0
6277,2288,0
6256,2298,0
6230,2309,0
6210,2323,0
6198,2333,0
6194,2333,0
6190,2331,0
6206,2326,0
6220,2311,0
6244,2296,0
6275,2272,0
6302,2247,1
6343,2198,0
6355,2188,0
6355,2189,0
6353,2195,0
6336,2217,0
6307,2246,0
6288,2282,0
6274,2306,1