I Never looked on you as a romantist! &quot;
476
868,3506,0
856,3541,0
838,3584,0
819,3643,0
801,3689,0
786,3729,0
778,3760,0
773,3772,0
772,3779,1
1178,3520,0
1179,3515,0
1181,3520,0
1184,3519,0
1191,3535,0
1196,3566,0
1204,3602,0
1213,3630,0
1225,3645,1
1249,3672,0
1256,3672,0
1262,3676,0
1265,3667,0
1271,3647,0
1280,3619,0
1290,3590,0
1301,3565,1
1331,3643,0
1341,3646,0
1352,3645,0
1363,3641,0
1369,3624,0
1375,3607,0
1378,3600,0
1376,3588,0
1371,3584,0
1361,3585,0
1348,3598,0
1334,3615,0
1322,3640,0
1316,3660,0
1319,3677,0
1331,3684,0
1346,3687,1
1475,3614,0
1471,3634,0
1467,3655,0
1467,3675,0
1469,3679,0
1474,3683,0
1481,3674,0
1490,3660,0
1502,3638,1
1601,3641,0
1601,3637,0
1609,3641,0
1622,3643,0
1635,3632,1
1662,3587,0
1643,3599,0
1626,3621,0
1610,3645,0
1604,3670,0
1607,3681,0
1619,3691,0
1632,3689,0
1650,3683,1
1772,3616,0
1770,3621,0
1769,3629,0
1768,3637,0
1767,3641,0
1770,3645,0
1777,3639,0
1792,3628,0
1816,3614,0
1841,3592,0
1869,3583,0
1894,3577,0
1914,3567,1
2136,3568,0
2128,3596,0
2127,3613,0
2129,3625,0
2134,3631,0
2142,3633,0
2157,3629,0
2179,3621,0
2206,3604,1
2306,3544,0
2301,3547,0
2289,3555,0
2273,3573,0
2258,3595,0
2248,3607,0
2251,3615,0
2263,3619,1
2314,3597,0
2320,3578,0
2326,3567,0
2327,3559,0
2321,3552,0
2311,3551,0
2301,3554,0
2294,3561,1
2434,3556,0
2428,3554,0
2416,3567,0
2400,3586,0
2382,3607,0
2369,3619,0
2373,3631,0
2383,3631,0
2400,3626,0
2415,3610,0
2432,3595,0
2446,3581,0
2453,3566,0
2455,3561,0
2449,3554,0
2446,3560,0
2437,3563,1
2608,3392,0
2608,3397,0
2608,3410,0
2598,3441,0
2579,3481,0
2560,3529,0
2545,3562,0
2540,3581,0
2538,3590,1
2653,3527,0
2638,3529,0
2618,3542,0
2589,3551,0
2563,3563,0
2544,3575,0
2531,3581,0
2531,3593,0
2539,3604,1
2681,3579,0
2683,3583,0
2690,3589,0
2700,3589,0
2716,3581,1
2793,3538,0
2790,3535,0
2776,3538,0
2747,3543,0
2721,3561,0
2696,3577,0
2684,3600,0
2678,3620,1
2911,3544,0
2896,3556,0
2878,3571,0
2861,3588,0
2856,3605,0
2857,3608,0
2867,3608,0
2880,3597,0
2900,3582,0
2924,3563,0
2948,3537,0
2975,3513,0
2990,3481,0
3004,3468,0
3010,3469,0
3006,3467,0
2997,3482,0
2984,3513,0
2965,3546,0
2951,3576,0
2945,3594,1
3238,3598,0
3223,3621,0
3208,3626,0
3209,3636,0
3216,3640,1
3243,3624,0
3264,3614,0
3277,3597,0
3286,3577,0
3297,3570,0
3294,3557,0
3291,3555,0
3278,3549,0
3267,3551,0
3257,3553,0
3257,3558,0
3254,3555,1
3390,3604,0
3383,3618,0
3384,3631,0
3378,3636,0
3378,3636,1
3411,3618,0
3430,3601,0
3452,3585,0
3479,3578,0
3493,3578,0
3501,3587,0
3498,3597,0
3498,3617,1
3725,3529,0
3726,3532,0
3730,3545,0
3732,3563,0
3737,3590,0
3737,3610,0
3742,3632,0
3750,3641,0
3761,3647,1
3871,3513,0
3874,3522,0
3863,3536,0
3844,3561,0
3814,3596,0
3773,3629,0
3744,3666,0
3711,3696,0
3694,3723,0
3681,3737,0
3685,3749,0
3696,3752,0
3715,3737,1
3979,3537,0
3971,3528,0
3967,3532,0
3947,3534,0
3930,3552,0
3916,3574,0
3913,3593,0
3909,3595,0
3926,3602,1
3979,3569,0
3992,3558,0
3999,3541,0
4004,3532,0
4005,3530,0
4001,3529,0
3992,3531,0
3983,3539,1
4087,3544,0
4088,3548,0
4089,3568,0
4086,3587,0
4080,3602,1
4191,3542,0
4205,3539,0
4205,3539,0
4205,3544,0
4195,3560,0
4187,3578,0
4171,3581,0
4174,3589,1
4488,3515,0
4475,3518,0
4461,3526,0
4435,3535,0
4412,3552,0
4389,3568,0
4375,3582,0
4375,3593,0
4380,3600,1
4401,3584,0
4426,3572,0
4456,3565,0
4471,3549,0
4483,3538,0
4489,3532,0
4482,3527,0
4485,3536,0
4473,3548,0
4465,3567,0
4454,3584,0
4439,3591,1
4616,3509,0
4606,3508,0
4594,3508,0
4582,3515,0
4569,3524,0
4566,3538,0
4567,3549,0
4569,3552,0
4580,3558,1
4635,3577,0
4637,3586,0
4626,3591,0
4613,3599,0
4596,3604,0
4582,3609,0
4570,3609,0
4566,3607,1
4919,3509,0
4891,3521,0
4863,3535,0
4844,3551,0
4833,3562,1
4877,3555,0
4894,3542,0
4909,3526,0
4918,3515,0
4923,3516,0
4923,3516,0
4915,3525,0
4906,3542,0
4894,3555,0
4883,3568,0
4878,3578,0
4875,3583,1
5206,3615,0
5206,3604,0
5218,3589,0
5227,3564,0
5258,3551,0
5278,3533,0
5300,3525,0
5321,3524,0
5333,3522,1
5417,3513,0
5407,3519,0
5383,3530,0
5369,3548,0
5346,3564,0
5337,3581,0
5340,3590,0
5349,3592,0
5364,3587,1
5398,3568,0
5415,3554,0
5420,3535,0
5429,3517,0
5426,3506,0
5426,3506,0
5423,3504,0
5419,3509,1
5532,3533,0
5528,3551,0
5511,3568,0
5507,3592,0
5494,3596,1
5486,3587,0
5496,3574,0
5506,3554,0
5529,3537,0
5554,3525,0
5571,3522,0
5586,3528,0
5581,3534,0
5585,3550,0
5564,3563,0
5561,3580,0
5549,3583,0
5553,3585,0
5551,3581,0
5564,3571,0
5581,3554,0
5609,3537,0
5638,3525,0
5665,3522,0
5682,3527,0
5681,3533,0
5679,3551,0
5657,3567,0
5648,3585,1
5801,3532,0
5802,3531,0
5801,3532,0
5791,3532,0
5770,3540,0
5742,3551,0
5721,3567,0
5706,3582,0
5705,3590,1
5737,3573,0
5755,3561,0
5780,3547,0
5795,3533,0
5811,3525,0
5805,3520,0
5810,3526,0
5792,3537,0
5781,3559,0
5765,3575,0
5756,3587,0
5756,3594,1
5880,3530,0
5878,3532,0
5875,3544,0
5858,3554,0
5848,3570,0
5834,3583,0
5829,3588,0
5825,3587,0
5833,3583,0
5839,3568,0
5861,3551,0
5888,3532,0
5924,3516,0
5950,3507,0
5976,3510,0
5979,3515,0
5978,3529,0
5969,3549,0
5951,3568,0
5943,3580,0
5938,3580,1
6067,3527,0
6058,3534,0
6046,3551,0
6032,3571,0
6020,3582,1
6104,3456,0
6112,3444,0
6114,3440,0
6119,3441,0
6115,3440,1
6259,3490,0
6258,3492,0
6246,3496,0
6225,3498,0
6206,3504,0
6184,3510,0
6169,3518,0
6164,3525,0
6165,3532,0
6178,3541,0
6194,3547,0
6213,3553,0
6228,3559,0
6239,3565,0
6241,3568,0
6237,3573,0
6220,3580,0
6194,3583,0
6166,3588,0
6148,3594,0
6129,3592,1
6370,3433,0
6382,3420,0
6402,3419,0
6408,3426,0
6406,3445,0
6389,3472,0
6361,3508,0
6337,3537,0
6329,3558,1
6285,3573,0
6285,3573,0
6290,3573,0
6308,3568,0
6334,3566,0
6367,3565,0
6406,3565,0
6435,3562,0
6462,3558,1
6434,3647,0
6434,3647,0
6433,3648,0
6432,3648,0
6436,3650,1
6531,3429,0
6531,3429,0
6528,3443,0
6510,3465,0
6494,3492,1
6677,3411,0
6670,3415,0
6659,3433,0
6652,3455,0
6645,3467,1
6727,3437,0
6725,3440,0
6720,3457,0
6710,3483,0
6698,3501,1