&quot;You must get rid of that coat,&quot; he
702
962,2101,0
960,2117,0
956,2137,0
949,2161,0
940,2184,1
1003,2092,0
1001,2107,0
996,2131,0
985,2150,0
974,2174,1
1098,2121,0
1101,2125,0
1110,2137,0
1120,2148,0
1134,2164,0
1145,2171,0
1154,2179,0
1162,2191,0
1165,2195,1
1212,2104,0
1199,2129,0
1185,2158,0
1171,2186,0
1160,2219,0
1151,2247,0
1143,2272,0
1138,2292,0
1134,2304,1
1305,2172,0
1299,2173,0
1293,2174,0
1285,2174,0
1277,2183,0
1264,2188,0
1252,2205,0
1242,2226,0
1230,2243,0
1225,2268,0
1222,2284,0
1225,2300,0
1234,2311,0
1244,2318,0
1259,2325,0
1274,2324,0
1290,2322,0
1303,2309,0
1318,2299,0
1329,2282,0
1338,2261,0
1341,2241,0
1341,2224,0
1336,2209,0
1328,2198,0
1317,2187,0
1307,2180,0
1296,2177,0
1288,2182,1
1397,2192,0
1395,2204,0
1397,2229,0
1397,2249,0
1401,2268,0
1409,2283,0
1420,2294,0
1432,2296,0
1446,2289,0
1462,2279,0
1473,2256,0
1484,2234,0
1492,2207,0
1501,2186,0
1506,2168,0
1510,2163,0
1510,2163,0
1511,2167,0
1512,2187,0
1512,2212,0
1515,2247,0
1513,2273,0
1517,2297,0
1520,2308,0
1526,2311,1
1782,2224,0
1784,2245,0
1785,2256,0
1787,2260,0
1785,2257,0
1785,2257,0
1787,2252,0
1784,2232,0
1784,2211,0
1787,2193,0
1793,2178,0
1797,2160,0
1806,2148,0
1814,2136,0
1822,2133,0
1831,2139,0
1831,2147,0
1836,2171,0
1840,2195,0
1840,2212,0
1841,2225,0
1844,2236,0
1844,2236,0
1845,2236,0
1848,2235,0
1848,2222,0
1852,2198,0
1862,2178,0
1875,2159,0
1891,2145,0
1903,2132,0
1919,2128,0
1932,2128,0
1942,2132,0
1954,2149,0
1954,2165,0
1960,2189,0
1964,2205,0
1968,2217,0
1968,2220,0
1973,2222,1
2020,2109,0
2021,2113,0
2021,2113,0
2021,2117,0
2021,2127,0
2026,2146,0
2022,2162,0
2023,2183,0
2022,2201,0
2026,2221,0
2034,2236,0
2040,2241,0
2052,2244,0
2063,2239,0
2068,2224,0
2079,2209,0
2086,2188,0
2091,2163,0
2098,2142,0
2100,2123,0
2104,2111,0
2106,2106,0
2104,2104,0
2106,2106,0
2108,2109,0
2108,2123,0
2111,2145,0
2112,2166,0
2113,2188,0
2113,2205,0
2116,2217,0
2122,2228,0
2128,2234,1
2154,2108,0
2144,2113,0
2140,2124,0
2137,2135,0
2137,2140,0
2144,2149,0
2153,2153,0
2171,2157,0
2186,2154,0
2203,2158,0
2215,2160,0
2226,2164,0
2237,2171,0
2244,2176,0
2252,2186,0
2255,2193,0
2251,2199,0
2243,2209,0
2229,2221,0
2213,2230,0
2195,2240,0
2178,2244,0
2169,2249,0
2161,2248,0
2153,2244,1
2305,1983,0
2302,1984,0
2306,1996,0
2311,2016,0
2314,2038,0
2314,2063,0
2312,2087,0
2309,2113,0
2309,2141,0
2309,2165,0
2311,2188,0
2311,2205,0
2311,2220,1
2292,2111,0
2295,2113,0
2302,2113,0
2314,2110,0
2326,2108,1
2626,2067,0
2622,2070,0
2615,2066,0
2606,2067,0
2595,2072,0
2579,2079,0
2567,2094,0
2549,2112,0
2538,2135,0
2529,2157,0
2523,2176,0
2528,2193,0
2535,2203,0
2545,2205,0
2559,2205,0
2571,2196,0
2587,2184,0
2601,2169,0
2615,2152,0
2623,2131,0
2633,2113,0
2638,2094,0
2642,2080,0
2644,2068,0
2646,2062,0
2647,2061,0
2647,2061,0
2645,2063,0
2642,2070,0
2643,2090,0
2644,2115,0
2642,2142,0
2644,2171,0
2642,2197,0
2644,2227,0
2642,2253,0
2636,2277,0
2633,2299,0
2622,2311,0
2613,2318,0
2600,2318,0
2586,2309,0
2574,2292,0
2567,2278,0
2562,2265,1
2725,2110,0
2725,2110,0
2726,2109,0
2736,2111,0
2747,2106,0
2760,2100,0
2777,2096,0
2786,2089,0
2794,2082,0
2799,2077,0
2799,2071,0
2799,2067,0
2795,2064,0
2785,2063,0
2772,2064,0
2760,2069,0
2747,2075,0
2733,2082,0
2722,2092,0
2717,2106,0
2712,2121,0
2711,2137,0
2716,2154,0
2726,2166,0
2739,2171,0
2759,2171,0
2786,2167,0
2811,2163,0
2837,2157,1
2861,1935,0
2864,1938,0
2864,1944,0
2861,1958,0
2860,1976,0
2861,2002,0
2863,2029,0
2861,2053,0
2864,2077,0
2867,2102,0
2869,2121,0
2871,2137,0
2871,2146,1
2851,2056,0
2855,2058,0
2863,2057,0
2876,2055,0
2885,2052,1
3115,2034,0
3112,2042,0
3115,2058,0
3112,2072,0
3112,2085,0
3112,2096,0
3111,2103,0
3112,2108,0
3114,2111,0
3110,2109,0
3111,2108,0
3112,2107,0
3112,2096,0
3110,2080,0
3119,2071,0
3121,2058,0
3129,2043,0
3145,2031,0
3154,2014,0
3164,2003,0
3163,1998,1
3274,1992,0
3276,1995,0
3277,2000,0
3277,2013,0
3274,2029,0
3273,2048,0
3269,2065,0
3259,2077,0
3260,2088,1
3246,1887,0
3245,1888,0
3242,1886,0
3243,1890,0
3245,1894,1
3455,1984,0
3444,1978,0
3436,1974,0
3430,1976,0
3417,1979,0
3407,1987,0
3395,2001,0
3381,2019,0
3375,2046,0
3371,2069,0
3374,2084,0
3385,2096,0
3404,2104,0
3421,2103,0
3441,2098,0
3459,2087,0
3472,2071,0
3486,2053,0
3498,2031,0
3506,2007,0
3508,1985,0
3513,1966,0
3510,1942,0
3511,1920,0
3516,1900,1
3520,1859,0
3520,1854,0
3517,1850,0
3518,1849,0
3518,1849,0
3523,1855,0
3522,1865,0
3521,1879,0
3518,1899,0
3520,1923,0
3513,1945,0
3514,1971,0
3512,1995,0
3510,2017,0
3504,2036,0
3504,2056,0
3501,2067,0
3506,2075,0
3513,2079,0
3517,2079,1
3798,1940,0
3794,1940,0
3788,1942,0
3783,1949,0
3768,1958,0
3754,1970,0
3740,1984,0
3732,2004,0
3727,2024,0
3730,2041,0
3737,2053,0
3749,2056,0
3769,2056,0
3787,2051,0
3799,2040,0
3817,2028,0
3827,2013,0
3835,1994,0
3834,1973,0
3829,1959,0
3814,1952,0
3806,1951,0
3799,1954,0
3790,1959,0
3788,1970,1
3942,1929,0
3948,1920,0
3953,1904,0
3954,1888,0
3951,1870,0
3953,1850,0
3946,1831,0
3942,1814,0
3932,1798,0
3930,1794,0
3923,1790,0
3918,1791,0
3918,1800,0
3917,1816,0
3912,1833,0
3912,1856,0
3910,1882,0
3915,1913,0
3919,1944,0
3919,1975,0
3919,2005,0
3923,2035,0
3925,2059,0
3928,2077,0
3931,2087,1
3916,2002,0
3921,2002,0
3928,1997,0
3940,1994,0
3961,1991,1
4232,1789,0
4237,1790,0
4233,1790,0
4236,1791,0
4235,1793,0
4239,1804,0
4237,1817,0
4239,1837,0
4239,1863,0
4237,1891,0
4238,1916,0
4247,1941,0
4246,1959,0
4239,1970,0
4239,1978,0
4237,1982,0
4233,1982,1
4220,1880,0
4224,1882,0
4236,1886,0
4249,1886,0
4264,1883,1
4328,1796,0
4326,1810,0
4325,1828,0
4334,1854,0
4333,1882,0
4331,1911,0
4330,1939,0
4331,1964,0
4325,1981,0
4324,1991,0
4328,1993,0
4328,1991,0
4333,1982,0
4338,1964,0
4346,1942,0
4351,1925,0
4364,1909,0
4377,1893,0
4394,1879,0
4407,1870,0
4417,1869,0
4422,1877,0
4427,1891,0
4432,1907,0
4435,1922,0
4439,1937,0
4442,1949,0
4442,1958,0
4444,1964,1
4597,1855,0
4584,1855,0
4571,1855,0
4555,1860,0
4545,1871,0
4530,1883,0
4517,1900,0
4515,1922,0
4511,1940,0
4508,1953,0
4516,1964,0
4524,1966,0
4541,1961,0
4555,1949,0
4572,1934,0
4586,1915,0
4596,1893,0
4603,1870,0
4610,1858,0
4611,1856,0
4611,1855,0
4613,1860,0
4613,1879,0
4613,1904,0
4612,1925,0
4614,1940,0
4622,1951,0
4628,1956,0
4632,1956,1
4680,1712,0
4680,1712,0
4680,1713,0
4681,1721,0
4685,1741,0
4688,1765,0
4688,1794,0
4683,1824,0
4675,1851,0
4673,1881,0
4674,1907,0
4678,1927,0
4684,1942,1
4671,1849,0
4672,1848,0
4681,1848,0
4695,1845,0
4710,1842,1
5081,1821,0
5081,1821,0
5081,1819,0
5078,1819,0
5069,1819,0
5055,1821,0
5039,1829,0
5030,1841,0
5008,1850,0
5002,1865,0
4993,1874,0
4991,1889,0
4993,1905,0
5004,1919,0
5028,1925,0
5055,1924,0
5085,1913,1
5187,1791,0
5184,1790,0
5175,1790,0
5166,1792,0
5151,1797,0
5143,1807,0
5129,1820,0
5117,1838,0
5113,1858,0
5110,1874,0
5117,1888,0
5127,1897,0
5142,1903,0
5158,1905,0
5185,1906,0
5206,1897,0
5223,1886,0
5234,1869,0
5248,1857,0
5247,1838,0
5253,1823,0
5241,1809,0
5228,1799,0
5214,1790,0
5207,1788,1
5390,1778,0
5380,1773,0
5373,1768,0
5356,1766,0
5343,1767,0
5332,1773,0
5317,1780,0
5308,1794,0
5296,1809,0
5289,1829,0
5282,1848,0
5287,1868,0
5291,1878,0
5309,1887,0
5323,1886,0
5342,1881,0
5359,1870,0
5375,1853,0
5386,1833,0
5395,1809,0
5404,1787,0
5408,1775,0
5405,1771,0
5402,1770,0
5402,1770,0
5405,1773,0
5403,1790,0
5407,1814,0
5407,1834,0
5408,1853,0
5415,1870,0
5419,1882,0
5421,1885,1
5459,1607,0
5462,1608,0
5465,1614,0
5463,1631,0
5468,1656,0
5467,1682,0
5470,1711,0
5472,1742,0
5470,1771,0
5465,1797,0
5464,1821,0
5470,1840,0
5470,1850,1
5439,1726,0
5443,1728,0
5452,1726,0
5464,1727,0
5477,1728,1
5593,1850,0
5593,1850,0
5598,1852,0
5593,1850,0
5597,1854,0
5590,1860,0
5576,1877,0
5564,1897,0
5544,1914,0
5530,1927,0
5523,1932,0
5524,1931,0
5531,1924,1
5776,1543,0
5775,1547,0
5765,1567,0
5757,1592,0
5747,1614,1
5836,1535,0
5827,1553,0
5816,1578,0
5812,1603,0
5807,1621,1
6054,1587,0
6051,1585,0
6058,1587,0
6056,1583,0
6056,1585,0
6051,1583,0
6054,1592,0
6050,1604,0
6048,1623,0
6047,1657,0
6038,1686,0
6034,1714,0
6030,1737,0
6024,1759,0
6021,1779,0
6020,1795,0
6012,1807,0
6009,1816,0
6008,1819,0
6008,1819,0
6013,1816,0
6016,1808,0
6021,1792,0
6032,1771,0
6045,1745,0
6065,1721,0
6091,1705,0
6111,1693,0
6138,1688,0
6154,1689,0
6164,1697,0
6174,1718,0
6176,1740,0
6182,1762,0
6180,1781,0
6179,1797,0
6179,1812,1
6258,1747,0
6257,1748,0
6261,1749,0
6266,1748,0
6286,1750,0
6296,1744,0
6311,1738,0
6329,1733,0
6339,1725,0
6346,1717,0
6356,1711,0
6354,1703,0
6356,1698,0
6345,1693,0
6336,1693,0
6324,1694,0
6306,1696,0
6290,1708,0
6271,1717,0
6261,1735,0
6238,1754,0
6228,1774,0
6231,1792,0
6247,1809,0
6280,1822,1