had left the room, he showed his irritation at the
829
612,3710,1
603,3729,0
603,3749,0
604,3773,0
605,3802,0
608,3834,0
608,3875,0
607,3903,0
604,3923,0
604,3923,0
612,3911,0
627,3877,0
651,3848,0
670,3817,0
687,3807,0
704,3802,0
719,3807,0
731,3820,0
738,3841,0
743,3869,0
742,3901,0
740,3925,0
739,3929,0
743,3933,0
755,3926,1
818,3831,0
817,3827,0
817,3831,0
813,3826,0
805,3830,0
798,3842,0
787,3861,0
776,3884,0
765,3907,0
767,3924,0
770,3928,0
784,3925,0
799,3910,0
813,3891,0
825,3864,0
837,3844,0
846,3825,0
852,3813,0
853,3810,0
850,3814,0
844,3829,0
839,3865,0
835,3888,0
839,3909,0
843,3917,0
847,3921,0
855,3918,0
866,3910,1
935,3670,0
936,3658,0
936,3654,0
935,3654,0
931,3658,0
930,3677,0
928,3701,0
929,3729,0
931,3761,0
933,3802,0
935,3842,0
936,3882,0
936,3910,0
938,3930,0
939,3930,0
942,3925,0
946,3918,1
916,3813,0
912,3809,0
907,3808,0
902,3812,0
897,3820,0
893,3831,0
891,3852,0
891,3876,0
892,3904,0
894,3916,0
903,3916,0
918,3917,0
934,3909,0
950,3903,0
964,3895,0
972,3887,0
974,3867,1
1145,3836,0
1144,3867,0
1146,3888,0
1151,3896,0
1161,3900,0
1175,3899,0
1187,3891,0
1201,3875,0
1206,3855,0
1214,3830,0
1217,3806,0
1216,3786,0
1211,3782,0
1205,3783,0
1195,3787,0
1187,3807,0
1179,3831,0
1184,3855,0
1187,3867,0
1198,3875,0
1208,3878,0
1216,3878,0
1225,3874,0
1240,3865,0
1248,3848,0
1258,3844,0
1266,3836,0
1276,3827,0
1285,3819,0
1295,3806,0
1303,3781,0
1311,3753,0
1316,3713,0
1320,3672,0
1322,3644,0
1321,3620,0
1317,3609,0
1311,3609,0
1300,3609,0
1290,3626,0
1281,3663,0
1272,3711,0
1269,3771,0
1268,3831,0
1273,3887,0
1275,3932,0
1288,3971,0
1300,3994,0
1310,3998,1
1276,3851,0
1286,3867,0
1300,3877,0
1314,3877,0
1327,3868,0
1344,3843,0
1360,3806,0
1375,3773,0
1387,3731,0
1398,3699,0
1409,3669,0
1417,3640,0
1423,3631,0
1424,3631,0
1422,3632,0
1421,3648,0
1416,3684,0
1413,3729,0
1411,3773,0
1411,3826,0
1412,3865,0
1415,3889,0
1414,3890,0
1416,3889,0
1414,3882,1
1372,3812,0
1375,3812,0
1385,3816,0
1402,3814,1
1641,3643,0
1643,3648,0
1644,3648,0
1647,3655,0
1650,3678,0
1653,3706,0
1655,3742,0
1657,3787,0
1660,3831,0
1662,3863,0
1665,3887,0
1667,3894,0
1666,3894,1
1603,3807,0
1605,3811,0
1615,3810,0
1631,3811,0
1649,3817,1
1740,3638,0
1737,3634,0
1738,3638,0
1737,3651,0
1732,3681,0
1731,3722,0
1728,3763,0
1728,3811,0
1725,3852,0
1722,3877,0
1722,3882,0
1727,3880,0
1732,3863,1
1761,3809,0
1775,3802,0
1787,3800,0
1797,3802,0
1807,3817,0
1812,3836,0
1820,3863,0
1830,3886,0
1840,3892,0
1856,3892,0
1874,3884,0
1895,3872,0
1912,3848,0
1930,3822,0
1946,3798,0
1955,3776,0
1956,3771,0
1948,3773,0
1936,3788,0
1919,3810,0
1905,3832,0
1903,3858,0
1911,3877,0
1930,3893,1
2176,3824,0
2175,3832,0
2173,3850,0
2176,3874,0
2181,3889,0
2186,3900,0
2190,3907,0
2191,3906,0
2194,3906,0
2194,3898,0
2196,3880,0
2198,3855,0
2202,3832,0
2207,3805,0
2215,3782,0
2222,3768,0
2225,3762,1
2368,3786,1
2388,3788,0
2386,3784,0
2380,3781,0
2369,3781,0
2349,3784,0
2323,3793,0
2301,3809,0
2285,3823,0
2279,3841,0
2280,3858,0
2287,3869,0
2301,3881,0
2319,3883,0
2338,3877,0
2359,3862,0
2384,3844,0
2401,3821,0
2412,3800,0
2410,3780,0
2399,3766,0
2380,3764,0
2357,3778,0
2333,3798,0
2322,3815,1
2528,3815,0
2538,3803,0
2543,3792,0
2539,3785,0
2526,3778,0
2510,3780,0
2485,3785,0
2461,3799,0
2441,3823,0
2430,3848,0
2432,3869,0
2444,3882,0
2460,3889,0
2478,3887,0
2495,3872,0
2513,3852,0
2526,3829,0
2531,3810,0
2528,3798,0
2521,3797,0
2513,3800,1
2591,3769,0
2591,3769,0
2590,3769,0
2589,3782,0
2584,3806,0
2582,3832,0
2579,3851,0
2588,3873,0
2591,3877,0
2598,3874,0
2611,3868,0
2621,3851,0
2630,3830,0
2639,3813,0
2647,3801,0
2651,3804,0
2654,3812,0
2656,3831,0
2662,3855,0
2670,3865,0
2681,3865,0
2697,3857,0
2715,3836,0
2733,3811,0
2753,3789,0
2764,3775,0
2770,3776,0
2778,3790,0
2783,3805,0
2791,3820,0
2799,3825,0
2811,3824,0
2818,3807,1
2905,3858,0
2902,3863,0
2897,3884,0
2889,3910,0
2878,3942,0
2866,3970,0
2859,3991,0
2857,3995,0
2862,3993,1
3042,3631,0
3037,3634,0
3037,3653,0
3035,3672,0
3034,3700,0
3033,3737,0
3034,3778,0
3031,3806,0
3032,3824,0
3032,3824,0
3034,3823,0
3035,3817,0
3039,3802,0
3045,3781,0
3057,3765,0
3068,3745,0
3085,3735,0
3097,3733,0
3110,3740,0
3118,3749,0
3120,3766,0
3119,3785,0
3119,3804,0
3122,3816,0
3127,3822,0
3130,3820,0
3141,3819,0
3152,3808,0
3168,3794,0
3181,3778,0
3196,3764,0
3210,3746,0
3217,3723,0
3221,3707,0
3218,3700,0
3214,3702,0
3204,3703,0
3196,3718,0
3188,3737,0
3183,3757,0
3181,3786,0
3187,3820,0
3190,3836,0
3203,3843,0
3224,3841,0
3259,3824,0
3292,3800,0
3315,3781,0
3332,3771,1
3559,3692,0
3559,3692,0
3556,3689,0
3552,3687,0
3548,3685,0
3538,3682,0
3527,3684,0
3514,3689,0
3502,3703,0
3489,3715,0
3484,3733,0
3482,3745,0
3479,3757,0
3478,3772,0
3477,3792,0
3472,3810,0
3465,3824,0
3458,3837,0
3450,3842,0
3445,3841,0
3438,3831,1
3558,3565,0
3557,3566,0
3558,3579,0
3560,3602,0
3559,3633,0
3554,3667,0
3555,3709,0
3554,3744,0
3551,3765,0
3557,3776,0
3557,3776,0
3562,3773,0
3572,3761,0
3581,3740,0
3595,3716,0
3612,3699,0
3629,3687,0
3641,3682,0
3658,3689,0
3665,3700,0
3672,3723,0
3679,3749,0
3684,3770,0
3687,3778,0
3692,3784,1
3770,3671,0
3768,3673,0
3760,3674,0
3753,3679,0
3741,3693,0
3729,3718,0
3721,3742,0
3723,3766,0
3729,3777,0
3743,3781,0
3756,3771,0
3769,3757,0
3778,3740,0
3783,3721,0
3789,3701,0
3788,3687,0
3788,3683,1
3832,3658,0
3830,3660,0
3829,3660,0
3826,3668,0
3826,3689,0
3826,3714,0
3824,3730,0
3834,3743,0
3842,3752,0
3851,3750,0
3861,3742,0
3868,3727,0
3878,3714,0
3884,3703,0
3884,3698,0
3883,3699,0
3885,3708,0
3894,3737,0
3896,3755,0
3903,3766,0
3913,3773,0
3925,3773,0
3933,3762,0
3942,3745,0
3950,3717,0
3959,3684,0
3965,3654,0
3962,3640,0
3962,3646,1
4016,3695,0
4016,3699,0
4016,3699,0
4016,3699,0
4022,3704,0
4027,3707,0
4035,3710,0
4048,3709,0
4058,3701,0
4066,3689,0
4082,3682,0
4088,3665,0
4092,3656,0
4093,3655,0
4088,3654,0
4080,3656,0
4072,3669,0
4061,3689,0
4045,3707,0
4038,3728,0
4036,3746,0
4040,3757,0
4054,3761,0
4071,3753,0
4090,3742,1
4192,3659,0
4188,3658,0
4184,3656,0
4172,3655,0
4159,3656,0
4144,3669,0
4128,3689,0
4115,3716,0
4106,3734,0
4102,3742,0
4107,3748,0
4111,3746,0
4119,3739,0
4129,3725,0
4145,3706,0
4157,3679,0
4172,3650,0
4188,3625,0
4196,3601,0
4200,3593,0
4197,3590,0
4203,3595,0
4200,3593,0
4198,3595,0
4196,3602,0
4193,3631,0
4184,3665,0
4184,3703,0
4182,3731,0
4182,3752,0
4191,3760,0
4206,3754,0
4225,3736,1
4428,3536,0
4430,3540,0
4426,3549,0
4426,3576,0
4424,3607,0
4418,3641,0
4419,3684,0
4414,3715,0
4413,3733,0
4417,3735,0
4422,3730,0
4436,3718,0
4448,3694,0
4464,3674,0
4476,3657,0
4483,3649,0
4492,3652,0
4499,3656,0
4501,3665,0
4507,3688,0
4505,3712,0
4503,3731,0
4504,3746,0
4509,3752,0
4514,3749,1
4580,3633,0
4579,3639,0
4579,3657,0
4575,3677,0
4573,3691,1
4582,3528,0
4570,3522,0
4563,3513,0
4563,3513,0
4562,3508,1
4692,3568,0
4687,3568,0
4677,3573,0
4668,3582,0
4652,3593,0
4645,3606,0
4640,3617,0
4643,3631,0
4652,3639,1
4702,3679,0
4705,3687,0
4702,3696,0
4698,3711,0
4681,3719,0
4664,3724,0
4649,3728,0
4640,3731,1
4911,3637,1
4910,3692,0
4908,3723,0
4910,3751,0
4907,3766,1
4904,3531,0
4905,3525,0
4903,3515,0
4905,3511,0
4905,3512,1
4961,3624,0
4964,3626,0
4963,3633,0
4970,3655,0
4969,3670,0
4975,3691,0
4976,3709,0
4983,3725,0
4982,3725,0
4984,3724,0
4983,3719,0
4989,3706,0
4992,3679,0
4997,3655,0
5002,3638,0
5006,3633,0
5008,3631,0
5008,3631,0
5010,3634,0
5014,3643,0
5021,3647,1
5074,3653,0
5073,3673,0
5077,3697,0
5075,3712,0
5076,3723,1
5081,3711,0
5086,3688,0
5091,3658,0
5096,3635,0
5103,3626,0
5108,3619,0
5113,3614,0
5120,3612,1
5209,3637,0
5205,3636,0
5208,3638,0
5212,3645,0
5209,3655,1
5212,3558,0
5212,3558,0
5207,3552,0
5211,3554,0
5212,3553,1
5286,3460,0
5286,3460,0
5289,3463,0
5289,3476,0
5289,3506,1
5298,3636,0
5303,3636,0
5318,3638,0
5335,3641,0
5348,3644,1
5390,3617,0
5380,3618,0
5371,3629,0
5361,3653,0
5351,3684,0
5352,3715,0
5358,3728,0
5364,3731,0
5373,3720,0
5385,3700,0
5396,3674,0
5405,3650,0
5413,3640,0
5415,3638,0
5417,3642,0
5417,3667,0
5414,3697,0
5417,3718,0
5419,3729,0
5426,3733,0
5437,3737,0
5446,3733,0
5454,3718,0
5462,3689,0
5473,3649,0
5484,3608,0
5497,3578,0
5502,3545,0
5512,3520,0
5513,3498,0
5516,3487,0
5514,3484,1
5487,3571,0
5485,3613,0
5487,3651,0
5493,3682,0
5499,3700,0
5504,3700,0
5513,3681,1
5490,3679,1
5517,3677,0
5532,3658,0
5551,3633,0
5560,3609,1
5593,3643,0
5596,3666,0
5597,3691,0
5600,3707,0
5606,3718,0
5607,3718,0
5609,3703,1
5612,3501,0
5607,3499,0
5605,3496,0
5602,3493,0
5604,3497,1
5689,3590,0
5689,3590,0
5687,3594,0
5677,3601,0
5663,3619,0
5659,3643,0
5659,3664,0
5668,3685,0
5673,3698,1
5721,3674,0
5721,3662,0
5725,3643,0
5724,3624,0
5719,3609,0
5713,3597,0
5714,3597,0
5707,3599,1
5759,3590,0
5759,3590,0
5758,3590,0
5758,3592,0
5760,3595,1
5765,3655,0
5765,3662,0
5768,3671,0
5771,3673,1
5781,3667,0
5791,3655,0
5798,3631,0
5805,3609,0
5815,3601,0
5823,3597,0
5829,3596,0
5836,3598,0
5842,3605,0
5849,3623,0
5850,3641,0
5854,3657,1
6184,3583,1
6102,3674,0
6095,3690,0
6099,3692,0
6109,3692,0
6126,3689,0
6138,3677,0
6155,3662,0
6170,3646,0
6181,3630,1
6193,3619,0
6193,3619,0
6191,3621,0
6194,3639,0
6191,3658,0
6194,3675,0
6196,3685,0
6201,3699,1
6274,3518,0
6278,3542,0
6279,3568,0
6283,3600,0
6288,3634,0
6293,3665,0
6290,3684,0
6293,3691,0
6298,3692,1
6223,3576,1
6436,3501,0
6440,3502,0
6437,3500,0
6437,3499,0
6437,3500,0
6439,3505,0
6445,3517,0
6449,3532,0
6454,3549,0
6457,3575,0
6462,3602,0
6470,3635,0
6473,3660,0
6475,3687,0
6482,3705,0
6485,3715,0
6488,3718,1
6439,3617,0
6440,3616,0
6445,3615,0
6455,3614,0
6473,3614,1
6534,3486,0
6539,3487,0
6535,3493,0
6531,3508,0
6529,3534,0
6530,3571,0
6524,3602,0
6529,3631,0
6529,3662,0
6526,3681,0
6525,3689,0
6527,3687,0
6529,3684,0
6534,3668,0
6543,3638,0
6559,3614,0
6574,3597,0
6589,3589,0
6598,3589,0
6603,3597,0
6601,3614,1
6591,3654,0
6595,3670,0
6597,3682,0
6601,3689,0
6613,3694,0
6627,3693,0
6645,3687,0
6667,3676,0
6687,3658,0
6705,3637,0
6720,3612,0
6731,3595,0
6729,3583,0
6724,3583,0
6712,3587,0
6698,3595,0
6687,3606,0
6681,3624,0
6678,3643,0
6689,3663,0
6704,3677,0
6737,3677,0
6770,3669,0
6796,3664,1