there were other things to do than
655
622,3574,0
612,3601,0
610,3638,0
610,3685,0
612,3738,0
616,3803,0
620,3872,0
620,3925,0
617,3969,0
614,4005,0
611,4020,0
609,4028,0
606,4024,1
501,3848,0
504,3836,0
516,3841,0
536,3845,0
565,3848,0
601,3853,0
642,3855,0
684,3851,0
724,3848,1
785,3668,0
784,3716,0
789,3781,0
791,3846,0
799,3914,0
804,3954,0
807,3983,0
811,3995,0
816,3992,0
825,3983,0
836,3957,0
850,3921,0
870,3899,0
892,3884,0
913,3881,0
932,3886,0
948,3902,0
960,3922,0
967,3951,0
972,3975,0
976,3995,0
979,3999,0
982,4000,0
984,3988,0
989,3976,1
1013,3912,0
1017,3916,0
1025,3920,0
1039,3925,0
1057,3925,0
1077,3921,0
1096,3909,0
1112,3889,0
1122,3877,0
1123,3860,0
1117,3844,0
1105,3841,0
1088,3841,0
1065,3852,0
1042,3872,0
1023,3904,0
1011,3936,0
1008,3956,0
1014,3972,0
1030,3980,0
1056,3984,0
1087,3988,0
1117,3981,0
1146,3971,0
1168,3964,1
1170,3892,0
1174,3907,0
1177,3923,0
1181,3940,0
1185,3951,0
1187,3954,0
1188,3951,0
1188,3942,0
1185,3923,0
1182,3903,0
1181,3883,0
1181,3867,0
1182,3863,0
1184,3859,0
1187,3859,0
1194,3863,0
1206,3866,0
1223,3874,0
1242,3881,0
1268,3884,0
1295,3887,0
1321,3884,0
1346,3880,0
1365,3865,0
1379,3852,0
1382,3832,0
1378,3824,0
1368,3821,0
1352,3822,0
1334,3836,0
1315,3853,0
1299,3878,0
1288,3911,0
1286,3935,0
1294,3951,0
1312,3957,0
1338,3955,0
1370,3953,0
1400,3951,0
1423,3949,0
1435,3944,1
1670,3801,0
1669,3805,0
1673,3817,0
1681,3843,0
1690,3870,0
1702,3896,0
1713,3915,0
1725,3921,0
1739,3923,0
1749,3909,0
1761,3891,0
1772,3865,0
1782,3842,0
1787,3824,0
1795,3823,0
1804,3834,0
1814,3852,0
1825,3882,0
1837,3913,0
1850,3931,0
1865,3931,0
1882,3916,0
1896,3871,0
1910,3836,0
1919,3805,0
1926,3787,0
1933,3781,0
1940,3783,0
1944,3795,1
1988,3854,0
1990,3853,0
1999,3860,0
2012,3865,0
2027,3861,0
2046,3856,0
2063,3843,0
2075,3828,0
2081,3813,0
2078,3802,0
2068,3792,0
2054,3792,0
2034,3801,0
2009,3820,0
1983,3848,0
1962,3881,0
1953,3911,0
1954,3928,0
1969,3937,0
1993,3935,0
2020,3929,0
2051,3925,0
2076,3914,0
2097,3909,0
2111,3896,1
2126,3813,0
2128,3825,0
2135,3840,0
2140,3867,0
2143,3880,0
2149,3886,0
2154,3884,0
2159,3875,0
2159,3858,0
2159,3837,0
2158,3817,0
2156,3792,0
2160,3782,0
2163,3786,0
2166,3789,0
2171,3792,0
2180,3802,0
2195,3810,0
2217,3816,0
2245,3827,0
2275,3831,0
2301,3822,0
2323,3805,0
2345,3794,0
2355,3778,0
2359,3764,0
2353,3753,0
2344,3752,0
2325,3759,0
2303,3779,0
2282,3807,0
2265,3838,0
2258,3865,0
2261,3882,0
2275,3889,0
2299,3894,0
2331,3892,0
2362,3889,0
2391,3888,0
2408,3882,0
2421,3877,1
2538,3842,0
2536,3864,0
2546,3877,0
2567,3886,0
2594,3884,0
2630,3877,0
2662,3860,0
2685,3837,0
2697,3814,0
2697,3796,0
2688,3783,0
2678,3778,0
2666,3775,0
2656,3776,0
2644,3771,0
2642,3773,0
2644,3772,1
2780,3500,0
2782,3499,0
2782,3499,0
2785,3506,0
2790,3527,0
2799,3558,0
2807,3599,0
2815,3648,0
2825,3705,0
2828,3758,0
2833,3813,0
2838,3855,0
2839,3877,0
2839,3885,0
2843,3892,0
2843,3888,0
2835,3870,1
2723,3749,0
2715,3744,0
2716,3744,0
2728,3747,0
2751,3749,0
2784,3752,0
2818,3749,0
2859,3751,0
2895,3755,1
2926,3522,0
2926,3541,0
2927,3576,0
2933,3637,0
2934,3703,0
2943,3771,0
2953,3816,0
2962,3834,0
2972,3842,0
2980,3838,0
2987,3829,0
2996,3815,0
3008,3791,0
3023,3774,0
3039,3770,0
3057,3783,0
3071,3802,0
3086,3831,0
3098,3861,0
3102,3881,0
3107,3896,1
3127,3813,0
3136,3822,0
3146,3826,0
3162,3829,0
3177,3825,0
3197,3818,0
3212,3800,0
3224,3784,0
3224,3766,0
3214,3749,0
3204,3745,0
3180,3740,0
3158,3754,0
3134,3773,0
3119,3799,0
3110,3818,0
3115,3838,0
3132,3851,0
3156,3860,0
3187,3867,0
3217,3867,1
3282,3764,0
3294,3789,0
3301,3813,0
3303,3831,0
3310,3850,1
3320,3839,0
3320,3826,0
3315,3805,0
3320,3792,0
3322,3776,0
3327,3765,0
3335,3759,0
3346,3756,0
3364,3754,0
3387,3750,0
3415,3746,0
3445,3745,1
3767,3433,0
3766,3435,0
3769,3442,0
3769,3457,0
3770,3483,0
3777,3522,0
3776,3565,0
3778,3619,0
3781,3682,0
3783,3742,0
3785,3794,0
3786,3834,0
3788,3863,0
3783,3875,0
3781,3877,0
3780,3879,0
3773,3872,1
3672,3739,0
3662,3731,0
3663,3731,0
3669,3731,0
3684,3730,0
3713,3734,0
3747,3739,0
3787,3743,0
3829,3752,0
3862,3752,0
3887,3752,0
3907,3747,0
3921,3731,1
3915,3471,0
3907,3493,0
3906,3536,0
3906,3598,0
3909,3673,0
3920,3747,0
3930,3805,0
3940,3843,0
3943,3855,0
3945,3854,0
3953,3848,0
3962,3831,0
3976,3805,0
3994,3779,0
4012,3759,0
4036,3756,0
4055,3761,0
4070,3773,0
4081,3791,0
4090,3814,0
4094,3832,0
4099,3849,0
4103,3855,0
4108,3858,0
4114,3852,1
4145,3764,0
4149,3771,0
4153,3788,0
4156,3807,0
4162,3827,0
4168,3839,0
4172,3840,0
4174,3834,0
4171,3810,1
4135,3576,0
4124,3559,0
4119,3552,0
4120,3551,0
4122,3555,1
4213,3784,0
4212,3785,0
4212,3785,0
4215,3788,0
4217,3797,0
4224,3817,0
4231,3838,0
4242,3854,0
4248,3855,0
4256,3848,0
4266,3834,0
4273,3806,0
4286,3778,0
4299,3756,0
4313,3744,0
4324,3744,0
4338,3754,0
4350,3776,0
4360,3804,0
4366,3830,0
4372,3852,1
4476,3740,0
4465,3761,0
4453,3794,0
4439,3823,0
4435,3844,1
4471,3800,0
4483,3778,0
4497,3759,0
4507,3749,0
4508,3749,0
4514,3764,0
4519,3793,0
4519,3826,0
4524,3860,0
4529,3893,0
4543,3923,0
4558,3948,0
4577,3974,0
4591,3999,0
4606,4029,0
4610,4058,0
4608,4086,0
4591,4106,0
4566,4123,0
4532,4138,0
4487,4150,0
4435,4157,0
4382,4160,0
4322,4152,0
4266,4140,0
4216,4120,0
4174,4101,0
4146,4082,0
4133,4067,0
4130,4045,0
4141,4021,0
4169,3999,0
4204,3975,0
4249,3958,0
4295,3946,0
4340,3940,0
4377,3944,0
4401,3950,0
4410,3952,0
4421,3953,1
4692,3753,0
4683,3750,0
4667,3749,0
4650,3755,0
4630,3764,0
4611,3770,0
4604,3777,0
4608,3784,0
4623,3792,0
4644,3799,0
4673,3806,0
4700,3812,0
4723,3818,0
4743,3831,0
4755,3843,0
4762,3858,0
4756,3870,0
4748,3884,0
4732,3898,0
4706,3907,0
4683,3919,0
4654,3923,0
4631,3930,0
4612,3930,0
4599,3926,1
5136,3462,0
5130,3462,0
5127,3466,0
5125,3481,0
5119,3507,0
5120,3549,0
5124,3608,0
5134,3681,0
5136,3752,0
5135,3813,0
5141,3861,0
5134,3874,0
5132,3876,1
5028,3741,0
5024,3739,0
5034,3740,0
5059,3742,0
5087,3741,0
5125,3735,0
5165,3725,0
5195,3715,0
5214,3711,0
5226,3710,0
5231,3715,0
5229,3725,0
5226,3747,0
5212,3769,0
5197,3798,0
5199,3826,0
5199,3843,0
5214,3852,0
5227,3848,0
5245,3833,0
5267,3808,0
5273,3777,0
5277,3749,0
5274,3726,0
5275,3714,0
5272,3711,0
5264,3708,0
5261,3711,0
5259,3715,1
5489,3706,0
5472,3701,0
5455,3702,0
5438,3711,0
5418,3730,0
5400,3757,0
5397,3792,0
5404,3814,0
5419,3822,0
5441,3814,0
5457,3790,0
5476,3759,0
5494,3719,0
5508,3667,0
5525,3614,0
5532,3566,0
5531,3535,0
5531,3527,0
5530,3528,0
5527,3540,0
5524,3570,0
5525,3614,0
5532,3670,0
5542,3723,0
5551,3762,0
5561,3787,0
5573,3798,0
5576,3800,0
5581,3801,1
5644,3696,0
5641,3694,0
5630,3694,0
5616,3706,0
5602,3723,0
5590,3745,0
5583,3767,0
5581,3783,0
5590,3790,0
5605,3785,0
5627,3776,0
5646,3759,0
5658,3737,0
5664,3723,0
5662,3705,0
5658,3690,0
5656,3687,1
5993,3478,0
5986,3496,0
5982,3530,0
5980,3576,0
5981,3638,0
5988,3704,0
5993,3764,0
6001,3814,0
6002,3847,0
6004,3863,0
6003,3864,0
6001,3855,0
5992,3840,1
5862,3707,0
5854,3703,0
5852,3700,0
5857,3699,0
5875,3702,0
5899,3702,0
5933,3703,0
5967,3705,0
6007,3712,0
6039,3713,0
6066,3718,0
6086,3718,0
6102,3716,1
6136,3474,0
6138,3478,0
6140,3497,0
6141,3538,0
6133,3595,0
6131,3667,0
6136,3737,0
6138,3788,0
6148,3817,0
6153,3824,0
6155,3819,0
6164,3808,0
6177,3783,0
6197,3748,0
6217,3718,0
6240,3706,0
6260,3706,0
6279,3713,0
6295,3725,0
6311,3744,0
6314,3769,0
6318,3797,0
6318,3818,0
6318,3826,0
6322,3826,1
6423,3706,0
6419,3706,0
6407,3709,0
6391,3727,0
6371,3748,0
6351,3771,0
6345,3794,0
6347,3812,0
6352,3819,0
6368,3816,0
6388,3802,0
6406,3782,0
6423,3757,0
6431,3730,0
6438,3713,0
6443,3706,0
6444,3703,0
6447,3708,0
6451,3723,0
6455,3744,0
6457,3771,0
6471,3801,0
6481,3822,0
6490,3829,0
6497,3826,1
6526,3718,0
6527,3724,0
6523,3737,0
6530,3763,0
6534,3793,0
6542,3816,0
6548,3823,0
6560,3817,0
6574,3797,0
6587,3762,0
6606,3727,0
6628,3699,0
6650,3689,0
6666,3692,0
6679,3708,0
6687,3740,0
6696,3779,0
6693,3812,0
6698,3834,0
6688,3836,0
6689,3833,1