and try to find a key.
454
1344,3149,1
1307,3096,0
1287,3093,0
1267,3098,0
1249,3104,0
1234,3120,0
1228,3145,0
1229,3169,0
1234,3188,0
1245,3204,0
1261,3215,0
1282,3222,0
1305,3221,0
1326,3211,0
1348,3201,0
1365,3180,0
1378,3154,0
1389,3136,0
1393,3124,0
1394,3119,0
1396,3124,0
1398,3136,0
1402,3156,0
1409,3179,0
1416,3198,0
1428,3217,0
1438,3220,0
1454,3221,0
1472,3211,0
1493,3197,0
1511,3170,0
1528,3147,0
1543,3136,0
1547,3128,0
1551,3131,0
1560,3142,0
1567,3153,0
1573,3164,0
1580,3171,0
1590,3174,0
1604,3168,0
1625,3159,0
1648,3146,0
1671,3143,0
1689,3143,0
1708,3151,0
1728,3163,0
1747,3171,0
1768,3183,1
1803,3183,0
1826,3186,0
1850,3184,0
1872,3174,0
1892,3165,0
1903,3149,0
1909,3139,0
1903,3128,0
1895,3127,0
1883,3130,0
1872,3132,0
1872,3145,0
1877,3152,0
1886,3158,0
1901,3162,0
1911,3156,0
1918,3145,0
1923,3131,0
1923,3106,0
1916,3074,0
1906,3044,0
1894,3015,0
1887,2996,0
1886,2987,0
1886,2988,0
1894,2997,0
1914,3025,0
1930,3054,0
1945,3083,0
1963,3115,0
1982,3147,0
2000,3162,1
2175,2927,0
2178,2926,0
2182,2929,0
2198,2943,0
2222,2973,0
2247,3011,0
2268,3045,0
2292,3083,0
2316,3116,0
2346,3151,0
2371,3175,0
2391,3193,0
2398,3203,0
2398,3203,0
2396,3199,0
2381,3184,0
2357,3168,0
2329,3149,0
2301,3135,0
2277,3124,0
2265,3116,0
2265,3111,0
2273,3100,0
2292,3091,0
2316,3076,0
2346,3069,0
2376,3064,0
2412,3074,0
2449,3087,0
2488,3109,0
2516,3127,0
2535,3144,0
2545,3160,0
2544,3166,0
2544,3170,0
2540,3168,0
2524,3158,0
2507,3144,0
2494,3133,0
2490,3130,0
2491,3130,0
2494,3129,0
2511,3133,0
2534,3135,0
2558,3132,0
2579,3127,0
2593,3115,0
2605,3100,0
2613,3081,0
2622,3073,0
2622,3069,0
2623,3071,0
2634,3085,0
2648,3095,0
2661,3098,0
2673,3095,0
2689,3091,0
2701,3076,0
2714,3054,0
2729,3036,0
2752,3028,0
2782,3029,0
2822,3051,0
2858,3081,0
2888,3119,0
2918,3157,0
2936,3188,0
2947,3218,0
2946,3243,0
2934,3264,0
2911,3277,0
2873,3281,0
2823,3277,0
2772,3264,0
2738,3256,0
2722,3241,0
2716,3218,1
3105,2846,0
3109,2853,0
3117,2871,0
3129,2897,0
3150,2936,0
3173,2975,0
3194,3013,0
3213,3049,0
3232,3081,0
3244,3101,0
3254,3114,0
3256,3117,0
3254,3114,0
3239,3099,0
3214,3079,0
3190,3062,0
3163,3041,0
3144,3025,0
3134,3013,0
3139,3004,0
3154,2993,0
3180,2984,0
3209,2972,0
3233,2963,0
3257,2961,0
3281,2972,0
3303,2985,0
3333,3002,0
3365,3018,0
3395,3029,0
3420,3030,0
3438,3025,0
3452,3019,0
3455,3006,0
3451,2989,0
3432,2968,0
3405,2954,0
3375,2947,0
3346,2945,0
3324,2948,0
3310,2955,1
3667,2882,0
3658,2874,0
3643,2865,0
3642,2866,0
3638,2876,0
3638,2904,0
3646,2945,0
3663,2989,0
3692,3037,0
3728,3081,0
3771,3134,0
3812,3188,0
3839,3240,0
3855,3289,0
3853,3329,0
3845,3363,0
3825,3390,0
3797,3404,0
3761,3407,0
3725,3406,0
3679,3391,0
3640,3371,0
3609,3345,0
3595,3316,0
3588,3280,1
3832,2999,0
3834,2998,0
3834,2998,0
3832,2999,0
3837,3011,0
3847,3030,0
3853,3041,0
3862,3054,0
3871,3062,0
3878,3066,0
3880,3064,0
3882,3057,0
3885,3048,1
3771,2953,0
3764,2943,0
3759,2936,0
3757,2933,0
3758,2932,1
3870,2980,0
3873,2988,0
3888,3001,0
3898,3008,0
3909,3014,0
3916,3013,0
3922,3007,0
3928,3001,0
3933,2996,0
3936,2993,0
3947,2997,0
3969,3004,0
3994,3007,0
4017,3007,0
4041,3005,0
4056,2995,0
4064,2987,0
4070,2980,0
4061,2966,0
4056,2965,0
4039,2966,0
4031,2980,0
4031,2997,0
4042,3016,0
4056,3025,0
4074,3029,0
4088,3025,0
4103,3021,0
4106,3007,0
4109,2991,0
4105,2967,0
4097,2940,0
4082,2913,0
4071,2896,0
4063,2887,0
4065,2885,0
4070,2891,0
4085,2910,0
4109,2932,0
4130,2958,0
4147,2980,0
4164,3003,0
4183,3023,0
4195,3034,0
4213,3039,1
4336,2842,0
4328,2831,0
4329,2830,0
4328,2831,0
4338,2846,0
4352,2872,0
4373,2904,0
4394,2941,0
4410,2977,0
4428,3011,0
4447,3045,0
4461,3071,0
4466,3091,0
4465,3105,0
4457,3112,0
4437,3111,0
4418,3109,0
4389,3100,0
4367,3094,0
4356,3088,0
4355,3083,0
4365,3072,0
4379,3056,0
4404,3040,0
4425,3016,0
4450,2992,0
4473,2965,0
4483,2932,0
4495,2905,0
4498,2882,0
4500,2868,0
4497,2864,0
4496,2866,0
4486,2884,0
4478,2913,0
4468,2945,0
4458,2976,0
4447,3003,0
4450,3029,0
4456,3042,0
4467,3046,0
4477,3040,0
4498,3035,0
4518,3029,0
4538,3030,0
4565,3041,0
4584,3049,0
4608,3058,0
4622,3061,0
4632,3060,0
4637,3054,0
4636,3042,0
4635,3025,0
4628,3008,0
4611,2992,0
4597,2989,0
4589,2994,0
4587,3003,0
4594,3018,0
4608,3027,0
4636,3037,1
4719,3036,0
4743,3030,0
4764,3023,0
4772,3012,1
4957,2805,0
4954,2802,0
4961,2807,0
4971,2828,0
4984,2859,0
4990,2891,0
4995,2925,0
4999,2955,0
5004,2983,0
5009,3004,0
5018,3017,0
5026,3021,0
5032,3018,0
5045,3008,0
5055,2994,0
5061,2971,0
5066,2951,0
5071,2936,0
5065,2923,0
5067,2922,0
5067,2922,0
5062,2934,0
5060,2952,0
5060,2972,0
5058,2988,0
5066,3006,0
5072,3018,0
5083,3023,0
5096,3025,0
5107,3017,0
5120,3005,0
5132,2996,0
5137,2994,0
5146,2996,0
5161,3003,0
5178,3007,0
5193,3006,0
5206,3001,0
5210,2994,0
5215,2987,0
5219,2975,0
5215,2958,0
5209,2946,0
5199,2939,0
5178,2934,0
5160,2941,0
5149,2957,0
5144,2979,0
5147,3001,0
5162,3021,0
5181,3037,0
5199,3046,0
5224,3052,0
5245,3050,0
5268,3038,0
5294,3021,0
5310,2996,0
5327,2971,0
5342,2955,0
5346,2949,0
5350,2951,0
5351,2957,0
5358,2968,0
5361,2977,0
5359,2980,0
5356,2979,0
5357,2977,0
5360,2965,0
5367,2946,0
5375,2927,0
5386,2910,0
5403,2905,0
5419,2902,0
5442,2911,0
5472,2931,0
5495,2954,0
5512,2980,0
5528,3007,0
5540,3040,0
5540,3070,0
5535,3106,0
5511,3135,0
5478,3156,0
5431,3161,0
5380,3157,0
5334,3146,0
5294,3125,0
5283,3107,0
5291,3088,1
5820,2969,0
5818,2970,0
5822,2972,0
5822,2972,0
5822,2972,0
5822,2972,0
5820,2969,0
5819,2968,0
5820,2967,0
5820,2967,0
5818,2963,0
5818,2963,0
5815,2959,1