pretty well, and he agreed that the missing
895
1182,2242,0
1184,2266,0
1187,2302,0
1192,2342,0
1196,2370,0
1200,2389,0
1200,2393,0
1201,2398,0
1201,2398,0
1198,2390,0
1189,2366,0
1184,2347,0
1177,2323,0
1171,2295,0
1167,2275,0
1167,2258,0
1172,2239,0
1184,2218,0
1200,2205,0
1219,2196,0
1240,2190,0
1258,2197,0
1272,2215,0
1280,2243,0
1275,2268,0
1265,2289,0
1249,2294,0
1236,2295,0
1228,2288,0
1224,2272,0
1225,2248,0
1233,2231,0
1247,2217,1
1358,2243,0
1356,2259,0
1353,2271,0
1352,2280,0
1351,2283,0
1353,2287,0
1355,2287,0
1356,2287,0
1356,2271,0
1356,2251,0
1356,2231,0
1354,2211,0
1353,2198,0
1350,2195,0
1348,2195,0
1348,2195,0
1351,2199,0
1353,2203,0
1363,2214,0
1377,2223,0
1397,2233,0
1416,2229,0
1437,2226,0
1451,2219,0
1459,2214,0
1459,2205,0
1452,2199,0
1440,2193,0
1430,2199,0
1418,2205,0
1416,2222,0
1414,2230,0
1422,2241,0
1435,2251,0
1451,2260,0
1474,2268,0
1499,2275,1
1599,2092,0
1602,2095,0
1604,2107,0
1606,2132,0
1565,2171,0
1560,2196,0
1561,2229,0
1556,2247,0
1556,2263,0
1557,2267,0
1559,2270,0
1558,2267,0
1556,2247,1
1571,2178,0
1525,2193,0
1533,2203,0
1542,2205,0
1554,2202,0
1572,2198,0
1590,2185,0
1609,2176,0
1643,2142,0
1657,2121,0
1657,2101,0
1652,2094,0
1665,2081,0
1653,2084,0
1657,2079,0
1655,2088,0
1650,2111,0
1658,2133,0
1613,2171,0
1610,2197,0
1608,2217,0
1639,2226,0
1642,2230,0
1608,2239,0
1609,2239,0
1610,2225,0
1651,2198,0
1646,2190,1
1600,2195,0
1597,2200,0
1595,2200,0
1597,2208,0
1599,2212,0
1608,2217,0
1614,2217,0
1628,2217,0
1642,2209,0
1656,2205,0
1663,2190,0
1669,2185,0
1667,2181,0
1668,2184,0
1667,2185,0
1684,2180,0
1696,2185,0
1693,2194,0
1705,2198,0
1704,2207,0
1719,2207,0
1722,2202,0
1703,2203,0
1710,2193,0
1714,2179,0
1718,2178,0
1716,2174,0
1713,2171,0
1715,2174,0
1715,2183,0
1721,2202,0
1729,2221,0
1742,2246,0
1751,2268,0
1755,2288,0
1756,2309,0
1745,2325,0
1730,2338,0
1719,2337,0
1713,2330,0
1708,2319,0
1708,2306,0
1713,2292,0
1725,2276,1
2072,2186,0
2069,2188,0
2068,2205,0
2068,2228,0
2072,2244,0
2079,2254,0
2082,2256,0
2087,2258,0
2088,2253,0
2091,2248,0
2096,2245,0
2096,2241,0
2096,2241,0
2103,2247,0
2109,2252,0
2114,2254,0
2125,2258,0
2130,2255,0
2136,2252,0
2142,2245,0
2143,2235,0
2137,2216,0
2132,2201,0
2124,2186,0
2116,2177,0
2116,2178,0
2111,2175,0
2111,2175,0
2121,2184,1
2183,2223,0
2195,2222,0
2203,2212,0
2210,2205,0
2213,2193,0
2216,2188,0
2215,2183,0
2207,2178,0
2205,2181,0
2198,2179,0
2193,2191,0
2189,2212,0
2193,2236,0
2198,2251,0
2199,2256,0
2212,2262,0
2231,2261,0
2249,2246,0
2273,2229,0
2296,2205,0
2313,2181,0
2321,2154,0
2323,2133,0
2326,2122,0
2316,2109,0
2310,2104,0
2306,2106,0
2295,2117,0
2285,2137,0
2285,2166,0
2285,2190,0
2289,2215,0
2300,2241,0
2305,2251,0
2321,2260,0
2338,2260,0
2354,2251,0
2368,2232,0
2381,2205,0
2398,2175,0
2411,2147,0
2417,2128,0
2418,2118,0
2414,2111,0
2412,2113,0
2403,2119,0
2388,2139,0
2377,2169,0
2371,2197,0
2372,2219,0
2384,2241,0
2402,2253,0
2434,2261,1
2522,2241,0
2519,2239,0
2521,2241,0
2518,2239,0
2518,2239,0
2520,2243,0
2513,2237,0
2517,2244,0
2511,2248,0
2504,2258,0
2499,2276,0
2487,2294,0
2480,2312,0
2472,2322,0
2473,2337,0
2469,2339,0
2472,2342,0
2472,2342,0
2475,2344,0
2477,2342,0
2480,2337,1
2775,2177,0
2763,2172,0
2759,2175,0
2753,2181,0
2731,2230,0
2726,2248,0
2731,2265,0
2732,2274,0
2740,2279,0
2747,2277,0
2753,2269,0
2761,2256,0
2767,2236,0
2768,2210,0
2771,2191,0
2772,2186,0
2783,2192,0
2779,2190,0
2778,2195,0
2782,2218,0
2784,2238,0
2791,2257,0
2799,2272,0
2808,2280,0
2817,2284,0
2823,2277,0
2831,2267,0
2837,2251,0
2843,2229,0
2848,2215,0
2849,2209,0
2850,2208,0
2853,2211,0
2854,2216,0
2853,2227,0
2856,2241,0
2852,2248,0
2856,2256,0
2859,2258,0
2868,2256,0
2883,2244,0
2897,2224,0
2911,2208,0
2919,2200,0
2920,2199,0
2920,2199,0
2919,2200,0
2917,2207,0
2914,2220,0
2917,2235,0
2919,2248,0
2924,2255,0
2936,2260,0
2948,2260,0
2963,2252,1
2992,2221,0
2989,2217,0
2987,2215,0
2984,2212,0
2981,2209,0
2974,2205,0
2972,2206,0
2966,2211,0
2959,2218,0
2955,2232,0
2949,2244,0
2953,2256,0
2957,2263,0
2962,2265,0
2967,2259,0
2977,2246,0
2986,2227,0
3000,2203,0
3008,2172,0
3020,2150,0
3022,2137,0
3023,2135,0
3023,2136,0
3021,2138,0
3013,2150,0
3009,2176,0
3001,2201,0
3000,2229,0
2999,2252,0
3006,2273,0
3018,2289,0
3028,2296,1
3255,2082,0
3255,2082,0
3251,2080,0
3248,2090,0
3240,2117,0
3239,2153,0
3233,2183,0
3233,2212,0
3235,2227,0
3245,2234,0
3262,2234,0
3280,2221,0
3296,2203,0
3306,2192,0
3308,2190,0
3308,2190,0
3307,2191,0
3305,2200,0
3306,2210,0
3311,2222,0
3315,2230,0
3325,2236,0
3344,2240,0
3361,2233,0
3378,2220,0
3399,2203,0
3414,2186,0
3422,2182,0
3419,2179,0
3411,2176,0
3401,2182,0
3385,2193,0
3380,2212,0
3377,2222,0
3388,2233,0
3408,2241,0
3429,2241,1
3672,2180,0
3665,2175,0
3658,2171,0
3650,2169,0
3633,2170,0
3615,2181,0
3599,2202,0
3589,2226,0
3583,2246,0
3589,2264,0
3592,2272,0
3608,2277,0
3627,2274,0
3647,2263,0
3660,2247,0
3672,2232,0
3671,2213,0
3670,2202,0
3667,2199,0
3662,2199,0
3660,2202,0
3662,2218,0
3660,2234,0
3667,2249,0
3673,2262,1
3759,2185,0
3754,2178,0
3750,2176,0
3739,2178,0
3725,2190,0
3713,2212,0
3702,2231,0
3701,2247,0
3706,2258,0
3717,2265,0
3735,2261,0
3753,2251,0
3764,2237,0
3770,2229,0
3769,2224,0
3766,2222,0
3761,2222,0
3756,2234,0
3761,2255,0
3757,2278,0
3763,2304,0
3766,2325,0
3766,2345,0
3761,2357,0
3749,2364,0
3740,2364,0
3732,2355,0
3723,2334,0
3721,2310,1
3805,2210,0
3806,2215,0
3807,2227,0
3806,2235,0
3809,2245,0
3810,2249,0
3810,2250,0
3810,2249,0
3814,2244,0
3807,2234,0
3812,2220,0
3805,2202,0
3804,2192,0
3798,2185,0
3798,2185,0
3802,2186,0
3803,2186,0
3812,2187,0
3826,2188,0
3845,2189,0
3865,2188,1
3910,2216,0
3921,2215,0
3929,2210,0
3935,2203,0
3943,2197,0
3948,2189,0
3948,2182,0
3946,2178,0
3942,2176,0
3935,2174,0
3925,2174,0
3917,2178,0
3918,2191,0
3913,2205,0
3909,2217,0
3911,2228,0
3914,2237,0
3924,2244,0
3936,2248,0
3946,2241,0
3969,2236,0
3995,2227,0
4015,2212,0
4034,2200,0
4045,2191,0
4047,2188,0
4045,2184,0
4037,2181,0
4029,2179,0
4017,2181,0
4003,2188,0
3991,2199,0
3983,2210,0
3981,2220,0
3988,2230,0
3998,2237,0
4015,2239,0
4039,2236,0
4064,2233,0
4086,2229,0
4106,2227,1
4140,2192,0
4138,2187,0
4136,2183,0
4130,2178,0
4126,2177,0
4121,2177,0
4111,2178,0
4102,2185,0
4090,2194,0
4085,2210,0
4080,2224,0
4082,2234,0
4088,2241,0
4088,2240,0
4096,2236,0
4104,2224,0
4119,2209,0
4134,2187,0
4151,2160,0
4171,2137,0
4173,2120,0
4173,2111,0
4171,2108,0
4167,2106,0
4169,2111,0
4165,2123,0
4157,2145,0
4149,2165,0
4144,2186,0
4154,2208,0
4155,2222,0
4169,2236,0
4185,2248,1
4467,2080,0
4466,2081,0
4466,2082,0
4465,2082,0
4469,2092,0
4463,2118,0
4461,2154,0
4456,2193,0
4455,2225,0
4453,2244,0
4456,2255,0
4456,2256,0
4456,2255,0
4455,2249,0
4451,2231,0
4447,2207,0
4442,2186,0
4437,2178,0
4439,2176,0
4439,2175,0
4446,2171,0
4462,2160,0
4480,2145,0
4497,2123,0
4512,2098,0
4523,2077,0
4534,2065,0
4536,2063,0
4535,2065,0
4530,2074,0
4521,2106,0
4510,2142,0
4506,2171,0
4507,2194,0
4513,2207,0
4527,2215,0
4543,2212,0
4560,2200,0
4572,2186,0
4581,2178,0
4582,2178,0
4581,2178,0
4582,2184,0
4582,2193,0
4586,2202,0
4591,2208,0
4599,2212,0
4613,2212,0
4630,2206,1
4666,2174,0
4662,2172,0
4659,2169,0
4657,2166,0
4656,2169,0
4649,2171,0
4635,2179,0
4628,2192,0
4623,2202,0
4623,2210,0
4628,2216,0
4637,2217,0
4649,2212,0
4659,2202,0
4666,2191,0
4671,2190,0
4671,2190,0
4666,2189,0
4668,2195,0
4673,2200,0
4677,2204,0
4682,2203,0
4685,2197,0
4693,2184,0
4702,2166,0
4705,2137,0
4719,2111,0
4724,2092,0
4730,2089,0
4727,2088,0
4727,2094,0
4725,2116,0
4725,2142,0
4727,2163,0
4731,2181,0
4739,2198,0
4741,2205,0
4740,2206,0
4729,2200,0
4714,2193,0
4704,2188,0
4700,2186,0
4697,2184,0
4700,2186,0
4701,2186,0
4714,2185,0
4737,2185,0
4752,2184,1
4960,2051,0
4956,2051,0
4956,2051,0
4951,2051,0
4953,2055,0
4944,2066,0
4941,2090,0
4932,2118,0
4929,2148,0
4927,2172,0
4926,2190,0
4924,2201,0
4929,2210,0
4932,2213,0
4932,2212,0
4927,2205,0
4925,2192,0
4920,2176,0
4915,2160,0
4906,2150,0
4900,2145,0
4903,2147,0
4903,2148,0
4895,2145,0
4899,2147,0
4903,2147,0
4913,2145,0
4927,2137,0
4946,2124,0
4969,2106,0
4994,2082,0
5013,2062,0
5023,2048,0
5026,2044,0
5026,2044,0
5025,2046,0
5021,2062,0
5008,2089,0
4999,2118,0
4988,2139,0
4988,2156,0
4995,2169,0
5002,2174,0
5014,2175,0
5027,2169,0
5036,2159,0
5046,2157,0
5046,2157,0
5045,2159,0
5050,2167,0
5052,2172,0
5068,2176,0
5086,2177,0
5098,2171,0
5115,2162,0
5132,2145,0
5138,2133,0
5139,2130,0
5127,2128,0
5117,2132,0
5096,2138,0
5092,2147,0
5083,2156,0
5091,2166,0
5113,2175,0
5132,2181,0
5151,2188,0
5186,2198,0
5209,2208,1
5471,2130,0
5467,2128,0
5467,2140,0
5458,2157,0
5458,2178,0
5462,2198,0
5468,2213,0
5477,2222,0
5491,2228,0
5506,2224,0
5520,2215,0
5537,2196,0
5549,2169,0
5564,2145,0
5577,2127,0
5573,2116,0
5577,2116,0
5574,2114,0
5580,2120,0
5573,2137,0
5572,2159,0
5566,2170,0
5574,2182,0
5580,2189,0
5592,2191,0
5600,2185,0
5614,2171,0
5630,2154,0
5639,2135,0
5640,2122,0
5648,2122,0
5645,2120,0
5648,2124,0
5640,2122,0
5644,2133,0
5639,2146,0
5643,2164,0
5643,2176,0
5646,2190,0
5661,2204,0
5663,2209,0
5674,2214,0
5684,2212,0
5692,2203,0
5710,2192,0
5716,2168,0
5729,2147,0
5729,2128,0
5733,2116,0
5735,2115,0
5738,2116,0
5730,2116,0
5730,2125,0
5728,2142,0
5727,2164,0
5728,2179,0
5739,2195,0
5753,2204,0
5768,2209,0
5782,2207,0
5785,2200,1
5715,2024,0
5716,2024,0
5716,2022,0
5717,2021,0
5720,2024,1
5860,2124,0
5853,2123,0
5844,2122,0
5830,2124,0
5823,2131,0
5816,2138,0
5810,2142,0
5816,2148,0
5834,2157,0
5856,2166,0
5873,2178,0
5877,2189,0
5883,2205,0
5873,2220,0
5857,2234,0
5832,2243,0
5810,2241,0
5800,2236,0
5796,2224,0
5800,2205,0
5810,2173,1
5931,2119,0
5920,2116,0
5910,2118,0
5897,2120,0
5886,2125,0
5883,2132,0
5894,2147,0
5904,2165,0
5919,2181,0
5931,2194,0
5940,2212,0
5935,2226,0
5941,2241,0
5922,2246,0
5915,2253,0
5897,2252,0
5886,2249,0
5873,2240,0
5869,2228,0
5869,2207,0
5884,2182,0
5905,2162,0
5933,2147,0
5959,2137,0
5974,2131,0
5984,2125,0
5989,2126,0
5989,2126,0
5982,2133,0
5981,2147,0
5977,2166,0
5974,2183,0
5979,2205,0
5993,2219,0
5999,2228,0
6003,2230,0
6005,2225,1
5978,2065,0
5980,2062,0
5980,2060,0
5981,2061,0
5983,2065,1
6069,2130,0
6069,2141,0
6062,2159,0
6066,2181,0
6061,2195,0
6068,2207,0
6074,2214,0
6086,2216,0
6101,2212,0
6115,2198,0
6131,2181,0
6143,2161,0
6150,2142,0
6154,2134,0
6154,2133,0
6153,2133,0
6154,2134,0
6152,2137,0
6148,2150,0
6145,2166,0
6148,2181,0
6145,2188,0
6155,2197,0
6157,2201,0
6173,2204,0
6183,2201,0
6195,2192,0
6213,2179,0
6225,2161,0
6232,2142,0
6237,2127,0
6237,2116,0
6232,2108,0
6229,2104,0
6221,2102,0
6220,2105,0
6213,2111,0
6203,2128,0
6201,2145,0
6203,2162,0
6207,2173,0
6213,2179,0
6225,2182,0
6235,2178,0
6244,2167,0
6249,2152,0
6247,2134,0
6243,2124,0
6239,2121,0
6237,2119,0
6232,2120,0
6234,2136,0
6237,2153,0
6241,2173,0
6253,2198,0
6264,2225,0
6272,2248,0
6275,2272,0
6268,2288,0
6262,2304,0
6228,2301,0
6207,2300,0
6193,2293,0
6185,2281,0
6186,2269,0
6191,2257,0
6213,2243,0
6240,2230,0
6268,2225,1