Director of public prosecutions I know
990
1235,1689,0
1245,1716,0
1252,1735,0
1256,1746,0
1260,1751,0
1265,1750,1
1141,1619,0
1137,1619,0
1141,1619,0
1137,1619,0
1141,1619,0
1151,1611,0
1162,1599,0
1180,1589,0
1216,1590,0
1215,1611,0
1274,1632,0
1328,1664,0
1356,1692,0
1360,1720,0
1346,1746,0
1322,1779,0
1285,1808,0
1243,1824,0
1208,1828,0
1177,1814,0
1163,1795,0
1163,1771,0
1178,1758,0
1235,1737,0
1241,1725,1
1438,1703,0
1435,1704,0
1436,1712,0
1433,1733,0
1432,1754,0
1435,1770,0
1438,1778,0
1444,1776,0
1446,1763,1
1423,1617,0
1452,1609,0
1424,1621,0
1425,1620,0
1425,1620,0
1432,1627,0
1444,1640,0
1455,1655,1
1560,1704,0
1561,1712,0
1551,1731,0
1555,1743,0
1556,1751,0
1551,1761,0
1553,1756,0
1551,1761,0
1550,1752,0
1552,1739,0
1551,1715,0
1522,1703,0
1516,1683,0
1515,1679,0
1511,1677,0
1541,1668,0
1541,1668,0
1549,1669,0
1556,1684,0
1557,1700,0
1561,1712,0
1574,1720,0
1590,1723,0
1604,1722,0
1611,1725,0
1605,1727,0
1614,1715,0
1618,1701,0
1619,1688,0
1616,1680,0
1611,1678,0
1603,1677,0
1594,1684,0
1609,1692,0
1608,1713,0
1605,1739,0
1616,1744,0
1631,1752,0
1621,1768,0
1648,1767,0
1670,1759,1
1716,1681,0
1716,1681,0
1711,1679,0
1707,1680,0
1699,1684,0
1692,1695,0
1683,1715,0
1675,1736,0
1673,1754,0
1676,1765,0
1715,1768,0
1701,1777,0
1718,1775,0
1737,1767,0
1750,1753,0
1762,1739,0
1770,1723,1
1802,1633,0
1803,1623,0
1800,1611,0
1800,1607,0
1799,1608,0
1801,1611,0
1798,1621,0
1793,1646,0
1797,1684,0
1796,1715,0
1803,1748,0
1808,1771,0
1812,1783,0
1814,1787,0
1811,1784,0
1795,1765,0
1788,1751,0
1780,1732,0
1778,1724,0
1773,1718,0
1770,1715,0
1770,1715,0
1771,1714,0
1775,1712,0
1792,1713,0
1807,1710,0
1824,1707,0
1836,1701,0
1844,1701,0
1841,1698,0
1841,1698,0
1839,1699,0
1832,1703,0
1829,1718,0
1826,1727,0
1827,1737,0
1834,1746,0
1844,1755,0
1855,1758,0
1865,1754,0
1877,1747,0
1884,1735,0
1885,1721,0
1882,1708,0
1874,1700,0
1867,1698,0
1863,1696,0
1862,1697,0
1866,1699,0
1878,1707,0
1890,1709,0
1902,1713,1
1941,1695,0
1937,1693,0
1940,1696,0
1937,1698,0
1940,1710,0
1937,1720,0
1932,1732,0
1932,1746,0
1932,1755,0
1931,1760,0
1928,1757,0
1932,1759,0
1931,1756,0
1928,1743,0
1930,1724,0
1936,1703,0
1935,1680,0
1937,1670,0
1937,1665,0
1935,1662,0
1935,1662,0
1933,1663,0
1935,1667,0
1934,1667,0
1937,1669,0
1944,1674,0
1953,1674,0
1969,1674,0
1985,1669,0
1995,1664,0
2009,1664,0
2012,1662,0
2034,1677,1
2236,1651,0
2222,1647,0
2215,1653,0
2207,1674,0
2200,1699,0
2193,1718,0
2198,1734,0
2197,1736,0
2207,1738,0
2215,1728,0
2224,1706,0
2239,1685,0
2249,1662,0
2251,1651,0
2248,1648,0
2243,1646,0
2241,1648,0
2244,1650,0
2244,1657,0
2246,1664,0
2257,1672,0
2265,1670,0
2287,1663,0
2312,1648,0
2336,1622,0
2357,1593,0
2376,1564,0
2386,1539,0
2390,1523,0
2386,1516,0
2381,1515,0
2373,1517,0
2364,1532,0
2355,1562,0
2342,1600,0
2341,1654,0
2319,1698,0
2311,1750,0
2304,1791,0
2305,1820,0
2301,1829,0
2299,1825,0
2299,1815,0
2289,1792,0
2283,1777,1
2270,1722,0
2270,1706,0
2277,1696,0
2292,1689,0
2309,1680,0
2338,1679,0
2363,1672,0
2386,1669,1
2637,1650,0
2639,1669,0
2642,1703,0
2643,1735,0
2642,1765,0
2638,1790,0
2639,1811,0
2636,1820,0
2635,1821,0
2635,1821,0
2637,1819,0
2634,1804,0
2626,1773,0
2626,1741,0
2621,1706,0
2618,1675,0
2618,1651,0
2617,1630,0
2627,1619,0
2636,1615,0
2656,1623,0
2673,1640,0
2685,1662,0
2692,1685,0
2689,1705,0
2683,1722,0
2677,1735,0
2666,1740,0
2655,1734,0
2649,1724,0
2645,1710,0
2653,1696,0
2668,1680,0
2683,1664,0
2704,1654,0
2717,1645,0
2724,1643,0
2730,1643,0
2734,1644,0
2734,1644,0
2733,1645,0
2737,1660,0
2735,1673,0
2739,1687,0
2746,1697,0
2752,1703,0
2761,1703,0
2770,1700,0
2782,1687,0
2796,1672,0
2803,1650,0
2808,1632,0
2810,1623,0
2814,1625,0
2814,1625,0
2813,1628,0
2812,1640,0
2811,1660,0
2819,1681,0
2823,1695,0
2835,1706,1
2885,1537,0
2883,1539,0
2878,1539,0
2878,1552,0
2872,1573,0
2869,1597,0
2870,1620,0
2871,1638,0
2876,1650,0
2878,1655,0
2883,1655,0
2897,1656,0
2905,1652,0
2910,1653,0
2917,1658,0
2917,1663,0
2921,1672,0
2919,1681,0
2909,1687,0
2903,1693,0
2895,1691,0
2889,1686,0
2885,1679,0
2887,1675,0
2888,1668,0
2901,1665,0
2913,1656,0
2931,1646,0
2949,1630,0
2970,1610,0
2985,1582,0
2996,1555,0
3002,1533,0
3004,1522,0
2999,1516,0
2996,1514,0
2994,1515,0
2989,1530,0
2979,1558,0
2972,1594,0
2967,1626,0
2967,1652,0
2972,1672,0
2984,1689,0
3001,1699,0
3018,1698,0
3038,1692,0
3054,1678,0
3073,1666,0
3075,1657,0
3075,1657,0
3077,1660,0
3074,1664,0
3073,1680,0
3076,1696,0
3088,1713,0
3100,1722,1
3112,1565,0
3110,1560,0
3108,1556,0
3106,1552,0
3112,1556,1
3202,1645,0
3188,1650,0
3172,1660,0
3160,1676,0
3151,1689,0
3160,1703,0
3177,1713,0
3199,1718,0
3223,1720,1
3525,1677,0
3533,1702,0
3532,1727,0
3531,1751,0
3528,1769,0
3527,1785,0
3525,1796,0
3530,1803,0
3529,1804,0
3533,1805,0
3528,1799,0
3525,1781,0
3522,1755,0
3510,1723,0
3506,1699,0
3506,1679,0
3508,1660,0
3516,1645,0
3528,1633,0
3549,1630,0
3568,1635,0
3592,1652,0
3601,1668,0
3592,1683,0
3592,1705,0
3581,1723,0
3569,1734,0
3556,1733,0
3549,1728,0
3547,1718,0
3551,1702,0
3564,1689,0
3571,1678,0
3585,1672,0
3596,1669,0
3604,1669,0
3612,1673,0
3615,1675,0
3622,1678,0
3626,1679,0
3634,1681,0
3638,1684,0
3645,1688,0
3647,1691,0
3650,1696,0
3649,1696,0
3649,1696,0
3653,1698,0
3649,1696,0
3650,1696,0
3653,1696,0
3650,1687,0
3649,1672,0
3646,1654,0
3642,1637,0
3640,1625,0
3639,1617,0
3641,1614,0
3643,1611,0
3643,1610,0
3648,1609,0
3661,1611,0
3677,1616,0
3691,1623,0
3702,1628,1
3730,1626,0
3725,1628,0
3718,1631,0
3709,1639,0
3702,1652,0
3699,1667,0
3696,1679,0
3699,1689,0
3705,1696,0
3719,1703,0
3732,1705,0
3751,1705,0
3763,1700,0
3771,1693,0
3772,1682,0
3771,1667,0
3766,1655,0
3760,1648,0
3756,1645,0
3752,1645,0
3749,1650,1
3895,1607,0
3885,1607,0
3877,1607,0
3866,1609,0
3854,1616,0
3848,1628,0
3841,1640,0
3843,1652,0
3855,1664,0
3875,1679,0
3882,1691,0
3894,1703,0
3893,1713,0
3884,1720,0
3876,1727,0
3860,1730,0
3846,1732,0
3830,1726,0
3821,1718,0
3819,1706,0
3822,1693,1
3918,1674,0
3924,1672,0
3937,1664,0
3950,1657,0
3964,1649,0
3971,1642,0
3971,1635,0
3972,1632,0
3968,1631,0
3963,1631,0
3955,1639,0
3943,1652,0
3935,1667,0
3937,1681,0
3941,1691,0
3954,1701,0
3974,1706,0
3988,1705,0
4007,1703,0
4019,1697,0
4035,1693,1
4078,1625,0
4070,1623,0
4065,1624,0
4058,1631,0
4050,1646,0
4042,1661,0
4039,1675,0
4046,1689,0
4055,1698,0
4073,1705,0
4091,1705,0
4109,1699,0
4135,1691,1
4203,1545,0
4198,1568,0
4202,1597,0
4194,1623,0
4184,1645,0
4184,1663,0
4179,1672,0
4176,1678,0
4176,1679,0
4180,1680,0
4176,1678,0
4173,1677,0
4177,1677,0
4178,1675,0
4176,1670,0
4170,1664,0
4172,1660,0
4174,1657,1
4169,1638,0
4165,1637,0
4165,1637,0
4162,1636,0
4165,1638,0
4165,1638,0
4165,1638,0
4164,1639,0
4165,1638,0
4165,1638,0
4165,1638,0
4161,1637,0
4165,1638,0
4165,1638,0
4161,1637,0
4164,1638,0
4161,1637,0
4160,1638,0
4164,1639,0
4165,1638,0
4164,1639,0
4161,1638,0
4164,1639,0
4164,1639,0
4160,1638,0
4160,1638,0
4160,1638,0
4164,1639,0
4164,1639,0
4164,1639,0
4164,1639,0
4160,1638,0
4160,1638,0
4164,1639,0
4164,1639,0
4169,1640,0
4164,1640,0
4160,1639,0
4164,1640,0
4164,1640,0
4160,1639,0
4160,1639,0
4160,1639,0
4160,1639,0
4163,1640,0
4164,1640,0
4160,1639,0
4163,1640,0
4155,1638,0
4159,1640,0
4156,1639,0
4156,1639,0
4156,1639,0
4156,1639,0
4159,1640,0
4159,1640,0
4159,1640,0
4159,1640,0
4159,1640,0
4159,1640,0
4159,1640,0
4159,1640,0
4159,1640,0
4160,1639,0
4159,1640,0
4159,1640,0
4159,1640,0
4159,1640,0
4159,1640,0
4155,1638,0
4159,1640,0
4160,1639,0
4155,1638,0
4156,1638,0
4160,1639,0
4160,1639,0
4156,1638,0
4160,1639,0
4160,1639,0
4161,1638,0
4161,1638,0
4161,1638,0
4161,1638,0
4160,1638,0
4160,1639,0
4160,1638,0
4161,1638,0
4160,1638,0
4161,1638,0
4160,1638,0
4157,1637,0
4160,1638,0
4157,1637,0
4160,1638,0
4160,1638,0
4160,1638,0
4161,1638,0
4160,1639,0
4164,1640,0
4164,1640,0
4160,1639,0
4164,1639,0
4164,1639,0
4164,1639,0
4160,1639,0
4156,1638,0
4164,1639,0
4161,1638,0
4160,1639,0
4157,1637,0
4160,1638,0
4161,1638,0
4160,1639,0
4160,1639,0
4156,1638,0
4156,1638,0
4160,1639,0
4160,1639,0
4156,1638,0
4160,1639,0
4160,1639,0
4160,1639,0
4156,1638,0
4160,1639,0
4156,1638,0
4160,1639,0
4155,1638,0
4160,1639,0
4155,1638,0
4156,1638,0
4159,1640,0
4164,1640,0
4164,1640,0
4160,1639,0
4160,1639,0
4160,1639,0
4159,1640,0
4159,1640,0
4159,1640,0
4160,1639,0
4159,1640,0
4159,1640,0
4160,1639,0
4159,1640,0
4159,1640,0
4155,1638,0
4155,1638,0
4159,1640,1
4162,1644,0
4159,1642,0
4162,1643,0
4168,1641,0
4177,1639,1
4204,1554,0
4200,1562,0
4196,1570,0
4191,1581,0
4190,1594,0
4189,1604,0
4184,1615,0
4184,1625,0
4181,1631,0
4176,1635,0
4173,1639,0
4175,1644,0
4177,1649,0
4176,1653,0
4178,1657,0
4176,1660,0
4172,1662,0
4179,1666,0
4176,1668,0
4181,1671,0
4179,1672,0
4179,1673,0
4179,1674,0
4183,1676,0
4182,1677,0
4185,1679,0
4188,1680,0
4193,1681,0
4194,1679,0
4204,1676,0
4213,1667,0
4227,1656,0
4239,1641,0
4250,1626,0
4257,1610,0
4265,1592,0
4278,1575,0
4272,1558,0
4274,1552,0
4274,1553,0
4274,1553,0
4273,1555,0
4268,1555,0
4272,1557,0
4269,1563,0
4268,1576,0
4264,1594,0
4266,1619,0
4270,1649,0
4275,1675,0
4286,1698,0
4304,1719,0
4322,1734,0
4336,1743,1
4375,1433,0
4374,1433,0
4373,1438,0
4377,1461,0
4374,1500,0
4374,1552,0
4377,1608,0
4377,1657,0
4379,1691,0
4377,1713,0
4367,1725,0
4365,1730,0
4362,1727,0
4365,1720,0
4364,1703,0
4357,1679,0
4351,1655,0
4341,1629,0
4340,1611,0
4336,1602,0
4329,1597,0
4330,1595,0
4330,1594,0
4344,1594,0
4353,1590,0
4368,1587,0
4392,1582,0
4416,1575,0
4438,1566,0
4454,1561,0
4461,1561,0
4464,1564,0
4455,1576,0
4447,1597,0
4438,1617,0
4443,1636,0
4442,1647,0
4449,1652,0
4459,1650,0
4472,1640,0
4488,1622,1
4484,1438,0
4482,1433,0
4482,1432,0
4478,1432,1
4567,1567,0
4562,1568,0
4547,1573,0
4533,1586,0
4525,1607,0
4516,1628,0
4509,1643,0
4513,1654,0
4531,1664,0
4553,1664,0
4582,1655,0
4606,1640,0
4621,1625,0
4624,1608,0
4617,1592,0
4596,1580,0
4582,1574,0
4569,1574,0
4563,1577,0
4562,1580,0
4567,1587,0
4579,1590,0
4601,1590,0
4624,1587,0
4640,1580,0
4654,1575,0
4659,1574,0
4659,1574,0
4658,1575,0
4655,1584,0
4652,1602,0
4649,1619,0
4644,1633,0
4647,1644,0
4659,1650,0
4669,1647,0
4685,1638,0
4708,1624,0
4724,1604,0
4741,1584,0
4748,1578,0
4748,1578,0
4748,1579,0
4744,1587,0
4737,1605,0
4738,1626,0
4743,1644,0
4746,1657,0
4767,1670,1
4862,1590,0
4866,1581,0
4874,1572,0
4876,1566,0
4870,1558,0
4858,1558,0
4845,1560,0
4833,1568,0
4821,1578,0
4821,1590,0
4819,1602,0
4834,1620,0
4850,1635,0
4861,1650,0
4866,1662,0
4863,1667,0
4852,1672,0
4818,1669,0
4806,1669,0
4799,1666,0
4796,1662,1
5186,1503,0
5192,1498,0
5199,1488,0
5213,1471,0
5235,1452,0
5243,1428,0
5261,1408,0
5265,1395,0
5270,1392,0
5270,1392,0
5270,1406,0
5262,1432,0
5260,1467,0
5261,1504,0
5262,1541,0
5259,1574,0
5257,1604,0
5255,1623,0
5250,1638,0
5243,1645,0
5224,1639,0
5214,1630,0
5207,1614,0
5203,1603,0
5202,1593,0
5210,1583,0
5228,1576,0
5248,1571,0
5278,1568,1
5505,1399,0
5505,1400,0
5504,1402,0
5505,1416,0
5506,1440,0
5505,1471,0
5503,1505,0
5501,1539,0
5499,1571,0
5491,1597,0
5489,1619,0
5493,1631,0
5493,1633,0
5498,1629,0
5523,1619,0
5542,1597,0
5566,1573,0
5589,1555,0
5605,1541,0
5620,1534,0
5621,1530,1
5552,1578,0
5554,1585,0
5556,1592,0
5569,1603,0
5587,1615,0
5595,1626,0
5610,1635,0
5621,1639,1
5657,1551,0
5657,1552,0
5656,1556,0
5660,1569,0
5654,1586,0
5654,1602,0
5655,1612,0
5656,1619,0
5653,1620,0
5652,1619,0
5653,1617,0
5651,1611,0
5651,1596,0
5653,1575,0
5656,1556,0
5660,1542,0
5675,1532,0
5685,1525,0
5703,1524,0
5718,1527,0
5740,1539,0
5750,1550,0
5745,1563,0
5740,1579,0
5736,1592,0
5734,1599,0
5737,1605,0
5735,1609,0
5738,1612,1
5807,1537,0
5811,1538,0
5806,1540,0
5795,1548,0
5782,1564,0
5781,1582,0
5781,1597,0
5790,1610,0
5803,1621,0
5815,1623,0
5829,1619,0
5839,1610,0
5847,1599,0
5848,1582,0
5849,1566,0
5840,1551,0
5827,1541,1
5897,1530,0
5892,1532,0
5885,1540,0
5889,1555,0
5888,1573,0
5887,1590,0
5892,1602,0
5890,1609,0
5898,1609,0
5904,1604,0
5919,1595,0
5934,1589,0
5935,1585,0
5931,1585,0
5938,1590,0
5940,1596,0
5942,1604,0
5952,1609,0
5956,1614,0
5959,1615,0
5969,1611,0
5981,1597,0
5991,1577,0
6001,1558,0
6000,1544,0
5986,1534,0
5987,1532,0
5979,1531,0
5974,1537,1