his inner excitement. &quot;I know, but from
667
474,2968,0
478,2972,0
480,2989,0
479,3010,0
476,3038,0
470,3069,0
466,3102,0
464,3138,0
463,3162,0
465,3182,0
466,3199,0
469,3208,0
471,3209,0
472,3212,0
475,3201,0
481,3186,0
488,3163,0
495,3148,0
505,3134,0
516,3115,0
526,3101,0
537,3099,0
547,3096,0
556,3098,0
562,3116,0
565,3124,0
567,3148,0
567,3169,0
569,3194,0
571,3211,0
574,3228,0
579,3232,0
588,3226,1
697,3100,0
698,3120,0
697,3144,0
694,3168,0
692,3192,0
693,3216,0
696,3228,0
699,3237,0
701,3242,1
717,3018,0
713,3009,0
710,3005,0
707,3005,0
707,3008,1
861,3064,0
848,3068,0
834,3074,0
822,3086,0
811,3096,0
805,3108,0
803,3116,0
803,3124,0
810,3132,0
820,3141,0
834,3155,0
850,3163,0
864,3173,0
874,3182,0
881,3190,0
882,3198,0
877,3210,0
866,3218,0
850,3224,0
831,3226,0
813,3226,1
1220,3042,0
1222,3053,0
1225,3073,0
1226,3101,0
1226,3125,0
1225,3153,0
1225,3177,0
1225,3193,0
1225,3209,1
1223,2933,0
1219,2929,0
1218,2926,0
1218,2925,0
1220,2929,1
1331,3037,0
1331,3054,0
1333,3074,0
1334,3098,0
1337,3117,0
1339,3129,0
1341,3141,0
1342,3145,0
1344,3148,0
1344,3149,0
1346,3145,0
1351,3132,0
1356,3116,0
1361,3099,0
1498,3035,0
1508,3029,0
1515,3028,0
1522,3035,0
1524,3047,0
1524,3062,0
1527,3086,0
1529,3106,0
1556,3042,0
1566,3032,0
1574,3022,0
1585,3020,0
1593,3018,0
1603,3025,0
1611,3035,0
1617,3051,0
1620,3071,0
1620,3088,0
1622,3107,0
1624,3123,1
1687,3070,0
1696,3072,0
1704,3066,0
1714,3060,0
1725,3054,0
1732,3047,0
1738,3042,0
1741,3037,0
1739,3025,0
1737,3022,0
1732,3019,0
1725,3021,0
1713,3023,0
1700,3039,0
1681,3055,0
1669,3077,0
1664,3095,0
1667,3115,0
1672,3126,0
1685,3140,0
1696,3137,0
1715,3137,0
1734,3134,0
1751,3126,0
1763,3115,1
1808,3025,0
1809,3037,0
1809,3058,0
1809,3078,0
1807,3100,0
1807,3117,0
1808,3120,0
1812,3123,0
1818,3122,0
1830,3111,0
1843,3091,0
1858,3070,0
1874,3053,0
1889,3041,0
1903,3037,0
1913,3034,0
1924,3035,1
2183,3053,0
2186,3060,0
2192,3063,0
2205,3066,0
2218,3061,0
2235,3058,0
2249,3048,0
2261,3035,0
2273,3025,0
2280,3014,0
2283,3004,0
2282,2996,0
2279,2993,0
2270,2988,0
2258,2988,0
2244,2994,0
2224,3006,0
2205,3031,0
2184,3052,0
2176,3077,0
2174,3103,0
2174,3117,0
2187,3133,0
2201,3136,0
2226,3135,0
2251,3129,0
2273,3116,0
2295,3107,0
2316,3095,1
2442,2994,0
2431,3008,0
2422,3030,0
2410,3052,0
2403,3078,0
2394,3100,0
2391,3118,0
2388,3124,0
2393,3127,1
2371,3009,0
2376,3020,0
2386,3033,0
2399,3054,0
2414,3073,0
2431,3091,0
2454,3107,0
2475,3115,0
2497,3114,1
2597,2963,0
2586,2965,0
2576,2975,0
2562,2991,0
2546,3008,0
2536,3028,0
2535,3045,0
2541,3060,0
2552,3069,0
2566,3071,0
2588,3073,0
2608,3066,0
2630,3055,1
2709,3007,0
2703,3028,0
2702,3056,0
2694,3074,0
2694,3093,1
2730,2934,0
2728,2922,0
2725,2909,0
2723,2901,0
2724,2895,1
2841,2869,0
2837,2885,0
2838,2914,0
2837,2943,0
2844,2981,0
2847,3013,0
2854,3045,0
2859,3066,0
2868,3080,1
2815,2957,0
2813,2958,0
2815,2958,0
2825,2960,0
2840,2955,0
2860,2948,0
2890,2943,0
2917,2934,0
2946,2930,1
2980,3013,0
2989,3006,0
3004,3001,0
3013,2990,0
3021,2980,0
3025,2972,0
3030,2965,0
3026,2953,0
3023,2944,0
3021,2941,0
3010,2939,0
2996,2943,0
2980,2955,0
2958,2970,0
2943,2994,0
2937,3016,0
2938,3035,0
2945,3049,0
2958,3060,0
2977,3066,0
2999,3067,0
3022,3062,0
3042,3053,0
3057,3042,0
3075,3030,1
3158,2971,0
3158,2981,0
3160,2994,0
3159,3009,0
3158,3025,0
3156,3042,0
3153,3054,0
3151,3060,0
3151,3059,0
3152,3059,0
3156,3056,0
3160,3043,0
3166,3029,0
3174,3018,0
3180,3004,0
3189,2997,0
3196,2992,0
3202,2988,0
3205,2986,0
3213,2989,0
3219,2994,0
3226,3004,0
3228,3012,0
3235,3028,0
3235,3038,0
3235,3048,0
3237,3056,0
3239,3059,0
3243,3062,0
3245,3060,0
3248,3053,0
3255,3042,0
3262,3033,0
3270,3021,0
3282,3012,0
3291,3001,0
3302,2996,0
3311,2994,0
3325,2999,0
3336,3005,0
3343,3015,0
3349,3030,0
3353,3047,0
3359,3064,0
3363,3075,1
3460,2987,0
3467,2985,0
3484,2982,0
3498,2975,0
3514,2967,0
3525,2958,0
3534,2948,0
3537,2941,0
3540,2938,0
3530,2931,0
3524,2931,0
3513,2936,0
3496,2946,0
3478,2960,0
3463,2984,0
3453,3008,0
3450,3026,0
3455,3042,0
3465,3050,0
3486,3059,0
3506,3057,0
3531,3052,0
3551,3040,0
3573,3026,0
3593,3013,1
3634,2940,0
3632,2958,0
3624,2970,0
3623,2992,0
3622,3010,0
3623,3019,0
3633,3028,0
3636,3025,0
3638,3016,0
3648,3002,0
3665,2987,0
3679,2969,0
3693,2951,0
3706,2937,0
3717,2928,0
3732,2924,0
3743,2924,0
3750,2929,0
3759,2942,0
3765,2959,0
3772,2980,0
3783,3003,0
3789,3013,0
3798,3017,0
3807,3013,1
3911,2804,0
3913,2821,0
3912,2844,0
3904,2871,0
3899,2904,0
3896,2937,0
3898,2969,0
3901,2994,0
3904,3013,1
3863,2907,0
3864,2901,0
3869,2889,0
3887,2882,0
3903,2872,0
3922,2863,0
3957,2861,0
3982,2858,0
4006,2855,1
4010,3013,0
4013,3016,0
4019,3016,0
4025,3016,0
4033,3013,1
4213,2688,0
4209,2693,0
4205,2704,0
4200,2723,0
4195,2743,0
4194,2762,0
4193,2776,0
4192,2782,0
4193,2782,1
4258,2670,0
4258,2677,0
4256,2691,0
4253,2709,0
4249,2733,0
4244,2757,0
4248,2777,0
4256,2788,0
4263,2791,1
4374,2769,0
4374,2776,0
4377,2791,0
4380,2812,0
4379,2840,0
4380,2876,0
4380,2914,0
4377,2948,0
4377,2980,0
4381,3005,0
4384,3020,0
4394,3027,0
4406,3025,1
4628,2785,0
4628,2804,0
4625,2828,0
4620,2861,0
4618,2897,0
4613,2929,0
4611,2958,0
4611,2984,0
4612,3003,1
4722,2880,0
4713,2892,0
4696,2907,0
4683,2925,0
4672,2946,0
4666,2960,0
4669,2976,0
4677,2984,0
4695,2994,0
4714,2996,0
4732,2993,0
4750,2989,0
4764,2984,1
4823,2878,0
4822,2879,0
4823,2884,0
4823,2898,0
4820,2915,0
4813,2932,0
4818,2953,0
4819,2964,0
4825,2969,0
4826,2968,0
4832,2967,0
4831,2960,0
4845,2955,0
4852,2939,0
4871,2927,0
4881,2913,0
4897,2905,0
4906,2898,0
4920,2900,0
4918,2903,0
4927,2919,0
4925,2934,0
4926,2953,0
4925,2968,0
4934,2984,1
5049,2897,0
5055,2897,0
5040,2889,0
5036,2887,0
5027,2888,0
5018,2893,0
5006,2902,0
4999,2919,0
4991,2939,0
4999,2955,0
5012,2965,0
5031,2966,0
5040,2959,0
5060,2951,0
5069,2938,0
5082,2927,0
5088,2911,0
5098,2895,0
5098,2883,0
5096,2878,0
5088,2876,1
5181,2916,0
5180,2932,0
5179,2948,0
5177,2958,0
5189,2969,0
5186,2966,0
5201,2965,0
5209,2955,0
5230,2943,0
5244,2924,0
5261,2911,0
5265,2905,0
5261,2904,0
5262,2910,0
5263,2923,0
5263,2937,0
5269,2949,0
5275,2956,0
5289,2956,0
5304,2947,0
5333,2932,0
5358,2917,0
5376,2902,0
5391,2887,0
5404,2874,1
5450,2973,0
5439,2990,0
5424,3012,0
5417,3040,0
5403,3060,1
5592,2802,0
5586,2821,0
5588,2848,0
5581,2876,0
5577,2906,0
5573,2927,0
5576,2946,0
5575,2955,0
5574,2957,0
5574,2957,0
5584,2955,0
5595,2944,0
5605,2929,0
5617,2910,0
5629,2896,0
5645,2886,0
5658,2881,0
5672,2880,0
5682,2879,0
5695,2888,0
5699,2897,0
5707,2914,0
5704,2927,0
5700,2941,0
5690,2951,0
5679,2961,0
5658,2965,0
5637,2969,0
5621,2964,1
5794,2861,0
5791,2874,0
5788,2887,0
5788,2902,0
5793,2917,0
5798,2925,0
5810,2929,0
5820,2927,0
5834,2919,0
5848,2912,0
5863,2901,0
5877,2884,0
5892,2867,0
5905,2851,0
5913,2846,0
5913,2844,0
5913,2844,0
5916,2855,0
5912,2871,0
5911,2890,0
5907,2912,0
5907,2929,0
5910,2939,0
5919,2941,0
5928,2931,1
6042,2739,0
6037,2748,0
6031,2770,0
6030,2799,0
6025,2824,0
6018,2852,0
6017,2880,0
6017,2897,0
6010,2908,1
5992,2809,0
5997,2808,0
6007,2806,0
6018,2803,0
6043,2798,1
6360,2723,0
6343,2719,0
6346,2721,0
6338,2731,0
6325,2746,0
6312,2773,0
6302,2803,0
6302,2837,0
6291,2868,0
6278,2934,0
6281,2946,1
6251,2850,0
6257,2847,0
6280,2847,0
6299,2844,0
6365,2837,0
6389,2835,0
6410,2827,1
6447,2843,0
6451,2862,0
6449,2883,0
6444,2903,0
6442,2914,0
6442,2923,0
6443,2922,0
6452,2922,0
6473,2879,0
6490,2866,0
6503,2856,1
6670,2851,0
6658,2839,0
6650,2839,0
6637,2837,0
6619,2847,0
6604,2861,0
6596,2877,0
6593,2890,0
6598,2899,0
6612,2906,0
6629,2909,0
6648,2905,0
6662,2895,0
6676,2885,0
6687,2871,0
6698,2858,0
6700,2843,0
6700,2827,0
6705,2815,1
6809,2820,0
6798,2843,0
6797,2864,0
6792,2885,0
6787,2904,0
6789,2919,0
6786,2923,0
6790,2926,0
6798,2928,0
6800,2922,0
6808,2905,0
6823,2884,0
6835,2866,0
6893,2847,0
6891,2870,0
6893,2895,0
6889,2912,0
6891,2926,0
6889,2932,0
6888,2934,0
6891,2935,0
6898,2929,0
6921,2901,0
6934,2882,0
6958,2840,0
6967,2838,0
6997,2849,0
7003,2866,0
7009,2884,0
7006,2908,0
7003,2934,0
6997,2955,0
6993,2973,1