him, after all. For the moment
711
912,2888,0
907,2883,0
907,2879,0
908,2879,0
909,2880,0
909,2880,0
909,2880,0
908,2879,0
910,2891,0
913,2915,0
915,2944,0
917,2980,0
919,3016,0
921,3040,0
920,3052,0
916,3060,0
914,3068,0
915,3064,0
916,3064,0
916,3052,0
920,3033,0
928,3008,0
942,2989,0
957,2970,0
974,2955,0
990,2943,0
1004,2940,0
1015,2948,0
1022,2956,0
1027,2976,0
1034,2996,0
1041,3016,0
1047,3036,0
1049,3045,0
1055,3053,0
1059,3052,0
1063,3048,0
1068,3040,0
1075,3021,0
1086,3005,0
1101,2984,0
1115,2965,0
1126,2957,0
1131,2955,0
1132,2956,0
1134,2960,0
1139,2976,0
1145,2996,0
1148,3004,0
1150,3011,0
1155,3020,0
1159,3016,0
1161,3008,1
1122,2840,0
1119,2840,0
1121,2840,0
1124,2844,0
1129,2844,1
1190,2907,0
1192,2918,0
1196,2930,0
1204,2958,0
1210,2977,0
1212,2994,0
1211,3005,0
1208,3009,0
1204,3010,0
1200,3006,0
1194,2994,0
1191,2982,0
1190,2962,0
1196,2946,0
1206,2934,0
1220,2925,0
1233,2924,0
1244,2924,0
1254,2931,0
1259,2943,0
1264,2963,0
1268,2975,0
1271,2982,0
1276,2989,0
1276,2986,0
1279,2986,0
1285,2977,0
1295,2960,0
1312,2939,0
1331,2921,0
1352,2912,0
1370,2905,0
1382,2904,0
1391,2907,0
1401,2922,0
1412,2936,0
1426,2964,0
1437,2982,0
1445,2996,0
1454,3012,0
1460,3020,1
1548,3047,0
1547,3067,0
1546,3088,0
1549,3103,1
1825,2897,0
1823,2893,0
1825,2888,0
1831,2887,0
1837,2881,0
1846,2878,0
1857,2879,0
1868,2881,0
1880,2885,0
1895,2902,0
1906,2919,0
1916,2937,0
1929,2954,0
1940,2967,0
1949,2977,0
1954,2984,0
1956,2987,0
1958,2987,0
1958,2983,0
1956,2975,0
1948,2956,0
1940,2942,0
1930,2937,0
1914,2929,0
1896,2926,0
1880,2931,0
1868,2943,0
1856,2955,0
1845,2970,0
1838,2984,0
1838,2996,0
1844,2999,0
1859,3000,0
1886,3000,0
1914,2992,0
1942,2975,0
1968,2959,1
2096,2830,0
2094,2825,0
2090,2818,0
2082,2813,0
2070,2809,0
2052,2807,0
2036,2813,0
2018,2820,0
2002,2830,0
1990,2842,0
1988,2864,0
1984,2886,0
1987,2919,0
1990,2951,0
1993,2984,0
2002,3019,0
2007,3042,0
2014,3062,0
2019,3077,0
2019,3081,0
2016,3082,1
1988,2965,0
1983,2954,0
1981,2946,0
1981,2937,0
1986,2928,0
2003,2922,0
2026,2914,0
2051,2905,0
2076,2896,1
2221,2809,0
2221,2809,0
2224,2812,0
2228,2823,0
2232,2843,0
2238,2867,0
2244,2890,0
2250,2909,0
2256,2924,0
2260,2936,0
2260,2940,0
2258,2941,0
2257,2941,1
2193,2902,0
2191,2900,0
2198,2901,0
2212,2899,0
2233,2895,0
2257,2889,0
2280,2883,0
2297,2881,0
2303,2877,1
2323,2900,0
2324,2898,0
2336,2897,0
2354,2894,0
2378,2887,0
2398,2876,0
2414,2869,0
2416,2859,0
2413,2852,0
2405,2842,0
2395,2839,0
2380,2837,0
2366,2844,0
2349,2856,0
2333,2872,0
2325,2893,0
2325,2916,0
2334,2934,0
2353,2947,0
2374,2950,0
2402,2951,0
2426,2939,0
2451,2927,0
2470,2912,0
2484,2893,0
2493,2869,0
2499,2848,0
2501,2829,0
2504,2823,0
2502,2820,0
2504,2823,0
2507,2835,0
2509,2856,0
2512,2877,0
2515,2894,0
2520,2909,0
2521,2914,0
2523,2917,0
2524,2916,0
2521,2909,0
2515,2894,0
2511,2878,0
2502,2860,0
2496,2845,0
2496,2841,0
2497,2835,0
2504,2827,0
2519,2820,0
2543,2815,0
2569,2810,0
2598,2807,0
2627,2808,0
2655,2811,1
2975,2791,0
2977,2791,0
2984,2786,0
2995,2783,0
3008,2778,0
3025,2776,0
3040,2774,0
3057,2777,0
3071,2781,0
3081,2788,0
3091,2800,0
3104,2821,0
3112,2840,0
3119,2859,0
3122,2873,0
3125,2885,0
3126,2890,0
3128,2893,0
3129,2893,0
3126,2890,0
3120,2884,0
3106,2870,0
3089,2857,0
3070,2847,0
3047,2838,0
3029,2837,0
3013,2839,0
3001,2847,0
2987,2852,0
2982,2865,0
2981,2876,0
2987,2887,0
3002,2896,0
3021,2897,0
3049,2897,0
3076,2887,0
3098,2871,1
3182,2707,0
3183,2707,0
3183,2707,0
3184,2712,0
3182,2729,0
3185,2757,0
3184,2784,0
3190,2810,0
3194,2827,0
3199,2837,0
3208,2842,0
3212,2837,0
3221,2832,0
3225,2818,0
3228,2799,0
3231,2776,0
3235,2753,0
3235,2731,0
3238,2718,0
3240,2712,0
3240,2712,0
3240,2712,0
3242,2726,0
3243,2751,0
3245,2780,0
3252,2806,0
3267,2829,0
3284,2846,0
3300,2854,0
3312,2855,0
3319,2854,0
3323,2851,1
3404,2850,0
3398,2849,0
3400,2853,0
3402,2856,0
3404,2855,1
3764,2598,0
3761,2595,0
3763,2593,0
3762,2594,0
3765,2597,1
3772,2614,0
3769,2628,0
3771,2651,0
3769,2675,0
3771,2703,0
3771,2726,0
3772,2743,0
3779,2758,0
3782,2767,0
3785,2770,0
3787,2767,0
3787,2762,1
3693,2617,0
3691,2613,0
3695,2609,0
3706,2603,0
3723,2595,0
3747,2589,0
3773,2582,0
3795,2576,0
3818,2574,0
3836,2572,0
3848,2571,0
3861,2573,0
3875,2577,1
3998,2654,0
3998,2653,0
3998,2652,0
3999,2651,0
3997,2648,0
3990,2644,0
3978,2640,0
3964,2639,0
3950,2641,0
3940,2647,0
3928,2649,0
3928,2655,0
3924,2659,0
3923,2661,0
3922,2662,0
3922,2662,0
3923,2661,0
3927,2663,0
3924,2660,0
3924,2659,0
3924,2659,0
3924,2659,0
3924,2659,0
3924,2660,0
3923,2661,1
3740,2683,0
3737,2680,0
3744,2679,0
3749,2674,0
3759,2670,0
3776,2668,0
3789,2661,0
3808,2657,0
3823,2652,1
3969,2645,0
3964,2644,0
3960,2642,0
3954,2642,0
3945,2642,0
3930,2645,0
3918,2654,0
3906,2668,0
3896,2685,0
3892,2702,0
3892,2719,0
3901,2733,0
3920,2742,0
3941,2742,0
3966,2738,0
3990,2724,0
4012,2711,0
4024,2697,0
4029,2685,0
4034,2673,0
4032,2662,1
4053,2619,0
4053,2619,0
4053,2618,0
4058,2625,0
4062,2632,0
4072,2652,0
4075,2673,0
4075,2691,0
4075,2704,0
4075,2711,0
4075,2712,0
4079,2713,0
4077,2707,0
4073,2695,0
4069,2680,0
4067,2664,0
4064,2649,0
4061,2633,0
4065,2623,0
4072,2614,0
4082,2608,0
4097,2603,0
4114,2601,0
4131,2599,0
4150,2601,1
4513,2511,0
4515,2530,0
4517,2556,0
4524,2587,0
4534,2614,0
4539,2636,0
4542,2651,0
4547,2665,0
4543,2670,1
4487,2605,0
4483,2596,0
4485,2587,0
4492,2577,0
4509,2567,0
4529,2558,0
4554,2550,0
4579,2544,0
4606,2540,1
4671,2468,0
4675,2470,0
4674,2471,0
4678,2480,0
4683,2495,0
4690,2514,0
4698,2538,0
4698,2560,0
4705,2584,0
4708,2601,0
4710,2613,0
4714,2622,0
4713,2623,0
4713,2623,0
4714,2620,0
4709,2608,0
4705,2591,0
4710,2578,0
4719,2565,0
4727,2552,0
4740,2540,0
4756,2529,0
4775,2521,0
4792,2517,0
4813,2520,0
4833,2528,0
4849,2540,0
4866,2556,0
4880,2572,0
4891,2586,0
4898,2597,0
4903,2605,0
4905,2608,1
4900,2586,0
4897,2584,0
4907,2581,0
4914,2571,0
4929,2561,0
4946,2550,0
4962,2538,0
4970,2526,0
4977,2515,0
4973,2504,0
4973,2499,0
4965,2495,0
4958,2499,0
4944,2507,0
4930,2522,0
4917,2543,0
4911,2568,0
4912,2590,0
4923,2610,0
4942,2623,0
4970,2632,0
4998,2632,0
5037,2630,0
5067,2620,0
5094,2614,0
5113,2606,0
5127,2599,0
5135,2593,1
5306,2456,0
5304,2458,0
5300,2466,0
5303,2484,0
5309,2507,0
5315,2530,0
5320,2552,0
5330,2569,0
5330,2577,0
5330,2577,0
5335,2576,0
5335,2569,0
5325,2551,0
5327,2532,0
5322,2509,0
5320,2487,0
5320,2470,0
5325,2461,0
5328,2455,0
5334,2453,0
5341,2458,0
5356,2470,0
5364,2490,0
5376,2510,0
5385,2527,0
5390,2535,0
5389,2536,0
5390,2534,0
5391,2532,0
5400,2524,0
5405,2507,0
5421,2487,0
5435,2468,0
5450,2454,0
5467,2449,0
5477,2447,0
5488,2452,0
5496,2463,0
5505,2482,0
5515,2504,0
5525,2528,0
5531,2543,0
5542,2548,0
5557,2546,0
5573,2539,1
5677,2469,0
5679,2466,0
5673,2459,0
5668,2452,0
5658,2445,0
5647,2440,0
5631,2436,0
5608,2437,0
5588,2443,0
5573,2455,0
5565,2470,0
5565,2487,0
5566,2503,0
5577,2516,0
5588,2521,0
5605,2523,0
5617,2516,0
5635,2509,0
5650,2497,0
5660,2485,1
5684,2429,0
5683,2429,0
5684,2429,0
5684,2428,0
5688,2430,0
5692,2439,0
5698,2454,0
5698,2473,0
5696,2493,0
5697,2510,0
5697,2517,0
5698,2518,0
5698,2516,0
5701,2511,0
5699,2495,0
5700,2478,0
5697,2455,0
5702,2437,0
5709,2422,0
5716,2416,0
5718,2412,0
5718,2412,0
5725,2419,0
5730,2434,0
5728,2447,0
5727,2459,0
5721,2462,0
5721,2462,0
5722,2460,0
5721,2452,0
5726,2443,0
5737,2431,0
5747,2416,0
5765,2408,0
5781,2400,0
5804,2400,0
5820,2403,0
5837,2414,0
5851,2431,0
5863,2453,0
5871,2473,0
5885,2492,0
5890,2500,0
5901,2503,1
5893,2466,0
5889,2464,0
5894,2463,0
5895,2461,0
5911,2455,0
5929,2445,0
5948,2433,0
5967,2420,0
5979,2405,0
5988,2395,0
5992,2385,0
5991,2377,0
5984,2371,0
5972,2370,0
5957,2376,0
5944,2393,0
5926,2415,0
5917,2441,0
5921,2462,0
5933,2482,0
5954,2494,0
5982,2501,0
6005,2497,0
6034,2494,0
6053,2481,0
6068,2469,0
6075,2451,0
6076,2431,0
6073,2410,0
6070,2396,0
6061,2387,0
6061,2388,0
6061,2388,0
6058,2392,0
6065,2407,0
6069,2427,0
6071,2444,0
6075,2453,0
6078,2456,0
6081,2458,0
6079,2455,0
6077,2449,0
6074,2436,0
6072,2421,0
6078,2410,0
6078,2398,0
6091,2389,0
6103,2380,0
6113,2369,0
6128,2364,0
6146,2362,0
6166,2368,0
6179,2377,0
6193,2395,0
6209,2418,0
6217,2440,0
6230,2461,0
6232,2475,0
6234,2481,0
6234,2481,0
6238,2481,1
6261,2326,0
6262,2314,0
6267,2304,0
6271,2293,0
6278,2287,0
6279,2285,0
6278,2286,0
6275,2293,0
6272,2311,0
6269,2338,0
6266,2367,0
6263,2394,0
6270,2418,0
6274,2439,0
6276,2453,0
6282,2461,0
6281,2462,0
6281,2462,0
6279,2457,0
6275,2447,0
6264,2432,0
6252,2419,0
6244,2408,0
6239,2399,0
6234,2391,0
6236,2386,0
6238,2382,0
6239,2379,0
6249,2376,0
6264,2374,0
6285,2374,0
6307,2373,0
6333,2374,1