haven&apos;t a shred of evidence to prove
599
562,4030,0
562,4058,0
557,4074,0
554,4102,0
550,4129,0
547,4153,0
547,4174,0
549,4186,0
550,4190,0
552,4190,0
552,4186,0
556,4174,0
560,4159,0
566,4139,0
574,4116,0
586,4098,0
596,4083,0
608,4068,0
620,4061,0
629,4058,0
639,4068,0
646,4080,0
649,4097,0
651,4125,0
654,4150,0
657,4178,0
660,4199,0
665,4215,0
672,4224,0
688,4222,1
835,4093,0
831,4080,0
825,4076,0
815,4071,0
800,4070,0
782,4085,0
763,4100,0
750,4111,0
740,4126,0
737,4142,0
740,4154,0
748,4155,0
762,4159,0
776,4157,0
789,4150,0
803,4139,0
820,4124,0
833,4105,0
846,4093,0
855,4082,0
857,4074,0
859,4074,0
859,4078,0
856,4086,0
849,4106,0
846,4129,0
843,4146,0
846,4166,0
854,4179,1
947,4066,0
943,4078,0
944,4099,0
945,4118,0
948,4143,0
956,4159,0
962,4171,0
970,4179,0
981,4179,0
994,4172,0
1008,4152,0
1027,4128,0
1046,4104,0
1066,4073,0
1085,4053,0
1100,4032,0
1113,4016,1
1151,4108,0
1165,4103,0
1178,4095,0
1189,4095,0
1201,4087,0
1210,4079,0
1216,4066,0
1220,4066,0
1220,4058,0
1219,4054,0
1215,4054,0
1208,4054,0
1196,4055,0
1181,4067,0
1163,4084,0
1146,4104,0
1137,4123,0
1137,4140,0
1143,4156,0
1153,4164,0
1172,4167,0
1194,4167,0
1218,4158,0
1238,4145,0
1259,4136,1
1310,4061,0
1305,4082,0
1301,4102,0
1296,4123,0
1296,4147,0
1298,4159,0
1303,4167,0
1312,4170,0
1323,4165,0
1338,4160,0
1351,4143,0
1363,4126,0
1376,4109,0
1389,4092,0
1401,4080,0
1412,4075,0
1418,4070,0
1433,4133,0
1440,4140,0
1448,4147,0
1456,4138,1
1578,3855,0
1574,3872,0
1569,3896,0
1565,3913,0
1566,3929,1
1701,3917,0
1699,3937,0
1696,3963,0
1693,3995,0
1689,4025,0
1685,4053,0
1684,4077,0
1684,4102,0
1682,4118,1
1643,4023,0
1655,4022,0
1676,4015,0
1699,4011,0
1723,4007,1
2113,4037,0
2108,4030,0
2104,4027,0
2097,4029,0
2084,4032,0
2067,4040,0
2048,4058,0
2034,4078,0
2022,4093,0
2015,4111,0
2015,4123,0
2019,4122,0
2032,4123,0
2133,4048,0
2146,4036,0
2154,4029,0
2156,4029,0
2156,4034,0
2151,4047,0
2140,4063,1
2562,4017,0
2555,4024,0
2543,4029,0
2526,4030,0
2509,4036,0
2493,4043,0
2480,4051,0
2472,4058,0
2467,4065,0
2469,4073,0
2477,4083,0
2491,4090,0
2510,4101,0
2530,4106,0
2548,4112,0
2562,4115,0
2572,4120,0
2576,4131,0
2566,4131,0
2551,4140,0
2530,4149,0
2508,4152,0
2485,4152,0
2470,4153,0
2461,4143,1
2678,3944,0
2673,3967,0
2671,3995,0
2666,4018,0
2667,4048,0
2664,4067,0
2661,4077,0
2661,4085,0
2664,4092,0
2664,4092,0
2668,4087,0
2671,4073,0
2683,4068,0
2690,4052,0
2699,4035,0
2707,4019,0
2750,4057,0
2753,4077,0
2761,4100,0
2766,4111,0
2775,4124,0
2778,4118,0
2793,4121,1
2848,4080,0
2847,4097,0
2850,4109,0
2847,4106,0
2854,4108,0
2861,4095,0
2881,4082,0
2898,4061,0
2911,4036,0
2929,4028,0
2943,4017,0
2955,4007,0
2966,4001,1
3011,4059,0
3028,4061,0
3042,4048,0
3056,4037,0
3073,4033,0
3080,4016,0
3089,4007,0
3091,3996,0
3090,3992,0
3083,3987,0
3075,3991,0
3057,4000,0
3035,4017,0
3023,4048,0
3010,4069,0
3006,4084,0
3009,4092,0
3023,4103,0
3043,4106,0
3066,4103,0
3093,4095,1
3204,4018,0
3202,4019,0
3199,4020,0
3192,4024,0
3183,4033,0
3175,4046,0
3170,4063,0
3165,4079,0
3173,4093,0
3180,4094,0
3195,4090,0
3209,4073,0
3230,4058,0
3251,4041,0
3267,4014,0
3286,3990,0
3300,3962,0
3306,3931,0
3318,3919,0
3319,3906,0
3321,3904,0
3314,3899,0
3306,3909,0
3303,3937,0
3288,3965,0
3274,3995,0
3269,4036,0
3260,4069,0
3255,4094,1
3630,3974,0
3622,3973,0
3611,3976,0
3600,3988,0
3588,4005,0
3576,4028,0
3570,4046,0
3571,4064,0
3578,4079,0
3588,4086,0
3601,4087,0
3618,4086,0
3631,4073,0
3646,4058,0
3660,4039,0
3669,4020,0
3681,4006,0
3680,3987,0
3677,3970,0
3674,3962,0
3670,3961,1
3831,3865,0
3822,3867,0
3815,3877,0
3804,3890,0
3793,3913,0
3793,3948,0
3788,3976,0
3785,4007,0
3781,4029,1
3754,3979,0
3756,3983,0
3766,3981,0
3782,3980,0
3797,3975,0
3819,3974,0
3851,3974,0
3878,3970,0
3911,3966,1
4175,3998,0
4197,3991,0
4210,3975,0
4220,3962,0
4229,3954,0
4229,3948,0
4222,3939,0
4214,3935,0
4198,3933,0
4184,3940,0
4163,3947,0
4141,3964,0
4119,3986,0
4099,4013,0
4097,4046,0
4089,4056,0
4108,4077,0
4118,4079,0
4144,4079,0
4168,4070,0
4201,4064,1
4386,3942,0
4373,3957,0
4366,3980,0
4355,4005,0
4341,4022,0
4329,4038,0
4326,4055,0
4316,4058,0
4312,4056,1
4348,3964,0
4369,3988,0
4380,4004,0
4399,4024,0
4417,4042,1
4546,3997,0
4546,4013,0
4544,4025,0
4548,4044,0
4547,4049,1
4558,3828,0
4559,3826,0
4555,3819,0
4558,3816,0
4558,3805,1
4717,3974,0
4709,3976,0
4701,3984,0
4687,3997,0
4670,4008,0
4653,4024,0
4643,4038,0
4637,4050,0
4640,4063,0
4647,4067,0
4659,4067,0
4675,4058,0
4692,4041,0
4717,4024,0
4737,3999,0
4759,3973,0
4777,3938,0
4793,3906,0
4811,3882,0
4823,3865,0
4825,3851,0
4824,3847,0
4826,3851,0
4821,3855,0
4810,3872,0
4800,3899,0
4794,3928,0
4790,3959,0
4788,3983,0
4793,4007,0
4799,4018,0
4811,4023,0
4829,4027,0
4843,4019,0
4862,4007,0
4879,3995,0
4888,3975,0
4900,3958,0
4908,3944,0
4909,3932,0
4905,3923,0
4901,3921,0
4896,3922,0
4888,3930,0
4874,3945,0
4857,3966,0
4850,3996,0
4847,4020,0
4849,4036,0
4858,4049,0
4871,4053,0
4888,4053,0
4910,4049,1
4983,3964,0
4977,3981,0
4980,4003,0
4977,4016,0
4978,4027,0
4982,4034,0
4984,4032,0
4989,4027,0
4999,4016,0
5009,4000,0
5022,3987,0
5032,3971,0
5042,3954,0
5057,3945,0
5069,3939,0
5079,3939,0
5082,3941,0
5087,3953,0
5086,3966,0
5086,3984,0
5091,4001,0
5094,4015,0
5105,4027,0
5110,4028,0
5120,4023,1
5195,3950,0
5184,3974,0
5175,3993,0
5172,4010,0
5173,4020,0
5182,4028,0
5200,4032,0
5220,4028,0
5240,4017,0
5265,4008,0
5291,3993,0
5310,3977,0
5329,3963,0
5342,3947,0
5353,3936,0
5357,3925,0
5359,3923,0
5355,3916,0
5349,3916,0
5340,3919,0
5327,3935,0
5314,3955,0
5303,3979,0
5305,4001,0
5310,4019,0
5322,4029,0
5342,4037,0
5371,4041,0
5399,4040,1
5659,3767,0
5660,3786,0
5655,3812,0
5644,3844,0
5639,3877,0
5636,3911,0
5636,3943,0
5637,3973,0
5640,4000,1
5581,3916,0
5584,3917,0
5596,3916,0
5612,3916,0
5632,3910,0
5657,3911,0
5690,3909,0
5718,3906,0
5745,3905,1
5832,3911,0
5828,3915,0
5821,3918,0
5813,3921,0
5808,3928,0
5805,3938,0
5800,3950,0
5803,3966,0
5807,3980,0
5814,3991,0
5831,3995,0
5855,3997,0
5875,3986,0
5886,3970,0
5906,3958,0
5914,3942,0
5916,3925,0
5914,3916,0
5906,3913,0
5896,3912,0
5888,3916,1
6171,3954,0
6164,3976,0
6163,4005,0
6152,4032,0
6150,4061,0
6143,4078,0
6143,4090,0
6145,4094,0
6145,4094,0
6146,4086,0
6152,4066,0
6160,4041,0
6172,4014,0
6184,3991,0
6196,3966,0
6203,3944,0
6218,3924,0
6235,3906,0
6244,3894,0
6256,3893,0
6275,3901,0
6281,3911,0
6286,3926,0
6280,3940,0
6268,3957,0
6254,3976,0
6237,3986,0
6218,3992,0
6201,3994,0
6192,3986,0
6187,3973,0
6186,3954,0
6194,3931,1
6336,3925,0
6336,3938,0
6332,3958,0
6328,3976,0
6324,3988,0
6325,3995,0
6324,3996,0
6324,3995,0
6330,3994,0
6334,3976,0
6345,3954,0
6359,3941,0
6373,3928,1
6529,3928,0
6527,3925,0
6519,3921,0
6511,3919,0
6507,3924,0
6500,3934,0
6492,3947,0
6495,3964,0
6497,3974,0
6503,3979,0
6515,3983,0
6522,3981,0
6532,3973,0
6545,3962,0
6551,3945,0
6562,3930,0
6568,3913,1
6639,3959,0
6640,3980,0
6639,3995,0
6640,4013,0
6647,4017,0
6654,4022,0
6666,4019,0
6675,4005,0
6691,3983,0
6707,3958,0
6723,3935,0
6737,3921,0
6743,3912,1
6764,3960,0
6776,3957,0
6792,3947,0
6806,3939,0
6824,3927,0
6840,3917,0
6854,3903,0
6863,3889,0
6869,3880,0
6867,3875,0
6867,3876,0
6861,3877,0
6845,3886,0
6829,3905,0
6814,3920,0
6802,3945,0
6790,3964,0
6786,3985,0
6793,4002,0
6814,4015,0
6839,4020,1