him a chance, old chap.
403
1259,2594,0
1259,2606,0
1257,2622,0
1254,2654,0
1252,2695,0
1250,2731,0
1250,2759,0
1253,2774,0
1261,2782,0
1273,2782,0
1294,2776,0
1316,2758,0
1342,2735,0
1368,2717,0
1389,2710,0
1400,2712,0
1404,2724,0
1405,2744,0
1403,2760,0
1406,2776,0
1412,2784,0
1423,2782,0
1436,2777,0
1451,2770,0
1461,2760,1
1519,2691,0
1519,2695,0
1517,2700,0
1519,2707,0
1522,2719,1
1537,2602,0
1535,2598,0
1536,2598,0
1535,2594,0
1539,2598,1
1610,2661,0
1614,2664,0
1616,2668,0
1622,2683,0
1624,2695,0
1623,2711,0
1621,2728,0
1621,2744,0
1621,2748,0
1628,2751,0
1636,2745,0
1649,2731,0
1664,2706,0
1686,2692,0
1703,2680,0
1717,2677,0
1725,2679,0
1729,2686,0
1729,2695,0
1733,2706,0
1736,2709,0
1740,2713,0
1746,2715,0
1753,2709,0
1764,2706,0
1775,2695,0
1789,2691,0
1803,2691,0
1812,2692,0
1819,2700,0
1824,2710,0
1826,2717,0
1831,2725,1
2297,2673,0
2304,2673,0
2312,2674,0
2316,2663,0
2327,2658,1
2335,2632,0
2327,2627,0
2315,2623,0
2299,2622,0
2282,2626,0
2260,2637,0
2233,2654,0
2212,2677,0
2195,2693,0
2190,2704,0
2190,2704,0
2198,2704,0
2212,2703,0
2225,2693,0
2241,2682,0
2255,2671,0
2270,2668,0
2276,2665,0
2279,2668,0
2281,2675,0
2280,2685,0
2279,2695,0
2281,2702,0
2285,2709,1
2685,2608,0
2688,2606,0
2689,2606,0
2689,2601,0
2685,2598,0
2678,2598,0
2663,2603,0
2642,2618,0
2618,2637,0
2595,2660,0
2579,2684,0
2576,2704,0
2579,2717,0
2598,2729,0
2623,2728,0
2654,2719,0
2688,2707,1
2811,2526,0
2813,2544,0
2811,2565,0
2814,2598,0
2809,2625,0
2808,2651,0
2811,2673,0
2811,2683,0
2818,2688,0
2831,2684,0
2850,2671,0
2873,2649,0
2893,2624,0
2912,2610,0
2924,2606,0
2927,2603,0
2931,2610,0
2934,2619,0
2937,2626,0
2945,2635,0
2956,2642,1
3131,2595,0
3132,2589,0
3132,2582,0
3131,2574,0
3127,2567,0
3117,2563,0
3104,2565,0
3087,2574,0
3066,2586,0
3052,2608,0
3037,2625,0
3035,2637,0
3035,2642,0
3044,2645,0
3055,2641,0
3070,2629,0
3092,2617,0
3112,2605,0
3127,2597,0
3136,2596,0
3136,2596,0
3136,2601,0
3135,2612,0
3134,2623,0
3136,2632,1
3217,2545,0
3221,2552,0
3222,2563,0
3221,2574,0
3223,2589,0
3221,2596,0
3225,2603,0
3231,2608,0
3242,2610,0
3250,2602,0
3268,2596,0
3280,2586,0
3296,2583,0
3305,2579,0
3314,2581,0
3320,2586,0
3327,2591,1
3523,2522,0
3527,2519,0
3531,2514,0
3532,2508,0
3532,2502,0
3529,2499,0
3520,2497,0
3506,2499,0
3489,2505,0
3472,2518,0
3455,2535,0
3442,2554,0
3436,2572,0
3438,2585,0
3450,2596,0
3473,2602,0
3503,2600,0
3543,2594,0
3581,2583,0
3621,2570,0
3656,2556,0
3683,2539,0
3697,2523,0
3706,2513,0
3706,2507,0
3695,2502,0
3679,2502,0
3658,2507,0
3636,2519,0
3622,2535,0
3606,2545,0
3605,2557,0
3617,2568,0
3631,2571,0
3661,2575,0
3692,2571,0
3719,2565,1
3923,2593,0
3923,2593,0
3925,2596,0
3927,2601,0
3927,2613,0
3925,2634,0
3916,2657,0
3903,2677,0
3892,2689,1
4344,2557,0
4352,2553,0
4363,2550,0
4367,2545,0
4369,2536,1
4344,2509,0
4324,2504,0
4299,2503,0
4268,2505,0
4245,2516,0
4222,2528,0
4205,2543,0
4193,2552,0
4201,2561,0
4218,2565,0
4244,2563,0
4278,2559,0
4306,2548,0
4336,2541,0
4350,2535,0
4354,2530,0
4355,2529,0
4351,2527,0
4352,2526,0
4350,2521,1
4396,2428,0
4398,2432,0
4397,2440,0
4397,2454,0
4396,2476,0
4395,2500,0
4390,2521,0
4391,2540,0
4394,2557,1
4606,2519,0
4605,2511,0
4604,2506,0
4599,2499,0
4590,2497,0
4571,2498,0
4554,2508,0
4527,2519,0
4510,2538,0
4495,2552,0
4495,2567,0
4497,2578,0
4512,2584,0
4531,2585,0
4555,2578,0
4579,2563,0
4610,2547,0
4630,2524,0
4652,2506,0
4665,2486,0
4671,2468,0
4674,2457,0
4672,2452,0
4671,2454,0
4664,2457,0
4657,2469,0
4648,2490,0
4647,2513,0
4649,2532,0
4661,2551,0
4680,2566,0
4702,2575,0
4726,2582,1
5277,2508,0
5278,2505,0
5277,2499,0
5275,2494,0
5274,2488,0
5267,2485,0
5251,2480,0
5233,2479,0
5212,2485,0
5195,2497,0
5172,2514,0
5162,2532,0
5163,2547,0
5179,2557,0
5209,2563,0
5251,2562,0
5296,2555,0
5339,2545,0
5372,2534,0
5396,2524,0
5410,2514,1
5368,2371,0
5367,2372,0
5370,2376,0
5373,2389,0
5372,2407,0
5369,2429,0
5365,2455,0
5362,2478,0
5368,2500,0
5373,2516,0
5390,2528,0
5408,2535,0
5426,2536,0
5446,2533,0
5462,2528,0
5480,2526,0
5493,2529,0
5501,2531,0
5508,2536,0
5511,2538,0
5517,2545,0
5531,2550,0
5540,2551,0
5558,2552,0
5573,2549,1
5698,2499,0
5696,2495,0
5694,2489,0
5693,2482,0
5687,2477,0
5672,2472,0
5653,2473,0
5632,2478,0
5614,2487,0
5595,2498,0
5581,2508,0
5584,2519,0
5589,2526,0
5600,2531,0
5618,2531,0
5642,2528,0
5668,2524,0
5688,2519,0
5702,2518,0
5706,2518,0
5709,2521,0
5710,2527,0
5711,2536,0
5712,2542,0
5714,2547,1
5815,2479,0
5811,2478,0
5815,2480,0
5816,2486,0
5820,2498,0
5816,2513,0
5818,2536,0
5814,2563,0
5816,2593,0
5822,2626,0
5826,2651,0
5833,2674,0
5834,2689,0
5835,2696,0
5834,2699,0
5838,2697,0
5835,2688,0
5835,2669,0
5839,2646,0
5839,2617,0
5839,2584,0
5845,2555,0
5853,2528,0
5862,2501,0
5884,2483,0
5902,2472,0
5923,2467,0
5943,2471,0
5956,2480,0
5960,2492,0
5961,2508,0
5957,2525,0
5943,2536,0
5930,2545,0
5916,2546,0
5911,2548,0
5899,2543,1
6116,2555,0
6116,2555,0
6116,2555,0
6116,2555,0
6119,2556,1