anything possible. At 10 o&apos;clock Mary
645
502,3969,0
495,3968,0
485,3966,0
472,3976,0
461,3995,0
451,4013,0
443,4036,0
436,4075,0
431,4116,0
432,4148,0
465,4138,0
488,4097,0
506,4042,0
509,3986,0
511,3962,0
516,3959,0
524,3973,0
535,3994,0
545,4032,0
555,4069,0
567,4103,0
576,4113,0
582,4093,0
590,4054,0
593,3993,0
591,3953,0
591,3945,0
594,3954,0
603,3971,0
614,3996,0
626,4029,0
638,4064,0
651,4093,0
662,4098,0
672,4080,0
682,4052,0
694,4021,0
707,3998,0
719,3983,0
726,3988,0
733,3993,0
741,4013,0
747,4034,0
752,4058,0
756,4075,0
761,4088,0
773,4080,1
793,3970,0
796,3970,0
799,3966,0
803,3971,0
810,3978,0
815,3995,0
823,4020,0
836,4057,0
849,4089,0
856,4106,0
857,4098,0
855,4062,0
859,4019,0
854,3974,0
854,3950,0
858,3946,0
866,3954,0
883,3983,0
897,4029,0
907,4088,0
915,4157,0
920,4242,0
904,4321,0
880,4384,0
869,4391,1
973,3691,0
986,3687,0
996,3696,0
1003,3723,0
1009,3776,0
1013,3840,0
1017,3920,0
1015,4004,0
1023,4092,0
1020,4152,0
1020,4180,0
1020,4176,0
1018,4148,1
971,3983,0
979,3987,0
993,3992,0
1010,3996,0
1030,3988,0
1052,3964,0
1075,3928,0
1099,3876,0
1117,3817,0
1125,3748,0
1118,3684,0
1100,3648,0
1087,3641,0
1081,3653,0
1076,3696,0
1082,3764,0
1093,3848,0
1105,3940,0
1115,4024,0
1126,4076,0
1139,4085,0
1149,4072,0
1161,4040,0
1172,4007,0
1176,3991,0
1181,3983,0
1188,3983,0
1200,4003,0
1212,4034,0
1228,4070,0
1240,4089,0
1251,4093,0
1261,4080,0
1272,4056,0
1283,4027,0
1293,4003,0
1295,3986,0
1297,3986,0
1302,3998,0
1308,4022,0
1316,4045,0
1327,4068,0
1337,4085,0
1348,4087,0
1358,4066,0
1370,4041,0
1384,4017,0
1395,4000,0
1401,3999,0
1411,4003,0
1418,4013,0
1425,4025,0
1433,4041,0
1445,4055,0
1456,4066,0
1469,4061,1
1623,4014,0
1631,4017,0
1633,4017,0
1631,4017,0
1626,4022,0
1612,4044,0
1598,4074,0
1588,4108,0
1582,4149,0
1573,4202,0
1565,4264,0
1563,4328,0
1572,4396,0
1582,4443,0
1593,4482,0
1599,4513,0
1595,4542,0
1578,4569,0
1552,4591,0
1522,4611,0
1502,4613,0
1495,4593,0
1509,4548,0
1551,4454,0
1594,4361,1
1163,3719,0
1179,3740,0
1181,3739,0
1186,3723,0
1191,3695,1
2043,3973,0
2043,4014,0
2035,4057,0
2040,4121,0
2043,4178,0
2048,4239,0
2051,4304,0
2049,4350,0
2047,4379,0
2052,4378,0
2053,4353,0
2055,4303,0
2062,4244,0
2070,4168,0
2078,4087,0
2088,4031,0
2096,3992,0
2105,3981,0
2119,3990,0
2128,4012,0
2125,4054,0
2111,4096,0
2088,4126,0
2063,4141,0
2041,4133,1
2191,4007,0
2201,4012,0
2211,4010,0
2226,4000,0
2241,3988,0
2263,3973,0
2282,3962,0
2294,3963,0
2299,3986,0
2291,4023,0
2274,4061,0
2248,4094,0
2222,4123,0
2198,4134,0
2185,4133,0
2176,4119,0
2181,4106,1
2416,3922,0
2424,3948,0
2416,3969,0
2402,3990,0
2386,4000,0
2374,4008,0
2365,4011,0
2360,4005,0
2361,4004,0
2367,4006,0
2377,4007,0
2391,4015,0
2405,4032,0
2408,4056,0
2400,4088,0
2379,4116,0
2360,4143,0
2348,4155,0
2344,4148,0
2353,4142,0
2353,4087,1
2516,3906,0
2524,3924,0
2522,3946,0
2511,3972,0
2494,3995,0
2478,4015,0
2466,4027,0
2464,4036,0
2461,4024,1
2486,4016,0
2505,4012,0
2525,4018,0
2538,4039,0
2536,4065,0
2527,4098,0
2513,4129,0
2499,4155,1
2616,4009,0
2618,4047,0
2617,4086,0
2615,4121,0
2612,4139,1
2627,3788,0
2634,3772,0
2635,3754,0
2643,3746,0
2651,3742,1
2722,3711,0
2726,3727,0
2722,3754,0
2719,3800,0
2724,3855,0
2725,3916,0
2725,3976,0
2730,4035,0
2736,4076,0
2739,4092,0
2746,4098,0
2755,4094,0
2769,4092,0
2774,4089,0
2779,4092,0
2776,4094,0
2770,4106,0
2749,4109,0
2729,4122,0
2709,4131,0
2697,4131,1
2823,3728,0
2832,3738,0
2835,3759,0
2840,3796,0
2844,3847,0
2845,3900,0
2848,3965,0
2850,4021,0
2857,4066,1
2900,4025,0
2914,4036,0
2930,4050,0
2953,4069,0
2978,4075,0
3001,4074,0
3023,4058,0
3037,4034,0
3039,4015,1
2980,3986,0
2964,3998,0
2956,4024,0
2953,4052,0
2959,4085,0
2974,4114,0
2999,4137,0
3035,4146,0
3076,4139,0
3109,4135,0
3125,4140,0
3139,4129,1
3161,4090,0
3162,4095,0
3165,4097,0
3165,4097,0
3170,4099,1
3399,4155,0
3409,4163,0
3416,4164,0
3421,4147,0
3429,4114,0
3442,4070,0
3450,4008,0
3453,3931,0
3461,3854,0
3463,3791,0
3462,3758,0
3462,3754,0
3467,3765,0
3474,3793,0
3487,3842,0
3499,3901,0
3508,3967,0
3518,4036,0
3526,4093,0
3530,4123,0
3532,4131,0
3537,4128,0
3535,4111,0
3531,4099,0
3517,4094,0
3490,4091,0
3460,4095,0
3430,4094,0
3406,4086,1
3633,3743,0
3645,3787,0
3646,3836,0
3647,3899,0
3645,3963,0
3643,4032,0
3635,4090,0
3629,4127,0
3627,4142,1
3590,4028,0
3588,4024,0
3591,4028,0
3594,4031,0
3603,4034,0
3614,4032,0
3634,4023,0
3659,4011,0
3689,4000,1
3993,4174,0
3997,4181,0
3995,4181,0
3992,4184,0
3990,4185,0
4001,4176,0
4012,4159,0
4027,4138,0
4048,4107,0
4067,4068,0
4091,4024,0
4109,3964,0
4132,3904,0
4143,3850,0
4150,3817,0
4155,3807,0
4159,3810,0
4171,3841,0
4178,3892,0
4185,3954,0
4200,4024,0
4204,4094,0
4202,4161,0
4196,4206,0
4188,4222,1
4193,3942,0
4198,3948,0
4205,3949,0
4210,3939,0
4221,3924,0
4234,3903,0
4244,3874,0
4259,3845,0
4278,3818,0
4298,3800,0
4319,3798,0
4338,3812,0
4356,3850,0
4376,3902,0
4386,3957,0
4386,4015,0
4371,4075,0
4340,4122,0
4309,4147,0
4281,4144,0
4248,4119,0
4227,4070,0
4219,4010,0
4225,3953,0
4241,3909,1
4604,4128,0
4603,4123,0
4608,4112,0
4621,4091,0
4637,4065,0
4661,4039,0
4683,4012,0
4706,3996,0
4721,3998,0
4728,4014,0
4729,4051,0
4727,4091,0
4715,4140,0
4685,4179,0
4656,4205,0
4631,4205,0
4614,4177,1
4883,3763,0
4891,3777,0
4889,3796,0
4879,3825,0
4869,3863,1
4965,4063,0
4976,4068,0
4980,4070,0
4975,4070,0
4957,4076,0
4936,4085,0
4913,4090,0
4894,4104,0
4880,4123,0
4866,4147,0
4861,4174,0
4866,4202,0
4871,4220,0
4898,4233,0
4923,4236,0
4962,4232,0
5004,4209,0
5049,4165,0
5079,4099,0
5096,4043,0
5099,3982,0
5098,3925,0
5100,3881,0
5094,3853,0
5091,3845,0
5088,3853,0
5084,3882,0
5079,3922,0
5079,3974,0
5074,4032,0
5069,4087,0
5076,4138,0
5078,4170,0
5082,4188,0
5086,4196,0
5090,4198,0
5101,4186,1
5157,4140,0
5157,4140,0
5160,4138,0
5168,4135,0
5173,4119,0
5185,4107,0
5194,4085,0
5209,4069,0
5219,4064,0
5233,4079,0
5233,4109,0
5226,4157,0
5207,4204,0
5184,4245,0
5166,4263,0
5154,4253,0
5154,4219,1
5349,4071,0
5351,4070,0
5350,4076,0
5332,4090,0
5319,4116,0
5305,4143,0
5294,4172,0
5286,4202,0
5291,4227,0
5299,4242,0
5311,4241,0
5335,4238,0
5362,4215,0
5392,4179,0
5422,4140,0
5436,4095,0
5441,4040,0
5434,3983,0
5429,3921,0
5428,3861,0
5425,3827,0
5427,3818,0
5431,3827,0
5441,3839,0
5448,3863,0
5449,3898,0
5448,3954,0
5440,4024,0
5432,4080,0
5429,4109,0
5431,4107,0
5438,4093,0
5441,4071,0
5443,4056,0
5449,4051,0
5452,4053,0
5446,4065,0
5439,4092,0
5426,4123,0
5416,4153,0
5409,4172,0
5405,4182,0
5408,4185,0
5412,4186,0
5419,4190,0
5436,4196,0
5458,4196,0
5486,4189,0
5518,4182,0
5561,4176,0
5600,4169,0
5631,4164,0
5670,4151,1
5872,4246,0
5877,4246,0
5880,4238,0
5885,4213,0
5892,4179,0
5892,4129,0
5894,4069,0
5898,4000,0
5892,3931,0
5890,3881,0
5894,3855,0
5902,3847,0
5914,3851,0
5937,3867,0
5958,3884,0
5986,3901,0
6015,3909,0
6042,3901,0
6073,3892,0
6096,3875,0
6112,3866,0
6121,3874,0
6126,3906,0
6128,3958,0
6123,4017,0
6120,4074,0
6110,4139,0
6096,4196,0
6091,4226,1
6243,4085,0
6253,4085,0
6250,4082,0
6252,4086,0
6237,4099,0
6214,4116,0
6192,4138,0
6170,4167,0
6151,4197,0
6137,4221,0
6138,4232,0
6147,4228,0
6167,4208,0
6196,4191,0
6224,4168,0
6250,4162,0
6261,4160,0
6273,4169,0
6280,4188,0
6288,4210,0
6293,4237,0
6305,4259,0
6313,4268,0
6330,4267,0
6347,4251,0
6364,4223,0
6372,4192,0
6374,4171,0
6373,4157,0
6367,4152,0
6363,4145,0
6350,4128,0
6346,4108,0
6341,4088,0
6337,4073,0
6338,4065,0
6346,4067,0
6358,4071,0
6379,4083,0
6398,4092,0
6416,4094,0
6436,4093,0
6456,4086,0
6473,4075,0
6488,4062,0
6497,4051,0
6502,4043,0
6507,4044,0
6511,4051,0
6510,4061,0
6509,4075,0
6507,4097,0
6509,4122,0
6508,4144,0
6517,4152,0
6524,4149,0
6536,4133,0
6556,4112,0
6572,4089,0
6587,4063,0
6601,4036,0
6614,4010,0
6624,4001,0
6630,4007,0
6636,4033,0
6650,4077,0
6662,4122,0
6670,4187,0
6666,4254,0
6659,4317,0
6630,4368,0
6589,4383,0
6534,4383,1