Lawyer&apos;s secretary is a close
851
637,4136,0
638,4132,0
637,4135,0
639,4132,0
642,4132,0
646,4121,0
654,4110,0
663,4082,0
675,4068,0
689,4057,0
702,4042,0
714,4023,0
725,4004,0
731,3988,0
733,3973,0
733,3969,0
729,3960,0
723,3960,0
716,3963,0
710,3966,0
706,3982,0
702,3994,0
701,4018,0
702,4034,0
700,4058,0
709,4075,0
711,4095,0
704,4123,0
709,4156,0
716,4184,0
722,4209,0
722,4229,0
716,4244,0
708,4256,0
697,4258,0
687,4254,0
678,4253,0
667,4240,0
659,4227,0
692,4170,0
701,4171,0
716,4180,0
728,4185,0
741,4198,0
756,4208,0
769,4221,0
781,4222,0
796,4227,0
810,4227,0
823,4224,0
834,4209,0
845,4198,0
855,4186,0
865,4167,0
875,4155,0
887,4143,0
898,4136,0
912,4129,0
924,4121,0
937,4121,0
949,4122,0
957,4122,0
962,4123,0
965,4123,0
962,4127,0
962,4123,0
958,4123,0
951,4127,0
937,4126,0
923,4126,0
906,4133,0
889,4140,0
873,4151,0
854,4158,0
847,4177,0
847,4190,0
851,4210,0
866,4227,0
880,4248,0
890,4261,0
896,4264,0
905,4261,0
916,4261,0
925,4249,0
934,4237,0
945,4222,0
949,4198,0
955,4183,0
955,4167,0
958,4167,0
958,4162,0
957,4167,0
955,4170,0
957,4183,0
967,4203,0
977,4219,0
985,4227,0
995,4236,0
1006,4232,0
1017,4224,0
1028,4213,0
1039,4200,0
1050,4181,0
1058,4164,0
1066,4152,0
1071,4140,0
1073,4140,0
1076,4140,0
1078,4140,0
1081,4152,0
1083,4161,0
1085,4185,0
1084,4200,0
1087,4220,0
1088,4225,0
1090,4228,0
1090,4232,0
1093,4229,0
1098,4220,0
1106,4213,0
1114,4196,0
1122,4180,0
1129,4168,0
1136,4148,0
1143,4135,0
1153,4123,0
1158,4116,0
1162,4111,0
1162,4107,0
1162,4111,0
1160,4111,0
1160,4111,0
1159,4116,0
1154,4119,0
1148,4128,0
1143,4144,0
1140,4156,0
1138,4172,0
1141,4188,0
1146,4208,0
1147,4224,0
1156,4240,0
1167,4247,0
1180,4247,0
1192,4247,0
1201,4239,0
1213,4226,0
1220,4210,0
1225,4198,0
1226,4181,0
1226,4170,0
1225,4162,0
1223,4162,0
1220,4154,0
1220,4154,0
1220,4154,0
1220,4150,0
1220,4154,0
1221,4154,0
1221,4154,0
1224,4154,0
1224,4158,0
1224,4154,0
1225,4154,0
1227,4158,0
1226,4157,0
1224,4154,0
1225,4158,0
1226,4157,0
1226,4157,0
1225,4154,0
1227,4154,0
1228,4154,0
1228,4154,0
1227,4154,0
1227,4154,0
1223,4154,0
1225,4154,0
1225,4154,0
1227,4154,0
1227,4154,0
1227,4154,0
1225,4150,0
1230,4150,0
1237,4154,0
1245,4153,0
1251,4152,0
1254,4157,0
1261,4160,0
1270,4164,0
1278,4159,0
1288,4155,0
1299,4154,0
1307,4150,0
1318,4149,0
1329,4145,0
1336,4136,0
1346,4131,0
1351,4128,0
1353,4131,0
1353,4131,0
1351,4127,0
1350,4127,0
1350,4131,0
1345,4139,0
1336,4156,0
1329,4181,0
1321,4205,0
1319,4229,0
1319,4245,0
1327,4256,0
1340,4260,0
1353,4251,0
1373,4238,0
1393,4213,0
1406,4191,0
1416,4166,0
1424,4146,0
1432,4137,0
1437,4132,0
1443,4135,0
1459,4146,0
1463,4167,0
1476,4197,0
1488,4236,0
1497,4271,0
1497,4308,0
1491,4348,0
1481,4381,0
1476,4410,0
1467,4418,0
1457,4420,0
1447,4408,0
1442,4393,0
1438,4377,0
1441,4357,0
1445,4328,0
1453,4299,0
1467,4270,0
1483,4248,0
1500,4222,0
1518,4196,0
1537,4175,0
1550,4153,0
1559,4135,0
1563,4119,0
1563,4103,0
1559,4092,0
1555,4087,0
1538,4082,0
1525,4092,0
1512,4105,0
1504,4121,0
1500,4138,0
1502,4159,0
1507,4178,0
1517,4189,0
1529,4199,0
1546,4202,0
1561,4196,0
1575,4190,0
1592,4180,0
1608,4166,0
1624,4159,0
1638,4157,0
1646,4160,0
1653,4167,0
1658,4179,0
1664,4191,0
1667,4194,0
1669,4193,0
1668,4193,0
1662,4191,0
1653,4176,0
1645,4152,0
1638,4129,0
1631,4110,0
1628,4094,0
1630,4082,0
1634,4077,0
1648,4071,0
1669,4076,0
1691,4081,0
1710,4090,0
1725,4099,0
1736,4106,0
1745,4112,0
1747,4109,0
1751,4099,1
1855,3892,0
1857,3896,0
1858,3900,0
1858,3900,0
1853,3913,0
1842,3932,0
1836,3954,0
1828,3976,0
1826,3997,1
1945,4086,0
1949,4077,0
1954,4072,0
1950,4060,0
1949,4053,0
1937,4051,0
1918,4051,0
1901,4058,0
1888,4070,0
1883,4083,0
1942,4164,0
1950,4179,0
1952,4195,0
1951,4203,0
1947,4213,0
1940,4218,0
1930,4220,0
1917,4223,0
1903,4225,0
1889,4224,0
1877,4222,0
1867,4220,0
1862,4222,0
1857,4214,1
2194,4110,0
2198,4113,0
2205,4111,0
2214,4104,0
2226,4092,0
2240,4075,0
2246,4057,0
2247,4044,0
2247,4036,0
2248,4040,0
2247,4036,0
2248,4040,0
2247,4040,0
2247,4044,0
2249,4052,0
2256,4075,0
2260,4095,0
2266,4123,0
2273,4158,0
2280,4190,0
2292,4223,0
2296,4239,0
2298,4242,0
2299,4242,0
2302,4237,0
2308,4218,0
2315,4200,0
2329,4183,0
2341,4158,0
2357,4140,0
2372,4123,0
2386,4106,0
2404,4095,0
2419,4082,0
2431,4070,0
2440,4062,0
2447,4059,0
2452,4057,0
2458,4060,0
2458,4056,0
2462,4058,0
2460,4055,0
2461,4054,0
2460,4055,0
2460,4055,0
2460,4055,0
2460,4055,0
2462,4058,0
2461,4054,0
2460,4055,0
2462,4058,0
2461,4058,0
2459,4056,0
2458,4055,0
2460,4059,0
2458,4056,0
2458,4055,0
2458,4055,0
2459,4056,0
2459,4056,0
2461,4054,0
2458,4051,0
2460,4051,0
2462,4046,0
2464,4036,0
2463,4024,0
2460,4012,0
2454,4005,0
2449,4000,0
2443,3997,0
2437,3991,0
2430,3988,0
2425,3991,0
2418,3998,0
2412,4007,0
2406,4014,0
2401,4016,0
2399,4025,0
2395,4035,0
2391,4049,0
2388,4067,0
2387,4084,0
2385,4093,0
2386,4105,0
2389,4121,0
2248,4252,0
2261,4241,0
2558,4099,0
2573,4086,0
2588,4075,0
2602,4065,0
2616,4060,0
2628,4055,0
2636,4048,0
2644,4049,0
2639,4039,0
2637,4039,0
2634,4040,0
2627,4039,0
2620,4037,0
2609,4037,0
2599,4046,0
2585,4056,0
2573,4069,0
2560,4082,0
2547,4095,0
2543,4109,0
2531,4118,0
2530,4132,0
2526,4146,0
2521,4156,0
2528,4171,0
2537,4184,0
2548,4193,0
2559,4198,0
2573,4200,0
2586,4200,0
2864,4059,0
2871,4051,0
2873,4041,0
2872,4037,0
2871,4039,0
2864,4037,0
2852,4034,0
2843,4038,0
2830,4034,0
2823,4043,0
2814,4051,0
2804,4056,0
2801,4061,0
2799,4066,0
2799,4075,0
2796,4085,0
2796,4098,0
2800,4114,0
2804,4129,0
2806,4137,0
2815,4150,0
2823,4160,0
2832,4169,0
2841,4174,0
2854,4177,0
2864,4173,0
2876,4168,0
2890,4157,0
2904,4133,0
2917,4109,0
2929,4076,0
2942,4044,0
2951,4009,0
2958,3974,0
2964,3940,0
2964,3909,0
2965,3894,0
2967,3894,0
2967,3894,0
2967,3899,0
2967,3921,0
2967,3952,0
2966,3988,0
2966,4028,0
2969,4062,0
2975,4095,0
2977,4116,0
2980,4137,0
2982,4145,0
2984,4148,0
2987,4147,0
2993,4144,0
3002,4131,0
3011,4121,0
3016,4106,0
3026,4097,0
3037,4087,0
3047,4077,0
3061,4070,0
3072,4061,0
3087,4057,0
3096,4052,0
3104,4048,0
3110,4049,0
3111,4048,0
3110,4049,0
3110,4050,0
3107,4051,0
3098,4047,0
3091,4046,0
3080,4047,0
3068,4053,0
3056,4068,0
3043,4084,0
3039,4104,0
3033,4120,0
3033,4138,0
3033,4151,0
3041,4165,0
3048,4167,0
3060,4164,0
3074,4153,0
3086,4138,0
3098,4123,0
3106,4102,0
3114,4088,0
3119,4085,0
3122,4085,0
3124,4087,0
3131,4098,0
3138,4112,0
3150,4133,0
3159,4142,0
3173,4152,0
3186,4155,0
3200,4152,0
3214,4140,0
3226,4124,0
3233,4098,0
3242,4079,0
3246,4068,0
3247,4066,0
3250,4065,0
3255,4072,0
3262,4085,0
3266,4097,0
3271,4117,0
3277,4137,0
3281,4148,0
3281,4148,0
3281,4148,0
3277,4141,0
3274,4134,0
3266,4116,0
3259,4097,0
3255,4080,0
3252,4069,0
3251,4060,0
3253,4059,0
3259,4056,0
3272,4053,0
3284,4046,0
3301,4045,0
3316,4041,0
3332,4037,0
3348,4036,0
3358,4030,0
3370,4028,0
3376,4025,0
3378,4024,0
3378,4023,0
3377,4024,0
3377,4024,0
3373,4035,0
3364,4050,0
3360,4071,0
3358,4095,0
3361,4116,0
3369,4131,0
3382,4142,0
3395,4143,0
3411,4139,0
3426,4130,0
3440,4117,0
3450,4101,0
3461,4090,0
3467,4082,0
3472,4079,0
3477,4080,0
3484,4086,0
3491,4095,0
3501,4113,0
3509,4135,0
3517,4164,0
3527,4196,0
3537,4227,0
3547,4253,0
3556,4285,0
3556,4317,0
3549,4346,0
3537,4367,0
3522,4380,0
3508,4383,0
3490,4375,0
3477,4368,0
3466,4357,0
3457,4343,0
3452,4332,1
3732,4106,0
3733,4106,0
3735,4105,0
3735,4104,0
3739,4102,0
3746,4098,0
3750,4089,0
3761,4082,0
3773,4074,0
3782,4058,0
3793,4045,0
3801,4030,0
3806,4017,0
3809,4010,0
3809,4010,0
3812,4012,0
3810,4014,0
3805,4017,0
3795,4029,0
3786,4051,0
3774,4068,0
3771,4095,0
3773,4117,0
3781,4137,0
3792,4148,0
3802,4151,0
3817,4156,0
3828,4147,0
3839,4135,0
3849,4119,0
3860,4102,0
3863,4080,0
3867,4062,0
3872,4053,0
3871,4049,0
3875,4051,0
3877,4054,0
3877,4054,0
3882,4061,0
3883,4070,0
3889,4081,0
3889,4085,0
3888,4086,0
3888,4086,0
3892,4088,0
3891,4089,0
3888,4086,0
3887,4087,0
3888,4086,0
3887,4087,0
3889,4090,0
3887,4087,0
3889,4090,0
3891,4094,0
3888,4096,0
3892,4103,0
3899,4114,0
3902,4126,0
3902,4140,0
3905,4158,0
3903,4169,0
3904,4184,0
3897,4193,0
3890,4203,0
3880,4209,0
3873,4214,0
3864,4210,0
3859,4210,0
3853,4203,1
3774,3907,0
3774,3907,0
3775,3906,0
3776,3905,0
3782,3906,0
3784,3910,0
3788,3912,0
3795,3911,0
3795,3901,1
4272,4039,0
4272,4039,0
4264,4034,0
4259,4033,0
4244,4030,0
4224,4032,0
4195,4034,0
4164,4037,0
4143,4051,0
4129,4071,0
4115,4092,0
4111,4114,0
4116,4131,0
4126,4139,0
4138,4140,0
4153,4138,0
4170,4131,0
4186,4118,0
4204,4104,0
4218,4082,0
4231,4061,0
4242,4047,0
4256,4046,0
4264,4045,0
4273,4053,0
4280,4068,0
4285,4089,0
4291,4116,0
4297,4142,0
4303,4163,0
4305,4176,0
4312,4186,0
4311,4187,1
4661,4005,0
4653,4007,0
4647,4012,0
4644,4016,0
4635,4014,0
4623,4012,0
4612,4018,0
4597,4026,0
4579,4031,0
4570,4040,0
4556,4047,0
4544,4058,0
4526,4068,0
4519,4086,0
4507,4097,0
4503,4110,0
4502,4121,0
4507,4133,0
4520,4148,0
4533,4157,0
4546,4162,0
4569,4169,0
4588,4168,0
4610,4164,0
4633,4155,0
4657,4138,0
4678,4109,0
4705,4079,0
4727,4042,0
4746,4007,0
4763,3969,0
4769,3935,0
4771,3906,0
4768,3886,0
4765,3878,0
4755,3877,0
4746,3886,0
4736,3906,0
4722,3930,0
4712,3962,0
4704,3998,0
4702,4038,0
4700,4073,0
4707,4104,0
4716,4129,0
4722,4140,0
4735,4150,0
4746,4150,0
4760,4143,0
4779,4130,0
4797,4113,0
4817,4100,0
4832,4085,0
4850,4075,0
4858,4061,0
4870,4054,0
4871,4048,0
4874,4051,0
4869,4049,0
4866,4052,0
4854,4053,0
4848,4059,0
4835,4066,0
4825,4075,0
4817,4089,0
4813,4104,0
4808,4119,0
4811,4138,0
4818,4155,0
4830,4165,0
4843,4169,0
4859,4169,0
4875,4167,0
4888,4159,0
4901,4147,0
4912,4131,0
4918,4114,0
4920,4100,0
4916,4087,0
4910,4077,0
4901,4068,0
4893,4065,0
4888,4065,0
4890,4068,0
4888,4070,0
4892,4072,0
4905,4076,0
4918,4074,0
4939,4071,0
4956,4066,0
4974,4065,0
4987,4063,0
4999,4063,0
5011,4068,0
5018,4072,0
5027,4085,0
5028,4101,0
5033,4124,0
5038,4148,0
5038,4165,0
5043,4183,0
5042,4189,0
5043,4193,0
5047,4195,0
5051,4191,0
5064,4189,0
5081,4184,0
5096,4174,0
5116,4166,0
5131,4151,0
5148,4138,0
5160,4121,0
5171,4104,0
5175,4081,0
5181,4064,0
5175,4047,0
5166,4034,0
5152,4031,0
5137,4035,0
5126,4046,0
5116,4057,0
5114,4076,0
5115,4097,0
5120,4115,0
5134,4135,0
5147,4150,0
5158,4162,0
5163,4174,0
5167,4181,0
5168,4186,0
5168,4186,0
5176,4172,0
5179,4158,1