deal of trouble on her behalf, but had
695
1220,1389,0
1220,1397,0
1208,1394,0
1192,1392,0
1175,1397,0
1151,1403,0
1136,1419,0
1124,1436,0
1119,1460,1
1127,1492,0
1141,1500,0
1156,1503,0
1171,1498,0
1184,1488,0
1196,1471,0
1204,1447,0
1209,1418,0
1212,1390,0
1211,1361,0
1213,1341,0
1208,1322,0
1205,1310,0
1204,1307,0
1202,1307,0
1206,1318,0
1210,1341,0
1216,1373,0
1225,1409,0
1235,1443,0
1250,1478,0
1263,1505,0
1272,1524,0
1281,1538,1
1291,1479,0
1295,1483,0
1299,1479,0
1309,1473,0
1321,1462,0
1333,1447,0
1344,1433,0
1353,1419,0
1357,1406,0
1356,1394,0
1352,1387,0
1339,1377,0
1329,1380,0
1318,1390,0
1302,1401,0
1294,1423,0
1290,1443,0
1295,1463,0
1306,1477,0
1327,1486,0
1356,1493,1
1483,1388,0
1475,1387,0
1462,1387,0
1447,1395,0
1428,1405,0
1411,1421,0
1404,1445,0
1400,1462,0
1401,1474,0
1413,1483,0
1429,1487,0
1443,1480,0
1462,1470,0
1476,1454,0
1491,1437,0
1493,1414,0
1497,1401,0
1499,1392,0
1496,1385,0
1493,1381,0
1495,1385,0
1495,1393,0
1499,1413,0
1504,1436,0
1512,1459,0
1523,1481,0
1536,1498,0
1545,1507,0
1554,1512,1
1546,1280,0
1546,1276,0
1549,1278,0
1546,1279,0
1555,1298,0
1561,1321,0
1566,1348,0
1574,1380,0
1580,1413,0
1581,1438,0
1589,1464,0
1599,1486,0
1610,1500,1
1886,1362,0
1877,1359,0
1865,1363,0
1849,1368,0
1832,1378,0
1818,1397,0
1805,1418,0
1799,1440,0
1802,1462,0
1812,1479,0
1826,1485,0
1850,1488,0
1874,1484,0
1894,1471,0
1913,1456,0
1925,1438,0
1925,1418,0
1925,1404,0
1912,1389,0
1894,1381,0
1871,1377,0
1849,1382,0
1830,1394,0
1813,1409,0
1811,1429,1
1999,1274,0
1994,1271,0
1990,1275,0
1988,1287,0
1984,1305,0
1984,1331,0
1989,1363,0
1988,1394,0
1995,1433,0
2001,1468,0
2009,1501,0
2014,1527,0
2016,1545,1
1935,1445,0
1935,1441,0
1944,1439,0
1960,1438,0
1983,1437,1
2242,1269,0
2239,1272,0
2242,1286,0
2246,1307,0
2249,1331,0
2253,1361,0
2260,1393,0
2263,1424,0
2265,1454,0
2273,1481,0
2276,1498,0
2278,1508,0
2276,1510,1
2159,1420,0
2162,1418,0
2166,1414,0
2183,1411,0
2207,1410,0
2238,1409,0
2265,1405,0
2292,1402,0
2312,1399,1
2340,1380,0
2342,1392,0
2343,1407,0
2352,1427,0
2356,1445,1
2374,1484,0
2371,1476,0
2369,1466,0
2362,1450,0
2357,1433,0
2353,1414,0
2357,1398,0
2360,1383,0
2371,1372,0
2388,1365,0
2404,1359,0
2427,1358,1
2531,1353,0
2519,1348,0
2504,1348,0
2488,1354,0
2475,1370,0
2454,1388,0
2447,1414,0
2440,1433,0
2449,1453,0
2462,1468,0
2485,1479,0
2505,1480,0
2533,1479,0
2554,1468,0
2571,1454,0
2581,1437,0
2577,1416,0
2576,1399,0
2565,1386,0
2545,1374,0
2528,1370,1
2630,1369,0
2628,1365,0
2628,1365,0
2626,1368,0
2627,1379,0
2628,1398,0
2632,1418,0
2642,1438,0
2649,1455,0
2656,1464,0
2673,1471,0
2684,1469,0
2699,1463,0
2707,1447,0
2717,1428,0
2721,1408,0
2721,1388,0
2719,1371,0
2717,1360,0
2715,1356,0
2714,1357,0
2717,1360,0
2717,1374,0
2726,1394,0
2736,1416,0
2743,1438,0
2762,1460,0
2777,1474,0
2788,1479,1
2791,1266,0
2788,1264,0
2786,1267,0
2784,1277,0
2786,1295,0
2794,1319,0
2796,1346,0
2800,1375,0
2813,1405,0
2825,1428,0
2842,1447,0
2861,1460,0
2883,1465,0
2904,1463,0
2919,1455,0
2934,1442,0
2936,1426,0
2928,1408,0
2919,1393,0
2899,1379,0
2881,1370,0
2855,1366,0
2834,1368,0
2815,1373,0
2808,1383,1
2943,1247,0
2943,1247,0
2946,1252,0
2951,1266,0
2953,1286,0
2960,1312,0
2962,1340,0
2970,1372,0
2970,1401,0
2978,1427,0
2974,1447,0
2977,1463,0
2984,1474,1
3035,1441,0
3045,1441,0
3057,1438,0
3078,1433,0
3096,1428,0
3113,1416,0
3125,1403,0
3134,1389,0
3132,1376,0
3128,1366,0
3119,1359,0
3102,1356,0
3083,1358,0
3067,1368,0
3049,1381,0
3039,1397,0
3040,1418,0
3050,1441,0
3075,1460,0
3107,1477,0
3143,1488,1
3491,1387,0
3488,1382,0
3481,1380,0
3475,1381,0
3463,1387,0
3445,1399,0
3435,1417,0
3428,1436,0
3431,1456,0
3443,1470,0
3464,1480,0
3485,1483,0
3515,1479,0
3536,1466,0
3549,1449,0
3562,1431,0
3563,1411,0
3558,1396,0
3549,1386,0
3535,1380,0
3522,1378,0
3502,1381,0
3492,1394,0
3479,1410,0
3473,1430,1
3591,1363,0
3591,1364,0
3591,1372,0
3601,1389,0
3609,1408,0
3619,1426,0
3626,1438,0
3627,1445,0
3634,1448,0
3636,1447,0
3640,1438,0
3646,1423,0
3655,1406,0
3671,1392,0
3681,1379,0
3689,1372,0
3691,1368,0
3694,1370,0
3701,1384,0
3706,1402,0
3713,1423,0
3731,1443,0
3742,1457,0
3756,1465,0
3766,1469,1
3980,1278,0
3980,1278,0
3987,1283,0
3991,1295,0
4000,1317,0
4001,1346,0
4006,1376,0
4007,1403,0
4015,1427,0
4017,1443,0
4021,1452,0
4025,1453,0
4032,1450,0
4040,1438,0
4053,1418,0
4065,1399,0
4085,1382,0
4096,1365,0
4109,1355,0
4119,1351,0
4131,1354,0
4139,1365,0
4145,1382,0
4155,1404,0
4162,1425,1
4215,1434,0
4220,1434,0
4233,1432,0
4249,1426,0
4261,1417,0
4275,1404,0
4284,1389,0
4290,1375,0
4291,1361,0
4290,1352,0
4284,1346,0
4265,1341,0
4251,1342,0
4231,1351,0
4213,1363,0
4198,1381,0
4190,1400,0
4200,1420,0
4211,1434,0
4225,1443,0
4248,1448,1
4316,1350,0
4312,1348,0
4312,1350,0
4318,1358,0
4325,1372,0
4336,1389,0
4350,1406,0
4358,1420,0
4367,1431,0
4368,1438,0
4372,1442,0
4367,1442,0
4372,1440,0
4368,1428,0
4362,1412,0
4360,1394,0
4357,1377,0
4363,1363,0
4367,1350,0
4375,1339,0
4398,1333,1
4715,1251,0
4719,1252,0
4718,1255,0
4720,1264,0
4719,1283,0
4724,1303,0
4725,1329,0
4725,1354,0
4737,1382,0
4743,1401,0
4763,1420,0
4780,1430,0
4800,1433,0
4821,1432,0
4837,1423,0
4850,1412,0
4858,1399,0
4858,1384,0
4851,1370,0
4838,1357,0
4820,1348,0
4795,1345,0
4770,1344,0
4756,1348,0
4742,1353,1
4923,1380,0
4935,1369,0
4947,1357,0
4954,1347,0
4956,1338,0
4955,1331,0
4944,1325,0
4936,1324,0
4922,1328,0
4903,1334,0
4891,1348,0
4876,1365,0
4875,1385,0
4882,1402,0
4898,1417,0
4924,1428,0
4952,1433,1
4982,1262,0
4986,1264,0
4988,1274,0
4996,1290,0
5009,1315,0
5018,1341,0
5027,1369,0
5036,1392,0
5039,1409,0
5044,1420,0
5047,1423,0
5052,1423,0
5050,1417,0
5057,1405,0
5067,1387,0
5079,1375,0
5086,1365,0
5096,1360,0
5097,1358,0
5101,1360,0
5110,1370,0
5118,1384,0
5125,1402,0
5132,1421,0
5143,1438,1
5243,1369,0
5237,1364,0
5233,1362,0
5220,1363,0
5206,1368,0
5190,1380,0
5173,1394,0
5165,1409,0
5160,1424,0
5161,1435,0
5175,1445,0
5191,1447,0
5204,1443,0
5224,1435,0
5237,1419,0
5247,1401,0
5257,1382,0
5256,1368,0
5255,1358,0
5253,1353,0
5253,1353,0
5252,1355,0
5253,1365,0
5253,1381,0
5259,1401,0
5270,1421,0
5282,1438,0
5289,1452,0
5300,1461,1
5330,1247,0
5330,1247,0
5337,1257,0
5344,1275,0
5346,1299,0
5350,1329,0
5358,1362,0
5361,1394,0
5360,1426,1
5543,1239,0
5532,1230,0
5517,1225,0
5504,1227,0
5486,1235,0
5475,1248,0
5462,1268,0
5459,1295,0
5454,1329,0
5452,1365,0
5462,1405,0
5469,1439,0
5484,1470,0
5499,1494,0
5509,1512,0
5515,1523,0
5513,1531,1
5395,1409,0
5396,1404,0
5405,1401,0
5427,1397,0
5457,1394,0
5494,1394,0
5523,1393,0
5552,1394,0
5577,1393,1
5650,1418,0
5656,1426,0
5659,1442,0
5660,1467,0
5657,1494,1
5863,1293,0
5860,1290,0
5860,1290,0
5867,1293,0
5864,1304,0
5868,1323,0
5870,1348,0
5875,1377,0
5880,1406,0
5886,1433,0
5896,1456,0
5908,1472,0
5926,1483,0
5942,1485,0
5960,1481,0
5976,1469,0
5984,1455,0
5984,1437,0
5984,1423,0
5974,1410,0
5960,1400,0
5945,1394,0
5925,1393,0
5907,1398,0
5901,1407,1
6043,1382,0
6039,1382,0
6038,1387,0
6038,1401,0
6042,1417,0
6042,1435,0
6051,1450,0
6060,1462,0
6067,1464,0
6076,1462,0
6087,1455,0
6095,1440,0
6103,1420,0
6112,1404,0
6116,1389,0
6118,1380,0
6119,1374,0
6119,1375,0
6119,1376,0
6124,1387,0
6132,1406,0
6139,1426,0
6155,1445,0
6164,1459,0
6174,1464,1
6214,1281,0
6218,1281,0
6216,1290,0
6220,1308,0
6227,1334,0
6237,1362,0
6250,1393,0
6259,1422,0
6265,1449,1
6180,1375,0
6181,1373,0
6194,1372,0
6214,1372,0
6247,1374,0
6278,1376,0
6315,1377,0
6344,1380,0
6372,1380,1
6503,1286,0
6502,1289,0
6512,1304,0
6516,1324,0
6519,1349,0
6522,1372,0
6529,1396,0
6532,1415,0
6533,1428,0
6540,1435,0
6540,1437,0
6548,1433,0
6556,1421,0
6568,1400,0
6585,1379,0
6598,1360,0
6609,1350,0
6618,1343,0
6626,1342,0
6633,1348,0
6638,1361,0
6643,1379,0
6654,1401,0
6659,1420,0
6667,1438,1
6781,1384,0
6779,1375,0
6776,1368,0
6765,1363,0
6761,1361,0
6744,1363,0
6735,1369,0
6720,1381,0
6714,1393,0
6715,1406,0
6717,1416,0
6723,1423,0
6739,1427,0
6751,1426,0
6769,1421,0
6783,1411,0
6794,1396,0
6806,1380,0
6810,1362,0
6813,1349,0
6806,1340,0
6807,1335,0
6803,1336,0
6806,1340,0
6804,1353,0
6804,1370,0
6808,1391,0
6816,1411,0
6821,1426,1
6934,1353,0
6927,1348,0
6924,1346,0
6915,1346,0
6903,1348,0
6886,1353,0
6871,1363,0
6852,1377,0
6845,1394,0
6845,1409,0
6847,1421,0
6857,1431,0
6881,1435,0
6897,1435,0
6915,1428,0
6938,1415,0
6955,1394,0
6968,1371,0
6973,1345,0
6977,1322,0
6973,1301,0
6973,1284,0
6967,1271,0
6968,1266,0
6968,1266,0
6967,1271,0
6968,1288,0
6971,1312,0
6981,1344,0
6995,1377,0
7008,1411,0
7026,1446,0
7034,1480,1