opened the letters. They were not, as she
627
747,2502,0
735,2503,0
733,2523,0
738,2545,0
748,2562,0
760,2576,0
775,2582,0
789,2584,0
801,2581,0
809,2569,0
817,2555,0
824,2535,0
828,2519,0
825,2507,0
813,2497,0
793,2499,0
764,2507,0
732,2523,0
711,2545,0
723,2562,1
856,2486,0
860,2503,0
867,2527,0
876,2560,0
888,2593,0
902,2626,0
914,2655,0
924,2680,0
926,2692,0
925,2692,0
924,2692,0
913,2679,0
898,2654,0
889,2630,0
887,2593,0
893,2562,0
909,2531,0
931,2496,0
954,2481,0
970,2478,0
974,2482,0
969,2490,0
954,2509,0
935,2528,0
926,2543,1
1054,2569,0
1068,2577,0
1080,2569,0
1095,2557,0
1112,2548,0
1124,2536,0
1126,2516,0
1124,2500,0
1114,2489,0
1100,2485,0
1080,2477,0
1064,2485,0
1050,2497,0
1042,2512,0
1041,2533,0
1049,2557,0
1065,2577,0
1085,2589,0
1107,2593,0
1133,2596,0
1154,2579,0
1176,2563,0
1193,2542,0
1208,2526,0
1215,2504,0
1220,2497,0
1220,2488,0
1218,2488,0
1218,2492,0
1220,2504,0
1225,2524,0
1229,2540,0
1234,2552,0
1240,2559,0
1240,2555,0
1247,2558,0
1256,2543,0
1270,2521,0
1287,2507,0
1300,2490,0
1307,2481,0
1310,2482,0
1312,2485,0
1317,2501,0
1323,2516,0
1334,2527,0
1347,2533,0
1363,2536,0
1382,2533,0
1397,2515,0
1411,2501,0
1419,2488,0
1421,2475,0
1414,2465,0
1406,2462,0
1397,2463,0
1388,2464,0
1386,2476,0
1388,2488,0
1399,2507,0
1416,2521,0
1437,2526,0
1459,2526,0
1482,2523,0
1500,2516,1
1566,2466,0
1561,2463,0
1556,2464,0
1548,2470,0
1537,2484,0
1527,2502,0
1519,2520,0
1516,2533,0
1525,2548,0
1534,2550,0
1551,2555,0
1564,2548,0
1573,2533,0
1579,2512,0
1581,2487,0
1581,2462,0
1578,2435,0
1574,2411,0
1568,2391,0
1563,2376,0
1562,2368,0
1565,2372,0
1566,2376,0
1568,2396,0
1575,2435,0
1586,2478,0
1604,2519,0
1631,2554,1
1895,2289,0
1892,2274,0
1895,2273,0
1897,2272,0
1898,2280,0
1903,2304,0
1911,2339,0
1923,2390,0
1929,2435,0
1940,2482,0
1949,2517,0
1957,2540,0
1964,2555,1
1844,2495,0
1846,2494,0
1859,2494,0
1885,2489,0
1920,2485,1
1999,2334,0
1995,2331,0
1995,2335,0
2001,2355,0
2007,2386,0
2017,2431,0
2018,2473,0
2020,2515,0
2019,2545,0
2013,2557,0
2019,2567,0
2018,2564,0
2024,2557,0
2038,2538,0
2058,2513,0
2075,2489,0
2093,2476,0
2105,2471,0
2111,2468,0
2116,2475,0
2126,2492,0
2136,2509,0
2153,2523,0
2171,2529,0
2196,2526,0
2223,2513,0
2241,2490,0
2256,2474,0
2257,2461,0
2251,2454,0
2231,2451,0
2211,2457,0
2198,2472,0
2195,2486,0
2206,2503,0
2229,2514,0
2267,2523,0
2312,2521,0
2352,2514,0
2377,2496,0
2396,2476,1
2425,2267,0
2426,2266,0
2429,2275,0
2431,2301,0
2432,2343,0
2431,2386,0
2438,2424,0
2450,2449,0
2464,2464,0
2482,2471,0
2504,2468,0
2528,2453,0
2555,2439,0
2569,2421,0
2581,2408,0
2577,2392,0
2564,2381,0
2541,2373,0
2526,2379,0
2519,2392,0
2525,2412,0
2538,2427,0
2567,2441,0
2607,2449,0
2644,2448,1
2677,2231,0
2686,2239,0
2690,2251,0
2700,2280,0
2709,2317,0
2724,2361,0
2742,2403,0
2752,2435,0
2760,2454,1
2646,2398,0
2647,2398,0
2659,2394,0
2690,2391,0
2724,2376,1
2769,2265,0
2768,2272,0
2770,2289,0
2770,2311,0
2770,2341,0
2770,2371,0
2767,2394,0
2773,2414,0
2783,2427,0
2795,2437,0
2803,2441,0
2811,2445,0
2820,2449,0
2825,2450,0
2832,2450,0
2839,2450,0
2844,2451,1
2894,2375,0
2907,2375,0
2924,2376,0
2946,2374,0
2964,2369,0
2975,2359,0
2981,2349,0
2980,2338,0
2970,2326,0
2958,2321,0
2942,2318,0
2923,2319,0
2913,2333,0
2905,2350,0
2903,2373,0
2905,2392,0
2913,2405,0
2936,2417,0
2966,2419,0
2997,2409,0
3026,2394,0
3052,2382,0
3066,2369,0
3073,2363,0
3074,2362,0
3078,2363,0
3084,2369,0
3095,2381,0
3107,2391,0
3118,2398,0
3118,2398,0
3119,2398,0
3114,2386,0
3103,2368,0
3088,2349,0
3080,2335,0
3076,2323,0
3076,2317,0
3082,2311,0
3095,2309,0
3115,2309,1
3252,2302,0
3249,2300,0
3244,2299,0
3230,2297,0
3223,2303,0
3216,2311,0
3211,2321,0
3217,2338,0
3223,2355,0
3227,2366,0
3225,2374,0
3225,2385,0
3206,2392,0
3183,2403,0
3160,2412,0
3149,2418,0
3153,2420,1
3341,2400,0
3332,2398,0
3335,2400,0
3339,2408,0
3332,2410,1
3471,2174,0
3472,2174,0
3479,2170,0
3503,2166,0
3536,2159,0
3576,2152,0
3612,2147,0
3645,2143,0
3667,2139,1
3583,2182,0
3580,2210,0
3590,2251,0
3595,2294,0
3595,2337,0
3602,2376,0
3609,2405,0
3616,2422,0
3621,2428,1
3688,2179,0
3689,2177,0
3696,2181,0
3705,2202,0
3712,2239,0
3715,2281,0
3715,2317,0
3718,2346,0
3721,2367,0
3721,2374,0
3728,2378,0
3723,2372,0
3726,2362,0
3732,2347,0
3751,2337,0
3756,2325,0
3763,2322,0
3764,2321,0
3765,2327,0
3774,2340,0
3781,2350,0
3798,2362,0
3819,2367,0
3837,2364,0
3863,2358,0
3886,2347,0
3904,2331,0
3913,2312,0
3923,2299,0
3916,2288,0
3900,2282,0
3883,2285,0
3868,2299,0
3860,2315,0
3863,2331,0
3881,2348,0
3912,2359,1
4012,2294,0
4009,2297,0
4024,2309,0
4046,2321,0
4063,2332,0
4087,2340,0
4107,2345,0
4128,2342,0
4144,2328,0
4162,2311,0
4174,2292,0
4182,2280,0
4180,2277,0
4183,2280,0
4184,2293,0
4174,2321,0
4162,2366,0
4148,2419,0
4135,2463,0
4128,2486,0
4130,2490,1
4359,2244,0
4360,2243,0
4365,2248,0
4374,2265,0
4376,2285,0
4386,2305,0
4398,2318,0
4401,2321,0
4401,2318,0
4413,2315,0
4419,2299,0
4428,2285,0
4435,2274,0
4437,2270,0
4441,2272,0
4450,2280,0
4456,2293,0
4468,2304,0
4478,2309,0
4490,2306,0
4502,2294,0
4509,2274,0
4518,2254,0
4522,2239,0
4519,2229,1
4529,2265,0
4545,2263,0
4566,2258,0
4584,2252,0
4593,2244,0
4599,2236,0
4599,2227,0
4589,2219,0
4574,2214,0
4559,2216,0
4543,2219,0
4532,2230,0
4532,2246,0
4533,2258,0
4552,2274,0
4571,2282,0
4602,2285,0
4630,2277,0
4658,2268,0
4676,2260,0
4688,2257,0
4692,2257,0
4695,2260,0
4700,2267,0
4711,2280,0
4717,2287,0
4719,2291,0
4722,2293,0
4717,2286,0
4714,2274,0
4705,2258,0
4697,2241,0
4692,2226,0
4693,2215,0
4702,2207,0
4712,2199,1
4789,2239,0
4806,2243,0
4829,2243,0
4853,2241,0
4863,2231,0
4869,2229,0
4860,2220,0
4845,2214,0
4826,2216,0
4805,2220,0
4789,2232,0
4782,2243,0
4793,2259,0
4814,2270,0
4844,2273,0
4883,2270,1
5062,2162,0
5067,2162,0
5063,2167,0
5077,2184,0
5072,2203,0
5078,2227,0
5074,2243,0
5074,2252,0
5073,2253,0
5082,2254,0
5083,2244,0
5096,2227,0
5107,2205,0
5127,2192,0
5132,2181,0
5142,2181,0
5154,2183,0
5161,2195,0
5167,2212,0
5180,2229,0
5195,2236,1
5271,2180,0
5264,2177,0
5248,2181,0
5248,2192,0
5245,2207,0
5245,2224,0
5259,2241,0
5269,2248,0
5289,2252,0
5306,2247,0
5332,2238,0
5344,2222,0
5359,2210,0
5357,2194,0
5345,2182,0
5335,2176,0
5306,2174,0
5284,2181,0
5261,2191,0
5253,2200,1
5393,2038,0
5393,2028,0
5392,2022,0
5391,2023,0
5389,2026,0
5389,2048,0
5395,2084,0
5398,2126,0
5415,2164,0
5419,2184,0
5431,2198,0
5429,2201,0
5430,2200,1
5373,2169,0
5371,2166,0
5379,2168,0
5392,2166,0
5424,2165,0
5460,2155,0
5491,2144,0
5520,2137,1
5569,2183,0
5567,2207,0
5561,2240,0
5554,2266,1
5763,2119,0
5742,2137,0
5724,2159,0
5720,2181,0
5725,2196,0
5730,2206,0
5742,2210,0
5756,2207,0
5764,2197,0
5775,2182,0
5779,2164,0
5784,2150,0
5784,2142,0
5784,2140,0
5784,2142,0
5783,2145,0
5791,2164,0
5804,2187,0
5825,2208,0
5846,2220,0
5865,2227,1
5955,2116,0
5949,2107,0
5935,2099,0
5925,2103,0
5919,2108,0
5919,2127,0
5923,2148,0
5936,2171,0
5942,2189,0
5940,2202,0
5932,2212,0
5920,2219,0
5910,2224,0
5897,2222,0
5898,2222,0
5896,2215,0
5905,2205,1
6215,2071,0
6202,2062,0
6193,2063,0
6175,2066,0
6157,2078,0
6157,2093,0
6158,2111,0
6167,2130,0
6182,2150,0
6189,2164,0
6193,2177,0
6186,2184,0
6165,2190,0
6146,2195,0
6124,2196,0
6112,2194,0
6112,2186,1
6290,1984,0
6290,1982,0
6294,1983,0
6295,1993,0
6298,2019,0
6294,2055,0
6290,2092,0
6286,2123,0
6283,2144,0
6274,2154,0
6278,2156,0
6274,2155,0
6279,2153,0
6285,2137,0
6302,2116,0
6313,2096,0
6334,2085,0
6341,2079,0
6344,2079,0
6348,2083,0
6348,2094,0
6358,2112,0
6366,2125,0
6388,2137,0
6416,2142,0
6450,2140,0
6474,2135,0
6490,2125,0
6495,2111,0
6498,2102,0
6485,2092,0
6465,2087,0
6442,2092,0
6431,2099,0
6438,2114,0
6462,2133,0
6507,2147,1