looks and attentiveness in small ways were
858
1059,2500,1
1057,2501,0
1057,2501,0
1056,2504,0
1057,2521,0
1056,2537,0
1057,2564,0
1057,2593,0
1059,2632,0
1060,2665,0
1062,2697,0
1064,2721,0
1066,2736,1
1155,2631,0
1143,2644,0
1129,2656,0
1121,2676,0
1118,2689,0
1124,2704,0
1137,2717,0
1153,2720,0
1173,2719,0
1192,2710,0
1209,2701,0
1220,2685,0
1224,2665,0
1223,2649,0
1212,2633,0
1198,2626,0
1178,2619,0
1158,2619,0
1145,2628,0
1136,2640,0
1134,2656,1
1305,2638,0
1301,2639,0
1296,2635,0
1290,2640,0
1280,2644,0
1271,2658,0
1265,2678,0
1261,2694,0
1265,2710,0
1276,2721,0
1294,2728,0
1315,2730,0
1336,2724,0
1356,2717,0
1367,2700,0
1375,2683,0
1377,2667,0
1370,2648,0
1358,2637,0
1343,2631,0
1322,2629,0
1304,2630,0
1290,2639,0
1282,2652,0
1278,2661,1
1399,2511,0
1399,2511,0
1401,2515,0
1402,2522,0
1406,2543,0
1409,2567,0
1412,2594,0
1416,2626,0
1416,2654,0
1416,2678,0
1417,2707,0
1417,2722,0
1420,2731,1
1491,2606,0
1483,2612,0
1474,2625,0
1460,2635,0
1447,2650,0
1435,2663,0
1432,2676,0
1435,2688,0
1440,2695,0
1451,2698,0
1470,2703,0
1492,2700,0
1520,2699,1
1558,2659,0
1556,2663,0
1558,2675,0
1564,2683,0
1578,2692,0
1597,2697,0
1617,2700,0
1639,2700,0
1660,2699,0
1674,2696,0
1681,2690,0
1681,2678,0
1674,2667,0
1655,2651,0
1633,2639,0
1608,2625,0
1587,2613,0
1577,2602,0
1578,2598,0
1585,2589,0
1604,2584,1
1990,2639,1
1971,2641,0
1954,2647,0
1937,2658,0
1919,2667,0
1908,2683,0
1903,2698,0
1908,2714,0
1918,2723,0
1936,2729,0
1949,2721,0
1968,2714,0
1983,2700,0
1993,2680,0
2000,2664,0
1999,2648,0
1997,2636,0
1997,2632,0
1999,2635,0
1995,2632,0
1996,2641,0
1995,2649,0
2002,2668,0
2006,2679,0
2017,2696,1
2045,2622,0
2045,2622,0
2050,2632,0
2058,2647,0
2063,2661,0
2070,2676,0
2076,2691,0
2082,2702,0
2085,2704,0
2087,2704,0
2087,2700,0
2090,2690,0
2097,2674,0
2104,2659,0
2110,2647,0
2115,2641,0
2118,2635,0
2120,2634,0
2122,2638,0
2126,2645,0
2131,2656,0
2137,2671,0
2146,2685,0
2153,2695,0
2163,2703,1
2256,2634,0
2249,2634,0
2238,2630,0
2229,2634,0
2213,2642,0
2198,2653,0
2184,2668,0
2177,2683,0
2179,2701,0
2185,2711,0
2197,2719,0
2214,2720,0
2229,2714,0
2245,2702,0
2258,2683,0
2271,2659,0
2278,2629,0
2286,2607,0
2288,2588,0
2287,2570,0
2287,2562,0
2287,2557,0
2288,2561,0
2285,2562,0
2286,2576,0
2292,2603,0
2302,2639,0
2314,2673,0
2326,2702,0
2344,2734,0
2362,2762,0
2377,2784,0
2393,2804,1
2721,2627,0
2713,2624,0
2702,2620,0
2688,2620,0
2672,2627,0
2657,2640,0
2639,2652,0
2630,2672,0
2625,2690,0
2625,2704,0
2632,2713,0
2640,2712,0
2655,2713,0
2671,2707,0
2677,2690,0
2686,2669,0
2698,2653,0
2706,2638,0
2708,2627,0
2707,2622,0
2707,2623,0
2706,2628,0
2707,2637,0
2709,2655,0
2712,2681,0
2715,2704,0
2721,2724,0
2732,2745,0
2738,2755,1
2787,2519,0
2786,2519,0
2784,2520,0
2784,2530,0
2782,2546,0
2786,2574,0
2781,2597,0
2786,2632,0
2790,2663,0
2793,2690,0
2801,2718,0
2806,2735,0
2813,2745,1
2842,2543,0
2842,2543,0
2841,2544,0
2844,2556,0
2846,2574,0
2847,2598,0
2847,2623,0
2853,2654,0
2856,2680,0
2863,2704,0
2867,2721,0
2876,2736,0
2878,2739,1
2777,2681,0
2777,2682,0
2785,2686,0
2796,2688,0
2816,2689,0
2835,2685,0
2856,2680,0
2883,2676,0
2904,2666,0
2924,2656,0
2938,2641,0
2951,2630,0
2955,2618,0
2955,2608,0
2946,2599,0
2936,2597,0
2924,2601,0
2909,2608,0
2897,2621,0
2892,2640,0
2890,2661,0
2894,2678,0
2909,2697,0
2924,2706,0
2944,2711,0
2967,2713,0
2988,2708,0
3006,2700,0
3016,2687,1
2980,2614,0
2980,2613,0
2982,2622,0
2983,2637,0
2991,2656,0
2996,2671,0
3006,2690,0
3016,2702,0
3022,2708,0
3027,2709,0
3030,2706,0
3037,2702,0
3042,2687,0
3052,2669,0
3059,2649,0
3069,2635,0
3076,2624,0
3080,2616,0
3082,2614,0
3085,2617,0
3091,2627,0
3096,2644,0
3103,2664,0
3109,2685,0
3116,2704,1
3153,2501,0
3152,2502,0
3153,2506,0
3156,2521,0
3153,2539,0
3156,2567,0
3160,2596,0
3164,2624,0
3172,2654,0
3175,2677,0
3181,2699,0
3184,2712,0
3187,2719,1
3138,2651,0
3136,2647,0
3147,2648,0
3163,2646,0
3181,2641,0
3202,2638,0
3221,2633,0
3235,2626,0
3247,2625,0
3248,2625,0
3247,2625,0
3246,2632,0
3250,2650,0
3254,2668,0
3258,2685,0
3260,2699,0
3262,2709,1
3230,2545,0
3228,2541,0
3228,2541,0
3228,2541,0
3236,2550,1
3328,2596,0
3328,2596,0
3327,2603,0
3331,2621,0
3334,2645,0
3340,2671,0
3342,2692,0
3354,2713,0
3360,2724,0
3366,2729,0
3367,2728,0
3371,2725,0
3373,2712,0
3378,2691,0
3380,2662,0
3384,2637,0
3384,2615,0
3389,2600,0
3387,2585,0
3392,2579,0
3395,2577,1
3436,2698,0
3435,2694,0
3444,2690,0
3455,2680,0
3461,2663,0
3474,2651,0
3479,2634,0
3488,2621,0
3485,2607,0
3484,2602,0
3476,2599,0
3465,2604,0
3445,2612,0
3433,2629,0
3422,2644,0
3421,2662,0
3431,2680,0
3446,2694,0
3466,2702,0
3491,2707,0
3519,2707,1
3562,2598,0
3559,2596,0
3558,2596,0
3562,2603,0
3566,2616,0
3572,2633,0
3579,2649,0
3590,2666,0
3597,2676,0
3602,2682,0
3607,2683,0
3609,2680,0
3616,2674,0
3623,2661,0
3631,2641,0
3638,2622,0
3648,2607,0
3656,2597,0
3661,2592,0
3665,2594,0
3667,2598,0
3674,2613,0
3677,2633,0
3684,2656,0
3690,2678,0
3699,2697,0
3705,2708,0
3710,2714,0
3716,2714,1
3781,2685,0
3786,2686,0
3793,2679,0
3802,2669,0
3817,2660,0
3825,2644,0
3830,2627,0
3836,2613,0
3829,2598,0
3830,2590,0
3820,2583,0
3804,2578,0
3795,2583,0
3778,2589,0
3765,2603,0
3754,2620,0
3748,2639,0
3750,2661,0
3761,2678,0
3782,2692,0
3807,2700,0
3834,2700,0
3860,2695,0
3884,2685,0
3904,2676,1
3945,2654,0
3941,2659,0
3940,2665,0
3940,2671,0
3947,2682,0
3959,2692,0
3974,2699,0
3992,2704,0
4012,2705,0
4025,2702,0
4039,2697,0
4047,2688,0
4051,2678,0
4044,2662,0
4029,2647,0
4009,2634,0
3984,2620,0
3959,2606,0
3947,2596,0
3943,2589,0
3948,2582,0
3962,2578,0
3986,2574,0
4012,2574,0
4036,2576,1
4085,2656,0
4089,2663,0
4094,2670,0
4110,2682,0
4124,2689,0
4144,2697,0
4158,2699,0
4179,2699,0
4193,2694,0
4205,2691,0
4203,2680,0
4198,2669,0
4179,2654,0
4158,2641,0
4134,2627,0
4114,2613,0
4103,2601,0
4101,2592,0
4103,2583,0
4111,2572,0
4130,2569,0
4151,2567,0
4179,2571,0
4203,2578,0
4227,2586,1
4427,2598,0
4426,2599,0
4425,2607,0
4429,2623,0
4427,2639,0
4432,2659,0
4431,2675,0
4439,2691,0
4437,2700,1
4413,2502,0
4413,2502,0
4418,2503,0
4418,2503,0
4427,2509,1
4454,2637,0
4455,2635,0
4455,2635,0
4455,2635,0
4454,2637,0
4454,2644,0
4455,2656,0
4461,2674,0
4466,2688,0
4473,2700,0
4478,2706,0
4482,2707,0
4483,2704,0
4485,2696,0
4491,2681,0
4497,2660,0
4506,2639,0
4519,2622,0
4529,2608,0
4535,2599,0
4541,2597,0
4548,2601,0
4560,2613,0
4561,2625,0
4572,2644,0
4584,2661,0
4598,2676,0
4613,2689,0
4627,2698,1
4781,2659,0
4783,2671,0
4788,2684,0
4803,2697,0
4817,2704,0
4833,2709,0
4852,2711,0
4869,2707,0
4880,2698,0
4886,2688,0
4885,2675,0
4883,2663,0
4866,2647,0
4847,2632,0
4827,2618,0
4811,2606,0
4795,2593,0
4791,2585,0
4790,2579,0
4803,2574,0
4818,2574,1
4888,2597,0
4891,2599,0
4888,2597,0
4891,2601,0
4900,2609,0
4906,2621,0
4915,2637,0
4921,2650,0
4927,2663,0
4931,2671,0
4934,2674,0
4934,2673,0
4932,2668,0
4936,2654,0
4944,2635,0
4955,2619,0
4962,2608,0
4968,2599,0
4974,2596,0
4974,2596,0
4983,2605,0
4991,2621,0
4998,2641,0
5009,2661,0
5017,2677,0
5025,2688,0
5023,2689,0
5028,2690,0
5032,2683,0
5035,2665,0
5035,2640,0
5039,2620,0
5045,2602,0
5054,2589,0
5059,2579,0
5069,2578,0
5074,2579,0
5082,2588,0
5091,2604,0
5103,2624,0
5110,2642,1
5257,2615,0
5254,2613,0
5250,2610,0
5239,2606,0
5230,2606,0
5214,2609,0
5192,2615,0
5173,2630,0
5159,2647,0
5150,2661,0
5150,2677,0
5156,2689,0
5166,2697,0
5179,2699,0
5192,2693,0
5207,2682,0
5219,2663,0
5230,2645,0
5239,2630,0
5242,2618,0
5242,2609,0
5243,2607,0
5242,2609,0
5243,2615,0
5248,2630,0
5245,2651,0
5254,2675,0
5260,2697,0
5269,2719,1
5311,2496,0
5311,2496,0
5309,2498,0
5313,2508,0
5314,2523,0
5313,2540,0
5313,2564,0
5315,2593,0
5313,2623,0
5316,2656,0
5321,2687,0
5334,2714,0
5344,2735,1
5384,2504,0
5386,2509,0
5387,2523,0
5386,2543,0
5385,2567,0
5383,2596,0
5387,2630,0
5392,2661,0
5393,2691,0
5405,2719,0
5417,2745,0
5429,2765,0
5440,2777,1
5643,2614,0
5641,2624,0
5639,2638,0
5634,2656,0
5641,2677,0
5644,2695,0
5653,2711,0
5665,2723,0
5680,2728,0
5699,2728,0
5711,2721,0
5727,2711,0
5736,2695,0
5744,2678,0
5742,2664,0
5741,2650,0
5736,2642,0
5738,2641,0
5736,2642,0
5738,2647,0
5741,2660,0
5745,2675,0
5754,2693,0
5764,2707,0
5776,2719,0
5782,2725,0
5798,2730,0
5812,2731,0
5825,2723,0
5832,2709,0
5837,2691,0
5839,2671,0
5832,2650,0
5823,2633,0
5808,2617,0
5797,2604,0
5788,2595,1
5919,2622,0
5909,2622,0
5907,2625,0
5894,2632,0
5889,2644,0
5877,2659,0
5873,2673,0
5870,2688,0
5877,2702,0
5885,2712,0
5897,2714,0
5913,2712,0
5927,2700,0
5940,2685,0
5954,2666,0
5962,2651,0
5960,2636,0
5960,2627,0
5957,2623,0
5960,2627,0
5962,2631,0
5965,2645,0
5969,2663,0
5973,2681,0
5978,2697,1
6037,2642,0
6039,2639,0
6036,2637,0
6035,2639,0
6036,2647,0
6036,2655,0
6037,2669,0
6043,2685,0
6044,2699,0
6049,2710,0
6054,2717,0
6058,2718,0
6063,2715,0
6068,2707,0
6079,2694,0
6085,2680,0
6094,2665,0
6099,2654,0
6103,2646,0
6105,2641,0
6111,2639,0
6119,2648,0
6131,2661,0
6138,2681,0
6147,2709,0
6150,2738,0
6148,2769,0
6144,2796,0
6134,2814,0
6119,2825,0
6103,2830,0
6082,2827,0
6063,2820,0
6048,2807,0
6041,2794,0
6032,2774,0
6039,2755,1
6182,2675,0
6183,2683,0
6188,2690,0
6191,2695,0
6200,2702,0
6218,2710,0
6231,2712,0
6252,2715,0
6262,2712,0
6273,2708,0
6275,2703,0
6276,2694,0
6264,2680,0
6252,2669,0
6229,2653,0
6213,2641,0
6204,2630,0
6200,2621,0
6203,2613,0
6218,2610,0
6241,2608,1
6446,2603,0
6442,2602,0
6444,2609,0
6443,2620,0
6451,2640,0
6452,2657,0
6460,2678,0
6470,2695,0
6478,2707,0
6484,2712,0
6493,2713,0
6498,2709,0
6507,2700,0
6515,2684,0
6518,2668,0
6520,2653,0
6517,2641,0
6516,2633,0
6520,2633,0
6519,2634,0
6527,2646,0
6539,2661,0
6552,2679,0
6567,2695,0
6582,2709,0
6597,2716,0
6617,2720,0
6628,2715,0
6638,2704,0
6645,2688,0
6645,2668,0
6636,2649,0
6622,2632,0
6611,2617,0
6599,2606,0
6584,2599,0
6576,2597,1
6695,2673,0
6700,2673,0
6709,2672,0
6720,2667,0
6731,2661,0
6744,2652,0
6756,2643,0
6762,2632,0
6762,2620,0
6762,2612,0
6756,2605,0
6749,2601,0
6739,2602,0
6725,2605,0
6717,2614,0
6708,2625,0
6705,2641,0
6708,2656,0
6717,2672,0
6734,2685,0
6756,2696,0
6783,2702,0
6809,2704,0
6828,2700,0
6841,2690,1
6823,2612,0
6826,2613,0
6825,2615,0
6830,2625,0
6837,2639,0
6843,2657,0
6851,2677,0
6860,2696,0
6863,2709,0
6867,2719,0
6866,2721,0
6866,2721,0
6864,2716,0
6862,2703,0
6860,2688,0
6858,2671,0
6857,2654,0
6866,2642,0
6878,2634,0
6894,2627,0
6913,2623,0
6931,2622,0
6944,2620,0
6962,2620,0
6968,2617,0
6968,2616,0
6965,2614,0
6954,2610,0
6937,2610,0
6922,2613,0
6913,2623,0
6908,2635,0
6914,2652,0
6924,2671,0
6942,2690,0
6969,2706,0
7003,2719,1