into my mouth.&quot; &quot;You claim
472
953,2593,0
952,2593,0
955,2614,0
958,2638,0
962,2666,0
967,2698,0
973,2722,0
979,2747,0
982,2762,0
982,2771,0
982,2771,0
982,2771,0
976,2750,1
898,2478,0
897,2478,0
897,2478,0
900,2482,1
1055,2677,0
1052,2688,0
1052,2709,0
1052,2725,0
1051,2732,0
1050,2733,0
1050,2733,0
1052,2733,0
1052,2724,0
1052,2696,0
1057,2661,0
1066,2633,0
1089,2596,0
1100,2596,0
1111,2593,0
1123,2596,0
1138,2616,0
1157,2643,0
1172,2675,0
1184,2711,0
1191,2738,0
1194,2750,0
1196,2754,0
1194,2754,0
1189,2746,1
1216,2449,0
1214,2453,0
1211,2457,0
1214,2485,0
1223,2516,0
1238,2556,0
1253,2591,0
1268,2625,0
1281,2653,0
1296,2679,0
1309,2699,0
1321,2709,0
1327,2709,1
1206,2618,0
1209,2618,0
1227,2608,0
1255,2598,0
1290,2588,0
1329,2580,0
1363,2572,0
1395,2572,0
1426,2567,1
1502,2555,0
1486,2555,0
1466,2557,0
1443,2573,0
1428,2592,0
1419,2601,0
1426,2613,0
1440,2615,0
1463,2607,0
1497,2593,0
1536,2574,0
1573,2546,0
1599,2524,0
1604,2519,0
1594,2517,0
1567,2519,0
1537,2528,0
1513,2537,0
1500,2540,0
1503,2543,1
1930,2541,0
1931,2540,0
1929,2537,0
1930,2537,0
1930,2541,0
1935,2560,0
1944,2591,0
1946,2612,0
1953,2634,0
1959,2645,0
1965,2648,0
1968,2647,0
1968,2637,0
1967,2609,0
1971,2577,0
1975,2546,0
1981,2535,0
1985,2538,0
1984,2534,0
1992,2548,0
1998,2567,0
2000,2579,0
2011,2588,0
2022,2588,0
2038,2586,0
2050,2569,0
2067,2552,0
2080,2534,0
2093,2528,0
2098,2531,0
2106,2540,0
2115,2559,0
2128,2583,0
2138,2605,0
2149,2622,0
2157,2632,0
2155,2619,0
2163,2611,0
2178,2604,0
2189,2591,1
2345,2478,0
2342,2478,0
2339,2480,0
2333,2502,0
2324,2529,0
2312,2567,0
2292,2613,0
2277,2673,0
2257,2722,0
2242,2764,0
2231,2800,0
2217,2819,0
2207,2819,1
2227,2470,0
2229,2474,0
2232,2473,0
2243,2490,0
2259,2508,0
2274,2519,0
2291,2528,0
2307,2538,0
2313,2539,1
2650,2453,0
2654,2461,0
2656,2474,0
2656,2502,0
2657,2541,0
2663,2574,0
2667,2586,0
2674,2592,0
2677,2595,0
2678,2594,0
2671,2580,0
2675,2557,0
2683,2523,0
2697,2499,0
2712,2483,0
2726,2474,0
2738,2475,0
2752,2485,0
2762,2502,0
2767,2518,0
2774,2537,0
2786,2553,0
2793,2558,0
2801,2557,0
2811,2556,0
2817,2541,0
2830,2526,0
2842,2518,0
2845,2516,0
2850,2516,0
2860,2523,0
2869,2533,0
2879,2540,0
2885,2545,0
2890,2551,0
2898,2556,0
2900,2554,1
2984,2478,0
2985,2476,0
2987,2475,0
2983,2473,0
2980,2476,0
2966,2487,0
2955,2506,0
2950,2520,0
2953,2528,0
2962,2531,0
2977,2529,0
2994,2521,0
3008,2504,0
3023,2492,0
3033,2483,0
3030,2480,0
3027,2478,0
3011,2470,0
3001,2468,0
2994,2468,0
2985,2466,1
3110,2438,0
3102,2440,0
3097,2444,0
3095,2451,0
3095,2461,0
3098,2475,0
3110,2491,0
3125,2499,0
3146,2502,0
3165,2501,0
3187,2497,0
3201,2490,0
3211,2486,0
3210,2482,0
3209,2477,0
3202,2462,0
3197,2445,1
3296,2268,0
3294,2270,0
3298,2284,0
3296,2308,0
3303,2335,0
3306,2362,0
3314,2388,0
3319,2411,0
3318,2429,0
3324,2446,0
3329,2458,0
3333,2465,0
3337,2467,1
3274,2377,0
3274,2377,0
3285,2377,0
3305,2380,0
3334,2379,0
3366,2374,0
3402,2367,0
3423,2355,0
3433,2344,1
3459,2243,1
3460,2249,0
3465,2274,0
3467,2306,0
3474,2341,0
3480,2370,0
3492,2398,0
3495,2413,0
3503,2427,0
3510,2437,0
3510,2438,0
3515,2439,0
3513,2434,0
3522,2424,0
3532,2402,0
3544,2382,0
3562,2369,0
3576,2359,0
3592,2358,0
3609,2363,0
3629,2376,0
3651,2394,0
3675,2415,0
3692,2432,0
3704,2449,0
3712,2458,0
3721,2466,0
3725,2468,0
3728,2470,1
3849,2520,0
3845,2519,0
3846,2518,0
3851,2519,0
3851,2519,1
4026,2175,0
4027,2176,0
4020,2178,0
4014,2200,0
4007,2223,0
4007,2238,0
4015,2246,0
4020,2247,0
4028,2242,1
4056,2173,0
4059,2176,0
4058,2186,0
4060,2217,0
4056,2245,0
4046,2259,0
4046,2266,0
4048,2263,1
4345,2200,0
4340,2199,0
4342,2219,0
4340,2251,0
4340,2288,0
4341,2309,0
4348,2312,0
4355,2302,0
4372,2285,1
4380,2234,0
4389,2228,0
4392,2229,0
4392,2230,0
4396,2239,0
4405,2247,0
4408,2250,0
4411,2252,1
4797,2268,0
4797,2268,0
4801,2270,0
4799,2271,0
4798,2291,0
4794,2320,0
4785,2360,0
4768,2404,0
4741,2449,0
4726,2495,0
4719,2535,0
4703,2560,0
4698,2580,1
4592,2269,0
4592,2270,0
4602,2276,0
4623,2289,0
4650,2304,0
4679,2318,0
4705,2328,0
4729,2337,0
4749,2342,1
4951,2425,0
4948,2422,0
4941,2417,0
4929,2415,0
4919,2417,0
4902,2430,0
4882,2456,0
4868,2485,0
4864,2508,0
4866,2518,0
4876,2519,0
4900,2510,0
4929,2493,0
4954,2467,0
4974,2441,0
4977,2427,0
4979,2425,0
4973,2419,0
4961,2415,0
4949,2412,0
4946,2417,1
5059,2422,0
5052,2434,0
5043,2449,0
5046,2468,0
5052,2482,0
5066,2491,0
5083,2492,0
5105,2486,0
5124,2477,0
5144,2466,0
5146,2453,0
5153,2442,0
5154,2431,1
5668,2407,0
5658,2400,0
5660,2395,0
5646,2389,0
5646,2388,0
5632,2388,0
5619,2398,0
5596,2416,0
5580,2441,0
5578,2470,0
5578,2487,0
5600,2497,0
5627,2499,0
5657,2491,0
5692,2476,0
5720,2455,0
5746,2429,1
5767,2180,0
5764,2179,0
5766,2193,0
5772,2219,0
5785,2251,0
5801,2292,0
5808,2335,0
5818,2381,0
5819,2424,0
5824,2460,0
5834,2487,0
5850,2499,0
5856,2497,1
5964,2389,0
5962,2392,0
5963,2391,0
5955,2398,0
5953,2412,0
5937,2429,0
5937,2447,0
5932,2458,0
5942,2465,0
5943,2463,0
5962,2461,0
5968,2447,0
5993,2430,0
6010,2404,0
6026,2386,0
6028,2381,0
6032,2384,0
6039,2398,0
6042,2418,0
6048,2437,0
6054,2450,0
6063,2461,0
6066,2462,0
6071,2463,0
6076,2459,1
6138,2352,0
6139,2358,0
6132,2375,0
6139,2409,0
6149,2446,0
6163,2471,0
6172,2482,0
6181,2482,0
6186,2469,0
6186,2451,0
6182,2428,0
6171,2397,0
6157,2357,1
6096,2244,0
6092,2244,0
6096,2246,0
6104,2256,1
6262,2385,0
6268,2392,0
6270,2400,0
6267,2415,0
6273,2432,0
6278,2440,0
6280,2446,0
6280,2446,0
6279,2447,0
6281,2444,0
6280,2434,0
6289,2415,0
6295,2390,0
6308,2371,0
6315,2363,0
6317,2362,0
6319,2363,0
6330,2379,0
6336,2397,0
6339,2408,0
6353,2417,0
6365,2420,0
6375,2417,0
6391,2410,0
6410,2397,0
6429,2382,0
6439,2378,0
6451,2380,0
6460,2391,0
6472,2404,0
6484,2416,0
6499,2412,0
6512,2412,1