he &apos;s one of the richest men in
706
636,2710,0
641,2715,0
648,2717,0
655,2709,0
664,2707,0
674,2696,0
687,2687,0
702,2673,0
738,2601,0
742,2577,0
742,2549,0
736,2528,0
728,2507,0
715,2492,0
708,2495,0
699,2498,0
692,2509,0
685,2532,0
680,2560,0
678,2591,0
678,2632,0
680,2669,0
684,2710,0
689,2739,0
692,2768,0
694,2789,0
693,2789,0
692,2789,0
690,2784,0
690,2776,0
694,2764,0
700,2745,0
707,2730,0
712,2710,0
888,2782,0
903,2762,0
915,2739,0
927,2724,0
932,2697,0
934,2676,0
929,2660,0
922,2651,0
911,2643,0
897,2637,0
884,2644,0
872,2652,0
866,2668,0
864,2688,0
868,2708,0
878,2733,0
892,2754,0
910,2771,0
929,2789,0
945,2794,0
961,2802,0
973,2803,0
984,2803,0
991,2795,0
998,2795,0
1004,2787,1
1273,2661,0
1274,2657,0
1275,2649,0
1271,2637,0
1263,2626,0
1249,2615,0
1233,2608,0
1218,2605,0
1206,2618,0
1194,2626,0
1189,2642,0
1186,2658,0
1186,2671,0
1189,2678,0
1196,2686,0
1207,2693,0
1217,2693,0
1231,2700,0
1245,2707,0
1260,2714,0
1276,2725,0
1291,2741,0
1299,2751,0
1301,2767,0
1298,2784,0
1290,2804,0
1279,2809,0
1265,2811,0
1248,2808,0
1232,2804,0
1215,2797,0
1201,2786,0
1194,2778,1
1638,2639,0
1643,2642,0
1648,2644,0
1650,2640,0
1654,2631,0
1655,2622,0
1652,2615,0
1645,2608,0
1635,2602,0
1619,2598,0
1602,2597,0
1584,2605,0
1561,2614,0
1547,2633,0
1538,2655,0
1538,2683,0
1544,2707,0
1558,2724,0
1574,2733,0
1596,2737,0
1618,2741,0
1635,2733,0
1657,2724,0
1674,2712,0
1684,2693,0
1689,2680,0
1686,2664,0
1684,2652,0
1677,2637,0
1674,2634,0
1671,2631,0
1671,2631,0
1674,2630,0
1688,2635,0
1708,2638,0
1728,2637,0
1749,2636,0
1763,2632,0
1779,2632,0
1790,2628,0
1804,2632,0
1814,2642,0
1821,2661,0
1826,2684,0
1824,2706,0
1828,2726,0
1826,2726,0
1828,2730,0
1828,2726,0
1826,2714,0
1828,2700,0
1833,2687,0
1838,2668,0
1846,2654,0
1855,2642,0
1863,2631,0
1875,2623,0
1890,2618,0
1905,2618,0
1916,2622,0
1924,2628,0
1930,2638,0
1935,2654,0
1937,2670,0
1942,2690,0
1948,2709,0
1952,2720,0
1966,2736,0
1978,2741,0
1996,2743,0
2030,2614,0
2031,2635,0
2040,2662,0
2053,2683,0
2072,2701,0
2087,2713,0
2113,2719,1
2516,2642,0
2519,2645,0
2524,2647,0
2524,2642,0
2524,2633,0
2520,2622,0
2508,2610,0
2493,2605,0
2473,2602,0
2453,2604,0
2436,2614,0
2417,2624,0
2405,2635,0
2392,2647,0
2389,2666,0
2392,2688,0
2403,2709,0
2419,2727,0
2438,2741,0
2452,2746,0
2466,2744,0
2477,2733,0
2490,2717,0
2496,2695,0
2499,2675,0
2497,2658,0
2494,2651,0
2488,2649,0
2484,2651,0
2480,2653,0
2560,2681,0
2583,2678,0
2606,2667,0
2625,2647,0
2649,2627,0
2690,2485,0
2680,2467,0
2675,2461,0
2665,2463,0
2654,2475,0
2639,2490,0
2634,2517,0
2630,2625,0
2633,2660,0
2642,2697,0
2645,2729,0
2647,2755,0
2651,2780,0
2654,2794,0
2655,2796,0
2654,2794,0
2651,2794,0
2647,2788,1
2666,2707,0
2666,2710,0
2666,2710,0
2661,2709,0
2651,2705,0
2639,2703,0
2627,2702,0
2614,2704,0
2606,2709,0
2600,2713,0
2595,2712,0
2596,2712,0
2603,2707,1
2891,2744,0
2895,2745,0
2900,2748,0
2904,2744,0
2911,2740,0
2918,2730,0
2922,2712,0
2931,2695,0
2943,2676,0
2952,2651,0
2963,2621,0
2971,2591,0
2980,2568,0
2980,2552,0
2984,2549,0
2984,2549,0
2984,2549,0
2984,2550,0
2985,2558,0
2982,2577,0
2983,2606,0
2986,2639,0
2987,2673,0
2992,2709,0
2993,2740,0
2992,2760,0
2990,2771,0
2988,2773,0
2986,2770,1
2955,2692,0
2955,2692,0
2956,2692,0
2961,2694,0
2963,2692,0
2972,2690,0
2982,2683,0
2991,2675,0
3002,2667,0
3020,2659,0
3040,2647,0
3061,2627,0
3085,2607,0
3098,2585,0
3106,2563,0
3110,2544,0
3109,2523,0
3103,2508,0
3096,2502,0
3083,2504,0
3074,2516,0
3064,2530,0
3061,2549,0
3055,2569,0
3052,2598,0
3048,2631,0
3048,2672,0
3048,2713,0
3044,2745,0
3042,2727,0
3047,2703,0
3056,2687,0
3064,2674,0
3077,2670,0
3090,2670,0
3183,2738,0
3204,2753,0
3223,2758,0
3239,2754,0
3253,2743,0
3265,2726,0
3273,2704,0
3282,2685,0
3278,2663,0
3267,2646,0
3255,2640,0
3238,2639,0
3226,2644,0
3214,2649,0
3211,2663,0
3209,2680,0
3216,2705,0
3227,2733,0
3250,2760,0
3272,2779,0
3290,2789,0
3303,2799,0
3314,2806,0
3321,2811,1
3535,2786,0
3537,2789,0
3542,2791,0
3539,2788,0
3542,2784,0
3547,2774,0
3562,2766,0
3572,2745,0
3585,2726,0
3590,2711,0
3595,2701,0
3600,2695,0
3603,2692,0
3604,2691,0
3611,2696,0
3612,2706,0
3618,2729,0
3622,2753,0
3624,2777,0
3630,2800,0
3633,2814,0
3636,2823,0
3635,2823,0
3635,2823,0
3631,2815,0
3624,2801,0
3619,2788,0
3612,2772,0
3603,2759,0
3598,2747,0
3595,2735,0
3595,2724,0
3595,2712,0
3600,2707,0
3605,2702,0
3621,2702,0
3640,2701,0
3665,2697,0
3683,2690,0
3708,2688,0
3728,2685,0
3747,2681,0
3764,2676,0
3778,2671,0
3787,2668,0
3788,2667,0
3788,2667,0
3788,2668,0
3787,2668,0
3784,2671,0
3776,2679,0
3766,2697,0
3761,2726,0
3756,2753,0
3757,2780,0
3763,2804,0
3772,2823,0
3777,2835,0
3788,2842,0
3802,2838,0
3815,2824,0
3835,2810,0
3851,2787,0
3865,2765,0
3885,2750,0
3904,2735,0
3922,2721,0
3943,2710,0
3962,2701,0
3981,2697,0
3993,2695,0
4003,2697,0
4008,2696,0
4011,2699,0
4007,2698,0
4005,2701,0
3990,2699,0
3974,2699,0
3961,2702,0
3942,2706,0
3922,2716,0
3906,2733,0
3902,2755,0
3895,2775,0
3897,2796,0
3909,2814,0
3916,2823,0
3928,2834,0
3945,2839,0
3963,2837,0
3986,2830,0
4015,2816,0
4041,2799,0
4064,2779,0
4083,2751,0
4109,2720,0
4124,2683,0
4135,2644,0
4142,2610,0
4142,2585,0
4144,2563,0
4135,2548,0
4126,2540,0
4116,2540,0
4111,2547,0
4099,2555,0
4090,2573,0
4085,2600,0
4077,2632,0
4076,2672,0
4080,2712,0
4080,2749,0
4083,2786,0
4082,2813,0
4083,2829,0
4085,2832,0
4082,2830,0
4082,2825,0
4082,2813,0
4083,2794,0
4088,2776,0
4097,2759,0
4110,2744,0
4119,2732,0
4136,2731,0
4151,2733,0
4170,2741,0
4187,2752,0
4205,2767,0
4217,2784,0
4234,2801,0
4249,2815,0
4265,2821,0
4283,2824,0
4304,2818,0
4315,2803,0
4331,2785,0
4339,2761,0
4345,2741,0
4348,2724,0
4343,2710,0
4338,2704,0
4326,2700,0
4317,2704,0
4309,2715,0
4301,2731,0
4300,2752,0
4299,2778,0
4304,2805,0
4312,2826,0
4324,2842,0
4340,2849,0
4351,2848,0
4369,2844,0
4385,2831,0
4400,2813,0
4412,2791,0
4425,2768,0
4427,2753,0
4432,2741,0
4440,2735,0
4440,2729,0
4449,2731,0
4458,2733,0
4463,2744,0
4471,2760,0
4474,2783,0
4478,2805,0
4482,2826,0
4482,2839,0
4487,2845,0
4489,2842,0
4496,2833,0
4506,2813,0
4521,2789,0
4539,2758,0
4550,2723,0
4565,2688,0
4584,2648,0
4596,2610,0
4601,2574,0
4604,2548,0
4606,2533,0
4606,2538,0
4606,2552,0
4610,2591,0
4607,2636,0
4607,2685,0
4603,2730,0
4605,2770,0
4598,2799,0
4592,2820,0
4579,2830,1
3783,2554,0
3782,2555,0
3781,2555,0
3781,2555,0
3781,2555,0
3782,2555,0
3783,2554,0
3784,2552,0
3788,2552,0
3789,2552,0
3786,2549,0
3795,2545,0
3808,2543,1
4915,2731,0
4919,2726,0
4927,2721,0
4929,2717,0
4932,2714,0
4932,2714,0
4934,2717,0
4932,2719,0
4932,2728,0
4930,2744,0
4931,2766,0
4933,2791,0
4933,2812,0
4935,2830,0
4933,2840,0
4934,2845,0
4933,2847,0
4930,2844,0
4927,2835,0
4929,2817,0
4939,2796,0
4945,2773,0
4950,2751,0
4955,2729,0
4965,2715,0
4975,2704,0
4989,2700,0
5003,2700,0
5019,2712,0
5029,2733,0
5032,2758,0
5038,2785,0
5041,2808,0
5041,2824,0
5043,2828,0
5043,2828,0
5045,2825,0
5052,2814,0
5062,2799,0
5067,2779,0
5074,2759,0
5080,2743,0
5086,2732,0
5098,2729,0
5113,2729,0
5128,2734,0
5149,2745,0
5168,2760,0
5183,2774,0
5202,2791,0
5218,2801,0
5234,2805,0
5251,2802,0
5265,2794,0
5282,2782,0
5289,2764,0
5300,2745,0
5302,2727,0
5296,2713,0
5295,2707,0
5287,2705,0
5281,2707,0
5269,2712,0
5263,2722,0
5254,2737,0
5253,2760,0
5255,2789,0
5258,2813,0
5269,2832,0
5277,2842,0
5292,2849,0
5306,2842,0
5325,2827,0
5342,2806,0
5356,2783,0
5369,2762,0
5383,2748,0
5390,2742,0
5402,2741,0
5409,2750,0
5415,2764,0
5421,2785,0
5428,2805,0
5434,2826,0
5441,2837,0
5441,2837,0
5442,2835,0
5442,2820,0
5448,2802,0
5452,2781,0
5459,2760,0
5464,2736,0
5474,2719,0
5485,2708,0
5501,2704,0
5519,2704,0
5538,2704,0
5559,2715,0
5572,2733,0
5581,2758,0
5588,2784,0
5592,2811,0
5593,2832,0
5598,2848,0
5595,2852,1
5823,2817,0
5827,2819,0
5828,2816,0
5839,2813,0
5850,2810,0
5863,2804,0
5876,2796,0
5891,2784,0
5906,2767,0
5919,2750,0
5927,2734,0
5935,2721,0
5935,2712,0
5935,2710,0
5939,2712,0
5934,2714,0
5929,2722,0
5925,2731,0
5911,2747,0
5914,2768,0
5909,2794,0
5922,2820,0
5931,2836,0
5941,2843,0
5962,2846,0
5981,2839,0
5995,2828,0
6010,2809,0
6030,2790,0
6044,2770,0
6054,2751,0
6068,2742,0
6073,2739,0
6081,2743,0
6087,2748,0
6090,2760,0
6098,2779,0
6102,2807,0
6100,2827,0
6103,2838,0
6100,2835,0
6104,2835,0
6106,2825,0
6112,2813,0
6116,2795,0
6122,2777,0
6131,2759,0
6143,2746,0
6155,2738,0
6166,2734,0
6184,2733,0
6208,2741,0
6217,2748,0
6230,2766,0
6235,2786,0
6239,2804,0
6237,2814,0
6236,2817,0
6236,2818,0
6228,2816,0
6226,2811,0
6220,2796,1
6046,2535,0
6048,2530,0
6049,2528,0
6047,2532,0
6044,2538,0
6046,2545,0
6043,2549,0
6054,2555,0
6066,2557,1