in the normal course of events,
679
962,5655,0
960,5655,0
960,5655,0
960,5659,0
958,5671,0
955,5687,0
953,5715,0
949,5751,0
949,5795,0
948,5835,0
950,5875,0
948,5903,0
948,5922,1
961,5523,0
961,5516,0
962,5519,0
963,5519,0
965,5523,0
971,5531,0
981,5544,0
996,5555,0
1013,5568,1
1081,5697,0
1083,5709,0
1081,5728,0
1083,5752,0
1083,5781,0
1085,5808,0
1088,5832,0
1090,5844,0
1090,5844,0
1090,5836,0
1094,5832,0
1102,5812,0
1112,5783,0
1125,5756,0
1138,5720,0
1155,5684,0
1170,5663,0
1182,5643,0
1192,5643,0
1201,5647,0
1213,5671,0
1227,5698,0
1241,5742,0
1245,5781,0
1253,5817,0
1261,5853,0
1267,5877,0
1278,5888,0
1293,5888,1
1463,5518,0
1470,5501,0
1476,5497,0
1479,5501,0
1481,5505,0
1485,5525,0
1492,5560,0
1500,5605,0
1507,5651,0
1511,5704,0
1511,5747,0
1512,5788,0
1513,5816,0
1515,5832,0
1516,5840,0
1516,5840,0
1520,5827,1
1520,5658,0
1520,5658,0
1520,5659,0
1518,5663,0
1512,5671,0
1502,5680,0
1489,5689,0
1477,5698,0
1464,5711,0
1451,5716,0
1438,5717,0
1430,5721,0
1426,5718,1
1575,5509,0
1589,5504,0
1596,5496,0
1601,5495,0
1608,5506,0
1614,5525,0
1623,5565,0
1626,5609,0
1631,5660,0
1631,5713,0
1633,5764,0
1633,5801,0
1638,5824,0
1641,5841,0
1645,5836,0
1650,5832,0
1660,5815,0
1669,5789,0
1677,5760,0
1682,5728,0
1691,5703,0
1697,5686,0
1705,5680,0
1712,5684,0
1723,5695,0
1737,5718,0
1751,5744,0
1765,5771,0
1783,5797,0
1802,5819,0
1821,5824,0
1839,5825,0
1861,5819,0
1882,5803,0
1902,5776,0
1916,5750,0
1923,5716,0
1926,5692,0
1923,5664,0
1918,5653,0
1911,5646,0
1903,5651,0
1894,5668,0
1884,5694,0
1879,5727,0
1879,5771,0
1883,5815,0
1891,5850,0
1907,5880,1
2185,5625,0
2190,5624,0
2193,5628,0
2200,5643,0
2203,5667,0
2205,5699,0
2208,5739,0
2212,5774,0
2215,5803,0
2219,5818,0
2219,5818,0
2224,5814,0
2231,5800,0
2239,5769,0
2250,5738,0
2262,5699,0
2271,5656,0
2287,5629,0
2300,5613,0
2316,5610,0
2328,5610,0
2344,5627,0
2356,5658,0
2368,5697,0
2379,5739,0
2392,5773,0
2402,5815,0
2412,5825,0
2415,5829,1
2565,5663,0
2567,5658,0
2569,5658,0
2569,5658,0
2563,5651,0
2550,5650,0
2533,5651,0
2513,5648,0
2494,5657,0
2478,5677,0
2464,5694,0
2456,5721,0
2459,5748,0
2463,5781,0
2478,5793,0
2487,5808,0
2504,5811,0
2523,5810,0
2547,5805,0
2569,5795,0
2585,5774,0
2598,5754,0
2605,5731,0
2607,5701,0
2602,5677,0
2595,5659,0
2586,5645,0
2577,5639,0
2571,5632,1
2697,5659,0
2705,5665,0
2711,5668,0
2719,5678,0
2726,5696,0
2733,5719,0
2740,5746,0
2742,5766,0
2747,5790,0
2748,5795,0
2747,5798,0
2748,5794,0
2750,5789,0
2752,5772,0
2758,5758,0
2762,5732,0
2773,5711,0
2785,5687,0
2797,5666,0
2813,5653,0
2828,5648,0
2842,5643,0
2856,5643,0
2872,5651,0
2885,5655,1
2921,5639,0
2921,5643,0
2921,5643,0
2922,5647,0
2922,5651,0
2926,5666,0
2927,5692,0
2934,5723,0
2943,5750,0
2949,5777,0
2952,5793,0
2952,5797,0
2950,5789,0
2953,5788,0
2955,5766,0
2958,5740,0
2960,5706,0
2967,5665,0
2974,5629,0
2979,5602,0
2989,5594,0
2998,5600,0
3013,5619,0
3029,5648,0
3039,5687,0
3052,5721,0
3058,5739,0
3064,5750,0
3064,5750,0
3071,5739,0
3079,5719,0
3081,5689,0
3088,5652,0
3091,5617,0
3095,5602,0
3100,5600,0
3113,5609,0
3124,5634,0
3143,5670,0
3158,5707,0
3173,5731,1
3303,5616,0
3300,5617,0
3298,5614,0
3291,5608,0
3281,5607,0
3270,5603,0
3259,5612,0
3244,5618,0
3234,5635,0
3223,5652,0
3219,5680,0
3221,5705,0
3222,5739,0
3228,5762,0
3238,5771,0
3249,5776,0
3257,5776,0
3275,5765,0
3291,5742,0
3304,5706,0
3312,5669,0
3318,5636,0
3322,5617,0
3324,5607,0
3327,5606,0
3331,5617,0
3334,5638,0
3344,5682,0
3346,5711,0
3356,5750,0
3363,5777,0
3366,5797,0
3378,5801,1
3457,5476,0
3460,5475,0
3461,5475,0
3464,5482,0
3465,5503,0
3472,5535,0
3477,5581,0
3483,5627,0
3484,5675,0
3488,5721,0
3486,5761,0
3490,5789,0
3491,5806,1
3914,5578,0
3913,5580,0
3909,5577,0
3904,5576,0
3895,5575,0
3885,5576,0
3860,5580,0
3849,5586,0
3833,5593,0
3819,5601,0
3781,5665,0
3781,5695,0
3784,5730,0
3817,5793,0
3833,5817,0
3855,5829,0
3867,5840,0
3896,5839,1
4102,5623,0
4099,5619,0
4098,5621,0
4097,5621,0
4098,5621,0
4082,5619,0
4070,5617,0
4057,5625,0
4036,5632,0
4018,5637,0
3997,5653,0
3979,5672,0
3967,5691,0
3961,5713,0
3972,5742,0
3981,5769,0
3994,5794,0
4015,5805,0
4029,5817,0
4058,5815,0
4080,5813,0
4109,5806,0
4137,5769,0
4154,5736,0
4153,5709,0
4159,5679,0
4162,5649,0
4159,5623,1
4252,5607,0
4257,5617,0
4258,5641,0
4251,5668,0
4262,5693,0
4269,5717,0
4264,5752,0
4283,5769,0
4288,5784,0
4299,5783,0
4302,5781,0
4315,5774,0
4341,5750,0
4348,5727,0
4360,5701,0
4369,5672,0
4375,5645,1
4435,5595,0
4435,5605,0
4440,5615,0
4444,5631,0
4444,5656,0
4446,5677,0
4451,5697,0
4449,5727,0
4451,5740,0
4454,5742,0
4454,5742,0
4456,5741,0
4466,5731,0
4457,5717,0
4466,5699,0
4468,5668,0
4468,5650,0
4483,5631,0
4492,5620,0
4495,5619,0
4512,5612,1
4695,5600,0
4699,5597,0
4700,5596,0
4699,5597,0
4695,5599,0
4690,5597,0
4681,5599,0
4666,5605,0
4655,5607,0
4646,5607,0
4640,5621,0
4629,5633,0
4630,5641,0
4642,5653,0
4642,5672,0
4664,5691,0
4685,5706,0
4707,5721,0
4715,5735,0
4734,5745,0
4750,5755,0
4756,5764,0
4765,5779,0
4763,5788,0
4760,5800,0
4751,5811,0
4736,5811,0
4722,5820,0
4699,5826,0
4681,5823,0
4661,5826,0
4654,5811,0
4646,5793,1
4748,5746,0
4772,5750,0
4799,5752,0
4833,5738,0
4863,5727,0
4893,5706,0
4918,5684,0
4940,5654,0
4951,5632,0
4953,5605,0
4956,5588,0
4956,5565,0
4945,5563,0
4910,5572,0
4905,5586,0
4886,5619,0
4878,5648,0
4876,5689,0
4871,5726,0
4883,5762,0
4898,5795,0
4914,5823,0
4942,5843,0
4968,5849,0
4994,5850,0
5026,5838,0
5046,5824,0
5081,5794,1
5354,5677,0
5368,5676,0
5379,5668,0
5385,5658,0
5385,5652,0
5378,5648,0
5364,5639,0
5353,5616,0
5327,5606,0
5305,5593,0
5279,5588,0
5260,5587,0
5245,5594,0
5231,5605,0
5221,5622,0
5217,5656,0
5217,5691,0
5230,5730,0
5246,5768,0
5262,5797,0
5281,5803,0
5296,5815,0
5318,5805,0
5337,5786,0
5356,5761,0
5365,5728,0
5377,5664,1
5503,5681,0
5511,5670,0
5524,5648,0
5532,5612,0
5547,5558,0
5545,5513,0
5545,5466,0
5540,5423,0
5528,5396,0
5515,5371,0
5503,5376,0
5491,5385,0
5472,5427,0
5471,5481,0
5468,5550,0
5472,5624,0
5477,5697,0
5471,5762,0
5471,5823,0
5477,5875,0
5479,5909,0
5480,5923,0
5483,5920,0
5487,5902,1
5537,5633,0
5539,5632,0
5532,5631,0
5521,5636,0
5494,5658,0
5473,5664,0
5452,5671,0
5436,5679,0
5400,5677,0
5402,5665,1
5747,5708,0
5764,5710,0
5782,5706,0
5816,5697,0
5843,5684,0
5868,5674,0
5918,5571,0
5911,5555,0
5904,5545,0
5891,5542,0
5829,5596,0
5815,5635,0
5815,5672,0
5846,5787,0
5865,5803,0
5889,5808,0
5907,5804,1
5950,5590,0
5955,5591,0
5954,5592,0
5954,5603,0
5963,5611,0
5966,5629,0
5982,5658,0
5986,5687,0
5996,5715,0
6005,5744,0
6017,5771,0
6025,5791,0
6033,5800,0
6038,5800,0
6042,5793,0
6046,5778,0
6048,5750,0
6055,5711,0
6056,5672,0
6066,5631,0
6066,5588,0
6069,5552,0
6082,5519,0
6090,5499,0
6090,5494,0
6093,5496,0
6100,5506,0
6110,5513,1
6138,5711,0
6149,5712,0
6165,5709,0
6187,5705,0
6213,5692,0
6231,5674,0
6254,5648,0
6256,5617,0
6264,5588,0
6257,5561,0
6256,5530,0
6241,5521,0
6230,5516,0
6206,5523,0
6188,5539,0
6183,5566,0
6170,5606,0
6162,5657,0
6165,5703,0
6174,5749,0
6189,5783,0
6207,5811,0
6222,5819,0
6245,5814,0
6268,5793,0
6293,5759,0
6310,5721,0
6321,5677,0
6338,5634,0
6349,5601,0
6355,5573,0
6360,5568,0
6360,5567,0
6362,5577,0
6365,5602,0
6366,5641,0
6367,5683,0
6365,5723,0
6364,5747,0
6365,5758,0
6362,5761,0
6360,5757,0
6364,5742,0
6373,5711,0
6383,5673,0
6393,5631,0
6406,5590,0
6414,5566,0
6430,5545,0
6440,5540,0
6454,5548,0
6463,5562,0
6473,5586,0
6485,5619,0
6486,5662,0
6490,5692,0
6493,5729,0
6498,5752,0
6493,5768,0
6495,5772,0
6501,5760,1
6565,5424,0
6575,5389,0
6578,5369,0
6584,5356,0
6586,5354,0
6587,5359,0
6590,5385,0
6589,5421,0
6589,5467,0
6589,5520,0
6592,5578,0
6592,5631,0
6594,5680,0
6596,5712,0
6595,5741,0
6597,5750,0
6597,5745,0
6594,5742,0
6591,5723,0
6593,5687,0
6586,5648,0
6582,5607,0
6577,5583,0
6575,5556,0
6576,5538,0
6580,5528,0
6581,5522,0
6592,5523,0
6606,5525,1
6820,5537,0
6831,5538,0
6838,5542,0
6840,5545,0
6840,5546,0
6834,5546,0
6824,5552,0
6804,5555,0
6785,5551,0
6759,5556,0
6740,5558,0
6728,5554,0
6719,5564,0
6718,5564,0
6717,5571,0
6724,5592,0
6749,5607,0
6772,5635,0
6787,5659,0
6809,5683,0
6819,5707,0
6833,5732,0
6836,5747,0
6838,5768,0
6833,5785,0
6818,5805,0
6805,5818,0
6785,5827,0
6761,5835,1
6949,5757,0
6948,5763,0
6943,5774,0
6944,5795,0
6939,5824,0
6930,5862,0
6914,5900,0
6904,5941,0
6881,5981,1