quality about James Danford that made
773
474,3327,0
480,3320,0
481,3320,0
478,3308,0
466,3301,0
446,3289,0
419,3288,0
390,3302,0
365,3325,0
349,3358,0
342,3390,0
346,3427,0
357,3458,0
371,3469,0
386,3456,0
410,3433,0
435,3389,0
455,3344,0
460,3325,0
462,3321,0
470,3330,0
481,3357,0
494,3388,0
507,3427,0
518,3474,0
522,3527,0
521,3583,0
514,3631,0
500,3677,0
478,3706,0
457,3711,0
433,3698,0
417,3674,1
521,3304,0
523,3296,0
524,3296,0
523,3300,0
518,3315,0
514,3355,0
515,3404,0
521,3441,0
532,3480,0
542,3510,0
553,3515,0
562,3513,0
579,3491,0
595,3457,0
610,3419,0
618,3392,0
622,3388,0
629,3390,0
640,3403,0
650,3424,0
658,3454,0
666,3487,0
673,3524,0
679,3545,0
685,3530,1
798,3360,0
797,3361,0
789,3344,0
771,3337,0
748,3344,0
728,3354,0
715,3372,0
708,3392,0
709,3419,0
714,3445,0
723,3457,0
732,3450,0
745,3431,0
760,3401,0
779,3370,0
798,3344,0
808,3341,0
817,3354,0
829,3387,0
837,3416,0
845,3452,0
851,3481,0
854,3493,0
866,3481,0
884,3431,1
862,3052,0
866,3057,0
874,3077,0
885,3127,0
898,3187,0
910,3252,0
922,3325,0
931,3385,0
942,3426,0
955,3438,0
971,3431,0
985,3407,1
1011,3313,0
1013,3349,0
1015,3396,0
1019,3444,0
1020,3488,0
1027,3504,0
1045,3489,0
1073,3465,1
1028,3132,0
1027,3124,0
1027,3124,0
1028,3124,0
1030,3129,0
1032,3144,0
1043,3173,0
1059,3197,1
1138,3060,0
1145,3076,0
1146,3103,0
1148,3140,0
1151,3192,0
1153,3243,0
1155,3303,0
1156,3363,0
1154,3424,0
1156,3464,0
1166,3479,0
1181,3479,1
1105,3361,0
1105,3385,0
1105,3404,0
1106,3416,0
1111,3428,0
1117,3432,0
1128,3428,0
1146,3420,0
1171,3399,0
1201,3367,0
1229,3329,0
1250,3300,0
1259,3288,0
1267,3295,0
1275,3303,0
1279,3322,0
1283,3350,0
1284,3374,0
1286,3398,0
1288,3414,0
1291,3414,0
1297,3394,0
1302,3365,0
1305,3340,1
1324,3367,0
1341,3410,0
1362,3469,0
1375,3544,0
1372,3641,0
1358,3742,0
1332,3824,0
1309,3874,1
1770,3428,1
1754,3358,0
1739,3345,0
1720,3349,0
1697,3366,0
1681,3402,0
1666,3436,0
1659,3474,0
1660,3506,0
1665,3518,0
1675,3512,0
1693,3497,0
1713,3464,0
1735,3428,0
1746,3396,0
1748,3388,0
1749,3392,0
1751,3416,0
1754,3452,0
1756,3493,0
1759,3528,1
1801,3167,0
1812,3181,0
1818,3212,0
1825,3264,0
1830,3325,0
1832,3386,0
1834,3435,0
1841,3466,0
1849,3477,0
1860,3469,0
1872,3442,0
1888,3422,0
1901,3410,0
1907,3409,0
1907,3413,0
1896,3432,0
1879,3461,0
1857,3491,0
1836,3504,0
1816,3504,0
1800,3487,1
1910,3387,0
1916,3394,0
1923,3392,0
1935,3385,0
1948,3373,0
1966,3360,0
1987,3346,0
2007,3344,0
2020,3361,0
2023,3397,0
2017,3445,0
2002,3487,0
1981,3513,0
1961,3522,0
1944,3515,0
1935,3489,1
2074,3424,0
2080,3443,0
2083,3467,0
2085,3496,0
2089,3524,0
2093,3539,0
2101,3542,0
2115,3516,0
2131,3481,0
2147,3443,0
2163,3413,0
2170,3397,0
2172,3397,0
2179,3411,0
2186,3443,0
2192,3479,0
2201,3522,0
2214,3564,0
2224,3586,0
2233,3588,0
2248,3574,1
2277,3227,0
2280,3216,0
2285,3210,0
2287,3210,0
2291,3213,0
2293,3225,0
2295,3258,0
2301,3311,0
2309,3368,0
2321,3433,0
2330,3498,0
2334,3547,0
2338,3576,0
2341,3587,0
2340,3584,0
2336,3572,0
2329,3558,1
2279,3478,0
2282,3481,0
2294,3486,0
2307,3489,0
2321,3492,0
2337,3491,0
2357,3487,0
2380,3479,0
2402,3469,0
2418,3463,0
2434,3466,0
2446,3474,1
2748,3195,0
2758,3194,0
2765,3200,0
2768,3208,0
2771,3219,0
2770,3238,0
2774,3273,0
2775,3313,0
2779,3361,0
2786,3416,0
2796,3486,0
2796,3555,0
2789,3602,0
2776,3627,0
2756,3637,0
2729,3636,0
2704,3617,1
2941,3450,0
2940,3446,0
2936,3443,0
2923,3442,0
2900,3449,0
2880,3465,0
2862,3484,0
2849,3505,0
2842,3526,0
2842,3540,0
2849,3546,0
2858,3541,0
2875,3522,0
2895,3489,0
2909,3449,0
2910,3421,0
2908,3413,0
2910,3417,0
2914,3437,0
2922,3474,0
2931,3510,0
2941,3551,0
2953,3576,0
2963,3575,0
2973,3546,0
2986,3502,0
2994,3456,0
2996,3431,0
2998,3431,0
2999,3443,0
3006,3472,0
3013,3505,0
3023,3546,0
3037,3584,0
3047,3596,0
3061,3584,0
3078,3555,0
3094,3527,0
3106,3496,0
3115,3486,0
3124,3486,0
3131,3496,0
3142,3521,0
3158,3554,0
3173,3587,0
3186,3612,0
3202,3621,0
3221,3604,0
3236,3571,0
3255,3540,0
3272,3510,0
3283,3484,0
3291,3464,0
3293,3462,0
3293,3462,0
3295,3466,0
3291,3468,0
3285,3473,0
3272,3472,0
3266,3471,0
3264,3477,0
3264,3487,0
3267,3503,0
3274,3528,0
3287,3557,0
3305,3588,0
3320,3612,0
3340,3627,0
3354,3623,1
3426,3428,0
3432,3433,0
3429,3436,0
3421,3441,0
3404,3455,0
3382,3469,0
3366,3486,0
3349,3496,0
3341,3508,0
3337,3514,0
3341,3521,0
3347,3522,0
3358,3525,0
3366,3524,0
3380,3530,0
3393,3539,0
3399,3544,0
3404,3556,0
3396,3566,0
3383,3580,0
3367,3590,0
3350,3597,0
3332,3600,0
3318,3600,0
3304,3594,0
3291,3588,0
3283,3584,0
3277,3583,0
3277,3583,0
3280,3585,0
3280,3585,0
3276,3583,0
3279,3587,0
3279,3587,0
3278,3588,0
3279,3587,0
3279,3586,0
3276,3583,0
3279,3586,0
3279,3586,0
3277,3583,0
3279,3586,0
3279,3586,0
3279,3587,0
3279,3587,0
3279,3587,0
3279,3587,0
3279,3586,0
3277,3583,0
3280,3585,0
3281,3585,0
3278,3582,0
3281,3585,0
3281,3585,0
3283,3588,0
3279,3586,0
3279,3587,1
3629,3215,0
3638,3223,0
3643,3239,0
3645,3274,0
3644,3322,0
3641,3370,0
3640,3428,0
3638,3490,0
3634,3548,0
3630,3596,0
3632,3629,0
3632,3635,0
3636,3621,1
3595,3295,0
3603,3284,0
3613,3269,0
3626,3259,0
3648,3257,0
3668,3265,0
3698,3282,0
3727,3321,0
3753,3382,0
3769,3457,0
3778,3533,0
3781,3602,0
3769,3653,0
3744,3681,0
3707,3689,0
3677,3677,0
3653,3653,1
3935,3502,0
3932,3499,0
3923,3495,0
3908,3498,0
3885,3502,0
3869,3520,0
3851,3551,0
3834,3585,0
3826,3617,0
3834,3636,0
3843,3629,0
3865,3606,0
3884,3565,0
3904,3522,0
3912,3495,0
3913,3488,0
3923,3496,0
3926,3519,0
3929,3549,0
3936,3590,0
3942,3621,0
3950,3636,0
3955,3630,0
3966,3600,0
3982,3561,0
3997,3522,0
3998,3499,0
4002,3501,0
4009,3511,0
4018,3535,0
4028,3568,0
4036,3604,0
4043,3624,0
4054,3626,0
4069,3602,0
4084,3568,0
4098,3539,0
4111,3528,0
4118,3527,0
4127,3540,0
4135,3571,0
4138,3606,0
4139,3637,0
4140,3651,0
4157,3641,1
4246,3277,0
4245,3265,0
4249,3256,0
4243,3245,0
4236,3235,0
4225,3234,0
4221,3257,0
4212,3300,0
4212,3361,0
4217,3440,0
4213,3527,0
4212,3604,0
4213,3657,0
4213,3672,0
4208,3666,0
4201,3640,0
4196,3613,1
4178,3537,0
4184,3531,0
4198,3525,0
4215,3518,0
4239,3513,0
4256,3501,0
4283,3493,0
4307,3486,0
4331,3491,0
4352,3503,0
4363,3520,0
4360,3546,0
4350,3573,0
4334,3588,0
4314,3585,0
4301,3576,0
4291,3546,0
4295,3515,0
4304,3495,0
4316,3488,1
4420,3611,0
4425,3617,0
4428,3614,0
4430,3595,0
4431,3567,0
4427,3537,0
4424,3506,0
4417,3479,0
4418,3467,0
4415,3464,0
4420,3465,0
4427,3469,0
4437,3476,0
4454,3482,0
4470,3487,0
4492,3493,0
4512,3496,0
4536,3500,0
4553,3500,0
4565,3498,0
4577,3503,1
4597,3517,0
4599,3515,0
4598,3516,0
4594,3515,0
4587,3510,0
4574,3513,0
4552,3518,0
4533,3525,0
4517,3542,0
4500,3566,0
4486,3597,0
4476,3633,0
4471,3656,0
4478,3671,0
4488,3673,0
4509,3663,0
4540,3639,0
4570,3591,0
4610,3463,0
4613,3401,0
4603,3346,0
4599,3309,0
4591,3294,0
4589,3296,0
4588,3321,0
4593,3363,0
4597,3412,0
4605,3474,0
4604,3539,0
4606,3600,0
4609,3638,1
4926,3263,0
4943,3255,0
4951,3257,0
4953,3268,0
4953,3300,0
4951,3347,0
4942,3408,0
4938,3486,0
4936,3561,0
4934,3624,0
4941,3670,0
4947,3687,0
4953,3682,1
4869,3570,0
4882,3587,0
4900,3601,0
4921,3596,0
4945,3576,0
4975,3540,0
5018,3446,0
5027,3387,0
5027,3323,0
5018,3275,0
5009,3250,0
5004,3249,0
5002,3276,0
5009,3320,0
5013,3371,0
5023,3441,0
5026,3507,0
5032,3554,0
5040,3571,0
5052,3568,0
5054,3541,0
5063,3518,0
5064,3503,0
5064,3498,0
5077,3501,0
5091,3510,0
5102,3534,0
5109,3569,0
5111,3604,0
5120,3631,0
5132,3641,0
5144,3621,1
5207,3520,0
5219,3518,0
5221,3509,0
5216,3501,0
5212,3507,0
5197,3513,0
5188,3531,0
5180,3553,0
5175,3578,0
5179,3611,0
5185,3628,0
5199,3631,0
5212,3607,0
5224,3568,0
5237,3527,0
5240,3510,0
5245,3510,0
5251,3523,0
5258,3551,0
5262,3586,0
5267,3629,0
5268,3672,0
5275,3694,0
5291,3682,0
5313,3643,1
5313,3298,0
5320,3301,0
5321,3300,0
5324,3317,0
5321,3347,0
5330,3389,0
5333,3438,0
5338,3503,0
5342,3570,0
5352,3627,0
5361,3667,0
5364,3677,0
5364,3670,1
5298,3539,0
5297,3542,0
5298,3547,0
5298,3547,0
5301,3550,0
5310,3550,0
5327,3549,0
5345,3545,0
5370,3540,0
5394,3536,0
5417,3533,0
5435,3535,0
5448,3537,0
5462,3540,0
5469,3543,0
5474,3544,0
5490,3535,1
5711,3465,0
5716,3466,0
5720,3473,0
5716,3493,0
5715,3522,0
5715,3554,0
5716,3582,0
5715,3609,0
5719,3636,0
5723,3653,0
5730,3643,0
5740,3602,0
5747,3551,0
5755,3507,0
5759,3487,0
5759,3487,0
5765,3500,0
5774,3527,0
5785,3561,0
5791,3593,0
5802,3619,0
5811,3619,0
5830,3593,0
5846,3551,0
5857,3514,0
5870,3497,0
5885,3503,0
5892,3527,0
5895,3558,0
5899,3594,0
5898,3630,0
5904,3655,0
5907,3658,1
6037,3535,0
6048,3534,0
6046,3528,0
6046,3523,0
6038,3520,0
6023,3520,0
6008,3535,0
6001,3559,0
5992,3587,0
5996,3610,0
6001,3617,0
6010,3610,0
6022,3592,0
6037,3565,0
6056,3536,0
6065,3522,0
6067,3527,0
6067,3542,0
6070,3566,0
6080,3594,0
6078,3617,1
6200,3559,0
6213,3559,0
6218,3561,0
6214,3559,0
6203,3568,0
6193,3584,0
6179,3605,0
6167,3628,0
6165,3653,0
6168,3670,0
6178,3670,0
6198,3646,0
6224,3601,0
6262,3544,0
6286,3484,0
6305,3426,0
6306,3370,0
6300,3319,0
6290,3280,0
6279,3259,0
6275,3267,0
6270,3298,0
6273,3354,0
6273,3421,0
6276,3501,0
6282,3571,0
6288,3621,0
6308,3648,0
6335,3644,0
6366,3619,0
6401,3586,0
6434,3558,0
6457,3543,0
6470,3522,0
6483,3493,0
6488,3462,0
6473,3449,0
6451,3448,0
6428,3462,0
6409,3491,0
6396,3528,0
6395,3574,0
6404,3619,0
6429,3646,0
6476,3648,0
6536,3636,0
6603,3597,0
6647,3562,0
6681,3561,1