We &apos;ll ring up the airport
762
323,3332,0
308,3332,0
304,3332,0
306,3327,0
314,3309,0
336,3277,0
368,3240,0
407,3199,0
448,3163,0
489,3130,0
522,3112,0
545,3113,0
553,3118,0
549,3134,0
530,3159,0
498,3202,0
458,3255,0
414,3307,0
377,3356,0
352,3387,0
340,3397,0
340,3393,0
347,3370,0
361,3337,0
388,3293,0
423,3244,0
463,3191,0
497,3153,0
521,3136,0
530,3134,0
535,3147,0
536,3172,0
533,3204,0
531,3240,0
536,3278,0
546,3308,0
563,3319,0
585,3318,0
611,3302,0
639,3282,0
666,3241,0
690,3195,0
708,3146,0
719,3110,0
719,3091,0
713,3077,0
703,3064,0
696,3063,0
693,3063,0
693,3063,0
695,3064,0
704,3064,0
724,3067,0
755,3059,0
793,3039,0
823,3029,0
846,3023,1
761,3276,0
766,3269,0
780,3250,0
800,3223,0
823,3190,0
846,3163,0
859,3136,0
861,3124,0
856,3124,0
845,3132,0
827,3158,0
805,3192,0
786,3239,0
772,3286,0
764,3325,0
767,3345,0
780,3355,0
800,3352,0
826,3330,0
861,3301,0
895,3255,1
1049,2977,0
1044,2989,0
1039,3013,0
1031,3036,0
1027,3060,1
1127,3252,0
1143,3232,0
1169,3204,0
1200,3163,0
1233,3117,0
1265,3066,0
1290,3021,0
1307,2984,0
1314,2967,0
1312,2959,0
1305,2959,0
1291,2972,0
1270,3002,0
1245,3052,0
1218,3105,0
1198,3166,0
1186,3219,0
1185,3255,0
1195,3278,0
1213,3289,0
1238,3284,0
1269,3259,0
1308,3224,0
1351,3173,0
1395,3116,0
1434,3054,0
1467,3011,0
1486,2975,0
1494,2951,0
1493,2938,0
1487,2931,0
1479,2928,0
1467,2934,0
1452,2952,0
1433,2987,0
1411,3025,0
1392,3068,0
1381,3113,0
1375,3150,0
1376,3186,0
1384,3214,0
1399,3236,0
1419,3242,0
1446,3239,0
1479,3218,0
1517,3189,0
1553,3156,0
1583,3130,0
1605,3110,1
1846,3222,0
1852,3212,0
1866,3188,0
1887,3157,0
1911,3118,0
1940,3084,0
1966,3051,0
1992,3035,0
2005,3023,0
2013,3024,0
2017,3031,0
2014,3049,0
2003,3082,0
1984,3117,0
1960,3153,0
1935,3185,0
1918,3207,0
1913,3216,0
1910,3214,0
1911,3201,0
1927,3180,0
1946,3149,0
1973,3116,0
2006,3081,0
2041,3048,0
2075,3024,0
2101,3007,0
2117,2996,0
2125,2998,0
2124,2994,0
2124,3006,0
2113,3028,0
2095,3059,0
2076,3095,0
2060,3127,0
2054,3150,0
2055,3161,0
2064,3167,0
2078,3167,0
2097,3156,0
2123,3134,0
2155,3101,0
2193,3066,0
2226,3032,0
2251,3004,0
2270,2992,0
2277,2984,0
2280,2987,0
2280,2992,0
2273,3013,0
2256,3045,0
2231,3086,0
2203,3131,0
2181,3173,0
2162,3197,0
2158,3203,0
2158,3203,0
2166,3196,0
2190,3170,0
2226,3127,0
2274,3081,0
2326,3037,0
2373,3004,0
2408,2987,0
2427,2987,0
2438,2995,0
2441,3008,0
2437,3032,0
2429,3070,0
2410,3100,0
2398,3129,0
2396,3143,0
2397,3142,0
2405,3139,0
2419,3119,0
2450,3096,0
2487,3064,0
2529,3031,0
2569,3001,0
2610,2984,0
2641,2972,0
2664,2963,0
2683,2957,0
2700,2957,0
2709,2956,0
2712,2958,0
2709,2955,0
2712,2958,0
2705,2953,0
2697,2953,0
2679,2955,0
2659,2975,0
2631,3004,0
2608,3040,0
2589,3072,0
2579,3095,0
2582,3111,0
2585,3114,0
2593,3115,0
2606,3109,0
2623,3094,0
2644,3071,0
2668,3048,0
2683,3030,0
2689,3027,0
2692,3030,0
2690,3031,0
2689,3049,0
2681,3077,0
2668,3116,0
2653,3169,0
2634,3229,0
2614,3297,0
2593,3364,0
2573,3427,0
2549,3477,0
2529,3520,0
2511,3546,0
2501,3550,0
2492,3540,0
2492,3528,0
2489,3486,0
2502,3440,0
2518,3382,0
2536,3312,1
2205,2881,0
2183,2872,0
2178,2871,0
2179,2869,0
2186,2867,1
2954,3081,0
2972,3061,0
3000,3028,0
3033,2991,0
3069,2951,0
3102,2918,0
3124,2892,0
3139,2880,0
3143,2877,0
3144,2876,0
3139,2889,0
3127,2924,0
3110,2970,0
3094,3022,0
3081,3065,0
3079,3095,0
3082,3103,0
3099,3106,0
3117,3088,0
3147,3058,0
3180,3009,0
3218,2960,0
3253,2918,0
3273,2891,0
3282,2885,0
3280,2881,0
3281,2886,0
3271,2898,0
3253,2928,0
3236,2972,0
3226,3020,0
3216,3057,0
3214,3079,0
3220,3088,0
3236,3092,0
3256,3082,0
3281,3058,0
3315,3021,0
3353,2977,0
3389,2942,0
3419,2922,0
3434,2914,0
3442,2917,0
3441,2924,0
3434,2945,0
3421,2978,0
3394,3011,0
3371,3043,0
3354,3067,0
3349,3077,0
3351,3081,0
3351,3074,0
3359,3048,0
3380,3011,0
3415,2972,0
3450,2931,0
3492,2905,0
3522,2885,0
3543,2877,0
3554,2878,0
3561,2887,0
3566,2903,0
3561,2925,0
3559,2959,0
3551,2988,0
3546,3007,0
3549,3021,0
3552,3023,0
3553,3023,0
3554,3022,0
3554,3021,0
3555,3021,0
3552,3018,0
3556,3020,0
3552,3018,0
3552,3018,0
3553,3017,0
3549,3016,0
3551,3018,0
3554,3021,0
3551,3018,0
3551,3019,0
3554,3021,0
3548,3016,0
3551,3019,0
3547,3018,0
3549,3021,0
3549,3021,0
3545,3013,1
3376,3049,0
3362,3082,0
3356,3122,0
3339,3155,0
3323,3192,0
3308,3228,0
3295,3262,0
3265,3312,0
3264,3313,0
3263,3308,0
3264,3293,0
3271,3269,0
3285,3234,0
3301,3192,0
3322,3148,0
3342,3102,0
3363,3060,0
3387,3021,0
3408,2982,0
3430,2949,0
3451,2925,0
3486,2921,0
3497,2912,0
3506,2910,0
3514,2913,0
3520,2919,0
3525,2930,0
3525,2946,0
3524,2968,0
3520,2993,0
3510,3012,0
3508,3035,0
3500,3052,0
3490,3066,0
3481,3078,0
3474,3089,0
3464,3092,0
3457,3093,0
3447,3091,0
3440,3086,0
3431,3078,0
3421,3070,0
3421,3065,1
3813,2935,0
3834,2914,0
3857,2884,0
3883,2852,0
3906,2816,0
3932,2782,0
3952,2748,0
3974,2718,0
3988,2690,0
3998,2672,0
4007,2662,0
4005,2657,0
4001,2655,0
3999,2659,0
3998,2666,0
3990,2688,0
3978,2719,0
3962,2755,0
3946,2791,0
3927,2830,0
3908,2873,0
3892,2922,0
3870,2968,0
3851,3014,0
3832,3050,0
3819,3078,0
3807,3089,0
3802,3089,0
3801,3084,1
3979,2820,0
4010,2786,0
4038,2748,0
4064,2711,0
4085,2680,0
4097,2660,0
4095,2656,0
4095,2656,0
4091,2660,0
4083,2676,0
4068,2707,0
4049,2747,0
4029,2794,0
4010,2846,0
3989,2892,0
3974,2937,0
3956,2977,0
3948,3008,0
3943,3024,0
3942,3025,0
3944,3023,0
3946,3016,0
3956,2994,0
3970,2963,0
3994,2932,0
4020,2905,0
4043,2881,0
4064,2862,0
4079,2853,0
4089,2852,0
4097,2856,0
4099,2865,0
4102,2886,0
4100,2912,0
4097,2940,0
4094,2967,0
4094,2989,0
4100,3001,0
4111,3008,0
4122,3006,0
4138,3001,0
4155,2983,0
4179,2956,0
4207,2926,0
4234,2895,0
4253,2866,0
4263,2841,0
4269,2823,0
4268,2811,0
4263,2805,0
4258,2804,0
4246,2806,0
4232,2823,0
4215,2848,0
4202,2883,0
4191,2919,0
4181,2954,0
4177,2977,0
4191,2997,0
4204,3006,0
4223,3008,0
4253,3006,0
4289,2989,0
4329,2967,0
4367,2941,1
4949,2774,0
4960,2765,0
4956,2750,0
4949,2738,0
4942,2735,0
4933,2734,0
4913,2741,0
4892,2758,0
4862,2789,0
4837,2823,0
4811,2866,0
4801,2909,0
4792,2948,0
4784,2977,0
4785,2995,0
4794,3004,0
4799,3004,0
4813,2999,0
4830,2983,0
4849,2951,0
4869,2917,0
4887,2878,0
4902,2843,0
4921,2823,0
4921,2794,0
4932,2786,0
4932,2778,0
4935,2780,0
4934,2782,0
4933,2784,0
4929,2796,0
4925,2815,0
4918,2840,0
4913,2869,0
4903,2890,0
4912,2918,0
4907,2932,0
4912,2946,0
4917,2952,0
4924,2956,0
4929,2955,0
4944,2956,0
4951,2946,0
4968,2935,0
4975,2919,0
4992,2902,0
5004,2878,0
5021,2861,0
5030,2841,0
5042,2822,0
5047,2799,0
5062,2784,0
5072,2770,0
5074,2759,0
5079,2753,0
5074,2745,0
5072,2741,0
5073,2738,0
5073,2738,0
5074,2738,0
5072,2739,0
5076,2741,0
5075,2742,0
5075,2743,0
5078,2746,0
5073,2754,0
5072,2770,0
5065,2787,0
5053,2805,0
5050,2832,0
5043,2851,0
5045,2873,0
5044,2890,0
5047,2907,0
5045,2916,0
5067,2929,0
5064,2931,0
5079,2937,0
5085,2937,0
5097,2934,0
5113,2932,0
5123,2923,0
5132,2910,0
5150,2890,0
5168,2871,0
5185,2844,0
5201,2814,0
5218,2787,0
5233,2762,0
5244,2744,0
5249,2736,0
5250,2735,0
5250,2735,0
5248,2738,0
5243,2746,0
5239,2769,0
5228,2794,0
5222,2825,0
5203,2854,0
5197,2885,0
5187,2900,0
5190,2910,0
5191,2909,0
5192,2907,0
5197,2893,0
5207,2864,0
5220,2828,0
5235,2797,0
5250,2781,0
5256,2770,0
5258,2768,0
5262,2769,0
5265,2772,0
5271,2778,0
5280,2784,0
5293,2787,0
5311,2780,0
5334,2767,0
5363,2750,0
5388,2732,0
5418,2720,0
5431,2714,0
5437,2719,0
5443,2724,0
5441,2736,0
5438,2765,0
5426,2801,0
5405,2849,0
5388,2907,0
5363,2967,0
5345,3023,0
5323,3078,0
5303,3128,0
5288,3170,0
5279,3196,0
5277,3206,0
5275,3208,0
5277,3204,0
5281,3192,0
5286,3164,0
5304,3127,0
5322,3072,0
5339,3018,0
5370,2965,0
5392,2916,0
5417,2868,0
5442,2828,0
5470,2788,0
5493,2758,0
5520,2735,0
5544,2719,0
5567,2709,0
5584,2704,0
5598,2704,0
5608,2709,0
5622,2719,0
5616,2785,0
5607,2801,0
5548,2853,0
5536,2858,0
5520,2853,0
5502,2837,0
5495,2825,0
5489,2818,0
5491,2817,0
5491,2817,0
5489,2818,0
5491,2823,0
5501,2840,0
5508,2849,0
5522,2858,0
5535,2861,0
5551,2864,0
5631,2813,0
5661,2786,0
5692,2766,0
5718,2753,0
5744,2738,0
5769,2726,0
5792,2717,0
5812,2712,0
5865,2716,0
5878,2717,0
5883,2716,0
5890,2720,0
5891,2718,0
5887,2709,0
5876,2703,0
5870,2697,0
5835,2703,0
5815,2716,0
5793,2731,0
5774,2758,0
5763,2786,0
5764,2849,0
5774,2854,0
5793,2854,0
5851,2801,0
5882,2761,0
5885,2755,0
5887,2752,0
5884,2748,0
5887,2741,0
5901,2733,0
5942,2717,0
5968,2709,0
5993,2705,0
6018,2707,0
6034,2711,0
6044,2726,0
6046,2749,0
6040,2777,0
6032,2812,0
6015,2842,0
6007,2865,0
6000,2878,0
5999,2878,0
6001,2877,0
6008,2864,0
6023,2835,0
6039,2796,0
6058,2768,0
6077,2743,0
6090,2726,0
6105,2713,0
6120,2701,0
6140,2688,0
6162,2671,0
6190,2649,0
6225,2622,0
6261,2586,0
6305,2548,0
6346,2513,0
6382,2472,0
6408,2441,0
6426,2419,0
6434,2411,0
6431,2407,0
6430,2410,0
6426,2420,0
6411,2447,0
6391,2481,0
6364,2522,0
6341,2574,0
6322,2633,0
6305,2688,0
6274,2733,0
6255,2779,0
6242,2815,0
6231,2844,0
6231,2861,0
6235,2872,1
6230,2716,0
6227,2718,0
6225,2725,0
6229,2735,0
6235,2747,0
6247,2750,0
6261,2751,0
6280,2747,0
6296,2734,0
6324,2714,0
6348,2689,0
6358,2660,0
6348,2634,1
5101,2680,0
5101,2681,0
5104,2682,0
5100,2680,0
5100,2680,0
5099,2683,0
5095,2681,0
5094,2682,0
5093,2684,1