And Eddie was.&quot; Her plump bosom
688
767,3445,0
765,3446,0
767,3430,0
774,3402,0
781,3366,0
791,3315,0
803,3256,0
817,3189,0
832,3127,0
846,3067,0
858,3000,0
868,2948,0
875,2905,0
879,2885,0
880,2885,0
881,2882,0
885,2897,0
891,2938,0
899,2994,0
904,3156,0
904,3231,0
908,3308,0
916,3396,0
922,3425,0
925,3433,0
921,3437,1
789,3331,0
786,3327,0
794,3328,0
813,3321,0
839,3320,0
869,3314,0
921,3313,0
938,3314,1
1016,3308,0
1018,3312,0
1019,3324,0
1020,3348,0
1021,3384,0
1021,3412,0
1020,3432,0
1020,3444,0
1020,3440,0
1023,3432,0
1030,3412,0
1039,3384,0
1050,3352,0
1064,3325,0
1077,3308,0
1089,3300,0
1099,3296,0
1108,3304,0
1116,3325,0
1120,3340,0
1124,3364,0
1129,3388,0
1131,3400,0
1138,3404,1
1208,3305,0
1216,3290,0
1220,3290,0
1220,3290,0
1217,3294,0
1207,3314,0
1197,3342,0
1190,3375,0
1187,3407,0
1189,3435,0
1194,3447,0
1201,3450,0
1208,3442,0
1215,3418,0
1220,3382,0
1222,3337,0
1223,3286,0
1222,3241,0
1220,3197,0
1216,3158,0
1211,3126,0
1211,3146,0
1220,3194,0
1226,3241,0
1237,3293,0
1247,3336,0
1260,3375,0
1274,3407,0
1288,3434,1
1779,3012,0
1780,3011,0
1783,3016,0
1788,3022,0
1794,3037,0
1802,3059,0
1809,3083,0
1817,3110,0
1821,3134,0
1830,3156,0
1835,3163,0
1837,3162,0
1842,3165,0
1841,3153,0
1838,3134,0
1832,3106,0
1824,3078,0
1811,3045,0
1798,3020,0
1779,2991,0
1763,2978,0
1743,2967,0
1725,2967,0
1705,2980,0
1681,3001,0
1661,3042,0
1640,3092,0
1622,3144,0
1611,3198,0
1610,3256,0
1615,3303,0
1628,3346,0
1647,3375,0
1674,3398,0
1705,3404,0
1736,3403,0
1764,3389,0
1788,3375,0
1805,3363,0
1814,3349,0
1815,3341,1
1619,3319,0
1616,3319,0
1623,3318,0
1640,3320,0
1664,3323,1
1907,3322,0
1921,3318,0
1932,3315,0
1938,3314,0
1940,3317,0
1939,3317,0
1932,3320,0
1918,3323,0
1903,3339,0
1891,3363,0
1879,3379,0
1874,3392,0
1872,3405,0
1877,3416,0
1884,3423,0
1894,3421,0
1908,3424,0
1916,3402,0
1925,3375,0
1934,3335,0
1944,3295,0
1951,3243,0
1956,3192,0
1956,3138,0
1956,3093,0
1951,3048,0
1946,3016,0
1943,2999,0
1936,2985,0
1935,2982,0
1936,2985,0
1936,2998,0
1938,3023,1
2055,3296,0
2055,3292,0
2060,3298,0
2061,3298,0
2061,3298,0
2059,3299,0
2051,3298,0
2043,3313,0
2029,3333,0
2017,3354,0
2014,3379,0
2017,3399,0
2024,3414,0
2031,3416,0
2037,3410,0
2048,3399,0
2057,3370,0
2067,3339,0
2073,3295,0
2077,3243,0
2081,3191,0
2080,3141,0
2079,3099,0
2077,3062,0
2072,3033,0
2071,3021,0
2067,3010,0
2065,3006,0
2066,3015,1
2137,3282,0
2133,3284,0
2130,3288,0
2133,3304,0
2133,3326,0
2133,3346,0
2136,3366,0
2142,3382,0
2149,3387,0
2159,3388,0
2171,3380,0
2188,3366,0
2205,3344,0
2219,3313,0
2231,3287,0
2237,3268,0
2240,3258,0
2236,3250,0
2231,3249,0
2226,3255,0
2222,3265,0
2218,3279,0
2220,3295,0
2230,3313,0
2239,3322,0
2253,3330,0
2269,3337,0
2285,3343,0
2295,3340,0
2306,3340,0
2311,3329,0
2318,3322,0
2315,3306,1
2152,3115,0
2139,3107,0
2139,3107,0
2147,3114,0
2152,3107,1
2449,3354,0
2449,3355,0
2451,3354,0
2453,3349,0
2457,3346,1
2919,2813,0
2917,2799,0
2914,2791,0
2914,2792,0
2912,2792,0
2910,2794,0
2907,2816,0
2897,2851,0
2892,2889,0
2888,2910,0
2894,2921,0
2895,2919,0
2899,2913,0
2904,2895,0
2912,2876,0
2915,2844,0
2919,2813,0
2920,2797,0
2923,2800,0
2921,2811,0
2925,2857,0
2927,2889,0
2937,2906,0
2941,2909,0
2941,2903,1
3373,2876,0
3373,2871,0
3370,2864,0
3373,2866,0
3373,2866,0
3377,2873,0
3376,2884,0
3381,2917,0
3378,2961,0
3374,3011,0
3371,3059,0
3369,3106,0
3370,3151,0
3370,3191,0
3375,3227,0
3375,3252,0
3379,3274,1
3313,3225,0
3312,3224,0
3317,3226,0
3326,3230,0
3341,3233,0
3360,3234,0
3378,3230,0
3394,3213,0
3407,3189,1
3411,3016,0
3410,2970,0
3408,2936,0
3403,2914,0
3404,2913,0
3406,2912,0
3403,2914,0
3410,2945,0
3412,2989,0
3414,3046,0
3408,3107,0
3408,3168,0
3407,3218,0
3411,3260,0
3421,3288,0
3436,3302,0
3457,3307,0
3474,3293,0
3493,3273,0
3509,3246,0
3519,3218,0
3527,3196,0
3525,3182,0
3520,3175,0
3516,3174,0
3516,3178,0
3513,3182,0
3514,3196,0
3515,3211,0
3518,3228,0
3525,3243,0
3537,3254,0
3554,3257,0
3573,3251,0
3597,3242,0
3619,3224,0
3633,3206,0
3643,3192,0
3644,3182,0
3643,3177,0
3638,3177,0
3630,3177,0
3626,3186,0
3614,3196,0
3613,3213,0
3615,3232,0
3617,3246,0
3621,3258,0
3631,3266,0
3638,3269,0
3644,3271,0
3650,3271,0
3652,3269,0
3651,3259,0
3650,3245,0
3648,3226,0
3648,3214,0
3651,3207,0
3650,3202,0
3661,3204,0
3672,3204,0
3689,3201,0
3702,3194,0
3718,3191,1
4143,3152,0
4145,3156,0
4138,3158,0
4140,3179,0
4145,3214,0
4155,3255,0
4164,3303,0
4161,3349,0
4162,3409,0
4162,3470,0
4160,3521,0
4161,3563,0
4160,3580,0
4162,3584,0
4159,3581,0
4151,3561,0
4146,3528,0
4138,3481,0
4131,3427,0
4130,3373,0
4127,3315,0
4130,3263,0
4136,3217,0
4145,3175,0
4157,3149,0
4171,3136,0
4180,3132,0
4195,3140,0
4212,3163,0
4223,3191,0
4227,3226,0
4222,3256,0
4213,3287,0
4200,3312,0
4184,3332,0
4169,3347,0
4159,3357,0
4159,3362,0
4164,3363,0
4176,3356,0
4200,3345,0
4225,3315,0
4250,3277,0
4277,3228,0
4299,3175,0
4317,3119,0
4327,3062,0
4331,3002,0
4333,2951,0
4332,2908,0
4331,2890,0
4330,2886,0
4325,2885,0
4326,2897,0
4322,2932,0
4319,2980,0
4315,3044,0
4312,3113,0
4310,3175,0
4311,3226,0
4318,3266,0
4329,3288,0
4344,3302,0
4357,3300,0
4377,3290,0
4394,3266,0
4408,3240,0
4418,3216,0
4421,3201,0
4420,3196,0
4420,3196,0
4420,3197,0
4422,3213,0
4423,3235,0
4427,3259,0
4435,3282,0
4443,3296,0
4451,3300,0
4461,3299,0
4475,3291,0
4484,3275,0
4491,3250,0
4499,3229,0
4500,3221,0
4499,3222,0
4498,3223,0
4502,3231,0
4509,3247,0
4519,3266,0
4533,3281,0
4543,3294,0
4554,3305,0
4562,3315,1
4580,3245,0
4572,3236,0
4570,3228,0
4567,3224,0
4569,3223,0
4567,3224,0
4567,3224,0
4571,3238,0
4577,3256,0
4577,3272,0
4579,3283,0
4583,3291,0
4587,3293,0
4588,3291,0
4591,3288,0
4598,3274,0
4606,3252,0
4615,3236,0
4624,3226,0
4629,3221,0
4630,3218,0
4629,3219,0
4633,3228,0
4633,3246,0
4632,3266,0
4633,3288,0
4634,3306,0
4635,3316,0
4639,3318,0
4641,3316,0
4647,3309,0
4656,3293,0
4668,3272,0
4676,3251,0
4687,3238,0
4698,3232,0
4696,3227,0
4700,3228,0
4705,3235,0
4708,3245,0
4713,3257,0
4719,3267,0
4728,3277,0
4734,3281,0
4742,3279,0
4749,3264,0
4761,3244,0
4770,3220,0
4778,3197,0
4788,3186,0
4786,3182,0
4787,3182,0
4784,3185,0
4786,3201,0
4781,3226,0
4777,3262,0
4775,3300,0
4773,3341,0
4772,3379,0
4770,3417,0
4775,3453,0
4777,3481,0
4781,3496,0
4782,3501,0
4782,3495,0
4780,3467,0
4777,3433,0
4775,3393,0
4772,3355,0
4772,3317,0
4768,3278,0
4773,3247,0
4779,3222,0
4783,3205,0
4787,3200,0
4788,3199,0
4794,3204,0
4804,3216,0
4818,3238,0
4829,3281,0
4833,3301,0
4828,3313,0
4828,3320,0
4821,3327,0
4807,3325,0
4796,3327,0
4778,3323,0
4755,3320,0
4753,3315,0
4758,3309,0
4767,3305,0
4782,3305,1
5313,3271,0
5319,3256,0
5320,3228,0
5326,3192,0
5335,3145,0
5344,3090,0
5352,3035,0
5360,2980,0
5361,2926,0
5363,2880,0
5365,2838,0
5366,2806,0
5361,2784,0
5355,2777,0
5350,2778,0
5342,2792,0
5331,2825,0
5317,2869,0
5306,2929,0
5294,2999,0
5282,3074,0
5284,3146,0
5290,3209,0
5298,3257,0
5316,3287,0
5342,3307,0
5366,3315,0
5388,3311,0
5407,3300,0
5420,3288,0
5428,3270,0
5429,3253,0
5421,3237,0
5414,3228,0
5401,3218,0
5395,3213,0
5389,3207,1
5484,3218,0
5504,3216,0
5520,3215,0
5534,3216,0
5537,3217,0
5537,3218,0
5532,3218,0
5518,3218,0
5506,3229,0
5488,3240,0
5477,3255,0
5469,3267,0
5463,3281,0
5467,3291,0
5472,3297,0
5477,3298,0
5485,3293,0
5496,3284,0
5504,3273,0
5511,3256,0
5517,3240,0
5518,3224,0
5519,3216,0
5520,3214,0
5520,3214,0
5525,3214,0
5537,3217,0
5554,3215,0
5574,3213,0
5588,3206,0
5609,3205,0
5627,3206,0
5639,3211,0
5653,3218,0
5661,3228,0
5668,3240,0
5667,3255,0
5666,3269,0
5667,3283,0
5660,3286,0
5658,3288,0
5658,3288,0
5658,3288,0
5660,3287,0
5657,3284,0
5657,3283,0
5662,3284,0
5664,3280,0
5673,3281,0
5721,3260,0
5741,3244,0
5757,3220,0
5773,3197,0
5783,3173,0
5785,3155,0
5786,3145,0
5783,3142,0
5767,3160,0
5767,3182,0
5761,3207,0
5764,3230,0
5769,3246,0
5784,3259,0
5795,3263,1
5809,3265,0
5829,3247,0
5837,3235,0
5835,3218,0
5829,3206,0
5824,3198,0
5821,3195,0
5818,3191,0
5831,3194,0
5840,3194,0
5857,3197,0
5873,3195,0
5895,3197,0
5914,3197,0
5931,3201,0
5951,3214,0
5961,3228,0
5965,3245,0
5968,3262,0
5967,3278,0
5968,3284,0
5967,3285,0
5969,3284,0
5982,3247,0
5988,3228,0
5997,3216,0
6003,3206,0
6004,3204,0
6003,3205,0
6006,3208,0
6010,3217,0
6015,3284,0
6019,3293,0
6023,3294,0
6026,3290,0
6036,3281,0
6047,3263,0
6066,3240,0
6099,3201,0
6113,3186,0
6127,3177,0
6137,3177,0
6140,3180,0
6143,3191,0
6145,3204,0
6150,3218,0
6173,3273,0
6182,3281,0
6190,3291,1