everyone in the house. Lea thought
699
779,3113,0
784,3114,0
793,3115,0
804,3107,0
816,3101,0
827,3086,0
837,3070,0
843,3063,0
845,3055,0
844,3047,0
840,3039,0
832,3030,0
823,3029,0
809,3028,0
791,3046,0
769,3069,0
752,3098,0
748,3131,0
754,3151,0
766,3168,0
784,3182,0
803,3188,0
823,3190,0
845,3188,0
868,3181,1
904,3040,0
905,3043,0
904,3044,0
908,3056,0
914,3072,0
921,3088,0
926,3100,0
932,3117,0
939,3129,0
948,3141,0
954,3141,0
959,3142,0
962,3138,0
967,3130,0
972,3107,0
979,3078,0
988,3051,0
994,3031,0
996,3023,0
996,3023,0
997,3023,1
1061,3100,0
1064,3100,0
1072,3101,0
1082,3093,0
1094,3085,0
1106,3077,0
1113,3064,0
1117,3057,0
1116,3053,0
1112,3048,0
1106,3045,0
1096,3045,0
1085,3044,0
1074,3052,0
1066,3064,0
1064,3076,0
1066,3093,0
1073,3109,0
1082,3121,0
1095,3129,0
1113,3136,0
1130,3132,0
1150,3124,0
1168,3111,0
1183,3095,0
1196,3078,0
1204,3058,0
1212,3042,0
1215,3037,0
1213,3033,0
1215,3037,0
1218,3049,0
1221,3065,0
1225,3077,0
1227,3089,0
1229,3101,0
1230,3105,0
1231,3105,0
1230,3105,0
1229,3105,0
1225,3089,0
1226,3073,0
1230,3052,0
1237,3040,0
1246,3032,0
1254,3023,0
1269,3027,0
1291,3025,0
1319,3027,1
1354,3035,1
1354,3035,0
1360,3043,0
1369,3054,0
1379,3073,0
1389,3088,0
1397,3100,0
1406,3110,0
1416,3118,1
1481,3021,0
1473,3030,0
1464,3052,0
1450,3077,0
1430,3112,0
1411,3150,0
1390,3189,0
1372,3222,0
1358,3252,0
1351,3276,0
1346,3289,0
1349,3300,0
1351,3297,1
1539,3020,0
1532,3025,0
1520,3035,0
1504,3049,0
1496,3067,0
1494,3083,0
1500,3098,0
1512,3105,0
1528,3110,0
1542,3105,0
1552,3095,0
1561,3086,0
1567,3076,0
1566,3064,0
1563,3052,0
1558,3045,0
1549,3038,0
1541,3035,0
1537,3037,0
1536,3036,0
1543,3043,1
1635,3018,0
1633,3019,0
1633,3020,0
1631,3024,0
1631,3032,0
1631,3044,0
1630,3057,0
1631,3072,0
1631,3081,0
1633,3088,0
1633,3089,0
1633,3093,0
1633,3093,0
1631,3085,0
1635,3076,0
1643,3058,0
1653,3036,0
1666,3016,0
1677,3007,0
1683,3009,0
1685,3008,0
1691,3020,0
1691,3024,0
1695,3040,0
1696,3051,0
1701,3066,0
1705,3078,0
1714,3088,0
1725,3094,0
1739,3095,0
1755,3091,0
1769,3080,0
1784,3072,0
1795,3062,0
1798,3044,0
1802,3040,0
1799,3028,0
1795,3024,0
1789,3022,0
1781,3028,0
1766,3031,0
1760,3049,0
1755,3063,0
1756,3075,0
1761,3082,0
1772,3087,0
1790,3095,0
1812,3094,0
1843,3091,1
2140,2971,0
2137,2972,0
2142,2987,0
2146,3007,0
2148,3019,0
2152,3031,0
2155,3042,0
2159,3049,0
2165,3060,1
2153,2901,0
2149,2895,0
2144,2879,0
2144,2871,0
2142,2859,0
2142,2854,0
2142,2850,0
2146,2853,0
2150,2860,1
2202,2951,0
2200,2951,0
2208,2970,0
2212,2985,0
2212,2994,0
2213,3002,0
2213,3011,0
2213,3015,0
2213,3015,0
2215,3018,0
2214,3016,0
2217,3014,0
2222,2999,0
2232,2977,0
2248,2958,0
2262,2948,0
2268,2945,0
2273,2952,0
2275,2960,0
2281,2974,0
2284,2991,0
2284,3008,0
2286,3020,0
2298,3036,0
2314,3042,1
2575,2852,0
2574,2858,0
2577,2878,0
2576,2907,0
2572,2928,0
2574,2948,0
2575,2975,0
2578,2996,0
2581,3013,0
2585,3029,0
2587,3037,0
2589,3041,0
2584,3035,1
2547,2981,0
2558,2975,0
2577,2970,0
2597,2963,0
2620,2955,0
2639,2940,0
2659,2929,0
2666,2912,1
2650,2823,0
2652,2826,0
2651,2831,0
2654,2844,0
2659,2864,0
2659,2883,0
2661,2910,0
2659,2934,0
2658,2958,0
2658,2980,0
2656,2994,0
2663,3008,0
2664,3013,0
2663,3014,0
2662,3014,0
2662,3014,0
2660,3011,0
2661,3006,0
2661,2996,0
2670,2987,0
2675,2970,0
2688,2958,0
2697,2944,0
2709,2941,0
2713,2939,0
2718,2941,0
2719,2945,0
2720,2953,0
2723,2966,0
2722,2975,0
2726,2987,0
2728,2995,0
2732,3002,0
2743,3010,0
2754,3013,0
2769,3013,0
2783,3005,0
2803,3002,0
2816,2989,0
2830,2977,0
2840,2965,0
2843,2953,0
2839,2946,0
2832,2946,0
2823,2953,0
2811,2964,0
2803,2979,0
2801,2989,0
2804,2996,0
2816,3008,0
2835,3016,0
2866,3020,0
2909,3021,0
2954,3015,0
3003,3007,0
3054,3001,1
3229,2794,0
3230,2786,0
3231,2782,0
3229,2778,0
3231,2782,0
3233,2785,0
3235,2799,0
3240,2826,0
3243,2854,0
3245,2883,0
3247,2913,0
3241,2937,0
3240,2964,0
3239,2984,0
3239,3000,0
3240,3009,0
3238,3011,0
3238,3011,0
3240,3009,0
3236,2997,0
3238,2980,0
3247,2958,0
3260,2932,0
3275,2906,0
3295,2885,0
3308,2873,0
3327,2873,0
3339,2874,0
3358,2889,0
3366,2903,0
3375,2927,0
3371,2946,0
3370,2968,0
3361,2985,0
3358,3002,0
3356,3015,0
3357,3025,1
3469,2900,0
3458,2898,0
3448,2907,0
3433,2920,0
3422,2934,0
3419,2947,0
3422,2961,0
3427,2972,0
3440,2982,0
3453,2987,0
3463,2984,0
3476,2978,0
3486,2969,0
3493,2958,0
3493,2943,0
3486,2926,0
3481,2915,0
3472,2907,0
3468,2905,0
3467,2907,0
3468,2911,1
3537,2902,0
3538,2902,0
3537,2902,0
3533,2907,0
3533,2922,0
3530,2937,0
3535,2953,0
3539,2965,0
3551,2977,0
3561,2983,0
3573,2984,0
3585,2984,0
3592,2977,0
3602,2969,0
3610,2950,0
3624,2932,0
3633,2913,0
3639,2902,0
3638,2897,0
3641,2900,0
3638,2898,0
3641,2907,0
3638,2919,0
3636,2938,0
3635,2955,0
3629,2970,0
3633,2989,0
3633,3004,0
3638,3017,1
3791,2912,0
3785,2907,0
3777,2903,0
3762,2901,0
3750,2906,0
3747,2915,0
3746,2927,0
3749,2941,0
3760,2958,0
3764,2972,0
3768,2984,0
3773,2996,0
3768,3000,0
3760,3002,0
3746,3005,0
3729,3004,0
3714,3001,0
3698,2995,0
3689,2987,0
3694,2982,0
3708,2975,1
3844,2966,0
3851,2965,0
3856,2960,0
3868,2953,0
3882,2946,0
3894,2938,0
3905,2932,0
3908,2924,0
3908,2918,0
3909,2917,0
3904,2910,0
3892,2905,0
3879,2907,0
3862,2914,0
3853,2929,0
3843,2944,0
3843,2961,0
3841,2970,0
3850,2983,0
3863,2993,0
3885,2999,0
3919,3004,0
3956,3006,0
3998,3009,0
4035,3011,1
4193,3035,0
4193,3035,0
4195,3034,0
4191,3032,0
4188,3029,0
4186,3026,0
4181,3025,0
4179,3027,0
4184,3028,1
4467,2726,0
4470,2749,0
4469,2777,0
4471,2808,0
4469,2842,0
4468,2875,0
4462,2901,0
4459,2926,0
4458,2945,0
4456,2959,0
4457,2964,0
4460,2968,0
4464,2968,0
4468,2964,0
4484,2957,0
4502,2947,0
4527,2935,0
4555,2926,0
4580,2914,0
4603,2905,0
4623,2898,0
4637,2893,0
4642,2886,0
4649,2884,0
4649,2877,0
4646,2869,0
4649,2864,0
4645,2855,0
4639,2850,0
4636,2847,0
4633,2846,0
4623,2845,0
4614,2851,0
4608,2865,0
4601,2881,0
4599,2897,0
4599,2910,0
4604,2922,0
4613,2931,0
4625,2941,0
4642,2944,0
4673,2945,0
4710,2942,0
4741,2934,0
4772,2926,1
4874,2835,0
4856,2838,0
4840,2847,0
4827,2859,0
4817,2871,0
4812,2886,0
4809,2898,0
4814,2911,0
4822,2920,0
4834,2924,0
4848,2925,0
4862,2919,0
4878,2911,0
4888,2896,0
4898,2884,0
4902,2871,0
4901,2858,0
4903,2848,0
4899,2846,0
4898,2848,0
4899,2853,0
4900,2866,0
4902,2884,0
4905,2900,0
4910,2914,0
4914,2929,0
4917,2938,0
4928,2951,0
4929,2956,1
5221,2729,0
5219,2755,0
5218,2787,0
5222,2825,0
5214,2859,0
5204,2895,0
5199,2925,0
5196,2945,0
5200,2960,1
5147,2859,0
5148,2859,0
5158,2864,0
5173,2864,0
5196,2864,0
5219,2858,0
5247,2844,0
5269,2832,0
5290,2823,1
5291,2690,0
5291,2690,0
5291,2692,0
5288,2703,0
5285,2724,0
5290,2755,0
5289,2785,0
5285,2815,0
5286,2851,0
5280,2882,0
5281,2902,0
5278,2915,0
5282,2924,0
5277,2924,0
5281,2925,0
5278,2922,0
5279,2912,0
5283,2892,0
5297,2871,0
5311,2848,0
5326,2825,0
5339,2818,0
5348,2820,0
5353,2828,0
5363,2842,0
5362,2858,0
5362,2872,0
5366,2890,0
5366,2904,1
5453,2823,1
5429,2833,0
5421,2847,0
5414,2866,0
5412,2883,0
5418,2897,0
5434,2909,0
5446,2913,0
5463,2915,0
5479,2912,0
5494,2905,0
5499,2895,0
5506,2883,0
5509,2872,0
5501,2855,0
5490,2840,0
5482,2831,0
5471,2825,0
5470,2828,0
5465,2829,0
5470,2837,1
5551,2833,0
5549,2837,0
5546,2849,0
5549,2868,0
5552,2885,0
5557,2900,0
5566,2915,0
5577,2929,0
5594,2940,0
5609,2945,0
5624,2944,0
5633,2936,0
5646,2923,0
5660,2906,0
5668,2888,0
5678,2870,0
5680,2849,0
5684,2834,0
5682,2830,0
5686,2832,0
5688,2844,0
5692,2861,0
5700,2879,0
5706,2893,0
5710,2909,0
5721,2924,0
5728,2934,0
5731,2937,0
5731,2936,1
5825,2822,1
5784,2829,0
5761,2847,0
5746,2871,0
5735,2890,0
5737,2903,0
5750,2913,0
5769,2912,0
5783,2902,0
5810,2889,0
5824,2873,0
5841,2859,0
5846,2849,0
5850,2844,0
5844,2846,0
5841,2858,0
5841,2883,0
5843,2912,0
5844,2943,0
5841,2971,0
5837,2994,0
5840,3012,0
5835,3027,0
5829,3039,0
5817,3049,0
5800,3055,0
5784,3058,0
5766,3057,0
5753,3055,0
5743,3048,0
5740,3037,0
5745,3016,0
5757,2986,1
5943,2712,0
5941,2743,0
5937,2775,0
5928,2810,0
5922,2845,0
5914,2876,0
5907,2897,0
5909,2909,0
5904,2910,0
5908,2910,0
5911,2906,0
5919,2893,0
5928,2867,0
5949,2838,0
5967,2811,0
5992,2801,0
6001,2801,0
6012,2815,0
6020,2834,0
6026,2856,0
6029,2876,0
6032,2894,0
6033,2910,0
6033,2918,0
6034,2923,1
6117,2725,0
6116,2753,0
6114,2784,0
6112,2814,0
6108,2846,0
6106,2876,0
6103,2897,0
6105,2910,0
6114,2921,0
6120,2924,0
6118,2921,0
6117,2913,0
6115,2901,1
6087,2851,0
6087,2849,0
6107,2847,0
6136,2844,0
6161,2840,0
6189,2838,0
6212,2838,0
6224,2840,1