than a penny or two out of it. I
571
1414,2582,0
1409,2579,0
1408,2579,0
1408,2583,0
1406,2607,0
1401,2640,0
1400,2684,0
1397,2729,0
1394,2770,1
1383,2678,0
1389,2678,0
1406,2671,0
1430,2664,0
1458,2660,0
1484,2652,0
1510,2651,0
1522,2649,0
1521,2662,1
1428,2810,0
1439,2808,0
1462,2809,0
1490,2801,0
1523,2787,0
1558,2761,0
1594,2733,0
1624,2699,0
1650,2669,0
1666,2636,0
1675,2606,0
1681,2583,0
1679,2559,0
1677,2543,0
1673,2531,0
1667,2524,0
1661,2522,0
1656,2523,0
1648,2525,0
1643,2539,0
1634,2557,0
1625,2584,0
1614,2615,0
1602,2655,0
1588,2694,0
1576,2729,0
1570,2759,0
1566,2775,0
1568,2779,0
1575,2774,0
1585,2764,0
1597,2765,0
1604,2765,0
1614,2774,0
1627,2788,0
1640,2797,0
1659,2801,0
1682,2801,0
1706,2795,0
1727,2782,0
1746,2772,0
1761,2769,0
1763,2765,0
1762,2765,0
1756,2767,0
1745,2773,0
1732,2784,0
1722,2799,0
1716,2809,0
1719,2812,0
1727,2806,0
1744,2790,0
1764,2772,0
1776,2760,0
1784,2762,0
1783,2763,0
1782,2776,0
1779,2789,0
1777,2806,0
1778,2823,0
1783,2829,0
1795,2835,0
1811,2830,0
1825,2822,0
1835,2815,0
1838,2810,0
1841,2813,0
1842,2813,0
1840,2810,0
1847,2811,0
1853,2801,0
1860,2799,0
1868,2801,0
1878,2815,0
1888,2832,0
1903,2849,0
1921,2852,0
1947,2848,0
1968,2832,0
1988,2813,1
2145,2767,0
2147,2761,0
2149,2756,0
2149,2752,0
2143,2745,0
2140,2748,0
2130,2751,0
2123,2767,0
2111,2780,0
2106,2787,0
2106,2786,0
2116,2782,0
2132,2764,0
2142,2755,0
2147,2757,0
2149,2765,0
2158,2783,0
2174,2794,0
2194,2794,0
2220,2787,0
2240,2770,1
2400,2714,0
2406,2712,0
2415,2707,0
2421,2700,0
2433,2693,0
2441,2679,0
2456,2671,0
2464,2658,0
2472,2649,0
2480,2644,0
2485,2642,0
2482,2638,0
2485,2642,0
2482,2643,0
2482,2666,0
2473,2694,0
2461,2728,0
2450,2765,0
2435,2796,0
2422,2816,0
2418,2827,0
2418,2827,0
2421,2817,0
2429,2794,0
2441,2761,0
2460,2733,0
2478,2709,0
2500,2697,0
2522,2695,0
2538,2694,0
2555,2698,0
2568,2700,0
2586,2703,0
2596,2701,0
2608,2700,0
2617,2699,0
2619,2692,0
2622,2687,0
2620,2673,0
2612,2664,0
2600,2662,0
2586,2670,0
2581,2688,0
2575,2705,0
2573,2724,0
2580,2734,0
2596,2739,0
2617,2736,0
2638,2723,0
2660,2709,0
2682,2700,0
2694,2688,0
2707,2680,0
2711,2673,0
2712,2672,0
2711,2673,0
2708,2674,0
2702,2683,0
2692,2699,0
2684,2718,0
2678,2726,0
2677,2728,0
2679,2726,0
2688,2715,0
2704,2700,0
2719,2691,0
2731,2688,0
2741,2691,0
2751,2699,0
2760,2707,0
2770,2715,0
2783,2721,0
2799,2725,0
2813,2724,0
2828,2719,0
2842,2710,0
2855,2701,0
2866,2689,0
2877,2680,0
2883,2671,0
2890,2666,0
2892,2660,0
2890,2656,0
2893,2659,0
2890,2656,0
2892,2660,0
2891,2665,0
2883,2675,0
2881,2692,0
2874,2702,0
2873,2707,0
2874,2707,0
2879,2704,0
2890,2691,0
2905,2675,0
2922,2668,0
2931,2666,0
2938,2671,0
2942,2678,0
2947,2688,0
2960,2700,0
2970,2702,0
2981,2704,0
2991,2701,0
3001,2694,0
3008,2682,0
3016,2681,0
3016,2682,0
3015,2683,0
3012,2680,0
3018,2685,0
3025,2690,0
3033,2689,0
3047,2692,0
3064,2700,0
3074,2707,0
3077,2725,0
3069,2751,0
3055,2782,0
3036,2807,0
3018,2825,0
3011,2831,0
3011,2831,0
3013,2819,0
3033,2795,0
3062,2763,0
3099,2734,0
3144,2714,0
3183,2691,1
3510,2654,0
3505,2648,0
3503,2644,0
3503,2644,0
3497,2639,0
3493,2637,0
3487,2637,0
3477,2637,0
3474,2644,0
3465,2649,0
3462,2662,0
3455,2669,0
3459,2681,0
3461,2690,0
3466,2697,0
3473,2701,0
3482,2703,0
3493,2705,0
3498,2700,0
3507,2691,0
3513,2679,0
3520,2667,0
3525,2657,0
3533,2649,0
3541,2642,0
3548,2634,0
3560,2634,0
3571,2634,0
3576,2635,0
3578,2644,0
3574,2659,0
3569,2681,0
3560,2690,0
3558,2692,0
3559,2692,0
3563,2682,0
3581,2669,0
3602,2649,0
3630,2630,0
3651,2615,0
3670,2606,1
3882,2498,0
3884,2497,0
3884,2497,0
3883,2497,0
3881,2501,0
3876,2513,0
3869,2534,0
3862,2560,0
3854,2587,0
3851,2616,0
3843,2642,0
3841,2662,0
3839,2678,0
3838,2690,0
3837,2696,0
3836,2697,0
3833,2689,1
3848,2552,0
3848,2545,0
3860,2537,0
3882,2531,0
3905,2528,0
3930,2528,0
3955,2530,0
3979,2538,0
3985,2544,1
3867,2706,0
3867,2706,0
3885,2709,0
3903,2701,0
3930,2689,0
3954,2673,0
3978,2658,0
3993,2646,0
4003,2642,0
4002,2643,0
3995,2644,0
3986,2654,0
3976,2666,0
3969,2680,0
3968,2688,0
3973,2695,0
3978,2695,0
3992,2691,0
4010,2681,0
4030,2671,0
4046,2659,0
4055,2648,0
4061,2640,0
4068,2639,0
4069,2637,0
4065,2635,0
4065,2635,0
4065,2637,0
4064,2637,0
4064,2637,0
4063,2638,0
4063,2639,0
4062,2645,0
4060,2660,0
4055,2673,0
4054,2685,0
4058,2692,0
4064,2692,0
4077,2690,0
4100,2680,0
4125,2670,0
4152,2663,0
4170,2653,0
4189,2648,0
4206,2645,0
4213,2644,0
4219,2649,0
4210,2654,0
4196,2665,0
4181,2677,0
4167,2688,0
4166,2695,0
4173,2700,0
4191,2697,0
4221,2678,0
4264,2649,0
4304,2623,0
4333,2606,0
4355,2597,0
4356,2589,0
4348,2586,1
4684,2630,0
4681,2627,0
4678,2624,0
4671,2621,0
4667,2620,0
4662,2619,0
4650,2617,0
4640,2618,0
4628,2621,0
4619,2632,0
4601,2645,0
4589,2663,0
4585,2680,0
4585,2688,0
4592,2692,0
4600,2687,0
4618,2675,0
4632,2656,0
4647,2641,0
4662,2634,0
4670,2630,0
4676,2627,0
4690,2627,0
4702,2625,0
4720,2620,0
4734,2613,0
4745,2604,0
4753,2601,0
4753,2598,0
4753,2599,0
4749,2598,0
4746,2603,0
4738,2615,0
4730,2634,0
4726,2654,0
4727,2667,0
4733,2673,0
4746,2673,0
4762,2665,0
4777,2649,0
4790,2637,0
4804,2632,0
4804,2631,0
4804,2632,0
4801,2643,0
4794,2661,0
4792,2679,0
4787,2692,0
4792,2698,0
4801,2701,0
4817,2699,0
4839,2687,0
4857,2661,0
4883,2634,0
4907,2604,0
4931,2575,0
4946,2550,0
4955,2536,0
4957,2532,0
4956,2533,0
4950,2536,0
4940,2552,0
4926,2574,0
4915,2606,0
4903,2639,0
4897,2671,0
4892,2693,0
4893,2708,0
4892,2716,1
4860,2610,0
4861,2610,0
4871,2608,0
4887,2606,0
4920,2607,0
4955,2605,0
4990,2601,0
5022,2594,0
5052,2591,1
5207,2651,0
5204,2648,0
5202,2645,0
5199,2642,0
5192,2638,0
5183,2637,0
5172,2641,0
5163,2649,0
5151,2661,0
5142,2675,0
5138,2688,0
5146,2697,0
5159,2699,0
5180,2690,0
5207,2675,0
5233,2661,0
5257,2646,0
5277,2630,0
5290,2615,0
5308,2598,0
5327,2580,0
5347,2564,0
5349,2551,0
5351,2547,0
5348,2544,0
5341,2548,0
5325,2560,0
5303,2583,0
5279,2615,0
5265,2656,0
5252,2694,0
5244,2721,0
5243,2738,0
5240,2743,0
5241,2741,0
5238,2732,0
5235,2714,1
5239,2613,0
5239,2613,0
5243,2615,0
5262,2622,0
5287,2627,0
5314,2629,0
5343,2627,0
5371,2625,1
5504,2641,0
5511,2638,0
5523,2634,0
5535,2629,0
5546,2625,0
5552,2622,0
5560,2623,0
5563,2626,0
5561,2629,0
5557,2637,0
5556,2647,0
5552,2654,0
5547,2654,1
5598,2589,0
5610,2591,0
5607,2588,0
5612,2587,0
5612,2585,0
5624,2589,0
5622,2592,0
5619,2598,1
5550,2667,0
5547,2672,0
5552,2679,0
5564,2683,0
5580,2678,0
5600,2667,0
5627,2651,0
5660,2632,0
5692,2607,0
5723,2581,0
5750,2555,0
5763,2529,0
5773,2519,0
5774,2517,0
5772,2520,0
5763,2529,0
5750,2555,0
5731,2584,0
5711,2613,0
5703,2644,0
5693,2664,0
5690,2678,0
5694,2688,0
5693,2690,1
5668,2583,0
5681,2576,0
5721,2567,0
5769,2562,0
5815,2560,0
5853,2563,0
5880,2564,0
5891,2561,0
5895,2560,1
5908,2719,0
5900,2719,0
5915,2724,0
5912,2721,0
5933,2724,1
6253,2397,0
6254,2404,0
6266,2428,0
6285,2463,0
6300,2500,0
6307,2542,0
6294,2589,0
6279,2649,0
6246,2708,0
6220,2762,0
6192,2807,0
6167,2836,0
6152,2857,1