there was the big
426
439,1684,0
455,1716,0
460,1744,0
488,1789,0
489,1827,0
494,1875,0
501,1920,0
511,1961,0
523,2011,0
537,2048,0
547,2080,0
553,2094,0
557,2104,1
649,1843,0
632,1838,0
612,1832,0
581,1832,0
533,1829,0
489,1831,0
464,1848,0
415,1859,0
370,1845,0
334,1834,0
309,1836,0
301,1832,0
299,1853,1
666,1722,0
672,1749,0
673,1778,0
669,1814,0
670,1848,0
672,1885,0
667,1925,0
671,1955,0
681,1982,0
684,1999,0
679,2005,0
680,2014,0
691,2009,0
694,1993,0
692,1976,0
709,1951,0
723,1933,0
743,1904,0
766,1889,0
832,1874,0
866,1867,0
902,1868,0
942,1879,0
979,1890,0
1015,1908,0
1051,1929,0
1088,1956,0
1119,1976,0
1147,1991,0
1173,2006,0
1197,2017,0
1219,2024,0
1235,2022,1
1331,1959,0
1346,1949,0
1358,1935,0
1365,1918,0
1372,1904,0
1370,1884,0
1365,1869,0
1359,1858,0
1346,1848,0
1331,1846,0
1316,1852,0
1305,1870,0
1290,1884,0
1285,1908,0
1284,1933,0
1293,1960,0
1308,1983,0
1327,1996,0
1353,2009,0
1383,2019,0
1406,2016,0
1428,2008,0
1449,2000,0
1464,1985,0
1471,1962,0
1478,1944,0
1480,1928,0
1482,1919,0
1486,1923,0
1484,1923,0
1486,1935,0
1487,1951,0
1490,1971,0
1494,1990,0
1496,2006,0
1494,2014,0
1495,2022,0
1494,2023,0
1493,2019,0
1491,2007,0
1488,1988,0
1488,1963,0
1490,1938,0
1494,1913,0
1500,1886,0
1513,1867,0
1530,1850,0
1554,1843,0
1582,1838,0
1609,1835,0
1640,1841,0
1669,1848,0
1696,1860,1
1775,1946,0
1784,1942,0
1797,1937,0
1812,1927,0
1828,1911,0
1844,1895,0
1862,1879,0
1874,1860,0
1879,1841,0
1874,1820,0
1865,1807,0
1843,1795,0
1824,1795,0
1804,1804,0
1788,1820,0
1778,1845,0
1776,1877,0
1779,1905,0
1793,1939,0
1817,1971,0
1843,1996,0
1882,2019,0
1921,2031,0
1965,2038,0
2010,2038,0
2050,2027,0
2079,2007,0
2104,1988,0
2119,1966,1
2627,1807,0
2618,1819,0
2614,1845,0
2610,1876,0
2604,1908,0
2598,1940,0
2597,1972,0
2596,1999,0
2596,2019,0
2598,2033,0
2600,2037,0
2601,2036,0
2603,2024,0
2606,2002,0
2612,1980,0
2618,1959,0
2631,1948,0
2644,1942,0
2661,1943,0
2680,1952,0
2705,1968,0
2731,1988,0
2761,2009,0
2794,2032,0
2823,2051,0
2848,2065,0
2872,2075,0
2887,2072,0
2898,2061,0
2903,2039,0
2905,2010,0
2905,1976,0
2900,1935,0
2902,1899,0
2902,1864,0
2913,1840,0
2929,1823,1
3163,1863,0
3184,1869,0
3194,1869,0
3188,1863,0
3181,1859,0
3160,1853,0
3133,1849,0
3101,1850,0
3062,1852,0
3021,1858,0
2989,1870,0
2960,1883,0
2941,1899,0
2938,1920,0
2941,1939,0
2952,1956,0
2979,1975,0
3006,1987,0
3038,1993,0
3062,1985,0
3089,1973,0
3115,1956,0
3133,1935,0
3151,1915,0
3161,1896,0
3168,1882,0
3178,1876,0
3176,1872,0
3180,1879,0
3187,1895,0
3195,1918,0
3204,1945,0
3212,1972,0
3222,1997,0
3235,2019,0
3252,2037,0
3272,2049,1
3563,1825,0
3553,1818,0
3532,1813,0
3517,1814,0
3500,1819,0
3485,1825,0
3479,1836,0
3472,1845,0
3469,1855,0
3479,1869,0
3498,1884,0
3525,1901,0
3551,1920,0
3576,1940,0
3600,1961,0
3616,1980,0
3624,1997,0
3626,2014,0
3618,2026,0
3600,2030,0
3569,2025,0
3538,2012,0
3506,1995,0
3479,1978,0
3452,1959,0
3437,1947,0
3432,1940,0
3431,1934,0
3446,1935,1
4317,1653,0
4324,1676,0
4328,1705,0
4333,1741,0
4337,1779,0
4336,1817,0
4338,1856,0
4336,1894,0
4336,1928,0
4335,1955,0
4338,1974,0
4345,1985,0
4347,1983,1
4476,1812,0
4391,1823,0
4347,1829,0
4302,1829,0
4253,1829,0
4208,1829,0
4164,1825,0
4126,1819,0
4102,1814,0
4091,1810,0
4093,1805,1
4478,1655,0
4479,1652,0
4478,1657,0
4477,1669,0
4483,1692,0
4487,1722,0
4493,1759,0
4498,1795,0
4502,1831,0
4511,1868,0
4514,1898,0
4519,1922,0
4520,1938,0
4521,1946,0
4521,1945,0
4526,1936,0
4535,1918,0
4543,1894,0
4559,1871,0
4575,1846,0
4597,1827,0
4621,1814,0
4649,1810,0
4683,1813,0
4714,1821,0
4741,1833,0
4771,1851,0
4801,1874,0
4830,1896,0
4850,1919,0
4871,1941,0
4893,1960,0
4909,1972,1
4931,1906,0
4949,1894,0
4961,1877,0
4982,1861,0
4994,1842,0
5006,1822,0
5014,1806,0
5016,1790,0
5016,1780,0
5009,1775,0
4992,1775,0
4984,1785,0
4973,1800,0
4968,1821,0
4966,1847,0
4976,1874,0
4988,1897,0
5012,1920,0
5035,1936,0
5062,1947,0
5094,1952,0
5127,1949,0
5156,1942,0
5185,1933,0
5212,1924,1
5652,1580,0
5651,1571,0
5651,1571,0
5649,1575,0
5645,1590,0
5643,1609,0
5641,1641,0
5643,1677,0
5643,1713,0
5636,1747,0
5634,1778,0
5629,1802,0
5627,1820,0
5627,1830,0
5623,1831,0
5619,1827,0
5624,1816,0
5629,1799,0
5641,1780,0
5656,1763,0
5678,1744,0
5704,1733,0
5735,1725,0
5777,1727,0
5820,1738,0
5859,1760,0
5898,1783,0
5922,1810,0
5936,1843,0
5935,1871,0
5920,1901,0
5893,1928,0
5853,1946,0
5808,1952,0
5751,1944,0
5687,1930,0
5629,1906,0
5571,1877,0
5522,1848,0
5494,1821,0
5481,1797,1
6034,1788,0
6042,1792,0
6040,1798,0
6041,1810,0
6035,1826,0
6029,1845,0
6030,1865,0
6029,1880,0
6027,1884,1
6025,1687,0
6028,1676,0
6030,1672,0
6030,1671,0
6034,1672,1
6230,1873,0
6242,1864,0
6245,1855,0
6240,1841,0
6232,1826,0
6219,1816,0
6204,1811,0
6187,1812,0
6172,1819,0
6156,1831,0
6147,1844,0
6138,1860,0
6143,1870,0
6148,1880,0
6166,1887,0
6173,1891,0
6196,1885,0
6215,1877,0
6232,1866,0
6242,1860,0
6252,1858,0
6259,1862,0
6264,1874,0
6268,1900,0
6273,1935,0
6280,1974,0
6290,2019,0
6285,2070,0
6285,2115,0
6267,2161,0
6244,2200,0
6214,2229,0
6179,2244,0
6136,2244,0
6087,2225,0
6034,2198,0
5984,2160,0
5940,2119,0
5913,2079,0
5900,2046,0
5905,2022,0
5924,2007,0
5950,1996,0
5974,1997,0
5998,2001,1