coming up the stairs and she &apos;d looked
742
1166,3287,1
1137,3320,0
1124,3341,0
1113,3360,0
1108,3385,0
1107,3404,0
1109,3416,0
1117,3428,0
1130,3436,0
1146,3440,0
1165,3439,0
1187,3435,0
1205,3426,1
1352,3305,0
1345,3322,0
1341,3350,0
1341,3378,0
1345,3394,0
1355,3405,0
1370,3416,0
1385,3414,0
1402,3404,0
1416,3391,0
1428,3378,0
1433,3353,0
1434,3329,0
1433,3317,0
1428,3305,0
1421,3298,0
1411,3291,0
1400,3284,0
1392,3285,0
1385,3282,0
1383,3282,1
1515,3351,0
1511,3363,0
1510,3375,0
1507,3372,0
1508,3376,0
1510,3372,0
1512,3359,0
1520,3342,0
1526,3317,0
1535,3300,0
1546,3286,0
1559,3280,0
1570,3274,0
1579,3273,0
1585,3271,0
1592,3279,0
1596,3290,0
1599,3305,0
1599,3322,0
1599,3339,0
1599,3346,0
1601,3358,0
1602,3358,0
1607,3361,0
1613,3352,0
1626,3342,0
1633,3320,0
1645,3314,0
1655,3308,0
1665,3303,0
1672,3301,0
1679,3304,0
1684,3307,0
1687,3310,0
1693,3321,0
1697,3333,0
1700,3344,0
1701,3352,0
1704,3364,0
1708,3372,0
1708,3371,1
1789,3322,0
1790,3330,0
1793,3346,0
1792,3358,0
1793,3374,0
1794,3382,0
1792,3382,0
1794,3386,0
1795,3378,1
1788,3248,0
1782,3241,0
1780,3238,0
1779,3238,0
1778,3238,1
1835,3344,0
1833,3353,0
1833,3361,0
1831,3357,0
1833,3361,0
1833,3356,0
1839,3355,0
1844,3341,0
1849,3324,0
1857,3310,0
1866,3300,0
1875,3289,0
1888,3289,0
1895,3284,0
1905,3289,0
1912,3292,0
1919,3302,0
1923,3309,0
1927,3321,0
1929,3333,0
1932,3344,0
1932,3352,0
1935,3360,0
1941,3370,0
1948,3373,1
2020,3303,0
2012,3313,0
2002,3333,0
1999,3351,0
2000,3366,0
2005,3378,0
2008,3381,0
2014,3379,0
2029,3375,0
2045,3370,0
2055,3358,0
2062,3353,0
2068,3359,0
2068,3363,0
2069,3388,0
2070,3426,0
2064,3448,0
2055,3463,0
2045,3487,0
2028,3500,0
2010,3510,0
1993,3518,0
1975,3519,0
1956,3515,0
1933,3501,0
1918,3492,0
1916,3493,0
1914,3489,0
1918,3484,1
2297,3284,0
2292,3298,0
2289,3316,0
2286,3335,0
2291,3358,0
2290,3363,0
2298,3373,0
2306,3375,0
2318,3373,0
2330,3365,0
2345,3354,0
2362,3344,0
2373,3322,0
2388,3311,0
2396,3299,0
2405,3300,0
2407,3299,0
2407,3299,0
2409,3307,0
2406,3317,0
2405,3334,0
2403,3348,0
2405,3360,0
2408,3368,0
2414,3370,1
2464,3383,0
2458,3404,0
2453,3423,0
2447,3438,0
2441,3450,0
2439,3460,0
2437,3460,0
2437,3460,0
2438,3450,0
2440,3428,0
2446,3409,0
2451,3389,0
2459,3373,0
2470,3355,0
2477,3334,0
2487,3317,0
2497,3299,0
2508,3286,0
2517,3272,0
2526,3263,0
2538,3262,0
2544,3259,0
2550,3261,0
2555,3267,0
2559,3279,0
2558,3292,0
2553,3304,0
2546,3315,0
2541,3332,0
2531,3340,0
2521,3345,0
2512,3349,0
2505,3352,0
2501,3349,0
2501,3349,0
2503,3344,0
2514,3339,1
2733,3163,0
2731,3173,0
2732,3190,0
2733,3213,0
2729,3233,0
2730,3260,0
2727,3284,0
2723,3304,0
2720,3320,0
2718,3329,0
2721,3341,0
2719,3342,0
2719,3342,1
2704,3247,0
2704,3246,0
2707,3245,0
2709,3244,0
2714,3241,0
2723,3240,0
2731,3240,0
2738,3238,0
2748,3233,1
2811,3173,0
2811,3174,0
2812,3182,0
2813,3196,0
2813,3214,0
2809,3235,0
2803,3256,0
2799,3278,0
2794,3293,0
2791,3304,0
2789,3310,0
2791,3318,0
2792,3317,0
2796,3315,0
2804,3306,0
2813,3292,0
2825,3281,0
2835,3275,0
2845,3274,0
2856,3277,0
2864,3281,0
2871,3287,0
2879,3296,0
2888,3304,0
2894,3305,0
2905,3308,0
2914,3308,0
2926,3305,0
2936,3300,1
2951,3258,0
2947,3257,0
2936,3254,0
2921,3257,0
2912,3268,0
2903,3282,0
2900,3298,0
2905,3313,0
2914,3326,0
2930,3336,0
2946,3336,0
2967,3337,1
3265,3244,0
3259,3252,0
3254,3261,0
3255,3275,0
3263,3288,0
3273,3301,0
3286,3313,0
3298,3323,0
3307,3331,0
3317,3339,0
3320,3341,0
3324,3349,0
3317,3349,0
3307,3351,0
3297,3354,0
3283,3354,0
3264,3347,0
3247,3344,0
3233,3338,0
3224,3334,0
3218,3329,1
3347,3169,0
3346,3175,0
3349,3192,0
3347,3209,0
3346,3230,0
3342,3252,0
3332,3269,0
3332,3289,0
3334,3308,0
3337,3320,0
3339,3328,0
3341,3332,0
3339,3329,1
3317,3276,0
3317,3276,0
3318,3274,0
3318,3270,0
3331,3270,0
3345,3270,0
3361,3272,0
3375,3273,0
3387,3269,1
3539,3247,0
3537,3250,0
3523,3250,0
3513,3258,0
3496,3267,0
3486,3284,0
3475,3303,0
3471,3321,0
3473,3339,0
3482,3352,0
3494,3358,0
3510,3361,0
3528,3357,0
3550,3351,0
3568,3341,0
3581,3327,0
3592,3313,0
3596,3299,0
3599,3296,0
3600,3296,0
3597,3293,0
3601,3296,0
3599,3296,0
3597,3298,0
3597,3303,0
3599,3317,0
3604,3334,0
3611,3348,0
3621,3361,1
3656,3223,0
3656,3223,0
3657,3223,0
3660,3226,0
3660,3226,1
3730,3366,0
3730,3366,0
3731,3365,0
3735,3361,0
3733,3347,0
3737,3328,0
3737,3308,0
3744,3296,0
3748,3287,0
3755,3281,0
3762,3276,0
3771,3272,0
3781,3270,0
3795,3273,0
3805,3275,0
3815,3276,0
3826,3279,1
3910,3289,0
3909,3290,0
3903,3285,0
3901,3286,0
3892,3283,0
3883,3286,0
3876,3292,0
3871,3303,0
3869,3315,0
3870,3329,0
3877,3344,0
3893,3363,0
3904,3375,0
3913,3382,0
3921,3386,0
3924,3388,0
3924,3388,0
3919,3387,0
3909,3387,0
3889,3377,0
3870,3368,0
3853,3360,0
3837,3348,0
3829,3344,0
3829,3345,1
4249,3331,0
4244,3330,0
4238,3330,0
4234,3334,0
4227,3335,0
4218,3339,0
4210,3346,0
4202,3359,0
4196,3377,0
4187,3391,0
4186,3403,0
4196,3416,0
4196,3411,0
4205,3413,0
4208,3404,0
4217,3395,0
4226,3386,0
4238,3375,0
4247,3361,0
4258,3350,0
4265,3337,0
4274,3328,0
4283,3320,0
4291,3315,0
4293,3313,0
4292,3314,0
4294,3318,0
4303,3339,0
4303,3356,0
4309,3373,0
4314,3384,0
4326,3395,0
4336,3397,1
4406,3387,0
4403,3395,0
4402,3397,0
4403,3395,0
4406,3392,0
4410,3378,0
4419,3356,0
4430,3333,0
4447,3321,0
4460,3313,0
4470,3308,0
4482,3307,0
4490,3310,0
4500,3317,0
4505,3329,0
4510,3346,0
4513,3362,0
4516,3370,0
4522,3381,0
4529,3385,0
4536,3385,1
4587,3334,0
4578,3344,0
4570,3358,0
4562,3374,0
4553,3388,0
4553,3402,0
4550,3404,0
4561,3404,0
4572,3392,0
4589,3379,0
4603,3358,0
4620,3332,0
4632,3300,0
4640,3274,0
4651,3255,0
4658,3241,0
4663,3229,0
4672,3226,0
4673,3223,0
4672,3226,0
4671,3232,0
4672,3255,0
4673,3285,0
4676,3306,0
4688,3322,1
5059,3308,0
5051,3305,0
5043,3303,0
5031,3305,0
5020,3312,0
5006,3317,0
4998,3327,0
4992,3341,0
4988,3352,0
4989,3363,0
4997,3373,0
5008,3385,0
5017,3392,0
5028,3397,0
5032,3399,0
5035,3402,0
5033,3403,0
5028,3404,0
5020,3408,0
5000,3407,0
4983,3408,0
4960,3404,0
4940,3403,0
4924,3403,0
4910,3402,1
5143,3226,0
5140,3235,0
5140,3255,0
5131,3274,0
5128,3297,0
5127,3320,0
5119,3336,0
5117,3351,0
5113,3361,0
5114,3368,0
5114,3368,0
5118,3369,0
5121,3365,0
5130,3353,0
5139,3336,0
5148,3324,0
5161,3320,0
5173,3319,0
5178,3317,0
5190,3323,0
5195,3329,0
5197,3339,0
5204,3356,0
5204,3369,0
5207,3380,0
5214,3390,0
5215,3394,0
5221,3399,0
5231,3401,1
5265,3369,0
5272,3366,0
5285,3362,0
5296,3354,0
5309,3344,1
5349,3310,0
5350,3303,0
5344,3298,0
5340,3296,0
5327,3293,0
5318,3298,0
5304,3303,0
5291,3313,0
5277,3326,0
5270,3341,0
5267,3358,0
5267,3373,0
5273,3385,0
5288,3399,0
5302,3406,0
5321,3408,0
5344,3410,0
5366,3408,0
5384,3404,0
5396,3401,1
5419,3144,0
5419,3148,0
5419,3157,0
5413,3165,0
5414,3177,0
5412,3188,0
5412,3195,0
5414,3199,0
5412,3201,1
5496,3305,0
5487,3317,0
5481,3333,0
5470,3348,0
5465,3362,0
5465,3375,0
5465,3381,0
5472,3386,0
5481,3387,0
5501,3387,0
5514,3376,0
5535,3366,0
5552,3351,0
5566,3329,0
5579,3304,0
5588,3278,0
5598,3257,0
5600,3240,0
5604,3226,0
5604,3213,0
5607,3207,0
5604,3204,0
5603,3205,0
5601,3209,0
5602,3228,0
5602,3257,0
5601,3279,0
5606,3308,0
5612,3335,0
5620,3358,0
5631,3378,0
5637,3389,0
5646,3397,1
5820,3181,0
5824,3189,0
5828,3198,0
5834,3212,0
5840,3231,0
5844,3254,0
5851,3281,0
5855,3311,0
5857,3337,0
5864,3363,0
5865,3375,0
5872,3387,0
5882,3393,1
5986,3308,0
5981,3308,0
5972,3307,0
5965,3310,0
5950,3312,0
5940,3321,0
5924,3329,0
5916,3341,0
5910,3352,0
5904,3361,0
5902,3370,0
5908,3382,0
5912,3391,0
5918,3398,0
5925,3401,0
5927,3399,0
5933,3395,1
5948,3337,0
5935,3350,0
5928,3366,0
5925,3380,0
5924,3387,0
5930,3395,0
5942,3398,0
5953,3395,0
5972,3390,0
5986,3380,0
6000,3367,0
6013,3354,0
6017,3341,0
6020,3329,0
6010,3322,0
6013,3317,0
6006,3314,1
6133,3223,1
6132,3240,0
6135,3243,0
6137,3247,0
6140,3250,1
6138,3253,0
6138,3252,0
6136,3249,0
6134,3244,0
6135,3243,0
6131,3242,0
6130,3244,0
6126,3249,0
6120,3259,0
6113,3278,0
6110,3299,0
6107,3319,0
6116,3334,0
6120,3343,0
6138,3351,0
6150,3346,0
6163,3342,0
6177,3334,0
6190,3322,0
6194,3308,0
6196,3290,0
6195,3275,0
6189,3263,0
6184,3255,0
6177,3251,0
6174,3248,0
6167,3243,0
6165,3240,1
6273,3127,0
6276,3130,0
6274,3132,0
6273,3141,0
6270,3156,0
6265,3173,0
6259,3192,0
6256,3213,0
6249,3232,0
6243,3250,0
6247,3267,0
6249,3279,0
6256,3290,1
6295,3233,0
6291,3238,0
6283,3245,0
6280,3257,0
6274,3268,0
6266,3281,0
6267,3295,0
6266,3305,0
6275,3314,0
6285,3320,0
6299,3320,0
6322,3320,0
6338,3315,0
6358,3308,0
6377,3298,0
6393,3286,0
6401,3273,0
6404,3260,0
6403,3254,0
6396,3249,0
6385,3245,0
6377,3250,0
6368,3259,0
6360,3273,0
6355,3287,0
6358,3300,0
6365,3310,0
6376,3316,0
6394,3323,0
6410,3320,0
6431,3317,0
6450,3315,0
6464,3309,1
6502,3257,0
6498,3257,0
6493,3257,0
6483,3259,0
6472,3269,0
6466,3288,0
6456,3305,0
6458,3319,0
6462,3326,0
6473,3332,0
6484,3329,0
6500,3325,0
6511,3314,0
6529,3300,0
6540,3279,0
6555,3255,0
6563,3222,0
6567,3200,0
6570,3194,0
6568,3191,0
6570,3194,0
6566,3192,0
6566,3192,0
6565,3204,0
6560,3228,0
6563,3257,0
6563,3281,0
6565,3301,0
6575,3323,1