about it being an ancient
536
982,1570,0
988,1586,0
984,1585,0
980,1594,0
967,1592,0
956,1604,0
945,1619,0
935,1642,0
924,1664,0
921,1689,0
924,1705,0
928,1709,0
934,1710,0
941,1710,0
948,1707,0
955,1704,0
957,1688,0
965,1680,0
971,1665,0
981,1654,0
990,1642,0
994,1622,0
1000,1607,0
1001,1587,0
1002,1575,0
1000,1567,0
999,1566,0
998,1570,0
989,1582,0
985,1606,0
983,1629,0
987,1650,0
996,1659,0
1015,1667,0
1042,1672,0
1066,1664,0
1093,1657,1
1274,1426,0
1272,1426,0
1269,1430,0
1265,1443,0
1261,1464,0
1252,1490,0
1244,1527,0
1236,1568,0
1225,1602,0
1214,1619,0
1211,1631,0
1213,1635,0
1213,1631,0
1220,1619,0
1232,1605,0
1244,1587,0
1255,1566,0
1270,1547,0
1287,1537,0
1303,1534,0
1312,1533,0
1325,1547,0
1331,1562,0
1332,1582,0
1325,1599,0
1319,1621,0
1306,1635,0
1293,1645,0
1277,1652,0
1258,1650,0
1238,1644,0
1225,1642,0
1217,1638,1
1485,1526,0
1482,1530,0
1475,1537,0
1470,1551,0
1464,1565,0
1459,1583,0
1460,1607,0
1463,1623,0
1467,1626,0
1478,1628,0
1491,1620,0
1508,1610,0
1517,1591,0
1532,1578,0
1530,1557,0
1521,1539,0
1510,1530,0
1498,1526,0
1483,1526,0
1476,1532,0
1468,1534,1
1661,1504,0
1660,1505,0
1660,1509,0
1652,1517,0
1650,1539,0
1643,1559,0
1643,1585,0
1648,1605,0
1655,1615,0
1667,1619,0
1682,1617,0
1694,1608,0
1703,1591,0
1715,1577,0
1722,1556,0
1730,1539,0
1730,1529,0
1730,1529,0
1729,1531,0
1728,1540,0
1723,1555,0
1727,1580,0
1737,1598,0
1744,1603,0
1761,1608,0
1773,1607,0
1780,1599,0
1797,1595,0
1815,1586,1
1957,1416,0
1961,1433,0
1956,1455,0
1956,1489,0
1954,1520,0
1955,1546,0
1959,1568,0
1955,1580,0
1959,1592,0
1956,1593,0
1956,1593,0
1955,1589,0
1952,1577,1
1925,1529,0
1926,1527,0
1927,1522,0
1937,1521,0
1950,1522,0
1964,1518,0
1980,1516,0
1998,1513,1
2499,1427,0
2502,1429,0
2497,1428,0
2500,1433,0
2500,1444,0
2501,1467,0
2494,1493,0
2492,1517,0
2481,1535,0
2479,1554,0
2481,1569,0
2480,1570,0
2490,1560,1
2515,1296,0
2514,1297,0
2514,1297,0
2514,1297,0
2519,1298,0
2515,1296,0
2521,1301,0
2528,1306,0
2536,1315,1
2650,1303,0
2648,1320,0
2641,1348,0
2632,1385,0
2627,1425,0
2622,1456,0
2621,1481,0
2620,1500,0
2615,1513,0
2615,1526,0
2609,1532,0
2604,1531,0
2604,1525,1
2580,1450,0
2579,1451,0
2579,1451,0
2579,1451,0
2595,1451,0
2608,1448,0
2621,1445,0
2637,1444,0
2644,1441,1
3156,1336,0
3151,1350,0
3145,1369,0
3143,1397,0
3137,1429,0
3133,1467,0
3117,1499,0
3114,1526,0
3110,1539,0
3107,1543,0
3107,1543,0
3112,1544,0
3108,1541,0
3108,1534,0
3117,1522,0
3119,1504,0
3125,1486,0
3139,1473,0
3151,1460,0
3170,1452,0
3182,1447,0
3203,1452,0
3214,1459,0
3224,1472,0
3227,1489,0
3223,1512,0
3211,1530,0
3201,1546,0
3182,1554,0
3164,1558,0
3154,1559,0
3138,1554,0
3124,1547,1
3288,1498,0
3294,1503,0
3311,1505,0
3327,1503,0
3340,1495,0
3359,1487,0
3366,1475,0
3371,1467,0
3366,1459,0
3361,1453,0
3343,1451,0
3329,1459,0
3307,1473,0
3297,1490,0
3300,1508,0
3301,1522,0
3314,1532,0
3333,1539,0
3351,1541,0
3366,1539,0
3387,1536,1
3453,1450,0
3445,1464,0
3440,1483,0
3433,1502,0
3432,1520,0
3431,1529,0
3434,1532,0
3436,1529,0
3444,1517,1
3488,1347,0
3489,1346,0
3489,1346,0
3484,1346,0
3488,1347,0
3488,1347,0
3486,1352,0
3491,1359,0
3493,1366,1
3570,1435,0
3566,1435,0
3566,1441,0
3558,1457,0
3554,1482,0
3539,1510,0
3532,1537,0
3525,1552,0
3527,1557,0
3528,1554,0
3537,1546,0
3548,1527,0
3558,1500,0
3579,1478,0
3600,1464,0
3606,1459,0
3604,1462,0
3607,1475,0
3610,1496,0
3614,1515,0
3617,1527,0
3633,1537,0
3647,1537,0
3662,1534,0
3687,1530,1
3811,1442,0
3803,1439,0
3795,1439,0
3787,1447,0
3767,1458,0
3753,1479,0
3752,1507,0
3749,1523,0
3754,1529,0
3764,1527,0
3779,1517,0
3798,1497,0
3813,1474,0
3836,1455,0
3842,1441,0
3848,1438,0
3847,1440,0
3846,1451,0
3834,1477,0
3824,1517,0
3805,1565,0
3790,1617,0
3771,1669,0
3752,1710,0
3742,1737,0
3725,1747,0
3711,1749,0
3692,1741,0
3682,1727,0
3685,1705,0
3699,1673,0
3733,1638,0
3781,1599,0
3836,1555,0
3884,1510,0
3939,1479,0
3976,1454,1
4534,1357,0
4535,1356,0
4535,1356,0
4526,1357,0
4520,1361,0
4508,1372,0
4490,1387,0
4477,1411,0
4458,1439,0
4443,1467,0
4441,1484,0
4445,1496,0
4447,1500,0
4456,1500,0
4466,1496,0
4476,1483,0
4491,1465,0
4505,1440,0
4519,1414,0
4527,1391,0
4536,1377,0
4534,1368,0
4531,1367,0
4535,1369,0
4529,1374,0
4518,1392,0
4514,1417,0
4508,1441,0
4513,1463,0
4520,1479,0
4526,1486,0
4538,1488,0
4553,1484,0
4565,1474,0
4587,1459,0
4601,1445,0
4615,1429,0
4628,1416,0
4637,1404,0
4639,1397,0
4637,1393,0
4644,1396,0
4635,1398,0
4630,1413,0
4618,1433,0
4611,1451,0
4613,1459,0
4616,1462,0
4621,1458,0
4638,1450,0
4653,1430,0
4671,1414,0
4684,1402,0
4688,1401,0
4695,1405,0
4701,1415,0
4701,1426,0
4705,1441,0
4707,1455,0
4715,1469,0
4722,1476,1
5136,1409,0
5141,1406,0
5133,1403,0
5129,1402,0
5125,1406,0
5109,1413,0
5096,1430,0
5084,1455,0
5069,1485,0
5065,1510,0
5065,1523,0
5072,1527,0
5076,1526,0
5087,1520,0
5103,1509,0
5113,1492,0
5124,1473,0
5144,1450,0
5147,1426,0
5161,1407,0
5161,1394,0
5158,1390,0
5157,1393,0
5151,1401,0
5139,1423,0
5135,1452,0
5139,1476,0
5132,1486,0
5146,1495,0
5175,1498,0
5201,1496,0
5224,1487,0
5241,1476,1
5320,1379,0
5315,1381,0
5312,1391,0
5306,1411,0
5294,1437,0
5274,1461,0
5272,1482,0
5274,1490,0
5270,1489,0
5271,1487,0
5281,1481,0
5289,1467,0
5308,1447,0
5320,1423,0
5349,1404,0
5360,1397,0
5372,1400,0
5378,1410,0
5385,1427,0
5379,1448,0
5380,1471,0
5379,1488,0
5392,1500,0
5399,1506,0
5416,1505,1
5546,1387,0
5534,1384,0
5534,1385,0
5523,1395,0
5517,1418,0
5496,1446,0
5496,1474,0
5491,1488,0
5506,1497,0
5518,1498,0
5540,1492,0
5557,1476,0
5585,1457,1
5673,1359,0
5677,1364,0
5672,1380,0
5669,1407,0
5657,1436,0
5654,1460,0
5649,1478,0
5648,1485,0
5647,1484,1
5706,1292,0
5704,1288,0
5704,1284,0
5701,1282,0
5701,1282,0
5705,1282,0
5708,1286,0
5706,1294,0
5718,1311,1
5752,1438,0
5747,1440,0
5767,1442,0
5777,1438,0
5804,1429,0
5820,1414,0
5829,1397,0
5836,1387,0
5830,1377,0
5819,1370,0
5799,1369,0
5774,1382,0
5756,1408,0
5748,1434,0
5756,1452,0
5769,1464,0
5785,1469,0
5805,1470,0
5835,1467,0
5853,1462,0
5880,1455,1
5977,1383,0
5967,1391,0
5959,1406,0
5952,1431,0
5940,1461,0
5934,1483,0
5931,1494,0
5939,1495,0
5957,1489,0
5974,1473,0
5984,1451,0
6007,1428,0
6020,1406,0
6031,1399,0
6027,1399,0
6032,1407,0
6032,1426,0
6031,1447,0
6031,1461,0
6042,1468,0
6050,1467,0
6056,1462,0
6067,1449,0
6088,1432,0
6099,1409,1
6209,1206,0
6206,1222,0
6205,1247,0
6194,1279,0
6191,1309,0
6182,1334,0
6176,1360,0
6167,1378,0
6168,1393,0
6166,1402,0
6156,1406,0
6151,1410,0
6143,1411,1
6142,1364,0
6143,1360,0
6159,1363,0
6177,1358,0
6197,1357,0
6218,1356,0
6238,1358,0
6249,1363,1