to keep myself going between
766
935,2620,0
931,2625,0
929,2625,0
928,2627,0
925,2636,0
922,2660,0
921,2692,0
921,2736,0
921,2776,0
925,2813,0
931,2825,0
939,2841,0
942,2845,0
943,2845,0
940,2833,0
931,2825,0
924,2800,1
828,2748,0
820,2744,0
819,2743,0
820,2743,0
835,2737,0
866,2732,0
905,2731,0
946,2729,0
986,2731,0
1017,2732,0
1036,2729,0
1049,2729,0
1054,2721,0
1054,2721,0
1056,2729,0
1053,2729,0
1054,2733,0
1052,2729,0
1049,2729,0
1042,2729,0
1030,2733,0
1011,2744,0
993,2767,0
984,2791,0
986,2807,0
999,2823,0
1022,2840,0
1051,2848,0
1081,2853,0
1108,2849,0
1126,2840,0
1140,2824,0
1144,2800,0
1138,2772,0
1121,2740,0
1096,2729,0
1066,2725,0
1044,2736,0
1034,2741,0
1034,2736,0
1041,2732,1
1414,2642,0
1409,2651,0
1409,2675,0
1407,2700,0
1407,2736,0
1407,2772,0
1412,2803,0
1416,2820,0
1421,2831,1
1496,2711,0
1493,2711,0
1492,2719,0
1483,2733,0
1473,2755,0
1459,2774,0
1448,2783,0
1447,2796,0
1445,2795,0
1445,2796,0
1445,2791,0
1445,2791,0
1444,2791,0
1445,2791,0
1451,2799,0
1462,2805,0
1480,2811,0
1502,2824,0
1522,2836,0
1539,2849,0
1548,2856,1
1574,2766,0
1574,2766,0
1573,2762,0
1579,2765,0
1587,2759,0
1605,2760,0
1621,2753,0
1638,2753,0
1648,2750,0
1652,2745,0
1656,2741,0
1654,2733,0
1652,2733,0
1637,2724,0
1626,2727,0
1609,2726,0
1595,2733,0
1580,2744,0
1570,2763,0
1565,2784,0
1561,2793,0
1574,2815,0
1592,2832,0
1614,2840,0
1640,2847,0
1662,2846,0
1679,2834,0
1695,2826,0
1712,2826,1
1693,2777,0
1690,2774,0
1692,2774,0
1698,2772,0
1753,2762,0
1775,2765,0
1792,2765,0
1803,2766,0
1803,2762,0
1801,2758,0
1795,2748,0
1783,2738,0
1763,2726,0
1749,2726,0
1736,2829,0
1763,2843,0
1792,2852,0
1838,2835,0
1859,2833,1
1874,2762,0
1870,2759,0
1869,2760,0
1870,2762,0
1868,2763,0
1867,2781,0
1870,2834,0
1874,2866,0
1877,2895,0
1877,2916,0
1878,2936,0
1884,2955,0
1886,2958,0
1886,2958,0
1886,2958,0
1886,2950,1
1869,2792,0
1862,2778,0
1860,2766,0
1857,2758,0
1857,2750,0
1861,2745,0
1870,2743,0
1884,2738,0
1902,2741,0
1921,2743,0
1939,2745,0
1957,2752,0
1976,2767,0
1983,2772,0
1990,2786,0
1990,2796,0
1986,2801,0
1981,2808,0
1970,2815,0
1950,2817,0
1928,2820,0
1908,2818,0
1894,2823,0
1889,2824,0
1894,2823,1
2313,2700,0
2312,2701,0
2311,2701,0
2309,2702,0
2309,2712,0
2310,2733,0
2307,2757,0
2307,2809,0
2304,2819,0
2310,2830,0
2311,2830,0
2311,2830,0
2313,2825,0
2296,2767,0
2290,2747,0
2288,2735,0
2285,2722,0
2288,2717,0
2294,2709,0
2307,2707,0
2321,2705,0
2335,2712,0
2352,2726,0
2362,2743,0
2371,2765,0
2374,2786,0
2374,2804,0
2377,2815,0
2379,2820,0
2379,2820,0
2379,2819,0
2375,2803,0
2374,2782,0
2373,2760,0
2372,2743,0
2371,2730,0
2374,2724,0
2378,2717,0
2386,2713,0
2400,2711,0
2415,2716,0
2429,2727,0
2446,2749,0
2452,2765,0
2458,2789,0
2463,2813,0
2464,2826,0
2468,2837,0
2468,2837,0
2471,2836,0
2475,2830,1
2535,2733,0
2536,2737,0
2533,2747,0
2530,2763,0
2525,2779,0
2528,2801,0
2535,2815,0
2531,2808,0
2544,2810,0
2558,2807,0
2569,2796,0
2591,2793,0
2601,2778,0
2602,2763,0
2599,2756,0
2597,2757,0
2593,2755,0
2592,2755,0
2591,2755,0
2594,2768,0
2595,2786,0
2598,2807,0
2602,2832,0
2607,2861,0
2610,2893,0
2608,2921,0
2605,2950,0
2601,2975,0
2592,2994,0
2580,3004,0
2565,3012,0
2545,3013,0
2519,3004,0
2503,2999,0
2482,2978,0
2465,2951,0
2470,2934,1
2744,2741,0
2735,2738,0
2727,2738,0
2717,2735,0
2711,2739,0
2698,2738,0
2688,2743,0
2683,2752,0
2678,2755,0
2680,2763,0
2690,2776,0
2700,2784,0
2717,2792,0
2735,2800,0
2744,2803,0
2760,2818,0
2769,2830,0
2772,2838,0
2771,2847,0
2762,2853,0
2747,2859,0
2724,2863,0
2696,2861,0
2669,2859,0
2649,2856,0
2643,2855,0
2639,2848,0
2646,2840,0
2661,2830,1
2813,2782,0
2813,2782,0
2818,2784,0
2824,2780,0
2838,2776,0
2863,2778,0
2883,2774,0
2904,2774,0
2922,2772,0
2933,2769,0
2936,2766,0
2936,2762,0
2929,2751,0
2920,2743,0
2905,2734,0
2890,2730,0
2878,2729,0
2867,2731,0
2852,2736,0
2838,2752,0
2818,2770,0
2813,2793,0
2817,2814,0
2823,2828,0
2842,2845,0
2869,2856,0
2893,2854,0
2915,2849,0
2934,2841,1
3035,2656,0
3034,2658,0
3035,2662,0
3036,2671,0
3033,2685,0
3024,2696,0
3025,2721,0
3029,2752,0
3030,2782,0
3030,2806,0
3033,2829,0
3025,2835,0
3023,2841,0
3022,2842,0
3020,2843,0
3018,2840,0
3016,2831,1
3197,2696,0
3194,2693,0
3192,2689,0
3190,2685,0
3187,2683,0
3182,2683,0
3168,2683,0
3152,2685,0
3134,2690,0
3120,2702,0
3109,2716,0
3101,2732,0
3098,2755,0
3100,2784,0
3098,2810,0
3100,2839,0
3102,2867,0
3099,2890,0
3100,2909,0
3101,2923,0
3102,2928,1
3049,2758,0
3053,2759,0
3056,2758,0
3065,2755,0
3081,2753,0
3103,2752,0
3127,2753,0
3144,2754,0
3165,2762,1
3667,2792,0
3660,2789,0
3653,2784,0
3648,2778,0
3636,2767,0
3631,2761,0
3623,2758,0
3610,2758,0
3588,2763,0
3562,2782,0
3544,2806,0
3532,2821,0
3537,2839,0
3551,2853,0
3568,2859,0
3595,2862,0
3615,2853,0
3633,2842,0
3644,2825,0
3654,2815,0
3650,2808,0
3645,2802,0
3641,2801,0
3637,2799,0
3636,2799,0
3636,2799,0
3638,2803,0
3641,2812,0
3647,2834,0
3652,2857,0
3658,2883,0
3653,2905,0
3658,2938,0
3654,2964,0
3652,2993,0
3643,3013,0
3633,3031,0
3621,3042,0
3601,3044,0
3576,3039,0
3553,3028,0
3527,3007,0
3510,2987,0
3508,2972,0
3515,2954,1
3784,2823,0
3787,2820,0
3785,2814,0
3784,2810,0
3779,2803,0
3772,2799,0
3764,2797,0
3750,2794,0
3738,2795,0
3728,2799,0
3718,2809,0
3706,2822,0
3704,2840,0
3700,2854,0
3702,2869,0
3715,2885,0
3732,2896,0
3754,2902,0
3781,2905,0
3795,2896,0
3805,2886,0
3812,2869,0
3810,2840,0
3804,2818,0
3793,2806,0
3781,2802,0
3769,2804,0
3764,2808,0
3775,2815,1
3872,2822,0
3872,2822,0
3875,2825,0
3875,2825,0
3874,2833,0
3880,2855,0
3883,2875,0
3894,2897,0
3898,2911,0
3899,2915,0
3901,2913,0
3901,2902,0
3893,2876,1
3852,2769,0
3846,2764,0
3849,2766,0
3850,2765,1
3952,2813,0
3955,2815,0
3954,2816,0
3950,2822,0
3955,2840,0
3959,2859,0
3966,2881,0
3975,2900,0
3982,2916,0
3981,2923,0
3983,2926,0
3983,2926,0
3981,2922,0
3978,2908,0
3976,2888,0
3966,2863,0
3959,2847,0
3954,2841,0
3952,2837,0
3952,2832,0
3962,2827,0
3981,2824,0
4001,2825,0
4021,2828,0
4036,2834,0
4050,2848,0
4063,2865,0
4068,2883,0
4068,2900,0
4068,2917,0
4068,2929,0
4065,2938,0
4064,2946,1
4190,2872,0
4194,2873,0
4197,2869,0
4198,2862,0
4194,2855,0
4189,2847,0
4181,2838,0
4175,2833,0
4167,2830,0
4158,2829,0
4145,2832,0
4127,2840,0
4111,2852,0
4099,2865,0
4098,2879,0
4102,2892,0
4120,2901,0
4126,2901,0
4144,2905,0
4155,2900,0
4167,2892,0
4174,2883,0
4182,2874,0
4184,2873,0
4187,2869,0
4179,2866,0
4179,2866,0
4181,2870,0
4182,2880,0
4192,2900,0
4204,2923,0
4210,2946,0
4222,2974,0
4230,3001,0
4234,3028,0
4233,3051,0
4230,3072,0
4225,3091,0
4215,3106,0
4198,3118,0
4179,3128,0
4154,3130,0
4133,3128,0
4115,3118,0
4105,3100,1
4528,2732,0
4522,2733,0
4526,2748,0
4527,2767,0
4529,2791,0
4527,2813,0
4526,2840,0
4530,2869,0
4526,2886,0
4529,2902,0
4527,2904,0
4526,2905,0
4529,2902,0
4522,2890,0
4529,2876,0
4531,2860,0
4535,2848,0
4550,2842,0
4572,2839,0
4594,2832,0
4621,2835,0
4644,2844,0
4661,2862,0
4664,2870,0
4666,2888,0
4659,2910,0
4645,2929,0
4628,2943,0
4602,2951,0
4575,2953,0
4550,2951,0
4533,2948,0
4525,2944,0
4526,2943,0
4533,2940,0
4546,2931,0
4571,2926,1
4695,2883,0
4699,2885,0
4699,2883,0
4706,2882,0
4717,2881,0
4729,2878,0
4744,2876,0
4760,2876,0
4773,2871,0
4788,2872,0
4798,2865,0
4801,2861,0
4802,2852,0
4800,2842,0
4787,2832,0
4772,2826,0
4746,2820,0
4736,2828,0
4709,2838,0
4696,2854,0
4687,2874,0
4688,2892,0
4701,2915,0
4719,2931,0
4745,2943,0
4768,2946,0
4792,2947,0
4811,2941,0
4833,2939,1
4903,2758,0
4906,2760,0
4907,2765,0
4903,2777,0
4894,2791,0
4903,2820,0
4903,2847,0
4910,2880,0
4912,2910,0
4922,2938,0
4924,2955,0
4930,2969,0
4932,2973,1
4851,2860,0
4855,2860,0
4857,2858,0
4874,2854,0
4900,2852,0
4926,2850,0
4950,2850,0
4965,2851,0
4980,2856,1
5027,2852,0
5034,2855,0
5026,2854,0
5026,2860,0
5021,2869,0
5021,2883,0
5015,2898,0
5021,2918,0
5019,2934,0
5027,2950,0
5050,2966,0
5061,2964,0
5072,2956,0
5079,2939,0
5086,2922,0
5085,2909,0
5083,2898,0
5080,2894,0
5074,2888,0
5074,2889,0
5074,2890,0
5074,2895,0
5079,2909,0
5082,2920,0
5095,2936,0
5106,2948,0
5114,2958,0
5123,2965,0
5134,2970,0
5144,2971,0
5154,2970,0
5158,2965,0
5166,2959,0
5174,2948,0
5175,2931,0
5174,2912,0
5166,2889,0
5154,2871,0
5140,2855,0
5120,2841,0
5115,2835,0
5113,2831,0
5120,2828,0
5129,2828,1
5238,2919,0
5240,2922,0
5246,2927,0
5247,2925,0
5254,2922,0
5273,2922,0
5297,2922,0
5319,2925,0
5332,2926,0
5342,2926,0
5347,2927,0
5344,2924,0
5344,2922,0
5342,2912,0
5339,2902,0
5323,2890,0
5309,2881,0
5304,2882,0
5294,2883,0
5277,2886,0
5260,2900,0
5244,2915,0
5237,2934,0
5229,2953,0
5243,2976,0
5262,2996,0
5288,3008,0
5310,3010,0
5346,3008,1
5373,2953,0
5365,2950,0
5361,2948,0
5371,2948,0
5388,2944,0
5413,2943,0
5441,2943,0
5460,2942,0
5474,2943,0
5484,2943,0
5484,2941,0
5483,2935,0
5477,2923,0
5477,2916,0
5467,2909,0
5458,2907,0
5443,2908,0
5431,2913,0
5418,2919,0
5405,2926,0
5397,2937,0
5390,2948,0
5397,2967,0
5412,2988,0
5431,3003,0
5452,3014,0
5473,3018,0
5494,3016,0
5511,3005,1
5525,2930,0
5523,2926,0
5518,2925,0
5518,2925,0
5521,2928,0
5528,2940,0
5534,2960,0
5539,2982,0
5537,3000,0
5534,3013,0
5535,3019,0
5535,3018,0
5536,3016,0
5538,3006,0
5537,2986,0
5535,2967,0
5527,2949,0
5530,2936,0
5528,2924,0
5525,2912,0
5523,2902,0
5527,2895,0
5542,2894,0
5554,2890,0
5575,2894,0
5594,2900,0
5619,2914,0
5633,2929,0
5645,2948,0
5641,2963,0
5642,2982,0
5635,2995,0
5639,3011,0
5633,3020,0
5637,3028,0
5639,3034,0
5645,3039,1