better places, &quot; he commented.&quot;
580
448,4196,0
446,4187,0
446,4191,0
446,4195,0
449,4212,0
449,4232,0
446,4256,0
441,4283,0
435,4315,0
427,4350,0
421,4377,0
417,4401,0
415,4413,0
414,4417,0
415,4408,0
415,4397,0
421,4369,0
435,4343,0
460,4319,0
491,4303,0
527,4291,0
558,4280,0
579,4286,0
588,4299,0
588,4319,0
576,4347,0
552,4372,0
523,4396,0
494,4408,0
475,4414,0
465,4408,0
460,4408,0
459,4391,0
465,4380,0
475,4361,0
492,4355,0
511,4346,1
707,4356,0
707,4352,0
707,4352,0
707,4352,0
713,4352,0
721,4345,0
733,4334,0
744,4327,0
757,4308,0
768,4276,0
774,4261,0
774,4245,0
764,4232,0
747,4231,0
724,4245,0
706,4263,0
698,4287,0
702,4315,0
721,4338,0
749,4356,0
786,4362,0
826,4365,0
865,4363,0
900,4349,0
927,4318,1
929,4122,0
926,4118,0
926,4126,0
926,4145,0
925,4173,0
924,4213,0
919,4265,0
916,4309,0
916,4345,0
924,4374,0
933,4386,0
943,4390,0
954,4374,1
1006,4184,0
1003,4167,0
1002,4164,0
1001,4164,0
1000,4172,0
999,4192,0
1000,4228,0
999,4271,0
1001,4308,0
1006,4348,0
1013,4368,0
1021,4384,1
867,4275,0
852,4278,0
852,4278,0
856,4266,0
877,4268,0
907,4265,0
943,4274,0
984,4283,0
1032,4292,0
1082,4296,0
1133,4296,0
1176,4291,0
1208,4283,0
1224,4278,0
1223,4270,0
1208,4254,0
1189,4247,0
1163,4252,0
1137,4261,0
1119,4272,0
1113,4296,0
1120,4324,0
1138,4348,0
1166,4372,0
1200,4387,0
1237,4389,0
1275,4380,0
1310,4362,0
1337,4340,0
1357,4315,0
1363,4290,0
1364,4283,0
1362,4279,0
1359,4279,0
1360,4295,0
1360,4319,0
1360,4331,0
1360,4331,0
1360,4331,0
1359,4327,0
1355,4307,0
1353,4287,0
1356,4267,0
1361,4247,0
1373,4234,0
1391,4225,0
1420,4218,0
1458,4222,0
1498,4227,1
1760,4227,0
1761,4228,0
1761,4227,0
1765,4235,0
1771,4258,0
1775,4282,0
1776,4319,0
1775,4363,0
1776,4408,0
1776,4444,0
1780,4476,0
1783,4492,0
1783,4495,0
1785,4491,0
1781,4468,0
1775,4432,0
1771,4396,1
1739,4300,0
1730,4269,0
1728,4241,0
1733,4216,0
1751,4201,0
1777,4188,0
1810,4187,0
1845,4196,0
1874,4210,0
1899,4235,0
1915,4264,0
1920,4284,0
1911,4302,0
1888,4314,0
1856,4321,0
1823,4323,0
1797,4319,0
1786,4317,0
1788,4313,0
1804,4301,1
1990,4087,0
1991,4088,0
1992,4092,0
1994,4108,0
1993,4133,0
1988,4162,0
1981,4197,0
1978,4234,0
1981,4267,0
1985,4290,0
1996,4312,0
2007,4322,1
2075,4216,0
2060,4244,0
2053,4270,0
2060,4298,0
2076,4314,0
2097,4317,0
2123,4316,0
2147,4305,0
2173,4244,0
2178,4268,0
2192,4293,0
2207,4310,0
2228,4325,1
2374,4205,0
2369,4195,0
2367,4187,0
2359,4177,0
2338,4184,0
2292,4282,0
2304,4315,0
2328,4345,0
2406,4376,0
2454,4377,0
2505,4373,0
2545,4351,0
2576,4328,0
2594,4299,0
2596,4265,0
2592,4241,0
2576,4217,0
2557,4206,0
2534,4194,0
2522,4206,0
2511,4219,0
2514,4244,0
2532,4271,0
2567,4302,0
2607,4321,0
2650,4338,0
2690,4353,0
2722,4362,1
2884,4247,0
2883,4239,0
2885,4234,0
2882,4227,0
2873,4217,0
2859,4215,0
2840,4210,0
2818,4210,0
2793,4217,0
2767,4227,0
2746,4232,0
2738,4234,0
2751,4251,0
2773,4265,0
2805,4277,0
2837,4294,0
2861,4305,0
2873,4317,0
2876,4329,0
2867,4342,0
2845,4351,0
2817,4354,0
2792,4356,0
2775,4355,0
2764,4346,0
2761,4342,0
2763,4337,0
2774,4333,0
2788,4324,1
3095,4276,0
3097,4280,0
3100,4292,0
3102,4318,0
3095,4352,0
3078,4378,0
3067,4410,0
3052,4435,0
3049,4463,1
3262,4004,0
3258,4000,0
3259,4005,0
3258,4019,0
3254,4036,0
3249,4052,0
3247,4063,0
3250,4070,0
3250,4069,0
3258,4070,0
3269,4055,0
3286,4040,0
3299,4019,0
3310,4007,0
3316,4005,0
3313,4002,0
3316,4009,0
3320,4021,0
3324,4042,0
3329,4062,0
3337,4075,0
3344,4080,0
3358,4082,0
3377,4071,0
3404,4060,1
3592,4070,0
3586,4064,0
3586,4064,0
3588,4068,0
3589,4081,0
3590,4104,0
3590,4138,0
3585,4182,0
3574,4223,0
3564,4261,0
3563,4295,0
3566,4316,0
3571,4322,0
3584,4325,0
3602,4309,0
3631,4282,0
3660,4249,0
3687,4228,0
3703,4217,0
3712,4221,0
3716,4232,0
3725,4260,0
3735,4292,0
3749,4315,0
3777,4336,0
3814,4345,0
3855,4342,0
3892,4323,0
3924,4300,0
3943,4267,0
3952,4237,0
3945,4213,0
3924,4203,0
3896,4208,0
3865,4225,0
3856,4259,0
3853,4291,0
3873,4326,0
3905,4352,0
3943,4365,0
3991,4376,1
4413,4289,0
4413,4285,0
4410,4276,0
4410,4267,0
4409,4256,0
4404,4246,0
4391,4235,0
4373,4229,0
4357,4232,0
4336,4243,0
4316,4264,0
4296,4290,0
4295,4327,0
4294,4357,0
4304,4379,0
4331,4399,0
4371,4409,0
4414,4407,0
4471,4403,0
4515,4382,0
4558,4362,0
4585,4345,0
4605,4328,0
4608,4309,0
4611,4296,1
4606,4274,0
4601,4262,0
4596,4252,0
4579,4239,0
4572,4234,0
4558,4232,0
4540,4236,0
4518,4249,0
4507,4280,0
4490,4309,0
4494,4343,0
4500,4363,0
4526,4383,0
4546,4377,0
4577,4367,0
4599,4338,0
4618,4307,0
4616,4277,0
4608,4256,0
4582,4242,0
4563,4242,0
4549,4249,0
4548,4261,0
4568,4275,1
4722,4237,0
4721,4237,0
4723,4241,0
4721,4249,0
4733,4269,0
4734,4291,0
4737,4320,0
4738,4340,0
4747,4358,0
4755,4363,0
4765,4358,0
4777,4338,0
4792,4308,0
4799,4275,0
4816,4260,0
4819,4251,0
4827,4254,0
4823,4258,0
4832,4283,0
4831,4305,0
4839,4326,0
4842,4333,0
4856,4337,0
4868,4326,0
4890,4306,0
4905,4270,0
4926,4250,0
4932,4239,0
4936,4241,0
4929,4237,0
4932,4255,0
4933,4283,0
4939,4315,0
4946,4341,0
4962,4364,0
4971,4367,0
4990,4371,1
5040,4217,0
5043,4220,0
5043,4221,0
5044,4231,0
5045,4252,0
5051,4280,0
5047,4296,0
5046,4307,0
5044,4309,0
5053,4311,0
5057,4297,0
5067,4270,0
5084,4247,0
5098,4240,0
5103,4236,0
5114,4242,0
5117,4249,0
5129,4272,0
5136,4292,0
5144,4306,0
5151,4311,0
5162,4312,0
5178,4307,0
5197,4294,0
5209,4271,0
5221,4270,0
5218,4268,0
5224,4279,0
5226,4293,0
5244,4315,0
5268,4331,0
5304,4340,0
5333,4332,0
5371,4322,0
5399,4299,0
5425,4271,0
5437,4246,0
5433,4228,0
5421,4217,0
5402,4215,0
5374,4226,0
5358,4255,0
5350,4287,0
5352,4313,0
5379,4343,0
5409,4358,0
5444,4368,0
5475,4365,0
5506,4354,1
5534,4243,0
5535,4242,0
5538,4250,0
5547,4269,0
5556,4296,0
5564,4321,0
5571,4338,0
5580,4347,0
5590,4347,0
5606,4336,0
5625,4314,0
5641,4280,0
5652,4255,0
5660,4247,0
5660,4246,0
5668,4256,0
5679,4279,0
5689,4304,0
5702,4331,0
5728,4350,1
5815,4178,0
5818,4161,0
5819,4147,0
5817,4143,0
5820,4146,0
5821,4158,0
5822,4188,0
5818,4223,0
5818,4260,0
5825,4294,0
5836,4318,0
5842,4329,0
5845,4333,1
5733,4278,0
5742,4280,0
5764,4280,0
5797,4278,0
5837,4280,0
5875,4285,0
5913,4284,0
5953,4286,0
5990,4280,0
6027,4273,0
6056,4264,0
6073,4256,0
6072,4244,0
6060,4233,0
6037,4229,0
6006,4236,0
5980,4255,0
5958,4281,0
5949,4310,0
5956,4338,0
5976,4358,0
6010,4374,0
6054,4378,0
6104,4374,0
6152,4367,0
6188,4354,0
6222,4338,0
6246,4321,0
6263,4300,0
6278,4281,0
6285,4265,0
6285,4253,0
6271,4238,0
6254,4234,0
6223,4234,0
6194,4244,0
6174,4264,0
6164,4289,0
6166,4312,0
6176,4332,0
6194,4341,0
6216,4345,0
6239,4335,0
6269,4311,0
6287,4269,0
6301,4227,0
6311,4194,0
6312,4159,0
6312,4133,0
6309,4116,0
6308,4112,0
6303,4118,0
6301,4153,0
6305,4202,0
6311,4259,0
6324,4313,0
6343,4360,0
6360,4396,0
6379,4417,0
6394,4425,1
6499,4369,0
6496,4367,0
6493,4364,0
6496,4365,0
6505,4368,1
6674,4085,0
6678,4086,0
6676,4087,0
6676,4087,0
6676,4088,0
6666,4088,0
6665,4090,0
6665,4090,0
6669,4085,0
6682,4073,0
6697,4058,0
6724,4047,0
6733,4041,0
6734,4040,0
6729,4046,0
6727,4064,0
6720,4081,1