You will be Mistress of Galleon
464
1002,2731,0
1001,2739,0
1007,2752,0
1018,2776,0
1038,2813,0
1061,2845,0
1083,2877,0
1100,2893,0
1115,2901,1
1230,2700,0
1225,2700,0
1217,2709,0
1203,2734,0
1182,2775,0
1154,2824,0
1124,2880,0
1095,2949,0
1068,3017,0
1052,3076,0
1045,3112,0
1047,3129,0
1059,3121,1
1283,2961,0
1279,2958,0
1274,2951,0
1266,2951,0
1249,2955,0
1223,2977,0
1194,3018,0
1169,3055,0
1158,3092,0
1158,3103,0
1172,3107,0
1196,3094,0
1224,3069,1
1356,2943,0
1344,2964,0
1334,2993,0
1329,3022,0
1327,3038,0
1330,3058,0
1336,3066,0
1350,3068,0
1368,3058,0
1391,3040,0
1420,3021,0
1445,2993,0
1467,2970,0
1485,2951,0
1491,2946,0
1491,2946,0
1489,2963,0
1481,2996,0
1468,3026,0
1459,3060,0
1459,3088,0
1467,3103,0
1479,3106,0
1492,3100,0
1508,3085,1
1794,2967,0
1800,2961,0
1808,2955,0
1814,2953,0
1819,2965,0
1819,2985,0
1814,3015,0
1811,3045,0
1807,3067,0
1814,3086,0
1826,3091,0
1845,3086,0
1871,3083,1
1913,3088,0
1927,3101,0
1942,3121,0
1955,3134,0
1970,3142,0
1983,3143,0
1992,3136,0
2002,3129,0
2002,3103,0
2001,3066,0
2000,3024,0
1997,2979,1
2090,3040,0
2080,3056,0
2079,3078,0
2086,3097,0
2091,3099,1
2087,2876,0
2072,2877,0
2060,2881,0
2051,2888,0
2049,2889,1
2206,2776,0
2208,2779,0
2211,2786,0
2219,2818,0
2217,2854,0
2215,2902,0
2207,2957,0
2195,3018,0
2181,3071,0
2176,3107,0
2174,3124,0
2178,3127,0
2181,3109,1
2287,2849,0
2287,2844,0
2289,2849,0
2288,2862,0
2284,2899,0
2276,2951,0
2269,3001,0
2256,3041,0
2254,3086,0
2250,3108,0
2253,3119,0
2259,3122,1
2699,2826,0
2699,2822,0
2696,2823,0
2692,2840,0
2688,2871,0
2681,2897,0
2675,2929,0
2665,2953,0
2660,2980,0
2659,2994,0
2668,3002,0
2685,2996,0
2719,2992,0
2754,2989,0
2782,2996,0
2806,3014,0
2813,3028,0
2810,3045,0
2801,3069,0
2774,3084,0
2741,3094,0
2710,3102,0
2680,3087,0
2668,3075,0
2662,3055,0
2671,3046,0
2689,3041,0
2716,3040,0
2754,3045,0
2792,3045,0
2831,3046,0
2870,3045,0
2900,3036,0
2929,3027,0
2948,3009,0
2955,2990,0
2953,2988,0
2936,2994,0
2915,3007,0
2900,3031,0
2898,3061,0
2905,3085,0
2926,3105,0
2963,3123,0
3003,3132,1
3482,2877,0
3477,2871,0
3477,2871,0
3472,2881,0
3466,2913,0
3457,2958,0
3441,3001,0
3430,3048,0
3414,3081,0
3404,3099,0
3400,3102,0
3399,3093,0
3404,3069,0
3409,3028,0
3424,2984,0
3438,2931,0
3457,2893,0
3467,2864,0
3474,2847,0
3481,2835,0
3481,2824,0
3484,2822,0
3486,2825,0
3484,2844,0
3481,2878,0
3478,2912,0
3486,2943,0
3499,2963,0
3520,2977,0
3547,2980,0
3578,2973,0
3614,2958,0
3648,2931,0
3681,2902,0
3710,2884,0
3720,2885,0
3723,2899,0
3713,2926,0
3701,2970,0
3684,3013,0
3679,3061,0
3682,3102,0
3686,3130,0
3703,3151,0
3717,3161,1
3764,2943,0
3754,2942,0
3748,2936,0
3752,2938,0
3756,2934,1
3969,3066,0
3964,3060,0
3954,3052,0
3946,3049,0
3933,3052,0
3915,3058,0
3904,3069,0
3899,3074,0
3903,3081,0
3914,3093,0
3930,3110,0
3935,3128,0
3934,3152,0
3919,3177,0
3895,3194,0
3868,3208,0
3850,3214,1
4110,2842,0
4109,2842,0
4110,2859,0
4115,2895,0
4112,2934,0
4104,2979,0
4096,3034,0
4078,3081,0
4064,3114,1
4048,3084,0
4061,3082,0
4087,3083,0
4121,3090,0
4149,3095,0
4173,3110,0
4194,3134,0
4208,3156,1
4237,3222,0
4238,3221,0
4234,3214,0
4237,3194,0
4232,3158,0
4232,3123,0
4236,3096,0
4240,3085,0
4242,3083,0
4250,3086,0
4259,3094,0
4275,3106,0
4294,3110,0
4321,3115,0
4341,3105,0
4363,3092,0
4380,3074,0
4391,3054,0
4396,3043,0
4388,3046,0
4375,3062,0
4353,3085,0
4343,3115,0
4340,3142,0
4344,3168,0
4356,3189,0
4375,3204,0
4399,3207,1
4581,3041,0
4570,3042,0
4565,3049,0
4550,3064,0
4541,3083,0
4533,3099,0
4529,3110,0
4540,3127,0
4552,3144,0
4567,3163,0
4581,3178,0
4591,3196,0
4586,3209,0
4576,3220,0
4562,3230,0
4541,3230,0
4529,3225,1
4712,3025,0
4704,3023,0
4688,3023,0
4673,3035,0
4669,3053,0
4670,3065,0
4681,3077,0
4693,3093,0
4712,3115,0
4727,3134,0
4730,3149,0
4730,3162,0
4721,3173,0
4707,3183,0
4687,3188,0
4671,3182,0
4661,3170,1
5129,3042,0
5113,3036,0
5092,3037,0
5056,3047,0
5029,3071,0
5016,3095,0
5017,3114,0
5035,3129,0
5057,3133,0
5084,3131,0
5115,3122,0
5144,3103,0
5168,3076,1
5484,2859,0
5492,2845,0
5489,2834,0
5482,2823,0
5467,2818,0
5442,2820,0
5413,2837,0
5385,2859,0
5367,2894,0
5351,2934,0
5339,2981,0
5322,3030,0
5310,3082,1
5272,3081,0
5271,3083,0
5279,3091,0
5293,3100,0
5318,3105,1
6014,2893,0
6017,2878,0
6025,2866,0
6023,2852,0
6020,2840,0
6010,2833,0
5986,2830,0
5943,2840,0
5895,2861,0
5854,2885,0
5825,2918,0
5801,2952,0
5795,2987,0
5800,3015,0
5818,3041,0
5844,3059,0
5872,3066,1
5818,3001,0
5823,3001,0
5841,2996,0
5868,2988,0
5902,2986,0
5926,2984,0
5943,2987,0
5957,2994,0
5961,3011,0
5962,3033,0
5952,3057,0
5945,3078,0
5935,3094,0
5935,3109,0
5933,3112,0
5943,3113,0
5963,3110,1
6130,3022,0
6122,3020,0
6111,3024,0
6090,3036,0
6068,3049,0
6061,3061,0
6056,3064,0
6064,3065,0
6078,3057,0
6101,3048,0
6121,3038,0
6139,3038,0
6146,3042,0
6152,3057,0
6151,3074,0
6155,3091,0
6157,3103,1
6362,2808,0
6365,2809,0
6363,2816,0
6360,2839,0
6345,2868,0
6331,2902,0
6312,2940,0
6297,2976,0
6287,3011,0
6278,3044,0
6277,3070,0
6271,3091,0
6269,3102,1
6409,2847,0
6410,2847,0
6403,2851,0
6388,2871,0
6367,2904,0
6348,2940,0
6330,2973,0
6326,3006,0
6323,3038,0
6326,3065,0
6334,3086,0
6342,3094,0
6365,3102,0
6387,3095,0
6413,3079,0
6445,3057,0
6478,3035,0
6500,3019,0
6505,3010,0
6505,3004,0
6498,2999,0
6472,3005,0
6449,3023,0
6432,3038,0
6431,3056,0
6440,3072,0
6460,3086,0
6481,3089,0
6505,3088,1
6657,3040,0
6653,3039,0
6644,3038,0
6631,3047,0
6615,3059,0
6598,3066,0
6593,3075,0
6598,3084,0
6615,3094,0
6632,3097,0
6651,3095,0
6671,3083,1
6705,3086,0
6700,3088,0
6698,3090,0
6698,3090,0
6705,3086,0
6719,3076,0
6740,3062,0
6770,3056,0
6788,3055,0
6799,3060,0
6807,3071,0
6804,3084,0
6802,3100,0
6790,3112,0
6787,3129,0
6780,3141,0
6779,3144,1