a formidable barrier - and it must
642
709,3520,0
702,3540,0
699,3567,0
699,3583,0
703,3592,1
738,3560,0
748,3536,0
760,3518,0
773,3495,0
786,3468,0
798,3465,0
805,3461,0
807,3461,0
807,3469,0
805,3481,0
803,3501,0
804,3518,0
808,3530,0
816,3542,0
827,3547,0
840,3552,1
1208,3390,0
1196,3443,0
1184,3491,0
1173,3532,0
1165,3556,0
1160,3563,0
1160,3568,0
1160,3567,0
1160,3547,0
1160,3527,0
1155,3504,0
1158,3496,0
1158,3487,0
1159,3488,0
1161,3487,0
1172,3496,0
1187,3498,1
1367,3372,0
1363,3372,0
1354,3365,0
1345,3366,0
1333,3366,0
1322,3383,0
1310,3404,0
1303,3433,0
1300,3457,0
1303,3481,0
1308,3489,0
1322,3492,0
1335,3479,0
1352,3466,0
1365,3444,0
1378,3427,0
1386,3407,0
1389,3390,0
1387,3378,0
1383,3370,0
1383,3374,0
1382,3375,0
1383,3374,0
1390,3370,0
1404,3364,0
1423,3366,0
1441,3364,0
1461,3370,0
1479,3380,0
1493,3390,0
1501,3397,0
1507,3413,0
1508,3420,0
1507,3428,0
1504,3437,0
1503,3445,0
1501,3450,0
1502,3453,0
1500,3450,0
1500,3445,0
1498,3430,0
1498,3410,0
1500,3381,0
1504,3361,0
1505,3344,0
1505,3341,0
1503,3337,0
1498,3337,0
1494,3345,0
1494,3358,0
1496,3370,0
1500,3378,0
1507,3385,0
1515,3387,0
1524,3390,0
1534,3389,0
1546,3382,0
1558,3373,0
1570,3359,0
1584,3349,0
1595,3339,0
1603,3338,0
1609,3341,0
1615,3356,0
1616,3372,0
1614,3392,0
1607,3410,0
1602,3431,0
1596,3440,0
1591,3440,0
1593,3444,0
1592,3440,0
1597,3432,0
1601,3415,0
1610,3397,0
1622,3380,0
1636,3368,0
1649,3363,0
1657,3361,0
1664,3372,0
1666,3388,0
1664,3404,0
1660,3417,0
1655,3426,0
1654,3438,0
1655,3438,0
1655,3438,0
1659,3438,0
1665,3428,0
1677,3414,0
1691,3391,0
1712,3379,0
1729,3363,0
1742,3361,0
1750,3359,0
1759,3373,0
1760,3386,0
1763,3405,0
1762,3418,0
1763,3433,0
1761,3438,1
1848,3349,0
1846,3358,0
1842,3375,0
1837,3392,0
1832,3410,1
1847,3279,0
1847,3279,0
1849,3279,0
1850,3283,0
1851,3291,1
1996,3359,0
1994,3351,0
1989,3341,0
1979,3331,0
1962,3324,0
1947,3332,0
1931,3349,0
1915,3373,0
1904,3406,0
1898,3432,0
1897,3452,0
1902,3459,0
1913,3461,0
1924,3445,0
1941,3424,0
1965,3397,0
1991,3357,0
2019,3311,0
2042,3258,0
2070,3220,0
2087,3180,0
2096,3156,0
2099,3152,0
2099,3151,0
2091,3158,0
2082,3187,0
2070,3221,0
2053,3259,0
2038,3301,0
2027,3338,0
2028,3375,0
2037,3402,0
2051,3414,1
2230,3347,0
2233,3341,0
2231,3329,0
2222,3320,0
2211,3315,0
2198,3320,0
2180,3335,0
2155,3347,0
2140,3370,0
2127,3387,0
2123,3409,0
2121,3418,0
2126,3420,1
2163,3396,0
2176,3370,0
2193,3351,0
2205,3326,0
2216,3313,0
2219,3304,0
2222,3303,0
2218,3313,0
2210,3337,0
2210,3371,0
2215,3395,0
2230,3419,1
2358,3311,0
2356,3350,0
2359,3375,0
2366,3390,0
2379,3397,0
2389,3389,0
2405,3378,0
2415,3356,0
2427,3338,0
2428,3316,0
2422,3301,0
2410,3293,0
2398,3286,0
2391,3288,0
2386,3286,0
2386,3290,0
2387,3291,1
2454,3396,0
2461,3393,0
2473,3388,0
2485,3374,0
2501,3358,0
2519,3337,0
2533,3308,0
2553,3281,0
2569,3252,0
2581,3220,0
2591,3192,0
2602,3173,0
2610,3160,0
2609,3156,0
2606,3158,0
2596,3172,0
2578,3199,0
2561,3238,0
2540,3279,0
2521,3319,0
2511,3354,0
2511,3380,0
2518,3395,0
2534,3405,0
2550,3402,0
2570,3397,0
2589,3388,0
2606,3376,0
2615,3358,0
2623,3341,0
2625,3327,0
2626,3317,0
2622,3310,0
2618,3313,0
2606,3313,0
2605,3337,0
2596,3354,0
2600,3383,0
2598,3397,0
2613,3416,0
2632,3426,1
2929,3327,0
2927,3351,0
2936,3365,0
2958,3370,0
2984,3360,0
3010,3339,0
3035,3315,0
3047,3288,0
3054,3265,0
3047,3245,0
3033,3231,0
3017,3232,0
3000,3238,0
2984,3247,0
2975,3262,0
2975,3281,0
2975,3291,1
3237,3194,0
3235,3192,0
3228,3187,0
3220,3187,0
3206,3192,0
3188,3205,0
3171,3230,0
3148,3256,0
3132,3281,0
3127,3299,0
3126,3304,0
3138,3306,0
3156,3294,0
3177,3276,0
3199,3255,0
3218,3233,0
3230,3214,0
3241,3211,0
3242,3211,0
3239,3214,0
3235,3235,0
3233,3261,0
3232,3281,0
3240,3300,0
3255,3309,1
3376,3206,0
3367,3234,0
3358,3266,0
3346,3298,0
3334,3322,0
3330,3334,0
3328,3337,0
3332,3339,0
3334,3332,0
3343,3316,0
3347,3288,0
3357,3261,0
3363,3232,0
3362,3208,0
3371,3206,0
3366,3199,0
3373,3204,0
3382,3208,0
3396,3212,0
3416,3216,0
3440,3219,1
3513,3156,0
3514,3159,0
3508,3175,0
3503,3204,0
3489,3237,0
3472,3274,0
3463,3312,0
3453,3329,0
3452,3335,0
3450,3332,0
3452,3330,0
3455,3313,0
3462,3287,0
3474,3258,0
3484,3225,0
3491,3194,0
3500,3172,0
3503,3153,0
3506,3146,0
3507,3145,0
3505,3141,0
3505,3147,0
3512,3167,0
3521,3185,0
3533,3201,0
3557,3218,0
3588,3224,0
3626,3223,0
3662,3213,1
3732,3195,0
3732,3196,0
3732,3205,0
3731,3228,0
3729,3257,0
3718,3276,0
3712,3296,0
3706,3301,0
3704,3298,1
3764,3059,0
3763,3060,0
3756,3061,0
3760,3069,0
3758,3075,1
3787,3210,0
3800,3215,0
3814,3213,0
3838,3209,0
3861,3198,0
3884,3187,0
3901,3173,0
3913,3160,0
3917,3145,0
3918,3139,0
3912,3134,0
3899,3135,0
3886,3146,0
3872,3165,0
3861,3187,0
3849,3209,0
3854,3236,1
3918,3259,0
3938,3252,0
3952,3238,0
3967,3225,0
3978,3204,0
3989,3182,0
3995,3159,0
4000,3144,0
4003,3141,0
4007,3143,0
4007,3142,0
4022,3144,1
4131,3189,0
4135,3189,0
4152,3190,0
4176,3187,0
4208,3183,1
4558,3137,0
4565,3129,0
4565,3122,0
4560,3116,0
4553,3111,0
4533,3110,0
4512,3117,0
4483,3132,0
4454,3160,0
4432,3190,0
4420,3214,0
4420,3226,0
4439,3229,0
4457,3216,0
4490,3197,0
4517,3173,0
4538,3147,0
4558,3124,0
4567,3101,0
4573,3088,0
4571,3085,0
4570,3091,0
4560,3110,0
4558,3143,0
4556,3170,0
4556,3182,0
4563,3186,0
4572,3182,0
4588,3175,0
4601,3160,0
4619,3146,0
4633,3122,0
4654,3104,0
4666,3088,0
4672,3087,0
4673,3093,0
4672,3119,0
4669,3148,0
4669,3172,0
4673,3180,0
4677,3182,0
4689,3180,0
4698,3168,0
4711,3153,0
4725,3136,0
4741,3117,0
4748,3101,0
4754,3101,0
4751,3105,0
4755,3124,0
4752,3147,0
4755,3163,0
4765,3176,1
4909,3098,0
4918,3078,0
4920,3062,0
4911,3054,0
4899,3058,0
4874,3077,0
4855,3107,0
4842,3144,0
4832,3169,0
4830,3177,0
4832,3176,0
4842,3168,0
4864,3148,0
4886,3113,0
4913,3072,0
4944,3025,0
4972,2978,0
4987,2938,0
4995,2911,0
4999,2907,0
5001,2918,0
4983,2950,0
4971,3007,0
4958,3072,0
4951,3133,0
4957,3180,0
4968,3209,0
4975,3227,1
5265,3105,0
5264,3113,0
5263,3142,0
5256,3180,0
5257,3212,1
5311,3016,0
5301,3016,0
5300,3026,0
5299,3034,0
5310,3033,1
5439,2878,0
5438,2881,0
5429,2910,0
5421,2959,0
5404,3021,0
5381,3085,0
5362,3134,0
5356,3164,0
5349,3173,0
5347,3177,0
5350,3178,0
5344,3166,0
5351,3148,0
5359,3124,0
5364,3104,0
5376,3093,0
5383,3088,0
5403,3088,0
5419,3085,0
5455,3088,0
5478,3084,1
5702,3068,0
5697,3099,0
5696,3131,0
5693,3165,0
5697,3181,0
5695,3184,0
5701,3181,0
5711,3174,0
5720,3152,0
5735,3128,0
5747,3095,0
5768,3069,0
5781,3047,0
5785,3042,0
5788,3045,0
5786,3062,0
5786,3093,0
5787,3120,0
5788,3134,0
5795,3146,0
5801,3151,0
5803,3148,0
5810,3145,0
5820,3136,0
5827,3119,0
5839,3100,0
5852,3078,0
5864,3066,0
5868,3059,0
5870,3062,0
5873,3074,0
5877,3096,0
5882,3112,0
5883,3117,0
5894,3122,0
5906,3119,0
5916,3110,0
5928,3098,0
5937,3083,0
5950,3069,0
5955,3053,0
5968,3047,0
5967,3042,0
5972,3048,0
5966,3059,0
5973,3086,0
5973,3108,0
5981,3127,0
5986,3134,0
5998,3137,0
6013,3134,0
6029,3124,0
6042,3110,0
6059,3097,0
6066,3078,0
6080,3062,0
6087,3049,0
6089,3046,0
6088,3047,0
6086,3059,0
6091,3082,0
6096,3098,0
6097,3111,0
6109,3124,0
6107,3127,0
6119,3131,0
6124,3128,0
6133,3121,0
6138,3111,0
6151,3098,0
6157,3080,0
6167,3062,0
6180,3048,0
6186,3045,0
6192,3050,0
6195,3062,0
6200,3078,0
6206,3091,0
6211,3098,0
6223,3103,0
6232,3103,0
6242,3099,0
6255,3093,0
6265,3083,0
6281,3071,0
6291,3053,0
6310,3035,0
6331,3023,0
6350,3021,0
6366,3033,0
6384,3059,0
6384,3083,0
6382,3112,0
6377,3130,0
6373,3145,0
6365,3150,0
6361,3150,0
6360,3151,0
6363,3146,0
6363,3129,0
6370,3100,0
6382,3063,0
6401,3028,0
6425,2989,0
6450,2951,0
6477,2917,0
6497,2887,0
6512,2874,0
6513,2881,0
6512,2910,0
6510,2959,0
6502,3018,0
6492,3069,0
6488,3109,0
6480,3134,0
6480,3143,0
6479,3144,0
6481,3140,0
6481,3125,0
6481,3098,0
6483,3069,0
6483,3052,0
6489,3049,0
6495,3047,0
6530,3049,1