And though he had never
545
419,1814,0
415,1807,0
416,1799,0
425,1773,0
476,1742,0
489,1695,0
503,1631,0
511,1562,0
537,1498,0
559,1443,0
581,1400,0
599,1368,0
612,1356,0
621,1356,0
632,1381,0
640,1422,0
647,1476,0
656,1541,0
665,1611,0
672,1674,0
678,1730,0
682,1768,0
687,1790,0
690,1795,0
690,1790,0
690,1787,0
686,1769,0
675,1746,0
657,1720,1
494,1654,0
489,1652,0
494,1649,0
511,1631,0
539,1607,0
575,1582,0
615,1558,0
654,1532,0
694,1520,0
728,1512,0
760,1520,0
785,1541,0
805,1578,0
818,1626,0
826,1663,0
835,1693,0
846,1711,0
856,1709,0
873,1691,0
895,1657,0
919,1621,0
942,1582,0
962,1561,0
980,1557,0
991,1558,0
1005,1579,0
1018,1615,0
1028,1652,0
1037,1688,0
1045,1717,0
1056,1737,0
1068,1753,0
1081,1757,1
1282,1627,0
1283,1623,0
1284,1611,0
1285,1594,0
1278,1570,0
1269,1556,0
1252,1542,0
1230,1533,0
1207,1531,0
1187,1537,0
1168,1550,0
1153,1575,0
1143,1611,0
1135,1652,0
1136,1696,0
1138,1724,0
1150,1743,0
1165,1746,0
1189,1741,0
1212,1707,0
1239,1664,0
1258,1610,0
1273,1556,0
1283,1510,0
1282,1462,0
1284,1433,0
1276,1409,0
1279,1409,0
1278,1409,0
1283,1425,0
1291,1464,0
1300,1515,0
1307,1575,0
1312,1634,0
1314,1691,0
1317,1743,0
1319,1779,0
1331,1806,0
1350,1815,0
1372,1799,0
1400,1769,1
1718,1334,0
1722,1336,0
1721,1336,0
1722,1350,0
1726,1380,0
1725,1421,0
1722,1471,0
1727,1532,0
1727,1585,0
1726,1628,0
1727,1663,0
1732,1692,0
1734,1708,0
1732,1709,0
1724,1704,0
1709,1684,0
1690,1657,1
1631,1582,0
1628,1578,0
1631,1577,0
1643,1573,0
1668,1562,0
1698,1540,0
1736,1514,0
1769,1479,0
1803,1442,0
1824,1407,0
1845,1385,0
1862,1373,0
1872,1372,0
1874,1380,0
1878,1411,0
1876,1460,0
1880,1518,0
1878,1566,0
1881,1605,0
1886,1629,0
1893,1635,0
1905,1633,0
1921,1614,0
1941,1579,0
1967,1549,0
1989,1525,0
2005,1514,0
2015,1512,0
2031,1525,0
2043,1546,0
2052,1578,0
2063,1615,0
2070,1643,0
2077,1664,0
2084,1677,0
2092,1686,0
2102,1689,0
2116,1686,0
2130,1671,0
2151,1646,1
2309,1533,0
2308,1523,0
2304,1511,0
2299,1500,0
2287,1489,0
2265,1481,0
2244,1480,0
2215,1483,0
2189,1495,0
2166,1514,0
2150,1541,0
2136,1572,0
2134,1609,0
2136,1641,0
2149,1667,0
2166,1685,0
2191,1696,0
2215,1693,0
2244,1682,0
2266,1658,0
2287,1631,0
2304,1602,0
2312,1574,0
2321,1550,0
2323,1527,0
2330,1493,0
2326,1496,0
2334,1494,0
2343,1496,0
2359,1509,0
2371,1531,0
2381,1561,0
2390,1595,0
2398,1625,0
2410,1647,0
2426,1660,0
2442,1660,0
2464,1651,0
2488,1628,0
2515,1603,0
2538,1573,0
2555,1551,0
2567,1542,0
2569,1541,0
2571,1544,0
2578,1560,0
2581,1581,0
2591,1604,0
2603,1621,0
2622,1631,0
2637,1626,0
2664,1615,0
2690,1592,0
2716,1568,0
2738,1541,0
2750,1520,0
2745,1501,0
2743,1491,0
2732,1485,0
2717,1486,0
2703,1496,0
2693,1514,0
2690,1537,0
2691,1554,0
2697,1565,0
2714,1570,0
2733,1566,0
2751,1556,0
2767,1545,0
2776,1533,0
2779,1530,0
2779,1530,0
2777,1532,0
2774,1541,0
2768,1568,0
2770,1602,0
2772,1650,0
2770,1700,0
2779,1761,0
2775,1816,0
2774,1870,0
2764,1918,0
2752,1957,0
2736,1983,0
2715,1997,0
2694,2000,0
2678,1992,0
2660,1966,0
2649,1867,0
2663,1810,0
2680,1749,0
2702,1686,1
2894,1372,0
2897,1375,0
2898,1394,0
2899,1435,0
2902,1486,0
2900,1536,0
2903,1578,0
2907,1613,0
2911,1634,0
2915,1641,0
2934,1642,0
2964,1623,0
2996,1589,0
3026,1560,0
3054,1541,0
3068,1529,0
3083,1529,0
3090,1533,0
3099,1548,0
3105,1574,0
3110,1602,0
3113,1624,0
3116,1641,0
3124,1652,0
3129,1658,0
3136,1662,0
3132,1660,0
3133,1660,0
3136,1660,0
3133,1658,0
3133,1658,0
3133,1660,0
3129,1658,1
3492,1340,0
3492,1339,0
3495,1343,0
3498,1372,0
3502,1418,0
3505,1471,0
3506,1528,0
3507,1574,0
3508,1612,0
3516,1638,0
3522,1644,0
3532,1642,0
3549,1622,0
3575,1585,0
3600,1549,0
3623,1523,0
3652,1510,0
3667,1507,0
3684,1518,0
3697,1545,0
3705,1581,0
3717,1617,0
3730,1645,0
3748,1661,0
3773,1665,0
3802,1654,0
3834,1628,0
3869,1597,0
3899,1563,0
3918,1534,0
3924,1512,0
3923,1496,0
3913,1487,0
3893,1483,0
3877,1489,0
3864,1507,0
3858,1537,0
3865,1570,0
3880,1599,0
3907,1626,0
3940,1643,0
3974,1652,0
4019,1653,0
4061,1643,0
4102,1621,1
4314,1380,0
4314,1380,0
4314,1380,0
4318,1392,0
4316,1429,0
4315,1476,0
4317,1523,0
4326,1564,0
4331,1593,0
4340,1611,0
4351,1616,0
4370,1611,0
4398,1586,0
4430,1553,0
4456,1521,0
4477,1502,0
4494,1491,0
4512,1490,0
4521,1497,0
4531,1515,0
4542,1544,0
4551,1573,0
4562,1600,0
4575,1620,0
4589,1631,0
4608,1635,0
4633,1627,0
4654,1608,0
4681,1583,1
4768,1488,0
4763,1479,0
4753,1471,0
4745,1469,0
4731,1474,0
4712,1492,0
4684,1521,0
4666,1556,0
4649,1587,0
4651,1604,0
4658,1609,0
4676,1607,0
4706,1585,0
4736,1552,0
4760,1524,0
4782,1510,0
4783,1505,0
4787,1508,0
4790,1522,0
4788,1549,0
4794,1579,0
4801,1605,0
4816,1624,0
4834,1631,1
5043,1551,0
5041,1544,0
5033,1530,0
5025,1518,0
5013,1503,0
4996,1491,0
4973,1482,0
4958,1479,0
4935,1483,0
4917,1499,0
4895,1525,0
4882,1562,0
4874,1594,0
4878,1619,0
4881,1632,0
4896,1635,0
4923,1624,0
4951,1595,0
4984,1561,0
5015,1522,0
5033,1481,0
5044,1448,0
5052,1423,0
5052,1408,0
5050,1402,0
5050,1401,0
5050,1403,0
5046,1426,0
5043,1463,0
5046,1504,0
5045,1545,0
5045,1580,0
5052,1610,0
5057,1631,0
5064,1644,0
5074,1652,0
5089,1659,1
5448,1465,0
5444,1465,0
5452,1467,0
5456,1480,0
5465,1508,0
5469,1537,0
5477,1563,0
5487,1586,0
5495,1601,0
5501,1608,0
5509,1609,0
5519,1604,0
5530,1582,0
5552,1553,0
5574,1519,0
5600,1489,0
5621,1462,0
5646,1447,0
5668,1442,0
5687,1447,0
5707,1462,0
5721,1489,0
5741,1522,0
5752,1556,0
5764,1585,0
5781,1607,0
5812,1616,0
5844,1609,0
5884,1588,0
5926,1561,0
5963,1529,0
5991,1500,0
6010,1477,0
6015,1462,0
6006,1446,0
5993,1434,0
5981,1431,0
5960,1435,0
5944,1447,0
5938,1472,0
5925,1503,0
5922,1540,0
5922,1571,0
5938,1602,0
5956,1623,0
5981,1640,0
6009,1644,0
6035,1640,0
6068,1629,0
6089,1614,0
6112,1591,0
6124,1563,0
6128,1532,1
6132,1470,0
6132,1471,0
6131,1472,0
6136,1488,0
6149,1518,0
6160,1553,0
6173,1593,0
6189,1628,0
6202,1655,0
6215,1669,0
6230,1672,0
6244,1666,0
6259,1641,0
6282,1607,0
6301,1567,0
6315,1530,0
6324,1496,0
6334,1469,0
6336,1447,0
6339,1434,0
6341,1426,0
6345,1424,0
6349,1427,0
6354,1440,1
6380,1582,0
6383,1587,0
6390,1590,0
6406,1580,0
6428,1558,0
6447,1529,0
6454,1500,0
6465,1474,0
6470,1453,0
6462,1437,0
6459,1432,0
6451,1430,0
6440,1440,0
6418,1464,0
6410,1499,0
6401,1535,0
6407,1573,0
6421,1597,0
6446,1613,0
6483,1614,0
6519,1603,0
6561,1584,0
6599,1568,0
6622,1557,0
6639,1554,0
6642,1556,0
6645,1566,0
6644,1583,0
6642,1603,0
6640,1615,0
6638,1620,0
6642,1620,0
6638,1621,0
6641,1611,0
6639,1588,0
6637,1563,0
6626,1537,0
6621,1512,0
6614,1488,0
6611,1464,0
6616,1445,0
6625,1426,0
6647,1414,0
6670,1403,0
6703,1402,0
6736,1404,0
6763,1407,0
6796,1411,1