better.
154
875,6529,0
873,6553,0
864,6592,0
851,6636,0
844,6692,0
838,6760,0
832,6811,0
820,6887,0
818,6951,0
820,6983,0
832,7004,0
846,7004,0
870,6992,0
885,6961,0
904,6917,0
923,6862,0
934,6806,0
943,6767,0
941,6743,0
933,6730,0
919,6734,0
909,6741,0
899,6761,0
892,6773,0
889,6781,0
890,6785,0
907,6778,0
934,6763,0
961,6732,0
983,6711,0
1004,6704,0
1019,6692,0
1037,6683,0
1052,6676,0
1061,6671,0
1063,6668,0
1064,6672,0
1061,6669,0
1056,6672,0
1049,6680,0
1038,6695,0
1019,6724,0
1007,6768,0
1012,6808,0
1009,6852,0
1007,6892,0
1015,6908,0
1032,6912,0
1055,6916,0
1080,6908,0
1109,6884,0
1131,6860,0
1150,6824,0
1179,6743,0
1207,6695,0
1228,6642,0
1243,6598,0
1253,6561,0
1256,6526,0
1260,6517,0
1254,6522,0
1241,6546,0
1222,6587,0
1199,6647,0
1173,6719,0
1152,6812,0
1143,6884,0
1129,6948,0
1131,6984,0
1147,6980,0
1161,6964,0
1170,6924,0
1190,6852,0
1213,6787,0
1243,6714,0
1270,6642,0
1291,6577,0
1307,6556,0
1308,6544,0
1309,6552,0
1305,6572,0
1292,6609,0
1269,6677,0
1236,6762,0
1229,6843,0
1218,6887,0
1218,6915,0
1215,6915,0
1215,6915,0
1208,6911,0
1192,6884,0
1178,6860,0
1163,6848,0
1150,6848,0
1146,6855,0
1140,6855,0
1138,6864,0
1136,6868,0
1139,6876,0
1151,6879,0
1172,6875,0
1197,6863,0
1226,6854,0
1253,6834,0
1281,6821,0
1310,6788,0
1339,6758,0
1353,6739,0
1356,6727,0
1346,6727,0
1326,6732,0
1300,6753,0
1274,6790,0
1244,6838,0
1237,6882,0
1235,6918,0
1240,6930,0
1252,6934,0
1272,6930,0
1298,6917,0
1324,6903,0
1350,6894,0
1372,6878,0
1385,6853,0
1392,6829,0
1397,6816,0
1396,6809,0
1396,6813,0
1393,6809,0
1394,6840,0
1396,6852,0
1397,6872,0
1397,6884,0
1399,6896,0
1400,6896,0
1404,6892,0
1404,6880,0
1400,6868,0
1399,6857,0
1400,6837,0
1407,6816,0
1419,6795,0
1433,6787,0
1446,6770,0
1462,6765,0
1477,6760,0
1496,6759,0
1515,6758,0
1530,6756,1
1633,6801,0
1633,6814,0
1631,6821,0
1629,6813,0
1626,6798,1