road, stood a dilapidated
728
903,3720,0
904,3720,0
902,3716,0
904,3716,0
902,3716,0
900,3720,0
894,3736,0
885,3763,0
879,3799,0
875,3843,0
871,3899,0
865,3954,0
859,4010,0
852,4053,0
844,4089,0
837,4109,0
834,4117,0
831,4113,0
831,4109,0
834,4080,0
844,4049,0
857,4006,0
878,3963,0
903,3916,0
936,3878,0
975,3843,0
1018,3812,0
1064,3788,0
1105,3769,0
1146,3764,0
1179,3759,0
1204,3759,0
1217,3758,0
1217,3758,0
1209,3759,0
1187,3763,0
1157,3771,0
1124,3784,0
1090,3797,0
1063,3820,0
1042,3853,0
1032,3888,0
1035,3928,0
1047,3964,0
1067,3993,0
1090,4008,0
1109,4012,0
1126,4004,0
1144,3981,0
1155,3940,0
1159,3895,0
1158,3848,0
1155,3804,0
1155,3772,0
1157,3752,0
1162,3744,0
1172,3743,0
1185,3743,0
1204,3751,0
1228,3761,0
1256,3773,0
1286,3778,0
1319,3784,0
1351,3787,0
1382,3788,0
1406,3786,0
1426,3780,0
1436,3779,0
1439,3779,0
1435,3779,0
1428,3784,0
1414,3793,0
1396,3807,0
1377,3828,0
1362,3858,0
1346,3887,0
1334,3923,0
1326,3960,0
1320,4001,0
1321,4033,0
1324,4048,0
1330,4056,0
1339,4056,0
1352,4043,0
1369,4017,0
1384,3984,0
1399,3951,0
1409,3906,0
1420,3873,0
1426,3840,0
1430,3819,0
1433,3812,0
1434,3815,0
1432,3816,0
1430,3840,0
1430,3867,0
1433,3916,0
1438,3960,0
1446,4003,0
1459,4050,0
1476,4080,0
1495,4095,0
1519,4104,0
1546,4101,0
1574,4081,1
1667,3971,0
1677,3942,0
1677,3918,0
1665,3891,0
1652,3880,0
1631,3872,0
1607,3875,0
1585,3894,0
1566,3921,0
1551,3955,0
1546,4000,0
1549,4048,0
1558,4084,0
1574,4109,0
1590,4120,0
1612,4112,0
1637,4089,0
1664,4045,0
1690,3992,0
1711,3928,0
1729,3860,0
1740,3793,0
1749,3742,0
1753,3701,0
1755,3684,0
1756,3684,0
1752,3685,0
1749,3710,0
1747,3755,0
1745,3817,0
1744,3889,0
1742,3967,0
1744,4044,0
1749,4108,0
1756,4156,0
1767,4182,1
1945,4172,0
1943,4169,0
1942,4176,0
1941,4185,0
1940,4202,0
1941,4230,0
1935,4256,0
1929,4278,0
1921,4295,0
1913,4314,0
1905,4327,0
1898,4341,0
1891,4355,0
1889,4372,0
1884,4380,0
1889,4396,0
1901,4402,1
2326,3915,0
2328,3914,0
2321,3904,0
2314,3893,0
2302,3884,0
2289,3881,0
2274,3882,0
2260,3885,0
2246,3890,0
2231,3899,0
2221,3911,0
2217,3928,0
2219,3945,0
2224,3964,0
2236,3981,0
2254,4000,0
2277,4019,0
2299,4036,0
2321,4056,0
2338,4071,0
2352,4096,0
2359,4118,0
2364,4147,0
2359,4173,0
2346,4194,0
2330,4216,0
2308,4231,0
2280,4239,0
2250,4244,0
2224,4243,0
2198,4237,0
2177,4223,0
2164,4210,1
2461,3687,0
2460,3687,0
2459,3705,0
2458,3727,0
2458,3757,0
2458,3795,0
2459,3846,0
2458,3902,0
2451,3960,0
2453,4032,0
2449,4092,0
2445,4149,0
2439,4193,0
2427,4218,0
2416,4230,0
2403,4226,0
2391,4209,0
2384,4186,0
2379,4154,0
2383,4123,0
2391,4092,0
2411,4071,0
2434,4051,0
2466,4035,0
2504,4030,0
2543,4020,0
2581,4014,0
2618,4017,0
2647,4014,0
2664,4006,0
2675,4002,0
2674,3993,0
2671,3991,0
2657,3988,0
2634,3984,0
2615,3991,0
2591,4001,0
2570,4022,0
2561,4056,0
2562,4094,0
2570,4130,0
2580,4151,0
2598,4170,0
2616,4180,0
2641,4192,0
2653,4183,0
2661,4163,0
2664,4136,0
2663,4102,0
2660,4068,0
2656,4036,0
2655,4014,0
2659,4008,0
2662,4003,0
2671,4000,0
2681,3999,0
2697,4002,0
2717,3998,0
2736,4003,0
2759,4005,0
2784,4007,0
2808,4009,0
2832,4012,0
2848,4013,0
2860,4012,0
2863,4011,0
2863,4011,0
2858,4009,0
2848,4009,0
2835,4015,0
2817,4019,0
2801,4034,0
2787,4054,0
2775,4076,0
2774,4112,0
2777,4141,0
2786,4172,0
2802,4195,0
2818,4205,0
2835,4207,0
2852,4200,0
2858,4180,0
2861,4157,0
2856,4123,0
2852,4095,0
2843,4063,0
2834,4037,0
2832,4021,0
2832,4012,0
2833,4011,0
2844,4011,0
2858,4013,0
2878,4017,0
2904,4022,0
2934,4026,0
2963,4029,0
2992,4034,0
3016,4034,0
3034,4035,0
3045,4034,0
3046,4029,0
3038,4020,0
3025,4017,0
3008,4016,0
2990,4025,0
2973,4038,0
2962,4061,0
2958,4090,0
2965,4131,0
2977,4165,0
2994,4192,0
3013,4205,0
3030,4201,0
3049,4184,0
3069,4151,0
3085,4099,0
3096,4039,0
3100,3973,0
3102,3909,0
3096,3853,0
3090,3811,0
3085,3786,0
3083,3782,0
3085,3786,0
3084,3795,0
3083,3828,0
3081,3875,0
3088,3934,0
3100,3996,0
3110,4058,0
3125,4118,0
3139,4165,0
3155,4207,0
3171,4234,0
3184,4250,0
3193,4259,0
3199,4260,1
3655,4072,0
3651,4070,0
3644,4070,0
3632,4068,0
3616,4068,0
3597,4071,0
3584,4085,0
3561,4099,0
3554,4127,0
3538,4156,0
3537,4189,0
3536,4223,0
3547,4258,0
3565,4289,0
3592,4315,0
3610,4323,0
3635,4326,0
3650,4307,0
3670,4281,0
3682,4239,0
3691,4196,0
3697,4154,0
3703,4121,0
3700,4090,0
3702,4084,0
3699,4082,0
3702,4088,0
3698,4101,0
3701,4137,0
3703,4179,0
3713,4225,0
3725,4275,0
3740,4318,0
3752,4348,0
3770,4369,0
3789,4380,0
3815,4382,1
4394,4217,0
4403,4215,0
4409,4210,0
4410,4204,0
4398,4188,0
4388,4186,0
4372,4183,0
4355,4187,0
4329,4188,0
4308,4199,0
4286,4217,0
4268,4242,0
4254,4273,0
4246,4319,0
4242,4367,0
4242,4413,0
4246,4453,0
4257,4480,0
4266,4494,0
4279,4494,0
4297,4486,0
4318,4465,0
4339,4430,0
4355,4381,0
4368,4326,0
4379,4265,0
4389,4205,0
4401,4155,0
4409,4106,0
4420,4065,0
4423,4026,0
4426,3996,0
4425,3976,0
4423,3972,0
4420,3975,0
4410,3989,0
4406,4019,0
4398,4063,0
4397,4116,0
4392,4177,0
4398,4245,0
4400,4305,0
4412,4362,0
4426,4408,0
4441,4431,0
4457,4439,0
4473,4431,0
4497,4411,0
4518,4379,0
4534,4340,0
4544,4301,0
4548,4266,0
4552,4242,0
4552,4231,0
4552,4231,0
4553,4236,0
4549,4255,0
4549,4286,0
4553,4325,0
4562,4369,0
4573,4406,0
4594,4442,0
4619,4468,0
4642,4480,0
4673,4480,0
4706,4467,0
4740,4439,0
4772,4396,0
4801,4343,0
4826,4283,0
4842,4220,0
4849,4157,0
4848,4103,0
4844,4063,0
4835,4039,0
4822,4029,0
4811,4034,0
4790,4053,0
4776,4089,0
4769,4140,0
4759,4198,0
4765,4268,0
4773,4336,0
4782,4397,0
4803,4448,0
4827,4485,0
4852,4501,0
4886,4503,1
4999,4406,0
5014,4375,0
5026,4348,0
5026,4321,0
5021,4303,0
5009,4287,0
4991,4283,0
4966,4283,0
4944,4295,0
4925,4317,0
4908,4343,0
4899,4379,0
4893,4415,0
4899,4454,0
4909,4482,0
4923,4502,0
4938,4505,0
4958,4498,0
4982,4477,0
5001,4437,0
5015,4391,0
5026,4348,0
5031,4305,0
5033,4276,0
5032,4266,0
5031,4266,0
5030,4273,0
5021,4297,0
5025,4338,0
5031,4388,0
5043,4447,0
5059,4493,1
5186,4283,0
5193,4292,0
5195,4307,0
5197,4328,0
5194,4358,0
5190,4396,0
5183,4441,0
5180,4500,0
5175,4565,0
5170,4635,0
5163,4695,0
5157,4739,0
5154,4758,0
5155,4756,0
5155,4751,0
5157,4727,0
5160,4688,0
5168,4642,0
5175,4586,0
5184,4524,0
5200,4463,0
5217,4414,0
5236,4368,0
5259,4334,0
5288,4311,0
5319,4301,0
5349,4299,0
5375,4313,0
5402,4343,0
5419,4381,0
5429,4422,0
5427,4471,0
5415,4512,0
5396,4548,0
5369,4573,0
5333,4592,0
5297,4599,0
5260,4595,0
5231,4584,0
5207,4562,0
5192,4538,1
5367,4558,0
5384,4553,0
5406,4538,0
5427,4517,0
5452,4486,0
5476,4455,0
5496,4424,0
5512,4389,0
5524,4359,0
5534,4336,0
5540,4325,0
5541,4324,0
5539,4326,0
5538,4332,0
5533,4355,0
5529,4389,0
5529,4435,0
5532,4483,0
5541,4531,0
5554,4571,0
5570,4600,1
5777,4432,0
5780,4413,0
5769,4389,0
5764,4377,0
5746,4366,0
5728,4361,0
5708,4366,0
5689,4381,0
5669,4403,0
5654,4431,0
5647,4468,0
5643,4507,0
5646,4544,0
5660,4577,0
5677,4599,0
5697,4606,0
5721,4599,0
5745,4574,0
5766,4533,0
5788,4487,0
5802,4429,0
5813,4369,0
5816,4311,0
5817,4261,0
5816,4220,0
5816,4196,0
5811,4182,0
5810,4183,0
5808,4186,0
5803,4210,0
5801,4243,0
5797,4284,0
5804,4336,0
5811,4389,0
5820,4450,0
5833,4508,0
5839,4554,0
5856,4595,0
5873,4624,0
5889,4642,0
5905,4648,1
6069,4440,0
6068,4435,0
6060,4427,0
6046,4418,0
6033,4415,0
6013,4414,0
5993,4419,0
5975,4432,0
5960,4456,0
5955,4486,0
5950,4522,0
5952,4561,0
5959,4590,0
5974,4615,0
5989,4628,0
6012,4633,0
6033,4620,0
6055,4597,0
6076,4566,0
6088,4529,0
6092,4488,0
6092,4449,0
6097,4426,0
6095,4416,0
6096,4422,0
6094,4424,0
6094,4448,0
6097,4482,0
6104,4535,0
6115,4595,0
6131,4649,0
6145,4693,0
6163,4728,1
6232,4126,0
6233,4138,0
6239,4163,0
6245,4199,0
6253,4242,0
6268,4301,0
6280,4368,0
6288,4448,0
6288,4529,0
6286,4605,0
6280,4662,0
6270,4709,0
6256,4726,0
6240,4726,0
6223,4707,0
6208,4683,0
6201,4649,0
6201,4613,0
6209,4579,0
6223,4550,0
6248,4538,0
6277,4529,0
6318,4531,0
6354,4530,0
6394,4525,0
6426,4512,0
6445,4488,0
6457,4467,0
6456,4444,0
6449,4427,0
6429,4418,0
6412,4421,0
6391,4435,0
6375,4456,0
6363,4489,0
6363,4533,0
6368,4582,0
6381,4629,0
6401,4666,0
6428,4691,0
6458,4706,0
6491,4710,0
6521,4705,0
6543,4685,0
6570,4659,0
6582,4624,0
6585,4589,0
6584,4558,0
6575,4531,0
6560,4517,0
6548,4514,0
6534,4524,0
6526,4548,0
6516,4579,0
6517,4621,0
6529,4664,0
6541,4699,0
6559,4715,0
6570,4708,0
6589,4679,0
6603,4625,0
6609,4560,0
6611,4485,0
6607,4406,0
6602,4340,0
6594,4290,0
6585,4262,0
6586,4260,0
6586,4261,0
6585,4289,0
6594,4337,0
6610,4408,0
6628,4483,0
6648,4561,0
6660,4623,0
6670,4675,0
6686,4713,1
4620,4059,0
4620,4053,0
4616,4052,0
4614,4048,0
4612,4051,0
4613,4055,0
4606,4055,0
4605,4068,0
4614,4081,1
5559,4106,0
5556,4105,0
5557,4103,0
5557,4103,0
5556,4104,0
5557,4103,0
5557,4103,0
5557,4103,0
5557,4103,0
5557,4102,0
5561,4104,0
5558,4102,0
5561,4104,0
5559,4100,0
5559,4100,0
5560,4099,0
5560,4099,0
5558,4096,0
5558,4096,0
5554,4094,0
5541,4085,1