rought me, wasn&apos;t it? I
456
1371,2217,0
1365,2217,0
1366,2229,0
1367,2249,0
1367,2277,0
1367,2314,0
1368,2354,0
1369,2386,0
1372,2417,0
1377,2441,0
1378,2470,0
1379,2473,1
1389,2379,0
1399,2362,0
1411,2343,0
1430,2328,0
1454,2321,0
1476,2321,0
1496,2333,0
1505,2348,0
1508,2371,0
1500,2393,0
1491,2420,0
1478,2438,0
1465,2461,0
1447,2475,0
1430,2486,0
1415,2492,1
1585,2359,0
1583,2359,0
1583,2364,0
1580,2376,0
1579,2402,0
1579,2434,0
1575,2452,0
1573,2460,0
1577,2468,0
1577,2468,0
1579,2467,0
1581,2466,0
1587,2457,0
1602,2433,0
1625,2407,0
1652,2388,0
1679,2373,1
1867,2369,0
1860,2367,0
1850,2365,0
1838,2366,0
1825,2369,0
1805,2372,0
1792,2389,0
1783,2412,0
1770,2430,0
1771,2451,0
1775,2462,0
1790,2478,0
1810,2489,0
1827,2487,0
1845,2482,0
1857,2461,0
1870,2439,0
1880,2419,0
1888,2403,0
1891,2393,0
1892,2388,0
1887,2382,0
1878,2377,0
1855,2368,0
1835,2375,1
1966,2360,0
1966,2364,0
1963,2366,0
1960,2380,0
1958,2406,0
1952,2426,0
1956,2446,0
1963,2456,0
1972,2461,0
1980,2458,0
1993,2453,0
2008,2442,0
2025,2427,0
2044,2410,0
2055,2388,0
2070,2377,0
2072,2362,0
2077,2361,0
2076,2362,0
2074,2362,0
2072,2367,0
2063,2385,0
2056,2414,0
2049,2438,0
2048,2456,0
2051,2468,0
2061,2477,0
2066,2470,0
2077,2466,1
2247,2362,0
2246,2362,0
2245,2362,0
2240,2360,0
2229,2362,0
2210,2367,0
2190,2378,0
2171,2396,0
2154,2417,0
2147,2447,0
2145,2466,0
2148,2478,0
2158,2482,0
2174,2479,0
2198,2467,0
2221,2443,0
2245,2422,0
2262,2403,0
2270,2386,0
2270,2367,0
2265,2352,0
2265,2347,0
2265,2352,0
2264,2357,0
2260,2377,0
2257,2411,0
2258,2451,0
2259,2491,0
2249,2518,0
2242,2543,0
2227,2560,0
2210,2577,0
2195,2588,1
2356,2244,0
2354,2255,0
2357,2282,0
2355,2314,0
2355,2352,0
2355,2384,0
2352,2414,0
2343,2432,0
2338,2444,0
2339,2448,0
2340,2448,0
2342,2446,0
2350,2437,0
2363,2421,0
2384,2400,0
2405,2388,0
2423,2381,0
2437,2377,0
2445,2377,0
2456,2385,0
2463,2399,0
2468,2420,0
2467,2434,0
2468,2447,0
2470,2451,1
2598,2265,0
2598,2265,0
2597,2266,0
2597,2276,0
2595,2302,0
2589,2335,0
2589,2374,0
2584,2397,0
2581,2414,1
2543,2367,0
2547,2369,0
2553,2365,0
2581,2366,0
2608,2362,1
2885,2345,0
2883,2353,0
2885,2372,0
2888,2396,0
2888,2417,0
2883,2430,0
2877,2440,0
2876,2451,0
2878,2455,0
2878,2455,0
2878,2454,0
2878,2449,0
2887,2443,0
2893,2423,0
2905,2402,0
2922,2384,0
2937,2370,0
2955,2367,0
2963,2359,0
2974,2360,0
2982,2364,0
2985,2371,0
2992,2392,0
2990,2415,0
2992,2434,0
2987,2443,0
2991,2451,0
2993,2454,0
2994,2453,0
2996,2451,0
3004,2444,0
3015,2425,0
3037,2406,0
3060,2391,0
3081,2384,0
3099,2382,0
3112,2387,0
3117,2393,0
3124,2409,0
3126,2429,0
3127,2449,0
3128,2465,0
3127,2470,0
3129,2473,0
3136,2474,1
3204,2433,0
3204,2432,0
3206,2431,0
3214,2428,0
3233,2422,1
3277,2374,0
3264,2364,0
3250,2361,0
3237,2369,0
3220,2384,0
3201,2409,0
3190,2435,0
3190,2456,0
3199,2470,0
3214,2478,0
3230,2480,0
3252,2475,1
3425,2439,0
3427,2443,0
3423,2453,0
3410,2473,0
3395,2493,0
3380,2519,0
3363,2547,0
3349,2571,0
3340,2591,1
3749,2377,0
3751,2382,0
3751,2388,0
3759,2403,0
3764,2422,0
3771,2445,0
3775,2464,0
3779,2478,0
3784,2490,0
3786,2495,0
3790,2497,0
3790,2497,0
3792,2494,0
3798,2487,0
3802,2469,0
3813,2450,0
3826,2434,0
3839,2420,0
3847,2409,0
3856,2404,0
3860,2405,0
3865,2412,0
3870,2426,0
3877,2449,0
3884,2473,0
3892,2492,0
3903,2506,0
3908,2512,0
3913,2511,0
3917,2507,0
3926,2495,0
3941,2478,0
3959,2456,0
3974,2436,0
3990,2423,0
4000,2416,0
4005,2415,1
4135,2437,0
4131,2435,0
4130,2436,0
4118,2432,0
4103,2433,0
4089,2437,0
4076,2447,0
4068,2465,0
4065,2482,0
4061,2493,0
4065,2500,0
4074,2503,0
4080,2501,0
4097,2500,0
4106,2495,0
4114,2484,0
4128,2472,0
4138,2458,0
4143,2445,0
4148,2439,0
4149,2438,0
4152,2441,0
4151,2441,0
4154,2451,0
4163,2472,0
4172,2492,0
4178,2505,0
4185,2516,0
4191,2522,1
4332,2422,0
4331,2422,0
4328,2421,0
4321,2417,0
4314,2420,0
4305,2426,0
4297,2437,0
4293,2451,0
4297,2465,0
4300,2475,0
4305,2481,0
4314,2490,0
4317,2499,0
4319,2510,0
4307,2521,0
4297,2528,0
4287,2533,1
4406,2427,0
4406,2429,0
4405,2429,0
4406,2436,0
4409,2452,0
4406,2470,0
4406,2491,0
4403,2509,0
4401,2519,0
4397,2523,0
4401,2526,0
4402,2524,0
4404,2515,0
4415,2499,0
4433,2479,0
4456,2461,0
4479,2449,0
4504,2446,0
4517,2449,0
4531,2456,0
4533,2468,0
4539,2487,0
4538,2504,0
4533,2518,0
4538,2533,1
4686,2315,0
4686,2314,0
4691,2314,0
4686,2314,0
4687,2314,1
4807,2323,0
4801,2325,0
4800,2335,0
4799,2352,0
4801,2380,0
4801,2410,0
4806,2443,0
4807,2471,0
4805,2496,0
4801,2519,0
4797,2539,0
4795,2557,0
4792,2568,1
4758,2497,0
4755,2494,0
4761,2492,0
4780,2485,0
4806,2479,1
5254,2482,1
5264,2507,0
5264,2522,0
5263,2541,0
5262,2560,0
5259,2572,0
5259,2579,0
5258,2581,0
5262,2584,1
5275,2368,1
5356,2393,0
5357,2392,0
5357,2392,0
5357,2400,0
5356,2420,0
5350,2449,0
5349,2485,0
5351,2522,0
5356,2554,0
5356,2579,0
5351,2594,0
5351,2604,0
5349,2606,1
5325,2528,0
5322,2525,0
5328,2523,0
5350,2516,0
5376,2511,1
5564,2417,0
5563,2411,0
5568,2402,0
5578,2390,0
5593,2378,0
5612,2366,0
5634,2357,0
5660,2350,0
5679,2347,0
5697,2348,0
5712,2351,0
5718,2357,0
5721,2370,0
5711,2390,0
5699,2417,0
5684,2446,0
5673,2468,0
5672,2478,0
5670,2492,0
5679,2502,0
5684,2507,0
5692,2511,0
5699,2514,0
5711,2516,0
5723,2521,1
5672,2593,0
5666,2596,0
5665,2597,0
5669,2599,0
5672,2602,0
5668,2601,0
5670,2603,0
5675,2603,0
5682,2601,1
6146,2392,0
6145,2394,0
6153,2397,0
6156,2399,0
6153,2397,0
6156,2400,0
6153,2405,0
6153,2418,0
6151,2439,0
6150,2473,0
6145,2510,0
6145,2550,0
6141,2587,0
6141,2623,0
6140,2651,0
6136,2670,0
6132,2688,0
6138,2700,0
6145,2706,0
6148,2709,0
6160,2711,1