It faced on to a strip of garden - grass
896
774,1544,0
784,1542,0
801,1537,0
818,1520,0
837,1503,0
854,1482,0
869,1460,0
885,1438,0
902,1424,0
910,1398,0
923,1387,0
931,1376,0
936,1368,0
941,1369,0
942,1369,0
942,1369,0
942,1373,0
942,1385,0
939,1401,0
936,1421,0
931,1444,0
929,1476,0
926,1504,0
923,1537,0
916,1563,0
907,1590,0
898,1618,0
886,1640,0
874,1659,0
861,1673,0
851,1684,0
839,1686,0
830,1689,0
824,1688,0
820,1683,0
821,1675,0
827,1660,1
936,1622,0
953,1595,0
971,1565,0
992,1538,0
1007,1503,0
1023,1471,0
1031,1433,0
1041,1404,0
1052,1385,0
1058,1365,0
1061,1353,0
1066,1353,0
1064,1353,0
1064,1361,0
1061,1381,0
1055,1409,0
1049,1448,0
1040,1488,0
1032,1532,0
1025,1572,0
1017,1608,0
1008,1635,0
1001,1659,0
998,1675,0
996,1686,0
996,1691,0
996,1690,0
996,1691,0
994,1679,1
983,1614,0
978,1597,0
982,1590,0
991,1586,0
1003,1583,0
1018,1580,0
1035,1584,0
1055,1597,1
1231,1597,0
1246,1567,0
1263,1533,0
1281,1502,0
1295,1467,0
1304,1433,0
1310,1399,0
1323,1377,0
1328,1351,0
1334,1337,0
1333,1330,0
1345,1344,0
1344,1352,0
1340,1377,0
1331,1412,0
1322,1458,0
1309,1514,0
1304,1571,0
1271,1621,0
1258,1678,0
1245,1732,0
1235,1785,0
1226,1830,0
1220,1863,0
1218,1888,0
1218,1899,0
1221,1907,0
1225,1903,0
1231,1894,1
1413,1541,0
1431,1544,0
1440,1542,0
1452,1544,0
1460,1545,0
1464,1544,0
1469,1546,0
1467,1543,0
1466,1539,0
1459,1533,0
1451,1527,0
1444,1529,0
1432,1532,0
1421,1548,0
1405,1563,0
1395,1586,0
1387,1609,0
1380,1631,0
1382,1650,0
1384,1658,0
1389,1662,0
1395,1660,0
1404,1653,0
1414,1640,0
1425,1620,0
1434,1598,0
1441,1575,0
1453,1563,0
1458,1550,0
1465,1549,0
1466,1548,0
1466,1548,0
1467,1552,0
1462,1557,0
1455,1571,0
1452,1597,0
1445,1616,0
1442,1633,0
1440,1638,0
1447,1644,0
1457,1645,0
1465,1635,0
1484,1626,0
1500,1604,0
1522,1585,0
1535,1561,0
1549,1548,0
1557,1536,0
1570,1536,0
1578,1533,0
1582,1527,0
1591,1529,0
1597,1531,0
1594,1527,0
1594,1527,0
1591,1524,0
1587,1525,0
1582,1527,0
1575,1534,0
1567,1546,0
1557,1561,0
1550,1581,0
1543,1599,0
1538,1619,0
1542,1638,0
1550,1648,0
1563,1652,0
1577,1648,0
1598,1640,0
1616,1626,0
1633,1607,0
1652,1586,0
1666,1563,0
1681,1548,0
1686,1532,0
1689,1523,0
1687,1519,0
1684,1520,0
1674,1529,0
1677,1559,0
1667,1580,0
1659,1601,0
1661,1621,0
1664,1633,0
1669,1635,0
1680,1635,0
1693,1626,0
1713,1612,0
1730,1592,0
1748,1570,0
1763,1545,0
1782,1532,0
1797,1524,0
1804,1519,0
1818,1521,0
1832,1522,0
1847,1523,0
1853,1520,0
1860,1520,0
1857,1517,0
1857,1517,0
1859,1517,0
1850,1512,0
1841,1508,0
1833,1513,0
1821,1524,0
1807,1540,0
1797,1559,0
1785,1579,0
1780,1604,0
1780,1626,0
1779,1635,0
1785,1636,0
1795,1631,0
1809,1616,0
1822,1596,0
1834,1567,0
1846,1532,0
1860,1497,0
1872,1462,0
1881,1428,0
1886,1400,0
1888,1376,0
1891,1359,0
1894,1348,0
1894,1344,0
1892,1344,0
1895,1352,0
1890,1370,0
1884,1402,0
1874,1442,0
1871,1491,0
1862,1537,0
1855,1578,0
1851,1608,0
1858,1631,0
1865,1641,1
2186,1533,0
2185,1529,0
2190,1525,0
2181,1517,0
2176,1516,0
2177,1515,0
2165,1515,0
2163,1521,0
2153,1524,0
2135,1527,0
2128,1544,0
2128,1563,0
2116,1578,0
2115,1593,0
2116,1607,0
2129,1623,0
2140,1629,0
2156,1627,0
2165,1615,0
2181,1604,0
2199,1590,0
2212,1569,0
2212,1548,0
2220,1536,0
2222,1529,0
2219,1527,0
2217,1529,0
2218,1532,0
2219,1537,0
2231,1543,0
2240,1540,0
2258,1536,0
2273,1528,0
2293,1521,0
2303,1512,0
2313,1508,0
2318,1508,0
2308,1508,0
2308,1523,0
2304,1544,0
2297,1566,0
2297,1592,0
2296,1614,0
2297,1628,0
2299,1632,0
2305,1632,0
2317,1627,0
2329,1612,0
2340,1592,0
2359,1575,0
2374,1550,0
2382,1525,0
2399,1510,0
2405,1498,0
2407,1496,0
2411,1498,0
2403,1506,0
2396,1528,0
2387,1554,0
2381,1582,0
2385,1604,0
2388,1618,0
2403,1631,0
2413,1633,0
2434,1631,1
2712,1529,0
2711,1524,0
2702,1517,0
2694,1513,0
2689,1514,0
2675,1516,0
2661,1527,0
2649,1546,0
2637,1567,0
2632,1591,0
2628,1611,0
2630,1628,0
2634,1635,0
2641,1640,0
2655,1635,0
2671,1626,0
2690,1611,0
2703,1589,0
2717,1567,0
2732,1549,0
2744,1534,0
2753,1524,0
2750,1515,0
2754,1515,0
2753,1516,0
2750,1521,0
2744,1534,0
2731,1550,0
2727,1573,0
2723,1596,0
2726,1616,0
2733,1627,0
2746,1636,1
2950,1604,0
2960,1597,0
2979,1585,0
2994,1563,0
3013,1544,0
3031,1525,0
3064,1513,0
3080,1496,0
3098,1484,0
3107,1478,0
3114,1481,0
3128,1496,0
3129,1517,0
3129,1539,0
3128,1561,0
3127,1585,0
3117,1607,0
3101,1621,0
3089,1637,0
3076,1642,0
3064,1645,0
3069,1645,0
3066,1635,0
3069,1624,0
3072,1613,1
3293,1334,0
3297,1336,0
3293,1343,0
3292,1360,0
3286,1389,0
3279,1426,0
3264,1467,0
3262,1510,0
3248,1539,0
3238,1561,0
3239,1583,0
3235,1596,0
3234,1605,1
3228,1586,0
3228,1585,0
3238,1584,0
3259,1581,0
3274,1572,0
3297,1559,0
3320,1545,0
3342,1532,0
3359,1518,0
3370,1507,0
3380,1499,0
3390,1498,0
3390,1498,0
3392,1500,0
3392,1511,0
3390,1529,0
3378,1549,0
3373,1572,0
3368,1590,0
3364,1602,0
3361,1607,0
3354,1604,0
3358,1604,0
3360,1594,0
3374,1580,0
3379,1563,0
3393,1556,0
3396,1551,0
3408,1553,0
3413,1553,0
3425,1556,0
3440,1554,0
3457,1549,0
3472,1538,0
3484,1526,0
3493,1517,0
3501,1512,0
3498,1511,0
3491,1513,0
3486,1523,0
3473,1537,0
3465,1559,0
3464,1585,0
3462,1604,0
3465,1615,0
3475,1621,0
3485,1620,0
3496,1611,0
3518,1597,0
3537,1578,0
3554,1556,0
3574,1537,0
3589,1519,0
3604,1507,0
3607,1500,0
3616,1502,0
3613,1506,0
3610,1522,0
3600,1547,0
3593,1585,0
3576,1631,0
3561,1680,0
3542,1718,0
3535,1751,0
3520,1775,0
3515,1788,0
3515,1790,0
3515,1789,0
3515,1782,0
3515,1766,0
3522,1748,0
3530,1722,0
3536,1689,0
3542,1656,0
3551,1626,0
3563,1599,0
3573,1572,0
3588,1546,0
3605,1522,0
3618,1507,0
3627,1498,0
3642,1494,0
3645,1496,0
3654,1506,0
3655,1522,0
3658,1544,0
3650,1556,0
3644,1568,0
3637,1580,0
3637,1590,0
3633,1594,0
3628,1596,0
3624,1595,0
3623,1597,0
3618,1597,0
3609,1597,0
3604,1590,1
3596,1400,0
3580,1385,0
3579,1380,0
3575,1379,0
3573,1382,1
4012,1539,0
4010,1535,0
4009,1529,0
4010,1524,0
4004,1520,0
4005,1517,0
3998,1514,0
4002,1516,0
3987,1518,0
3978,1527,0
3970,1535,0
3965,1546,0
3963,1559,0
3966,1573,0
3972,1585,0
3982,1592,0
3995,1593,0
4007,1589,0
4024,1582,0
4036,1573,0
4046,1563,0
4039,1549,0
4034,1539,0
4029,1531,0
4018,1527,0
4015,1526,0
4010,1524,0
4018,1527,0
4031,1528,0
4042,1522,0
4061,1509,0
4085,1487,0
4102,1459,0
4131,1430,0
4157,1398,0
4181,1368,0
4204,1341,0
4222,1317,0
4232,1301,0
4239,1293,0
4240,1290,0
4239,1293,0
4234,1307,0
4216,1333,0
4196,1375,0
4174,1428,0
4159,1486,0
4140,1541,0
4119,1594,0
4103,1647,0
4089,1692,0
4083,1730,0
4080,1754,0
4078,1766,0
4076,1770,0
4085,1771,0
4092,1765,1
4071,1611,0
4058,1591,0
4063,1573,0
4070,1558,0
4087,1548,0
4106,1546,0
4123,1549,0
4133,1546,0
4144,1541,1
4434,1512,0
4432,1506,0
4431,1498,0
4429,1492,0
4422,1487,0
4411,1483,0
4398,1483,0
4382,1491,0
4364,1503,0
4352,1522,0
4339,1544,0
4335,1563,0
4333,1576,0
4348,1583,0
4357,1584,0
4368,1578,0
4385,1567,0
4396,1552,0
4407,1535,0
4415,1517,0
4416,1502,0
4424,1494,0
4421,1491,0
4425,1492,0
4427,1498,0
4424,1517,0
4412,1544,0
4403,1585,0
4386,1633,0
4369,1681,0
4346,1723,0
4323,1761,0
4307,1792,0
4301,1807,0
4292,1812,0
4289,1812,0
4291,1808,0
4295,1791,0
4302,1768,0
4321,1738,0
4331,1697,0
4353,1661,0
4374,1623,0
4398,1588,0
4421,1553,0
4449,1528,0
4470,1508,0
4488,1496,0
4512,1490,0
4526,1487,0
4543,1486,0
4551,1487,0
4563,1491,0
4570,1493,0
4574,1495,0
4574,1494,0
4578,1494,0
4574,1493,0
4574,1492,0
4572,1489,0
4560,1486,0
4555,1487,0
4543,1497,0
4524,1515,0
4511,1534,0
4507,1555,0
4505,1573,0
4508,1584,0
4520,1587,0
4535,1582,0
4549,1568,0
4561,1549,0
4572,1531,0
4584,1512,0
4591,1496,0
4594,1486,0
4595,1484,0
4590,1486,0
4582,1496,0
4580,1510,0
4585,1522,0
4594,1530,0
4601,1533,0
4620,1529,0
4642,1520,0
4659,1505,0
4678,1491,0
4694,1480,0
4705,1475,0
4710,1474,0
4708,1477,0
4709,1488,0
4707,1505,0
4700,1524,0
4693,1540,0
4688,1554,0
4683,1566,0
4677,1572,0
4677,1573,0
4681,1574,0
4678,1570,0
4685,1561,0
4692,1544,0
4702,1527,0
4718,1510,0
4727,1495,0
4742,1490,0
4751,1490,0
4770,1493,1
4905,1509,0
4907,1505,0
4909,1497,0
4907,1488,0
4903,1481,0
4899,1477,0
4887,1476,0
4871,1485,0
4854,1498,0
4843,1516,0
4833,1534,0
4828,1545,0
4830,1551,0
4834,1552,0
4842,1543,0
4852,1526,0
4864,1503,0
4882,1477,0
4893,1443,0
4909,1409,0
4922,1382,0
4936,1362,0
4941,1347,0
4951,1340,0
4952,1339,0
4955,1344,0
4954,1361,0
4941,1389,0
4930,1423,0
4922,1458,0
4915,1493,0
4909,1522,0
4909,1546,0
4912,1562,0
4925,1571,0
4934,1573,0
4949,1566,0
4967,1549,0
4982,1529,0
5004,1507,0
5015,1486,0
5023,1471,0
5022,1463,0
5023,1460,0
5019,1460,0
5012,1467,0
5004,1479,0
4994,1495,0
4987,1516,0
4987,1540,0
4989,1560,0
4997,1571,0
5009,1575,0
5023,1571,0
5040,1559,0
5057,1545,0
5074,1524,0
5088,1504,0
5103,1487,0
5112,1471,0
5118,1464,0
5126,1465,0
5125,1469,0
5117,1481,0
5111,1500,0
5108,1522,0
5104,1544,0
5105,1556,0
5104,1558,0
5113,1557,0
5119,1550,0
5128,1538,0
5139,1517,0
5150,1495,0
5164,1479,0
5180,1469,0
5185,1467,0
5188,1471,0
5188,1483,0
5183,1498,0
5181,1516,0
5182,1527,0
5187,1535,0
5195,1537,0
5210,1531,0
5226,1520,0
5250,1512,0
5257,1503,0
5267,1500,1
5469,1522,0
5469,1522,0
5473,1522,0
5481,1523,0
5489,1524,0
5506,1523,0
5520,1521,0
5541,1520,0
5554,1517,0
5567,1516,0
5575,1518,0
5578,1521,0
5581,1526,1
5844,1510,0
5846,1503,0
5839,1496,0
5841,1488,0
5839,1483,0
5831,1481,0
5817,1486,0
5793,1496,0
5773,1511,0
5768,1527,0
5760,1542,0
5764,1555,0
5769,1564,0
5776,1570,0
5789,1571,0
5803,1568,0
5813,1558,0
5829,1545,0
5839,1529,0
5852,1511,0
5861,1493,0
5870,1476,0
5876,1467,0
5885,1467,0
5884,1471,0
5883,1488,0
5878,1520,0
5866,1563,0
5842,1614,0
5820,1672,0
5795,1723,0
5774,1773,0
5752,1814,0
5733,1843,0
5725,1865,0
5718,1872,0
5715,1870,0
5721,1864,0
5725,1840,0
5742,1807,0
5759,1766,0
5784,1719,0
5812,1672,0
5840,1622,0
5873,1580,0
5909,1546,0
5932,1522,0
5949,1505,0
5963,1498,0
5959,1498,0
5957,1507,0
5949,1520,0
5945,1534,0
5934,1542,0
5933,1547,0
5940,1550,0
5949,1550,0
5955,1542,0
5972,1530,0
5991,1516,0
6003,1505,0
6017,1497,0
6032,1491,0
6045,1486,0
6058,1486,0
6067,1484,0
6075,1485,0
6078,1484,0
6075,1483,0
6079,1482,0
6076,1478,0
6073,1476,0
6068,1477,0
6051,1479,0
6039,1492,0
6027,1507,0
6018,1526,0
6016,1546,0
6020,1563,0
6022,1570,0
6034,1573,0
6044,1565,0
6056,1553,0
6073,1539,0
6080,1526,0
6091,1515,0
6093,1508,0
6094,1505,0
6094,1505,0
6094,1508,0
6087,1517,0
6084,1527,0
6086,1536,0
6088,1542,0
6099,1547,0
6112,1546,0
6133,1542,0
6153,1533,0
6172,1522,0
6184,1510,0
6199,1499,0
6210,1488,0
6220,1479,0
6235,1475,0
6239,1474,0
6247,1474,0
6249,1479,0
6252,1488,0
6252,1503,0
6246,1523,0
6237,1541,0
6230,1555,0
6227,1564,0
6214,1568,0
6210,1569,0
6198,1566,0
6195,1561,0
6191,1559,0
6191,1559,0
6191,1560,0
6198,1566,0
6336,1497,0
6343,1486,0
6353,1480,0
6358,1478,0
6358,1476,0
6363,1485,0
6365,1496,0
6368,1515,0
6357,1529,0
6353,1543,0
6346,1551,0
6337,1558,0
6331,1563,0
6322,1566,0
6317,1568,0
6313,1568,0
6316,1573,0
6314,1579,0
6315,1575,0
6317,1571,1