those wise in the right lores
497
355,2398,0
350,2413,0
352,2439,0
356,2474,0
361,2514,0
366,2560,0
368,2608,0
369,2645,0
369,2678,1
291,2605,0
298,2607,0
318,2605,0
349,2602,0
381,2598,1
434,2393,0
438,2406,0
443,2433,0
449,2473,0
453,2519,0
455,2560,0
458,2603,0
460,2640,0
464,2666,0
470,2680,0
479,2682,0
489,2680,0
502,2667,0
523,2647,0
547,2624,0
571,2613,0
589,2608,0
600,2610,0
606,2624,0
610,2644,0
610,2665,0
613,2690,0
620,2708,0
625,2708,0
641,2712,1
752,2607,0
735,2605,0
723,2603,0
714,2606,0
704,2612,0
694,2631,0
685,2649,0
681,2673,0
685,2690,0
699,2704,0
721,2707,0
745,2699,0
768,2681,0
787,2668,0
803,2649,0
809,2626,0
806,2609,0
793,2601,0
774,2593,0
752,2598,0
732,2600,1
950,2566,0
931,2568,0
909,2574,0
885,2589,0
866,2611,1
852,2638,0
861,2651,0
882,2661,0
910,2675,0
933,2673,0
953,2685,0
965,2694,0
967,2698,0
961,2706,0
943,2713,0
911,2719,0
876,2729,0
846,2730,0
831,2733,0
825,2720,0
831,2717,1
1037,2673,0
1048,2673,0
1066,2668,0
1090,2661,0
1116,2649,0
1138,2636,0
1157,2623,0
1168,2615,0
1170,2607,0
1168,2603,0
1158,2599,0
1139,2600,0
1111,2613,0
1081,2620,0
1059,2641,0
1049,2661,0
1053,2685,0
1068,2700,0
1100,2717,0
1142,2720,0
1183,2723,1
1577,2660,0
1577,2680,0
1586,2703,0
1600,2720,0
1615,2725,1
1662,2711,0
1672,2696,0
1684,2677,0
1695,2649,0
1707,2630,0
1713,2616,0
1717,2610,0
1720,2615,0
1722,2618,0
1728,2633,0
1733,2652,0
1740,2675,0
1749,2694,0
1766,2710,0
1787,2716,0
1814,2717,0
1838,2714,0
1857,2700,0
1870,2688,0
1876,2673,0
1880,2659,0
1884,2650,0
1882,2638,0
1874,2627,1
1961,2640,0
1961,2645,0
1966,2660,0
1970,2675,0
1975,2695,1
1924,2509,0
1921,2507,0
1925,2509,0
1928,2512,0
1933,2523,1
2115,2601,0
2098,2600,0
2081,2598,0
2068,2604,0
2050,2611,1
2124,2680,0
2152,2695,0
2166,2701,0
2174,2711,0
2175,2724,0
2162,2729,0
2142,2733,0
2117,2739,0
2095,2744,0
2073,2739,0
2064,2734,0
2065,2730,1
2236,2692,0
2241,2695,0
2248,2691,0
2269,2686,0
2291,2675,0
2311,2666,0
2323,2656,0
2333,2651,0
2332,2642,0
2330,2634,0
2321,2625,0
2310,2621,0
2290,2627,0
2268,2637,0
2251,2655,0
2236,2671,0
2236,2688,0
2250,2708,0
2275,2723,0
2306,2739,0
2340,2745,1
2688,2626,0
2688,2630,0
2697,2649,0
2700,2666,0
2700,2685,1
2644,2473,0
2642,2469,0
2641,2464,0
2642,2464,0
2648,2470,1
2745,2601,0
2745,2602,0
2752,2612,0
2759,2626,0
2762,2644,0
2769,2668,0
2767,2689,0
2769,2707,0
2774,2722,0
2777,2725,0
2784,2726,0
2790,2717,0
2806,2701,0
2820,2677,0
2837,2655,0
2856,2637,0
2873,2623,0
2891,2615,0
2907,2619,0
2913,2625,0
2922,2643,0
2927,2668,0
2929,2692,0
2929,2712,0
2936,2726,1
3265,2452,0
3264,2453,0
3269,2460,0
3280,2482,0
3279,2510,0
3282,2545,0
3279,2581,0
3284,2620,0
3286,2656,0
3292,2692,0
3291,2720,0
3288,2738,0
3287,2750,1
3226,2649,0
3223,2647,0
3226,2644,0
3238,2645,0
3259,2647,1
3361,2437,0
3361,2437,0
3363,2441,0
3370,2456,0
3375,2479,0
3380,2508,0
3386,2546,0
3390,2587,0
3400,2632,0
3400,2671,0
3403,2706,0
3406,2731,0
3407,2745,0
3417,2753,0
3420,2750,0
3428,2738,0
3440,2716,0
3460,2697,0
3483,2681,0
3503,2666,0
3525,2658,0
3536,2658,0
3541,2664,0
3544,2678,0
3541,2697,0
3540,2720,0
3537,2740,0
3544,2756,0
3549,2762,1
3662,2735,0
3669,2723,0
3679,2711,0
3686,2699,0
3691,2688,0
3691,2677,0
3687,2669,0
3678,2661,0
3660,2657,0
3644,2661,0
3634,2673,0
3633,2691,0
3640,2712,0
3659,2733,0
3687,2750,0
3719,2758,1
4109,2670,0
4109,2675,0
4112,2691,0
4115,2712,0
4122,2736,0
4126,2755,0
4127,2767,0
4131,2774,0
4134,2777,0
4135,2776,0
4132,2767,0
4129,2746,0
4126,2725,0
4119,2702,0
4112,2678,0
4109,2658,0
4113,2641,0
4118,2627,0
4127,2617,0
4145,2613,0
4167,2613,1
4272,2666,0
4276,2673,0
4283,2685,0
4290,2700,0
4289,2714,0
4298,2734,0
4302,2750,0
4304,2760,0
4303,2762,1
4253,2532,0
4247,2521,0
4249,2511,0
4246,2507,0
4248,2511,1
4448,2685,0
4451,2682,0
4447,2668,0
4445,2656,0
4437,2646,0
4431,2641,0
4416,2634,0
4402,2633,0
4392,2639,0
4384,2649,0
4379,2664,0
4380,2682,0
4384,2698,0
4393,2712,0
4407,2720,0
4427,2726,0
4447,2727,0
4464,2724,0
4480,2717,0
4492,2712,0
4499,2712,0
4502,2712,0
4507,2721,0
4509,2736,0
4509,2758,0
4512,2786,0
4512,2813,0
4514,2842,0
4517,2872,0
4516,2898,0
4510,2919,0
4501,2937,0
4486,2948,0
4468,2951,0
4449,2949,0
4432,2938,0
4416,2920,0
4406,2895,0
4406,2864,0
4409,2827,0
4418,2784,1
4555,2441,0
4555,2442,0
4562,2459,0
4566,2483,0
4569,2514,0
4567,2546,0
4567,2581,0
4571,2618,0
4576,2653,0
4581,2686,0
4589,2711,0
4587,2727,0
4592,2740,0
4598,2745,0
4599,2743,0
4608,2738,0
4623,2723,0
4635,2702,0
4643,2682,0
4657,2669,0
4668,2661,0
4675,2657,0
4683,2661,0
4687,2668,0
4691,2683,0
4690,2700,0
4690,2719,0
4696,2739,0
4703,2750,1
4772,2510,0
4771,2513,0
4781,2520,0
4784,2537,0
4794,2566,0
4796,2599,0
4803,2641,0
4806,2679,0
4818,2717,0
4823,2747,0
4825,2772,0
4827,2789,0
4830,2799,1
4755,2717,0
4753,2713,0
4755,2709,0
4777,2706,0
4818,2703,1
5472,2441,0
5475,2443,0
5474,2445,0
5474,2453,0
5476,2475,0
5473,2507,0
5464,2548,0
5458,2594,0
5456,2647,0
5458,2692,0
5471,2732,0
5482,2760,0
5499,2781,1
5633,2665,0
5614,2659,0
5602,2654,0
5593,2656,0
5580,2663,0
5563,2677,0
5550,2698,0
5541,2723,0
5542,2744,0
5551,2761,0
5569,2772,0
5590,2774,0
5614,2766,0
5634,2754,0
5653,2737,0
5671,2720,0
5678,2699,0
5677,2678,0
5670,2663,0
5657,2655,0
5640,2652,1
5752,2648,0
5749,2652,0
5748,2663,0
5744,2678,0
5740,2702,0
5737,2726,0
5738,2748,0
5740,2769,0
5738,2781,0
5740,2786,0
5740,2785,0
5740,2777,0
5742,2758,0
5738,2731,0
5742,2707,0
5750,2685,0
5757,2664,0
5769,2649,0
5787,2641,0
5800,2634,0
5819,2632,1
5838,2748,0
5841,2753,0
5851,2758,0
5869,2758,0
5891,2752,0
5914,2743,0
5940,2729,0
5960,2716,0
5972,2700,0
5978,2689,0
5979,2678,0
5975,2668,0
5949,2667,0
5924,2672,0
5891,2683,0
5867,2702,0
5846,2726,0
5839,2748,0
5845,2770,0
5856,2783,0
5885,2789,1
6143,2645,0
6122,2644,0
6099,2644,0
6070,2649,0
6053,2665,0
6036,2680,0
6028,2697,0
6032,2707,0
6044,2719,0
6079,2728,0
6107,2736,0
6148,2745,0
6168,2756,0
6186,2765,0
6192,2772,0
6189,2778,0
6171,2786,0
6131,2794,0
6092,2800,0
6066,2806,0
6048,2807,1