it your own way.&quot; Gaffer
516
625,2692,0
624,2704,0
626,2713,0
629,2730,0
632,2758,0
632,2791,0
633,2832,0
632,2871,0
630,2912,0
629,2940,0
628,2964,0
628,2972,0
629,2972,1
640,2614,0
633,2613,0
634,2608,0
634,2613,0
634,2613,0
638,2618,0
642,2626,0
646,2627,0
650,2624,1
743,2465,0
740,2480,0
744,2509,0
747,2550,0
750,2598,0
755,2651,0
762,2709,0
767,2762,0
767,2806,0
764,2846,0
762,2882,0
764,2903,0
767,2914,0
769,2911,0
771,2899,0
772,2876,0
772,2839,1
746,2610,0
748,2615,0
759,2615,0
774,2618,0
792,2616,0
811,2614,0
830,2608,0
846,2610,0
861,2603,1
1104,2761,0
1100,2785,0
1101,2820,0
1106,2856,0
1112,2888,0
1119,2905,0
1129,2916,0
1139,2917,0
1150,2908,0
1166,2891,0
1184,2866,0
1204,2834,0
1223,2796,0
1241,2764,0
1257,2738,0
1267,2718,0
1271,2709,0
1270,2705,0
1269,2714,0
1261,2726,0
1252,2759,0
1241,2803,0
1228,2856,0
1211,2917,0
1189,2979,0
1164,3043,0
1140,3104,0
1121,3153,0
1108,3188,0
1102,3204,0
1103,3209,0
1107,3200,0
1116,3180,1
1352,2879,0
1341,2876,0
1334,2864,0
1327,2845,0
1325,2825,0
1330,2805,0
1341,2779,0
1361,2761,0
1381,2747,0
1399,2733,0
1424,2738,0
1443,2743,0
1462,2757,0
1474,2775,0
1481,2799,0
1478,2823,0
1467,2853,0
1447,2876,0
1422,2891,0
1397,2910,0
1375,2925,0
1359,2934,0
1356,2935,0
1356,2919,0
1371,2901,1
1535,2720,0
1530,2725,0
1527,2738,0
1523,2759,0
1522,2787,0
1521,2820,0
1525,2856,0
1528,2880,0
1537,2902,0
1544,2914,0
1553,2912,0
1566,2902,0
1580,2879,0
1596,2852,0
1610,2820,0
1621,2790,0
1633,2771,0
1640,2757,0
1641,2753,0
1640,2753,0
1640,2761,0
1643,2784,0
1646,2813,0
1651,2840,0
1658,2871,0
1665,2894,0
1674,2909,0
1681,2907,0
1696,2908,1
1764,2755,0
1762,2773,0
1767,2796,0
1774,2828,0
1775,2844,0
1777,2856,0
1778,2859,0
1780,2859,0
1780,2855,0
1780,2842,0
1780,2818,0
1786,2796,0
1797,2776,0
1813,2759,0
1831,2745,0
1855,2738,0
1882,2734,0
1908,2735,0
1930,2736,0
1949,2738,0
1964,2737,1
2347,2914,0
2333,2912,0
2315,2899,0
2300,2883,0
2289,2866,0
2286,2846,0
2287,2824,0
2294,2802,0
2311,2785,0
2335,2774,0
2362,2770,0
2392,2772,0
2422,2784,0
2451,2805,0
2478,2832,0
2492,2856,0
2495,2878,0
2486,2896,0
2464,2907,0
2436,2917,0
2401,2924,0
2375,2932,0
2352,2930,0
2337,2924,0
2335,2919,1
2567,2806,0
2564,2836,0
2565,2866,0
2572,2905,0
2579,2932,0
2586,2951,0
2597,2963,0
2604,2965,0
2615,2958,0
2628,2942,0
2646,2919,0
2661,2890,0
2678,2867,0
2690,2841,0
2699,2818,0
2709,2802,0
2709,2782,1
2634,2782,0
2630,2807,0
2634,2837,0
2639,2867,0
2649,2893,0
2663,2912,0
2678,2927,0
2693,2932,0
2709,2932,0
2724,2924,0
2741,2909,0
2761,2887,0
2776,2859,0
2792,2835,0
2804,2813,0
2811,2794,0
2820,2779,1
2868,2774,0
2870,2798,0
2876,2828,0
2885,2865,0
2885,2893,0
2886,2912,0
2888,2920,0
2888,2915,0
2892,2907,0
2898,2884,0
2914,2854,0
2944,2834,0
2967,2812,0
2995,2807,0
3012,2804,0
3035,2818,0
3047,2834,0
3059,2864,0
3062,2893,0
3066,2918,0
3064,2931,1
3358,2795,0
3360,2799,0
3363,2807,0
3366,2825,1
3373,2850,0
3380,2881,0
3390,2914,0
3404,2944,0
3416,2966,0
3424,2975,0
3435,2977,0
3445,2967,0
3463,2947,0
3484,2914,0
3510,2884,0
3535,2857,0
3554,2833,0
3568,2810,0
3578,2790,0
3575,2770,0
3573,2755,1
3510,2837,0
3515,2875,0
3530,2910,0
3548,2941,0
3561,2957,0
3575,2967,0
3588,2965,0
3598,2951,0
3611,2928,0
3627,2902,0
3645,2874,0
3662,2852,0
3678,2837,0
3693,2823,0
3705,2811,0
3718,2804,0
3725,2797,1
3767,2974,0
3755,2969,0
3752,2960,0
3744,2941,0
3742,2919,0
3750,2895,0
3768,2873,0
3793,2853,0
3815,2835,0
3842,2831,0
3860,2835,0
3877,2847,0
3890,2868,0
3896,2890,0
3892,2912,0
3872,2932,0
3851,2954,0
3826,2967,0
3802,2973,0
3786,2972,0
3785,2967,1
3884,2932,0
3889,2955,0
3894,2978,0
3903,3004,0
3910,3025,0
3913,3032,0
3919,3033,0
3928,3024,0
3935,3000,1
3982,2828,0
3978,2832,0
3974,2844,0
3972,2868,0
3973,2897,0
3982,2927,0
3994,2949,0
4010,2962,0
4031,2969,0
4053,2963,0
4073,2941,0
4102,2917,0
4131,2883,0
4159,2858,0
4181,2839,0
4194,2830,0
4196,2828,0
4191,2839,0
4179,2866,0
4152,2903,0
4125,2951,0
4097,3005,0
4058,3062,0
4018,3126,0
3978,3187,0
3943,3242,0
3918,3286,0
3897,3310,0
3892,3321,1
4442,2515,0
4442,2517,0
4444,2521,0
4442,2530,0
4440,2545,0
4435,2566,0
4428,2590,0
4419,2616,0
4405,2643,0
4394,2663,0
4385,2675,0
4380,2682,0
4384,2684,1
4571,2491,0
4574,2493,0
4574,2492,0
4574,2494,0
4575,2498,0
4577,2511,0
4574,2528,0
4570,2550,0
4560,2577,0
4550,2606,0
4537,2631,0
4519,2651,0
4507,2667,1
4254,2980,0
4252,2982,0
4254,2980,0
4254,2981,0
4257,2983,0
4256,2984,0
4255,2985,0
4258,2987,0
4259,2987,1
5170,2550,0
5159,2552,0
5142,2557,0
5118,2567,0
5093,2585,0
5069,2609,0
5037,2639,0
5003,2677,0
4968,2723,0
4934,2776,0
4905,2824,0
4893,2876,0
4884,2916,0
4890,2948,0
4910,2967,0
4938,2978,0
4982,2977,0
5029,2967,0
5079,2953,0
5127,2932,0
5168,2907,0
5190,2881,0
5196,2866,0
5185,2853,0
5161,2846,0
5132,2844,0
5097,2847,0
5070,2853,0
5048,2856,1
5244,2980,0
5226,2979,0
5218,2970,0
5205,2953,0
5199,2932,0
5207,2914,0
5219,2895,0
5235,2878,0
5254,2864,0
5276,2859,0
5294,2861,0
5306,2871,0
5318,2889,0
5325,2910,0
5319,2932,0
5301,2953,0
5277,2974,0
5249,2987,0
5232,2998,0
5219,3003,0
5211,3001,1
5315,2946,0
5321,2958,0
5326,2973,0
5333,2992,0
5338,3012,0
5345,3030,0
5351,3042,0
5357,3048,0
5367,3048,1
5450,3047,0
5435,3040,0
5424,3019,0
5411,2989,0
5405,2948,0
5400,2903,0
5402,2853,0
5406,2801,0
5422,2753,0
5438,2709,0
5458,2668,0
5480,2637,0
5506,2613,0
5525,2596,0
5543,2588,0
5552,2589,0
5564,2593,1
5560,2994,0
5560,2994,0
5557,2984,0
5544,2959,0
5538,2931,0
5531,2897,0
5523,2855,0
5527,2818,0
5532,2779,0
5545,2742,0
5557,2711,0
5565,2680,0
5585,2661,0
5602,2646,0
5621,2637,0
5636,2635,0
5643,2637,1
5405,2789,0
5407,2793,0
5423,2797,0
5444,2801,0
5472,2801,0
5506,2799,0
5542,2794,0
5576,2791,0
5602,2784,1
5684,2929,0
5689,2929,0
5702,2922,0
5718,2912,0
5735,2897,0
5747,2879,0
5757,2861,0
5760,2847,0
5754,2833,0
5747,2830,0
5730,2826,0
5716,2837,0
5697,2852,0
5676,2873,0
5661,2898,0
5654,2925,0
5653,2951,0
5664,2970,0
5677,2987,0
5699,2997,0
5722,2999,0
5746,2990,0
5776,2979,0
5798,2958,0
5820,2936,1
5887,2900,0
5885,2919,0
5883,2939,0
5882,2958,0
5880,2975,0
5872,2982,0
5869,2986,0
5871,2982,0
5864,2971,0
5861,2953,0
5857,2927,0
5865,2905,0
5876,2885,0
5888,2865,0
5906,2850,0
5923,2835,0
5945,2830,0
5966,2831,0
5986,2836,0
6005,2842,0
6024,2851,1