did not take Gaffer long to
539
944,4702,0
942,4710,0
913,4666,0
895,4644,0
874,4640,0
852,4654,0
827,4717,0
810,4781,0
810,4833,0
815,4869,0
814,4885,0
880,4816,0
885,4760,0
887,4700,0
892,4648,0
880,4572,0
881,4600,0
874,4635,0
881,4692,0
895,4741,0
922,4774,0
943,4786,0
969,4791,0
992,4792,0
1014,4784,0
1034,4768,0
1047,4752,0
1060,4741,0
1063,4741,0
1067,4756,0
1068,4780,0
1070,4809,0
1073,4820,0
1075,4821,0
1075,4812,1
1082,4473,0
1079,4477,0
1080,4472,0
1081,4476,0
1084,4476,0
1087,4476,0
1095,4485,0
1106,4497,0
1114,4517,1
1218,4710,0
1226,4730,0
1200,4751,0
1199,4783,0
1201,4831,0
1213,4870,0
1220,4891,0
1234,4902,0
1256,4893,0
1265,4865,0
1259,4821,0
1254,4761,0
1249,4714,0
1241,4657,0
1228,4526,0
1229,4518,0
1231,4530,0
1240,4554,0
1683,4777,0
1689,4760,0
1688,4756,0
1682,4760,0
1668,4775,0
1650,4809,0
1627,4852,0
1634,4896,0
1637,4912,0
1647,4915,0
1660,4917,0
1672,4900,0
1689,4877,0
1695,4844,0
1698,4816,0
1697,4808,0
1693,4812,0
1690,4816,0
1691,4836,0
1701,4852,0
1718,4857,0
1738,4859,0
1764,4842,0
1793,4818,0
1818,4777,0
1841,4733,0
1865,4685,0
1889,4640,0
1905,4600,0
1911,4574,0
1924,4564,0
1919,4560,0
1919,4573,0
1913,4595,0
1903,4645,0
1896,4691,0
1890,4749,0
1877,4866,0
1861,4852,0
1847,4842,0
1945,4845,0
1947,4840,0
1946,4845,0
1934,4855,0
1927,4852,0
1922,4849,0
1918,4850,1
2301,4525,0
2299,4521,0
2301,4529,0
2306,4540,0
2309,4572,0
2312,4625,0
2314,4815,0
2310,4850,0
2304,4864,0
2310,4862,0
2307,4854,0
2304,4843,0
2308,4842,0
2309,4841,0
2319,4839,0
2338,4838,0
2363,4839,0
2502,4803,0
2499,4800,0
2494,4806,0
2480,4813,0
2449,4903,0
2455,4901,0
2463,4898,0
2469,4888,0
2507,4881,0
2522,4893,0
2542,4895,0
2563,4885,0
2362,4877,0
2649,4751,0
2659,4688,0
2666,4647,0
2668,4638,0
2670,4638,0
2671,4646,0
2668,4685,0
2676,4738,0
2678,4775,0
2685,4803,0
2685,4802,0
2688,4796,0
2698,4789,0
2707,4778,0
2704,4749,0
2707,4739,0
2704,4732,0
2701,4729,0
2699,4725,0
2697,4726,0
2696,4731,0
2697,4730,0
2699,4755,0
2703,4775,0
2709,4811,0
2708,4828,0
2701,4928,0
2697,4946,0
2695,4959,0
2697,4971,0
2757,4858,0
2769,4815,0
2781,4801,0
2784,4796,0
2784,4797,0
2780,4798,0
2772,4801,0
2762,4813,0
2750,4818,0
2742,4829,1
2717,4922,0
2719,4955,0
2753,5003,0
2773,5004,0
2799,5004,0
2828,5002,0
2864,5006,0
2883,4987,0
2902,4962,0
2900,4915,0
2900,4881,0
2892,4854,0
2876,4843,0
2856,4842,0
2832,4860,0
2822,4927,0
2808,5000,0
2808,5014,0
2826,5028,0
2852,5032,0
2882,5028,0
2911,5014,0
2938,4999,0
2963,4994,0
2972,4987,0
2977,4997,0
2979,5001,0
2977,5001,0
2974,4994,0
2975,4998,0
2975,4998,0
2973,4994,0
2972,4991,1
3505,4673,0
3508,4681,0
3503,4675,0
3506,4681,0
3510,4685,0
3503,4678,0
3496,4673,0
3487,4673,0
3474,4676,0
3456,4695,0
3431,4726,0
3411,4780,0
3397,4838,0
3395,4892,0
3397,4935,0
3415,4962,0
3438,4973,0
3475,4981,0
3503,4963,0
3535,4942,0
3566,4917,0
3597,4891,0
3616,4873,0
3624,4859,0
3622,4855,0
3607,4850,0
3591,4858,0
3578,4883,0
3562,4905,0
3553,4933,0
3554,4950,0
3561,4961,0
3575,4970,0
3593,4975,0
3617,4971,0
3644,4966,0
3674,4951,0
3701,4927,0
3729,4901,0
3743,4884,0
3753,4874,0
3756,4881,0
3752,4884,0
3741,4913,0
3725,4949,0
3719,4980,0
3718,5008,0
3723,5018,0
3732,5018,0
3740,5010,0
3751,4990,0
3756,4955,0
3761,4929,0
3759,4926,0
3757,4927,0
3756,4946,0
3762,4984,0
3834,4999,0
3865,4975,0
3897,4944,0
3925,4908,0
3949,4857,0
3966,4813,0
3979,4767,0
3984,4731,0
3982,4713,0
3977,4711,0
3969,4726,0
3948,4758,0
3933,4814,0
3918,4880,0
3906,4952,0
3901,5025,0
3916,5117,0
3927,5143,0
3930,5137,0
3916,5108,0
4044,4939,0
4070,4893,0
4093,4837,0
4112,4777,0
4121,4723,0
4123,4693,0
4120,4684,0
4111,4686,0
4095,4702,0
4079,4741,0
4064,4808,0
4059,4882,0
4057,4963,0
4075,5060,0
4081,5108,0
4096,5146,0
4092,5129,0
4074,5071,0
4069,5026,0
4061,4994,0
4058,4982,0
4055,4978,0
4059,4981,0
4068,4985,0
4092,4998,0
4120,5004,0
4152,5007,0
4184,5006,0
4207,4996,0
4225,4979,0
4232,4956,0
4229,4934,0
4220,4917,0
4207,4910,0
4197,4912,0
4184,4916,0
4176,4931,0
4179,4961,0
4186,4995,0
4201,5033,0
4230,5067,0
4254,5084,0
4290,5095,0
4321,5070,0
4342,5060,0
4361,5038,0
4364,5007,0
4355,4979,0
4344,4953,0
4334,4945,0
4333,4941,0
4328,4944,0
4331,4943,0
4348,4941,0
4373,4943,0
4402,4942,0
4429,4938,0
4455,4934,0
4471,4929,0
4478,4928,0
4476,4925,0
4468,4925,0
4453,4927,1
4857,4707,0
4853,4705,0
4848,4704,0
4848,4704,0
4847,4705,0
4846,4705,0
4846,4705,0
4846,4710,0
4850,4723,0
4849,4744,0
4849,4775,0
4844,4806,0
4846,4850,0
4838,4892,0
4841,4940,0
4834,4971,0
4841,4997,0
4838,4999,0
4835,4996,0
4835,4995,0
4835,4992,0
4836,4975,0
4842,4951,0
4847,4931,0
4854,4910,0
4864,4897,0
4878,4891,0
4896,4892,0
4909,4892,0
4923,4900,0
4934,4917,0
4945,4939,0
4951,4960,0
4967,4988,0
4971,5001,0
4976,5007,0
4983,5011,0
4985,5010,0
4985,5009,0
4989,5011,0
4985,5010,0
4983,5006,0
4985,5009,0
4982,5007,0
4984,5011,0
4982,5007,0
4986,5009,0
4982,5007,0
4985,5009,0
4985,5010,0
4988,5008,0
5005,5004,0
5023,4994,0
5040,4980,0
5058,4961,0
5079,4939,0
5096,4919,0
5103,4902,0
5105,4900,0
5103,4901,0
5103,4902,0
5097,4907,0
5076,4951,0
5063,4982,0
5065,5017,0
5065,5033,0
5069,5035,0
5080,5040,0
5093,5040,0
5109,5033,0
5120,5014,0
5126,4987,0
5127,4965,0
5123,4953,0
5120,4951,0
5117,4949,0
5135,4958,0
5156,4962,0
5175,4961,0
5199,4956,0
5213,4950,0
5225,4951,0
5228,4953,0
5233,4970,0
5230,4994,0
5228,5021,0
5229,5020,0
5232,5018,0
5239,5011,0
5250,4997,0
5263,4986,0
5277,4974,0
5286,4972,0
5294,4975,0
5307,4985,0
5320,5000,0
5341,5009,0
5366,5007,0
5396,4997,0
5423,4968,0
5456,4937,0
5477,4907,0
5491,4888,0
5494,4886,0
5494,4891,0
5491,4920,0
5489,4966,0
5491,5024,0
5501,5090,0
5509,5147,0
5508,5218,0
5501,5235,0
5484,5238,0
5457,5236,0
5426,5226,0
5400,5206,0
5382,5195,0
5368,5185,0
5370,5179,0
5374,5170,0
5387,5148,0
5414,5125,0
5447,5096,0
5484,5068,0
5516,5050,0
5537,5036,0
5542,5032,0
5543,5035,0
5540,5033,0
5533,5034,0
5533,5034,0
5532,5030,0
5534,5033,0
5536,5031,0
5535,5033,0
5535,5032,0
5532,5035,0
5527,5040,1
6019,4702,0
6016,4711,0
6019,4731,0
6022,4763,0
6018,4808,0
6013,4867,0
6010,4933,0
6005,4990,0
5999,5036,0
5996,5067,0
5994,5069,0
5990,5062,0
5990,5062,0
5992,5049,0
5991,5027,0
5992,5015,0
5995,5012,0
6005,5012,0
6025,5009,0
6051,5005,0
6084,5001,0
6119,4993,0
6149,4984,0
6174,4970,0
6183,4954,0
6186,4946,0
6188,4949,0
6174,4957,0
6150,4990,0
6119,5039,0
6094,5093,0
6083,5144,0
6092,5181,0
6108,5193,0
6135,5195,0
6171,5180,0
6208,5154,0
6236,5113,0
6251,5074,0
6256,5046,0
6242,5026,0
6218,5011,0
6199,5007,0
6182,5008,0
6176,5014,0
6174,5016,0
6175,5016,0
6176,5015,0
6180,5015,1