its fold. &quot;Nip round to Sammy and
677
744,3548,0
745,3551,0
748,3556,0
754,3565,0
762,3590,0
770,3626,0
781,3672,0
789,3696,0
792,3713,1
734,3455,0
735,3455,0
739,3451,0
748,3444,0
757,3445,1
820,3374,0
820,3375,0
820,3374,0
823,3391,0
830,3427,0
837,3476,0
847,3528,0
858,3577,0
866,3626,0
870,3667,0
868,3703,0
861,3726,0
851,3733,1
1048,3552,0
1048,3552,0
1048,3552,0
1042,3549,0
1029,3540,0
1008,3539,0
981,3547,0
959,3566,0
933,3578,0
919,3589,0
921,3592,0
938,3602,0
970,3602,0
1006,3600,0
1041,3596,0
1064,3597,0
1075,3604,0
1073,3612,0
1061,3624,0
1042,3636,0
1020,3653,0
992,3663,0
961,3670,0
932,3665,0
914,3657,1
1563,3352,0
1556,3345,0
1555,3337,0
1554,3333,0
1553,3325,0
1553,3326,0
1552,3329,0
1551,3341,0
1546,3371,0
1542,3416,0
1544,3468,0
1549,3520,0
1558,3571,0
1568,3618,0
1575,3662,0
1576,3694,0
1573,3718,0
1565,3724,0
1555,3725,0
1545,3718,0
1534,3699,0
1524,3672,0
1515,3649,0
1503,3623,0
1491,3600,0
1486,3584,0
1484,3564,0
1493,3551,0
1512,3529,0
1544,3516,0
1574,3504,0
1601,3500,0
1620,3493,0
1634,3495,0
1640,3489,0
1640,3486,0
1638,3478,0
1633,3474,0
1591,3481,0
1565,3493,0
1545,3520,0
1533,3542,0
1536,3566,0
1554,3592,0
1583,3608,0
1619,3619,0
1654,3621,0
1681,3617,0
1696,3602,0
1705,3584,0
1707,3559,0
1701,3527,0
1690,3501,0
1676,3487,0
1651,3479,1
1761,3414,0
1768,3445,0
1774,3481,0
1778,3520,0
1778,3549,0
1784,3577,0
1792,3595,0
1800,3598,0
1810,3592,1
1949,3513,0
1952,3508,0
1952,3500,0
1947,3493,0
1939,3491,0
1925,3483,0
1911,3490,0
1888,3496,0
1849,3526,0
1840,3548,0
1842,3568,0
1859,3597,0
1881,3613,0
1908,3623,0
1935,3624,0
1956,3607,1
1979,3481,0
1970,3438,0
1963,3407,0
1951,3380,0
1942,3366,0
1935,3356,0
1930,3353,0
1931,3356,0
1935,3368,0
1943,3399,0
1954,3434,0
1966,3472,0
1981,3513,0
1993,3551,0
2006,3590,0
2013,3617,1
2083,3613,0
2085,3617,0
2089,3620,0
2089,3624,0
2087,3624,1
2371,3300,0
2369,3297,0
2369,3298,0
2369,3305,0
2372,3335,0
2376,3368,0
2380,3392,0
2386,3407,0
2387,3407,1
2422,3293,0
2422,3292,0
2422,3292,0
2423,3310,0
2425,3339,0
2430,3368,0
2439,3394,0
2444,3413,0
2441,3423,1
2593,3346,0
2595,3350,0
2598,3358,0
2608,3383,0
2613,3417,0
2612,3453,0
2616,3490,0
2617,3516,0
2617,3535,0
2619,3547,0
2616,3544,0
2617,3543,0
2615,3530,0
2610,3502,0
2604,3465,0
2601,3432,0
2593,3400,0
2586,3376,0
2583,3365,0
2577,3350,0
2577,3346,0
2579,3349,0
2593,3360,0
2612,3382,0
2630,3418,0
2651,3460,0
2671,3491,0
2693,3520,0
2708,3535,0
2721,3542,0
2729,3543,0
2733,3537,0
2731,3515,0
2725,3474,0
2722,3431,0
2713,3386,0
2702,3356,1
2811,3498,0
2811,3497,0
2814,3500,0
2818,3503,0
2825,3522,0
2827,3544,0
2828,3561,0
2823,3559,0
2816,3549,1
2876,3463,0
2876,3467,0
2883,3477,0
2893,3494,0
2900,3505,0
2908,3527,0
2915,3556,0
2919,3585,0
2922,3616,0
2926,3649,0
2929,3674,0
2935,3699,0
2939,3714,0
2941,3723,0
2938,3720,0
2931,3710,0
2921,3689,1
2902,3621,0
2893,3585,0
2890,3564,0
2881,3537,0
2876,3513,0
2873,3487,0
2882,3469,0
2889,3442,0
2909,3431,0
2929,3424,0
2946,3424,0
2963,3438,0
2970,3456,0
2977,3484,0
2970,3506,0
2958,3537,0
2935,3559,0
2909,3576,0
2883,3586,0
2871,3592,1
3288,3446,0
3291,3449,0
3293,3448,0
3300,3452,0
3310,3465,0
3316,3486,0
3316,3500,0
3320,3512,0
3320,3512,0
3312,3507,0
3305,3497,0
3297,3484,0
3288,3465,0
3291,3455,0
3293,3438,0
3302,3422,0
3317,3403,0
3340,3387,0
3370,3375,0
3402,3371,0
3428,3373,1
3530,3377,0
3527,3373,0
3521,3368,0
3513,3364,0
3497,3361,0
3478,3365,0
3460,3378,0
3440,3399,0
3430,3426,0
3433,3458,0
3446,3483,0
3467,3497,0
3496,3501,0
3525,3499,0
3544,3485,0
3554,3468,0
3556,3446,0
3548,3422,0
3537,3401,0
3523,3392,0
3507,3388,1
3573,3404,0
3576,3407,0
3576,3411,0
3580,3428,0
3580,3448,0
3585,3469,0
3590,3481,0
3596,3487,0
3602,3486,0
3614,3478,0
3626,3459,0
3634,3432,0
3641,3407,0
3647,3385,0
3653,3381,0
3650,3378,0
3655,3386,0
3655,3400,0
3668,3426,0
3679,3438,0
3692,3442,0
3703,3439,0
3719,3436,0
3729,3428,0
3732,3416,0
3734,3403,0
3735,3397,0
3737,3401,0
3737,3406,0
3737,3421,0
3732,3436,0
3729,3443,0
3730,3448,0
3731,3443,0
3730,3428,0
3727,3404,0
3720,3379,0
3718,3359,0
3723,3351,0
3718,3334,0
3735,3330,0
3744,3316,0
3771,3315,0
3798,3313,0
3827,3325,0
3849,3337,0
3873,3364,0
3886,3385,0
3896,3408,1
4053,3385,0
4051,3375,0
4046,3366,0
4036,3358,0
4020,3351,0
4007,3351,0
3985,3356,0
3966,3373,0
3940,3390,0
3934,3418,0
3935,3438,0
3952,3455,0
3969,3460,0
3993,3461,0
4010,3452,0
4024,3440,0
4032,3416,0
4039,3388,0
4044,3350,0
4049,3307,0
4044,3257,0
4046,3221,0
4036,3192,0
4025,3174,0
4017,3165,0
4018,3164,0
4021,3167,0
4027,3178,0
4038,3206,0
4050,3251,0
4048,3297,0
4053,3358,0
4059,3419,0
4077,3482,0
4097,3535,0
4113,3580,0
4120,3611,1
4282,3169,0
4283,3173,0
4291,3195,0
4297,3228,0
4308,3270,0
4322,3307,0
4333,3341,0
4339,3376,0
4338,3406,0
4330,3431,0
4314,3441,0
4296,3446,0
4280,3445,0
4268,3434,0
4264,3421,0
4263,3402,0
4271,3382,0
4285,3362,0
4314,3351,0
4341,3339,0
4381,3333,0
4407,3328,0
4425,3327,0
4443,3332,0
4450,3334,0
4458,3338,0
4459,3337,0
4461,3340,0
4459,3337,0
4455,3335,0
4449,3335,0
4442,3339,0
4423,3346,0
4408,3362,0
4396,3380,0
4389,3399,0
4395,3428,0
4406,3450,0
4427,3469,0
4461,3479,0
4497,3477,0
4526,3465,0
4548,3441,0
4572,3421,0
4582,3388,0
4576,3358,0
4567,3337,0
4546,3327,0
4511,3329,1
4885,3174,0
4874,3163,0
4869,3155,0
4857,3151,0
4847,3151,0
4828,3161,0
4813,3180,0
4801,3202,0
4804,3223,0
4814,3242,0
4846,3267,0
4878,3284,0
4913,3304,0
4939,3324,0
4953,3344,0
4956,3366,0
4945,3385,0
4927,3401,0
4899,3414,0
4877,3422,0
4848,3431,0
4817,3430,0
4801,3424,0
4796,3411,0
4808,3398,1
5154,3375,0
5150,3373,0
5151,3372,0
5151,3366,0
5134,3355,0
5121,3352,0
5088,3355,0
5064,3373,0
5034,3391,0
5020,3414,0
5026,3432,0
5045,3446,0
5069,3448,0
5102,3446,0
5129,3438,0
5151,3424,0
5164,3407,0
5170,3393,0
5169,3382,0
5176,3372,0
5167,3366,0
5170,3367,0
5163,3370,0
5162,3390,0
5163,3407,0
5169,3414,0
5181,3418,0
5198,3415,0
5218,3404,0
5230,3389,0
5236,3373,0
5245,3362,0
5246,3354,0
5248,3353,0
5250,3356,0
5250,3368,0
5249,3382,0
5243,3390,0
5240,3395,0
5236,3395,0
5233,3390,0
5231,3381,0
5230,3362,0
5235,3343,0
5243,3325,0
5259,3310,0
5272,3300,0
5281,3293,0
5298,3291,0
5313,3299,0
5319,3311,0
5322,3327,0
5325,3342,0
5325,3356,0
5325,3363,0
5328,3366,0
5326,3361,0
5331,3349,0
5344,3337,0
5357,3320,0
5371,3307,0
5383,3298,0
5398,3297,0
5409,3296,0
5427,3305,0
5440,3322,0
5446,3340,0
5450,3361,0
5446,3373,1
5474,3308,0
5477,3310,0
5477,3311,0
5486,3320,0
5481,3326,0
5484,3342,0
5482,3352,0
5477,3358,0
5471,3360,0
5464,3350,0
5468,3337,0
5468,3316,0
5479,3294,0
5494,3280,0
5494,3266,0
5511,3263,0
5515,3258,0
5530,3262,0
5549,3272,0
5557,3281,0
5557,3295,0
5560,3310,0
5556,3317,0
5559,3320,0
5561,3316,0
5569,3305,0
5583,3286,0
5599,3269,0
5614,3255,0
5629,3247,0
5641,3243,0
5651,3244,0
5668,3253,0
5683,3267,0
5699,3286,0
5707,3302,0
5718,3315,1
5755,3237,0
5755,3237,0
5772,3241,0
5787,3247,0
5794,3250,0
5810,3262,0
5824,3271,0
5835,3283,0
5835,3284,0
5846,3288,0
5861,3288,0
5872,3286,0
5879,3281,0
5882,3277,0
5880,3273,0
5877,3270,0
5877,3269,0
5880,3274,0
5876,3279,0
5872,3300,0
5861,3330,0
5852,3373,0
5839,3421,0
5832,3474,0
5818,3522,1
6241,3222,0
6234,3218,0
6230,3216,0
6221,3216,0
6216,3217,0
6205,3220,0
6197,3232,0
6183,3257,0
6176,3291,0
6174,3315,0
6186,3335,0
6206,3342,0
6231,3338,0
6251,3322,0
6266,3304,0
6273,3284,0
6273,3269,0
6268,3261,0
6266,3257,0
6266,3257,0
6262,3256,0
6261,3267,0
6268,3286,0
6271,3297,0
6281,3302,0
6290,3303,0
6301,3300,0
6311,3292,0
6317,3281,0
6323,3271,0
6326,3267,0
6329,3269,0
6331,3275,0
6331,3289,0
6330,3307,0
6328,3319,0
6329,3325,0
6329,3324,0
6326,3320,0
6331,3313,0
6323,3296,0
6324,3278,0
6325,3261,0
6330,3243,0
6341,3233,0
6355,3225,0
6372,3219,0
6400,3220,0
6424,3226,0
6449,3238,0
6472,3262,0
6489,3289,0
6503,3312,1
6659,3289,0
6664,3281,0
6666,3269,0
6664,3256,0
6657,3243,0
6645,3232,0
6618,3224,0
6594,3223,0
6560,3228,0
6543,3242,0
6530,3257,0
6532,3277,0
6541,3302,0
6557,3323,0
6580,3339,0
6601,3350,0
6623,3351,1
6650,3329,0
6657,3310,0
6661,3286,0
6659,3255,0
6667,3218,0
6662,3184,0
6664,3155,0
6650,3132,0
6646,3121,0
6646,3111,0
6641,3103,0
6651,3103,0
6657,3109,0
6657,3117,0
6663,3141,0
6656,3179,0
6661,3228,0
6674,3271,0
6689,3317,0
6712,3358,1