a bit of luck on the three-thirty.
593
800,5749,0
799,5750,0
801,5745,0
800,5738,0
805,5725,0
808,5713,0
822,5690,0
836,5670,0
856,5648,0
875,5633,0
894,5625,0
916,5617,0
933,5627,0
953,5639,0
972,5659,0
987,5692,0
998,5720,0
1006,5743,0
1011,5764,0
1012,5780,0
1011,5788,0
1010,5783,0
1005,5776,0
996,5764,0
982,5743,0
960,5723,0
937,5711,0
915,5706,0
895,5709,0
880,5716,0
873,5725,0
873,5740,0
885,5753,0
897,5769,0
915,5778,0
937,5779,0
955,5779,0
977,5771,0
993,5759,0
1010,5740,0
1018,5724,1
1302,5424,0
1305,5448,0
1303,5479,0
1302,5516,0
1300,5556,0
1301,5595,0
1303,5635,0
1305,5668,0
1308,5687,0
1312,5707,0
1311,5703,0
1311,5707,0
1311,5692,0
1315,5675,0
1327,5643,0
1341,5610,0
1355,5581,0
1372,5564,0
1389,5555,0
1409,5561,0
1421,5565,0
1431,5588,0
1440,5616,0
1438,5648,0
1430,5677,0
1414,5694,0
1397,5707,0
1370,5713,0
1352,5701,0
1332,5690,0
1327,5670,0
1327,5654,0
1331,5622,1
1510,5531,0
1512,5542,0
1515,5559,0
1515,5583,0
1515,5611,0
1516,5643,0
1516,5663,0
1512,5683,0
1513,5692,1
1650,5380,0
1652,5392,0
1658,5417,0
1657,5441,0
1658,5473,0
1657,5501,0
1652,5530,0
1656,5561,0
1657,5586,0
1657,5614,0
1665,5633,0
1674,5653,0
1686,5663,0
1695,5665,0
1710,5664,0
1730,5658,0
1744,5648,1
1597,5515,0
1598,5515,0
1606,5518,0
1617,5517,0
1638,5519,0
1656,5518,0
1677,5515,0
1700,5512,0
1713,5506,1
1510,5419,0
1512,5423,0
1511,5422,0
1512,5423,0
1509,5419,1
2088,5555,0
2084,5543,0
2075,5529,0
2057,5516,0
2036,5508,0
2014,5507,0
1992,5511,0
1968,5523,0
1956,5541,0
1944,5568,0
1941,5596,0
1944,5629,0
1952,5651,0
1969,5672,0
1987,5686,0
2005,5691,0
2021,5693,0
2036,5682,0
2049,5668,0
2063,5641,0
2071,5619,0
2078,5602,0
2082,5584,0
2084,5568,0
2083,5556,1
2247,5351,0
2239,5365,0
2235,5385,0
2229,5416,0
2226,5457,0
2223,5495,0
2229,5535,0
2229,5575,0
2228,5613,0
2226,5642,0
2228,5674,1
2157,5537,0
2157,5530,0
2157,5525,0
2159,5525,0
2162,5516,0
2171,5514,0
2188,5515,0
2213,5513,0
2241,5512,0
2272,5513,0
2298,5515,0
2315,5519,0
2335,5514,1
2579,5385,0
2577,5386,0
2578,5393,0
2586,5417,0
2584,5438,0
2591,5473,0
2590,5499,0
2593,5535,0
2591,5577,0
2591,5614,0
2594,5643,0
2601,5666,0
2602,5677,1
2651,5518,0
2653,5518,0
2653,5522,0
2655,5538,0
2660,5561,0
2659,5599,0
2663,5627,0
2670,5655,0
2680,5677,0
2692,5685,0
2700,5683,0
2709,5680,0
2719,5660,0
2731,5641,0
2746,5607,0
2755,5583,0
2764,5551,0
2768,5541,0
2768,5537,0
2766,5529,0
2767,5537,0
2770,5553,0
2768,5579,0
2772,5607,0
2775,5636,1
2902,5548,0
2905,5542,0
2897,5533,0
2886,5528,0
2873,5528,0
2862,5536,0
2852,5557,0
2846,5583,0
2838,5611,0
2837,5636,0
2844,5656,0
2856,5672,0
2868,5677,0
2885,5680,0
2906,5677,0
2925,5663,1
2987,5412,0
2990,5424,0
2988,5424,0
2999,5446,0
2996,5465,0
3003,5500,0
3001,5530,0
3005,5635,0
3002,5653,0
3005,5669,0
3006,5677,1
3107,5538,0
3109,5542,0
3105,5540,0
3093,5544,0
3081,5552,0
3058,5565,0
2996,5609,0
2989,5611,0
2994,5617,0
3008,5622,0
3047,5633,0
3068,5634,0
3091,5638,0
3110,5639,0
3119,5641,0
3124,5639,0
3127,5638,0
3128,5638,0
3125,5629,1
3515,5499,0
3513,5495,0
3501,5491,0
3494,5499,0
3479,5506,0
3464,5521,0
3443,5535,0
3430,5562,0
3414,5573,0
3417,5595,0
3419,5602,0
3435,5617,0
3446,5617,0
3472,5627,0
3486,5616,0
3503,5605,0
3518,5585,0
3535,5569,0
3541,5553,0
3542,5534,0
3542,5521,0
3536,5511,0
3524,5499,0
3515,5489,0
3510,5487,1
3612,5489,0
3610,5485,0
3615,5491,0
3616,5495,0
3618,5503,0
3621,5516,0
3625,5535,0
3626,5561,0
3628,5588,0
3625,5602,0
3625,5614,0
3629,5622,0
3628,5623,0
3629,5617,0
3631,5607,0
3636,5583,0
3648,5560,0
3662,5530,0
3679,5514,0
3694,5502,0
3703,5502,0
3715,5491,0
3730,5502,0
3740,5519,0
3749,5542,0
3756,5565,0
3759,5586,0
3773,5601,0
3782,5614,1
3971,5325,0
3978,5320,0
3981,5324,0
3986,5344,0
3991,5364,0
3992,5396,0
3995,5435,0
3998,5475,0
4015,5520,0
4021,5558,0
4017,5583,0
4017,5605,0
4017,5619,1
3923,5484,0
3928,5481,0
3933,5470,0
3945,5463,0
3962,5458,0
3988,5453,0
4015,5447,0
4068,5440,1
4084,5325,0
4088,5323,0
4088,5323,0
4092,5339,0
4099,5362,0
4104,5392,0
4106,5427,0
4112,5471,0
4116,5509,0
4122,5539,0
4126,5569,0
4127,5586,0
4122,5588,0
4121,5589,0
4123,5579,0
4128,5563,0
4136,5535,0
4140,5501,0
4155,5478,0
4164,5458,0
4175,5448,0
4182,5443,0
4190,5448,0
4195,5459,0
4213,5477,0
4220,5523,0
4235,5547,0
4246,5564,0
4262,5573,0
4285,5578,0
4305,5571,0
4324,5559,0
4344,5543,0
4359,5520,0
4376,5500,0
4386,5480,0
4384,5462,0
4381,5450,0
4371,5441,0
4364,5441,0
4352,5448,0
4346,5462,0
4331,5489,0
4326,5516,0
4328,5548,0
4332,5573,0
4339,5592,0
4359,5613,0
4372,5624,0
4390,5627,0
4406,5627,0
4422,5617,0
4444,5603,0
4452,5593,0
4451,5585,0
4452,5575,1
4765,5342,0
4766,5342,0
4769,5344,0
4769,5354,0
4767,5371,0
4770,5397,0
4764,5431,0
4771,5465,0
4769,5506,0
4771,5587,0
4771,5615,0
4769,5641,1
4666,5522,0
4669,5515,0
4680,5508,0
4698,5501,0
4723,5498,0
4745,5493,0
4772,5488,0
4796,5481,0
4820,5475,1
4842,5347,0
4845,5344,0
4847,5347,0
4847,5357,0
4844,5374,0
4845,5402,0
4842,5434,0
4845,5472,0
4843,5512,0
4847,5549,0
4850,5581,0
4856,5611,0
4857,5624,0
4862,5636,0
4859,5633,0
4861,5627,0
4869,5607,0
4874,5583,0
4883,5552,0
4892,5527,0
4899,5507,0
4911,5494,0
4914,5487,0
4921,5487,0
4927,5482,0
4930,5494,0
4932,5518,0
4936,5549,0
4942,5574,0
4944,5598,0
4951,5612,0
4956,5619,1
5019,5479,0
5019,5508,0
5014,5537,0
5012,5564,0
5015,5586,0
5015,5596,0
5018,5598,0
5021,5601,0
5024,5594,0
5030,5576,0
5033,5548,0
5044,5525,0
5047,5503,0
5057,5491,0
5063,5486,0
5071,5485,0
5083,5491,0
5087,5503,0
5104,5516,0
5122,5528,0
5147,5533,0
5167,5537,0
5187,5537,0
5204,5520,0
5202,5506,0
5204,5494,0
5199,5489,0
5189,5486,0
5182,5491,0
5171,5499,0
5161,5512,0
5150,5530,0
5140,5559,0
5137,5586,0
5134,5613,0
5141,5627,0
5154,5642,0
5173,5643,0
5272,5598,0
5307,5540,0
5318,5516,0
5316,5487,0
5313,5480,0
5292,5486,0
5243,5551,0
5234,5582,0
5254,5637,1
5407,5548,0
5409,5552,0
5409,5552,0
5417,5550,0
5423,5550,0
5431,5549,0
5482,5570,0
5492,5571,1
5652,5358,0
5655,5361,0
5655,5366,0
5651,5380,0
5645,5481,0
5641,5520,0
5639,5559,0
5634,5595,0
5636,5624,0
5637,5650,0
5637,5665,0
5636,5676,0
5634,5678,0
5632,5675,0
5624,5660,1
5581,5535,0
5582,5528,0
5590,5521,0
5617,5504,0
5641,5504,0
5666,5499,0
5696,5495,1
5754,5369,0
5755,5373,0
5751,5393,0
5753,5424,0
5755,5458,0
5747,5503,0
5740,5547,0
5739,5589,0
5740,5621,0
5738,5643,0
5753,5677,0
5753,5682,0
5755,5686,0
5756,5680,0
5757,5663,0
5765,5641,0
5780,5607,0
5791,5577,0
5811,5554,0
5822,5533,0
5832,5525,0
5837,5519,0
5824,5504,0
5825,5514,0
5824,5531,0
5822,5559,0
5822,5581,0
5829,5601,0
5834,5619,1
5894,5532,0
5890,5559,0
5899,5593,0
5897,5616,0
5906,5636,0
5600,5920,0
5602,5914,1
5929,5437,1
5984,5538,0
5986,5536,0
5986,5547,0
5964,5571,0
5967,5592,0
5991,5565,0
6008,5549,0
6035,5512,0
6055,5472,1
6114,5388,0
6115,5398,0
6121,5421,0
6146,5595,0
6154,5610,0
6154,5621,1
6071,5572,0
6090,5571,0
6102,5566,0
6118,5561,0
6141,5557,0
6157,5547,0
6218,5545,0
6252,5590,0
6259,5594,0
6256,5596,0
6265,5593,0
6269,5583,0
6273,5574,0
6301,5525,0
6306,5531,0
6309,5534,0
6316,5549,0
6283,5719,0
6273,5757,0
6254,5789,0
6232,5820,0
6201,5849,0
6170,5866,0
6138,5873,1
6404,5575,0
6396,5582,0
6399,5585,0
6396,5583,0
6401,5578,0
6408,5576,0
6409,5575,0
6407,5577,0
6396,5593,1