in the direction of the table.
486
1252,3039,0
1247,3047,0
1240,3072,0
1235,3121,0
1235,3168,0
1237,3205,0
1237,3220,0
1238,3221,0
1241,3212,0
1244,3184,0
1245,3144,0
1344,3045,0
1341,3065,0
1339,3102,0
1336,3137,0
1334,3170,0
1334,3177,0
1335,3177,0
1341,3169,0
1353,3152,0
1368,3119,0
1387,3076,0
1410,3042,0
1430,3023,0
1443,3025,0
1452,3037,0
1457,3072,0
1460,3124,0
1459,3157,0
1457,3177,0
1457,3185,0
1457,3177,1
1672,2901,0
1670,2902,0
1669,2918,0
1667,2955,0
1664,3005,0
1667,3066,0
1669,3110,0
1673,3146,0
1674,3154,0
1675,3154,0
1679,3141,0
1680,3119,0
1672,3076,1
1656,3028,0
1659,3030,0
1667,3033,0
1686,3037,0
1708,3036,0
1737,3034,0
1765,3023,0
1788,3006,1
1795,2893,0
1782,2912,0
1773,2948,0
1773,3001,0
1777,3054,0
1780,3094,0
1790,3120,0
1797,3131,0
1808,3133,0
1818,3122,0
1825,3095,0
1837,3071,0
1850,3059,0
1856,3062,0
1860,3070,0
1865,3089,0
1871,3112,0
1879,3135,0
1892,3152,0
1909,3163,0
1929,3166,0
1952,3164,0
1973,3149,0
1992,3127,0
2010,3096,0
2024,3059,0
2027,3033,0
2023,3025,0
2011,3025,0
1994,3035,0
1981,3064,0
1975,3099,0
1983,3126,0
2000,3142,0
2028,3153,0
2067,3162,0
2104,3154,0
2136,3147,0
2159,3134,0
2181,3130,1
2502,3098,0
2500,3094,0
2500,3094,0
2495,3083,0
2484,3066,0
2468,3057,0
2453,3059,0
2433,3068,0
2413,3091,0
2399,3123,0
2395,3156,0
2396,3168,0
2405,3174,0
2420,3172,0
2441,3162,0
2460,3140,0
2475,3106,0
2490,3063,0
2498,3006,0
2505,2958,0
2505,2926,0
2503,2919,0
2501,2919,0
2492,2919,0
2487,2945,0
2478,2984,0
2482,3040,0
2487,3088,0
2496,3122,0
2507,3144,0
2516,3153,0
2527,3152,0
2538,3138,0
2556,3120,0
2568,3087,0
2583,3052,0
2596,3033,0
2600,3030,0
2601,3034,0
2601,3052,0
2603,3092,0
2607,3130,0
2617,3157,0
2625,3165,0
2637,3169,1
2610,2970,0
2606,2972,0
2606,2973,0
2606,2973,0
2610,2975,1
2697,3050,0
2688,3059,0
2679,3078,0
2678,3111,0
2680,3137,0
2688,3151,0
2694,3156,0
2697,3155,0
2700,3144,0
2701,3121,0
2697,3086,0
2699,3054,0
2697,3032,0
2697,3031,0
2695,3028,0
2698,3030,0
2707,3040,0
2724,3053,0
2743,3061,0
2770,3068,0
2799,3069,0
2824,3064,0
2848,3059,0
2866,3047,0
2876,3032,0
2881,3029,0
2880,3030,0
2864,3030,0
2842,3039,0
2823,3056,0
2814,3084,0
2810,3110,0
2820,3127,0
2842,3137,0
2872,3138,0
2914,3136,0
2945,3122,1
2997,3040,0
2995,3040,0
2987,3037,0
2977,3043,0
2962,3058,0
2949,3081,0
2945,3107,0
2955,3129,0
2969,3139,0
2989,3145,0
3012,3139,0
3039,3132,0
3062,3116,1
3160,2894,0
3160,2894,0
3160,2904,0
3151,2925,0
3144,2971,0
3141,3033,0
3145,3084,0
3147,3116,0
3147,3132,0
3149,3139,0
3150,3139,0
3145,3132,0
3134,3116,0
3118,3088,0
3106,3072,0
3101,3070,0
3104,3073,0
3105,3068,0
3116,3055,0
3137,3045,0
3165,3040,0
3192,3035,0
3221,3037,0
3242,3042,0
3260,3059,0
3274,3084,0
3276,3102,0
3274,3119,0
3268,3128,0
3264,3136,0
3261,3134,0
3259,3129,0
3262,3117,1
3293,2931,0
3287,2932,0
3289,2936,0
3287,2936,0
3290,2939,1
3403,3069,0
3403,3069,0
3394,3062,0
3385,3053,0
3373,3043,0
3356,3040,0
3333,3043,0
3316,3056,0
3301,3078,0
3301,3103,0
3310,3122,0
3333,3139,0
3356,3142,0
3380,3139,0
3400,3127,0
3419,3113,0
3431,3094,1
3429,3037,0
3432,3046,0
3434,3065,0
3434,3085,0
3437,3103,0
3438,3114,0
3440,3117,0
3445,3118,0
3450,3114,0
3462,3104,0
3476,3087,0
3489,3062,0
3506,3042,0
3522,3033,0
3536,3033,0
3544,3035,0
3556,3052,0
3559,3071,0
3559,3091,0
3562,3110,0
3561,3116,0
3563,3119,0
3565,3118,0
3563,3108,1
3971,3082,0
3964,3071,0
3961,3063,0
3957,3055,0
3950,3046,0
3935,3038,0
3913,3037,0
3890,3049,0
3867,3066,0
3854,3095,0
3849,3121,0
3854,3139,0
3870,3151,0
3888,3151,0
3907,3144,0
3926,3126,0
3940,3100,1
4032,3054,0
4034,3046,0
4033,3025,0
4032,2990,0
4038,2956,0
4041,2929,0
4041,2912,0
4042,2911,0
4040,2913,0
4026,2916,0
4016,2938,0
4008,2982,0
4006,3042,0
4007,3098,0
4015,3146,0
4019,3180,0
4027,3206,0
4029,3216,0
4032,3218,0
4028,3216,0
4019,3203,1
4012,3138,0
4013,3131,0
4017,3122,0
4029,3115,0
4042,3107,0
4059,3102,0
4075,3095,0
4091,3091,1
4410,2921,0
4410,2920,0
4410,2921,0
4403,2923,0
4401,2945,0
4391,2980,0
4389,3032,0
4388,3077,0
4383,3112,0
4380,3133,0
4380,3146,0
4380,3146,0
4377,3143,0
4374,3135,0
4361,3118,0
4358,3104,0
4355,3095,1
4341,3081,0
4340,3082,0
4345,3083,0
4354,3078,0
4371,3071,0
4394,3064,0
4419,3059,0
4436,3052,1
4481,2923,0
4478,2920,0
4482,2922,0
4480,2924,0
4483,2945,0
4483,2977,0
4485,3018,0
4483,3059,0
4476,3091,0
4469,3112,0
4469,3117,0
4470,3117,0
4477,3114,0
4494,3101,0
4506,3075,0
4527,3055,0
4543,3042,0
4550,3041,0
4558,3045,0
4565,3054,0
4570,3066,0
4580,3080,0
4591,3085,0
4602,3085,0
4606,3079,0
4615,3075,0
4613,3066,0
4615,3057,0
4604,3045,0
4594,3044,0
4587,3052,0
4574,3067,0
4569,3093,0
4574,3118,0
4580,3129,0
4598,3139,0
4621,3142,1
4930,2934,0
4939,2943,0
4933,2965,0
4927,3006,0
4924,3057,0
4923,3098,0
4924,3124,0
4928,3138,0
4926,3140,0
4930,3141,0
4931,3141,0
4928,3131,0
4925,3115,1
4863,3059,0
4864,3058,0
4864,3056,0
4886,3054,0
4906,3048,0
4930,3042,0
4954,3037,0
4980,3035,1
5029,3037,0
5022,3033,0
5025,3035,0
5031,3040,0
5045,3055,0
5056,3074,0
5065,3088,0
5069,3097,0
5069,3103,0
5068,3105,0
5055,3103,0
5040,3103,0
5012,3099,0
4990,3108,0
4977,3119,0
4978,3132,0
4992,3141,0
5017,3146,0
5051,3141,0
5080,3129,0
5102,3112,1
5125,2978,0
5120,2965,0
5115,2957,0
5115,2957,0
5113,2960,0
5112,2968,0
5113,2994,0
5117,3030,0
5117,3058,0
5119,3076,0
5122,3086,0
5123,3090,0
5132,3092,0
5146,3087,0
5166,3078,0
5188,3069,0
5212,3071,0
5231,3077,0
5245,3091,0
5257,3110,0
5254,3127,0
5245,3141,0
5230,3154,0
5210,3161,0
5183,3159,0
5166,3154,0
5149,3136,0
5139,3117,0
5142,3100,1
5304,2948,0
5299,2949,0
5296,2967,0
5296,2996,0
5296,3039,0
5299,3083,0
5297,3115,0
5301,3139,0
5305,3153,1
5359,3139,0
5362,3141,0
5373,3140,0
5389,3136,0
5412,3125,0
5436,3110,0
5462,3093,0
5481,3071,0
5489,3052,0
5492,3047,0
5482,3049,0
5464,3054,0
5438,3072,0
5419,3092,0
5411,3112,0
5416,3127,0
5436,3139,0
5479,3146,0
5540,3150,0
5599,3154,0
5641,3156,1
5694,3199,0
5690,3197,0
5693,3202,0
5694,3201,0
5697,3210,1