to be up to your fat neck
488
838,5310,1
827,5350,0
818,5381,0
810,5426,0
802,5485,0
793,5552,0
784,5624,0
779,5700,0
771,5768,0
764,5820,0
757,5863,0
751,5882,0
745,5890,1
663,5581,0
661,5576,0
666,5577,0
685,5590,0
709,5592,1
965,5647,0
966,5631,0
966,5615,0
958,5603,0
939,5594,0
915,5594,0
888,5617,0
856,5644,0
839,5691,0
830,5730,0
842,5775,0
871,5804,0
902,5822,0
936,5822,0
968,5811,0
994,5788,0
1013,5755,0
1022,5716,0
1021,5676,0
1013,5644,0
998,5624,0
979,5615,0
956,5615,0
941,5623,0
938,5630,1
1406,5323,0
1405,5302,0
1405,5294,0
1406,5290,0
1406,5302,0
1406,5322,0
1406,5358,0
1405,5402,0
1400,5454,0
1394,5511,0
1386,5571,0
1375,5628,0
1366,5684,0
1355,5721,0
1352,5750,0
1348,5750,0
1347,5750,0
1343,5730,0
1348,5701,0
1356,5665,0
1370,5628,0
1394,5602,0
1423,5581,0
1457,5566,0
1493,5560,0
1529,5574,0
1559,5599,0
1578,5626,0
1583,5665,0
1577,5706,0
1553,5744,0
1519,5779,0
1476,5810,0
1430,5829,0
1394,5840,0
1357,5825,0
1336,5810,0
1323,5787,0
1320,5759,0
1330,5735,0
1353,5713,1
1611,5811,0
1634,5805,0
1657,5786,0
1681,5759,0
1701,5713,0
1712,5672,0
1719,5627,0
1720,5590,0
1717,5563,0
1709,5540,0
1698,5537,0
1681,5539,0
1665,5561,0
1652,5594,0
1644,5631,0
1645,5675,0
1657,5710,0
1678,5745,0
1708,5773,0
1742,5790,0
1780,5797,0
1816,5796,0
1853,5788,0
1885,5766,0
1917,5738,1
2137,5496,0
2137,5496,0
2137,5504,0
2136,5521,0
2130,5555,0
2128,5592,0
2132,5644,0
2141,5692,0
2293,5729,0
2306,5673,0
2318,5626,0
2325,5583,0
2326,5550,0
2325,5529,0
2321,5518,0
2319,5515,0
2322,5526,0
2328,5545,1
2443,5575,0
2441,5576,0
2440,5583,0
2444,5608,0
2448,5643,0
2453,5688,0
2456,5745,0
2458,5810,0
2461,5880,0
2463,5940,0
2464,6019,0
2470,6037,1
2400,5619,0
2391,5563,0
2391,5518,0
2398,5483,0
2411,5455,0
2434,5437,0
2472,5431,0
2514,5436,0
2555,5454,0
2589,5482,0
2611,5517,0
2618,5557,0
2615,5599,0
2601,5636,0
2576,5672,0
2546,5705,0
2511,5731,0
2478,5747,0
2450,5754,0
2427,5752,0
2413,5747,1
3020,5277,0
3020,5255,0
3028,5260,0
3033,5263,0
3035,5275,0
3035,5296,0
3035,5331,0
3031,5378,0
3025,5441,0
3016,5512,0
3004,5580,0
2992,5644,0
2984,5706,0
2983,5749,0
2983,5779,0
2987,5798,0
2988,5798,1
2913,5578,0
2917,5568,0
2929,5560,0
2955,5564,0
2987,5565,0
3024,5573,0
3064,5584,0
3102,5592,0
3139,5607,1
3250,5616,0
3240,5602,0
3228,5595,0
3218,5598,0
3194,5595,0
3170,5609,0
3140,5629,0
3112,5656,0
3093,5692,0
3088,5728,0
3099,5754,0
3122,5780,0
3150,5791,0
3182,5796,0
3202,5771,0
3226,5750,0
3250,5732,0
3267,5704,0
3275,5675,0
3280,5651,0
3286,5640,1
3649,5537,0
3644,5549,0
3636,5570,0
3633,5598,0
3637,5627,0
3646,5644,0
3662,5660,0
3682,5668,0
3700,5660,0
3723,5648,0
3740,5627,0
3756,5610,0
3771,5598,0
3780,5594,0
3783,5597,0
3789,5616,0
3794,5645,0
3800,5687,0
3805,5746,0
3802,5819,0
3796,5887,0
3790,5957,0
3778,6020,0
3760,6059,0
3749,6082,0
3731,6081,0
3720,6064,0
3709,6038,0
3704,5996,0
3711,5958,0
3719,5898,0
3744,5851,0
3775,5805,1
3995,5644,0
3993,5628,0
3986,5613,0
3971,5603,0
3948,5601,0
3923,5610,0
3899,5632,0
3874,5658,0
3859,5697,0
3854,5726,0
3868,5750,0
3898,5767,0
3928,5769,0
3958,5759,0
3986,5744,0
4005,5721,0
4012,5690,0
4015,5666,0
4010,5641,0
4005,5621,0
4000,5610,1
4100,5588,0
4106,5589,0
4104,5599,0
4102,5619,0
4097,5644,0
4097,5676,0
4105,5713,0
4116,5743,0
4129,5768,0
4143,5783,0
4155,5786,0
4169,5778,0
4181,5753,0
4188,5721,0
4194,5682,0
4200,5651,0
4203,5630,0
4204,5617,0
4205,5619,0
4206,5629,0
4215,5651,0
4220,5672,0
4240,5697,0
4264,5711,0
4292,5723,0
4305,5719,0
4313,5714,0
4312,5697,0
4311,5670,0
4303,5636,0
4302,5614,0
4303,5591,0
4314,5571,1
4738,5561,0
4756,5514,0
4776,5472,0
4788,5429,0
4790,5388,1
4751,5343,0
4741,5383,0
4729,5431,0
4721,5500,0
4710,5575,0
4702,5662,0
4693,5749,0
4683,5840,0
4675,5926,0
4669,5996,0
4659,6048,0
4664,6078,0
4672,6087,0
4675,6072,0
4684,6043,0
4689,5988,1
4668,5660,0
4654,5650,0
4649,5658,0
4645,5675,0
4649,5701,0
4661,5730,0
4682,5761,0
4707,5778,0
4736,5788,0
4768,5786,0
4803,5777,0
4830,5754,0
4854,5723,0
4869,5684,0
4876,5646,0
4875,5622,0
4860,5602,0
4842,5600,0
4815,5610,0
4793,5634,0
4768,5656,0
4757,5683,0
4758,5702,0
4770,5712,0
4794,5711,0
4826,5704,0
4853,5686,0
4876,5670,0
4887,5652,0
4895,5647,0
4895,5647,0
4894,5662,0
4891,5684,0
4891,5713,0
4898,5738,0
4906,5760,0
4922,5774,0
4944,5783,0
4966,5778,0
4997,5766,1
5052,5454,0
5050,5496,0
5050,5535,0
5045,5579,0
5044,5624,0
5041,5666,0
5038,5698,0
5040,5725,0
5046,5740,1
4934,5581,0
4915,5569,0
4912,5566,0
4917,5568,0
4932,5562,0
4958,5558,0
4994,5556,0
5033,5552,0
5064,5550,0
5084,5545,0
5103,5546,0
5105,5534,0
5105,5530,1
5556,5535,0
5559,5532,0
5561,5540,0
5562,5555,0
5561,5583,0
5557,5622,0
5549,5670,0
5545,5719,0
5542,5767,0
5545,5806,0
5549,5834,0
5559,5846,0
5566,5846,0
5574,5829,0
5585,5795,0
5596,5750,0
5614,5700,0
5632,5648,0
5654,5603,0
5677,5564,0
5695,5532,0
5713,5517,0
5728,5513,0
5736,5523,0
5742,5545,0
5742,5581,0
5741,5629,0
5737,5680,0
5741,5734,0
5747,5782,0
5759,5818,0
5779,5844,0
5799,5853,0
5825,5846,0
5850,5826,0
5882,5794,0
5907,5750,0
5931,5704,0
5947,5657,0
5954,5619,0
5957,5590,0
5953,5577,0
5934,5572,0
5911,5588,0
5883,5617,0
5853,5660,0
5829,5712,0
5818,5764,0
5822,5813,0
5839,5851,0
5874,5878,0
5908,5887,0
5950,5883,1
6132,5619,0
6121,5612,0
6109,5619,0
6091,5630,0
6068,5650,0
6051,5677,0
6039,5709,0
6032,5747,0
6027,5789,0
6035,5830,0
6054,5861,0
6078,5884,0
6109,5887,0
6146,5882,0
6182,5865,0
6214,5836,0
6241,5797,1
6293,5393,0
6296,5390,0
6298,5393,0
6300,5408,0
6293,5432,0
6283,5463,0
6281,5511,0
6276,5566,0
6272,5624,0
6270,5687,0
6271,5741,0
6272,5784,0
6278,5822,0
6281,5836,0
6287,5841,0
6290,5832,0
6297,5816,0
6305,5786,0
6313,5752,0
6325,5718,0
6346,5692,0
6367,5661,0
6387,5642,0
6404,5626,0
6416,5619,0
6408,5610,0
6408,5616,0
6391,5627,0
6374,5650,0
6350,5672,0
6321,5694,0
6300,5720,0
6279,5745,0
6276,5769,0
6278,5790,0
6296,5811,0
6323,5829,0
6361,5849,0
6401,5865,0
6442,5882,0
6479,5897,1