of change.&quot; &quot;Yes, but I &apos;ll get it.&quot;
643
637,3285,0
620,3263,0
608,3257,0
592,3250,0
573,3251,0
551,3276,0
530,3293,0
489,3371,0
485,3382,0
490,3407,0
506,3426,0
530,3435,0
567,3428,0
600,3421,0
630,3406,0
675,3286,0
679,3255,0
678,3230,0
674,3226,0
670,3226,0
667,3229,0
663,3240,0
660,3256,0
663,3281,0
673,3298,0
690,3308,0
713,3312,0
742,3298,0
772,3274,0
803,3244,0
832,3203,0
852,3140,0
870,3097,0
881,3070,0
885,3046,0
883,3046,0
876,3049,0
864,3077,0
847,3119,0
834,3178,0
818,3238,0
793,3464,0
779,3523,0
767,3583,0
757,3637,0
752,3665,1
820,3358,0
817,3358,0
827,3363,0
840,3356,0
862,3349,1
1346,3209,0
1336,3202,0
1324,3194,0
1309,3184,0
1293,3177,0
1274,3178,0
1248,3184,0
1225,3205,0
1201,3226,0
1182,3251,0
1170,3275,0
1167,3308,0
1172,3335,0
1183,3355,0
1200,3366,0
1223,3374,0
1250,3364,0
1282,3342,0
1313,3308,0
1351,3261,0
1388,3205,0
1418,3141,0
1446,3098,0
1464,3059,0
1472,3037,0
1471,3034,0
1471,3042,0
1463,3055,0
1452,3089,0
1440,3135,0
1428,3189,0
1421,3242,0
1415,3283,0
1414,3311,0
1417,3323,0
1424,3322,0
1439,3308,0
1458,3274,0
1483,3230,0
1512,3194,0
1541,3177,0
1561,3178,0
1569,3181,0
1573,3197,0
1575,3221,0
1578,3240,0
1587,3264,0
1619,3303,1
1799,3196,0
1804,3183,0
1810,3169,0
1810,3156,0
1805,3146,0
1797,3139,0
1783,3134,0
1763,3139,0
1741,3148,0
1720,3169,0
1698,3189,0
1686,3221,0
1677,3243,0
1677,3268,0
1684,3282,0
1700,3292,0
1718,3292,0
1742,3283,0
1768,3261,0
1792,3231,0
1815,3197,0
1831,3163,0
1840,3141,0
1839,3133,0
1837,3138,0
1826,3144,0
1820,3170,0
1809,3194,0
1803,3224,0
1804,3252,0
1809,3271,0
1820,3282,0
1835,3283,0
1854,3269,0
1879,3250,0
1906,3223,0
1931,3187,0
1956,3155,0
1976,3132,0
1990,3119,0
1990,3115,0
1990,3119,0
1984,3138,0
1976,3165,0
1967,3197,0
1960,3228,0
1956,3255,0
1956,3275,0
1959,3287,0
1965,3286,0
1978,3277,0
1998,3259,0
2023,3230,0
2049,3197,0
2076,3168,0
2094,3148,0
2100,3142,0
2102,3146,0
2102,3158,0
2097,3177,0
2093,3204,0
2087,3231,0
2088,3260,0
2092,3280,0
2102,3290,1
2265,3129,0
2263,3124,0
2258,3114,0
2253,3107,0
2245,3102,0
2234,3102,0
2219,3112,0
2200,3128,0
2179,3152,0
2161,3180,0
2149,3206,0
2150,3226,0
2161,3240,0
2178,3242,0
2202,3234,0
2230,3218,0
2255,3192,0
2275,3163,0
2289,3136,0
2299,3122,0
2300,3119,0
2304,3125,0
2301,3135,0
2294,3164,0
2283,3198,0
2274,3245,0
2265,3300,0
2249,3348,0
2235,3404,0
2216,3457,0
2193,3504,0
2171,3544,0
2152,3568,0
2140,3571,0
2133,3561,0
2136,3539,0
2149,3506,0
2171,3465,0
2195,3414,0
2228,3365,0
2260,3310,0
2297,3267,0
2332,3221,0
2359,3175,0
2384,3139,0
2404,3117,0
2415,3103,0
2417,3098,0
2415,3095,0
2408,3098,0
2394,3112,0
2375,3134,0
2357,3163,0
2346,3186,0
2346,3203,0
2362,3218,0
2389,3219,1
2586,3221,0
2584,3223,0
2586,3226,0
2586,3226,0
2586,3226,0
2582,3223,0
2581,3223,0
2581,3224,0
2579,3220,1
2794,2890,0
2791,2906,0
2789,2922,0
2787,2937,0
2786,2942,1
2851,2868,0
2848,2875,0
2846,2890,0
2840,2903,0
2835,2921,0
2831,2933,0
2835,2944,0
2838,2943,0
2849,2941,1
3267,2840,0
3259,2856,0
3249,2876,0
3240,2897,0
3238,2919,1
3297,2830,0
3297,2830,0
3296,2832,0
3299,2845,0
3296,2862,0
3292,2882,0
3291,2903,0
3281,2915,0
3278,2924,1
3524,2893,0
3519,2908,0
3510,2933,0
3503,2965,0
3492,3006,0
3478,3044,0
3466,3080,0
3464,3117,0
3462,3145,0
3464,3164,0
3468,3171,0
3480,3172,0
3497,3158,0
3513,3129,0
3538,3093,0
3563,3051,0
3585,3011,0
3606,2975,0
3625,2942,0
3638,2913,0
3645,2891,0
3655,2887,0
3653,2888,0
3650,2902,0
3644,2930,0
3633,2973,0
3617,3019,0
3600,3077,0
3580,3136,0
3562,3203,0
3537,3264,0
3517,3326,0
3493,3383,0
3471,3430,0
3454,3467,0
3440,3487,0
3432,3493,0
3428,3486,0
3426,3462,0
3431,3424,0
3445,3380,0
3467,3339,0
3496,3301,0
3530,3264,0
3568,3229,0
3609,3195,0
3656,3161,0
3700,3123,0
3737,3089,0
3764,3065,0
3780,3050,0
3778,3046,0
3763,3043,0
3737,3056,0
3707,3083,0
3670,3117,0
3652,3154,0
3643,3177,0
3658,3190,0
3689,3185,0
3730,3165,1
3937,3036,0
3937,3030,0
3925,3026,0
3916,3030,0
3894,3033,0
3870,3046,0
3838,3060,0
3814,3083,0
3797,3100,0
3791,3110,0
3799,3119,0
3820,3127,0
3842,3134,0
3863,3141,0
3876,3151,0
3877,3156,0
3871,3167,0
3860,3182,0
3830,3194,0
3799,3205,0
3771,3209,0
3760,3213,0
3763,3210,0
3771,3197,1
4014,3119,0
4010,3123,0
4007,3137,0
3998,3156,0
3990,3181,1
4261,2850,0
4254,2864,0
4251,2893,0
4242,2928,0
4228,2967,0
4217,3010,0
4211,3052,0
4201,3086,0
4193,3112,0
4191,3131,0
4189,3134,0
4190,3127,0
4193,3107,1
4243,3011,0
4270,2992,0
4297,2980,0
4322,2982,0
4340,2992,0
4346,3008,0
4341,3026,0
4329,3052,0
4307,3078,0
4278,3098,0
4248,3112,0
4224,3121,0
4212,3122,0
4212,3116,0
4230,3107,0
4256,3091,1
4459,2982,0
4457,2977,0
4459,2975,0
4457,2977,0
4456,2980,0
4454,2982,0
4448,2989,0
4438,3006,0
4430,3035,0
4418,3067,0
4413,3095,0
4415,3112,0
4424,3120,0
4433,3117,0
4454,3104,0
4468,3076,0
4490,3044,0
4501,3006,0
4512,2986,0
4519,2984,0
4519,2984,0
4519,3002,0
4515,3032,0
4515,3064,0
4509,3088,0
4512,3104,0
4523,3110,0
4534,3103,0
4560,3085,0
4580,3049,0
4613,3007,0
4638,2957,0
4661,2907,0
4683,2866,0
4700,2835,0
4705,2815,0
4708,2812,0
4702,2812,0
4696,2828,0
4685,2856,0
4676,2895,0
4657,2933,0
4643,2970,0
4633,3001,0
4628,3028,0
4623,3040,0
4620,3042,0
4616,3035,0
4616,3023,1
4637,2977,0
4638,2977,0
4644,2975,0
4656,2973,0
4669,2970,1
4996,2739,0
4992,2738,0
4995,2748,0
4989,2765,0
4984,2786,0
4976,2813,0
4966,2848,0
4952,2890,0
4933,2931,0
4920,2970,0
4912,3006,0
4903,3031,0
4893,3045,0
4891,3054,0
4893,3053,0
4893,3045,0
4906,3034,1
5140,2752,0
5140,2752,0
5142,2750,0
5141,2751,0
5139,2761,0
5134,2783,0
5127,2808,0
5120,2829,0
5117,2838,1
5191,2967,0
5192,2965,0
5202,2963,0
5213,2955,0
5227,2941,0
5248,2917,0
5268,2885,0
5294,2847,0
5310,2805,0
5330,2766,0
5338,2736,0
5344,2719,0
5342,2715,0
5335,2720,0
5317,2733,0
5302,2765,0
5284,2809,0
5257,2858,0
5245,2907,0
5236,2951,0
5231,2984,0
5237,3006,0
5248,3011,0
5271,3004,0
5303,2980,0
5335,2930,0
5372,2872,0
5403,2814,0
5429,2764,0
5441,2728,0
5445,2713,0
5434,2708,0
5428,2719,0
5413,2743,0
5401,2788,0
5388,2840,0
5378,2891,0
5378,2930,0
5389,2957,0
5408,2963,0
5440,2960,1
5744,2907,0
5749,2900,0
5753,2884,0
5754,2866,0
5749,2850,0
5747,2838,0
5739,2828,0
5728,2823,0
5706,2820,0
5685,2826,0
5661,2843,0
5631,2862,0
5617,2894,0
5603,2924,0
5604,2954,0
5610,2973,0
5626,2987,0
5646,2986,0
5669,2978,0
5691,2958,0
5715,2932,0
5734,2900,0
5758,2875,0
5767,2859,0
5771,2852,0
5774,2856,0
5766,2869,0
5761,2895,0
5749,2931,0
5736,2975,0
5718,3028,0
5698,3083,0
5677,3138,0
5653,3187,0
5629,3231,0
5618,3269,0
5607,3293,0
5598,3293,0
5588,3278,0
5599,3247,0
5619,3203,0
5651,3156,0
5683,3107,0
5720,3056,0
5752,3004,0
5784,2956,0
5820,2912,0
5849,2877,0
5874,2849,0
5894,2829,0
5902,2815,0
5911,2808,0
5908,2804,0
5904,2803,0
5886,2811,0
5867,2830,0
5842,2857,0
5824,2888,0
5812,2919,0
5808,2948,0
5817,2971,0
5839,2984,0
5868,2988,0
5910,2980,0
5949,2960,1
6073,2670,0
6064,2669,0
6068,2681,0
6054,2700,0
6051,2730,0
6049,2762,0
6044,2796,0
6039,2830,0
6037,2860,0
6034,2883,0
6032,2902,0
6032,2912,0
6027,2912,1
6027,2847,0
6027,2844,0
6033,2842,0
6049,2839,0
6068,2836,0
6093,2831,0
6119,2825,0
6141,2818,1
6283,2769,0
6283,2768,0
6280,2776,0
6276,2799,0
6267,2827,0
6257,2854,0
6252,2873,0
6251,2893,0
6249,2904,1
6293,2648,0
6293,2648,0
6294,2656,0
6297,2667,0
6303,2673,1
6402,2651,0
6396,2663,0
6389,2679,0
6383,2701,0
6375,2727,0
6367,2752,0
6357,2782,0
6348,2810,0
6334,2837,0
6324,2856,0
6321,2870,0
6317,2877,0
6317,2878,1
6333,2777,0
6334,2774,0
6343,2774,0
6360,2774,0
6380,2770,1
6458,2840,0
6454,2837,0
6451,2835,0
6447,2834,0
6447,2835,0
6447,2835,0
6447,2833,0
6452,2835,0
6447,2833,1
6694,2577,0
6690,2586,0
6683,2602,0
6679,2623,0
6670,2642,0
6672,2656,0
6671,2668,0
6676,2678,0
6681,2676,1
6725,2574,0
6729,2576,0
6726,2584,0
6732,2601,0
6727,2621,0
6720,2638,0
6720,2657,0
6714,2671,0
6714,2680,1