come back to Steve and he
584
896,2269,0
890,2265,0
890,2264,0
888,2268,0
879,2272,0
862,2282,0
839,2304,0
814,2328,0
793,2362,0
776,2396,0
760,2430,0
749,2461,0
926,2472,0
979,2443,0
1030,2420,0
1069,2393,0
1099,2373,0
1113,2369,0
1113,2364,0
1113,2364,0
1104,2372,0
1088,2393,0
1068,2417,0
1043,2444,0
1023,2476,0
1008,2495,0
1005,2512,0
1011,2519,0
1024,2520,0
1046,2512,0
1074,2501,0
1101,2477,0
1126,2452,0
1144,2424,0
1157,2400,0
1158,2376,0
1150,2352,0
1108,2337,0
1086,2333,0
1081,2337,0
1100,2352,0
1095,2369,0
1098,2385,0
1112,2396,0
1137,2400,0
1172,2395,0
1212,2373,0
1256,2366,0
1292,2362,0
1316,2368,0
1334,2386,0
1343,2409,0
1337,2434,0
1322,2460,0
1305,2478,0
1298,2491,0
1296,2491,0
1300,2490,0
1319,2468,0
1344,2437,0
1373,2405,0
1408,2381,0
1431,2364,0
1448,2366,0
1457,2376,0
1460,2392,0
1457,2422,0
1444,2444,0
1440,2465,0
1438,2469,0
1444,2472,0
1464,2465,0
1483,2437,0
1513,2415,0
1540,2386,0
1568,2367,0
1588,2355,0
1602,2355,0
1608,2357,0
1615,2373,0
1626,2398,0
1634,2417,0
1646,2435,0
1662,2451,0
1683,2459,0
1708,2456,0
1740,2447,0
1773,2428,0
1803,2407,0
1824,2383,0
1838,2357,0
1845,2338,0
1845,2330,0
1838,2327,0
1828,2340,0
1811,2362,0
1801,2391,0
1805,2419,0
1818,2440,0
1848,2460,0
1881,2465,0
1927,2466,0
1976,2456,1
2198,2459,0
2200,2457,0
2215,2455,0
2228,2439,0
2249,2419,0
2277,2396,0
2299,2361,0
2321,2326,0
2343,2289,0
2359,2247,0
2374,2210,0
2383,2175,0
2386,2145,0
2387,2124,0
2386,2111,0
2383,2103,0
2384,2103,0
2383,2108,0
2370,2131,0
2355,2169,0
2338,2213,0
2323,2265,0
2309,2318,0
2292,2369,0
2281,2425,0
2273,2470,0
2267,2496,0
2269,2508,0
2275,2509,0
2285,2504,0
2295,2476,0
2311,2445,0
2318,2400,0
2326,2364,0
2324,2337,0
2322,2325,0
2323,2323,0
2321,2321,0
2323,2324,0
2333,2333,0
2358,2341,0
2391,2345,0
2426,2337,0
2461,2324,0
2500,2314,0
2530,2298,0
2564,2289,0
2582,2281,0
2591,2281,0
2590,2280,0
2585,2289,0
2564,2309,0
2536,2328,0
2504,2350,0
2475,2373,0
2458,2393,0
2453,2410,0
2454,2419,0
2462,2424,0
2480,2422,0
2509,2408,0
2545,2384,0
2581,2360,0
2610,2335,0
2636,2316,0
2644,2311,0
2644,2311,0
2642,2318,0
2625,2344,0
2609,2380,0
2593,2415,0
2585,2445,0
2588,2472,0
2596,2485,0
2620,2494,0
2642,2482,0
2677,2469,1
2802,2357,0
2800,2353,0
2799,2354,0
2792,2359,0
2775,2382,0
2762,2412,0
2755,2433,0
2753,2444,0
2755,2448,0
2765,2451,0
2780,2444,0
2808,2423,0
2844,2395,0
2879,2356,0
2909,2311,0
2933,2258,0
2953,2207,0
2972,2163,0
2982,2130,0
2988,2120,0
2985,2117,0
2982,2119,0
2963,2143,0
2943,2184,0
2920,2226,0
2894,2270,0
2867,2314,0
2847,2352,0
2830,2381,0
2820,2403,0
2820,2413,0
2821,2412,0
2836,2406,0
2860,2382,0
2892,2362,0
2924,2350,0
2949,2344,0
2968,2349,0
2979,2361,0
2987,2381,0
2989,2405,0
2992,2425,0
2993,2439,0
2999,2450,0
3010,2456,0
3028,2456,0
3053,2451,0
3083,2441,1
3416,2104,0
3412,2089,0
3409,2079,0
3407,2076,0
3406,2077,0
3407,2089,0
3408,2118,0
3403,2154,0
3403,2198,0
3396,2242,0
3380,2283,0
3372,2327,0
3363,2371,0
3364,2411,0
3362,2441,0
3365,2467,0
3364,2479,1
3322,2316,0
3321,2311,0
3322,2311,0
3332,2312,0
3353,2319,0
3382,2328,0
3419,2335,0
3452,2334,0
3484,2330,0
3506,2323,0
3524,2321,0
3531,2319,0
3532,2318,0
3536,2320,0
3535,2321,0
3535,2333,0
3532,2366,0
3526,2402,0
3528,2435,0
3532,2461,0
3545,2482,0
3562,2493,0
3579,2492,0
3600,2482,0
3626,2459,0
3651,2425,0
3672,2382,0
3679,2336,0
3682,2301,0
3673,2282,0
3656,2276,0
3633,2285,0
3611,2311,1
4169,2132,0
4171,2116,0
4172,2105,0
4173,2097,0
4168,2089,0
4157,2084,0
4145,2089,0
4117,2104,0
4091,2128,0
4071,2159,0
4053,2193,0
4050,2233,0
4046,2273,0
4049,2316,0
4058,2359,0
4070,2397,0
4082,2427,0
4093,2451,0
4093,2466,0
4092,2474,0
4075,2477,0
4056,2480,0
4025,2474,0
3995,2468,0
3966,2459,1
4239,2089,0
4243,2089,0
4242,2090,0
4244,2102,0
4235,2133,0
4225,2173,0
4214,2217,0
4193,2263,0
4174,2314,0
4153,2364,0
4138,2412,0
4133,2453,0
4128,2478,1
4130,2375,0
4134,2376,0
4135,2376,0
4142,2379,0
4167,2393,0
4188,2404,0
4217,2412,0
4246,2413,0
4274,2408,0
4297,2396,0
4317,2380,0
4340,2362,0
4352,2335,0
4360,2309,0
4360,2287,0
4355,2273,0
4345,2266,0
4336,2265,0
4328,2270,0
4309,2285,0
4292,2317,0
4280,2356,0
4276,2397,0
4277,2432,0
4285,2461,0
4298,2484,0
4311,2500,0
4333,2511,0
4355,2515,0
4384,2509,0
4411,2491,0
4432,2467,0
4447,2439,0
4458,2408,0
4462,2379,0
4463,2356,0
4466,2338,0
4466,2321,0
4472,2311,0
4476,2306,0
4477,2305,0
4473,2303,0
4476,2306,0
4478,2311,0
4479,2324,0
4476,2338,0
4485,2357,0
4497,2377,0
4500,2393,0
4514,2410,0
4531,2426,0
4548,2437,0
4567,2446,0
4587,2451,0
4598,2449,0
4611,2444,0
4624,2438,0
4634,2424,0
4643,2409,0
4652,2394,0
4656,2379,0
4661,2371,0
4660,2365,0
4658,2362,0
4658,2360,0
4658,2362,0
4654,2360,0
4653,2361,0
4652,2363,0
4656,2365,0
4655,2366,0
4655,2366,0
4655,2366,0
4656,2365,0
4657,2362,0
4660,2358,0
4659,2352,0
4657,2347,0
4655,2342,0
4651,2335,0
4649,2330,0
4651,2326,0
4649,2322,0
4650,2320,0
4652,2318,0
4649,2314,0
4650,2313,0
4651,2312,0
4650,2313,0
4650,2313,0
4651,2312,0
4651,2312,0
4650,2313,0
4654,2315,0
4654,2315,0
4660,2320,0
4666,2326,0
4674,2334,0
4687,2344,0
4709,2355,0
4729,2360,0
4750,2364,0
4768,2365,0
4795,2367,0
4811,2363,0
4828,2357,0
4840,2347,0
4851,2335,0
4854,2321,0
4854,2305,0
4849,2289,0
4842,2277,0
4838,2270,0
4834,2266,0
4826,2264,0
4821,2265,0
4819,2277,0
4822,2297,0
4828,2319,0
4833,2340,0
4852,2364,0
4874,2384,0
4900,2400,0
4926,2412,0
4953,2422,1
5402,2311,0
5403,2302,0
5402,2295,0
5402,2295,0
5398,2293,0
5389,2295,0
5376,2303,0
5354,2321,0
5330,2348,0
5305,2381,0
5284,2411,0
5274,2438,0
5266,2452,0
5267,2458,0
5275,2460,0
5289,2451,0
5318,2432,0
5345,2407,0
5370,2376,0
5391,2344,0
5411,2313,0
5426,2292,0
5429,2285,0
5429,2285,0
5426,2291,0
5414,2317,0
5405,2352,0
5398,2382,0
5400,2406,0
5402,2418,0
5417,2426,0
5434,2427,0
5456,2419,0
5489,2408,0
5525,2390,0
5561,2369,0
5592,2342,0
5619,2323,0
5631,2318,0
5634,2321,0
5631,2334,0
5628,2360,0
5631,2381,0
5634,2396,0
5647,2405,0
5665,2403,0
5685,2389,0
5710,2374,0
5736,2357,0
5759,2337,0
5787,2323,0
5806,2321,0
5825,2327,0
5835,2342,0
5844,2362,0
5848,2384,0
5856,2404,1
6099,2352,0
6100,2347,0
6100,2347,0
6100,2347,0
6099,2350,0
6076,2362,0
6053,2386,0
6034,2408,0
6015,2422,0
6010,2432,0
6010,2434,0
6010,2432,0
6017,2426,0
6034,2408,0
6057,2385,0
6080,2355,0
6104,2318,0
6131,2275,0
6156,2236,0
6178,2203,0
6196,2180,0
6206,2164,0
6208,2157,0
6210,2156,0
6209,2157,0
6206,2164,0
6195,2192,0
6184,2231,0
6166,2275,0
6153,2316,0
6142,2352,0
6142,2381,0
6145,2405,0
6159,2423,0
6180,2434,0
6206,2434,0
6242,2424,1
6599,2278,0
6611,2236,0
6622,2193,0
6632,2155,0
6643,2123,0
6644,2096,0
6650,2081,0
6645,2070,0
6637,2068,0
6635,2072,0
6621,2089,0
6614,2122,0
6595,2162,0
6586,2212,0
6571,2261,0
6563,2306,0
6556,2347,0
6556,2378,0
6562,2395,0
6576,2403,0
6585,2400,0
6604,2387,0
6622,2363,0
6634,2333,0
6653,2306,0
6666,2295,0
6667,2293,0
6673,2298,0
6676,2311,0
6688,2335,0
6706,2358,0
6724,2376,0
6742,2386,0
6766,2390,0
6793,2387,0
6823,2377,0
6848,2357,0
6874,2332,0
6889,2306,0
6888,2282,0
6880,2269,0
6865,2263,0
6861,2264,0
6856,2277,0
6864,2302,0
6879,2329,0
6893,2350,0
6914,2372,0
6937,2390,1