the Chateau Laurier, he braked to
578
1234,2058,0
1235,2058,0
1235,2058,0
1236,2070,0
1237,2094,0
1236,2127,0
1230,2171,0
1218,2224,0
1200,2269,0
1183,2314,0
1166,2351,0
1148,2371,0
1137,2380,1
1170,2263,0
1180,2246,0
1192,2241,0
1206,2241,0
1219,2240,0
1236,2247,0
1248,2246,0
1257,2241,1
1321,2069,0
1323,2061,0
1320,2065,0
1316,2091,0
1304,2128,0
1290,2181,0
1273,2231,0
1257,2277,0
1247,2311,0
1245,2314,0
1249,2310,0
1261,2289,0
1284,2271,0
1305,2248,0
1324,2238,0
1339,2244,0
1346,2256,0
1349,2275,0
1347,2300,0
1344,2329,0
1337,2354,0
1335,2370,0
1336,2370,0
1349,2369,0
1367,2358,0
1387,2339,0
1406,2316,0
1421,2294,0
1427,2273,0
1428,2268,0
1417,2265,0
1404,2275,0
1393,2294,0
1389,2318,0
1394,2338,0
1412,2355,0
1437,2356,0
1470,2354,0
1504,2348,0
1534,2338,1
2016,2133,0
2002,2126,0
1982,2122,0
1962,2128,0
1943,2140,0
1923,2158,0
1904,2183,0
1889,2219,0
1874,2259,0
1865,2297,0
1868,2329,0
1877,2343,0
1899,2352,0
1927,2350,0
1956,2338,0
1985,2323,0
2008,2304,1
2098,2088,0
2097,2097,0
2090,2114,0
2083,2145,0
2069,2183,0
2055,2229,0
2041,2272,0
2029,2299,0
2024,2306,0
2031,2302,0
2048,2286,0
2075,2260,0
2104,2233,0
2128,2216,0
2145,2216,0
2152,2226,0
2154,2248,0
2144,2271,0
2133,2299,0
2120,2323,0
2108,2342,1
2217,2264,0
2229,2248,0
2234,2246,0
2234,2251,0
2221,2253,0
2205,2266,0
2188,2293,0
2171,2320,0
2166,2345,0
2168,2357,0
2176,2358,0
2187,2348,0
2206,2329,0
2227,2300,0
2244,2273,0
2256,2256,0
2259,2255,0
2256,2256,0
2254,2267,0
2250,2292,0
2242,2318,0
2243,2346,0
2243,2359,0
2247,2362,1
2405,2152,0
2400,2154,0
2393,2169,0
2381,2190,0
2368,2222,0
2351,2256,0
2332,2291,0
2317,2323,0
2299,2347,1
2301,2313,0
2321,2297,0
2345,2289,0
2365,2276,0
2386,2268,0
2404,2271,0
2413,2275,0
2420,2280,1
2420,2346,0
2425,2348,0
2430,2344,0
2446,2343,0
2466,2336,0
2482,2320,0
2499,2304,0
2508,2285,0
2512,2272,0
2509,2264,0
2504,2263,0
2491,2262,0
2475,2268,0
2461,2282,0
2449,2304,0
2444,2326,0
2441,2342,0
2447,2357,0
2458,2364,0
2475,2369,0
2491,2362,0
2515,2357,0
2537,2342,0
2562,2326,0
2583,2306,0
2599,2289,0
2607,2279,0
2608,2278,0
2605,2280,0
2593,2284,0
2586,2298,0
2576,2316,0
2565,2332,0
2564,2352,0
2568,2364,0
2574,2366,0
2589,2364,0
2602,2350,0
2618,2334,0
2630,2311,0
2642,2292,0
2646,2280,0
2647,2279,0
2644,2282,0
2638,2286,0
2633,2299,0
2628,2317,0
2632,2340,0
2635,2357,0
2643,2366,0
2654,2368,0
2670,2366,0
2682,2348,0
2695,2328,0
2709,2306,0
2717,2287,0
2722,2277,0
2721,2277,0
2722,2282,0
2718,2291,0
2717,2311,0
2717,2326,0
2724,2336,0
2740,2334,0
2760,2318,0
2778,2299,0
2796,2301,0
2803,2311,0
2813,2333,1
3134,2084,0
3124,2083,0
3117,2091,0
3108,2106,0
3095,2130,0
3081,2169,0
3062,2209,0
3045,2252,0
3028,2290,0
3023,2317,0
3026,2330,0
3035,2338,0
3054,2342,0
3078,2336,0
3108,2325,0
3140,2311,0
3163,2295,1
3279,2251,0
3279,2252,0
3269,2250,0
3257,2251,0
3241,2256,0
3225,2268,0
3204,2288,0
3189,2315,0
3182,2338,0
3179,2352,0
3183,2359,0
3197,2362,0
3212,2352,0
3230,2335,0
3249,2311,0
3260,2282,0
3276,2260,0
3279,2245,0
3279,2245,0
3275,2250,0
3264,2260,0
3258,2284,0
3252,2309,0
3254,2335,0
3259,2352,0
3260,2357,0
3276,2358,0
3290,2350,0
3305,2333,0
3321,2311,0
3333,2287,0
3349,2271,0
3356,2263,0
3352,2260,0
3353,2265,0
3347,2273,0
3341,2290,0
3333,2311,0
3332,2334,0
3335,2348,0
3349,2352,0
3364,2342,0
3379,2314,0
3402,2290,0
3416,2273,0
3429,2271,0
3433,2278,0
3439,2297,0
3436,2317,1
3578,2240,0
3573,2239,0
3572,2240,0
3570,2249,0
3561,2267,0
3550,2292,0
3540,2321,0
3525,2343,0
3518,2364,0
3514,2374,0
3510,2372,0
3512,2365,0
3524,2350,0
3535,2326,0
3551,2301,0
3571,2279,0
3591,2260,0
3613,2253,0
3624,2246,0
3637,2248,0
3643,2248,1
3684,2268,0
3680,2279,0
3672,2301,0
3667,2326,0
3660,2347,1
3755,2197,0
3756,2194,0
3759,2197,0
3755,2197,0
3751,2208,1
3714,2364,0
3720,2362,0
3734,2358,0
3753,2347,0
3769,2328,1
3793,2285,0
3785,2281,0
3778,2285,0
3766,2294,0
3754,2308,0
3742,2323,0
3735,2345,0
3733,2366,0
3734,2376,0
3745,2382,0
3758,2379,0
3777,2369,0
3794,2355,0
3806,2345,0
3820,2347,0
3821,2346,0
3821,2346,0
3824,2348,0
3825,2347,0
3824,2336,0
3834,2323,0
3851,2307,0
3877,2293,0
3903,2280,1
4068,2318,0
4068,2318,0
4065,2322,0
4059,2337,0
4051,2360,0
4039,2384,0
4028,2405,0
4011,2422,0
3998,2437,1
4340,2131,0
4331,2146,0
4314,2172,0
4302,2207,0
4286,2240,0
4270,2270,0
4259,2295,0
4249,2310,0
4246,2316,0
4251,2315,0
4261,2306,0
4275,2287,0
4297,2268,0
4321,2252,0
4335,2245,0
4343,2247,0
4345,2258,0
4343,2277,0
4338,2299,0
4338,2321,0
4336,2338,0
4343,2350,0
4350,2353,0
4366,2351,0
4382,2342,0
4398,2325,0
4415,2305,0
4424,2285,0
4426,2273,0
4420,2268,0
4408,2270,0
4401,2284,0
4394,2302,0
4396,2319,0
4414,2335,0
4437,2345,0
4460,2346,1
4801,2116,0
4792,2118,0
4782,2127,0
4772,2147,0
4765,2176,0
4750,2213,0
4734,2258,0
4711,2304,0
4690,2347,0
4673,2384,0
4664,2405,0
4661,2410,0
4665,2411,0
4676,2402,0
4693,2382,0
4714,2354,0
4750,2325,0
4779,2299,0
4806,2285,0
4816,2281,0
4829,2285,0
4830,2290,0
4825,2299,0
4815,2309,0
4797,2323,0
4783,2340,0
4758,2351,0
4738,2361,0
4729,2369,0
4719,2370,0
4715,2368,0
4725,2367,0
4736,2357,1
4889,2307,0
4877,2321,0
4869,2343,0
4854,2361,0
4848,2372,0
4842,2372,0
4841,2368,0
4847,2357,0
4857,2341,0
4879,2326,0
4898,2309,0
4919,2296,0
4938,2285,0
4951,2278,0
4958,2275,0
4962,2275,0
4960,2279,0
4958,2282,0
4944,2290,0
4927,2304,0
4920,2326,0
4910,2345,0
4907,2359,0
4910,2367,0
4918,2370,0
4934,2367,0
4946,2354,0
4959,2339,0
4975,2318,0
4979,2302,0
4985,2292,0
4984,2293,0
4986,2298,0
4977,2314,0
4975,2334,0
4969,2353,0
4970,2368,0
4974,2376,0
4982,2378,0
4989,2367,0
5006,2351,1
5137,2181,0
5132,2183,0
5122,2193,0
5110,2210,0
5101,2234,0
5086,2263,0
5069,2295,0
5048,2326,0
5027,2357,0
5018,2380,0
5009,2390,0
5009,2390,0
5010,2379,1
5118,2287,0
5127,2282,0
5129,2285,0
5121,2292,0
5109,2305,0
5095,2316,0
5076,2325,0
5069,2330,0
5063,2331,0
5064,2330,0
5064,2330,0
5072,2333,0
5084,2342,0
5092,2353,0
5107,2361,0
5110,2370,1
5182,2364,0
5187,2364,0
5191,2364,0
5203,2358,0
5219,2347,0
5237,2328,0
5250,2311,0
5267,2297,0
5267,2289,0
5264,2286,0
5250,2286,0
5242,2294,0
5224,2304,0
5215,2319,0
5207,2335,0
5211,2352,0
5218,2364,0
5232,2373,0
5252,2377,0
5272,2374,0
5294,2367,0
5314,2355,0
5336,2347,0
5341,2336,0
5342,2335,0
5341,2336,0
5335,2340,0
5325,2351,0
5307,2367,0
5296,2388,0
5291,2405,0
5287,2412,0
5297,2420,0
5303,2418,0
5318,2414,0
5331,2398,0
5347,2377,0
5366,2350,0
5383,2323,0
5393,2294,0
5405,2270,0
5410,2251,0
5412,2245,0
5412,2246,0
5402,2248,0
5397,2269,0
5389,2295,0
5386,2328,0
5384,2357,0
5387,2378,0
5395,2390,0
5408,2399,0
5431,2398,1
5733,2171,0
5737,2171,0
5732,2171,0
5732,2181,0
5728,2200,0
5721,2228,0
5705,2262,0
5683,2301,0
5667,2335,0
5649,2363,0
5635,2383,0
5618,2390,0
5609,2392,1
5691,2293,0
5702,2287,0
5719,2289,0
5740,2292,0
5759,2297,0
5776,2299,0
5792,2302,0
5808,2306,0
5816,2306,0
5817,2307,0
5820,2310,0
5819,2312,0
5806,2319,0
5798,2337,0
5788,2358,0
5785,2376,0
5792,2388,0
5796,2388,0
5812,2382,0
5833,2367,0
5852,2344,0
5868,2320,0
5874,2305,0
5874,2295,0
5872,2290,0
5864,2289,0
5851,2298,0
5840,2314,1