a solid black.
248
878,4776,0
881,4768,0
886,4760,0
886,4756,0
882,4756,0
869,4756,0
844,4770,0
809,4796,0
780,4827,0
771,4846,0
771,4850,0
779,4854,0
793,4847,0
815,4838,0
838,4814,0
862,4792,0
884,4768,0
895,4749,0
895,4748,0
896,4749,0
887,4753,0
873,4772,0
865,4787,0
866,4811,0
871,4828,0
880,4836,0
894,4840,0
915,4838,0
933,4822,1
1330,4738,0
1332,4717,0
1333,4705,0
1332,4698,0
1325,4698,0
1312,4698,0
1290,4716,0
1269,4736,0
1257,4761,0
1257,4772,0
1267,4796,0
1280,4812,0
1294,4828,0
1302,4842,0
1304,4854,0
1299,4859,0
1287,4871,0
1263,4877,0
1234,4886,0
1204,4895,0
1189,4895,0
1188,4891,0
1201,4875,0
1233,4842,0
1278,4804,1
1419,4719,0
1418,4724,0
1401,4737,0
1376,4771,0
1341,4805,0
1326,4834,0
1324,4850,0
1336,4862,0
1355,4864,0
1374,4851,0
1392,4830,0
1412,4809,0
1428,4775,0
1437,4750,0
1438,4734,0
1435,4731,0
1430,4727,0
1423,4724,0
1423,4719,0
1437,4710,1
1462,4729,0
1467,4736,0
1474,4748,0
1483,4747,0
1499,4741,0
1529,4726,0
1573,4693,0
1616,4657,0
1650,4620,0
1672,4593,0
1681,4575,0
1677,4572,0
1663,4582,0
1631,4598,0
1587,4648,0
1537,4714,0
1499,4785,0
1482,4835,0
1479,4863,0
1493,4874,0
1508,4873,0
1537,4862,0
1579,4834,0
1630,4792,0
1685,4760,0
1727,4739,0
1746,4736,0
1744,4744,0
1728,4767,0
1709,4790,0
1689,4809,0
1672,4823,0
1665,4828,1
1768,4599,0
1765,4596,0
1763,4591,0
1761,4592,0
1759,4601,1
1862,4722,0
1857,4719,0
1847,4720,0
1829,4736,0
1795,4769,0
1758,4804,0
1728,4832,0
1713,4845,0
1715,4845,0
1730,4839,0
1756,4819,0
1791,4782,0
1835,4742,0
1875,4699,0
1901,4666,0
1908,4652,0
1900,4650,0
1882,4661,0
1855,4683,0
1833,4714,0
1817,4746,0
1811,4779,0
1819,4806,0
1836,4816,0
1867,4818,1
2311,4600,0
2308,4597,0
2306,4597,0
2301,4603,0
2289,4628,0
2268,4666,0
2244,4710,0
2224,4743,0
2208,4759,0
2198,4766,0
2196,4771,0
2198,4775,0
2204,4769,0
2224,4760,0
2255,4743,0
2293,4734,0
2326,4729,0
2348,4735,0
2356,4746,0
2350,4764,0
2330,4777,0
2301,4794,0
2264,4808,0
2219,4810,0
2182,4815,0
2159,4812,0
2149,4790,0
2169,4757,0
2196,4709,1
2545,4566,0
2544,4567,0
2536,4574,0
2518,4605,0
2449,4690,0
2424,4739,0
2410,4768,0
2410,4780,0
2418,4782,0
2432,4774,0
2461,4761,0
2497,4729,1
2614,4644,0
2590,4653,0
2528,4695,0
2500,4720,0
2482,4739,0
2480,4747,0
2492,4747,0
2513,4741,0
2538,4720,0
2569,4693,0
2603,4670,0
2622,4650,0
2627,4644,0
2618,4648,0
2599,4666,0
2576,4691,0
2557,4710,0
2551,4729,0
2551,4741,0
2557,4744,0
2570,4743,0
2597,4743,0
2623,4730,1
2741,4638,0
2737,4635,0
2736,4635,0
2724,4640,0
2696,4667,0
2659,4710,0
2625,4747,0
2603,4775,0
2613,4776,0
2630,4766,0
2659,4748,0
2688,4707,0
2729,4676,0
2766,4641,0
2789,4607,0
2799,4586,0
2795,4578,0
2786,4582,0
2762,4600,0
2737,4626,0
2723,4657,0
2712,4686,0
2707,4706,0
2707,4718,0
2712,4724,0
2723,4729,0
2734,4721,0
2757,4717,0
2785,4711,0
2808,4694,0
2827,4682,1
2750,4715,0
2746,4722,0
2750,4733,0
2758,4738,0
2774,4740,0
2803,4751,0
2833,4752,0
2871,4760,1
2914,4764,0
2917,4763,0
2919,4766,0
2917,4758,0
2917,4758,0
2922,4765,0
2922,4765,0
2931,4778,1