away the mind-deading mists
512
829,6455,0
827,6455,0
827,6447,0
822,6439,0
815,6438,0
796,6446,0
764,6469,0
728,6502,0
687,6544,0
660,6590,0
641,6638,0
634,6673,0
642,6694,0
662,6687,0
693,6664,0
732,6623,0
767,6580,0
803,6534,0
836,6479,0
866,6432,0
880,6409,0
886,6405,0
883,6429,0
863,6469,0
850,6520,0
837,6559,0
822,6599,0
815,6635,0
810,6654,1
990,6420,0
987,6411,0
984,6416,0
970,6431,0
951,6467,0
924,6506,0
907,6562,0
892,6597,0
885,6626,0
890,6626,0
908,6613,0
937,6566,0
979,6515,0
1016,6456,0
1054,6420,0
1076,6400,0
1085,6404,0
1083,6428,0
1068,6468,0
1050,6512,0
1032,6540,0
1026,6552,0
1029,6552,0
1050,6528,0
1088,6480,0
1131,6436,0
1173,6404,0
1208,6387,0
1237,6394,1
1372,6370,0
1374,6365,0
1374,6361,0
1362,6377,0
1334,6403,0
1301,6444,0
1277,6493,0
1263,6546,0
1262,6577,0
1269,6582,0
1292,6569,0
1330,6535,0
1367,6481,0
1396,6428,0
1421,6387,0
1428,6379,0
1427,6379,0
1410,6411,0
1392,6448,0
1374,6505,0
1360,6550,0
1351,6582,0
1348,6599,0
1355,6606,0
1368,6590,1
1537,6407,0
1524,6416,0
1524,6420,0
1527,6436,0
1536,6459,0
1553,6483,0
1585,6504,0
1614,6510,0
1657,6526,1
1898,6390,0
1916,6367,0
1921,6360,0
1920,6363,0
1911,6372,0
1891,6399,0
1867,6443,0
1831,6495,0
1790,6545,0
1741,6598,0
1700,6659,0
1670,6705,1
2408,6335,0
2403,6352,0
2391,6375,0
2381,6414,0
2291,6591,1
2584,6298,0
2582,6307,0
2580,6307,0
2579,6329,0
2571,6359,0
2561,6390,0
2515,6515,0
2536,6483,0
2560,6452,0
2585,6434,0
2607,6425,0
2622,6425,0
2630,6444,1
2777,6468,0
2808,6447,0
2836,6418,0
2854,6388,0
2862,6369,0
2856,6362,0
2842,6379,0
2813,6408,0
2786,6448,1
3139,6447,0
3138,6448,0
3137,6443,0
3134,6445,0
3129,6458,0
3122,6490,0
3109,6515,0
3100,6548,0
3091,6575,0
3086,6582,0
3091,6584,0
3107,6567,0
3134,6529,0
3165,6488,0
3202,6456,0
3236,6445,0
3261,6440,0
3272,6444,0
3271,6457,0
3258,6483,0
3238,6510,0
3222,6538,0
3214,6553,0
3214,6553,0
3226,6553,0
3249,6532,0
3283,6508,0
3316,6488,0
3344,6482,0
3356,6473,0
3366,6488,0
3363,6505,0
3354,6526,0
3349,6553,0
3341,6564,0
3346,6575,0
3353,6568,1
3471,6440,0
3465,6451,0
3460,6483,0
3442,6510,0
3432,6557,0
3419,6575,0
3412,6581,0
3412,6577,1
3520,6330,0
3521,6326,0
3520,6326,0
3518,6344,0
3517,6366,1
3562,6465,0
3556,6466,0
3562,6478,0
3566,6502,0
3564,6524,0
3557,6548,0
3550,6563,0
3543,6566,0
3543,6570,0
3547,6560,0
3556,6536,0
3576,6502,0
3600,6471,0
3624,6449,0
3650,6455,0
3659,6460,0
3660,6481,0
3653,6510,0
3638,6542,0
3625,6569,0
3619,6588,1
3752,6469,0
3756,6454,0
3756,6459,0
3737,6462,0
3715,6488,0
3695,6515,0
3681,6541,0
3675,6561,0
3682,6571,0
3692,6554,0
3722,6529,0
3760,6483,0
3802,6426,0
3834,6359,0
3866,6305,0
3882,6271,0
3882,6263,0
3878,6273,0
3867,6322,0
3846,6376,0
3829,6440,0
3805,6490,0
3793,6543,0
3787,6575,1
3933,6486,0
3911,6487,0
3901,6487,0
3898,6484,0
3916,6498,0
3940,6495,0
3983,6498,0
4024,6488,0
4075,6495,1
4396,6486,0
4385,6479,0
4372,6472,0
4348,6471,0
4313,6485,0
4275,6508,0
4240,6539,0
4217,6582,0
4199,6604,0
4205,6628,0
4214,6628,0
4239,6625,0
4272,6591,0
4323,6547,0
4373,6486,0
4418,6420,0
4459,6371,0
4490,6336,0
4502,6311,0
4505,6309,0
4503,6306,0
4488,6328,0
4464,6369,0
4436,6407,0
4410,6457,0
4393,6507,0
4379,6540,0
4379,6563,0
4389,6571,1
4422,6591,0
4425,6594,0
4444,6593,0
4463,6578,0
4497,6551,0
4533,6522,0
4569,6489,0
4592,6453,0
4603,6433,0
4599,6436,0
4582,6445,0
4558,6468,0
4537,6502,0
4517,6536,0
4507,6568,0
4512,6593,0
4525,6608,1
4784,6477,0
4780,6466,0
4774,6459,0
4752,6459,0
4716,6475,0
4684,6498,0
4657,6527,0
4635,6553,0
4626,6572,0
4632,6577,0
4649,6573,0
4676,6553,0
4715,6527,0
4748,6498,0
4774,6473,0
4783,6464,0
4781,6465,0
4765,6479,0
4743,6510,0
4723,6540,0
4705,6577,1
4903,6505,0
4912,6493,0
4916,6491,0
4906,6493,0
4876,6511,0
4838,6538,0
4809,6578,0
4782,6621,0
4765,6650,0
4770,6661,0
4783,6658,0
4806,6630,0
4847,6598,0
4888,6541,0
4933,6486,0
4976,6431,0
5011,6380,0
5038,6349,0
5049,6333,0
5051,6332,0
5048,6334,0
5031,6339,0
5011,6372,0
4990,6417,0
4964,6467,0
4946,6529,0
4929,6582,0
4920,6625,0
4922,6656,1
5119,6506,0
5110,6507,0
5109,6517,0
5096,6544,0
5080,6579,0
5064,6616,0
5052,6638,0
5045,6652,0
5043,6648,1
5160,6342,0
5172,6324,0
5178,6319,0
5175,6317,0
5187,6333,1
5217,6538,0
5213,6541,0
5211,6557,0
5203,6576,0
5191,6598,0
5188,6605,0
5188,6609,0
5186,6606,0
5194,6601,0
5202,6581,0
5224,6558,0
5249,6527,0
5273,6498,0
5302,6487,0
5315,6484,0
5322,6494,0
5318,6521,0
5310,6544,0
5295,6573,0
5278,6604,0
5258,6631,0
5257,6656,0
5255,6671,0
5259,6679,0
5265,6674,1
5487,6556,0
5502,6550,0
5518,6534,0
5525,6524,0
5525,6524,0
5524,6525,0
5515,6526,0
5491,6532,0
5460,6554,0
5420,6591,0
5399,6629,0
5392,6658,0
5400,6662,0
5422,6657,0
5451,6628,0
5485,6595,0
5511,6558,0
5537,6521,0
5552,6510,0
5553,6509,0
5547,6518,0
5541,6552,0
5531,6597,0
5518,6646,0
5501,6691,0
5475,6732,0
5456,6770,0
5438,6804,0
5415,6815,0
5407,6816,0
5395,6814,0
5378,6801,0
5359,6781,1
5808,6566,0
5806,6568,0
5803,6575,0
5790,6594,0
5773,6633,0
5762,6664,0
5749,6679,0
5748,6690,0
5752,6692,0
5758,6687,0
5778,6663,0
5807,6627,0
5839,6599,0
5865,6574,0
5890,6565,0
5903,6570,0
5906,6589,0
5894,6608,0
5874,6632,0
5858,6650,0
5852,6648,0
5862,6647,0
5890,6626,0
5931,6585,0
5972,6554,0
5996,6536,0
6013,6537,0
6016,6545,0
6011,6568,0
5996,6601,0
5976,6636,0
5955,6667,0
5942,6691,0
5948,6696,0
5967,6693,0
5988,6667,0
6009,6631,1
6105,6546,0
6095,6569,0
6079,6612,0
6058,6653,0
6042,6686,0
6027,6703,0
6026,6698,0
6028,6681,1
6130,6414,0
6131,6403,0
6132,6402,0
6130,6399,1
6321,6488,0
6324,6492,0
6323,6493,0
6315,6499,0
6294,6526,0
6266,6571,0
6244,6615,0
6230,6646,0
6218,6661,0
6212,6676,0
6206,6680,0
6201,6685,0
6195,6684,0
6184,6688,0
6170,6683,0
6160,6681,0
6143,6672,0
6132,6667,0
6118,6657,0
6112,6657,0
6113,6656,1
6471,6415,0
6469,6423,0
6454,6452,0
6428,6505,0
6408,6553,0
6384,6594,0
6367,6634,0
6351,6657,0
6350,6673,1
6335,6482,0
6338,6484,0
6355,6483,0
6389,6475,0
6425,6471,1
6634,6566,0
6625,6558,0
6615,6556,0
6601,6562,0
6577,6572,0
6554,6592,0
6535,6609,0
6530,6623,0
6541,6635,0
6569,6642,0
6597,6645,0
6623,6650,0
6635,6654,0
6640,6661,0
6632,6673,0
6609,6688,0
6578,6708,0
6541,6719,0
6500,6731,0
6462,6737,0
6426,6740,0
6399,6736,0
6375,6731,0
6350,6724,0
6325,6714,1