beyond were in silhouette, already
650
900,4077,0
899,4080,0
889,4096,0
871,4123,0
849,4162,0
822,4200,0
797,4239,0
778,4258,0
769,4273,0
767,4277,0
769,4273,0
779,4270,0
803,4251,0
839,4229,0
876,4212,0
906,4205,0
924,4205,0
931,4214,0
932,4225,0
922,4249,0
902,4276,0
871,4303,0
831,4325,0
789,4346,0
753,4352,0
730,4350,0
719,4337,0
719,4317,0
733,4282,1
995,4236,0
995,4236,0
999,4236,0
1006,4236,0
1017,4228,0
1027,4212,0
1044,4196,0
1059,4176,0
1063,4161,0
1059,4160,0
1049,4160,0
1035,4172,0
1013,4196,0
989,4227,0
965,4267,0
950,4307,0
948,4322,0
961,4331,0
985,4324,0
1014,4300,0
1053,4268,0
1097,4225,0
1141,4184,0
1172,4155,0
1179,4147,0
1174,4147,0
1153,4164,0
1124,4196,0
1098,4229,0
1089,4248,0
1095,4256,0
1112,4256,0
1136,4240,0
1170,4215,0
1201,4195,0
1223,4170,0
1228,4165,0
1226,4166,0
1217,4178,0
1184,4207,0
1149,4260,0
1116,4309,0
1087,4365,0
1071,4408,0
1059,4432,0
1047,4448,0
1035,4461,0
1023,4468,0
1015,4468,0
1012,4468,0
1009,4452,0
1010,4408,0
1027,4352,1
1331,4160,0
1329,4157,0
1327,4153,0
1319,4157,0
1300,4167,0
1266,4188,0
1241,4222,0
1225,4250,0
1220,4262,0
1233,4269,0
1249,4261,0
1277,4252,0
1305,4227,0
1325,4197,0
1336,4176,0
1337,4164,0
1329,4153,0
1319,4149,0
1313,4154,0
1314,4157,0
1322,4162,1
1409,4155,0
1398,4159,0
1381,4185,0
1363,4215,0
1347,4236,0
1333,4249,0
1324,4257,0
1324,4254,0
1325,4249,0
1332,4237,0
1348,4211,0
1376,4181,0
1408,4155,0
1433,4149,0
1444,4156,0
1445,4168,0
1440,4184,0
1430,4209,0
1423,4229,0
1428,4242,1
1549,4173,0
1541,4170,0
1527,4172,0
1498,4191,0
1464,4222,0
1437,4249,0
1421,4266,0
1422,4278,0
1429,4281,0
1445,4276,0
1475,4254,0
1514,4213,0
1554,4169,0
1586,4124,0
1602,4090,0
1607,4077,0
1604,4073,0
1603,4077,0
1597,4082,0
1580,4105,0
1563,4143,0
1541,4191,0
1524,4236,0
1522,4265,0
1527,4273,0
1540,4275,0
1556,4268,0
1578,4258,1
1940,4099,0
1928,4110,0
1914,4138,0
1896,4174,0
1882,4210,0
1874,4232,0
1876,4243,0
1882,4246,0
1893,4240,0
1913,4224,0
1961,4251,0
1966,4254,0
1976,4259,0
2036,4229,0
2103,4135,0
2101,4106,0
2107,4075,0
2121,4056,1
2211,4072,1
2239,4039,0
2227,4059,0
2203,4104,0
2178,4156,0
2157,4195,0
2142,4211,0
2137,4220,0
2140,4224,0
2145,4223,0
2158,4211,0
2186,4187,0
2223,4160,0
2253,4138,0
2270,4146,0
2265,4164,0
2250,4190,0
2236,4215,0
2229,4225,0
2231,4229,0
2237,4231,0
2248,4228,0
2273,4216,0
2309,4198,0
2342,4162,0
2373,4135,0
2384,4115,0
2376,4109,0
2359,4110,0
2335,4118,0
2308,4135,0
2289,4169,0
2273,4195,0
2282,4226,0
2302,4232,0
2332,4232,0
2372,4223,0
2420,4212,0
2461,4190,0
2488,4159,0
2507,4140,0
2509,4122,0
2502,4116,0
2493,4119,0
2473,4131,0
2450,4151,0
2431,4179,0
2417,4200,0
2413,4215,0
2408,4212,0
2410,4215,0
2412,4210,0
2425,4202,0
2439,4176,0
2460,4157,0
2478,4129,0
2492,4111,0
2499,4113,0
2502,4116,0
2502,4128,0
2511,4159,0
2524,4176,0
2543,4187,0
2563,4188,0
2586,4187,0
2607,4175,0
2632,4161,0
2655,4135,0
2675,4110,0
2682,4086,0
2671,4069,0
2648,4069,0
2625,4074,0
2613,4091,0
2607,4107,0
2614,4130,0
2627,4155,0
2654,4179,0
2689,4195,0
2718,4200,1
3134,4064,0
3131,4065,0
3127,4077,0
3120,4103,0
3106,4133,0
3092,4162,0
3076,4179,0
3071,4190,0
3069,4187,1
3154,3990,0
3153,3981,0
3151,3978,0
3150,3978,0
3149,3979,1
3189,4062,0
3182,4070,0
3175,4092,0
3163,4121,0
3150,4141,0
3139,4156,0
3132,4165,0
3132,4169,0
3130,4165,0
3134,4163,0
3150,4155,0
3178,4131,0
3222,4113,0
3259,4092,0
3281,4089,0
3284,4092,0
3287,4099,0
3276,4114,0
3257,4138,0
3247,4162,0
3257,4175,1
3691,3965,0
3690,3966,0
3679,3964,0
3662,3976,0
3636,3993,0
3616,4012,0
3603,4024,0
3606,4037,0
3612,4042,0
3631,4059,0
3653,4073,0
3676,4086,0
3697,4102,0
3704,4111,0
3703,4121,0
3694,4133,0
3676,4140,0
3655,4148,0
3631,4154,0
3603,4157,0
3583,4157,0
3573,4152,0
3568,4137,0
3571,4116,0
3575,4095,1
3742,4027,0
3742,4027,0
3746,4034,0
3745,4055,0
3741,4082,0
3740,4116,0
3735,4139,0
3735,4153,0
3737,4156,1
3792,3949,0
3782,3940,0
3779,3937,0
3780,3937,0
3778,3938,1
3849,4070,0
3853,4067,0
3870,4055,0
3891,4025,0
3921,3988,0
3945,3950,0
3962,3921,0
3967,3913,0
3962,3911,0
3952,3915,0
3939,3929,0
3924,3955,0
3901,4002,0
3881,4062,0
3867,4111,0
3858,4142,0
3863,4158,0
3868,4159,0
3882,4154,0
3910,4139,0
3947,4108,1
4085,3918,0
4075,3914,0
4073,3921,0
4063,3940,0
4049,3976,0
4030,4026,0
4010,4072,0
4000,4109,0
3992,4119,0
3992,4119,0
3996,4121,0
4003,4117,0
4019,4099,0
4048,4073,0
4082,4046,0
4110,4029,0
4125,4039,0
4123,4061,0
4110,4090,0
4096,4117,0
4090,4135,0
4092,4145,0
4104,4146,0
4118,4135,0
4140,4118,1
4234,4002,0
4218,4015,0
4193,4035,0
4169,4060,0
4155,4086,0
4154,4102,0
4159,4113,0
4170,4115,0
4194,4116,0
4226,4106,0
4259,4085,0
4286,4063,0
4292,4043,0
4290,4029,0
4278,4013,0
4265,3998,1
4358,3998,0
4355,3995,0
4357,3998,0
4356,4010,0
4349,4042,0
4340,4075,0
4333,4097,0
4332,4107,0
4338,4114,0
4345,4112,0
4357,4107,0
4375,4092,0
4402,4070,0
4437,4050,0
4461,4041,0
4461,4046,0
4448,4062,0
4435,4084,0
4429,4099,0
4431,4103,0
4435,4104,0
4447,4099,0
4468,4082,0
4498,4050,0
4538,4014,0
4566,3974,0
4575,3954,0
4562,3954,0
4532,3972,0
4506,4001,0
4483,4036,0
4475,4065,0
4476,4081,0
4492,4093,0
4516,4093,0
4554,4080,0
4598,4052,1
4764,3884,0
4774,3863,0
4773,3858,0
4770,3861,0
4755,3871,0
4742,3889,0
4733,3925,0
4708,3971,0
4682,4034,0
4669,4080,0
4669,4106,0
4672,4121,0
4673,4125,0
4677,4127,0
4681,4128,0
4675,4118,1
4652,4063,0
4654,4061,0
4661,4059,0
4688,4051,0
4730,4039,0
4782,4023,0
4823,3994,0
4855,3969,1
4825,3892,0
4825,3892,0
4827,3895,0
4831,3902,0
4830,3920,0
4820,3947,0
4806,3982,0
4792,4013,0
4782,4039,0
4775,4057,0
4771,4073,0
4770,4084,0
4763,4085,1
4772,4038,0
4774,4036,0
4783,4038,0
4809,4042,0
4841,4044,0
4877,4041,0
4917,4036,0
4951,4025,0
4975,4007,0
4985,3991,0
4984,3980,0
4970,3971,0
4949,3971,0
4919,3978,0
4900,3992,0
4888,4009,0
4888,4032,0
4894,4053,0
4909,4066,0
4939,4077,1
5069,4105,0
5069,4106,0
5069,4111,0
5064,4133,0
5052,4156,0
5039,4175,0
5021,4191,0
5014,4210,0
5015,4215,1
5472,3993,0
5472,3993,0
5465,3990,0
5458,3998,0
5438,4015,0
5420,4047,0
5402,4073,0
5393,4094,0
5395,4104,0
5395,4104,0
5407,4102,0
5419,4089,0
5431,4065,0
5448,4039,0
5465,4021,0
5472,4018,0
5472,4031,0
5463,4065,0
5455,4097,0
5456,4120,0
5460,4127,0
5471,4128,0
5485,4112,0
5512,4081,0
5552,4035,0
5599,3974,0
5652,3917,0
5692,3869,0
5710,3839,0
5709,3833,0
5701,3836,0
5679,3852,0
5646,3887,0
5611,3941,0
5571,3995,0
5554,4039,0
5556,4068,0
5563,4084,0
5580,4089,0
5609,4086,0
5653,4072,1
5758,3964,0
5760,3962,0
5760,3967,0
5750,3988,0
5738,4027,0
5729,4062,0
5720,4080,0
5715,4085,0
5716,4084,0
5718,4082,0
5719,4062,0
5729,4031,0
5742,3997,0
5759,3976,0
5771,3974,0
5776,3981,0
5783,3996,0
5796,4006,0
5818,4011,0
5848,4005,0
5875,3991,0
5901,3978,0
5919,3961,0
5921,3945,0
5917,3945,0
5895,3952,0
5866,3970,0
5844,3993,0
5823,4012,0
5822,4032,0
5829,4048,0
5839,4056,0
5865,4055,0
5903,4045,0
5949,4026,0
5993,4003,0
6032,3978,1
6039,3950,0
6005,3961,0
5978,3983,0
5947,4003,0
5926,4023,0
5914,4039,0
5911,4043,0
5926,4044,0
5949,4033,0
5988,4015,0
6027,3991,0
6057,3973,0
6059,3969,0
6049,3977,0
6027,3998,0
6008,4024,0
5993,4042,0
5985,4058,0
5991,4065,0
6003,4063,1
6141,3974,0
6116,3988,0
6087,4005,0
6063,4024,0
6048,4043,0
6043,4056,0
6041,4058,0
6054,4063,0
6074,4055,0
6109,4035,0
6158,4005,0
6208,3965,0
6247,3919,0
6273,3883,0
6278,3863,0
6275,3858,0
6265,3860,0
6246,3872,0
6223,3898,0
6186,3940,0
6154,3991,0
6130,4029,0
6128,4045,0
6141,4053,0
6157,4053,0
6179,4044,0
6209,4030,0
6239,4010,0
6256,3988,0
6262,3971,0
6266,3974,0
6261,3981,0
6233,3991,0
6219,4010,0
6210,4022,0
6210,4034,0
6213,4037,0
6235,4042,0
6261,4035,0
6290,4023,0
6313,4004,0
6343,3991,0
6352,3971,0
6360,3967,0
6360,3967,0
6350,3974,0
6321,4000,0
6286,4034,0
6265,4076,0
6244,4122,0
6229,4163,0
6210,4193,0
6189,4220,0
6163,4233,0
6153,4246,0
6153,4251,0
6157,4254,0
6166,4249,0
6180,4230,0
6208,4202,0
6251,4174,0
6294,4150,0
6324,4145,0
6336,4153,1