think our course of action should
671
481,3002,0
475,3005,0
477,3009,0
482,3011,0
493,3008,0
510,3004,0
528,2987,0
546,2971,0
562,2941,0
574,2910,0
583,2879,0
587,2848,0
587,2811,0
584,2779,0
579,2753,0
573,2748,0
566,2742,0
559,2745,0
553,2752,0
550,2771,0
546,2807,0
550,2853,0
554,2895,0
562,2945,0
569,2982,0
576,3016,0
582,3042,0
584,3050,0
586,3047,1
574,2914,0
584,2913,0
610,2905,0
638,2893,0
669,2878,0
698,2854,0
721,2825,0
739,2795,0
750,2764,0
752,2728,0
748,2700,0
739,2678,0
727,2668,0
711,2670,0
697,2676,0
685,2695,0
678,2725,0
673,2765,0
670,2813,0
670,2862,0
674,2907,0
678,2940,0
679,2964,0
680,2980,0
680,2985,0
680,2980,0
680,2977,0
680,2972,0
679,2960,0
680,2940,0
685,2917,0
694,2897,0
708,2891,0
722,2885,0
740,2891,0
759,2914,0
776,2940,0
793,2970,0
805,2992,0
817,3004,0
827,3001,0
838,2990,0
850,2971,0
862,2948,0
873,2925,0
883,2913,0
886,2914,0
887,2918,0
889,2934,0
890,2954,0
892,2979,0
893,2994,0
896,3003,1
858,2779,0
857,2767,0
859,2763,0
860,2767,0
863,2772,1
938,2937,0
938,2941,0
938,2941,0
938,2945,0
940,2958,0
941,2970,0
941,2977,0
941,2977,0
941,2973,0
942,2965,0
945,2946,0
950,2922,0
962,2902,0
976,2890,0
989,2891,0
1001,2903,0
1011,2919,0
1014,2944,0
1014,2964,0
1016,2976,0
1021,2984,1
1137,2876,0
1146,2844,0
1154,2815,0
1155,2779,0
1153,2748,0
1148,2720,0
1140,2700,0
1129,2688,0
1116,2684,0
1102,2692,0
1088,2713,0
1075,2745,0
1068,2797,0
1064,2849,0
1063,2893,0
1066,2933,0
1076,2965,0
1086,2981,0
1099,2985,0
1115,2980,0
1133,2964,0
1150,2943,0
1165,2923,0
1177,2907,0
1182,2895,0
1183,2891,0
1177,2891,0
1163,2895,0
1146,2912,0
1129,2936,0
1117,2960,0
1115,2989,0
1122,3001,0
1137,3008,0
1159,3011,0
1182,3011,0
1206,3006,1
1855,2930,0
1850,2919,0
1840,2909,0
1830,2907,0
1816,2907,0
1800,2912,0
1782,2920,0
1767,2941,0
1758,2964,0
1761,2992,0
1773,3009,0
1792,3013,0
1813,3008,0
1833,3002,0
1850,2994,0
1857,2979,0
1861,2961,0
1860,2941,0
1853,2922,0
1843,2905,0
1831,2895,0
1819,2890,0
1812,2892,0
1807,2893,0
1808,2897,1
1949,2889,0
1949,2889,0
1947,2893,0
1942,2909,0
1937,2931,0
1937,2960,0
1940,2988,0
1949,3011,0
1963,3023,0
1978,3027,0
1993,3018,0
2006,3001,0
2017,2980,0
2026,2961,0
2031,2943,0
2030,2929,0
2028,2926,0
2028,2930,0
2024,2940,0
2024,2961,0
2028,2989,0
2036,3016,0
2049,3033,0
2062,3037,0
2075,3029,1
2120,2995,0
2116,3009,0
2113,3019,0
2113,3023,0
2113,3023,0
2112,3016,0
2111,2998,0
2111,2977,0
2107,2948,0
2109,2931,0
2111,2917,0
2114,2907,0
2120,2902,1
2634,2865,0
2637,2849,0
2634,2837,0
2627,2832,0
2613,2826,0
2601,2833,0
2585,2842,0
2572,2859,0
2564,2881,0
2565,2903,0
2572,2922,0
2591,2944,0
2611,2956,0
2636,2965,0
2659,2970,0
2678,2968,0
2697,2967,1
2806,2844,0
2808,2842,0
2808,2838,0
2803,2832,0
2791,2830,0
2775,2836,0
2760,2849,0
2750,2870,0
2744,2897,0
2742,2922,0
2755,2946,0
2774,2958,0
2804,2964,0
2835,2959,0
2859,2943,0
2877,2922,0
2887,2901,0
2888,2881,0
2881,2862,0
2864,2845,0
2843,2835,0
2826,2832,0
2813,2840,0
2801,2842,0
2799,2849,1
2953,2832,0
2958,2838,0
2954,2841,0
2952,2853,0
2945,2867,0
2945,2891,0
2949,2918,0
2955,2938,0
2965,2951,0
2983,2958,0
3001,2950,0
3019,2933,0
3040,2913,0
3055,2887,0
3066,2864,0
3070,2847,0
3071,2841,0
3069,2842,0
3067,2848,0
3066,2865,0
3067,2889,0
3076,2911,0
3091,2931,0
3103,2941,0
3118,2946,0
3139,2945,0
3154,2934,0
3168,2919,0
3177,2900,1
3171,2876,0
3172,2895,0
3171,2915,0
3172,2936,0
3174,2949,0
3174,2953,0
3172,2950,0
3168,2938,0
3163,2917,0
3159,2895,0
3153,2873,0
3153,2859,0
3156,2851,0
3165,2844,0
3178,2839,0
3192,2834,0
3209,2831,0
3222,2825,0
3240,2821,0
3251,2811,0
3267,2809,0
3279,2808,0
3291,2815,0
3300,2828,0
3309,2847,0
3310,2867,0
3305,2886,0
3299,2906,0
3293,2922,0
3282,2926,0
3279,2928,0
3276,2924,0
3277,2919,0
3286,2917,0
3299,2912,0
3320,2905,0
3343,2896,0
3373,2888,0
3399,2875,0
3424,2859,0
3443,2843,0
3451,2830,0
3450,2820,0
3443,2815,0
3426,2814,0
3407,2820,0
3391,2835,0
3383,2857,0
3382,2880,0
3393,2901,0
3410,2918,0
3432,2926,0
3459,2930,0
3482,2925,0
3501,2919,0
3518,2914,1
4025,2840,0
4027,2832,0
4021,2820,0
4012,2812,0
4003,2804,0
3995,2803,0
3978,2797,0
3964,2796,0
3951,2797,0
3940,2803,0
3930,2814,0
3923,2833,0
3924,2855,0
3933,2874,0
3955,2886,0
3978,2886,0
3998,2871,0
4013,2848,0
4022,2826,0
4024,2806,0
4020,2786,0
4016,2779,0
4010,2773,0
4001,2771,0
4001,2778,0
4005,2786,0
4020,2799,0
4036,2804,0
4056,2807,0
4080,2803,0
4101,2791,0
4122,2773,0
4135,2745,0
4147,2718,0
4152,2687,0
4150,2658,0
4145,2633,0
4136,2612,0
4129,2601,0
4118,2596,0
4111,2599,0
4106,2611,0
4102,2634,0
4104,2669,0
4109,2714,0
4114,2764,0
4124,2813,0
4137,2859,0
4143,2895,0
4148,2925,0
4152,2944,0
4155,2959,0
4157,2963,0
4153,2961,0
4144,2953,0
4135,2939,0
4126,2919,1
4099,2871,0
4118,2868,0
4141,2860,0
4167,2849,1
4982,2846,0
4966,2827,0
4961,2814,0
4940,2802,0
4916,2795,0
4901,2794,0
4878,2801,0
4856,2811,0
4833,2830,0
4820,2854,0
4812,2879,0
4821,2902,0
4838,2918,0
4863,2924,0
4886,2922,0
4915,2913,0
4934,2895,0
4956,2877,0
4960,2850,0
4968,2825,0
4964,2802,0
4961,2792,0
4957,2791,0
4939,2789,0
4940,2802,0
4936,2821,0
4944,2847,0
4955,2872,0
4968,2895,0
4977,2909,0
4985,2919,0
5007,2930,0
5018,2927,1
5098,2825,0
5092,2820,0
5080,2815,0
5067,2813,0
5062,2820,0
5040,2825,0
5039,2847,0
5028,2871,0
5033,2900,0
5045,2923,0
5066,2936,0
5085,2937,0
5122,2931,0
5153,2914,0
5177,2886,0
5195,2853,0
5206,2812,0
5209,2770,0
5197,2729,0
5184,2698,0
5169,2676,0
5156,2667,0
5143,2664,0
5138,2673,0
5135,2693,0
5139,2725,0
5148,2762,0
5164,2804,0
5178,2842,0
5190,2880,0
5197,2907,0
5198,2927,0
5190,2931,0
5183,2929,0
5175,2917,0
5163,2900,0
5153,2879,0
5144,2864,0
5151,2859,0
5163,2849,0
5180,2837,0
5207,2826,0
5233,2816,0
5260,2811,0
5280,2807,0
5294,2808,0
5304,2814,0
5307,2825,0
5306,2842,0
5306,2865,0
5294,2882,0
5298,2898,0
5293,2906,0
5301,2910,0
5298,2907,0
5302,2900,0
5304,2882,1
5286,2714,0
5288,2704,0
5287,2698,0
5292,2696,1
5431,2852,0
5433,2849,0
5434,2840,0
5421,2823,0
5409,2812,0
5397,2808,0
5385,2812,0
5370,2823,0
5359,2842,0
5353,2866,0
5358,2888,0
5371,2905,0
5394,2912,0
5409,2910,0
5425,2900,0
5447,2888,0
5453,2871,0
5457,2856,0
5441,2835,0
5443,2827,0
5426,2815,1
5506,2821,0
5519,2832,0
5516,2844,0
5518,2864,0
5516,2882,0
5517,2897,0
5506,2899,0
5507,2898,0
5503,2888,0
5514,2871,0
5516,2844,0
5530,2822,0
5548,2806,0
5569,2803,0
5581,2806,0
5595,2821,0
5610,2844,0
5611,2865,0
5612,2886,0
5614,2906,0
5620,2919,1
5926,2878,0
5932,2859,0
5935,2838,0
5940,2820,0
5950,2803,0
5959,2787,0
5975,2774,0
5995,2770,0
6017,2770,0
6034,2781,0
6083,2842,0
6082,2861,0
6077,2878,0
6066,2890,0
6054,2895,0
6045,2896,0
6025,2850,1
6103,2770,0
6116,2744,0
6126,2714,0
6123,2632,0
6111,2611,0
6100,2598,0
6089,2593,0
6078,2596,0
6073,2608,0
6075,2632,0
6080,2664,0
6092,2702,0
6102,2745,0
6116,2789,0
6127,2827,0
6135,2856,0
6137,2885,0
6138,2883,0
6135,2873,0
6136,2854,0
6144,2838,0
6152,2823,0
6163,2809,0
6178,2799,0
6191,2791,0
6203,2794,0
6216,2804,0
6226,2818,0
6233,2841,0
6238,2857,0
6239,2873,0
6238,2883,1
6322,2815,0
6318,2807,0
6302,2801,0
6293,2811,0
6280,2826,0
6275,2847,0
6279,2883,0
6298,2888,0
6318,2886,0
6336,2876,0
6351,2864,0
6355,2848,0
6353,2832,0
6346,2815,0
6336,2806,0
6321,2799,0
6315,2803,0
6314,2806,0
6335,2799,1
6406,2799,0
6401,2800,0
6394,2806,0
6388,2818,0
6383,2838,0
6385,2859,0
6390,2876,0
6404,2885,0
6415,2890,0
6449,2865,0
6469,2844,0
6475,2824,0
6477,2801,0
6473,2789,0
6467,2784,0
6461,2786,0
6457,2797,0
6457,2815,0
6454,2837,0
6462,2856,0
6480,2876,0
6496,2879,0
6510,2878,0
6524,2868,0
6543,2848,0
6557,2820,0
6565,2783,0
6568,2741,0
6570,2698,0
6566,2668,0
6558,2636,0
6551,2623,0
6539,2621,0
6528,2627,0
6515,2644,0
6508,2679,0
6503,2719,0
6505,2760,0
6517,2801,0
6529,2830,0
6543,2854,0
6560,2867,0
6578,2876,1
6662,2765,0
6662,2764,0
6654,2763,0
6647,2770,0
6633,2780,0
6621,2795,0
6616,2815,0
6612,2834,0
6622,2849,0
6637,2856,0
6653,2858,0
6671,2848,0
6689,2829,0
6701,2804,0
6710,2776,0
6705,2740,0
6701,2700,0
6695,2665,0
6676,2638,0
6665,2632,0
6656,2634,0
6650,2649,0
6653,2680,0
6657,2718,0
6665,2758,0
6681,2802,0
6698,2838,0
6729,2895,1