Chapter 7. Happy faces and an
536
779,3218,0
780,3218,0
777,3214,0
762,3212,0
736,3214,0
702,3233,0
662,3265,0
620,3319,0
581,3375,0
554,3438,0
540,3506,0
542,3538,0
552,3564,0
573,3571,0
602,3571,0
636,3551,0
672,3524,1
889,3163,0
882,3170,0
876,3194,0
871,3233,0
859,3277,0
849,3328,0
839,3380,0
828,3427,0
820,3466,0
815,3486,0
815,3490,0
820,3483,0
837,3464,0
863,3429,0
890,3399,0
920,3380,0
946,3374,0
965,3375,0
972,3383,0
967,3399,0
953,3422,0
936,3445,0
920,3472,0
914,3484,0
919,3484,1
1098,3337,0
1097,3340,0
1095,3340,0
1081,3352,0
1063,3376,0
1045,3416,0
1030,3457,0
1023,3496,0
1025,3524,0
1037,3532,0
1056,3525,0
1080,3501,0
1103,3465,0
1124,3424,0
1138,3380,0
1145,3352,0
1148,3348,0
1146,3348,0
1136,3364,0
1122,3400,0
1107,3440,0
1099,3484,0
1092,3517,0
1088,3537,0
1092,3545,1
1246,3360,0
1247,3360,0
1247,3364,0
1242,3397,0
1228,3441,0
1214,3502,0
1197,3559,0
1176,3607,0
1158,3648,0
1143,3676,0
1134,3688,0
1132,3684,0
1132,3656,0
1136,3608,0
1148,3551,0
1163,3500,0
1182,3459,0
1206,3434,0
1225,3414,0
1245,3409,0
1259,3404,0
1268,3403,0
1273,3411,0
1272,3414,0
1265,3436,0
1253,3452,0
1240,3472,0
1223,3486,0
1205,3494,0
1193,3502,0
1185,3507,0
1186,3503,0
1196,3498,1
1464,3180,0
1462,3176,0
1460,3173,0
1457,3173,0
1450,3190,0
1439,3232,0
1430,3285,0
1423,3346,0
1414,3395,0
1409,3432,0
1406,3457,0
1408,3464,0
1411,3468,0
1418,3467,0
1426,3450,0
1430,3414,0
1433,3373,1
1422,3266,0
1422,3262,0
1436,3264,0
1451,3267,1
1487,3403,0
1493,3402,0
1515,3403,0
1537,3409,0
1555,3397,0
1575,3378,0
1545,3351,0
1532,3385,0
1532,3405,0
1543,3419,0
1566,3428,0
1596,3424,1
1797,3279,0
1789,3281,0
1778,3288,0
1762,3303,0
1747,3327,0
1785,3351,0
1809,3325,0
1837,3310,0
1860,3296,0
1880,3291,1
1954,3101,0
1954,3101,0
1973,3103,0
1997,3113,0
2029,3128,0
2069,3145,0
2110,3152,0
2154,3158,0
2196,3159,0
2239,3168,0
2273,3181,0
2294,3194,0
2301,3208,0
2297,3227,0
2273,3254,0
2236,3285,0
2193,3322,0
2145,3351,0
2106,3381,0
2072,3392,0
2055,3401,1
2135,3270,0
2136,3270,0
2143,3271,0
2150,3269,0
2166,3272,1
2350,3339,0
2338,3362,0
2331,3365,0
2330,3364,0
2340,3370,1
2682,3091,0
2682,3095,0
2684,3098,0
2680,3105,0
2673,3136,0
2654,3177,0
2632,3229,0
2606,3292,0
2579,3353,0
2559,3403,0
2545,3431,0
2541,3436,0
2551,3432,1
2782,3148,0
2789,3145,0
2791,3148,0
2782,3158,0
2764,3205,0
2742,3262,0
2717,3312,0
2693,3361,0
2674,3401,0
2659,3426,0
2658,3440,0
2656,3428,1
2658,3262,0
2652,3260,0
2657,3262,0
2666,3270,0
2684,3279,1
2882,3252,0
2877,3252,0
2869,3260,0
2847,3278,0
2828,3311,0
2807,3341,0
2789,3373,0
2779,3401,0
2781,3414,0
2787,3411,0
2803,3402,0
2823,3378,0
2842,3349,0
2860,3321,0
2877,3311,0
2877,3307,0
2879,3315,0
2870,3334,0
2856,3369,0
2842,3404,0
2836,3434,1
3030,3251,0
3042,3254,0
3049,3268,0
3042,3296,0
3028,3342,0
3010,3386,0
2984,3425,0
2953,3465,0
2929,3506,0
2914,3533,0
2907,3541,0
2907,3537,0
2912,3516,0
2930,3479,0
2953,3429,0
2984,3378,0
3012,3333,0
3040,3307,0
3064,3297,0
3078,3292,0
3088,3291,0
3096,3300,0
3102,3315,0
3106,3331,0
3105,3337,0
3097,3341,0
3086,3354,0
3069,3369,0
3048,3378,0
3028,3385,0
3011,3391,0
3001,3396,0
3003,3400,1
3239,3271,0
3238,3282,0
3232,3315,0
3214,3362,0
3192,3419,0
3161,3467,0
3129,3510,0
3101,3551,0
3075,3576,0
3061,3584,0
3052,3570,0
3057,3544,0
3077,3504,0
3100,3452,0
3134,3409,0
3165,3373,0
3195,3349,0
3220,3329,0
3236,3313,0
3250,3307,0
3266,3311,0
3280,3321,0
3287,3335,0
3288,3349,0
3284,3363,0
3274,3378,0
3259,3394,0
3240,3402,0
3219,3406,0
3204,3406,0
3191,3400,0
3185,3395,0
3192,3395,1
3375,3263,0
3368,3272,0
3378,3300,0
3392,3329,0
3412,3344,0
3440,3359,0
3474,3373,0
3504,3385,0
3529,3392,1
3624,3327,0
3631,3317,0
3634,3309,0
3634,3309,0
3633,3310,0
3624,3322,0
3604,3358,0
3578,3395,0
3547,3433,0
3509,3477,0
3477,3525,0
3445,3562,0
3421,3592,1
4319,3199,0
4316,3197,0
4319,3199,0
4315,3192,0
4308,3182,0
4299,3180,0
4285,3179,0
4265,3182,0
4239,3192,0
4210,3209,0
4179,3231,0
4145,3264,0
4114,3306,0
4091,3361,0
4060,3418,0
4044,3475,0
4035,3530,0
4027,3570,0
4022,3606,0
4017,3631,0
4015,3653,1
4072,3341,0
4064,3343,0
4066,3346,0
4072,3352,0
4081,3354,0
4100,3358,0
4125,3357,0
4151,3354,0
4185,3354,1
4378,3319,0
4372,3325,0
4351,3329,0
4333,3352,0
4304,3378,0
4280,3412,0
4261,3448,0
4248,3477,0
4243,3492,0
4253,3493,0
4270,3483,0
4297,3462,0
4331,3430,0
4350,3393,0
4377,3370,0
4394,3354,0
4392,3350,0
4395,3353,0
4379,3369,0
4360,3406,0
4352,3442,1
4562,3308,0
4560,3317,0
4550,3344,0
4533,3375,0
4510,3406,0
4484,3433,0
4454,3452,0
4433,3474,0
4413,3489,0
4403,3499,0
4392,3498,0
4388,3497,0
4378,3496,0
4373,3489,0
4372,3491,0
4380,3493,0
4394,3496,1
4567,3449,0
4567,3449,0
4576,3452,0
4587,3457,0
4606,3456,0
4631,3446,0
4660,3420,0
4690,3392,0
4711,3363,0
4719,3341,0
4719,3330,0
4710,3328,0
4683,3334,0
4653,3362,0
4627,3397,0
4609,3434,0
4594,3462,0
4594,3486,0
4611,3503,0
4625,3499,0
4654,3493,1
4886,3357,0
4877,3354,0
4864,3350,0
4846,3354,0
4823,3369,0
4806,3389,0
4801,3411,0
4805,3432,0
4818,3448,0
4835,3458,0
4850,3466,0
4861,3471,0
4857,3469,0
4854,3474,0
4825,3475,0
4790,3479,0
4755,3482,0
4729,3486,0
4710,3491,0
4712,3500,0
4722,3507,1
5255,3375,0
5251,3373,0
5238,3365,0
5224,3363,0
5200,3368,0
5170,3386,0
5139,3419,0
5113,3457,0
5098,3489,0
5099,3507,0
5111,3510,0
5143,3504,0
5177,3481,1
5244,3428,0
5267,3406,0
5276,3394,0
5279,3396,0
5275,3395,0
5269,3403,0
5256,3432,0
5245,3466,1
5395,3375,0
5398,3379,0
5394,3397,0
5381,3427,0
5362,3452,0
5347,3471,0
5341,3487,0
5335,3488,0
5340,3488,0
5353,3478,0
5376,3455,0
5405,3428,0
5436,3408,0
5462,3399,0
5482,3400,0
5492,3407,0
5489,3417,0
5484,3444,0
5471,3462,0
5455,3474,0
5446,3488,1
5624,3365,0
5609,3361,0
5590,3358,0
5568,3369,0
5539,3390,0
5517,3419,0
5496,3448,0
5487,3474,0
5487,3487,0
5491,3488,0
5514,3484,0
5539,3457,0
5573,3416,0
5613,3368,0
5648,3310,0
5687,3253,0
5721,3204,0
5735,3174,0
5741,3170,0
5733,3168,0
5725,3194,0
5703,3230,0
5689,3272,0
5667,3305,0
5644,3351,0
5619,3394,0
5605,3428,0
5601,3453,0
5600,3462,1
6037,3392,0
6038,3390,0
6042,3392,0
6031,3392,0
6012,3407,0
5972,3431,0
5941,3462,0
5911,3492,0
5908,3518,0
5911,3527,0
5929,3530,0
5960,3513,0
5993,3480,1
6107,3395,0
6107,3395,0
6104,3404,0
6078,3431,0
6065,3457,0
6051,3480,0
6051,3501,0
6042,3507,1
6243,3411,0
6239,3431,0
6228,3457,0
6208,3480,0
6189,3502,0
6173,3512,0
6170,3516,0
6178,3518,0
6194,3501,0
6230,3467,0
6279,3436,0
6325,3415,0
6365,3411,0
6391,3416,0
6401,3428,0
6404,3455,0
6391,3484,0
6371,3508,0
6354,3527,0
6341,3539,0
6329,3537,1