and whistles. The ether waves
461
424,2289,0
410,2290,0
401,2292,0
392,2292,0
380,2297,0
367,2314,0
347,2421,0
364,2427,0
382,2424,0
396,2411,0
407,2385,0
414,2358,0
417,2334,0
418,2317,0
417,2313,0
415,2313,0
415,2325,0
417,2347,0
422,2381,0
430,2404,0
440,2411,0
452,2410,0
463,2401,0
475,2380,0
493,2351,0
573,2376,0
576,2393,0
579,2397,0
583,2395,0
627,2330,0
643,2309,0
658,2295,0
670,2298,0
682,2309,0
692,2330,0
702,2352,0
711,2366,0
720,2371,1
859,2289,0
854,2285,0
848,2280,0
837,2279,0
823,2289,0
805,2307,0
791,2333,0
783,2361,0
788,2377,0
803,2384,0
827,2378,0
852,2361,0
875,2323,0
895,2293,0
910,2258,0
919,2222,0
917,2178,0
914,2154,0
911,2149,0
907,2145,0
907,2154,0
907,2174,0
910,2214,0
914,2251,0
921,2287,0
930,2320,0
938,2344,0
946,2360,0
953,2369,1
1378,2219,0
1377,2219,0
1378,2219,0
1382,2231,0
1389,2254,0
1399,2280,0
1409,2299,0
1419,2310,0
1428,2304,0
1442,2294,0
1455,2267,0
1469,2236,0
1481,2205,0
1493,2187,0
1496,2178,0
1502,2185,0
1509,2207,0
1516,2236,0
1529,2257,0
1541,2266,0
1551,2268,0
1558,2258,0
1565,2241,0
1573,2218,0
1579,2193,1
1640,2043,0
1642,2063,0
1645,2095,0
1654,2139,0
1655,2176,0
1658,2208,0
1662,2232,0
1669,2243,0
1673,2237,0
1689,2224,0
1707,2198,0
1727,2179,0
1742,2174,0
1751,2179,0
1756,2195,0
1760,2215,0
1767,2234,0
1774,2248,0
1782,2258,0
1788,2260,0
1797,2257,1
1893,2195,0
1895,2199,0
1899,2207,0
1896,2221,0
1901,2244,0
1905,2256,0
1910,2262,0
1911,2262,0
1910,2253,1
1879,2029,0
1869,2024,0
1865,2021,0
1867,2024,0
1873,2036,1
2024,2164,0
2024,2165,0
2019,2162,0
2016,2164,0
2004,2165,0
1993,2171,0
1984,2183,0
1975,2187,0
1975,2191,0
1983,2198,0
1999,2203,0
2018,2207,0
2036,2212,0
2048,2219,0
2053,2226,0
2050,2232,0
2041,2241,0
2019,2241,0
2002,2250,0
1986,2252,0
1975,2248,1
2086,2053,0
2084,2053,0
2092,2072,0
2100,2100,0
2108,2137,0
2114,2174,0
2116,2200,0
2122,2228,0
2127,2244,1
2082,2190,0
2080,2186,0
2089,2187,0
2097,2178,0
2116,2174,0
2134,2164,0
2149,2155,0
2159,2150,0
2171,2148,1
2248,2053,0
2246,2053,0
2247,2058,0
2249,2075,0
2250,2107,0
2256,2146,0
2256,2178,0
2260,2209,0
2256,2224,1
2362,2241,0
2363,2240,0
2371,2234,0
2385,2221,0
2404,2205,0
2421,2189,0
2430,2173,0
2429,2159,0
2425,2152,0
2420,2150,0
2415,2154,0
2403,2162,0
2394,2182,0
2391,2208,0
2392,2227,0
2406,2236,0
2429,2240,0
2461,2239,0
2490,2229,0
2515,2217,0
2540,2203,1
2595,2138,0
2577,2136,0
2566,2145,0
2553,2154,0
2547,2164,0
2547,2174,0
2560,2184,0
2579,2190,0
2606,2195,0
2630,2203,0
2642,2207,0
2649,2213,0
2642,2213,0
2631,2221,0
2612,2226,0
2593,2229,1
2828,2231,0
2828,2231,0
2831,2230,0
2840,2232,0
2852,2234,1
3435,1977,0
3435,1983,0
3431,1995,0
3436,2027,0
3436,2065,0
3440,2105,0
3443,2139,0
3443,2164,0
3440,2179,1
3332,1996,0
3331,1997,0
3345,2000,0
3366,2000,0
3395,1994,0
3435,1990,0
3465,1984,0
3492,1981,0
3509,1978,1
3571,1974,0
3573,1985,0
3571,2007,0
3573,2040,0
3569,2070,0
3568,2104,0
3564,2123,0
3565,2135,0
3564,2136,0
3577,2132,0
3599,2117,0
3619,2099,0
3643,2093,0
3661,2096,0
3669,2105,0
3682,2121,0
3691,2135,0
3703,2146,0
3708,2152,0
3714,2152,1
3783,2140,0
3780,2137,0
3790,2128,0
3801,2113,0
3814,2096,0
3822,2078,0
3822,2063,0
3817,2055,0
3810,2053,0
3799,2054,0
3791,2065,0
3781,2087,0
3777,2113,0
3777,2133,0
3791,2148,0
3812,2152,0
3848,2150,1
4414,2108,0
4415,2105,0
4427,2093,0
4438,2074,0
4454,2053,0
4470,2034,0
4480,2015,0
4481,2004,0
4469,1993,0
4457,1988,0
4447,1991,0
4430,1997,0
4422,2014,0
4408,2036,0
4401,2065,0
4409,2092,0
4420,2105,0
4451,2114,0
4486,2111,0
4517,2097,0
4544,2081,1
4590,1889,0
4587,1895,0
4591,1913,0
4591,1941,0
4601,1973,0
4603,2003,0
4611,2034,0
4612,2057,0
4620,2076,1
4570,2034,0
4573,2036,0
4579,2040,0
4598,2041,0
4615,2034,0
4635,2022,0
4653,2005,0
4669,1982,0
4681,1957,0
4692,1936,0
4696,1918,0
4705,1909,0
4709,1911,0
4709,1919,0
4710,1944,0
4711,1978,0
4712,2012,0
4716,2039,0
4724,2056,0
4739,2064,0
4759,2061,0
4785,2052,0
4806,2038,0
4827,2033,0
4847,2035,0
4861,2044,0
4873,2056,0
4881,2067,0
4891,2074,1
5005,2060,0
5006,2058,0
5011,2046,0
5023,2032,0
5033,2019,0
5044,2005,0
5045,1995,0
5043,1986,0
5036,1983,0
5023,1984,0
5009,1993,0
4997,2010,0
4980,2026,0
4982,2052,0
4990,2072,0
5006,2084,0
5039,2091,0
5071,2089,0
5102,2080,0
5129,2068,0
5139,2055,0
5158,2044,0
5155,2031,0
5155,2023,0
5142,2012,0
5145,2005,0
5155,1993,0
5184,1988,0
5211,1985,1
5574,1957,0
5572,1961,0
5576,1964,0
5571,1974,0
5578,2000,0
5586,2024,0
5590,2045,0
5598,2058,0
5605,2060,0
5612,2055,0
5622,2041,0
5631,2017,0
5641,1993,0
5654,1972,0
5663,1959,0
5665,1955,0
5668,1960,0
5674,1976,0
5677,2002,0
5682,2022,0
5688,2038,0
5699,2045,0
5709,2042,0
5725,2031,0
5734,2011,0
5738,1987,0
5742,1966,0
5745,1947,0
5750,1936,1
5941,1949,0
5930,1945,0
5926,1943,0
5917,1944,0
5907,1948,0
5896,1968,0
5882,1993,0
5877,2018,0
5875,2034,0
5880,2041,0
5887,2034,0
5902,2018,0
5919,1999,0
5930,1978,0
5936,1963,0
5942,1959,0
5945,1961,0
5947,1977,0
5955,2004,0
5955,2024,0
5967,2039,1
6037,1956,0
6036,1956,0
6045,1968,0
6051,1987,0
6060,2007,0
6068,2022,0
6080,2035,0
6090,2041,0
6099,2041,0
6108,2029,0
6128,2009,0
6139,1979,0
6150,1959,0
6157,1940,0
6165,1927,0
6177,1918,0
6178,1915,1
6238,2034,0
6241,2037,0
6252,2031,0
6266,2017,0
6283,2003,0
6294,1984,0
6296,1965,0
6297,1951,0
6295,1943,0
6279,1940,0
6265,1944,0
6253,1956,0
6231,1971,0
6225,1996,0
6228,2014,0
6239,2032,0
6261,2039,1
6447,1943,0
6443,1942,0
6440,1940,0
6423,1940,0
6421,1946,0
6411,1952,0
6404,1961,0
6410,1978,0
6430,1992,0
6441,2000,0
6459,2008,0
6469,2017,0
6478,2026,0
6476,2033,0
6469,2043,0
6460,2053,0
6445,2061,1