wife, in the manner of midden
888
355,2977,0
355,2968,0
354,2956,0
356,2948,0
361,2941,0
365,2938,0
369,2939,0
372,2948,0
371,2972,0
361,3007,0
353,3051,0
347,3094,0
347,3136,0
348,3169,0
353,3191,0
363,3205,0
374,3204,0
386,3198,0
398,3177,0
412,3151,0
428,3113,0
441,3080,0
454,3046,0
463,3023,0
470,3012,0
470,3004,0
470,3013,0
469,3028,0
468,3057,0
468,3086,0
474,3115,0
482,3137,0
492,3143,0
503,3150,0
513,3148,0
526,3138,0
539,3115,0
553,3086,0
565,3051,0
576,3016,0
583,2986,1
612,2966,0
612,2991,0
612,3019,0
612,3055,0
611,3091,0
611,3128,0
611,3156,0
613,3177,0
617,3185,1
616,2890,0
611,2872,0
611,2861,0
612,2852,0
618,2845,1
726,3418,0
725,3393,0
726,3357,0
726,3317,0
726,3269,0
728,3216,0
731,3160,0
735,3100,0
742,3041,0
752,2982,0
766,2926,0
782,2881,0
799,2834,0
817,2803,0
834,2781,0
848,2767,0
856,2767,1
661,3035,0
662,3035,0
673,3032,0
694,3023,0
723,3011,0
756,3003,0
786,2994,0
813,2996,0
833,2998,0
851,3004,0
867,3009,0
881,3013,0
891,3011,0
897,3002,0
900,2991,0
899,2975,0
895,2955,0
889,2938,0
878,2922,0
866,2917,0
849,2911,0
832,2922,0
813,2931,0
799,2958,0
793,2991,0
795,3015,0
805,3048,0
824,3069,0
850,3091,0
880,3102,0
914,3108,0
946,3110,0
976,3103,1
1060,3129,0
1061,3136,0
1063,3148,0
1064,3164,0
1062,3185,0
1054,3209,0
1040,3245,0
1020,3271,0
999,3296,1
1330,3141,0
1331,3142,0
1334,3138,0
1337,3122,0
1346,3100,0
1356,3071,0
1369,3042,0
1381,3008,0
1390,2975,0
1400,2954,0
1404,2938,0
1403,2934,0
1404,2938,0
1401,2946,0
1397,2975,0
1390,3012,0
1386,3049,0
1385,3077,0
1391,3105,0
1401,3119,0
1411,3122,0
1423,3120,0
1435,3107,0
1450,3085,0
1465,3052,0
1484,3020,0
1501,2982,0
1517,2954,0
1528,2932,0
1537,2926,0
1538,2926,0
1537,2935,0
1532,2960,0
1522,2990,0
1515,3028,0
1508,3062,0
1501,3091,0
1497,3107,0
1498,3119,0
1499,3119,0
1503,3119,0
1509,3105,0
1521,3083,0
1537,3057,0
1556,3033,0
1572,3014,0
1583,2996,0
1595,2994,0
1600,2993,0
1606,3004,0
1607,3020,0
1610,3048,0
1614,3071,0
1623,3098,0
1638,3121,0
1655,3133,0
1675,3133,0
1696,3129,0
1715,3113,0
1727,3090,0
1727,3057,1
1469,2796,0
1452,2790,0
1449,2786,0
1450,2782,0
1459,2777,1
2053,2803,0
2051,2799,0
2051,2799,0
2051,2799,0
2053,2807,0
2051,2820,0
2046,2847,0
2036,2885,0
2019,2924,0
2005,2972,0
1990,3015,0
1976,3049,0
1971,3079,0
1968,3093,0
1970,3097,0
1974,3095,0
1976,3078,1
1906,2914,0
1914,2921,0
1934,2924,0
1959,2924,0
1988,2919,0
2018,2909,0
2048,2898,0
2075,2885,0
2093,2865,0
2108,2850,0
2116,2835,0
2118,2816,0
2119,2812,0
2119,2812,0
2117,2813,0
2113,2822,0
2107,2851,0
2098,2888,0
2088,2931,0
2079,2977,0
2070,3018,0
2067,3057,0
2063,3088,0
2056,3103,0
2055,3112,0
2056,3111,0
2058,3106,0
2063,3088,0
2073,3059,0
2082,3022,0
2099,2995,0
2116,2972,0
2132,2952,0
2145,2943,0
2156,2943,0
2161,2950,0
2166,2970,0
2169,2994,0
2173,3023,0
2179,3050,0
2190,3076,0
2200,3089,0
2215,3097,0
2231,3099,0
2250,3091,0
2269,3075,0
2285,3051,0
2298,3028,0
2306,2998,0
2310,2970,0
2308,2946,0
2304,2934,0
2295,2924,0
2287,2924,0
2277,2924,0
2272,2943,0
2268,2967,0
2270,2992,0
2278,3019,0
2294,3047,0
2315,3069,0
2339,3084,0
2364,3095,0
2391,3101,0
2418,3097,1
2738,3003,0
2743,3005,0
2748,3001,0
2758,2996,0
2772,2987,0
2788,2973,0
2803,2955,0
2818,2936,0
2834,2917,0
2845,2900,0
2849,2888,0
2852,2887,0
2852,2890,0
2849,2902,0
2845,2929,0
2842,2964,0
2836,3000,0
2828,3033,0
2825,3064,0
2823,3084,0
2825,3096,0
2827,3100,0
2828,3095,0
2831,3083,0
2835,3053,0
2849,3021,0
2866,2982,0
2888,2948,0
2908,2921,0
2927,2903,0
2940,2890,0
2951,2892,0
2956,2904,0
2957,2927,0
2953,2958,0
2945,2993,0
2936,3028,0
2926,3052,0
2924,3074,0
2922,3078,0
2925,3082,0
2922,3074,0
2928,3061,0
2935,3033,0
2953,3002,0
2969,2972,0
2984,2947,0
2996,2925,0
3008,2916,0
3012,2913,0
3016,2920,0
3017,2934,0
3025,2963,0
3026,2987,0
3036,3018,0
3045,3041,0
3060,3060,0
3080,3070,0
3103,3074,0
3125,3069,0
3151,3054,0
3177,3036,0
3203,3016,0
3223,2992,0
3239,2965,0
3255,2942,0
3259,2917,0
3262,2900,0
3257,2888,0
3245,2883,0
3228,2886,0
3211,2905,0
3183,2931,0
3158,2965,0
3139,3004,0
3127,3037,0
3125,3063,0
3133,3082,0
3141,3087,0
3150,3085,0
3164,3075,0
3178,3055,0
3193,3025,0
3209,2992,0
3225,2960,0
3238,2935,0
3244,2914,0
3247,2902,0
3248,2902,0
3250,2905,0
3247,2917,0
3243,2946,0
3234,2978,0
3232,3016,0
3233,3049,0
3238,3076,0
3247,3094,0
3257,3100,0
3279,3105,0
3296,3092,0
3317,3071,0
3342,3041,0
3373,3011,0
3399,2980,0
3422,2950,0
3438,2926,0
3452,2914,0
3460,2912,0
3458,2914,0
3456,2927,0
3450,2953,0
3439,2982,0
3430,3017,0
3424,3047,0
3425,3073,0
3427,3086,0
3436,3095,0
3449,3094,0
3467,3084,0
3495,3066,0
3518,3036,0
3543,3004,0
3565,2970,0
3583,2938,0
3597,2913,0
3609,2897,0
3614,2893,0
3616,2896,0
3616,2907,0
3611,2928,0
3605,2960,0
3597,2994,0
3588,3029,0
3585,3064,0
3583,3091,0
3580,3104,0
3585,3110,0
3589,3108,0
3600,3098,0
3617,3078,0
3636,3045,0
3657,3011,0
3679,2980,0
3701,2953,0
3718,2932,0
3737,2919,0
3752,2915,0
3760,2919,0
3764,2931,0
3762,2956,0
3755,2984,0
3749,3018,0
3742,3052,0
3731,3074,0
3725,3089,0
3725,3095,0
3725,3095,0
3728,3093,0
3728,3075,0
3738,3049,0
3751,3027,0
3766,3001,0
3780,2984,0
3790,2968,0
3800,2963,0
3802,2961,0
3808,2967,0
3817,2981,0
3822,2998,0
3831,3017,0
3843,3033,0
3858,3047,0
3875,3053,0
3896,3054,0
3918,3049,0
3936,3037,0
3952,3015,0
3971,2991,0
3983,2967,0
3985,2943,0
3981,2922,0
3978,2914,0
3966,2909,0
3955,2910,0
3942,2923,0
3931,2946,0
3926,2975,0
3920,3004,0
3925,3036,0
3934,3062,0
3951,3084,0
3971,3100,0
3991,3108,0
4008,3107,0
4028,3099,0
4051,3087,0
4068,3064,0
4086,3040,0
4100,3013,0
4107,2987,0
4114,2968,0
4114,2951,0
4114,2945,0
4114,2946,0
4113,2952,0
4109,2968,0
4103,2992,0
4101,3018,0
4094,3042,0
4092,3062,0
4093,3078,0
4089,3082,0
4088,3083,0
4087,3078,0
4092,3067,0
4097,3045,0
4103,3016,0
4111,2984,0
4123,2953,0
4138,2924,0
4156,2899,0
4176,2876,0
4202,2857,0
4229,2844,0
4255,2838,1
4615,2948,0
4616,2947,0
4614,2943,0
4611,2940,0
4607,2938,0
4596,2938,0
4583,2948,0
4570,2973,0
4551,3001,0
4541,3033,0
4538,3062,0
4536,3081,0
4553,3100,0
4562,3106,0
4581,3110,0
4594,3107,0
4609,3100,0
4618,3084,0
4628,3066,0
4632,3041,0
4632,3017,0
4631,2998,0
4620,2979,0
4615,2967,0
4609,2960,0
4609,2960,0
4610,2961,0
4609,2967,0
4618,2982,0
4632,2996,0
4652,3004,0
4678,3009,0
4711,3007,0
4743,2997,0
4777,2980,0
4806,2954,0
4841,2921,0
4869,2883,0
4893,2847,0
4903,2812,0
4913,2784,0
4915,2760,0
4914,2748,0
4907,2743,0
4904,2748,0
4891,2766,0
4879,2805,0
4866,2859,0
4852,2920,0
4844,2992,0
4834,3064,0
4824,3140,0
4816,3209,0
4814,3273,0
4816,3320,0
4816,3352,0
4818,3368,0
4823,3374,0
4821,3366,0
4823,3343,0
4825,3304,0
4828,3263,0
4825,3216,0
4821,3170,0
4819,3121,0
4818,3077,0
4815,3036,0
4812,3006,0
4804,2984,0
4799,2971,0
4793,2965,0
4796,2967,0
4793,2972,0
4804,2990,0
4816,3008,0
4833,3025,0
4859,3044,0
4886,3054,0
4917,3059,0
4948,3059,0
4977,3052,1
5306,2989,0
5297,2995,0
5303,3001,0
5313,3001,0
5330,2996,0
5354,2982,0
5373,2960,0
5392,2936,0
5407,2914,0
5416,2892,0
5417,2875,0
5421,2870,0
5421,2869,0
5424,2873,0
5421,2890,0
5419,2924,0
5414,2963,0
5409,3006,0
5401,3048,0
5392,3082,0
5393,3110,0
5393,3124,0
5395,3128,0
5397,3126,0
5402,3117,0
5413,3094,0
5427,3059,0
5446,3023,0
5461,2985,0
5480,2956,0
5495,2933,0
5505,2923,0
5511,2922,0
5510,2924,0
5517,2942,0
5512,2965,0
5511,2996,0
5508,3023,0
5506,3049,0
5501,3064,0
5501,3071,0
5503,3074,0
5506,3071,0
5510,3057,0
5525,3034,0
5540,3004,0
5552,2977,0
5569,2958,0
5570,2947,0
5574,2948,0
5573,2949,0
5577,2960,0
5579,2979,0
5584,3001,0
5598,3024,0
5611,3040,0
5628,3052,0
5644,3055,0
5664,3054,0
5682,3047,0
5694,3028,0
5711,3008,0
5723,2981,0
5729,2955,0
5735,2937,0
5735,2929,0
5736,2928,0
5735,2931,0
5731,2944,0
5730,2971,0
5725,3001,0
5723,3035,0
5725,3069,0
5728,3095,0
5735,3115,0
5739,3123,0
5744,3122,1
5788,2837,0
5787,2833,0
5786,2828,0
5791,2825,0
5793,2821,1
5981,2977,0
5962,2961,0
5943,2948,0
5919,2941,0
5891,2941,0
5870,2954,0
5844,2975,0
5827,3002,0
5816,3029,0
5810,3053,0
5813,3071,0
5823,3086,0
5832,3088,0
5845,3088,0
5861,3077,0
5884,3056,0
5906,3027,0
5924,2994,0
5938,2962,0
5956,2931,0
5960,2900,1
5998,2746,0
5997,2748,0
5992,2758,0
5986,2779,0
5974,2809,0
5957,2847,0
5945,2894,0
5932,2941,0
5921,2992,0
5920,3041,0
5922,3084,0
5932,3122,0
5943,3151,1
6143,3088,0
6149,3086,0
6145,3078,0
6150,3069,0
6150,3060,0
6144,3046,0
6141,3035,0
6133,3024,0
6123,3019,0
6112,3022,0
6092,3031,0
6074,3055,0
6058,3082,0
6042,3110,0
6039,3138,0
6045,3160,0
6056,3174,0
6068,3176,0
6085,3171,0
6099,3154,0
6122,3124,0
6142,3082,0
6165,3034,0
6182,2987,0
6193,2934,0
6205,2886,0
6206,2840,0
6208,2801,0
6205,2773,0
6207,2760,0
6204,2757,0
6198,2760,0
6190,2784,0
6186,2827,0
6176,2880,0
6169,2934,0
6166,2990,0
6164,3045,0
6162,3088,0
6161,3121,0
6167,3144,0
6169,3154,0
6177,3157,0
6182,3150,0
6196,3132,0
6208,3103,0
6220,3075,0
6226,3047,0
6232,3028,0
6235,3015,0
6237,3011,0
6236,3012,0
6236,3013,0
6247,3025,0
6255,3035,0
6268,3046,0
6285,3057,0
6295,3062,0
6302,3059,0
6307,3057,0
6310,3044,0
6319,3028,0
6321,3006,0
6322,2988,0
6317,2972,0
6306,2959,0
6292,2952,0
6275,2949,0
6261,2958,0
6244,2973,0
6228,2994,0
6221,3023,0
6219,3052,0
6221,3081,0
6229,3107,0
6237,3134,0
6249,3153,0
6266,3171,0
6281,3185,0
6298,3196,0
6314,3200,0
6325,3204,0
6336,3209,0
6341,3208,0
6342,3207,0
6343,3206,0
6343,3205,0
6344,3204,0
6341,3201,0
6342,3199,0
6341,3201,0
6343,3198,0
6345,3203,0
6345,3203,0
6339,3204,0
6343,3206,0
6341,3208,0
6342,3207,0
6342,3207,0
6341,3208,0
6341,3208,0
6341,3209,0
6341,3210,0
6341,3209,0
6341,3210,0
6337,3208,0
6337,3208,0
6338,3207,0
6338,3207,0
6341,3209,0
6337,3208,0
6337,3208,0
6336,3211,0
6339,3213,0
6338,3214,0
6338,3214,0
6338,3214,0
6334,3214,0
6334,3214,0
6338,3216,0
6337,3216,0
6336,3217,0
6336,3218,0
6337,3216,0
6336,3218,0
6332,3216,0
6332,3216,0
6334,3214,0
6336,3217,0
6337,3216,0
6337,3215,0
6338,3214,0
6338,3214,0
6338,3214,0
6338,3214,0
6339,3211,0
6339,3213,0
6336,3210,0
6336,3209,0
6343,3206,0
6346,3202,0
6353,3197,0
6360,3192,0
6369,3185,0
6377,3178,0
6384,3173,0
6387,3168,0
6391,3163,0
6394,3158,0
6395,3156,0
6396,3153,0
6391,3152,1
6387,3160,0
6387,3161,0
6387,3160,0
6384,3158,0
6384,3149,0
6391,3130,0
6396,3112,0
6408,3090,0
6418,3063,0
6428,3036,0
6446,3011,0
6463,2987,0
6486,2970,0
6497,2956,0
6512,2954,0
6515,2956,0
6517,2970,0
6511,2990,0
6508,3021,0
6496,3053,0
6489,3093,0
6486,3131,0
6485,3158,0
6484,3175,0
6488,3184,0
6493,3185,0
6494,3157,0
6507,3126,0
6522,3091,0
6534,3059,0
6558,3029,0
6577,3001,0
6597,2982,0
6616,2970,0
6630,2968,0
6633,2972,0
6640,2984,0
6644,3004,0
6643,3030,0
6641,3062,0
6638,3093,0
6640,3123,0
6640,3148,0
6645,3166,0
6652,3177,0
6662,3182,0
6676,3183,0
6691,3174,0
6712,3160,0
6740,3139,0
6763,3115,0
6787,3091,1