bad this mouth. The Mos had refused
832
1129,3293,0
1124,3292,0
1124,3300,0
1122,3308,0
1123,3329,0
1128,3361,0
1133,3388,0
1138,3424,0
1143,3464,0
1145,3496,0
1148,3527,0
1148,3552,0
1148,3572,0
1150,3580,0
1150,3576,0
1150,3572,0
1152,3556,0
1155,3536,0
1158,3515,0
1168,3500,0
1179,3483,0
1192,3471,0
1206,3458,0
1221,3454,0
1237,3461,0
1248,3468,0
1257,3484,0
1259,3500,0
1257,3520,0
1251,3540,0
1240,3556,0
1226,3569,0
1209,3578,0
1192,3578,0
1177,3579,0
1168,3579,0
1162,3567,1
1413,3452,0
1405,3452,0
1394,3445,0
1381,3443,0
1367,3444,0
1353,3445,0
1341,3450,0
1329,3463,0
1319,3476,0
1315,3496,0
1316,3520,0
1320,3536,0
1330,3551,0
1343,3559,0
1356,3561,0
1368,3560,0
1380,3555,0
1388,3539,0
1394,3525,0
1397,3506,0
1397,3490,0
1395,3474,0
1394,3465,0
1389,3458,0
1388,3458,0
1388,3458,0
1388,3458,0
1390,3462,0
1400,3477,0
1411,3500,0
1422,3519,0
1432,3539,0
1442,3557,1
1546,3504,0
1544,3496,0
1538,3485,0
1532,3482,0
1522,3475,0
1511,3472,0
1500,3474,0
1491,3483,0
1481,3492,0
1476,3505,0
1474,3521,0
1476,3533,0
1484,3549,0
1493,3551,0
1503,3550,0
1514,3549,0
1523,3535,0
1532,3518,0
1539,3493,0
1544,3472,0
1542,3444,0
1541,3416,0
1541,3387,0
1539,3359,0
1538,3335,0
1533,3312,0
1529,3300,0
1527,3296,0
1527,3300,0
1527,3301,0
1529,3313,0
1535,3337,0
1541,3367,0
1548,3407,0
1553,3446,0
1558,3486,0
1563,3522,0
1566,3554,0
1567,3578,0
1566,3594,0
1565,3602,1
1873,3327,0
1872,3322,0
1872,3322,0
1871,3323,0
1870,3323,0
1872,3339,0
1875,3363,0
1882,3395,0
1883,3423,0
1886,3455,0
1889,3483,0
1894,3510,0
1900,3535,0
1906,3557,0
1911,3577,0
1912,3585,0
1910,3585,1
1823,3449,0
1824,3449,0
1833,3451,0
1846,3452,0
1867,3460,0
1886,3460,0
1901,3455,0
1919,3455,0
1934,3455,1
1974,3333,0
1974,3333,0
1979,3339,0
1985,3355,0
1995,3385,0
2002,3411,0
2010,3443,0
2015,3474,0
2022,3502,0
2029,3525,0
2032,3532,0
2035,3535,0
2038,3535,0
2041,3518,0
2047,3499,0
2053,3480,0
2060,3462,0
2067,3447,0
2074,3445,0
2080,3443,0
2089,3449,0
2099,3462,0
2108,3476,0
2118,3495,0
2121,3510,0
2123,3526,0
2125,3542,0
2128,3554,0
2132,3553,1
2172,3469,0
2173,3468,0
2175,3472,0
2176,3476,0
2179,3487,0
2183,3503,0
2188,3526,0
2193,3546,0
2195,3562,0
2196,3571,0
2196,3571,0
2193,3562,1
2146,3359,0
2146,3359,0
2145,3356,0
2149,3363,0
2155,3373,1
2319,3442,0
2319,3442,0
2319,3438,0
2311,3431,0
2304,3430,0
2295,3429,0
2288,3428,0
2287,3437,0
2287,3445,0
2290,3457,0
2299,3470,0
2311,3484,0
2323,3496,0
2334,3509,0
2342,3523,0
2345,3535,0
2342,3540,0
2338,3546,0
2329,3545,0
2314,3538,0
2297,3531,0
2281,3524,0
2268,3516,0
2259,3515,0
2255,3512,1
2558,3390,0
2557,3390,0
2557,3390,0
2560,3394,0
2562,3406,0
2567,3429,0
2569,3455,0
2572,3480,0
2574,3501,0
2575,3514,0
2578,3525,0
2578,3525,0
2580,3525,0
2580,3520,0
2579,3498,0
2581,3471,0
2587,3447,0
2592,3426,0
2597,3411,0
2600,3406,0
2602,3409,0
2607,3416,0
2616,3433,0
2623,3448,0
2630,3462,0
2639,3476,0
2643,3483,0
2649,3488,0
2651,3483,0
2655,3472,0
2663,3455,0
2673,3438,0
2680,3420,0
2688,3412,0
2692,3409,0
2697,3412,0
2702,3419,0
2712,3436,0
2718,3455,0
2724,3474,0
2731,3498,1
2784,3452,0
2783,3449,0
2782,3445,0
2780,3446,0
2778,3447,0
2780,3459,0
2783,3472,0
2788,3482,0
2800,3490,0
2813,3491,0
2825,3486,0
2840,3478,0
2854,3465,0
2861,3448,0
2867,3427,0
2866,3409,0
2858,3395,0
2850,3390,0
2839,3387,0
2828,3393,0
2815,3404,0
2809,3421,0
2800,3435,0
2804,3456,0
2810,3462,1
2919,3397,0
2916,3399,0
2922,3414,0
2926,3430,0
2933,3445,0
2942,3462,0
2950,3472,0
2960,3479,0
2970,3484,0
2977,3480,0
2986,3475,0
2992,3457,0
3002,3442,0
3006,3426,0
3010,3419,0
3013,3417,0
3012,3418,0
3015,3421,0
3013,3421,0
3018,3433,0
3023,3453,0
3029,3473,0
3030,3490,0
3037,3510,0
3042,3521,1
3077,3241,0
3075,3238,0
3078,3240,0
3078,3244,0
3081,3257,0
3086,3277,0
3091,3303,0
3095,3333,0
3102,3368,0
3109,3406,0
3115,3440,0
3120,3474,0
3128,3507,0
3132,3532,0
3134,3549,0
3137,3561,0
3135,3558,1
3054,3402,0
3048,3396,0
3043,3390,0
3044,3389,0
3046,3388,0
3058,3390,0
3073,3390,0
3091,3392,0
3112,3395,0
3129,3392,0
3142,3390,0
3155,3385,0
3163,3376,1
3176,3243,0
3176,3243,0
3179,3245,0
3187,3259,0
3194,3278,0
3202,3301,0
3211,3329,0
3219,3362,0
3224,3388,0
3230,3413,0
3239,3436,0
3243,3448,0
3247,3455,0
3250,3457,0
3248,3453,0
3252,3451,0
3255,3436,0
3259,3423,0
3270,3420,0
3276,3415,0
3285,3415,0
3295,3418,0
3307,3428,0
3316,3442,0
3323,3456,0
3329,3472,0
3329,3481,0
3324,3489,0
3317,3489,1
3425,3503,0
3425,3503,0
3422,3500,0
3425,3503,0
3425,3503,0
3425,3503,0
3422,3500,0
3423,3499,0
3425,3503,0
3422,3500,0
3423,3503,0
3420,3501,0
3419,3501,0
3422,3510,0
3421,3510,0
3421,3510,0
3421,3510,1
3724,3208,0
3728,3210,0
3727,3211,0
3732,3227,0
3734,3246,0
3742,3276,0
3753,3309,0
3757,3343,0
3761,3381,0
3771,3420,0
3776,3452,0
3783,3477,0
3786,3495,1
3608,3228,0
3611,3230,0
3609,3226,0
3620,3228,0
3641,3232,0
3661,3230,0
3687,3229,0
3712,3228,0
3736,3228,0
3758,3230,0
3776,3231,0
3794,3231,0
3802,3223,1
3834,3200,0
3835,3206,0
3833,3218,0
3839,3240,0
3845,3267,0
3851,3298,0
3858,3330,0
3863,3363,0
3866,3387,0
3871,3409,0
3871,3419,0
3875,3426,0
3876,3425,0
3877,3424,0
3880,3411,0
3885,3396,0
3889,3377,0
3894,3356,0
3901,3339,0
3907,3329,0
3914,3327,0
3920,3329,0
3927,3339,0
3936,3356,0
3949,3383,0
3954,3410,0
3964,3438,0
3966,3457,0
3970,3471,1
4020,3432,0
4027,3431,0
4036,3427,0
4047,3424,0
4060,3418,0
4070,3407,0
4081,3398,0
4087,3387,0
4086,3376,0
4083,3368,0
4076,3359,0
4065,3351,0
4053,3346,0
4045,3349,0
4035,3354,0
4025,3362,0
4015,3376,0
4013,3401,0
4015,3426,0
4019,3449,0
4034,3467,0
4058,3478,0
4085,3481,0
4114,3476,0
4140,3468,1
4336,3240,0
4338,3244,0
4340,3248,0
4342,3257,0
4346,3270,0
4349,3284,0
4354,3303,0
4355,3325,0
4359,3349,0
4360,3376,0
4364,3402,0
4367,3428,0
4372,3450,0
4372,3467,0
4375,3481,0
4374,3493,0
4371,3497,1
4341,3235,0
4345,3238,0
4345,3238,0
4354,3245,0
4363,3259,0
4372,3272,0
4386,3287,0
4398,3298,0
4408,3304,0
4421,3307,0
4430,3298,0
4445,3287,0
4457,3269,0
4469,3250,0
4481,3237,0
4484,3221,0
4488,3217,0
4488,3217,0
4488,3218,0
4488,3229,0
4490,3257,0
4490,3291,0
4490,3327,0
4492,3366,0
4495,3404,0
4499,3434,0
4509,3465,0
4517,3485,0
4524,3501,1
4553,3394,0
4553,3401,0
4560,3416,0
4567,3432,0
4581,3447,0
4593,3457,0
4607,3460,0
4626,3462,0
4638,3456,0
4646,3441,0
4652,3424,0
4652,3405,0
4648,3385,0
4640,3370,0
4629,3359,0
4616,3355,0
4603,3353,0
4589,3356,0
4577,3363,0
4567,3373,0
4561,3386,1
4770,3339,0
4763,3334,0
4758,3333,0
4748,3333,0
4739,3337,0
4730,3341,0
4726,3353,0
4724,3366,0
4728,3380,0
4733,3392,0
4746,3407,0
4756,3421,0
4771,3435,0
4773,3444,0
4773,3450,0
4769,3454,0
4764,3460,0
4750,3457,0
4737,3455,0
4725,3450,0
4711,3441,1
4975,3168,0
4975,3169,0
4979,3176,0
4984,3189,0
4992,3211,0
4994,3235,0
5000,3267,0
4999,3300,0
5004,3339,0
5003,3371,0
5003,3397,0
5009,3420,0
5012,3436,0
5013,3440,0
5016,3443,0
5017,3442,0
5017,3436,0
5017,3418,0
5024,3397,0
5031,3374,0
5047,3361,0
5057,3349,0
5067,3342,0
5082,3343,0
5093,3349,0
5110,3366,0
5119,3381,0
5129,3401,0
5130,3418,1
5218,3364,0
5215,3361,0
5208,3357,0
5203,3358,0
5193,3358,0
5186,3366,0
5178,3377,0
5173,3390,0
5174,3408,0
5178,3423,0
5186,3437,0
5192,3443,0
5200,3445,0
5211,3445,0
5217,3437,0
5226,3426,0
5232,3411,0
5236,3395,0
5233,3377,0
5233,3365,0
5231,3354,0
5231,3354,0
5231,3354,0
5231,3354,0
5233,3358,0
5240,3374,0
5248,3391,0
5260,3409,0
5269,3422,1
5357,3380,0
5357,3380,0
5350,3376,0
5346,3375,0
5341,3375,0
5335,3382,0
5330,3395,0
5325,3409,0
5327,3426,0
5329,3437,0
5336,3447,0
5343,3451,0
5354,3450,0
5366,3441,0
5377,3427,0
5384,3404,0
5389,3377,0
5391,3348,0
5395,3322,0
5390,3293,0
5392,3272,0
5387,3252,0
5380,3233,0
5376,3224,0
5373,3221,0
5370,3221,0
5367,3223,0
5371,3240,0
5373,3264,0
5379,3296,0
5388,3332,0
5397,3366,0
5401,3395,0
5409,3424,0
5409,3445,0
5407,3459,0
5400,3462,1
5627,3355,0
5632,3361,0
5636,3377,0
5641,3398,0
5644,3414,0
5651,3433,0
5653,3451,0
5656,3466,0
5656,3474,0
5655,3474,0
5659,3476,0
5658,3469,0
5653,3449,0
5651,3426,0
5646,3404,0
5646,3390,0
5646,3378,0
5648,3367,0
5648,3359,0
5657,3355,0
5664,3351,0
5682,3347,0
5701,3348,0
5713,3350,0
5725,3355,1
5805,3421,0
5809,3422,0
5819,3422,0
5827,3418,0
5836,3412,0
5839,3401,0
5844,3392,0
5845,3385,0
5836,3375,0
5834,3372,0
5827,3369,0
5817,3368,0
5802,3370,0
5791,3378,0
5779,3389,0
5765,3401,0
5763,3419,0
5758,3432,0
5770,3451,0
5790,3464,0
5809,3472,0
5836,3476,0
5858,3472,0
5880,3462,0
5896,3444,1
5997,3223,0
5994,3211,0
5989,3197,0
5985,3188,0
5981,3180,0
5977,3179,0
5968,3178,0
5966,3189,0
5960,3206,0
5954,3232,0
5948,3263,0
5945,3304,0
5950,3349,0
5955,3392,0
5958,3430,0
5968,3467,0
5973,3494,0
5973,3515,0
5975,3527,0
5974,3529,0
5972,3525,1
5909,3388,0
5906,3385,0
5911,3386,0
5915,3387,0
5926,3391,0
5942,3397,0
5963,3402,0
5981,3404,0
5996,3402,0
6013,3399,0
6023,3390,0
6031,3378,0
6034,3366,0
6042,3361,0
6040,3356,0
6039,3358,0
6039,3359,0
6041,3371,0
6042,3390,0
6049,3410,0
6054,3431,0
6066,3449,0
6078,3460,0
6089,3466,0
6097,3466,0
6103,3459,0
6113,3443,0
6119,3419,0
6128,3397,0
6129,3380,0
6136,3371,0
6138,3368,0
6137,3368,0
6138,3368,0
6142,3375,0
6143,3390,0
6148,3409,0
6150,3428,0
6157,3448,0
6162,3463,0
6169,3473,1
6253,3357,0
6248,3349,0
6237,3337,0
6225,3332,0
6213,3329,0
6201,3334,0
6192,3341,0
6191,3356,0
6195,3374,0
6203,3391,0
6216,3408,0
6236,3429,0
6247,3443,0
6251,3450,0
6252,3455,0
6250,3459,0
6240,3459,0
6228,3457,0
6213,3449,0
6199,3442,0
6189,3435,1
6321,3422,0
6328,3418,0
6343,3415,0
6351,3410,0
6360,3404,0
6368,3397,0
6371,3386,0
6373,3375,0
6373,3367,0
6370,3358,0
6364,3352,0
6356,3349,0
6351,3349,0
6341,3351,0
6328,3357,0
6321,3368,0
6317,3382,0
6321,3399,0
6321,3414,0
6334,3431,0
6348,3445,0
6363,3454,0
6382,3460,0
6397,3457,0
6416,3450,1
6469,3386,0
6458,3381,0
6457,3382,0
6447,3383,0
6439,3389,0
6429,3399,0
6420,3411,0
6420,3427,0
6418,3439,0
6421,3449,0
6425,3457,0
6432,3462,0
6445,3463,0
6454,3457,0
6470,3445,0
6481,3427,0
6493,3408,0
6502,3387,0
6502,3361,0
6505,3332,0
6505,3302,0
6502,3273,0
6498,3250,0
6494,3232,0
6490,3222,0
6483,3217,0
6484,3216,0
6488,3218,0
6485,3233,0
6491,3262,0
6490,3295,0
6498,3337,0
6500,3373,0
6507,3409,0
6511,3441,0
6509,3467,1