through the membrane
458
1247,3072,0
1244,3068,0
1246,3071,0
1247,3076,0
1246,3076,0
1247,3092,0
1249,3124,0
1251,3164,0
1259,3220,0
1269,3271,0
1283,3326,0
1294,3370,0
1300,3390,1
1163,3320,0
1160,3320,0
1163,3320,0
1175,3315,0
1195,3302,0
1223,3293,0
1251,3276,0
1276,3262,0
1295,3249,1
1410,3046,0
1402,3042,0
1411,3115,0
1417,3158,0
1421,3202,0
1421,3245,0
1418,3290,0
1415,3335,0
1416,3366,0
1423,3382,0
1431,3381,0
1446,3372,0
1461,3346,0
1479,3312,0
1502,3272,0
1566,3226,0
1582,3236,0
1592,3246,0
1599,3266,0
1602,3293,0
1606,3321,0
1610,3345,0
1614,3352,1
1708,3237,0
1709,3240,0
1707,3241,0
1710,3257,0
1713,3281,0
1719,3304,0
1721,3320,0
1726,3335,0
1730,3347,0
1728,3347,0
1728,3347,0
1725,3339,0
1722,3324,0
1719,3300,0
1722,3275,0
1730,3252,0
1742,3233,0
1760,3226,0
1778,3209,0
1802,3204,0
1824,3203,1
2012,3209,0
2009,3205,0
2003,3204,0
1992,3202,0
1975,3204,0
1951,3211,0
1929,3228,0
1907,3247,0
1889,3277,0
1879,3300,0
1884,3320,0
1902,3332,0
1930,3332,0
1960,3325,0
1980,3310,0
1995,3281,0
2007,3256,0
2012,3230,0
2009,3214,0
2002,3208,0
1997,3209,1
2113,3197,0
2114,3202,0
2109,3202,0
2104,3213,0
2099,3223,0
2094,3241,0
2092,3264,0
2094,3293,0
2101,3310,0
2114,3319,0
2133,3322,0
2149,3308,0
2171,3288,0
2188,3260,0
2203,3225,0
2222,3205,0
2230,3189,0
2236,3192,0
2235,3191,0
2236,3199,0
2236,3216,0
2238,3250,0
2239,3280,0
2249,3305,0
2258,3319,1
2497,3197,0
2499,3197,0
2496,3189,0
2492,3182,0
2481,3170,0
2465,3163,0
2441,3166,0
2415,3186,0
2384,3214,0
2354,3243,0
2334,3277,0
2326,3298,0
2338,3314,0
2357,3310,0
2390,3302,0
2417,3278,0
2446,3255,0
2470,3228,0
2491,3205,0
2506,3193,0
2513,3190,0
2514,3194,0
2512,3195,0
2509,3201,0
2506,3211,0
2507,3241,0
2504,3265,0
2507,3294,0
2514,3330,0
2523,3357,0
2533,3383,0
2542,3402,0
2549,3424,0
2545,3440,0
2528,3443,0
2510,3450,0
2483,3449,0
2456,3439,0
2437,3421,0
2425,3396,0
2415,3361,1
2591,3025,0
2591,3026,0
2596,3037,0
2607,3058,0
2615,3090,0
2620,3124,0
2621,3150,0
2626,3175,0
2632,3189,0
2639,3194,0
2647,3194,0
2660,3193,0
2675,3181,0
2694,3166,0
2711,3144,0
2730,3123,0
2748,3114,0
2758,3107,0
2763,3104,0
2770,3110,0
2774,3117,0
2782,3135,0
2788,3160,0
2793,3185,0
2792,3198,1
2994,2980,0
2999,2976,0
3002,2974,0
3008,2979,0
3016,2989,0
3019,3001,0
3026,3025,0
3035,3057,0
3045,3093,0
3052,3124,0
3058,3153,0
3059,3175,0
3060,3194,1
2994,3151,0
2995,3151,0
2994,3147,0
3006,3148,0
3023,3147,0
3045,3142,0
3073,3134,0
3096,3122,1
3124,2941,0
3124,2945,0
3129,2958,0
3135,2982,0
3144,3021,0
3153,3063,0
3158,3103,0
3164,3139,0
3168,3165,0
3176,3183,0
3185,3193,0
3189,3189,0
3203,3180,0
3219,3158,0
3235,3132,0
3251,3121,0
3262,3117,0
3269,3117,0
3279,3120,0
3285,3125,0
3291,3136,0
3294,3148,0
3303,3166,0
3313,3179,0
3330,3186,0
3345,3185,0
3363,3181,0
3387,3173,0
3409,3156,0
3434,3141,0
3450,3124,0
3454,3106,0
3457,3093,0
3453,3086,0
3436,3078,0
3418,3083,0
3395,3095,0
3380,3117,0
3373,3139,0
3387,3163,0
3412,3185,0
3452,3199,0
3494,3202,0
3530,3193,0
3567,3188,1
4004,3066,0
4005,3076,0
4007,3091,0
4012,3115,0
4020,3141,0
4029,3160,0
4037,3169,0
4048,3169,0
4062,3161,0
4081,3148,0
4097,3124,0
4116,3100,0
4136,3078,0
4151,3064,0
4160,3060,0
4168,3064,0
4174,3074,0
4176,3089,0
4181,3107,0
4188,3123,0
4193,3129,0
4205,3128,0
4221,3118,0
4246,3098,0
4267,3068,0
4292,3040,0
4313,3029,0
4327,3025,0
4338,3030,0
4348,3043,0
4356,3065,0
4365,3091,0
4377,3113,0
4393,3126,0
4408,3132,0
4418,3128,0
4425,3119,1
4488,3096,0
4493,3096,0
4507,3092,0
4521,3081,0
4538,3069,0
4550,3053,0
4556,3039,0
4558,3031,0
4551,3027,0
4537,3031,0
4510,3038,0
4486,3055,0
4470,3074,0
4456,3090,0
4451,3102,0
4461,3115,0
4479,3124,0
4508,3128,0
4544,3123,0
4573,3107,0
4599,3088,1
4637,3042,0
4636,3042,0
4638,3047,0
4643,3059,0
4648,3073,0
4655,3090,0
4661,3107,0
4666,3120,0
4673,3124,0
4685,3122,0
4698,3112,0
4715,3098,0
4733,3076,0
4748,3049,0
4766,3033,0
4775,3028,0
4782,3032,0
4791,3040,0
4794,3050,0
4796,3066,0
4800,3088,0
4808,3104,0
4814,3109,0
4821,3106,0
4829,3095,0
4844,3083,0
4859,3064,0
4876,3041,0
4895,3023,0
4906,3014,0
4920,3016,0
4929,3023,0
4936,3035,0
4939,3057,0
4950,3082,0
4956,3102,0
4963,3111,1
5031,2852,0
5031,2852,0
5035,2861,0
5041,2881,0
5047,2914,0
5050,2952,0
5050,2994,0
5051,3033,0
5050,3062,0
5055,3081,0
5059,3091,0
5060,3089,0
5072,3086,0
5081,3067,0
5102,3045,0
5122,3023,0
5143,3015,0
5156,3008,0
5175,3011,0
5185,3016,0
5196,3030,0
5202,3047,0
5200,3065,0
5194,3081,0
5183,3096,0
5167,3105,0
5143,3111,0
5115,3108,0
5091,3101,1
5262,3025,0
5266,3026,0
5265,3027,0
5270,3035,0
5273,3045,0
5276,3062,0
5275,3083,0
5284,3119,0
5286,3123,0
5287,3122,0
5282,3095,0
5280,3070,0
5277,3046,0
5280,3028,0
5286,3019,0
5298,3013,0
5315,3011,0
5335,3010,0
5356,3014,1
5529,3042,0
5532,3037,0
5528,3029,0
5446,3044,0
5426,3059,0
5419,3080,0
5419,3094,0
5434,3105,0
5451,3110,0
5479,3104,0
5506,3093,1
5527,3075,0
5542,3060,0
5558,3042,0
5560,3032,0
5563,3033,0
5561,3036,0
5559,3040,0
5566,3060,0
5570,3083,0
5587,3100,1
5639,3018,0
5642,3022,0
5640,3024,0
5644,3040,0
5651,3059,0
5656,3081,0
5667,3095,0
5672,3100,0
5682,3100,0
5689,3096,0
5704,3087,0
5716,3069,0
5733,3050,0
5753,3033,0
5769,3021,0
5779,3019,0
5796,3022,0
5812,3027,0
5820,3036,0
5832,3049,0
5839,3060,0
5846,3079,0
5849,3089,0
5858,3099,0
5862,3099,1
5918,3076,0
5923,3074,0
5937,3075,0
5950,3069,0
5969,3061,0
5995,3048,0
6017,3035,0
6034,3020,0
6046,3008,0
6050,3001,0
6044,2996,0
6036,2994,0
6017,2994,0
5993,3004,0
5959,3015,0
5933,3028,0
5919,3044,0
5910,3059,0
5909,3076,0
5923,3092,0
5946,3107,0
5986,3117,0
6023,3119,0
6067,3116,0
6103,3108,1