together with professors and their
523
927,1737,0
925,1741,0
923,1761,0
924,1789,0
928,1830,0
927,1870,0
923,1925,0
917,1978,0
914,2017,0
915,2038,0
917,2046,0
918,2034,0
913,2013,1
871,1904,0
855,1899,0
856,1903,0
863,1895,0
881,1889,0
903,1876,0
926,1866,0
945,1855,0
963,1857,1
1068,1961,0
1055,1981,0
1039,1984,0
1031,1984,0
1025,1972,0
1019,1940,0
1022,1904,0
1032,1876,0
1047,1856,0
1067,1845,0
1090,1845,0
1105,1845,0
1117,1860,0
1115,1880,0
1104,1913,0
1088,1956,0
1067,1985,0
1054,2001,0
1048,2001,0
1048,1993,0
1052,1968,1
1286,1844,0
1285,1845,0
1281,1845,0
1268,1842,0
1254,1852,0
1233,1865,0
1220,1899,0
1208,1925,0
1207,1961,0
1212,1988,0
1218,1991,0
1231,1990,0
1246,1973,0
1259,1940,0
1267,1899,0
1277,1870,0
1283,1860,0
1289,1867,0
1295,1891,0
1300,1931,0
1303,1988,0
1295,2040,0
1281,2094,0
1260,2128,0
1233,2143,0
1204,2145,0
1175,2130,0
1157,2103,0
1158,2067,1
1370,1929,0
1372,1929,0
1378,1924,0
1392,1917,0
1400,1895,0
1411,1873,0
1411,1836,0
1412,1819,0
1404,1821,0
1392,1848,0
1376,1879,0
1366,1913,0
1366,1954,0
1375,1985,0
1385,1992,0
1402,1985,0
1421,1965,1
1547,1754,0
1542,1780,0
1543,1826,0
1544,1883,0
1548,1935,0
1552,1972,0
1553,1984,0
1551,1984,0
1541,1971,1
1511,1850,0
1511,1855,0
1514,1853,0
1524,1855,0
1540,1851,0
1558,1845,0
1573,1838,0
1580,1831,1
1640,1736,0
1642,1752,0
1644,1773,0
1648,1805,0
1650,1847,0
1643,1891,0
1637,1927,0
1633,1936,0
1637,1935,0
1645,1925,0
1655,1900,0
1670,1878,0
1686,1872,0
1698,1877,0
1705,1895,0
1708,1919,0
1712,1948,0
1715,1968,0
1719,1971,0
1730,1963,0
1734,1935,1
1797,1932,0
1797,1937,0
1806,1933,0
1818,1924,0
1830,1906,0
1840,1884,0
1839,1853,0
1834,1834,0
1820,1831,0
1807,1845,0
1795,1868,0
1788,1894,0
1790,1927,0
1798,1962,0
1811,1992,0
1821,2000,0
1839,1997,0
1857,1972,0
1876,1938,0
1879,1892,0
1888,1862,1
1950,1877,0
1947,1913,0
1942,1951,0
1942,1982,0
1949,1993,0
1959,1988,0
1968,1966,0
1974,1936,0
1986,1907,0
2007,1891,0
2032,1882,0
2058,1882,0
2083,1885,1
2333,1879,0
2330,1891,0
2326,1910,0
2326,1930,0
2328,1942,0
2329,1942,0
2337,1941,0
2338,1930,0
2346,1919,0
2345,1920,0
2350,1937,0
2362,1957,0
2373,1964,0
2398,1966,0
2421,1949,0
2441,1923,0
2457,1900,1
2544,1949,0
2549,1949,0
2550,1933,0
2559,1915,0
2556,1876,1
2591,1734,0
2590,1736,0
2591,1735,0
2596,1742,0
2600,1743,1
2716,1706,0
2714,1719,0
2717,1745,0
2719,1784,0
2721,1827,0
2719,1867,0
2714,1900,0
2706,1924,0
2699,1935,1
2685,1844,0
2689,1846,0
2694,1847,0
2702,1844,0
2724,1841,0
2746,1836,0
2773,1831,0
2789,1826,0
2796,1818,1
2863,1727,0
2853,1746,0
2851,1783,0
2849,1826,0
2851,1865,0
2853,1886,0
2855,1889,0
2866,1884,0
2875,1864,0
2885,1841,0
2897,1833,0
2902,1833,0
2909,1844,0
2915,1862,0
2919,1880,0
2926,1896,0
2933,1906,1
3149,2127,0
3142,2123,0
3131,2106,0
3122,2084,0
3114,2053,0
3110,2009,0
3109,1956,0
3124,1915,0
3136,1882,0
3144,1860,0
3159,1854,0
3169,1855,0
3172,1864,0
3170,1879,0
3161,1903,0
3147,1925,0
3130,1940,1
3219,1951,0
3209,1945,0
3205,1924,0
3211,1905,0
3226,1886,0
3245,1868,0
3268,1853,0
3290,1843,0
3309,1844,1
3375,1956,0
3364,1956,0
3351,1947,0
3346,1929,0
3344,1896,0
3360,1864,0
3380,1836,0
3406,1821,0
3427,1818,0
3434,1829,0
3438,1851,0
3433,1878,0
3423,1906,0
3411,1928,0
3397,1940,0
3391,1949,0
3386,1948,1
3629,1754,0
3620,1744,0
3609,1739,0
3597,1749,0
3581,1775,0
3564,1816,0
3551,1870,0
3546,1934,0
3545,1983,0
3544,2010,0
3543,2019,0
3542,2014,0
3538,1993,1
3516,1857,0
3517,1857,0
3530,1859,0
3552,1855,0
3589,1851,0
3614,1841,0
3632,1836,0
3637,1836,1
3650,1924,0
3651,1923,0
3661,1916,0
3676,1900,0
3686,1879,0
3691,1855,0
3687,1833,0
3679,1830,0
3667,1843,0
3653,1864,0
3645,1889,0
3653,1922,0
3658,1940,0
3674,1945,0
3693,1940,0
3706,1928,0
3718,1908,1
3863,1789,0
3851,1796,0
3837,1809,0
3819,1824,0
3804,1843,0
3790,1863,0
3781,1887,0
3785,1910,0
3794,1925,0
3807,1935,0
3814,1939,0
3816,1942,0
3818,1947,0
3809,1954,0
3790,1959,0
3773,1964,0
3755,1962,1
3961,1812,0
3965,1813,0
3962,1812,0
3951,1813,0
3935,1818,0
3918,1830,0
3904,1855,0
3889,1888,0
3878,1920,0
3882,1944,0
3883,1957,0
3887,1966,0
3890,1976,0
3882,1981,0
3869,1985,0
3853,1987,0
3831,1978,1
4012,1938,0
4003,1944,0
3992,1942,0
3987,1932,0
3986,1904,0
3988,1870,0
4000,1848,0
4018,1841,0
4041,1841,0
4058,1853,0
4064,1874,0
4062,1901,0
4053,1932,0
4041,1961,0
4022,1976,0
4009,1983,0
3998,1977,1
4129,1961,0
4129,1960,0
4123,1947,0
4122,1926,0
4131,1893,0
4150,1869,0
4167,1855,0
4185,1853,0
4197,1857,1
4354,1860,0
4353,1862,0
4342,1857,0
4328,1857,0
4314,1865,0
4296,1884,0
4278,1911,0
4262,1937,0
4249,1960,0
4245,1976,0
4243,1988,0
4235,2002,0
4221,2017,0
4200,2029,0
4180,2032,0
4160,2026,0
4139,2015,1
4758,1852,0
4735,1853,0
4713,1862,0
4684,1879,0
4664,1901,0
4647,1927,0
4640,1959,0
4637,1984,0
4644,1995,0
4657,1996,0
4665,1990,0
4679,1980,0
4685,1958,0
4699,1930,0
4709,1901,0
4719,1877,0
4731,1863,0
4731,1863,0
4734,1877,0
4735,1911,0
4735,1955,0
4741,1988,0
4747,2004,0
4746,2006,0
4741,1998,1
4809,1912,0
4804,1942,0
4801,1968,0
4806,1983,0
4814,1978,0
4830,1960,0
4843,1935,0
4855,1908,0
4869,1886,0
4891,1880,0
4898,1883,0
4906,1903,0
4907,1930,0
4909,1955,0
4912,1966,0
4918,1964,0
4926,1955,1
5017,1889,0
5011,1892,0
4999,1900,0
4983,1916,0
4968,1940,0
4962,1964,0
4956,1986,0
4958,2000,0
4961,2002,0
4968,1996,0
4982,1985,0
4997,1965,0
5009,1937,0
5027,1898,0
5050,1854,0
5070,1815,0
5084,1792,0
5086,1790,0
5091,1795,0
5096,1816,0
5096,1847,0
5101,1887,0
5103,1922,0
5104,1949,0
5103,1963,1
5339,1778,0
5340,1808,0
5338,1847,0
5337,1894,0
5335,1940,1
5315,1862,0
5316,1860,0
5330,1856,0
5354,1851,0
5382,1845,1
5456,1773,0
5455,1775,0
5454,1790,0
5460,1821,0
5462,1860,0
5458,1902,0
5453,1939,0
5451,1961,0
5450,1965,0
5458,1958,0
5473,1941,0
5489,1911,0
5506,1889,0
5520,1876,0
5530,1882,0
5533,1896,0
5535,1916,0
5540,1935,0
5545,1946,0
5548,1948,0
5553,1946,1
5606,1942,0
5605,1943,0
5614,1942,0
5624,1938,0
5646,1927,0
5665,1912,0
5673,1888,0
5685,1869,0
5678,1852,0
5675,1849,0
5666,1851,0
5648,1865,0
5634,1891,0
5620,1928,0
5616,1971,0
5622,1999,0
5636,2009,0
5662,2008,0
5683,1997,0
5700,1977,0
5716,1955,1
5777,1884,0
5772,1888,0
5771,1900,0
5766,1925,0
5771,1958,0
5767,1979,0
5771,1994,0
5765,1995,0
5770,1993,1
5797,1805,0
5798,1803,0
5795,1799,0
5799,1799,0
5795,1799,1
5846,1988,0
5845,1989,0
5846,1976,0
5856,1948,0
5882,1913,0
5914,1885,0
5955,1874,0
5982,1880,0
6006,1897,1