the interruption of the real nights.
461
966,2154,0
961,2149,0
958,2153,0
959,2169,0
959,2198,0
963,2246,0
964,2297,0
960,2350,0
953,2393,0
945,2429,0
937,2444,0
924,2443,0
907,2434,1
880,2328,0
880,2323,0
885,2324,0
900,2330,0
924,2331,0
955,2333,0
984,2326,0
1008,2307,1
1082,2161,0
1081,2176,0
1078,2209,0
1079,2253,0
1081,2293,0
1087,2328,0
1091,2341,0
1095,2340,0
1100,2328,1
1134,2336,0
1141,2347,0
1151,2360,0
1164,2367,1
1274,2316,0
1281,2315,0
1291,2311,0
1299,2301,0
1306,2297,0
1305,2285,0
1300,2273,0
1292,2262,0
1281,2259,0
1274,2268,0
1267,2284,0
1265,2309,0
1271,2345,0
1283,2371,0
1299,2382,0
1318,2380,0
1339,2365,1
1739,2259,0
1731,2265,0
1728,2284,0
1729,2304,0
1732,2324,0
1737,2344,0
1739,2351,0
1737,2347,0
1732,2328,1
1771,2130,0
1766,2133,0
1771,2147,0
1775,2159,1
1818,2300,0
1819,2313,0
1829,2330,0
1834,2333,0
1843,2330,0
1857,2321,0
1870,2307,0
1883,2299,0
1895,2302,0
1902,2312,0
1905,2325,0
1913,2338,1
2022,2144,0
2029,2145,0
2033,2156,0
2042,2188,0
2045,2226,0
2043,2266,0
2037,2304,0
2022,2323,0
2010,2329,1
2015,2230,0
2019,2229,0
2031,2237,0
2051,2250,0
2069,2258,0
2092,2265,0
2117,2271,0
2141,2268,0
2163,2256,0
2181,2238,0
2194,2218,0
2200,2205,0
2198,2198,0
2190,2197,0
2179,2203,0
2173,2219,0
2169,2240,0
2173,2260,0
2182,2278,0
2200,2287,1
2284,2203,0
2286,2203,0
2289,2205,0
2290,2204,0
2299,2204,0
2304,2192,0
2316,2189,0
2326,2192,0
2333,2192,0
2344,2195,0
2349,2192,0
2355,2193,0
2359,2190,1
2305,2200,0
2304,2202,0
2301,2207,0
2307,2222,0
2307,2241,0
2309,2263,0
2311,2281,0
2312,2289,0
2313,2289,1
2451,2211,0
2456,2237,0
2458,2260,0
2461,2277,0
2461,2282,0
2464,2280,0
2470,2271,0
2475,2248,0
2487,2230,0
2498,2214,0
2516,2205,0
2526,2194,0
2540,2189,1
2594,2248,0
2597,2266,0
2604,2276,0
2618,2281,0
2627,2269,1
2680,2183,0
2680,2183,0
2679,2188,0
2684,2205,1
2767,2242,0
2767,2277,0
2761,2307,0
2757,2326,0
2758,2330,0
2758,2320,0
2765,2295,0
2776,2260,0
2799,2225,0
2823,2200,0
2847,2184,0
2861,2177,0
2871,2185,0
2869,2197,0
2862,2219,0
2847,2237,0
2831,2251,0
2812,2251,0
2801,2245,0
2791,2227,0
2794,2209,1
2972,2067,0
2965,2101,0
2955,2145,0
2952,2187,0
2939,2210,1
2932,2167,0
2940,2159,0
2951,2154,0
2970,2153,0
2989,2157,0
3004,2165,0
3012,2179,0
3020,2200,0
3019,2212,0
3020,2217,0
3016,2210,0
3015,2188,1
3062,2084,0
3069,2083,0
3073,2084,0
3077,2086,1
3158,2169,0
3155,2189,0
3150,2207,0
3155,2224,0
3162,2229,0
3175,2227,0
3185,2215,0
3194,2195,0
3193,2174,0
3194,2159,0
3185,2147,0
3176,2138,0
3170,2133,0
3166,2131,0
3166,2131,0
3169,2134,0
3173,2135,1
3322,2140,0
3323,2162,0
3320,2183,0
3316,2193,0
3323,2198,1
3385,2169,0
3389,2177,0
3390,2183,0
3399,2190,1
3836,2147,0
3826,2140,0
3817,2139,0
3807,2146,0
3805,2162,0
3803,2178,0
3807,2193,0
3817,2200,0
3824,2197,0
3835,2189,0
3836,2174,0
3836,2166,0
3827,2159,0
3824,2157,0
3821,2155,0
3824,2156,0
3829,2157,1
3962,2027,0
3966,2013,0
3966,2011,0
3968,2017,0
3971,2034,0
3975,2065,0
3979,2110,0
3973,2162,0
3961,2206,0
3954,2236,0
3945,2242,0
3939,2231,0
3930,2202,1
3918,2134,0
3926,2123,0
3935,2118,0
3945,2117,0
3962,2121,0
3983,2126,0
4010,2128,0
4034,2121,1
4305,1992,0
4299,1995,0
4291,2007,0
4292,2037,0
4290,2073,0
4289,2114,0
4286,2149,0
4282,2172,0
4273,2178,1
4271,2113,0
4275,2114,0
4292,2123,0
4309,2126,0
4335,2123,0
4359,2106,0
4383,2081,0
4399,2053,1
4442,1985,0
4436,2012,0
4428,2051,0
4425,2089,1
4466,2123,0
4476,2130,0
4489,2137,0
4497,2141,1
4589,2148,0
4597,2149,0
4613,2147,0
4628,2135,0
4642,2118,0
4648,2099,0
4647,2082,0
4639,2074,0
4617,2073,0
4605,2087,0
4602,2108,0
4603,2131,0
4614,2152,1
4999,2063,0
4995,2071,0
4994,2090,0
4997,2113,0
4999,2127,0
5001,2130,0
5006,2129,0
5012,2118,0
5018,2096,0
5021,2073,0
5032,2060,0
5035,2052,0
5049,2051,0
5062,2053,0
5071,2052,0
5078,2055,0
5081,2057,1
5165,2096,0
5170,2094,0
5179,2094,0
5187,2085,0
5192,2075,0
5185,2060,0
5169,2048,0
5156,2049,0
5144,2056,0
5134,2068,0
5124,2079,0
5124,2098,1
5285,2055,0
5294,2055,0
5286,2051,0
5277,2052,0
5274,2059,0
5268,2072,0
5264,2092,0
5258,2105,0
5262,2113,0
5281,2111,0
5288,2098,0
5309,2088,0
5323,2087,0
5337,2095,0
5342,2104,0
5353,2109,0
5367,2106,1
5463,1955,0
5462,1966,0
5460,1993,0
5467,2028,0
5475,2060,0
5490,2087,0
5499,2096,0
5519,2099,0
5536,2092,1
5782,2007,0
5774,2016,0
5769,2030,0
5773,2053,0
5776,2065,0
5788,2080,0
5795,2082,0
5812,2084,0
5818,2070,0
5833,2065,0
5834,2051,0
5841,2044,0
5852,2037,0
5863,2030,0
5873,2027,0
5884,2032,0
5890,2040,0
5896,2055,0
5899,2072,0
5906,2087,0
5907,2092,0
5915,2096,0
5916,2093,0
5921,2093,0
5921,2091,1
5993,2037,0
5993,2038,0
5993,2038,0
5993,2048,0
5998,2069,0
5999,2089,0
5998,2103,0
5993,2104,0
5997,2096,1
6029,1954,0
6029,1954,0
6029,1955,0
6032,1958,1
6153,1998,0
6148,2002,0
6138,2004,0
6131,2010,0
6121,2016,0
6109,2028,0
6104,2039,0
6110,2046,0
6114,2045,0
6125,2041,0
6136,2031,0
6144,2024,0
6150,2019,0
6150,2017,0
6157,2020,0
6159,2029,0
6165,2048,0
6164,2073,0
6163,2108,0
6165,2148,0
6160,2185,0
6154,2220,0
6145,2240,0
6136,2252,0
6124,2251,0
6108,2236,0
6103,2217,0
6102,2188,0
6110,2157,1
6288,1904,0
6283,1918,0
6280,1949,0
6278,1983,0
6274,2017,0
6279,2038,0
6279,2048,0
6288,2048,0
6295,2041,0
6307,2043,0
6318,2059,0
6324,2077,0
6336,2092,1
6463,1894,0
6468,1903,0
6477,1930,0
6479,1960,0
6477,1993,0
6478,2028,0
6471,2060,0
6467,2082,0
6457,2087,1
6468,1995,0
6464,1993,0
6475,1998,0
6494,2005,1
6612,1967,0
6598,1971,0
6591,1980,0
6591,2004,0
6599,2018,0
6604,2029,0
6612,2043,0
6619,2059,0
6618,2075,0
6616,2082,0
6609,2087,0
6604,2089,0
6589,2087,0
6580,2076,0
6574,2067,0
6577,2058,1
6693,2089,0
6691,2096,0
6695,2098,0
6693,2079,1