Then he would go back to Plato for
466
937,2589,0
928,2592,0
926,2612,0
926,2644,0
926,2680,0
926,2724,0
924,2777,0
920,2816,0
917,2852,0
915,2868,0
914,2872,0
913,2852,1
884,2581,0
875,2572,0
875,2572,0
882,2573,0
900,2574,0
927,2576,0
958,2581,0
986,2587,0
1012,2591,1
1119,2560,0
1117,2589,0
1114,2629,0
1114,2680,0
1111,2729,0
1112,2769,0
1113,2793,0
1118,2796,0
1129,2784,0
1143,2776,0
1155,2764,0
1165,2767,0
1175,2767,0
1183,2775,0
1192,2782,0
1201,2794,0
1211,2806,1
1325,2789,0
1340,2788,0
1353,2779,0
1365,2765,0
1375,2752,1
1343,2723,0
1327,2733,0
1314,2746,0
1305,2763,0
1305,2791,0
1307,2815,0
1311,2831,0
1315,2830,1
1426,2766,0
1426,2786,0
1427,2810,0
1430,2822,0
1438,2825,1
1472,2791,0
1482,2790,0
1493,2801,0
1502,2815,0
1509,2830,0
1517,2837,0
1527,2840,0
1534,2838,1
1888,2589,0
1887,2573,0
1884,2569,0
1887,2577,0
1890,2593,0
1899,2623,0
1908,2663,0
1908,2696,0
1912,2733,0
1913,2750,0
1918,2752,0
1927,2745,0
1940,2732,0
1952,2715,0
1964,2715,0
1975,2720,0
1988,2733,0
1998,2746,0
2008,2759,0
2016,2770,0
2023,2779,1
2098,2785,0
2113,2784,0
2133,2776,0
2148,2758,0
2162,2734,0
2167,2710,0
2166,2702,0
2153,2699,0
2140,2704,0
2128,2718,0
2122,2737,0
2121,2760,0
2130,2786,0
2139,2799,0
2153,2802,0
2174,2798,1
2406,2693,0
2403,2713,0
2405,2744,0
2403,2767,0
2407,2779,1
2455,2745,0
2466,2752,0
2477,2765,0
2490,2781,0
2504,2796,0
2517,2797,0
2533,2794,0
2548,2781,0
2551,2760,0
2556,2744,0
2554,2726,0
2548,2711,0
2545,2704,0
2543,2700,0
2543,2701,0
2545,2704,1
2642,2758,0
2646,2774,0
2652,2789,0
2659,2799,0
2668,2803,0
2674,2794,0
2681,2782,0
2680,2758,0
2681,2739,0
2672,2716,0
2666,2701,0
2655,2689,0
2649,2688,0
2643,2687,0
2639,2690,0
2638,2690,1
2727,2704,0
2733,2730,0
2743,2753,0
2753,2765,0
2764,2767,0
2772,2758,0
2785,2744,0
2798,2730,0
2803,2722,0
2806,2720,0
2813,2725,0
2820,2735,0
2823,2747,0
2829,2758,0
2835,2763,0
2837,2757,1
2964,2545,0
2964,2545,0
2967,2563,0
2967,2593,0
2966,2634,0
2967,2679,0
2967,2713,0
2969,2727,0
2976,2727,1
3131,2683,0
3129,2679,0
3125,2677,0
3119,2677,0
3107,2680,0
3096,2695,0
3085,2714,0
3083,2736,0
3081,2743,0
3092,2740,0
3110,2720,0
3127,2680,0
3151,2640,0
3168,2605,0
3179,2579,0
3182,2572,0
3182,2577,0
3180,2600,0
3179,2637,0
3180,2679,0
3184,2712,1
3518,2675,0
3511,2670,0
3506,2663,0
3499,2659,0
3491,2656,0
3486,2661,0
3470,2666,0
3462,2684,0
3456,2707,0
3452,2720,0
3455,2723,0
3465,2720,0
3473,2707,0
3481,2695,0
3483,2687,0
3487,2688,0
3487,2688,0
3486,2690,0
3488,2699,0
3495,2719,0
3499,2748,0
3496,2784,0
3489,2822,0
3479,2859,0
3464,2888,0
3448,2907,0
3435,2913,0
3423,2908,0
3419,2895,1
3583,2679,0
3588,2673,0
3588,2673,0
3589,2684,0
3588,2702,0
3593,2725,0
3598,2741,0
3606,2746,0
3616,2742,0
3624,2723,0
3625,2699,0
3628,2685,0
3620,2670,0
3613,2660,0
3615,2658,0
3616,2651,0
3621,2644,1
3988,2509,0
3982,2536,0
3983,2577,0
3984,2620,0
3988,2658,0
3986,2680,0
3986,2686,0
3990,2682,0
3997,2666,0
4010,2644,0
4029,2629,0
4049,2622,0
4071,2622,0
4089,2625,0
4097,2634,0
4100,2649,0
4090,2668,0
4078,2688,0
4057,2701,0
4039,2710,0
4022,2712,1
4249,2631,0
4244,2630,0
4234,2630,0
4227,2638,0
4219,2649,0
4207,2664,0
4200,2685,0
4199,2699,0
4198,2700,0
4209,2693,0
4219,2668,0
4234,2643,0
4240,2628,0
4246,2628,0
4246,2633,0
4250,2648,0
4251,2665,0
4256,2679,0
4258,2689,0
4265,2694,0
4275,2694,1
4375,2615,0
4365,2622,0
4354,2637,0
4347,2660,0
4345,2682,0
4348,2699,0
4356,2700,0
4368,2685,1
4507,2478,0
4510,2487,0
4506,2507,0
4503,2540,0
4502,2584,0
4495,2622,0
4489,2651,0
4490,2662,0
4490,2656,0
4508,2644,0
4524,2623,0
4548,2608,0
4572,2596,0
4587,2589,0
4601,2590,0
4600,2591,0
4591,2595,0
4579,2606,0
4562,2618,0
4546,2632,0
4539,2649,0
4534,2662,0
4543,2679,0
4550,2695,0
4565,2709,1
4933,2440,0
4919,2440,0
4910,2447,0
4909,2464,0
4907,2492,0
4909,2526,0
4912,2567,0
4909,2608,0
4900,2644,0
4893,2671,0
4882,2688,0
4871,2690,0
4865,2685,1
4852,2618,0
4852,2608,0
4861,2603,0
4869,2598,0
4893,2596,0
4915,2592,0
4934,2592,0
4949,2605,0
4958,2622,0
4966,2646,0
4982,2665,0
4992,2673,0
5011,2673,0
5023,2668,0
5031,2656,0
5033,2646,0
5035,2635,0
5025,2620,0
5014,2606,0
5003,2595,0
4997,2589,0
4994,2587,0
4987,2583,0
4989,2579,1
5349,2409,0
5340,2416,0
5332,2439,0
5330,2477,0
5334,2520,0
5338,2562,0
5337,2596,0
5335,2617,0
5335,2623,0
5339,2618,0
5339,2593,0
5339,2553,0
5342,2504,0
5350,2457,0
5367,2416,0
5378,2386,0
5397,2367,0
5412,2364,0
5429,2367,0
5439,2382,0
5438,2401,0
5433,2429,0
5414,2455,0
5398,2478,0
5381,2492,0
5370,2497,0
5351,2489,0
5347,2480,0
5351,2463,1
5509,2394,0
5500,2420,0
5495,2456,0
5492,2496,0
5495,2541,0
5495,2592,0
5501,2597,0
5505,2592,0
5517,2586,0
5524,2581,0
5539,2579,0
5555,2574,1
5648,2536,0
5647,2538,0
5633,2538,0
5629,2548,0
5622,2560,0
5621,2578,0
5618,2592,0
5632,2599,0
5645,2585,0
5655,2565,0
5664,2557,0
5675,2570,0
5681,2584,0
5691,2591,1
5825,2384,0
5821,2392,0
5821,2422,0
5821,2458,0
5823,2499,0
5820,2531,0
5815,2559,0
5799,2574,0
5783,2579,1
5766,2507,0
5792,2499,0
5811,2497,0
5834,2503,0
5879,2557,0
5927,2577,0
5932,2567,0
5931,2550,0
5921,2525,0
5912,2507,0
5911,2499,0
5903,2490,0
5902,2483,1
6375,2437,0
6373,2422,0
6370,2400,0
6368,2381,0
6366,2366,0
6360,2361,0
6353,2364,0
6342,2383,0
6331,2417,0
6319,2457,0
6312,2511,0
6302,2564,0
6298,2619,0
6290,2664,0
6281,2700,0
6277,2718,0
6272,2719,1
6280,2562,0
6278,2557,0
6288,2555,0
6304,2550,0
6328,2545,0
6357,2538,0
6382,2531,0
6398,2535,0
6403,2543,0
6407,2554,0
6399,2580,0
6401,2596,0
6411,2603,0
6415,2604,0
6425,2601,0
6430,2591,0
6434,2552,0
6428,2536,0
6422,2519,0
6418,2517,0
6412,2512,0
6412,2512,1
6473,2582,0
6478,2602,0
6481,2605,0
6489,2595,0
6502,2564,0
6527,2538,0
6546,2517,0
6559,2515,1