Indeed we were all invaded
508
1687,420,0
1691,422,0
1687,422,0
1687,422,0
1685,427,0
1679,448,0
1672,480,0
1660,518,0
1642,560,0
1623,606,0
1610,646,0
1604,670,0
1598,687,0
1599,697,0
1602,701,0
1602,701,0
1603,699,1
1727,561,0
1727,562,0
1725,567,0
1715,587,0
1701,622,0
1690,662,0
1684,687,0
1687,697,0
1686,699,0
1691,699,0
1693,690,0
1704,665,0
1715,630,0
1724,588,0
1732,562,0
1739,551,0
1744,549,0
1759,554,0
1774,569,0
1783,593,0
1794,620,0
1792,646,0
1785,670,0
1785,685,0
1788,693,1
2006,599,0
2006,591,0
2000,583,0
1994,579,0
1976,578,0
1959,587,0
1930,610,0
1903,643,0
1888,675,0
1895,693,0
1914,701,0
1937,693,0
1964,672,0
1993,644,0
2017,613,0
2029,577,0
2042,536,0
2039,508,0
2032,504,0
2021,511,0
2002,538,0
1985,578,0
1975,617,0
1985,650,0
2007,669,0
2034,679,0
2060,679,0
2088,670,0
2127,652,0
2156,626,0
2183,601,0
2184,589,0
2183,581,0
2168,576,0
2150,578,0
2124,588,0
2104,606,0
2095,627,0
2096,644,0
2115,658,0
2139,665,0
2178,665,0
2217,658,0
2259,649,0
2287,632,0
2313,610,0
2324,589,0
2333,576,0
2328,567,0
2312,562,0
2282,567,0
2260,581,0
2234,604,0
2229,627,0
2234,646,0
2246,661,0
2276,671,0
2305,675,0
2345,671,0
2384,660,0
2416,643,1
2470,605,0
2467,603,0
2468,600,0
2461,596,0
2453,595,0
2432,595,0
2413,602,0
2396,613,0
2386,630,0
2376,647,0
2385,658,0
2395,664,0
2417,663,0
2442,652,0
2470,634,0
2491,606,0
2514,571,0
2533,530,0
2540,502,0
2538,494,0
2538,492,0
2533,496,0
2526,512,0
2514,540,0
2499,581,0
2492,617,0
2489,639,0
2487,658,1
2847,581,0
2844,574,0
2848,573,0
2844,573,0
2842,582,0
2840,606,0
2830,632,0
2825,650,0
2830,661,0
2846,663,0
2869,654,0
2885,639,0
2903,620,0
2912,598,0
2913,593,0
2909,594,0
2905,610,0
2902,636,0
2909,659,0
2929,677,0
2955,688,0
2992,691,0
3018,686,0
3040,667,0
3051,636,0
3052,613,0
3038,600,0
3028,594,0
3016,593,0
3016,593,0
3022,601,0
3040,611,0
3064,617,0
3095,621,0
3124,622,0
3146,617,0
3160,606,0
3167,593,0
3164,586,0
3148,582,0
3124,587,0
3105,599,0
3092,617,0
3091,639,0
3099,660,0
3115,676,0
3145,689,0
3188,698,0
3220,702,1
3608,579,0
3613,574,0
3614,570,0
3618,568,0
3614,569,0
3617,576,0
3605,600,0
3591,633,0
3582,661,0
3587,674,0
3595,680,0
3607,677,0
3626,661,0
3643,642,0
3655,615,0
3671,594,0
3672,592,0
3667,596,0
3663,616,0
3654,648,0
3660,677,0
3677,696,0
3692,703,0
3720,700,0
3744,687,0
3769,661,0
3790,629,0
3795,609,0
3788,596,0
3778,589,0
3773,588,0
3773,593,0
3771,603,1
3860,678,0
3859,678,0
3868,675,0
3885,668,0
3916,656,0
3955,641,0
3987,622,0
4014,603,0
4021,585,0
4022,573,0
4006,570,0
3961,579,0
3905,599,0
3856,627,0
3824,649,0
3821,666,0
3834,680,0
3865,690,0
3913,691,0
3968,686,0
4022,678,0
4056,665,0
4080,643,0
4088,622,0
4089,612,0
4086,605,0
4082,606,0
4077,615,0
4065,635,0
4061,661,0
4063,678,0
4065,686,0
4065,685,0
4066,682,0
4068,670,0
4068,649,0
4076,620,0
4079,600,0
4084,596,0
4088,594,0
4096,595,0
4111,603,0
4125,615,0
4148,624,0
4171,632,0
4191,636,0
4208,632,0
4224,628,0
4246,615,0
4252,603,0
4244,596,0
4232,596,0
4208,601,0
4186,615,0
4171,632,0
4169,651,0
4169,671,0
4183,689,0
4205,702,0
4239,709,0
4268,711,1
4832,607,0
4829,600,0
4825,593,0
4818,588,0
4806,588,0
4784,600,0
4762,623,0
4738,656,0
4726,683,0
4727,702,0
4737,713,0
4762,712,0
4788,702,0
4810,685,0
4825,666,0
4835,644,0
4842,624,0
4842,619,0
4842,622,0
4828,646,0
4811,680,0
4811,705,0
4825,719,0
4849,723,0
4882,715,0
4922,697,0
4961,668,0
5002,629,0
5028,584,0
5048,547,0
5050,523,0
5039,507,0
5020,498,0
5004,497,0
4987,506,0
4965,524,0
4951,553,0
4939,591,0
4943,623,0
4961,648,0
4970,670,0
4980,683,0
4992,689,0
5011,686,0
5034,672,0
5057,647,0
5089,612,0
5117,577,0
5145,542,0
5159,516,0
5165,499,0
5161,493,0
5152,494,0
5137,497,0
5115,519,0
5096,552,0
5084,593,0
5079,631,0
5079,659,0
5089,680,0
5099,693,0
5119,702,0
5135,699,0
5151,694,0
5176,692,1
5458,588,0
5458,580,0
5459,575,0
5462,574,0
5459,574,0
5462,588,0
5455,615,0
5447,646,0
5441,673,0
5439,685,0
5443,690,0
5443,687,0
5444,676,1
5488,522,0
5479,518,0
5480,514,0
5480,513,0
5480,510,0
5484,511,0
5492,511,0
5500,518,0
5499,533,1
5531,576,0
5523,576,0
5522,583,0
5525,600,0
5518,628,0
5514,661,0
5511,688,0
5513,700,0
5509,706,0
5513,704,0
5514,695,0
5525,674,0
5536,644,0
5544,610,0
5554,592,0
5561,588,0
5570,588,0
5577,597,0
5583,615,0
5576,643,0
5570,668,0
5576,681,0
5595,690,0
5624,690,0
5644,688,1
5702,589,0
5703,588,0
5702,592,0
5689,605,0
5679,625,0
5677,650,0
5682,671,0
5700,687,0
5723,694,0
5759,696,0
5785,690,0
5806,678,0
5825,653,0
5832,628,0
5834,609,0
5827,595,0
5819,594,0
5815,588,0
5814,599,0
5821,609,0
5836,619,1
5958,602,0
5960,589,0
5960,584,0
5960,586,0
5948,579,0
5928,588,0
5906,608,0
5883,630,0
5873,650,0
5876,665,0
5883,674,0
5899,675,0
5920,670,0
5940,659,0
5962,640,0
5985,616,0
5996,596,0
5994,600,0
5991,596,0
5978,609,0
5968,630,0
5965,654,0
5983,678,0
6021,700,0
6056,714,0
6079,721,0
6104,714,0
6129,702,1
6208,630,0
6209,624,0
6214,620,0
6215,615,0
6206,611,0
6191,607,0
6170,613,0
6136,629,0
6110,651,0
6100,672,0
6103,682,0
6115,688,0
6143,682,0
6165,668,0
6183,649,0
6197,626,0
6212,591,0
6219,557,0
6224,545,0
6215,550,0
6184,592,0
6178,618,0
6191,647,0
6206,668,0
6224,678,0
6248,680,0
6273,678,0
6302,664,0
6324,645,0
6342,622,0
6346,615,0
6339,610,0
6314,621,0
6285,625,0
6272,643,0
6266,660,0
6268,678,0
6283,691,0
6310,699,0
6346,709,1
6494,677,0
6502,670,0
6507,661,0
6507,659,0
6500,648,0
6493,640,0
6477,639,0
6461,636,0
6441,641,0
6424,649,0
6414,666,0
6420,685,0
6432,692,0
6452,698,0
6471,695,0
6488,684,0
6511,665,0
6533,642,0
6548,609,0
6562,585,0
6567,569,0
6568,561,0
6559,558,0
6556,560,0
6543,569,0
6537,588,0
6535,616,0
6540,649,0
6546,678,0
6548,697,0
6546,720,0
6536,733,0
6522,746,1