whereas what I am about
553
1060,2665,0
1056,2680,0
1057,2713,0
1057,2748,0
1056,2784,0
1057,2816,0
1061,2837,0
1067,2849,0
1073,2852,0
1081,2856,0
1089,2852,0
1146,2844,0
1155,2864,0
1167,2888,0
1182,2903,0
1198,2910,0
1213,2910,0
1223,2901,0
1233,2892,0
1243,2868,0
1251,2835,0
1257,2807,0
1259,2782,0
1257,2758,0
1252,2738,0
1247,2719,0
1241,2703,0
1237,2692,0
1231,2685,0
1229,2688,0
1226,2688,0
1223,2688,0
1225,2688,1
1356,2497,0
1353,2497,0
1355,2509,0
1360,2540,0
1363,2576,0
1365,2624,0
1365,2677,0
1364,2733,0
1360,2777,0
1362,2814,0
1365,2837,0
1370,2845,0
1375,2844,0
1381,2832,0
1392,2802,0
1408,2760,0
1433,2729,0
1459,2700,0
1478,2681,0
1493,2679,0
1506,2688,0
1515,2707,0
1520,2743,0
1519,2776,0
1516,2808,0
1512,2834,0
1512,2859,0
1514,2874,0
1516,2878,1
1608,2837,0
1620,2830,0
1635,2828,0
1654,2823,0
1672,2811,0
1688,2795,0
1703,2771,0
1719,2747,0
1732,2718,0
1744,2690,0
1747,2661,0
1746,2641,0
1738,2634,0
1722,2630,0
1704,2647,0
1684,2677,0
1665,2719,0
1648,2755,0
1643,2789,0
1648,2812,0
1657,2823,0
1673,2831,0
1691,2827,0
1716,2818,0
1740,2791,0
1763,2760,0
1784,2730,0
1800,2709,0
1815,2704,0
1825,2706,0
1836,2719,0
1843,2738,0
1845,2766,0
1845,2796,0
1841,2818,0
1836,2831,0
1837,2840,0
1835,2836,0
1837,2835,0
1842,2826,0
1844,2796,0
1847,2762,0
1859,2745,0
1870,2733,0
1881,2731,0
1898,2738,0
1918,2748,0
1938,2754,0
1960,2755,0
1983,2752,0
2007,2743,0
2033,2724,0
2055,2700,0
2074,2675,0
2084,2649,0
2087,2634,0
2084,2632,0
2075,2639,0
2051,2654,0
2024,2681,0
1999,2716,0
1978,2753,0
1971,2789,0
1975,2818,0
1993,2837,0
2024,2852,0
2055,2849,0
2088,2836,0
2123,2823,0
2153,2802,0
2183,2786,0
2211,2765,1
2299,2618,0
2291,2613,0
2281,2609,0
2270,2615,0
2252,2632,0
2229,2661,0
2214,2699,0
2208,2736,0
2207,2758,0
2219,2774,0
2232,2778,0
2248,2774,0
2266,2758,0
2282,2733,0
2299,2703,0
2309,2667,0
2316,2636,0
2323,2628,0
2323,2628,0
2327,2635,0
2338,2661,0
2345,2693,0
2360,2735,0
2370,2766,0
2386,2794,0
2401,2813,0
2420,2826,0
2441,2829,0
2464,2822,1
2651,2645,0
2647,2633,0
2632,2618,0
2610,2609,0
2581,2603,0
2550,2603,0
2523,2610,0
2506,2620,0
2501,2628,0
2504,2640,0
2520,2659,0
2543,2682,0
2568,2704,0
2590,2724,0
2610,2745,0
2623,2760,0
2625,2773,0
2622,2784,0
2613,2789,0
2602,2796,0
2584,2797,0
2562,2796,0
2538,2791,0
2516,2784,0
2498,2781,1
3192,2594,0
3185,2596,0
3178,2601,0
3175,2620,0
3175,2651,0
3176,2687,0
3177,2723,0
3180,2745,0
3187,2755,0
3192,2751,0
3211,2751,0
3221,2738,0
3236,2726,0
3245,2712,0
3255,2709,0
3265,2717,0
3283,2738,0
3299,2760,0
3316,2777,0
3337,2786,0
3359,2788,0
3377,2783,0
3395,2773,0
3407,2752,0
3418,2725,0
3423,2693,0
3426,2663,0
3424,2639,0
3419,2621,0
3409,2608,0
3399,2596,0
3387,2584,0
3375,2574,0
3363,2569,0
3358,2569,0
3353,2572,0
3347,2578,1
3545,2352,0
3542,2355,0
3546,2375,0
3546,2405,0
3545,2446,0
3547,2497,0
3544,2552,0
3542,2612,0
3536,2663,0
3532,2705,0
3532,2733,0
3538,2750,0
3540,2754,0
3544,2755,0
3552,2748,0
3554,2712,0
3563,2671,0
3577,2634,0
3597,2606,0
3619,2584,0
3639,2569,0
3661,2568,0
3679,2579,0
3694,2603,0
3696,2631,0
3696,2666,0
3697,2699,0
3703,2727,0
3711,2749,0
3718,2764,0
3730,2769,0
3749,2760,0
3777,2743,1
3927,2551,0
3913,2542,0
3897,2537,0
3875,2538,0
3850,2549,0
3827,2576,0
3800,2618,0
3778,2666,0
3770,2704,0
3773,2723,0
3791,2739,0
3807,2740,0
3833,2730,0
3858,2709,0
3881,2672,0
3898,2628,0
3910,2584,0
3913,2562,0
3914,2561,0
3916,2565,0
3922,2589,0
3932,2625,0
3937,2668,0
3949,2697,0
3964,2716,0
3982,2721,0
3998,2714,0
4019,2691,0
4041,2652,0
4062,2596,0
4076,2519,0
4096,2456,0
4112,2407,0
4126,2368,0
4134,2342,0
4133,2330,0
4133,2330,0
4133,2337,0
4128,2378,0
4134,2437,0
4129,2497,0
4126,2552,0
4123,2602,0
4127,2642,0
4138,2685,0
4140,2709,0
4146,2719,0
4150,2721,0
4153,2718,0
4145,2697,0
4124,2658,0
4099,2612,0
4091,2585,0
4078,2568,0
4068,2555,0
4064,2548,0
4061,2545,0
4063,2544,0
4075,2540,0
4102,2539,0
4133,2537,0
4170,2536,0
4200,2536,0
4229,2538,0
4252,2540,0
4279,2544,0
4301,2549,0
4316,2560,0
4320,2569,1
4681,2346,0
4683,2350,0
4681,2355,0
4689,2371,0
4694,2395,0
4702,2428,0
4705,2467,0
4705,2511,0
4701,2555,0
4703,2595,0
4699,2629,0
4700,2656,0
4706,2683,0
4711,2703,0
4714,2714,0
4719,2721,0
4722,2723,1
5108,2552,0
5103,2544,0
5096,2533,0
5086,2527,0
5076,2529,0
5062,2538,0
5045,2557,0
5028,2592,0
5020,2643,0
5007,2685,0
5007,2715,0
5022,2730,0
5037,2735,0
5057,2733,0
5074,2721,0
5096,2703,0
5108,2677,0
5123,2644,0
5125,2601,0
5129,2572,0
5134,2562,0
5136,2561,0
5132,2560,0
5139,2579,0
5138,2618,0
5141,2661,0
5152,2696,0
5168,2717,0
5183,2729,0
5201,2731,0
5219,2724,0
5236,2704,0
5257,2677,1
5290,2558,0
5293,2552,0
5295,2549,0
5297,2561,0
5294,2591,0
5288,2634,0
5279,2672,0
5276,2701,0
5275,2717,0
5273,2721,0
5274,2720,0
5272,2715,0
5270,2687,0
5273,2643,0
5277,2595,0
5300,2565,0
5322,2550,0
5351,2547,0
5375,2561,0
5395,2592,0
5405,2630,0
5408,2665,0
5404,2689,0
5402,2706,0
5402,2708,0
5402,2707,0
5407,2700,0
5417,2668,0
5436,2616,0
5468,2575,0
5512,2561,0
5540,2567,0
5562,2587,0
5573,2615,0
5578,2641,0
5579,2663,0
5583,2680,0
5587,2691,0
5587,2698,0
5581,2700,1
5995,2557,0
5997,2544,0
5998,2531,0
5992,2518,0
5984,2507,0
5965,2499,0
5952,2500,0
5929,2510,0
5909,2533,0
5894,2572,0
5885,2618,0
5875,2661,0
5885,2688,0
5897,2700,0
5914,2699,0
5934,2686,0
5960,2663,0
5981,2637,0
5995,2603,0
6008,2567,0
6015,2534,0
6018,2527,0
6020,2526,0
6020,2534,0
6017,2566,0
6019,2608,0
6017,2649,0
6015,2677,0
6021,2694,1
6126,2349,0
6122,2357,0
6121,2379,0
6121,2410,0
6128,2453,0
6131,2493,0
6136,2533,0
6135,2560,0
6133,2573,0
6136,2577,0
6140,2579,0
6141,2577,0
6143,2572,0
6154,2550,0
6171,2521,0
6185,2500,0
6204,2488,0
6227,2485,0
6241,2494,0
6260,2519,0
6266,2545,0
6267,2571,0
6262,2601,0
6249,2627,0
6230,2649,0
6208,2668,0
6181,2678,0
6162,2680,0
6143,2672,0
6127,2650,0
6124,2629,0
6128,2614,0
6139,2607,1
6354,2536,0
6347,2532,0
6347,2531,0
6337,2533,0
6324,2552,0
6309,2586,0
6290,2626,0
6276,2663,0
6268,2682,0
6271,2685,0
6280,2683,0
6295,2672,0
6315,2647,0
6335,2615,0
6354,2574,0
6363,2534,0
6369,2511,0
6375,2510,0
6375,2509,0
6376,2524,0
6384,2557,0
6389,2593,0
6395,2618,0
6403,2630,0
6418,2634,0
6433,2631,0
6447,2620,0
6464,2601,0
6479,2569,0
6493,2538,0
6502,2528,0
6510,2539,0
6510,2567,0
6514,2600,0
6510,2636,0
6508,2669,0
6512,2681,0
6519,2685,0
6531,2675,0
6553,2650,0
6575,2610,0
6600,2562,0
6621,2512,0
6638,2492,0
6647,2492,0
6658,2507,0
6659,2537,0
6657,2573,0
6657,2601,0
6662,2620,0
6664,2627,0
6665,2624,0
6666,2610,1
6731,2292,0
6732,2292,0
6734,2306,0
6741,2345,0
6743,2406,0
6738,2470,0
6734,2523,0
6734,2563,0
6736,2591,0
6737,2608,0
6739,2613,0
6739,2613,0
6739,2602,1
6723,2497,0
6720,2486,0
6723,2477,0
6725,2470,0
6741,2463,0
6766,2455,0
6794,2451,0
6812,2447,1