windows. Little to be seen, only
569
781,2740,0
772,2743,0
774,2763,0
776,2783,0
783,2816,1
812,2920,0
820,2933,0
829,2933,0
839,2930,0
851,2916,0
864,2892,0
877,2865,0
885,2830,0
892,2794,0
900,2770,0
905,2755,0
909,2751,0
913,2755,0
921,2776,0
931,2805,0
945,2842,0
963,2882,0
979,2902,0
996,2911,0
1015,2904,0
1036,2893,0
1056,2869,0
1072,2832,0
1085,2796,0
1093,2760,0
1095,2729,0
1095,2697,0
1093,2676,1
1180,2611,0
1178,2619,0
1179,2630,0
1184,2654,0
1185,2678,0
1189,2714,0
1192,2750,0
1196,2786,0
1197,2811,0
1199,2830,0
1201,2837,0
1204,2842,0
1206,2837,1
1172,2575,0
1171,2571,0
1172,2571,0
1172,2567,0
1174,2571,1
1303,2610,1
1327,2748,0
1329,2784,0
1332,2813,0
1333,2825,0
1334,2824,0
1336,2824,0
1339,2816,0
1338,2796,0
1341,2772,0
1343,2736,0
1347,2699,0
1355,2661,0
1364,2628,0
1379,2606,0
1396,2592,0
1412,2590,0
1424,2596,0
1437,2619,0
1445,2654,0
1450,2694,0
1455,2738,0
1458,2769,0
1464,2796,0
1476,2815,1
1661,2690,0
1662,2682,0
1661,2671,0
1653,2651,0
1643,2634,1
1551,2632,0
1537,2659,0
1527,2693,0
1525,2743,0
1533,2782,0
1549,2811,0
1568,2828,0
1585,2829,0
1607,2830,0
1624,2813,0
1641,2794,0
1651,2762,0
1660,2728,0
1669,2692,0
1674,2650,0
1681,2608,0
1686,2565,0
1689,2527,0
1689,2503,0
1686,2491,0
1684,2492,0
1681,2501,0
1674,2523,0
1672,2560,0
1674,2601,0
1681,2649,0
1689,2684,0
1701,2719,1
1905,2643,0
1905,2634,0
1901,2623,0
1894,2613,0
1880,2600,1
1821,2606,0
1800,2621,0
1783,2642,0
1773,2666,0
1771,2696,0
1778,2727,0
1795,2755,0
1813,2772,0
1836,2781,0
1857,2775,0
1880,2768,0
1896,2750,0
1911,2733,0
1921,2709,0
1926,2678,0
1930,2647,1
1983,2624,0
1986,2627,0
1993,2637,0
2001,2656,0
2007,2679,1
2048,2741,0
2059,2741,0
2070,2732,0
2080,2715,0
2090,2694,0
2103,2671,0
2112,2642,0
2114,2606,0
2118,2583,0
2121,2577,0
2123,2585,0
2121,2599,0
2125,2628,0
2130,2661,0
2144,2690,0
2156,2702,0
2178,2714,0
2198,2719,0
2219,2714,0
2238,2704,0
2255,2693,0
2268,2673,0
2282,2654,0
2287,2625,0
2293,2598,0
2297,2574,0
2297,2556,0
2299,2551,1
2359,2682,0
2362,2685,0
2362,2685,0
2362,2685,0
2362,2685,1
2589,2423,0
2592,2453,0
2593,2487,0
2590,2518,0
2593,2558,0
2590,2589,0
2584,2611,0
2581,2631,0
2581,2646,0
2583,2654,0
2580,2651,0
2580,2651,0
2581,2650,1
2587,2632,0
2594,2628,0
2609,2629,0
2621,2625,0
2638,2630,0
2655,2632,0
2668,2634,0
2681,2634,1
2749,2502,0
2749,2502,0
2748,2502,0
2753,2513,0
2755,2532,0
2758,2560,0
2755,2590,0
2755,2619,0
2753,2640,1
2729,2408,0
2724,2401,0
2724,2400,0
2725,2400,0
2724,2397,1
2844,2333,0
2843,2334,0
2844,2343,0
2844,2364,0
2845,2394,0
2846,2429,0
2842,2462,0
2842,2497,0
2842,2533,0
2842,2567,0
2847,2599,0
2848,2618,0
2854,2628,1
2900,2386,0
2898,2417,0
2896,2456,0
2897,2496,0
2897,2526,0
2898,2550,0
2900,2564,0
2900,2574,0
2904,2581,1
2806,2475,0
2806,2474,0
2813,2475,0
2828,2474,0
2847,2474,1
2974,2333,1
2976,2453,0
2982,2490,0
2988,2520,0
2996,2544,0
3011,2563,0
3026,2572,0
3042,2574,0
3057,2567,0
3075,2557,0
3090,2540,0
3105,2521,0
3118,2500,0
3124,2473,0
3130,2451,0
3137,2434,0
3134,2421,0
3127,2416,0
3120,2417,0
3108,2422,0
3103,2439,0
3095,2461,0
3091,2486,0
3093,2516,0
3100,2542,0
3116,2564,0
3136,2580,0
3160,2590,0
3189,2597,1
3491,2286,0
3491,2285,0
3491,2285,0
3494,2288,0
3494,2294,0
3495,2311,0
3496,2340,0
3492,2374,0
3494,2414,0
3493,2449,0
3495,2482,0
3496,2509,0
3501,2533,1
3411,2425,0
3412,2424,0
3418,2424,0
3437,2427,0
3464,2434,1
3672,2407,1
3647,2387,0
3634,2388,0
3625,2400,0
3610,2417,0
3600,2440,0
3595,2468,0
3600,2494,0
3610,2517,0
3624,2531,0
3645,2538,0
3665,2535,0
3689,2526,0
3712,2513,0
3724,2492,0
3735,2474,0
3737,2453,1
3940,2311,0
3945,2336,0
3945,2364,0
3947,2392,0
3949,2416,0
3952,2432,0
3954,2441,0
3960,2447,0
3960,2447,0
3962,2446,0
3959,2436,0
3954,2417,0
3955,2396,0
3961,2374,0
3967,2354,0
3983,2340,0
3996,2328,0
4016,2321,0
4029,2317,0
4046,2321,0
4058,2330,0
4068,2345,0
4073,2365,0
4078,2391,0
4071,2415,0
4058,2439,0
4045,2463,0
4026,2480,0
4006,2492,0
3986,2497,0
3966,2497,0
3950,2492,0
3938,2482,1
4096,2422,0
4101,2421,0
4111,2420,0
4123,2419,0
4133,2411,0
4145,2402,0
4164,2391,0
4174,2376,0
4179,2362,0
4186,2352,0
4192,2344,0
4190,2333,0
4186,2324,0
4174,2314,0
4162,2309,0
4150,2306,0
4134,2307,0
4119,2315,0
4102,2325,0
4082,2339,0
4071,2355,0
4066,2375,0
4070,2397,0
4073,2419,0
4086,2441,0
4103,2458,0
4124,2470,0
4153,2479,0
4181,2482,1
4577,2316,0
4583,2316,0
4578,2309,0
4581,2304,0
4578,2293,0
4579,2284,0
4576,2273,0
4565,2259,0
4554,2248,0
4546,2238,0
4531,2231,0
4517,2224,0
4507,2225,0
4500,2229,0
4499,2239,0
4499,2253,0
4508,2277,0
4521,2301,0
4537,2328,0
4554,2355,0
4570,2382,0
4579,2405,0
4583,2428,0
4576,2446,0
4570,2462,0
4555,2470,0
4543,2474,0
4529,2473,0
4514,2467,0
4500,2451,0
4485,2432,0
4483,2407,0
4483,2377,1
4622,2344,0
4632,2342,0
4652,2340,0
4666,2332,0
4681,2316,0
4700,2299,0
4713,2277,0
4725,2256,0
4731,2238,0
4729,2226,0
4723,2219,0
4709,2212,0
4695,2211,0
4686,2219,0
4673,2234,0
4659,2258,0
4651,2288,0
4647,2319,0
4645,2350,0
4652,2379,0
4668,2407,0
4683,2420,0
4714,2432,0
4743,2431,0
4770,2423,1
4848,2316,0
4847,2310,0
4847,2301,0
4850,2287,0
4859,2270,0
4869,2253,0
4878,2236,0
4879,2219,0
4877,2205,0
4875,2193,0
4866,2183,0
4855,2177,0
4842,2178,0
4830,2182,0
4816,2193,0
4811,2217,0
4804,2248,0
4807,2283,0
4817,2313,0
4832,2336,0
4852,2357,0
4881,2371,0
4905,2376,0
4931,2371,0
4955,2362,1
5021,2179,0
5021,2171,0
5022,2170,0
5022,2170,0
5024,2174,0
5024,2183,0
5026,2205,0
5024,2236,0
5024,2270,0
5029,2301,0
5029,2320,0
5031,2326,0
5031,2324,0
5036,2323,0
5044,2316,0
5047,2301,0
5055,2280,1
5110,2164,0
5132,2155,0
5147,2151,0
5157,2149,0
5170,2157,0
5183,2169,0
5189,2186,0
5192,2205,0
5190,2227,0
5190,2253,0
5190,2281,0
5188,2302,1
5343,2323,0
5341,2328,0
5344,2338,0
5343,2350,0
5344,2366,1
5715,2200,0
5711,2190,0
5709,2175,0
5707,2158,0
5699,2138,1
5657,2104,0
5639,2103,0
5619,2111,0
5603,2128,0
5586,2154,0
5564,2185,0
5552,2221,0
5550,2254,0
5556,2280,0
5571,2294,0
5590,2300,0
5617,2299,0
5644,2289,0
5665,2272,0
5683,2251,0
5703,2227,0
5710,2202,0
5717,2176,0
5719,2160,0
5722,2153,1
5779,2092,0
5781,2095,0
5778,2103,0
5775,2120,0
5774,2145,1
5765,2196,0
5764,2219,0
5766,2234,0
5764,2238,0
5768,2239,0
5765,2234,0
5762,2223,0
5761,2205,0
5763,2181,0
5766,2154,0
5772,2127,0
5784,2099,0
5797,2078,0
5815,2065,0
5832,2058,0
5849,2058,0
5859,2063,0
5868,2072,0
5882,2090,0
5887,2111,0
5890,2137,0
5889,2160,0
5894,2181,0
5896,2195,1
5957,1952,1
5955,2026,0
5950,2063,0
5950,2096,0
5949,2128,0
5957,2153,0
5961,2173,0
5969,2186,0
5979,2193,1
6046,2091,0
6048,2107,0
6052,2118,0
6063,2125,0
6074,2129,0
6091,2129,0
6104,2127,0
6112,2119,0
6124,2112,0
6133,2099,0
6143,2084,0
6148,2069,0
6149,2057,0
6155,2053,0
6150,2053,0
6150,2053,0
6150,2065,0
6155,2084,0
6153,2112,0
6158,2144,0
6165,2181,0
6172,2218,0
6174,2255,0
6177,2289,0
6166,2316,0
6148,2338,0
6128,2355,0
6106,2366,0
6080,2365,0
6061,2359,0
6040,2345,0
6030,2329,0
6021,2309,1