we should be running into
622
525,4832,1
518,4859,0
515,4883,0
516,4903,0
516,4932,0
518,4948,0
521,4968,0
527,4977,0
535,4982,0
540,4978,0
545,4975,0
550,4963,0
554,4951,0
558,4932,0
563,4917,0
568,4909,0
571,4901,0
574,4901,0
578,4906,0
583,4915,0
591,4927,0
600,4941,0
610,4949,0
620,4963,0
632,4963,0
644,4965,0
651,4961,0
658,4950,0
663,4942,0
668,4918,0
671,4895,0
674,4875,0
675,4854,0
675,4839,0
673,4830,0
673,4827,0
674,4823,1
739,4892,0
748,4897,0
761,4910,0
774,4919,0
787,4919,0
800,4916,0
810,4909,0
819,4897,0
825,4886,0
828,4869,0
829,4857,0
825,4842,0
818,4837,0
808,4836,0
795,4836,0
781,4851,0
768,4866,0
758,4886,0
753,4905,0
754,4925,0
762,4946,0
774,4954,0
791,4968,0
812,4969,0
837,4974,1
1145,4796,0
1171,4771,0
1192,4747,0
1210,4731,0
1220,4710,0
1225,4698,0
1225,4690,0
1219,4690,0
1205,4695,0
1186,4707,0
1165,4719,0
1144,4740,0
1129,4756,0
1122,4772,0
1124,4788,0
1134,4796,0
1150,4804,0
1175,4807,0
1203,4814,0
1232,4818,0
1259,4825,0
1283,4832,0
1300,4839,0
1312,4855,0
1314,4870,0
1308,4887,0
1293,4904,0
1271,4924,0
1242,4941,0
1213,4954,0
1184,4967,0
1165,4971,0
1150,4968,1
1404,4548,0
1405,4557,0
1405,4568,0
1406,4576,0
1408,4588,0
1408,4592,0
1406,4601,0
1406,4612,0
1405,4620,0
1405,4629,0
1406,4637,0
1406,4644,0
1406,4652,0
1408,4656,0
1408,4664,0
1408,4669,0
1409,4676,0
1410,4681,0
1411,4688,0
1411,4693,0
1410,4700,0
1411,4708,0
1411,4717,0
1413,4724,0
1412,4732,0
1414,4741,0
1413,4753,0
1414,4760,0
1416,4768,0
1416,4776,0
1416,4784,0
1417,4792,0
1415,4800,0
1416,4808,0
1414,4816,0
1416,4824,0
1415,4828,0
1416,4836,0
1416,4845,0
1416,4849,0
1414,4852,0
1414,4856,0
1414,4861,0
1413,4864,0
1413,4869,0
1413,4869,0
1411,4869,0
1411,4864,0
1411,4861,0
1412,4857,0
1414,4848,0
1419,4840,0
1424,4823,0
1435,4811,0
1445,4794,0
1459,4781,0
1476,4763,0
1492,4754,0
1512,4743,0
1520,4739,0
1535,4738,0
1537,4741,0
1548,4756,0
1553,4772,0
1556,4792,0
1560,4808,0
1566,4827,0
1573,4842,0
1585,4853,1
1669,4851,0
1660,4837,0
1654,4825,0
1652,4801,0
1657,4780,0
1668,4763,0
1684,4744,0
1705,4738,0
1724,4727,1
1789,4791,0
1778,4808,0
1760,4827,0
1736,4842,1
1846,4680,0
1857,4686,0
1861,4693,0
1862,4713,0
1856,4735,1
1858,4864,0
1874,4878,0
1892,4879,0
1911,4871,0
1925,4857,0
1943,4838,0
1956,4818,0
1965,4789,0
1971,4763,0
1970,4734,0
1971,4710,0
1969,4685,1
2077,4565,0
2075,4594,0
2072,4628,0
2072,4664,0
2068,4702,0
2067,4739,0
2069,4775,0
2074,4811,0
2079,4838,1
2231,4721,0
2229,4717,0
2226,4719,0
2219,4720,0
2210,4730,0
2198,4741,0
2185,4761,0
2173,4780,0
2161,4804,0
2155,4829,0
2152,4851,0
2156,4871,0
2164,4886,0
2175,4895,0
2186,4897,0
2198,4894,0
2209,4887,0
2218,4872,0
2226,4850,0
2230,4825,0
2236,4794,0
2239,4760,0
2243,4726,0
2245,4688,0
2248,4646,0
2251,4609,0
2253,4575,0
2255,4541,0
2258,4512,0
2259,4490,0
2260,4473,0
2260,4461,0
2260,4457,1
2745,4589,0
2732,4573,0
2724,4559,0
2718,4552,0
2717,4553,0
2716,4553,0
2719,4565,0
2724,4584,0
2726,4609,0
2731,4645,0
2737,4690,0
2740,4736,0
2741,4787,0
2741,4838,0
2734,4878,0
2729,4914,0
2723,4933,0
2721,4934,0
2721,4929,0
2722,4912,0
2726,4881,0
2736,4848,0
2748,4814,0
2762,4779,0
2778,4752,0
2792,4734,0
2808,4727,0
2822,4727,0
2835,4735,0
2844,4752,0
2849,4776,0
2846,4811,0
2831,4847,0
2806,4883,0
2777,4914,0
2751,4940,0
2729,4952,1
2912,4794,0
2924,4803,0
2938,4810,0
2951,4814,0
2963,4813,0
2977,4803,0
2994,4792,0
3003,4770,0
3013,4753,0
3017,4731,0
3017,4712,0
3011,4702,0
3004,4696,0
2990,4698,0
2973,4705,0
2960,4728,0
2946,4755,0
2936,4781,0
2933,4812,0
2938,4845,0
2948,4871,0
2965,4895,0
2986,4912,0
3011,4920,0
3037,4917,1
3510,4761,0
3505,4755,0
3503,4742,0
3504,4723,0
3513,4705,0
3525,4685,0
3540,4663,0
3557,4649,0
3573,4636,0
3587,4637,0
3595,4642,0
3604,4656,0
3611,4678,0
3617,4708,0
3617,4740,0
3618,4780,0
3617,4822,0
3613,4860,0
3607,4886,0
3606,4910,0
3604,4915,0
3603,4915,0
3606,4914,0
3610,4898,0
3617,4868,0
3628,4834,0
3639,4796,0
3651,4753,0
3662,4710,0
3676,4674,0
3683,4637,0
3691,4610,0
3694,4584,1
3789,4752,0
3786,4768,0
3785,4786,0
3783,4806,0
3785,4828,1
3796,4882,0
3805,4890,0
3815,4894,0
3828,4891,0
3839,4880,0
3858,4864,0
3870,4834,0
3882,4804,0
3897,4775,0
3906,4746,0
3912,4719,0
3914,4695,0
3914,4675,0
3913,4661,0
3911,4649,0
3909,4646,1
4022,4772,0
4023,4763,0
4026,4741,0
4030,4720,0
4034,4698,0
4041,4679,0
4052,4663,0
4064,4655,0
4070,4646,0
4077,4646,0
4087,4653,0
4092,4660,0
4099,4674,0
4106,4698,0
4108,4722,0
4110,4753,0
4111,4787,0
4097,4876,0
4094,4902,0
4095,4925,0
4097,4938,0
4097,4943,0
4101,4941,1
4039,4743,0
4038,4743,0
4038,4743,0
4035,4745,0
4040,4757,0
4036,4768,0
4031,4782,0
4026,4804,0
4020,4826,0
4016,4847,0
4015,4867,0
4013,4877,0
4022,4887,1
4249,4698,0
4247,4710,0
4240,4728,0
4233,4753,0
4228,4781,0
4223,4813,0
4217,4836,0
4212,4859,0
4207,4871,0
4204,4879,0
4203,4874,0
4208,4857,0
4216,4833,0
4228,4805,0
4238,4774,0
4254,4748,0
4265,4716,0
4278,4692,0
4290,4674,0
4301,4661,0
4308,4652,0
4314,4652,0
4319,4657,0
4327,4672,0
4333,4697,0
4335,4725,0
4334,4760,0
4328,4794,0
4331,4827,0
4328,4852,0
4328,4872,0
4330,4880,1
4467,4678,0
4469,4677,0
4475,4683,0
4480,4693,0
4478,4715,0
4478,4740,0
4472,4824,0
4469,4841,0
4470,4854,0
4472,4858,1
4469,4577,0
4468,4572,0
4466,4568,0
4466,4569,0
4467,4573,1
4551,4700,0
4559,4709,0
4565,4719,0
4574,4747,0
4581,4773,0
4580,4788,0
4572,4825,0
4570,4831,0
4571,4835,0
4571,4835,0
4573,4829,0
4577,4811,0
4587,4789,0
4611,4734,0
4625,4708,0
4642,4689,0
4652,4666,0
4667,4654,0
4681,4644,0
4689,4642,0
4704,4656,0
4710,4676,0
4714,4700,0
4714,4729,0
4713,4792,0
4708,4816,0
4710,4835,0
4717,4845,1
4903,4647,0
4897,4637,0
4893,4630,0
4887,4628,0
4869,4633,0
4847,4647,0
4828,4668,0
4810,4688,0
4794,4727,0
4794,4738,0
4801,4747,0
4828,4741,0
4842,4729,0
4861,4714,0
4875,4691,0
4891,4672,0
4898,4651,0
4902,4632,0
4906,4623,0
4907,4616,0
4906,4618,0
4911,4624,0
4907,4644,0
4913,4670,0
4912,4702,0
4920,4737,0
4931,4832,0
4933,4882,0
4934,4934,0
4929,4984,0
4915,5024,0
4898,5058,0
4879,5084,0
4856,5096,0
4833,5098,0
4819,5089,0
4809,5067,0
4807,5038,0
4814,5002,0
4857,4932,0
4895,4903,0
4936,4875,0
4982,4847,0
5028,4829,0
5074,4816,1
5329,4629,0
5332,4637,0
5332,4643,0
5337,4659,0
5342,4677,0
5342,4699,0
5347,4721,0
5350,4752,0
5353,4776,0
5349,4801,0
5349,4823,0
5352,4842,0
5347,4847,1
5313,4533,0
5308,4532,0
5308,4533,0
5308,4533,0
5310,4536,1
5437,4624,0
5439,4633,0
5448,4647,0
5455,4663,0
5458,4682,0
5463,4705,0
5464,4731,0
5465,4753,0
5466,4780,0
5464,4798,0
5462,4806,0
5462,4811,0
5460,4807,0
5462,4800,0
5464,4782,0
5468,4761,0
5475,4733,0
5486,4705,0
5499,4681,0
5510,4660,0
5520,4644,0
5530,4634,0
5538,4632,0
5543,4632,0
5552,4641,0
5559,4656,0
5567,4676,0
5573,4705,0
5575,4731,0
5583,4761,0
5590,4787,0
5596,4810,0
5600,4823,1
5609,4635,0
5612,4637,0
5617,4638,0
5626,4639,0
5648,4640,0
5668,4637,0
5694,4633,0
5721,4628,0
5745,4620,0
5771,4615,0
5793,4605,0
5812,4596,0
5824,4583,1
5793,4451,0
5790,4448,0
5787,4445,0
5789,4450,0
5786,4459,0
5781,4476,0
5776,4505,0
5769,4542,0
5757,4584,0
5746,4625,0
5740,4671,0
5736,4715,0
5731,4755,0
5735,4791,0
5736,4818,0
5740,4838,0
5746,4848,1
5963,4774,0
5960,4782,0
5952,4790,0
5939,4794,0
5928,4793,0
5916,4788,0
5904,4777,0
5899,4766,0
5894,4748,0
5893,4731,0
5896,4711,0
5906,4693,0
5919,4676,0
5929,4658,0
5945,4646,0
5964,4642,0
5979,4639,0
5993,4640,0
6012,4650,0
6025,4665,0
6037,4682,0
6044,4704,0
6045,4727,0
6039,4750,0
6030,4772,0
6017,4792,0
6000,4805,0
5985,4814,0
5968,4816,0
5950,4811,0
5938,4800,0
5929,4787,0
5918,4763,1