down at the fast-disappearing
723
672,3757,0
673,3749,0
673,3737,0
669,3725,0
658,3707,0
641,3694,0
617,3691,0
590,3691,0
559,3702,0
530,3718,0
506,3743,0
488,3769,0
480,3800,0
482,3820,0
497,3842,0
518,3846,0
547,3846,0
580,3835,0
611,3811,0
641,3786,0
667,3756,0
685,3718,0
696,3679,0
702,3644,0
701,3612,0
697,3583,0
692,3566,0
684,3557,0
678,3553,0
677,3553,0
678,3565,0
681,3585,0
682,3618,0
682,3650,0
682,3691,0
682,3731,0
689,3771,0
700,3797,0
719,3814,0
749,3826,0
783,3824,1
896,3792,0
905,3773,0
909,3756,0
904,3736,0
891,3719,0
871,3703,0
846,3697,0
821,3691,0
795,3694,0
772,3699,0
756,3714,0
746,3717,0
745,3737,0
752,3754,0
766,3766,0
786,3776,0
805,3782,0
827,3784,0
846,3777,0
863,3771,0
877,3759,0
889,3740,0
895,3728,0
900,3712,1
927,3669,0
927,3673,0
926,3677,0
925,3685,0
927,3701,0
932,3709,0
940,3730,0
949,3750,0
957,3762,0
967,3779,0
975,3783,0
981,3779,0
984,3779,0
987,3767,0
990,3747,0
994,3736,0
998,3715,0
1000,3708,0
1002,3704,0
1003,3708,0
1003,3708,0
1006,3720,0
1011,3732,0
1021,3752,0
1035,3769,0
1052,3788,0
1070,3805,0
1085,3809,0
1100,3813,0
1110,3812,0
1115,3800,0
1119,3785,0
1120,3764,1
1172,3707,0
1172,3707,0
1171,3708,0
1172,3724,0
1179,3759,0
1189,3799,0
1189,3811,0
1190,3819,0
1192,3827,0
1192,3823,0
1190,3807,0
1194,3791,0
1196,3763,0
1203,3738,0
1211,3714,0
1222,3698,0
1232,3685,0
1242,3677,0
1252,3677,0
1261,3688,0
1269,3696,0
1278,3715,0
1286,3738,0
1295,3762,0
1305,3785,0
1315,3805,0
1329,3819,0
1348,3831,0
1371,3829,1
1780,3712,0
1784,3711,0
1790,3706,0
1785,3699,0
1778,3692,0
1766,3682,0
1754,3676,0
1742,3679,0
1725,3682,0
1705,3689,0
1682,3697,0
1660,3718,0
1643,3741,0
1631,3759,0
1628,3779,0
1634,3795,0
1650,3808,0
1674,3817,0
1702,3816,0
1731,3807,0
1761,3793,0
1784,3772,0
1802,3748,0
1819,3733,0
1825,3715,0
1827,3711,0
1827,3711,0
1827,3715,0
1826,3714,0
1829,3731,0
1834,3750,0
1841,3769,0
1851,3791,0
1860,3806,0
1870,3820,0
1880,3826,0
1889,3824,1
1915,3530,0
1915,3514,0
1917,3505,0
1914,3502,0
1915,3506,0
1916,3525,0
1921,3561,0
1923,3595,0
1932,3641,0
1935,3686,0
1941,3730,0
1948,3773,0
1954,3813,0
1960,3845,0
1965,3868,0
1969,3880,0
1973,3887,1
1891,3766,0
1884,3755,0
1886,3747,0
1892,3737,0
1906,3734,0
1923,3726,0
1949,3723,0
1978,3725,0
2010,3725,0
2038,3725,0
2066,3730,0
2088,3737,0
2106,3744,1
2560,3603,0
2558,3604,0
2559,3608,0
2558,3621,0
2557,3643,0
2556,3670,0
2557,3704,0
2557,3739,0
2557,3773,0
2560,3816,0
2564,3853,0
2564,3887,0
2564,3913,0
2564,3930,0
2562,3935,0
2562,3927,0
2560,3906,1
2499,3767,0
2506,3752,0
2512,3735,0
2526,3725,0
2548,3717,0
2572,3711,0
2598,3705,0
2626,3696,1
2710,3570,0
2705,3563,0
2707,3571,0
2704,3581,0
2704,3608,0
2712,3645,0
2719,3690,0
2728,3739,0
2742,3790,0
2747,3831,0
2760,3877,0
2763,3907,0
2769,3931,0
2769,3935,0
2770,3934,0
2770,3926,0
2773,3907,0
2777,3884,0
2786,3862,0
2793,3836,0
2808,3820,0
2818,3807,0
2824,3800,0
2834,3808,0
2840,3823,0
2847,3842,0
2853,3865,0
2862,3887,0
2878,3911,0
2894,3921,0
2918,3936,0
2938,3940,1
2931,3930,0
2925,3923,0
2923,3916,0
2931,3907,0
2946,3892,0
2970,3883,0
2993,3867,0
3016,3851,0
3035,3836,0
3048,3824,0
3049,3814,0
3044,3809,0
3033,3810,0
3011,3812,0
2992,3827,0
2974,3845,0
2962,3865,0
2963,3887,0
2974,3909,0
2994,3925,0
3030,3942,0
3074,3955,0
3131,3966,0
3188,3971,1
3600,3663,0
3580,3643,0
3564,3629,0
3542,3621,0
3521,3621,0
3507,3636,0
3496,3658,0
3491,3691,0
3486,3732,0
3487,3780,0
3487,3828,0
3496,3884,0
3503,3933,0
3510,3975,0
3519,4017,0
3525,4051,0
3525,4075,0
3518,4088,0
3508,4089,0
3493,4085,0
3477,4072,0
3454,4052,0
3436,4036,0
3420,4012,0
3408,3986,0
3402,3962,0
3402,3938,0
3411,3924,0
3426,3910,0
3448,3901,0
3479,3895,0
3519,3898,0
3559,3900,0
3600,3902,0
3635,3902,0
3665,3901,0
3688,3900,0
3703,3899,0
3702,3894,0
3693,3887,0
3673,3875,0
3654,3875,0
3626,3874,0
3601,3877,0
3576,3884,0
3557,3896,0
3547,3909,0
3544,3919,0
3555,3931,0
3579,3940,0
3607,3940,0
3643,3940,0
3679,3935,0
3709,3928,0
3728,3916,0
3738,3908,0
3737,3904,0
3735,3906,0
3733,3907,0
3734,3911,0
3735,3920,0
3735,3930,0
3744,3943,0
3754,3956,0
3768,3966,1
3901,3918,0
3899,3910,0
3882,3896,0
3860,3889,0
3832,3884,0
3802,3882,0
3786,3888,0
3783,3891,0
3790,3896,0
3819,3909,0
3852,3920,0
3896,3936,0
3937,3951,0
3971,3964,0
3998,3985,0
4006,3999,0
4005,4014,0
3989,4022,0
3966,4029,0
3941,4033,0
3916,4037,0
3883,4030,0
3860,4027,0
3844,4020,0
3830,4005,1
3964,3731,0
3971,3732,0
3976,3732,0
3981,3739,0
3985,3756,0
3991,3782,0
3997,3813,0
4010,3849,0
4020,3887,0
4029,3921,0
4036,3951,0
4039,3973,0
4049,3995,0
4047,4003,0
4046,4009,0
4039,4004,0
4036,4002,1
3969,3937,0
3966,3928,0
3971,3920,0
3983,3910,0
4006,3903,0
4033,3897,0
4065,3892,0
4099,3890,1
4301,3946,0
4295,3950,0
4298,3953,0
4298,3953,0
4308,3956,0
4318,3953,0
4336,3953,0
4357,3951,0
4379,3947,1
4702,3960,0
4702,3954,0
4704,3949,0
4694,3940,0
4684,3939,0
4663,3937,0
4638,3944,0
4612,3953,0
4584,3966,0
4567,3988,0
4553,4006,0
4550,4025,0
4554,4038,0
4574,4047,0
4594,4045,0
4621,4037,0
4648,4023,0
4678,4005,0
4700,3980,0
4716,3948,0
4730,3917,0
4737,3883,0
4742,3855,0
4741,3834,0
4735,3817,0
4731,3810,0
4729,3812,0
4729,3812,0
4725,3822,0
4734,3847,0
4739,3876,0
4744,3909,0
4749,3943,0
4760,3978,0
4767,4005,0
4780,4025,0
4792,4036,1
4839,3991,0
4837,3987,0
4837,3987,0
4836,3988,0
4833,3989,0
4839,4000,0
4844,4012,0
4852,4027,0
4858,4038,0
4870,4048,0
4877,4053,0
4885,4051,1
4848,3855,0
4842,3850,0
4838,3843,0
4835,3841,0
4833,3842,1
5033,3976,0
5032,3977,0
5026,3977,0
5007,3974,0
4980,3967,0
4956,3969,0
4939,3970,0
4931,3972,0
4936,3973,0
4948,3978,0
4969,3983,0
4997,3990,0
5028,3998,0
5055,4011,0
5076,4023,0
5086,4036,0
5084,4044,0
5079,4055,0
5069,4065,0
5055,4073,0
5035,4077,0
5013,4077,0
4996,4077,0
4982,4074,0
4976,4074,0
4972,4073,0
4974,4070,0
4981,4069,0
4999,4068,1
5277,4019,0
5277,4013,0
5277,4003,0
5265,3991,0
5244,3978,0
5218,3972,0
5187,3969,0
5161,3974,0
5134,3979,0
5117,3992,0
5110,4005,0
5113,4019,0
5125,4036,0
5146,4043,0
5175,4048,0
5209,4051,0
5240,4048,0
5262,4043,0
5278,4036,0
5286,4027,0
5284,4017,0
5282,4014,0
5278,4012,0
5274,4010,0
5277,4013,0
5285,4022,0
5289,4030,0
5303,4044,0
5315,4055,1
5369,3989,0
5368,3990,0
5370,3988,0
5371,3993,0
5380,4008,0
5383,4028,0
5396,4061,0
5404,4094,0
5410,4129,0
5416,4164,0
5417,4193,0
5415,4217,0
5405,4229,0
5395,4234,0
5382,4229,0
5366,4212,0
5359,4191,0
5348,4162,0
5340,4128,0
5337,4096,0
5344,4065,0
5357,4032,0
5375,4007,0
5396,3989,0
5419,3976,0
5438,3971,0
5458,3979,0
5467,3988,0
5475,4003,0
5470,4020,0
5458,4035,0
5439,4049,0
5419,4059,0
5405,4070,0
5390,4074,0
5381,4072,0
5379,4068,1
5513,3976,0
5515,3975,0
5523,3978,0
5525,3981,0
5532,3997,0
5535,4019,0
5538,4045,0
5542,4073,0
5550,4105,0
5555,4135,0
5561,4165,0
5552,4186,0
5545,4201,0
5537,4208,0
5526,4204,0
5518,4196,0
5506,4172,0
5500,4150,0
5499,4121,0
5497,4086,0
5508,4055,0
5522,4027,0
5543,4003,0
5568,3987,0
5597,3978,0
5620,3974,0
5648,3985,0
5664,3997,0
5676,4013,0
5680,4027,0
5671,4044,0
5656,4061,0
5636,4073,0
5614,4080,0
5600,4085,0
5583,4080,0
5580,4077,1
5680,4051,0
5693,4056,0
5711,4053,0
5729,4049,0
5743,4039,0
5760,4031,0
5774,4020,0
5788,4010,0
5791,4000,0
5791,3993,0
5784,3988,0
5751,3986,0
5725,3992,0
5705,4004,0
5684,4017,0
5670,4033,0
5663,4048,0
5666,4063,0
5683,4080,0
5706,4089,1
5928,4072,0
5938,4060,0
5945,4046,0
5941,4031,0
5928,4015,0
5911,4004,0
5887,3995,0
5863,3993,0
5832,3993,0
5817,4006,0
5798,4017,0
5791,4032,0
5795,4051,0
5810,4065,0
5834,4080,0
5856,4085,0
5880,4086,0
5904,4082,0
5928,4078,0
5941,4069,0
5945,4056,0
5950,4050,0
5952,4048,0
5960,4051,0
5971,4058,0
5984,4066,0
6001,4077,0
6017,4089,0
6027,4094,0
6033,4100,0
6030,4099,0
6023,4094,0
6013,4082,0
6003,4068,0
5996,4051,0
5995,4034,0
6000,4020,0
6008,4003,0
6027,3991,0
6046,3980,0
6061,3974,0
6078,3972,0
6091,3974,0
6107,3980,1
6202,4013,0
6201,4009,0
6203,4005,0
6201,4000,0
6202,3999,0
6201,4002,0
6198,4004,0
6202,4019,0
6205,4036,0
6213,4057,0
6218,4073,0
6225,4089,0
6228,4097,1
6168,3884,0
6163,3877,0
6169,3870,0
6166,3860,0
6169,3855,1
6266,4095,0
6260,4095,0
6259,4090,0
6259,4077,0
6254,4058,0
6253,4039,0
6256,4021,0
6264,4003,0
6280,3988,0
6298,3978,0
6321,3973,0
6337,3971,0
6354,3976,0
6365,3987,0
6370,4000,0
6377,4020,0
6373,4037,0
6372,4058,0
6375,4075,0
6384,4090,0
6399,4103,1
6543,4089,0
6548,4075,0
6546,4058,0
6531,4036,0
6507,4015,0
6454,3993,0
6428,3988,0
6411,3991,0
6406,3998,0
6411,4012,0
6432,4038,0
6461,4065,0
6496,4099,0
6531,4134,0
6565,4174,0
6591,4214,0
6602,4245,0
6605,4275,0
6601,4302,0
6578,4319,0
6557,4326,0
6531,4328,0
6506,4320,0
6486,4308,0
6471,4294,0
6473,4278,0
6480,4261,0
6492,4239,0
6520,4222,0
6553,4205,0
6591,4193,0
6626,4179,0
6664,4167,0
6702,4162,0
6739,4159,1