would find the bus safe and sound
838
844,3460,0
844,3460,0
844,3465,0
844,3464,0
842,3465,0
841,3468,0
837,3472,0
835,3479,0
828,3503,0
815,3514,0
801,3537,0
789,3556,0
780,3576,0
775,3599,0
773,3615,0
775,3631,0
779,3636,0
790,3636,0
805,3629,0
820,3619,0
835,3604,0
849,3589,0
859,3570,0
865,3554,0
869,3546,0
872,3546,0
869,3559,0
860,3578,0
852,3605,0
850,3629,0
851,3641,0
859,3641,0
870,3638,0
885,3627,0
901,3616,0
919,3597,0
931,3573,0
941,3550,0
948,3522,0
955,3510,0
959,3498,0
958,3491,0
960,3494,0
962,3498,0
968,3499,0
978,3499,0
1001,3504,0
1090,3496,0
1114,3488,0
1134,3488,0
1143,3480,0
1146,3480,0
1144,3484,0
1132,3496,0
1112,3524,0
1085,3544,0
1274,3571,0
1057,3592,0
1059,3604,0
1067,3608,0
1079,3600,0
1112,3576,0
1124,3552,0
1134,3525,0
1138,3504,0
1139,3492,0
1137,3484,0
1136,3488,0
1135,3492,0
1135,3492,0
1150,3504,0
1171,3515,0
1194,3515,0
1218,3518,0
1240,3521,0
1257,3512,0
1274,3507,0
1287,3498,0
1295,3486,0
1303,3477,0
1305,3469,0
1305,3465,0
1303,3461,0
1303,3462,0
1302,3461,0
1300,3465,0
1297,3481,0
1288,3506,0
1276,3531,0
1266,3548,0
1263,3568,0
1262,3584,0
1263,3592,0
1269,3604,0
1277,3599,0
1288,3583,0
1302,3561,0
1315,3540,0
1327,3515,0
1338,3498,0
1344,3482,0
1348,3477,0
1346,3474,0
1344,3486,0
1337,3510,0
1328,3539,0
1320,3560,0
1321,3580,0
1330,3600,1
1371,3628,0
1376,3616,0
1389,3614,0
1404,3605,0
1423,3588,0
1445,3569,0
1470,3546,0
1494,3515,0
1521,3479,0
1546,3443,0
1566,3408,0
1580,3382,0
1586,3356,0
1585,3341,0
1578,3329,0
1566,3323,0
1550,3326,0
1530,3344,0
1505,3368,0
1483,3411,0
1461,3455,0
1446,3496,0
1442,3533,0
1445,3561,0
1452,3588,0
1462,3607,0
1478,3617,0
1500,3619,0
1527,3607,0
1561,3590,0
1597,3569,0
1631,3548,0
1659,3527,0
1681,3507,0
1695,3496,0
1698,3491,0
1697,3491,0
1690,3497,0
1670,3517,0
1645,3546,0
1621,3578,0
1603,3601,0
1594,3614,0
1596,3626,0
1600,3625,0
1614,3624,0
1635,3616,0
1655,3597,0
1679,3580,0
1703,3556,0
1727,3527,0
1746,3490,0
1766,3454,0
1780,3418,0
1794,3390,0
1798,3365,0
1798,3352,0
1790,3351,0
1775,3362,0
1760,3402,0
1742,3443,0
1726,3478,0
1717,3508,0
1715,3542,0
1715,3570,1
2246,3397,0
2239,3390,0
2233,3384,0
2229,3385,0
2222,3387,0
2211,3400,0
2198,3426,0
2181,3470,0
2157,3515,0
2136,3564,0
2106,3590,0
2085,3633,0
2066,3668,0
2051,3693,0
2038,3697,0
2036,3697,0
2034,3677,1
2081,3568,0
2082,3568,0
2087,3566,0
2104,3566,0
2128,3562,0
2161,3548,0
2201,3530,0
2239,3514,0
2270,3498,0
2292,3482,0
2304,3473,0
2304,3469,0
2304,3477,0
2288,3491,0
2270,3524,0
2254,3555,0
2248,3578,0
2249,3590,0
2256,3597,0
2265,3589,0
2285,3583,0
2309,3569,0
2337,3554,0
2365,3532,0
2396,3515,0
2415,3494,0
2434,3483,0
2441,3479,0
2442,3479,0
2439,3489,0
2429,3510,0
2411,3539,0
2392,3560,0
2378,3578,0
2369,3585,0
2365,3583,0
2370,3580,0
2384,3562,0
2408,3536,0
2434,3500,0
2470,3476,0
2502,3455,0
2516,3443,0
2523,3449,0
2519,3465,0
2508,3491,0
2490,3520,0
2475,3543,0
2469,3563,0
2467,3573,0
2473,3579,0
2487,3578,0
2505,3561,0
2531,3551,0
2555,3531,0
2579,3508,0
2603,3491,0
2623,3479,0
2639,3472,0
2644,3469,0
2640,3466,0
2634,3469,0
2617,3477,0
2597,3508,0
2579,3551,0
2564,3584,0
2564,3602,0
2571,3603,0
2581,3594,0
2601,3576,0
2628,3556,0
2659,3524,0
2691,3481,0
2722,3435,0
2749,3394,0
2769,3375,0
2770,3370,0
2764,3382,0
2744,3410,0
2715,3448,0
2700,3500,0
2689,3540,0
2682,3557,0
2686,3573,1
2348,3370,0
2343,3368,0
2343,3364,0
2350,3357,0
2356,3346,1
3117,3363,0
3116,3372,0
3107,3387,0
3095,3414,0
3076,3449,0
3057,3484,0
3037,3515,0
3020,3547,0
3001,3576,0
2987,3603,0
2971,3616,0
2966,3628,0
2964,3629,1
2979,3506,0
2969,3512,0
2968,3517,0
2981,3528,0
3001,3535,0
3031,3536,0
3054,3522,0
3084,3510,0
3119,3503,1
3221,3332,0
3218,3329,0
3214,3332,0
3211,3349,0
3198,3376,0
3178,3413,0
3158,3454,0
3135,3493,0
3117,3522,0
3103,3545,0
3091,3552,0
3092,3556,0
3098,3556,0
3110,3541,0
3132,3518,0
3156,3493,0
3179,3484,0
3189,3483,0
3192,3490,0
3192,3510,0
3189,3535,0
3183,3552,0
3186,3569,0
3192,3580,0
3199,3580,0
3216,3575,0
3238,3555,0
3267,3532,0
3296,3503,0
3316,3476,0
3324,3461,0
3327,3464,0
3309,3466,0
3287,3491,0
3264,3515,0
3253,3536,0
3252,3547,1
3705,3401,0
3708,3404,0
3697,3397,0
3694,3401,0
3689,3414,0
3681,3436,0
3664,3465,0
3646,3493,0
3626,3520,0
3614,3548,0
3602,3568,0
3595,3583,0
3591,3590,0
3592,3595,0
3592,3595,0
3595,3597,0
3595,3597,0
3595,3597,0
3595,3597,0
3595,3597,0
3595,3597,0
3592,3595,0
3594,3598,0
3594,3598,0
3594,3598,0
3591,3595,0
3593,3599,0
3593,3599,0
3594,3598,0
3593,3599,0
3592,3599,0
3591,3600,0
3591,3600,0
3591,3605,0
3591,3609,0
3592,3614,0
3595,3617,0
3598,3619,0
3596,3616,0
3605,3619,0
3616,3621,0
3626,3624,0
3632,3619,0
3642,3622,0
3648,3618,0
3656,3612,0
3667,3604,0
3671,3586,0
3684,3571,0
3691,3550,0
3706,3538,0
3717,3525,0
3720,3513,0
3720,3502,0
3718,3498,0
3712,3493,0
3705,3489,0
3706,3487,0
3709,3490,0
3706,3488,0
3708,3491,0
3711,3493,0
3713,3497,0
3713,3498,0
3715,3501,0
3712,3498,0
3715,3501,0
3712,3498,0
3718,3504,0
3715,3501,0
3718,3503,0
3715,3501,0
3718,3504,0
3718,3503,0
3718,3503,0
3718,3503,0
3712,3498,0
3712,3498,0
3715,3501,0
3715,3501,0
3715,3501,0
3715,3501,0
3718,3503,0
3715,3501,0
3718,3503,0
3718,3503,0
3721,3506,0
3715,3501,0
3718,3504,0
3720,3507,0
3723,3510,0
3722,3511,0
3732,3518,0
3739,3522,0
3749,3525,0
3754,3522,0
3766,3522,0
3776,3519,0
3788,3515,0
3793,3506,0
3802,3503,0
3808,3498,0
3813,3493,0
3815,3487,0
3820,3488,0
3824,3490,0
3820,3488,0
3820,3488,0
3818,3490,0
3820,3493,0
3812,3501,0
3802,3519,0
3788,3545,0
3776,3571,0
3766,3583,0
3771,3600,0
3781,3607,0
3788,3607,0
3802,3601,0
3824,3592,0
3855,3579,0
3880,3553,0
3911,3527,0
3932,3499,0
3949,3484,0
3952,3476,0
3956,3484,0
3950,3504,0
3932,3530,0
3920,3556,0
3910,3575,0
3904,3590,0
3913,3602,0
3918,3599,0
3941,3596,0
3962,3584,0
3981,3562,1
4073,3476,0
4075,3474,0
4066,3471,0
4057,3479,0
4036,3486,0
4027,3506,0
4024,3525,0
4034,3543,0
4050,3561,0
4066,3573,0
4062,3571,0
4068,3577,0
4055,3571,0
4041,3574,0
4022,3575,0
4008,3576,0
4000,3582,1
4468,3478,0
4461,3474,0
4453,3470,0
4443,3469,0
4439,3474,0
4425,3483,0
4408,3493,0
4387,3503,0
4381,3526,0
4369,3532,0
4381,3547,0
4383,3551,0
4394,3563,0
4391,3566,0
4402,3578,0
4394,3580,0
4394,3592,0
4372,3597,0
4350,3605,0
4326,3613,0
4305,3621,0
4291,3628,0
4290,3629,0
4291,3628,0
4300,3626,0
4316,3616,0
4357,3615,0
4381,3593,0
4426,3582,0
4456,3559,0
4494,3538,0
4526,3515,0
4553,3494,0
4569,3477,0
4572,3468,0
4572,3469,0
4565,3476,0
4541,3490,0
4513,3523,0
4483,3554,0
4464,3585,0
4454,3600,0
4459,3607,0
4462,3598,0
4485,3586,0
4506,3566,0
4531,3544,0
4553,3523,0
4560,3504,0
4571,3503,0
4571,3516,0
4569,3541,0
4559,3562,0
4561,3577,0
4568,3581,0
4584,3576,0
4610,3562,0
4634,3537,0
4668,3507,0
4707,3469,0
4748,3429,0
4781,3392,0
4799,3358,0
4812,3339,0
4814,3329,0
4809,3329,0
4798,3336,0
4779,3359,0
4753,3393,0
4730,3438,0
4706,3483,0
4683,3525,0
4658,3563,0
4641,3599,0
4621,3624,0
4608,3644,0
4606,3658,1
4608,3592,0
4611,3595,0
4616,3596,0
4627,3596,0
4647,3592,0
4666,3578,0
4700,3565,0
4729,3541,0
4760,3518,0
4789,3498,0
4807,3478,0
4823,3467,0
4825,3465,0
4818,3466,0
4802,3483,0
4783,3510,0
4772,3534,0
4765,3549,0
4764,3561,0
4768,3564,0
4784,3568,1
5145,3475,0
5139,3470,0
5136,3467,0
5124,3464,0
5111,3467,0
5093,3476,0
5070,3491,0
5050,3515,0
5032,3543,0
5017,3566,0
5017,3585,0
5024,3595,0
5033,3597,0
5050,3596,0
5066,3590,0
5084,3580,0
5101,3566,0
5116,3548,0
5123,3527,0
5134,3515,0
5132,3510,0
5131,3518,0
5123,3539,0
5111,3567,0
5107,3590,0
5105,3604,0
5113,3613,0
5127,3617,0
5139,3609,0
5161,3595,0
5189,3573,0
5216,3547,0
5241,3516,0
5264,3493,0
5281,3479,0
5288,3469,0
5291,3472,0
5289,3474,0
5292,3491,0
5279,3513,0
5263,3539,0
5245,3562,0
5233,3582,0
5222,3590,0
5224,3594,0
5221,3591,0
5229,3575,0
5236,3547,0
5262,3522,0
5291,3497,0
5320,3481,0
5338,3477,0
5349,3481,0
5351,3493,0
5345,3513,0
5336,3539,0
5321,3563,0
5313,3580,0
5311,3595,0
5310,3602,0
5319,3604,1
5408,3563,0
5431,3547,0
5446,3528,0
5454,3517,0
5458,3519,0
5451,3521,0
5441,3540,0
5419,3569,0
5399,3595,0
5391,3609,0
5390,3612,0
5398,3608,0
5406,3597,0
5425,3580,0
5447,3558,0
5472,3525,0
5499,3491,0
5524,3450,0
5561,3427,0
5581,3412,0
5568,3403,0
5571,3414,0
5549,3438,0
5520,3481,0
5493,3519,0
5477,3546,0
5477,3566,0
5488,3585,1
5932,3497,0
5928,3496,0
5924,3495,0
5916,3493,0
5902,3491,0
5894,3496,0
5871,3501,0
5865,3510,0
5856,3524,0
5859,3539,0
5874,3554,0
5879,3560,0
5892,3575,0
5892,3582,0
5895,3592,0
5892,3603,0
5879,3608,0
5868,3617,0
5851,3626,0
5824,3629,0
5803,3631,0
5798,3638,0
5788,3638,0
5788,3638,0
5791,3641,0
5799,3643,0
5816,3641,0
5843,3631,0
5876,3619,0
5913,3602,0
5946,3582,0
5987,3565,0
6016,3544,0
6042,3528,0
6055,3517,0
6058,3513,0
6058,3513,0
6043,3527,0
6020,3546,0
6002,3573,0
5986,3596,0
5985,3611,0
6002,3621,0
6019,3625,0
6027,3614,0
6032,3599,0
6048,3583,0
6058,3560,0
6075,3537,0
6074,3516,0
6076,3506,0
6070,3501,0
6075,3506,0
6076,3513,0
6077,3519,0
6083,3524,0
6099,3530,0
6119,3527,0
6139,3520,0
6157,3513,0
6182,3506,0
6196,3498,0
6205,3484,0
6213,3481,0
6214,3478,0
6214,3486,0
6206,3504,0
6194,3530,0
6183,3554,0
6177,3572,0
6178,3585,0
6182,3592,0
6186,3593,0
6189,3589,0
6205,3580,0
6214,3566,0
6227,3545,0
6244,3520,0
6261,3508,0
6276,3494,0
6273,3496,0
6276,3499,0
6274,3518,0
6271,3544,0
6261,3566,0
6259,3584,0
6271,3596,0
6284,3597,0
6297,3592,0
6312,3585,0
6331,3571,0
6353,3551,0
6375,3531,0
6392,3510,0
6415,3498,0
6425,3489,0
6428,3484,0
6430,3489,0
6430,3495,0
6426,3510,0
6420,3535,0
6412,3561,0
6405,3581,0
6399,3590,0
6399,3597,0
6400,3596,0
6401,3594,0
6408,3590,0
6418,3575,0
6436,3554,0
6486,3520,0
6505,3519,0
6507,3547,0
6498,3569,0
6493,3583,0
6498,3598,0
6500,3602,0
6510,3602,0
6521,3600,0
6537,3589,0
6557,3579,0
6580,3564,0
6606,3545,0
6628,3525,0
6640,3513,0
6646,3511,0
6647,3509,0
6646,3518,0
6636,3535,0
6616,3561,0
6603,3588,0
6587,3607,0
6589,3619,0
6587,3622,0
6592,3622,0
6597,3621,0
6609,3616,0
6626,3604,0
6646,3588,0
6662,3562,0
6686,3538,0
6705,3506,0
6715,3473,0
6728,3443,0
6744,3424,0
6742,3411,0
6742,3411,0
6736,3413,0
6724,3433,0
6704,3460,0
6684,3494,0
6678,3527,0
6668,3559,0
6669,3580,0
6671,3600,0
6675,3617,0
6679,3626,0
6685,3631,1