Roberts must have been mistaken. He
843
849,2847,0
821,2888,0
795,2930,0
771,2960,0
754,2994,0
739,3024,0
727,3043,0
719,3058,0
716,3062,0
718,3062,1
952,2801,0
937,2829,0
865,2884,0
821,2921,0
783,2953,0
755,2987,0
738,3016,0
733,3032,0
736,3048,0
749,3054,0
772,3052,0
799,3039,0
830,3018,0
868,3001,0
907,2972,0
984,2951,0
967,2987,0
954,3010,0
950,3030,0
955,3042,0
971,3027,0
982,3019,0
989,2995,0
996,2964,0
1006,2940,0
1011,2931,0
1013,2931,0
1013,2936,0
1013,2948,0
1021,2964,0
1036,2965,0
1059,2965,0
1082,2948,0
1107,2929,0
1135,2900,0
1165,2867,0
1198,2830,0
1213,2809,0
1179,2854,0
1151,2907,0
1132,2948,0
1121,2989,0
1116,3021,0
1114,3040,0
1119,3057,0
1126,3057,0
1141,3052,0
1160,3043,0
1179,3019,0
1198,2994,0
1213,2973,0
1223,2949,0
1231,2932,0
1233,2921,0
1233,2921,0
1227,2921,0
1216,2933,0
1204,2954,0
1193,2975,0
1189,2994,0
1189,3006,0
1194,3018,0
1199,3022,0
1207,3030,0
1216,3030,0
1226,3029,0
1240,3024,0
1254,3015,0
1269,3011,0
1281,3006,0
1286,3001,0
1287,2996,0
1289,3001,0
1288,2997,0
1289,3001,0
1287,2996,0
1288,3001,0
1287,3001,0
1287,3001,0
1287,3001,0
1286,2997,0
1287,3001,0
1287,3001,0
1286,2997,0
1286,3001,0
1286,3001,0
1285,3001,0
1285,3001,0
1283,2997,0
1283,3001,0
1283,3001,0
1283,3001,0
1282,2997,0
1282,3001,0
1282,3001,0
1282,3001,0
1282,3001,0
1283,3001,0
1283,3001,0
1283,3001,0
1283,3001,0
1283,3001,0
1283,3001,0
1283,3001,0
1283,3001,0
1282,2997,0
1283,3001,0
1284,3001,0
1283,2997,0
1283,3001,0
1285,2997,0
1290,2996,0
1295,2992,0
1305,2992,0
1312,2979,0
1322,2970,0
1329,2957,0
1337,2945,0
1342,2936,0
1343,2928,0
1341,2924,0
1334,2929,0
1319,2938,0
1301,2964,0
1283,2989,0
1268,3018,0
1261,3039,0
1260,3047,0
1264,3054,0
1272,3058,0
1286,3049,0
1307,3040,0
1333,3025,0
1362,3002,0
1389,2975,0
1410,2957,0
1425,2943,0
1431,2938,0
1378,3037,0
1382,3017,0
1389,2992,0
1402,2970,0
1417,2953,0
1432,2942,0
1448,2944,0
1468,2950,0
1488,2951,0
1510,2952,0
1527,2949,0
1542,2946,0
1558,2940,0
1576,2936,0
1591,2926,0
1605,2923,0
1610,2918,0
1612,2917,0
1610,2914,0
1610,2918,0
1609,2918,0
1608,2923,0
1607,2923,0
1606,2922,0
1604,2919,0
1607,2922,0
1607,2918,0
1608,2914,0
1611,2906,0
1616,2892,0
1627,2878,0
1638,2859,0
1647,2837,0
1656,2823,0
1662,2817,0
1662,2818,0
1661,2822,0
1651,2844,0
1633,2877,0
1606,2911,0
1582,2943,0
1564,2975,0
1545,2999,1
1522,2987,0
1522,2986,0
1524,2986,0
1532,2984,0
1549,2978,0
1576,2973,0
1607,2964,0
1638,2953,0
1668,2943,0
1692,2929,0
1710,2917,0
1722,2911,0
1725,2905,0
1725,2910,0
1719,2911,0
1706,2922,0
1693,2938,0
1685,2952,0
1681,2965,0
1685,2976,0
1691,2987,0
1701,3001,0
1705,3008,0
1704,3013,0
1700,3018,0
1691,3020,0
1678,3023,0
1667,3025,0
1655,3023,1
1990,2943,0
1988,2956,0
1975,2969,0
1963,2994,0
1948,3024,0
1931,3045,0
1920,3069,0
1906,3081,0
1901,3091,0
1896,3093,0
1894,3089,0
1896,3076,0
1909,3056,0
1925,3026,0
1949,2998,0
1978,2972,0
2066,2934,0
2075,2948,0
2075,2969,0
2063,2991,0
2020,3047,0
2010,3050,0
2010,3054,0
1855,3088,0
2034,3017,0
2055,2989,0
2079,2963,0
2104,2946,0
2118,2941,0
2123,2943,0
2129,2958,0
2125,2977,0
2115,3001,0
2102,3027,0
2097,3050,0
2096,3063,0
2097,3067,0
2104,3074,0
2110,3067,0
2124,3057,0
2143,3042,0
2166,3025,0
2184,2997,0
2203,2972,0
2217,2949,0
2229,2940,0
2231,2938,0
2231,2939,0
2226,2954,0
2217,2984,0
2203,3011,0
2191,3033,0
2193,3049,0
2195,3053,0
2202,3054,0
2212,3046,0
2227,3032,0
2246,3006,0
2273,2982,0
2300,2953,0
2326,2933,0
2340,2918,0
2345,2919,0
2343,2924,0
2343,2951,0
2330,2975,0
2323,3004,0
2316,3025,0
2309,3032,0
2311,3045,0
2311,3044,1
2477,2936,0
2478,2931,0
2478,2931,0
2473,2929,0
2464,2929,0
2456,2942,0
2446,2955,0
2441,2972,0
2437,2977,0
2444,2988,0
2451,2997,0
2458,3008,0
2459,3016,0
2456,3022,0
2455,3032,0
2441,3034,0
2429,3040,0
2416,3045,0
2406,3045,0
2407,3050,0
2409,3054,0
2415,3055,0
2423,3055,0
2438,3049,0
2463,3037,0
2492,3018,0
2523,2994,0
2553,2965,0
2584,2930,0
2613,2890,0
2642,2856,0
2661,2822,0
2676,2803,0
2681,2790,0
2683,2790,0
2680,2791,0
2679,2801,0
2669,2820,0
2658,2856,0
2629,2886,0
2614,2926,0
2602,2961,0
2591,2989,0
2585,3015,0
2580,3035,1
2544,2996,0
2545,2996,0
2547,2995,0
2562,2996,0
2582,2985,0
2612,2978,0
2642,2971,0
2666,2966,0
2680,2954,1
2951,2805,0
2945,2799,0
2941,2797,0
2942,2801,0
2941,2811,0
2938,2832,0
2924,2857,0
2909,2892,0
2889,2924,0
2871,2959,0
2854,2985,0
2843,3010,0
2835,3025,0
2832,3027,0
2835,3029,0
2840,3012,0
2856,2988,0
2877,2956,0
2902,2930,0
2927,2913,0
2943,2902,0
2951,2902,0
2960,2910,0
2965,2926,0
2954,2934,0
2959,2959,0
2951,2975,0
2950,2994,0
2951,3008,0
2953,3011,0
2961,3015,0
2972,3012,0
2992,3004,0
3011,2987,0
3033,2967,0
3059,2948,0
3081,2928,0
3099,2910,0
3119,2900,0
3127,2888,0
3133,2890,0
3128,2888,0
3128,2893,0
3112,2905,0
3093,2924,0
3071,2954,0
3054,2986,0
3045,3007,0
3045,3017,0
3052,3027,0
3054,3025,0
3067,3026,0
3082,3016,0
3101,3002,0
3119,2979,0
3138,2955,0
3156,2937,0
3170,2931,0
3170,2931,0
3169,2943,0
3165,2965,0
3156,2987,0
3150,3006,0
3151,3020,0
3156,3026,0
3167,3028,0
3180,3023,0
3200,3013,0
3224,2996,0
3250,2970,0
3281,2947,0
3309,2924,0
3333,2910,0
3346,2899,0
3354,2897,0
3351,2895,0
3351,2901,0
3343,2912,0
3327,2930,0
3310,2955,0
3297,2980,0
3285,2995,0
3286,3009,0
3286,3013,0
3291,3015,0
3297,3010,0
3310,3000,0
3329,2985,0
3344,2963,0
3363,2943,0
3375,2931,0
3378,2925,0
3380,2928,0
3386,2934,0
3399,2943,0
3416,2951,0
3442,2960,0
3460,2955,0
3481,2948,0
3508,2941,0
3525,2924,0
3539,2906,0
3546,2884,0
3550,2876,0
3544,2876,0
3535,2890,0
3511,2916,0
3487,2947,0
3465,2972,0
3454,2992,0
3460,3007,0
3472,3013,0
3500,3015,1
3782,2910,0
3790,2902,0
3806,2891,0
3826,2877,0
3851,2861,0
3875,2844,0
3900,2828,0
3918,2808,0
3931,2789,0
3947,2777,0
3947,2766,0
3944,2763,0
3933,2763,0
3918,2774,0
3890,2791,0
3860,2824,0
3829,2863,0
3804,2905,0
3785,2938,0
3778,2969,0
3776,2993,0
3776,3003,0
3781,3005,0
3793,3005,0
3803,2994,0
3820,2983,0
3831,2963,0
3840,2942,0
3851,2925,0
3855,2910,0
3859,2906,0
3861,2910,0
3860,2916,0
3865,2929,0
3870,2934,0
3878,2938,0
3892,2941,0
3904,2941,0
3918,2936,0
3938,2927,0
3957,2914,0
3974,2901,0
3991,2889,0
3995,2878,0
3996,2872,0
3996,2872,0
3980,2871,0
3963,2884,0
3943,2905,0
3926,2928,0
3916,2949,0
3916,2963,0
3917,2967,0
3927,2974,0
3933,2972,0
3951,2971,0
3969,2965,0
3995,2955,0
4022,2938,0
4052,2924,0
4073,2906,0
4090,2893,0
4102,2881,0
4106,2869,0
4108,2862,0
4103,2856,0
4097,2856,0
4081,2862,0
4062,2877,0
4037,2892,0
4017,2913,0
3999,2933,0
3995,2955,0
3993,2968,0
3996,2977,0
4003,2981,0
4022,2984,0
4039,2978,0
4063,2970,0
4094,2960,0
4121,2943,0
4149,2930,0
4172,2917,0
4185,2901,0
4198,2892,0
4207,2883,0
4214,2881,0
4212,2877,0
4215,2880,0
4210,2879,0
4208,2888,0
4193,2898,0
4176,2917,0
4157,2939,0
4142,2955,0
4134,2965,0
4129,2964,0
4133,2966,0
4133,2960,0
4147,2950,0
4169,2931,0
4194,2909,0
4225,2892,0
4251,2886,0
4259,2883,0
4266,2893,0
4263,2909,0
4251,2922,0
4246,2940,0
4250,2955,0
4254,2963,0
4270,2968,0
4291,2963,1
4521,2919,0
4507,2941,0
4491,2967,0
4480,2994,0
4461,3010,0
4456,3010,0
4461,3004,0
4468,2990,0
4477,2965,0
4499,2939,0
4523,2910,0
4544,2883,0
4567,2866,0
4589,2858,0
4603,2858,0
4609,2863,0
4616,2882,0
4621,2907,0
4601,2926,0
4594,2949,0
4579,2967,0
4573,2981,0
4560,2984,0
4562,2987,0
4560,2984,0
4569,2974,0
4577,2950,0
4598,2924,0
4620,2901,0
4661,2887,0
4676,2873,0
4694,2864,0
4698,2866,0
4702,2873,0
4698,2898,0
4693,2924,0
4676,2947,0
4673,2972,0
4667,2984,0
4670,2994,0
4675,2994,0
4685,2993,0
4695,2982,0
4714,2970,0
4726,2948,0
4744,2930,0
4772,2913,0
4787,2893,0
4804,2883,0
4807,2878,0
4807,2878,0
4800,2888,0
4794,2910,0
4785,2936,0
4773,2959,0
4764,2977,0
4764,2991,0
4760,2995,0
4765,3001,0
4767,2999,1
4845,2799,0
4833,2787,0
4839,2786,0
4835,2784,0
4835,2784,1
4946,2883,0
4942,2876,0
4935,2879,0
4921,2878,0
4913,2895,0
4899,2908,0
4891,2933,0
4884,2950,0
4900,2969,0
4908,2978,0
4917,2987,0
4912,2987,0
4917,2993,0
4911,2995,0
4893,2999,0
4859,2998,0
4838,2999,0
4815,3002,0
4801,3002,0
4792,2994,0
4799,2977,1
5072,2755,0
5072,2755,0
5067,2755,0
5062,2769,0
5066,2801,0
5052,2835,0
5035,2869,0
5017,2900,0
5007,2930,0
4987,2950,0
4982,2970,0
4974,2983,0
4974,2990,1
4946,2912,0
4947,2911,0
4951,2911,0
4968,2916,0
4982,2917,0
5008,2915,0
5030,2910,0
5061,2907,0
5083,2897,0
5113,2888,0
5136,2876,0
5161,2869,0
5175,2859,0
5185,2853,0
5187,2849,0
5192,2849,0
5177,2849,0
5160,2862,0
5125,2879,0
5098,2911,0
5073,2941,0
5065,2958,0
5067,2969,0
5074,2973,0
5078,2968,0
5097,2962,0
5110,2950,0
5137,2938,0
5146,2919,0
5162,2901,0
5170,2890,0
5177,2893,0
5178,2906,0
5171,2923,0
5167,2944,0
5166,2960,0
5168,2972,1
5353,2727,0
5356,2729,0
5356,2730,0
5351,2737,0
5346,2762,0
5333,2799,0
5315,2834,0
5295,2867,0
5284,2897,0
5269,2921,0
5266,2947,0
5253,2960,0
5251,2969,1
5420,2856,0
5406,2855,0
5389,2861,0
5364,2870,0
5338,2889,0
5330,2916,0
5319,2932,0
5322,2943,0
5331,2951,0
5348,2954,0
5364,2951,0
5388,2943,0
5408,2928,0
5436,2912,0
5462,2894,0
5473,2876,0
5484,2866,0
5486,2863,0
5480,2864,0
5470,2875,0
5453,2895,0
5441,2914,0
5435,2931,0
5433,2940,0
5438,2947,0
5446,2949,0
5460,2950,0
5465,2942,0
5483,2936,0
5502,2927,0
5520,2915,0
5541,2904,0
5561,2894,0
5571,2883,0
5583,2880,0
5585,2877,0
5584,2878,0
5584,2878,0
5580,2885,0
5571,2894,0
5559,2905,0
5547,2916,0
5536,2926,0
5534,2931,0
5533,2931,0
5537,2931,0
5538,2924,0
5552,2908,0
5570,2886,0
5595,2860,0
5626,2840,0
5649,2832,0
5662,2834,0
5660,2837,0
5665,2859,0
5654,2878,0
5644,2895,0
5640,2910,0
5643,2920,0
5653,2926,0
5680,2929,1
5788,2958,0
5788,2958,0
5788,2958,0
5785,2955,0
5778,2953,1
6165,2738,0
6166,2753,0
6159,2775,0
6142,2808,0
6122,2846,0
6101,2884,0
6075,2924,0
6061,2957,0
6042,2983,0
6028,3006,0
6020,3021,0
6019,3024,0
6022,3018,1
6258,2747,0
6267,2746,0
6267,2746,0
6266,2759,0
6252,2785,0
6236,2817,0
6214,2850,0
6194,2881,0
6177,2913,0
6160,2935,0
6148,2959,0
6137,2977,0
6126,2981,1
6075,2883,0
6073,2886,0
6080,2889,0
6093,2890,0
6119,2895,0
6152,2900,0
6178,2902,1
6244,2939,0
6252,2942,0
6263,2938,0
6282,2928,0
6301,2917,0
6323,2901,0
6336,2893,0
6349,2876,0
6360,2866,0
6363,2859,0
6351,2854,0
6329,2854,0
6310,2866,0
6283,2885,0
6254,2912,0
6232,2935,0
6235,2957,0
6246,2971,0
6268,2980,0
6307,2982,0
6348,2974,0
6389,2965,0
6432,2960,0
6469,2959,1