clockwork? Time passed. Local bus disappears
621
1369,2865,0
1341,2876,0
1318,2890,1
1493,2776,0
1491,2789,0
1483,2818,0
1476,2860,0
1470,2897,0
1470,2929,0
1471,2950,0
1472,2961,0
1474,2965,1
1539,2955,0
1531,2956,0
1527,2953,0
1520,2942,0
1515,2930,0
1513,2910,0
1522,2901,0
1531,2887,0
1542,2890,0
1544,2889,0
1545,2901,0
1543,2926,0
1531,2928,0
1635,2888,0
1628,2890,0
1616,2896,0
1601,2912,0
1589,2926,0
1590,2943,0
1596,2953,0
1605,2951,0
1619,2945,1
1725,2803,0
1719,2812,0
1713,2842,0
1696,2863,0
1690,2897,0
1684,2919,0
1677,2929,0
1679,2937,0
1681,2932,0
1693,2934,0
1708,2926,0
1717,2903,0
1731,2896,1
1699,2919,0
1691,2938,0
1689,2955,0
1693,2963,1
1780,2909,0
1777,2914,0
1776,2934,0
1777,2942,0
1781,2945,0
1789,2947,0
1797,2941,0
1803,2927,0
1810,2926,0
1810,2926,0
1809,2938,0
1807,2955,0
1810,2967,0
1816,2973,0
1825,2967,0
1841,2954,0
1860,2936,0
1883,2922,0
1901,2904,0
1915,2895,0
1925,2893,1
1942,2954,0
1937,2956,0
1937,2960,0
1932,2953,0
1932,2945,0
1935,2926,0
1947,2910,0
1961,2902,0
1974,2897,0
1981,2896,0
1987,2906,0
1985,2923,0
1980,2943,1
2027,2910,0
2027,2914,0
2026,2936,0
2019,2946,0
2014,2953,0
2014,2956,0
2015,2955,0
2019,2946,0
2034,2941,0
2051,2927,0
2066,2913,0
2082,2902,0
2096,2902,1
2216,2837,0
2207,2854,0
2198,2879,0
2192,2903,0
2182,2916,0
2181,2938,0
2176,2944,0
2172,2941,0
2175,2944,0
2186,2949,0
2198,2943,0
2212,2930,0
2227,2919,1
2201,2929,0
2198,2943,0
2197,2958,0
2198,2961,0
2205,2971,1
2323,2850,0
2340,2843,0
2354,2836,0
2368,2833,0
2385,2839,0
2393,2843,0
2400,2854,0
2403,2870,0
2398,2881,0
2384,2893,0
2371,2917,0
2352,2926,0
2345,2942,0
2340,2948,0
2338,2950,0
2343,2955,0
2350,2953,1
2345,3025,0
2344,3030,0
2348,3033,0
2345,3025,0
2353,3030,1
2693,2849,0
2693,2853,0
2692,2883,0
2689,2917,0
2688,2945,0
2684,2965,0
2681,2981,0
2678,2992,0
2674,2994,1
2623,2844,0
2625,2842,0
2634,2837,0
2647,2830,0
2666,2828,0
2686,2820,0
2707,2812,0
2732,2811,0
2752,2813,1
2767,2948,0
2763,2951,0
2766,2978,0
2765,2992,0
2762,2999,1
2815,2834,0
2815,2829,0
2816,2823,0
2818,2817,0
2821,2811,1
2822,2948,0
2822,2958,0
2825,2979,0
2823,2981,0
2823,2980,0
2826,2979,0
2835,2973,0
2840,2960,0
2847,2951,0
2852,2953,0
2850,2953,0
2849,2964,0
2846,2976,0
2847,2979,0
2849,2979,0
2849,2973,0
2856,2965,1
2873,2949,0
2870,2946,0
2873,2958,0
2873,2972,0
2868,2975,0
2868,2981,0
2873,2987,0
2874,2982,1
2921,2965,0
2927,2971,0
2936,2975,0
2948,2971,0
2960,2964,1
2975,2943,0
2980,2935,0
2982,2925,0
2980,2916,0
2975,2915,0
2961,2919,0
2953,2940,0
2943,2960,0
2941,2981,0
2950,2994,0
2963,3000,0
2979,3004,1
3164,3041,0
3153,3064,0
3142,3081,0
3141,3091,0
3139,3088,0
3135,3081,0
3139,3069,0
3141,3037,0
3154,3003,0
3173,2974,0
3195,2958,0
3212,2945,0
3227,2938,0
3238,2941,0
3241,2947,0
3240,2958,0
3237,2971,0
3224,2975,0
3216,2982,0
3206,2979,0
3204,2972,1
3325,2926,1
3293,2963,0
3281,2982,0
3279,2999,0
3279,3004,0
3286,3004,0
3291,2994,0
3298,2980,0
3300,2963,0
3308,2956,0
3309,2955,0
3308,2957,0
3302,2965,0
3303,2980,0
3305,2989,0
3316,2995,0
3329,2991,1
3417,2928,0
3405,2933,0
3392,2944,0
3375,2953,0
3361,2970,0
3349,2979,0
3344,2984,0
3350,2989,0
3361,2990,0
3368,2984,0
3378,2987,0
3378,2987,0
3374,2989,0
3364,2998,0
3355,3006,0
3349,3011,0
3349,3016,1
3463,2936,0
3455,2944,0
3436,2954,0
3425,2968,0
3417,2980,0
3416,2991,0
3422,2996,0
3427,2999,0
3434,3003,0
3429,3002,0
3421,3009,0
3408,3013,0
3397,3018,1
3470,2978,0
3472,2976,0
3488,2979,0
3502,2977,0
3513,2972,0
3521,2965,0
3528,2960,0
3531,2957,0
3528,2954,1
3510,2953,0
3498,2959,0
3481,2968,0
3469,2983,0
3464,2999,0
3466,3012,0
3474,3021,0
3486,3022,1
3604,2972,0
3598,2977,0
3588,2992,0
3576,3008,0
3570,3030,0
3567,3042,0
3570,3045,0
3578,3042,0
3595,3029,0
3617,3010,0
3636,2986,0
3654,2954,0
3677,2926,0
3690,2898,0
3696,2881,0
3700,2877,0
3695,2876,0
3684,2888,0
3666,2910,0
3650,2935,0
3641,2960,0
3638,2979,0
3642,2992,0
3641,2992,0
3648,2991,1
3753,2998,0
3754,3002,0
3753,3004,0
3759,3009,0
3764,3010,1
3937,2876,0
3931,2883,0
3923,2909,0
3913,2941,0
3901,2971,0
3892,2998,0
3882,3013,0
3883,3022,0
3882,3023,0
3882,3023,0
3895,3023,0
3912,3017,0
3943,3014,0
3962,3006,0
3978,3000,0
3995,2995,0
4010,2992,1
4059,3033,0
4056,3036,0
4045,3035,0
4035,3034,0
4029,3029,0
4031,3021,0
4040,3006,0
4053,2992,0
4069,2982,0
4082,2978,0
4093,2979,0
4098,2985,0
4094,2996,1
4163,2974,0
4148,2990,0
4133,3006,0
4129,3029,0
4128,3042,0
4128,3042,0
4140,3041,0
4157,3033,0
4175,3020,1
4265,2968,1
4244,2979,0
4232,2993,0
4217,3011,0
4205,3029,0
4199,3041,0
4201,3045,0
4208,3044,0
4220,3036,0
4237,3023,0
4251,3007,0
4262,2989,0
4266,2979,0
4262,2978,0
4269,2988,0
4264,3006,0
4256,3021,0
4252,3036,0
4255,3046,0
4258,3042,0
4271,3034,1
4384,2890,0
4377,2899,0
4365,2926,0
4351,2954,0
4344,2981,0
4338,3000,0
4333,3011,0
4333,3017,0
4330,3015,1
4611,2934,0
4607,2931,0
4605,2934,0
4595,2941,0
4581,2965,0
4570,2999,0
4556,3026,0
4554,3048,0
4557,3064,0
4560,3066,0
4574,3062,0
4593,3052,0
4605,3037,0
4608,3027,0
4608,3021,0
4601,3016,0
4586,3016,0
4570,3017,0
4561,3021,0
4555,3022,0
4559,3023,1
4675,3021,0
4670,3033,0
4666,3050,0
4672,3069,0
4676,3076,0
4681,3077,0
4685,3071,0
4693,3062,0
4705,3047,1
4811,2988,0
4809,2989,0
4800,2989,0
4787,2993,0
4770,3002,0
4758,3011,0
4753,3017,0
4752,3020,0
4758,3025,0
4766,3033,0
4768,3037,0
4769,3042,0
4760,3047,0
4751,3053,0
4736,3058,0
4727,3063,0
4724,3068,1
4994,3051,0
4988,3045,0
4985,3042,0
4979,3043,0
4968,3053,0
4960,3076,0
4952,3093,0
4951,3100,0
4960,3103,0
4970,3095,0
4985,3076,0
5002,3053,0
5018,3024,0
5033,2996,0
5048,2968,0
5064,2952,0
5064,2945,0
5069,2946,0
5065,2951,0
5051,2971,0
5033,3004,0
5024,3036,0
5023,3057,0
5026,3068,0
5028,3071,1
5088,3036,0
5082,3045,0
5079,3069,0
5072,3086,0
5072,3100,1
5137,2967,0
5131,2962,0
5132,2960,0
5131,2955,0
5131,2955,1
5162,3042,1
5139,3062,0
5127,3071,0
5117,3077,0
5115,3081,0
5122,3085,0
5130,3080,0
5146,3079,0
5148,3076,0
5148,3076,0
5146,3085,0
5132,3093,0
5115,3103,1
5254,3044,0
5243,3039,0
5242,3040,0
5224,3044,0
5209,3059,0
5196,3078,0
5185,3100,0
5183,3111,0
5186,3113,0
5195,3107,0
5213,3096,0
5230,3079,0
5244,3058,0
5255,3041,0
5255,3036,0
5261,3041,0
5250,3057,0
5245,3078,0
5236,3092,0
5240,3105,0
5245,3105,1
5325,3096,0
5315,3124,0
5313,3162,0
5299,3181,0
5296,3193,0
5295,3194,0
5295,3194,0
5296,3185,0
5297,3163,0
5307,3136,0
5320,3110,0
5331,3087,0
5349,3075,0
5358,3069,0
5366,3072,0
5357,3078,0
5356,3093,0
5346,3100,0
5347,3106,0
5339,3104,0
5339,3098,1
5438,3064,0
5428,3072,0
5431,3103,0
5426,3132,0
5424,3157,0
5419,3172,0
5416,3183,0
5412,3181,0
5408,3180,0
5411,3168,0
5416,3148,0
5419,3122,0
5436,3097,0
5448,3072,0
5463,3062,0
5472,3058,0
5476,3058,0
5475,3067,0
5462,3079,0
5448,3093,0
5449,3106,1
5591,3101,0
5595,3103,0
5602,3107,0
5605,3108,0
5610,3103,0
5621,3093,0
5627,3083,0
5624,3073,0
5622,3068,0
5611,3063,0
5590,3059,0
5580,3067,0
5568,3086,0
5552,3103,0
5542,3118,0
5542,3132,0
5544,3144,0
5561,3154,0
5580,3155,0
5590,3146,0
5603,3140,1
5713,3102,0
5706,3099,0
5706,3100,0
5702,3106,0
5687,3116,0
5677,3132,0
5673,3144,0
5669,3151,0
5678,3157,0
5685,3154,0
5694,3141,0
5699,3124,0
5708,3112,0
5711,3105,0
5711,3105,0
5709,3109,0
5704,3125,0
5704,3139,0
5704,3146,0
5710,3152,0
5725,3153,1
5781,3107,0
5780,3126,0
5775,3141,0
5770,3147,0
5770,3148,0
5768,3144,0
5775,3134,0
5783,3120,0
5798,3112,0
5807,3098,0
5822,3088,0
5831,3081,1
5911,3055,0
5903,3055,0
5899,3062,0
5887,3066,0
5876,3076,0
5864,3080,0
5865,3088,0
5865,3093,0
5868,3097,0
5875,3100,0
5878,3104,0
5881,3107,0
5877,3112,0
5870,3117,0
5861,3124,0
5848,3129,0
5839,3136,1