&quot;We &apos;ll have to.&quot;
358
797,4628,0
796,4631,0
793,4635,0
791,4647,0
787,4663,0
781,4674,0
776,4686,0
773,4698,0
771,4706,1
868,4616,0
867,4620,0
867,4616,0
866,4623,0
866,4631,0
863,4635,0
859,4643,0
855,4659,0
851,4666,0
846,4675,0
842,4686,0
839,4694,0
837,4702,0
838,4702,0
837,4706,0
838,4710,0
839,4706,1
1026,4636,0
1022,4644,0
1015,4656,0
1008,4672,0
1001,4688,0
994,4712,0
987,4731,0
979,4759,0
975,4779,0
974,4799,0
977,4816,0
981,4827,0
986,4831,0
991,4828,0
999,4824,0
1005,4816,0
1010,4804,0
1015,4792,0
1022,4780,0
1027,4777,0
1027,4776,0
1027,4776,0
1025,4784,0
1022,4800,0
1020,4816,0
1024,4832,0
1027,4844,0
1040,4852,0
1056,4860,0
1073,4861,0
1088,4857,0
1102,4848,0
1113,4840,0
1124,4828,0
1132,4809,0
1138,4788,0
1144,4764,0
1150,4740,0
1153,4716,0
1154,4688,0
1157,4668,0
1153,4644,0
1149,4628,0
1141,4620,0
1132,4616,1
1206,4763,0
1215,4767,0
1223,4766,0
1231,4762,0
1238,4762,0
1244,4758,0
1247,4753,0
1248,4745,0
1249,4746,0
1249,4738,0
1251,4734,0
1246,4726,0
1243,4722,0
1234,4718,0
1225,4718,0
1216,4719,0
1207,4727,0
1200,4735,0
1193,4743,0
1190,4759,0
1186,4779,0
1185,4795,0
1186,4811,0
1190,4827,0
1198,4843,0
1208,4851,0
1220,4850,0
1236,4857,0
1250,4849,1
1411,4612,0
1413,4620,0
1416,4632,0
1415,4636,0
1413,4648,0
1410,4657,0
1405,4664,0
1401,4673,0
1398,4681,1
1512,4631,0
1510,4640,0
1508,4656,0
1503,4669,0
1497,4685,0
1490,4710,0
1486,4731,0
1480,4755,0
1477,4775,0
1473,4796,0
1472,4812,0
1471,4823,0
1471,4828,1
1578,4649,0
1573,4661,0
1565,4670,0
1559,4687,0
1554,4707,0
1551,4728,0
1549,4748,0
1544,4769,0
1541,4789,0
1541,4809,0
1544,4825,0
1543,4833,0
1545,4841,1
1861,4580,1
1853,4610,0
1849,4630,0
1846,4647,0
1839,4669,0
1833,4694,0
1826,4720,0
1816,4746,0
1809,4771,0
1804,4792,0
1803,4812,0
1802,4825,0
1802,4829,0
1804,4833,0
1804,4833,0
1804,4824,0
1806,4816,0
1807,4804,0
1813,4787,0
1816,4774,0
1821,4756,0
1828,4743,0
1836,4730,0
1847,4720,0
1857,4710,0
1867,4705,0
1879,4702,0
1886,4705,0
1895,4707,0
1900,4719,0
1905,4730,0
1908,4746,0
1906,4758,0
1906,4779,0
1901,4796,0
1899,4809,0
1897,4821,0
1893,4825,0
1891,4830,0
1891,4835,0
1893,4834,1
2066,4710,0
2065,4711,0
2062,4707,0
2059,4707,0
2053,4709,0
2049,4710,0
2041,4707,0
2034,4709,0
2026,4711,0
2021,4716,0
2014,4722,0
2007,4735,0
1997,4741,0
1988,4760,0
1978,4773,0
1972,4787,0
1968,4804,0
1968,4816,0
1971,4828,0
1978,4830,0
1985,4833,0
1996,4831,0
2005,4825,0
2015,4815,0
2025,4801,0
2036,4786,0
2048,4780,0
2058,4765,0
2064,4748,0
2067,4739,0
2068,4735,0
2069,4739,0
2069,4739,0
2067,4743,0
2063,4756,0
2058,4770,0
2051,4780,0
2049,4796,0
2048,4813,0
2049,4825,0
2054,4840,0
2059,4843,0
2067,4849,0
2076,4847,0
2087,4841,0
2097,4830,0
2107,4821,0
2118,4806,0
2125,4787,1
2150,4728,0
2154,4723,0
2154,4719,0
2153,4719,0
2155,4727,0
2154,4739,0
2152,4753,0
2154,4768,0
2156,4789,0
2159,4808,0
2164,4823,0
2170,4834,0
2176,4845,0
2183,4852,0
2187,4851,0
2193,4850,0
2194,4837,0
2199,4823,0
2205,4809,0
2212,4792,0
2221,4773,0
2230,4754,0
2236,4736,0
2242,4727,1
2309,4763,0
2315,4761,0
2323,4759,0
2333,4756,0
2346,4753,0
2359,4749,0
2371,4742,0
2379,4735,0
2385,4729,0
2385,4725,0
2379,4718,0
2369,4713,0
2357,4716,0
2345,4720,0
2329,4724,0
2316,4736,0
2302,4748,0
2294,4763,0
2288,4781,0
2287,4798,0
2288,4813,0
2294,4828,0
2304,4838,0
2321,4846,0
2340,4850,1
2600,4642,0
2594,4652,0
2591,4669,0
2586,4688,0
2579,4711,0
2572,4735,0
2564,4763,0
2557,4790,0
2550,4813,0
2543,4837,0
2536,4847,0
2533,4857,0
2533,4860,1
2547,4722,0
2557,4723,0
2569,4727,0
2583,4727,0
2598,4726,0
2615,4729,0
2627,4729,0
2634,4727,0
2639,4729,1
2720,4743,0
2718,4740,0
2719,4739,0
2716,4736,0
2714,4736,0
2712,4734,0
2707,4731,0
2705,4736,0
2696,4735,0
2690,4741,0
2681,4748,0
2672,4756,0
2662,4763,0
2654,4775,0
2649,4789,0
2647,4803,0
2656,4833,0
2666,4839,0
2677,4839,0
2690,4838,0
2707,4833,0
2723,4827,0
2736,4814,0
2747,4801,0
2754,4790,0
2755,4777,0
2751,4762,1
2854,4835,0
2852,4835,0
2849,4832,0
2852,4835,0
2852,4835,0
2849,4832,0
2849,4832,0
2854,4835,0
2854,4830,1
2972,4523,0
2974,4526,0
2975,4531,0
2973,4531,0
2971,4536,0
2970,4546,0
2969,4555,0
2965,4565,0
2964,4574,0
2961,4584,0
2959,4589,0
2958,4594,0
2960,4598,1
3035,4521,0
3034,4521,0
3035,4526,0
3033,4531,0
3029,4538,0
3029,4550,0
3024,4557,0
3025,4570,0
3024,4579,0
3021,4585,0
3021,4594,0
3016,4591,0
3017,4595,1