surplus would be bad, very
700
929,2487,0
930,2484,0
934,2477,0
943,2464,0
954,2450,0
970,2438,0
987,2422,0
1006,2420,0
1020,2416,0
1032,2424,0
1041,2441,0
1045,2461,0
1044,2485,0
1039,2509,0
1035,2532,0
1028,2548,0
1024,2564,0
1023,2568,0
1025,2569,0
1032,2560,0
1044,2549,0
1060,2529,0
1078,2504,0
1096,2485,0
1113,2461,0
1129,2440,0
1141,2427,0
1146,2420,0
1146,2424,0
1143,2427,0
1138,2440,0
1131,2456,0
1127,2476,0
1126,2492,0
1130,2504,0
1139,2508,0
1153,2507,0
1171,2499,0
1191,2482,0
1213,2465,0
1233,2448,0
1248,2430,0
1258,2422,0
1259,2417,0
1258,2417,0
1257,2422,0
1253,2442,0
1247,2458,0
1246,2483,0
1247,2499,0
1256,2514,0
1267,2521,0
1285,2523,0
1305,2518,0
1328,2511,0
1351,2501,0
1372,2482,0
1392,2468,0
1407,2453,0
1417,2444,0
1420,2444,0
1419,2443,0
1418,2444,0
1418,2456,0
1414,2469,0
1412,2485,0
1411,2502,0
1412,2509,0
1414,2513,0
1419,2516,0
1419,2508,0
1426,2503,0
1435,2494,0
1440,2473,0
1452,2458,0
1461,2441,0
1473,2430,0
1482,2421,0
1492,2415,0
1503,2417,0
1512,2415,0
1521,2417,0
1532,2424,0
1539,2426,0
1550,2437,0
1558,2443,0
1565,2446,0
1573,2451,0
1580,2455,0
1584,2458,0
1582,2454,0
1582,2454,0
1582,2454,0
1582,2454,0
1580,2451,0
1578,2446,0
1577,2444,0
1579,2447,0
1578,2443,0
1579,2447,0
1577,2444,0
1578,2446,0
1578,2455,0
1575,2472,0
1568,2490,0
1561,2520,0
1550,2543,0
1543,2568,0
1539,2593,0
1532,2603,0
1531,2607,0
1532,2607,0
1532,2603,0
1535,2590,0
1539,2565,0
1550,2547,0
1560,2520,0
1573,2497,0
1587,2478,0
1603,2461,0
1616,2446,0
1631,2439,0
1645,2435,0
1658,2436,0
1672,2441,0
1681,2446,0
1689,2457,0
1691,2469,0
1686,2478,0
1681,2492,0
1666,2500,0
1651,2508,0
1638,2516,0
1622,2514,0
1610,2514,0
1602,2511,0
1601,2511,0
1602,2511,0
1610,2514,0
1621,2507,0
1643,2502,0
1672,2495,0
1702,2478,0
1733,2461,0
1762,2445,0
1788,2428,0
1807,2410,0
1817,2386,0
1824,2370,0
1822,2362,0
1817,2360,0
1801,2357,0
1786,2366,0
1772,2383,0
1759,2404,0
1752,2427,0
1751,2448,0
1756,2467,0
1766,2481,0
1780,2493,0
1797,2497,0
1817,2499,0
1838,2497,0
1857,2490,0
1872,2476,0
1886,2463,0
1898,2451,0
1905,2439,0
1906,2430,0
1906,2431,0
1902,2428,0
1899,2429,0
1898,2438,0
1899,2454,0
1899,2467,0
1904,2482,0
1914,2495,0
1926,2504,0
1937,2504,0
1952,2503,0
1968,2502,0
1983,2495,0
1997,2486,0
2009,2477,0
2014,2466,0
2019,2464,0
2019,2464,0
2014,2461,0
2015,2466,0
2014,2470,0
2013,2484,0
2015,2496,0
2019,2507,0
2027,2516,0
2037,2522,0
2044,2519,0
2057,2518,0
2067,2513,0
2079,2504,0
2092,2494,0
2106,2484,0
2116,2470,0
2125,2462,0
2139,2460,0
2148,2455,0
2155,2452,0
2162,2453,0
2170,2458,0
2179,2468,0
2181,2475,0
2186,2490,0
2182,2502,0
2176,2517,0
2167,2531,0
2157,2540,0
2147,2548,0
2136,2553,0
2130,2556,0
2128,2557,0
2127,2552,0
2133,2550,1
2417,2473,0
2416,2474,0
2416,2478,0
2413,2490,0
2413,2508,0
2411,2523,0
2415,2543,0
2420,2559,0
2428,2572,0
2438,2577,0
2453,2572,0
2472,2561,0
2493,2544,0
2515,2522,0
2533,2501,0
2552,2485,0
2562,2474,0
2565,2472,0
2568,2475,0
2567,2475,0
2566,2485,0
2566,2495,0
2572,2505,0
2584,2517,0
2597,2522,0
2613,2526,0
2627,2527,0
2636,2521,0
2647,2519,0
2646,2514,0
2643,2507,0
2640,2499,0
2636,2492,0
2630,2486,0
2627,2483,0
2627,2483,0
2632,2485,0
2638,2481,0
2651,2482,0
2663,2478,0
2685,2478,0
2706,2478,0
2728,2478,0
2745,2474,0
2758,2470,0
2767,2468,0
2768,2468,0
2768,2468,0
2764,2466,0
2758,2466,0
2745,2464,0
2731,2470,0
2721,2482,0
2710,2495,0
2700,2507,0
2697,2518,0
2702,2530,0
2707,2536,0
2720,2542,0
2737,2545,0
2750,2540,0
2765,2534,0
2777,2530,0
2784,2520,0
2791,2516,0
2786,2504,0
2784,2496,0
2779,2490,0
2772,2485,0
2767,2484,0
2765,2485,0
2766,2485,0
2770,2487,0
2778,2491,0
2793,2495,0
2808,2493,0
2829,2492,0
2847,2489,0
2864,2486,0
2874,2482,0
2878,2480,0
2877,2481,0
2876,2482,0
2868,2487,0
2858,2500,0
2849,2518,0
2840,2533,0
2839,2550,0
2840,2560,0
2849,2567,0
2861,2568,0
2880,2564,0
2900,2555,0
2922,2543,0
2939,2529,0
2954,2517,0
2963,2504,0
2967,2502,0
2967,2502,0
2966,2502,0
2965,2504,0
2961,2506,0
2959,2514,0
2955,2521,0
2960,2532,0
2965,2538,0
2976,2546,0
2989,2550,0
3006,2552,0
3022,2550,0
3040,2545,0
3056,2537,0
3073,2528,0
3085,2518,0
3097,2507,0
3103,2492,0
3107,2478,0
3109,2466,0
3104,2453,0
3103,2449,0
3097,2444,0
3085,2439,0
3076,2441,0
3065,2450,0
3054,2465,0
3043,2480,0
3037,2500,0
3036,2517,0
3042,2533,0
3052,2545,0
3069,2557,0
3088,2563,0
3112,2568,0
3137,2567,0
3160,2564,0
3183,2560,0
3198,2552,0
3212,2545,0
3221,2538,0
3223,2529,0
3228,2524,1
3230,2518,0
3228,2519,0
3223,2519,0
3215,2521,0
3207,2527,0
3197,2538,0
3189,2555,0
3180,2568,0
3179,2579,0
3183,2586,0
3193,2588,0
3210,2584,0
3229,2573,0
3250,2559,0
3266,2539,0
3283,2518,0
3296,2495,0
3305,2480,0
3307,2473,0
3305,2468,0
3302,2466,0
3298,2470,0
3293,2481,0
3287,2502,0
3281,2526,0
3286,2553,0
3296,2577,0
3312,2595,0
3338,2608,1
3483,2564,0
3493,2559,0
3509,2549,0
3530,2538,0
3549,2524,0
3567,2505,0
3580,2485,0
3587,2467,0
3587,2454,0
3583,2452,0
3576,2454,0
3563,2463,0
3550,2477,0
3535,2492,0
3527,2512,0
3527,2535,0
3530,2550,0
3544,2563,0
3561,2569,0
3581,2572,0
3606,2569,0
3628,2563,0
3647,2554,0
3662,2545,0
3672,2533,0
3675,2524,0
3675,2517,0
3672,2514,0
3667,2516,0
3660,2516,0
3660,2522,0
3660,2528,0
3669,2536,0
3681,2541,0
3694,2540,0
3710,2533,0
3727,2526,0
3741,2516,0
3753,2509,0
3758,2502,0
3752,2497,0
3749,2496,0
3742,2497,0
3730,2505,0
3718,2519,0
3708,2535,0
3708,2552,0
3715,2564,0
3725,2576,0
3744,2584,0
3768,2589,0
3790,2588,0
3811,2582,0
3835,2579,0
3852,2572,0
3867,2567,0
3876,2562,1
4056,2608,0
4070,2604,0
4087,2591,0
4113,2576,0
4135,2555,0
4162,2532,0
4182,2507,0
4193,2479,0
4203,2458,0
4203,2445,0
4197,2439,0
4183,2438,0
4169,2444,0
4155,2456,0
4148,2473,0
4147,2493,0
4152,2513,0
4163,2531,0
4183,2545,0
4210,2557,0
4235,2562,0
4265,2564,0
4287,2560,0
4314,2557,0
4333,2552,0
4347,2547,0
4354,2543,0
4355,2541,0
4352,2538,0
4352,2538,0
4352,2538,0
4348,2537,0
4352,2538,0
4363,2538,0
4381,2539,0
4402,2538,0
4426,2538,0
4447,2536,0
4472,2536,0
4487,2534,0
4502,2536,0
4502,2534,0
4502,2534,0
4499,2532,0
4494,2531,0
4484,2533,0
4468,2535,0
4449,2540,0
4433,2550,0
4419,2562,0
4410,2574,0
4404,2583,0
4409,2589,0
4420,2593,0
4435,2594,0
4447,2586,0
4463,2577,0
4476,2566,0
4488,2556,0
4498,2548,0
4502,2542,0
4502,2542,0
4502,2542,0
4497,2543,0
4497,2549,0
4495,2560,0
4495,2573,0
4502,2584,0
4507,2590,0
4523,2596,0
4538,2596,0
4558,2595,0
4570,2591,1
4649,2582,0
4648,2584,0
4644,2582,0
4640,2581,0
4635,2581,0
4624,2584,0
4614,2591,0
4598,2600,0
4595,2611,0
4590,2619,0
4591,2625,0
4597,2629,0
4616,2632,0
4630,2624,0
4652,2614,0
4671,2601,0
4695,2586,0
4713,2565,0
4732,2545,0
4743,2527,0
4749,2518,0
4746,2515,0
4747,2514,0
4736,2515,0
4727,2521,0
4713,2537,0
4705,2556,0
4704,2573,0
4702,2589,0
4715,2606,0
4728,2615,0
4742,2624,0
4761,2630,0
4775,2630,0
4794,2633,0
4809,2630,0
4821,2627,0
4832,2625,0
4835,2620,0
4842,2618,0
4844,2614,1
4918,2632,0
4911,2643,0
4902,2658,0
4885,2676,0
4868,2695,1
5144,2562,0
5142,2558,0
5139,2555,0
5135,2555,0
5133,2557,0
5132,2560,0
5124,2573,0
5128,2590,0
5128,2604,0
5134,2618,0
5146,2630,0
5157,2634,0
5173,2638,0
5190,2634,0
5204,2626,0
5219,2617,0
5231,2605,0
5238,2592,0
5248,2583,0
5245,2572,0
5243,2567,0
5245,2564,0
5240,2564,0
5240,2564,0
5241,2570,0
5247,2577,0
5260,2586,0
5275,2591,0
5296,2596,0
5318,2596,0
5342,2597,0
5367,2593,0
5388,2587,0
5401,2580,0
5414,2574,0
5418,2567,0
5420,2564,0
5414,2557,0
5403,2552,0
5385,2552,0
5364,2558,0
5345,2567,0
5328,2579,0
5318,2596,0
5306,2610,0
5308,2622,0
5315,2634,0
5329,2642,0
5349,2647,0
5377,2647,0
5402,2642,0
5431,2633,0
5455,2623,0
5480,2611,0
5499,2594,0
5515,2582,0
5519,2574,0
5520,2573,0
5518,2574,0
5513,2575,0
5511,2587,0
5503,2602,0
5499,2618,0
5501,2632,0
5501,2639,0
5503,2643,0
5508,2644,0
5509,2642,0
5516,2637,0
5523,2625,0
5530,2610,0
5539,2596,0
5545,2584,0
5549,2577,0
5556,2572,0
5559,2566,0
5569,2565,0
5578,2566,0
5586,2568,0
5598,2572,0
5608,2577,0
5620,2580,0
5631,2584,0
5643,2588,0
5650,2591,0
5654,2593,0
5650,2593,0
5650,2593,0
5648,2594,0
5641,2598,0
5631,2602,0
5628,2608,0
5626,2613,0
5629,2615,0
5627,2617,0
5634,2621,0
5646,2623,0
5657,2621,0
5676,2619,0
5690,2610,0
5711,2606,0
5729,2597,0
5742,2588,0
5746,2580,0
5747,2579,0
5747,2577,0
5746,2580,0
5744,2585,0
5734,2595,0
5730,2610,0
5723,2624,0
5725,2637,0
5725,2648,0
5729,2656,0
5738,2665,0
5745,2668,0
5756,2673,0
5760,2673,0
5764,2675,0
5769,2675,0
5764,2675,0
5764,2675,0
5760,2682,0
5754,2693,0
5738,2707,0
5725,2723,0
5698,2738,0
5674,2755,0
5653,2770,0
5630,2777,0
5619,2779,0
5607,2777,0
5593,2770,1