officious expression, adopted a voice
714
1201,4335,0
1192,4335,0
1176,4348,0
1159,4367,0
1142,4404,0
1133,4440,0
1134,4468,0
1143,4492,0
1159,4507,0
1175,4515,0
1191,4511,0
1208,4502,0
1221,4478,0
1236,4461,0
1242,4434,0
1246,4405,0
1245,4373,0
1240,4350,0
1226,4330,0
1206,4326,0
1182,4328,0
1163,4340,0
1153,4356,0
1150,4364,0
1156,4372,1
1326,4261,0
1307,4283,0
1291,4311,0
1283,4340,0
1288,4363,0
1305,4386,0
1326,4401,0
1353,4423,0
1381,4438,0
1406,4452,0
1423,4471,0
1428,4483,0
1425,4499,0
1412,4512,0
1394,4529,0
1374,4538,0
1345,4545,0
1319,4554,0
1296,4551,0
1279,4540,0
1266,4521,1
1312,4369,0
1324,4365,0
1337,4365,0
1356,4360,0
1384,4357,1
1453,4251,0
1447,4260,0
1440,4261,0
1433,4277,0
1429,4298,0
1425,4322,0
1429,4342,0
1439,4365,0
1454,4384,0
1470,4398,0
1488,4421,0
1505,4435,0
1521,4454,0
1532,4473,0
1536,4492,0
1534,4509,0
1527,4521,0
1516,4531,0
1502,4532,0
1488,4533,0
1474,4526,0
1459,4512,0
1442,4497,0
1428,4471,0
1416,4443,1
1462,4371,0
1476,4374,0
1491,4368,0
1512,4370,0
1534,4368,1
1594,4345,0
1591,4365,0
1588,4398,0
1588,4422,0
1592,4442,0
1594,4454,0
1596,4458,0
1599,4465,0
1597,4465,1
1585,4310,0
1587,4309,0
1590,4305,0
1598,4309,0
1607,4311,1
1714,4324,0
1694,4351,0
1686,4381,0
1692,4408,0
1709,4430,0
1729,4439,0
1749,4440,0
1771,4441,0
1791,4430,1
1836,4336,0
1832,4353,0
1836,4385,0
1838,4409,0
1841,4420,0
1845,4428,0
1846,4428,0
1846,4424,0
1846,4415,1
1848,4285,0
1846,4285,0
1846,4285,0
1847,4286,0
1853,4293,1
1959,4333,0
1946,4355,0
1945,4389,0
1952,4411,0
1968,4425,0
1985,4421,0
2003,4413,0
2017,4398,0
2032,4386,0
2038,4369,0
2038,4344,0
2024,4322,0
2005,4310,0
1985,4315,0
1958,4321,0
1942,4336,0
1935,4338,0
1947,4352,0
1968,4363,0
1995,4378,0
2022,4380,1
2072,4299,0
2065,4301,0
2066,4304,0
2068,4316,0
2072,4344,0
2078,4372,0
2079,4391,0
2087,4410,0
2094,4420,0
2101,4420,0
2105,4418,0
2114,4412,0
2130,4396,0
2152,4370,0
2174,4348,0
2187,4332,0
2191,4326,0
2195,4329,0
2197,4333,0
2193,4338,0
2198,4362,0
2201,4386,0
2205,4401,0
2214,4411,0
2219,4415,1
2322,4293,0
2319,4295,0
2311,4297,0
2294,4306,0
2274,4316,0
2264,4331,0
2263,4336,0
2270,4342,0
2287,4345,0
2310,4343,0
2333,4340,0
2357,4350,0
2372,4357,0
2380,4368,0
2382,4376,0
2381,4388,0
2371,4395,0
2362,4407,0
2346,4408,0
2330,4413,0
2309,4414,0
2294,4415,0
2286,4417,0
2280,4410,0
2282,4401,1
2635,4288,0
2634,4297,0
2637,4309,0
2647,4318,0
2659,4322,0
2676,4324,0
2692,4318,0
2704,4304,0
2717,4295,0
2722,4276,0
2728,4265,0
2721,4246,0
2712,4242,0
2696,4243,0
2683,4270,0
2658,4297,0
2644,4336,0
2636,4369,0
2642,4392,0
2649,4399,0
2662,4403,1
2823,4243,0
2818,4246,0
2806,4251,0
2793,4278,0
2773,4311,0
2762,4350,0
2758,4374,0
2759,4386,0
2761,4386,1
2755,4258,0
2747,4261,0
2754,4275,0
2763,4295,0
2782,4326,0
2798,4345,0
2820,4367,0
2831,4365,0
2847,4372,1
2956,4333,0
2952,4362,0
2960,4397,0
2967,4420,0
2975,4443,0
2974,4449,0
2980,4458,0
2979,4455,0
2978,4450,0
2970,4437,0
2968,4420,0
2954,4382,0
2951,4345,0
2945,4308,0
2952,4287,0
2965,4277,0
2980,4266,0
3004,4263,0
3033,4271,0
3049,4277,0
3055,4283,0
3057,4291,0
3049,4299,0
3037,4309,0
3018,4323,0
2995,4333,0
2980,4345,0
2970,4345,0
2972,4348,0
2970,4340,0
2980,4336,0
2994,4325,0
3016,4310,1
3078,4277,0
3074,4287,0
3071,4302,0
3074,4328,0
3076,4344,0
3076,4352,0
3076,4357,0
3075,4357,0
3077,4361,0
3072,4355,0
3063,4341,0
3062,4328,0
3060,4311,0
3065,4295,0
3070,4280,0
3078,4280,0
3086,4282,0
3093,4278,0
3103,4278,0
3116,4284,1
3148,4246,0
3144,4248,0
3143,4257,0
3146,4269,0
3158,4282,0
3170,4289,0
3178,4280,0
3198,4274,0
3212,4263,0
3218,4242,0
3221,4231,0
3210,4218,0
3200,4220,0
3183,4224,0
3165,4242,0
3155,4279,0
3143,4311,0
3144,4338,0
3158,4362,0
3172,4372,0
3185,4371,0
3204,4366,0
3228,4358,0
3253,4340,0
3286,4319,1
3385,4237,0
3375,4233,0
3363,4235,0
3346,4241,0
3330,4254,0
3327,4270,0
3327,4274,0
3337,4282,0
3357,4285,0
3390,4294,0
3420,4299,0
3445,4309,0
3452,4314,0
3457,4328,0
3446,4336,0
3436,4350,0
3415,4358,0
3396,4369,0
3368,4370,0
3358,4376,0
3351,4369,0
3349,4362,0
3349,4339,0
3361,4314,0
3380,4290,1
3503,4209,0
3489,4214,0
3467,4217,0
3455,4229,0
3442,4237,0
3437,4244,0
3440,4251,0
3464,4266,0
3493,4272,0
3522,4273,0
3554,4278,0
3583,4288,0
3597,4293,0
3602,4299,0
3601,4309,0
3594,4324,0
3570,4333,0
3542,4340,0
3515,4356,0
3498,4370,0
3481,4366,0
3479,4363,0
3481,4353,0
3490,4328,0
3503,4293,1
3607,4230,0
3613,4251,0
3619,4275,0
3626,4299,0
3632,4314,0
3642,4326,0
3647,4328,0
3648,4328,1
3604,4143,0
3594,4135,0
3597,4138,0
3597,4138,0
3602,4144,1
3756,4231,0
3756,4231,0
3754,4232,0
3744,4243,0
3725,4264,0
3723,4295,0
3721,4315,0
3731,4332,0
3737,4338,0
3749,4340,0
3763,4340,0
3779,4335,0
3790,4322,0
3800,4307,0
3803,4290,0
3792,4268,0
3781,4257,0
3756,4244,0
3740,4241,0
3730,4242,0
3736,4248,0
3734,4244,0
3743,4258,0
3754,4266,0
3769,4275,1
3839,4256,0
3836,4263,0
3829,4282,0
3819,4304,0
3816,4325,0
3816,4339,0
3813,4346,0
3814,4350,0
3812,4351,0
3812,4352,0
3809,4349,0
3803,4338,0
3808,4330,0
3807,4302,0
3825,4280,0
3840,4256,0
3860,4252,0
3870,4245,0
3885,4244,0
3900,4249,0
3909,4257,0
3920,4269,0
3932,4290,0
3930,4305,0
3934,4327,0
3931,4344,0
3933,4362,0
3936,4374,0
3935,4380,0
3933,4386,0
3937,4393,0
3940,4396,1
4092,4339,0
4085,4363,0
4077,4384,0
4073,4401,0
4068,4410,1
4410,4214,0
4390,4242,0
4377,4273,0
4376,4309,0
4380,4336,0
4394,4350,0
4408,4345,0
4428,4339,0
4447,4319,0
4454,4292,0
4465,4263,0
4471,4227,0
4468,4187,0
4465,4189,0
4464,4190,0
4468,4203,0
4471,4232,0
4468,4259,0
4481,4280,0
4485,4298,0
4492,4313,0
4498,4319,0
4507,4321,0
4515,4314,1
4594,4200,0
4580,4201,0
4553,4214,0
4543,4244,0
4527,4273,0
4531,4307,0
4536,4329,0
4549,4338,0
4567,4333,0
4582,4321,0
4601,4304,0
4620,4279,0
4637,4118,0
4632,4103,0
4625,4093,0
4622,4096,0
4616,4106,0
4627,4177,0
4643,4216,0
4644,4251,0
4654,4270,0
4652,4288,0
4654,4297,0
4660,4302,0
4655,4296,1
4738,4185,0
4724,4191,0
4712,4203,0
4699,4231,0
4687,4263,0
4697,4285,0
4711,4299,0
4733,4302,0
4750,4297,0
4765,4290,0
4776,4280,0
4780,4261,0
4777,4240,0
4760,4217,0
4747,4203,0
4729,4203,0
4716,4198,0
4719,4196,0
4725,4202,0
4729,4214,0
4743,4228,1
4869,4216,0
4869,4232,0
4883,4295,0
4891,4331,0
4895,4366,0
4897,4413,0
4890,4392,0
4888,4362,0
4883,4323,0
4879,4239,0
4879,4207,0
4893,4200,0
4912,4186,0
4926,4189,0
4943,4200,0
4961,4212,0
4975,4231,0
4978,4250,0
4975,4258,0
4955,4272,0
4931,4279,0
4902,4284,0
4876,4280,0
4864,4270,0
4854,4251,1
5040,4095,0
5033,4097,0
5041,4111,0
5045,4129,0
5053,4161,0
5066,4199,0
5068,4258,0
5067,4270,0
5060,4277,0
5060,4266,1
5005,4185,0
5007,4183,0
5008,4182,0
5023,4184,0
5050,4181,0
5072,4176,0
5104,4172,0
5126,4167,1
5151,4163,0
5154,4174,0
5158,4181,0
5170,4191,0
5180,4197,0
5193,4195,0
5208,4186,0
5215,4173,0
5218,4153,0
5214,4133,0
5209,4121,0
5195,4125,0
5179,4141,0
5158,4167,0
5142,4197,0
5138,4229,0
5146,4249,0
5151,4261,0
5164,4270,0
5176,4270,0
5194,4263,1
5318,4163,0
5308,4156,0
5296,4157,0
5278,4171,0
5258,4192,0
5245,4217,0
5242,4237,0
5245,4251,0
5255,4258,0
5262,4262,0
5277,4263,0
5294,4253,0
5318,4240,0
5339,4217,0
5353,4185,0
5361,4142,0
5371,4101,0
5378,4070,0
5373,4052,0
5367,4052,0
5358,4074,0
5358,4104,0
5373,4180,0
5384,4216,0
5392,4242,0
5398,4260,0
5400,4269,0
5405,4275,0
5409,4278,0
5412,4280,1
5948,4137,0
5935,4133,0
5918,4135,0
5902,4148,0
5875,4167,0
5851,4203,0
5843,4237,0
5851,4265,0
5872,4284,0
5892,4290,0
5918,4292,0
5934,4278,0
5958,4263,0
5972,4239,0
5985,4217,0
5981,4190,0
5977,4163,0
5971,4140,0
5973,4138,0
5973,4138,0
5972,4139,0
5976,4159,0
5984,4188,0
5993,4213,0
6004,4238,0
6016,4256,0
6020,4263,0
6022,4266,0
6029,4271,1
6296,4141,0
6304,4157,0
6314,4183,0
6327,4219,0
6333,4244,0
6337,4257,0
6340,4260,0
6341,4259,0
6341,4258,0
6347,4246,0
6353,4225,0
6357,4193,0
6360,4155,0
6365,4123,0
6366,4108,0
6367,4107,0
6366,4108,0
6373,4111,0
6382,4126,0
6392,4145,0
6404,4164,1
6437,4114,0
6421,4133,0
6407,4160,0
6408,4198,0
6420,4222,0
6433,4230,0
6453,4232,0
6469,4222,0
6484,4216,0
6498,4198,0
6515,4181,0
6511,4154,0
6496,4126,0
6479,4116,0
6452,4112,0
6438,4118,0
6430,4121,1
6604,4115,0
6591,4119,0
6589,4135,0
6587,4166,0
6581,4187,0
6594,4209,0
6601,4220,0
6607,4226,0
6609,4223,1
6598,4074,0
6592,4062,0
6586,4056,0
6582,4054,0
6586,4056,1
6741,4114,0
6724,4111,0
6696,4116,0
6676,4135,0
6669,4169,0
6664,4202,0
6674,4229,0
6685,4242,0
6710,4248,0
6733,4250,0
6761,4244,0
6790,4238,0
6811,4216,1
6811,4147,0
6806,4146,0
6812,4151,0
6831,4161,0
6859,4175,0
6876,4172,0
6900,4172,0
6909,4159,0
6915,4150,0
6917,4133,0
6915,4123,0
6898,4112,0
6868,4114,0
6845,4125,0
6821,4140,0
6799,4162,0
6804,4206,0
6811,4244,0
6832,4270,0
6851,4285,0
6876,4290,0
6901,4290,0
6932,4287,0
6953,4272,0
6988,4263,1