safety and comfort for tired rovers. Again,
708
646,4648,0
634,4639,0
627,4633,0
623,4633,0
619,4633,0
617,4641,0
620,4657,0
632,4674,0
646,4696,0
658,4713,0
664,4734,0
663,4741,0
660,4753,0
653,4753,0
641,4752,0
625,4750,0
605,4744,0
585,4738,0
569,4731,0
560,4731,0
563,4723,1
775,4642,0
761,4641,0
743,4656,0
723,4678,0
703,4709,0
690,4740,0
693,4753,0
703,4753,0
717,4750,0
734,4736,0
748,4721,0
755,4705,0
760,4685,0
762,4677,0
760,4677,0
763,4685,0
769,4710,0
781,4723,0
796,4731,0
815,4732,0
839,4726,0
862,4711,0
881,4688,0
899,4649,0
914,4609,0
925,4558,0
928,4514,0
920,4497,0
907,4497,0
893,4520,0
880,4564,0
871,4624,0
871,4696,0
873,4748,0
879,4792,0
885,4821,0
889,4837,0
889,4837,0
889,4837,0
889,4833,0
887,4828,0
887,4809,0
896,4784,0
909,4761,0
930,4742,0
953,4714,0
977,4691,0
996,4664,0
1005,4636,0
1008,4616,0
1006,4612,0
997,4604,0
987,4611,0
976,4620,0
968,4647,0
967,4663,0
973,4679,0
986,4688,0
1003,4688,0
1025,4684,0
1048,4668,0
1073,4644,0
1096,4604,0
1113,4556,0
1125,4516,0
1131,4488,0
1133,4488,0
1133,4492,0
1131,4512,0
1131,4556,0
1131,4596,0
1131,4632,0
1132,4656,0
1134,4676,0
1137,4681,0
1138,4681,0
1141,4680,0
1143,4672,0
1153,4652,0
1173,4623,0
1199,4599,0
1216,4594,0
1223,4594,0
1228,4614,0
1226,4638,0
1226,4662,0
1229,4682,0
1239,4689,0
1254,4693,0
1269,4693,0
1288,4684,0
1314,4662,0
1341,4637,0
1356,4616,0
1358,4616,0
1355,4620,0
1341,4657,0
1329,4701,0
1310,4751,0
1293,4796,0
1286,4840,1
1691,4582,0
1679,4572,0
1664,4558,0
1649,4556,0
1632,4558,0
1616,4572,0
1600,4606,0
1591,4644,0
1590,4659,0
1598,4671,0
1613,4673,0
1629,4675,0
1645,4669,0
1658,4656,0
1669,4637,0
1679,4620,0
1685,4608,0
1685,4603,0
1684,4603,0
1684,4611,0
1685,4636,0
1689,4659,0
1696,4674,0
1708,4685,0
1722,4686,0
1741,4681,0
1757,4670,0
1771,4656,0
1784,4633,0
1791,4608,0
1793,4591,0
1792,4591,0
1792,4591,0
1791,4608,0
1791,4636,0
1792,4652,0
1803,4666,0
1816,4673,0
1832,4674,0
1848,4671,0
1866,4664,0
1881,4654,0
1891,4640,0
1894,4626,0
1895,4631,0
1894,4630,0
1895,4647,0
1899,4670,0
1912,4685,1
2079,4614,0
2076,4601,0
2067,4588,0
2048,4584,0
2023,4585,0
2002,4610,0
1985,4637,0
1980,4659,0
1985,4666,0
2000,4671,0
2018,4672,0
2036,4660,0
2055,4643,0
2079,4613,0
2103,4579,0
2118,4538,0
2123,4500,0
2124,4476,0
2120,4468,0
2120,4473,0
2117,4490,0
2116,4531,0
2115,4577,0
2116,4617,1
2447,4519,0
2437,4517,0
2422,4531,0
2403,4558,0
2385,4588,0
2372,4608,0
2376,4632,0
2393,4639,0
2427,4642,1
2505,4630,0
2538,4616,0
2571,4596,0
2596,4575,0
2606,4555,0
2606,4546,0
2592,4542,0
2570,4550,0
2551,4582,0
2535,4608,0
2529,4626,0
2533,4642,0
2544,4655,0
2560,4659,0
2574,4658,0
2586,4659,0
2591,4649,0
2596,4626,0
2602,4599,0
2611,4565,0
2620,4545,0
2625,4535,0
2623,4532,0
2626,4535,0
2629,4542,0
2634,4566,0
2635,4591,0
2637,4620,0
2634,4642,0
2634,4650,0
2639,4657,0
2647,4659,0
2656,4647,0
2675,4632,0
2692,4608,0
2711,4589,0
2720,4577,0
2724,4580,0
2724,4588,0
2726,4613,0
2724,4627,0
2731,4641,0
2741,4651,0
2750,4652,0
2757,4649,0
2767,4649,0
2775,4642,0
2788,4629,0
2801,4619,0
2806,4617,0
2808,4620,0
2812,4636,0
2822,4654,0
2836,4661,0
2854,4663,0
2881,4657,0
2909,4641,0
2936,4617,0
2961,4580,0
2985,4539,0
2998,4490,0
2998,4446,0
2987,4420,0
2974,4422,0
2958,4437,0
2946,4483,0
2931,4545,0
2914,4613,0
2900,4666,0
2898,4710,0
2903,4743,0
2912,4765,0
2921,4770,0
2934,4772,0
2948,4759,0
2975,4727,1
3112,4543,0
3108,4541,0
3100,4540,0
3080,4549,0
3058,4568,0
3042,4588,0
3040,4607,0
3047,4622,0
3066,4635,0
3093,4645,0
3113,4644,0
3132,4640,0
3145,4638,0
3151,4623,0
3153,4599,0
3152,4573,0
3148,4553,0
3147,4540,0
3147,4540,0
3149,4539,0
3157,4540,0
3181,4555,0
3202,4572,0
3218,4591,0
3226,4609,0
3226,4622,0
3227,4635,0
3222,4633,0
3223,4637,0
3224,4637,0
3224,4632,0
3228,4617,0
3237,4594,0
3250,4571,0
3267,4548,0
3287,4530,0
3303,4508,0
3321,4490,0
3337,4478,0
3345,4468,0
3345,4463,0
3345,4463,0
3343,4470,0
3337,4504,0
3330,4539,0
3325,4568,0
3327,4599,0
3327,4617,0
3329,4625,0
3337,4634,0
3341,4637,0
3346,4634,1
3745,4619,0
3752,4615,0
3764,4603,0
3780,4584,0
3791,4559,0
3801,4529,0
3809,4496,0
3812,4470,0
3803,4456,0
3789,4456,0
3773,4466,0
3764,4492,0
3757,4532,0
3758,4584,0
3761,4638,0
3756,4683,0
3752,4722,0
3752,4755,0
3751,4775,0
3748,4780,0
3751,4783,0
3753,4782,0
3759,4770,0
3771,4739,0
3796,4701,1
3884,4543,0
3875,4558,0
3867,4572,0
3865,4588,0
3875,4601,0
3889,4611,0
3913,4623,0
3928,4625,0
3934,4625,0
3937,4628,0
3935,4624,0
3930,4608,0
3923,4584,0
3923,4566,0
3921,4548,0
3925,4546,0
3935,4548,0
3954,4550,0
3978,4563,0
3999,4583,0
4015,4601,0
4022,4616,0
4029,4630,0
4029,4635,0
4034,4641,0
4034,4641,0
4033,4637,0
4036,4635,0
4040,4613,0
4057,4591,0
4075,4570,0
4094,4562,1
4350,4451,0
4354,4453,0
4358,4460,0
4365,4485,0
4372,4520,0
4372,4555,0
4369,4582,0
4365,4604,0
4362,4621,0
4365,4630,0
4365,4630,0
4364,4630,0
4364,4625,1
4425,4570,0
4441,4578,0
4459,4594,0
4463,4611,0
4468,4627,0
4466,4640,0
4465,4650,0
4459,4649,1
4471,4509,0
4478,4503,0
4480,4502,0
4493,4512,0
4505,4529,0
4512,4553,0
4511,4579,0
4508,4607,0
4505,4630,0
4501,4642,0
4500,4644,0
4502,4647,0
4502,4642,0
4509,4632,0
4517,4616,0
4526,4608,0
4537,4605,0
4558,4604,0
4580,4596,0
4604,4587,0
4632,4581,0
4649,4572,0
4659,4564,0
4659,4558,0
4658,4559,0
4650,4561,0
4633,4564,0
4625,4587,0
4623,4608,1
4796,4622,0
4823,4604,0
4843,4582,0
4851,4560,0
4842,4541,0
4825,4535,0
4796,4538,0
4771,4559,0
4752,4581,0
4746,4601,0
4746,4611,0
4753,4621,0
4763,4624,0
4777,4622,0
4796,4612,0
4822,4594,0
4852,4570,0
4873,4535,0
4888,4502,0
4891,4472,0
4889,4462,0
4892,4465,0
4892,4476,0
4893,4512,0
4892,4555,0
4894,4601,0
4895,4633,0
4904,4657,1
5110,4554,0
5116,4555,0
5120,4561,0
5125,4584,0
5129,4612,0
5127,4630,0
5122,4646,0
5119,4654,0
5117,4655,0
5118,4654,0
5118,4650,0
5127,4636,0
5139,4610,0
5167,4583,0
5200,4564,0
5233,4553,0
5262,4549,0
5273,4543,0
5274,4543,0
5270,4546,0
5249,4567,0
5224,4596,0
5214,4616,0
5215,4631,0
5229,4645,0
5252,4652,0
5270,4651,0
5291,4642,0
5306,4623,0
5323,4601,0
5324,4579,0
5317,4569,0
5298,4564,1
5339,4541,0
5347,4545,0
5356,4547,0
5369,4562,0
5378,4582,0
5385,4608,0
5392,4630,0
5394,4644,0
5399,4651,0
5407,4654,0
5412,4649,0
5427,4640,0
5440,4616,0
5448,4586,0
5454,4558,0
5453,4536,0
5458,4537,0
5459,4536,0
5460,4540,0
5476,4558,0
5490,4567,0
5516,4575,0
5537,4577,0
5559,4577,0
5571,4569,0
5585,4561,0
5587,4548,0
5576,4536,0
5559,4531,0
5541,4543,0
5525,4560,0
5516,4581,0
5516,4597,0
5528,4614,0
5548,4628,0
5573,4636,0
5598,4640,0
5622,4637,0
5644,4626,0
5657,4608,0
5661,4587,0
5654,4571,0
5647,4561,0
5637,4554,0
5636,4550,0
5644,4546,0
5668,4544,0
5697,4542,0
5732,4541,0
5761,4539,0
5777,4533,0
5778,4532,0
5783,4533,0
5770,4529,0
5757,4531,0
5750,4544,0
5749,4564,0
5749,4581,0
5754,4599,0
5757,4614,0
5761,4627,0
5761,4632,0
5757,4636,0
5754,4639,0
5749,4639,1
5865,4586,0
5869,4588,0
5868,4589,0
5871,4591,0
5868,4589,0
5868,4589,0
5868,4589,0
5866,4585,0
5869,4588,0
5866,4585,0
5868,4587,0
5868,4587,0
5868,4589,1
6166,4659,0
6164,4655,0
6164,4648,0
6167,4640,0
6171,4616,0
6181,4586,0
6191,4545,0
6203,4498,0
6221,4459,0
6232,4422,0
6237,4396,0
6239,4393,0
6244,4394,0
6256,4418,0
6270,4456,0
6285,4501,0
6300,4539,0
6304,4572,0
6302,4599,0
6301,4624,0
6290,4637,0
6283,4647,0
6279,4650,0
6272,4646,0
6264,4632,1
6196,4551,0
6195,4546,0
6199,4541,0
6217,4533,0
6240,4529,0
6280,4532,0
6322,4538,0
6375,4543,0
6420,4544,0
6454,4540,0
6474,4536,0
6478,4536,0
6475,4535,0
6466,4538,0
6438,4548,0
6411,4567,0
6389,4588,0
6375,4600,0
6374,4606,0
6382,4609,0
6395,4606,0
6416,4599,0
6437,4587,0
6459,4566,0
6478,4543,0
6490,4523,0
6488,4518,0
6488,4525,0
6474,4554,0
6460,4584,0
6454,4617,0
6453,4656,0
6449,4698,0
6445,4746,0
6435,4794,0
6420,4836,0
6399,4866,0
6387,4879,0
6381,4879,0
6381,4874,0
6378,4852,0
6382,4819,0
6398,4782,0
6423,4741,1
6605,4576,0
6604,4565,0
6601,4556,0
6590,4551,0
6574,4552,0
6553,4564,0
6528,4589,0
6514,4619,0
6511,4636,0
6521,4643,0
6543,4647,0
6565,4639,0
6582,4625,0
6600,4608,0
6612,4587,0
6622,4567,0
6623,4553,0
6628,4555,0
6627,4555,0
6628,4572,0
6628,4593,0
6628,4605,0
6635,4616,0
6642,4620,0
6656,4623,0
6669,4618,0
6681,4610,0
6695,4592,0
6709,4568,0
6724,4555,0
6726,4553,0
6723,4555,0
6725,4579,0
6727,4603,0
6727,4617,0
6733,4628,1
6728,4601,0
6720,4580,0
6720,4553,0
6732,4519,0
6748,4491,0
6762,4480,0
6779,4484,0
6788,4497,0
6798,4524,0
6797,4546,0
6802,4565,0
6810,4580,0
6820,4587,0
6828,4590,0
6837,4591,0
6842,4592,0
6847,4593,0
6848,4597,0
6851,4607,0
6862,4619,1
6971,4622,0
6971,4635,0
6961,4661,0
6941,4687,0
6913,4710,1