&quot;&quot; It &apos;s our turn to be stretched
610
1039,3397,0
1038,3392,0
1038,3392,0
1039,3396,0
1039,3396,0
1038,3397,0
1038,3392,0
1038,3397,0
1037,3396,0
1037,3397,0
1037,3397,0
1036,3396,0
1035,3397,0
1036,3400,0
1036,3404,0
1039,3413,0
1032,3512,0
1038,3541,0
1044,3552,1
1085,3492,0
1093,3540,0
1104,3560,0
1114,3580,0
1124,3588,0
1132,3584,1
1231,3433,0
1235,3437,0
1238,3441,0
1242,3457,0
1248,3481,0
1252,3504,0
1258,3532,0
1264,3559,0
1269,3576,1
1293,3461,0
1298,3465,0
1304,3477,0
1312,3508,0
1319,3540,0
1322,3563,0
1327,3584,0
1331,3588,0
1334,3579,1
1524,3447,0
1523,3450,0
1520,3459,0
1517,3480,0
1512,3509,0
1515,3553,0
1520,3609,0
1527,3676,0
1541,3747,0
1551,3810,0
1552,3863,0
1553,3890,0
1553,3903,1
1631,3455,0
1630,3455,0
1631,3459,0
1629,3463,0
1626,3476,0
1628,3552,0
1632,3613,0
1643,3688,0
1655,3751,0
1664,3806,0
1668,3850,0
1672,3877,0
1674,3885,0
1677,3881,0
1683,3863,0
1701,3836,1
1712,3704,0
1708,3701,0
1694,3703,0
1670,3708,0
1645,3711,0
1625,3715,0
1608,3718,0
1593,3715,1
1850,3534,0
1848,3526,0
1841,3511,0
1824,3482,0
1807,3457,1
2041,3708,0
2046,3703,0
2041,3687,0
2038,3676,0
2029,3662,0
2012,3645,0
1990,3631,0
1966,3625,0
1949,3629,0
1935,3633,0
1928,3646,0
1928,3663,0
1939,3689,0
1955,3714,0
1977,3742,0
2004,3776,0
2024,3808,0
2040,3841,0
2049,3867,0
2050,3884,0
2042,3890,0
2026,3894,0
2000,3889,0
1971,3871,0
1949,3855,1
2338,3784,0
2351,3779,0
2359,3769,0
2359,3751,0
2359,3734,0
2348,3708,0
2327,3682,0
2299,3662,0
2266,3656,0
2236,3667,0
2209,3692,0
2193,3727,0
2189,3761,0
2203,3802,0
2230,3836,0
2264,3859,0
2303,3868,0
2328,3855,0
2342,3837,0
2346,3811,0
2340,3775,1
2434,3684,0
2433,3667,0
2432,3660,0
2428,3657,0
2421,3664,0
2420,3695,0
2412,3728,0
2411,3770,0
2415,3812,0
2434,3852,0
2452,3875,0
2478,3891,0
2507,3888,0
2533,3870,0
2543,3835,0
2557,3804,0
2557,3765,0
2562,3737,0
2564,3719,0
2564,3718,0
2569,3725,0
2577,3749,0
2584,3784,0
2590,3816,0
2603,3846,0
2610,3860,0
2618,3865,0
2619,3856,0
2624,3837,1
2635,3741,0
2642,3759,0
2653,3790,0
2657,3818,0
2667,3849,0
2671,3870,0
2671,3877,0
2672,3877,0
2663,3859,0
2654,3828,0
2646,3797,0
2644,3771,0
2649,3748,0
2661,3734,0
2675,3732,0
2692,3737,0
2708,3747,0
2721,3755,0
2732,3763,0
2738,3761,1
2994,3433,0
2992,3439,0
2987,3451,0
2980,3474,0
2972,3506,0
2970,3548,0
2972,3602,0
2984,3667,0
2992,3736,0
2996,3793,0
3001,3840,0
3004,3865,0
3006,3874,1
3071,3670,0
3071,3665,0
3064,3665,0
3042,3668,0
3013,3675,0
2976,3682,0
2944,3685,0
2912,3684,0
2890,3686,0
2878,3687,0
2875,3685,0
2885,3689,0
2910,3694,1
3121,3670,0
3122,3669,0
3119,3670,0
3111,3679,0
3102,3699,0
3091,3723,0
3087,3757,0
3093,3795,0
3107,3829,0
3123,3851,0
3142,3859,0
3165,3851,0
3192,3826,0
3213,3795,0
3221,3759,0
3223,3725,0
3225,3700,0
3226,3690,0
3226,3690,0
3231,3706,0
3238,3739,0
3247,3779,0
3257,3812,0
3268,3838,0
3278,3851,1
3296,3708,0
3300,3733,0
3307,3772,0
3308,3809,0
3315,3841,0
3323,3865,0
3324,3870,0
3324,3865,0
3322,3843,0
3317,3799,0
3310,3756,0
3305,3720,0
3302,3695,0
3306,3682,0
3316,3681,0
3332,3684,0
3355,3694,0
3375,3705,0
3397,3720,0
3411,3725,0
3423,3727,0
3431,3725,0
3436,3718,0
3441,3710,0
3443,3704,0
3443,3704,0
3442,3705,0
3443,3708,0
3442,3719,0
3440,3743,0
3438,3783,0
3437,3827,0
3439,3863,0
3444,3884,0
3443,3885,0
3443,3880,0
3446,3859,0
3449,3824,0
3448,3786,0
3455,3759,0
3465,3737,0
3477,3719,0
3493,3713,0
3505,3710,0
3524,3722,0
3543,3742,0
3559,3775,0
3565,3810,0
3570,3850,0
3572,3882,0
3578,3906,0
3583,3913,0
3582,3909,1
3815,3456,0
3814,3461,0
3811,3474,0
3807,3498,0
3805,3532,0
3807,3576,0
3814,3636,0
3818,3709,0
3820,3783,0
3829,3842,0
3834,3883,0
3836,3901,0
3838,3896,1
3901,3701,0
3901,3701,0
3894,3701,0
3877,3700,0
3852,3698,0
3826,3699,0
3795,3697,0
3767,3694,0
3746,3695,0
3728,3688,0
3717,3682,0
3723,3682,0
3740,3684,1
4064,3831,0
4073,3834,0
4083,3831,0
4085,3819,0
4087,3802,0
4080,3777,0
4064,3753,0
4041,3737,0
4010,3725,0
3978,3720,0
3953,3725,0
3936,3744,0
3928,3771,0
3935,3806,0
3949,3841,0
3970,3870,0
3995,3882,0
4013,3877,0
4026,3856,0
4028,3824,0
4029,3798,1
4275,3522,0
4275,3522,0
4275,3522,0
4270,3527,0
4262,3541,0
4254,3564,0
4247,3598,0
4245,3644,0
4244,3699,0
4244,3763,0
4245,3815,0
4249,3854,0
4256,3880,0
4266,3892,0
4271,3892,0
4283,3888,0
4297,3875,0
4317,3863,0
4334,3843,0
4353,3820,0
4372,3798,0
4379,3776,0
4381,3757,0
4374,3737,0
4350,3721,0
4323,3708,0
4292,3709,0
4262,3715,0
4237,3720,0
4222,3728,0
4218,3737,0
4220,3742,0
4230,3748,1
4370,3789,0
4371,3800,0
4376,3806,0
4381,3812,0
4391,3814,0
4401,3814,0
4422,3818,0
4432,3813,0
4449,3809,0
4459,3795,0
4465,3778,0
4466,3761,0
4462,3748,0
4451,3736,0
4435,3730,0
4419,3733,0
4401,3749,0
4383,3772,0
4376,3800,0
4376,3839,0
4391,3879,0
4408,3911,0
4433,3937,0
4457,3952,0
4481,3964,0
4498,3965,0
4513,3956,0
4525,3940,0
4536,3915,1
4891,3736,0
4891,3736,0
4889,3732,0
4889,3732,0
4889,3732,0
4894,3733,0
4894,3733,0
4894,3733,0
4891,3730,0
4885,3720,0
4878,3710,0
4862,3703,0
4847,3701,0
4828,3704,0
4810,3711,0
4798,3723,0
4791,3737,0
4791,3754,0
4801,3778,0
4815,3804,0
4837,3833,0
4861,3860,0
4891,3887,0
4911,3911,0
4927,3935,0
4929,3950,0
4924,3957,0
4907,3957,0
4871,3947,0
4837,3930,0
4808,3914,0
4787,3896,0
4776,3878,1
4968,3549,0
4970,3547,0
4972,3539,0
4968,3537,0
4970,3541,0
4968,3556,0
4967,3592,0
4965,3644,0
4973,3706,0
4980,3770,0
4981,3839,0
4980,3898,0
4988,3953,0
4985,3950,0
4990,3934,0
5005,3895,1
5035,3750,0
5033,3747,0
5021,3749,0
4994,3747,0
4970,3740,0
4949,3732,0
4933,3732,0
4920,3728,1
5109,3777,0
5114,3789,0
5115,3805,0
5115,3829,0
5115,3865,0
5112,3904,0
5109,3937,0
5115,3964,0
5115,3971,0
5116,3969,0
5115,3953,0
5117,3916,0
5120,3872,0
5117,3833,0
5118,3802,0
5118,3785,0
5120,3781,0
5134,3790,0
5154,3805,0
5174,3829,0
5199,3855,0
5221,3873,0
5244,3884,0
5261,3882,0
5268,3868,0
5274,3844,0
5265,3817,0
5251,3796,0
5228,3781,0
5211,3783,0
5192,3791,0
5180,3810,0
5181,3839,0
5186,3870,0
5207,3901,0
5227,3926,0
5253,3940,0
5277,3948,0
5303,3950,0
5317,3940,0
5332,3928,1
5392,3571,0
5394,3574,0
5391,3578,0
5383,3595,0
5373,3620,0
5369,3657,0
5369,3706,0
5370,3762,0
5375,3831,0
5378,3894,0
5381,3939,0
5391,3964,0
5393,3968,1
5453,3794,0
5450,3791,0
5441,3795,0
5421,3800,0
5400,3801,0
5379,3801,0
5369,3800,0
5359,3800,0
5355,3798,1
5612,3802,0
5611,3797,0
5600,3790,0
5579,3785,0
5556,3781,0
5529,3783,0
5496,3791,0
5470,3810,0
5457,3839,0
5449,3874,0
5450,3908,0
5467,3937,0
5489,3962,0
5519,3969,0
5555,3970,0
5588,3962,0
5617,3946,1
5682,3566,0
5675,3542,0
5672,3539,0
5668,3545,0
5663,3572,0
5663,3619,0
5664,3676,0
5667,3738,0
5670,3805,0
5675,3863,0
5677,3904,0
5676,3920,0
5680,3920,0
5677,3906,0
5680,3877,0
5683,3841,0
5695,3806,0
5713,3776,0
5725,3761,0
5737,3759,0
5752,3766,0
5762,3785,0
5771,3812,0
5779,3848,0
5786,3885,0
5790,3925,0
5789,3945,0
5797,3960,0
5798,3959,1
5826,3821,0
5834,3843,0
5843,3858,0
5851,3872,0
5864,3882,0
5880,3882,0
5896,3880,0
5915,3869,0
5933,3853,0
5939,3831,0
5940,3809,0
5911,3781,0
5892,3780,0
5866,3788,0
5851,3807,0
5843,3845,0
5838,3882,0
5847,3923,0
5865,3959,0
5887,3988,0
5914,4005,0
5943,4015,0
5969,4007,0
5991,3992,1
6085,3890,0
6083,3892,0
6087,3892,0
6081,3887,0
6075,3876,0
6049,3863,0
6025,3863,0
5988,3872,0
5967,3892,0
5952,3920,0
5944,3949,0
5947,3976,0
5967,4004,0
5991,4020,0
6019,4028,1
6099,3637,0
6091,3633,0
6085,3643,0
6083,3679,0
6088,3728,0
6098,3790,0
6102,3859,0
6112,3920,0
6121,3969,0
6124,4024,0
6124,4023,0
6114,4004,1