to the true World, you become
537
874,3807,0
874,3811,0
874,3819,0
876,3839,0
878,3872,0
883,3911,0
890,3964,0
897,4024,0
905,4081,0
912,4126,0
916,4157,0
916,4173,0
912,4181,1
836,4101,0
829,4097,0
826,4092,0
826,4092,0
831,4093,0
852,4090,0
882,4087,0
911,4085,0
939,4078,0
967,4075,0
991,4068,0
1007,4060,1
1090,4061,0
1085,4056,0
1080,4061,0
1071,4061,0
1063,4065,0
1056,4076,0
1051,4097,0
1051,4121,0
1060,4152,0
1073,4176,0
1088,4188,0
1105,4188,0
1122,4172,0
1135,4148,0
1143,4116,0
1143,4080,0
1134,4053,0
1121,4028,0
1107,4024,0
1090,4033,0
1077,4052,1
1534,3945,0
1532,3970,0
1535,4010,0
1539,4058,0
1543,4114,0
1548,4165,0
1549,4213,0
1546,4250,0
1541,4275,0
1531,4275,0
1520,4265,0
1504,4239,0
1489,4200,0
1484,4168,0
1483,4140,0
1485,4128,0
1486,4123,0
1488,4123,0
1500,4131,0
1522,4147,0
1546,4162,0
1569,4162,0
1594,4152,0
1616,4128,0
1637,4097,1
1703,3893,0
1703,3901,0
1704,3921,0
1703,3954,0
1704,4002,0
1707,4054,0
1717,4114,0
1723,4161,0
1732,4196,0
1739,4211,0
1746,4206,0
1759,4192,0
1772,4173,0
1788,4155,0
1804,4147,0
1819,4148,0
1839,4165,0
1857,4186,0
1877,4211,0
1896,4223,0
1914,4223,0
1933,4215,0
1944,4193,0
1954,4170,0
1959,4148,0
1957,4121,0
1952,4101,0
1943,4091,0
1931,4089,0
1916,4101,0
1905,4128,0
1898,4157,0
1901,4190,0
1918,4219,0
1945,4233,0
1979,4234,0
2019,4229,1
2393,3913,0
2394,3909,0
2393,3904,0
2395,3908,0
2400,3928,0
2405,3959,0
2410,4000,0
2417,4053,0
2423,4106,0
2429,4150,0
2434,4183,0
2439,4202,0
2440,4213,0
2439,4215,0
2431,4208,0
2420,4199,0
2409,4182,0
2402,4168,0
2393,4158,0
2390,4159,0
2390,4163,0
2393,4171,0
2403,4184,0
2417,4196,0
2435,4198,0
2456,4196,0
2476,4180,0
2498,4164,0
2515,4141,0
2528,4119,0
2545,4113,0
2553,4110,0
2567,4122,0
2576,4135,0
2585,4157,0
2588,4170,0
2598,4187,0
2606,4193,0
2613,4191,0
2622,4182,0
2632,4165,1
2700,4130,0
2702,4138,0
2706,4150,0
2712,4169,0
2722,4190,0
2734,4206,0
2750,4217,0
2763,4217,0
2779,4209,0
2794,4195,0
2806,4172,0
2817,4155,0
2828,4145,0
2835,4146,0
2844,4155,0
2855,4172,0
2868,4188,0
2884,4208,0
2901,4213,0
2920,4214,0
2936,4202,1
3003,4167,0
3008,4172,0
3021,4179,0
3041,4188,0
3058,4184,0
3078,4174,0
3095,4160,0
3107,4145,0
3109,4131,0
3104,4125,0
3088,4116,0
3071,4114,0
3057,4126,0
3041,4147,0
3033,4178,0
3032,4210,0
3039,4238,0
3061,4263,0
3088,4275,0
3127,4278,0
3170,4266,1
3571,3945,0
3571,3945,0
3572,3950,0
3575,3957,0
3585,3979,0
3594,4007,0
3601,4045,0
3609,4088,0
3621,4136,0
3640,4181,0
3653,4216,0
3665,4241,0
3678,4262,0
3689,4273,0
3699,4273,0
3708,4266,0
3719,4249,0
3730,4229,0
3740,4212,0
3747,4203,0
3754,4203,0
3761,4207,0
3768,4213,0
3772,4225,0
3784,4245,0
3790,4266,0
3799,4278,0
3808,4282,0
3819,4279,0
3829,4263,0
3839,4227,0
3852,4184,0
3870,4134,0
3884,4075,0
3903,4022,0
3920,3974,0
3937,3931,1
3994,4172,0
3995,4177,0
3986,4174,0
3977,4179,0
3969,4186,0
3963,4199,0
3960,4216,0
3964,4243,0
3972,4266,0
3980,4285,0
3994,4295,0
4003,4294,0
4011,4284,0
4012,4263,0
4015,4237,0
4005,4203,0
3997,4175,0
3986,4153,0
3983,4151,0
3976,4151,0
3974,4153,0
3976,4161,0
3988,4172,0
4006,4183,0
4029,4187,0
4054,4193,0
4080,4193,0
4104,4195,0
4129,4207,0
4145,4220,0
4156,4237,0
4167,4258,0
4175,4273,0
4184,4281,0
4191,4280,0
4203,4276,0
4213,4258,0
4230,4240,0
4241,4222,0
4261,4211,0
4276,4204,1
4360,3964,0
4355,3947,0
4354,3948,0
4354,3954,0
4355,3974,0
4352,4008,0
4352,4055,0
4353,4106,0
4355,4156,0
4362,4207,0
4367,4239,0
4380,4264,0
4390,4273,1
4474,4214,0
4470,4211,0
4471,4215,0
4468,4219,0
4456,4223,0
4450,4234,0
4444,4238,0
4437,4244,0
4435,4251,0
4433,4258,0
4437,4270,0
4440,4283,0
4448,4297,0
4460,4309,0
4471,4309,0
4482,4301,0
4495,4285,0
4501,4254,0
4510,4215,0
4512,4165,0
4516,4114,0
4519,4064,0
4521,4020,0
4523,3991,0
4515,3971,0
4510,3970,0
4502,3972,0
4499,3986,0
4498,4019,0
4502,4063,0
4508,4116,0
4520,4174,0
4533,4221,0
4551,4258,0
4574,4290,0
4599,4312,1
4728,4328,0
4727,4328,0
4727,4328,0
4727,4329,0
4726,4340,0
4722,4365,0
4714,4398,0
4700,4430,0
4690,4460,1
4984,4206,0
4982,4213,0
4981,4232,0
4980,4254,0
4984,4290,0
4992,4320,0
5001,4339,0
5015,4342,0
5031,4338,0
5045,4319,0
5064,4296,0
5076,4272,0
5088,4254,0
5096,4249,0
5097,4251,0
5096,4270,0
5088,4300,0
5076,4345,0
5065,4399,0
5055,4457,0
5051,4511,0
5045,4544,0
5049,4561,0
5059,4567,0
5073,4561,1
5203,4277,0
5193,4281,0
5185,4284,0
5179,4295,0
5173,4313,0
5172,4340,0
5180,4372,0
5187,4393,0
5203,4411,0
5216,4410,0
5231,4406,0
5240,4387,0
5245,4360,0
5250,4331,0
5246,4296,0
5243,4265,0
5239,4245,0
5228,4239,0
5214,4243,0
5200,4257,0
5189,4274,1
5347,4249,0
5347,4255,0
5344,4264,0
5344,4282,0
5344,4304,0
5352,4330,0
5367,4355,0
5377,4367,0
5394,4373,0
5410,4368,0
5421,4352,0
5436,4329,0
5450,4303,0
5458,4284,0
5465,4276,0
5474,4285,0
5482,4299,0
5489,4320,0
5501,4343,0
5520,4368,0
5538,4379,1
5790,4058,0
5785,4057,0
5791,4064,0
5791,4082,0
5791,4113,0
5787,4148,0
5787,4186,0
5789,4220,0
5797,4249,0
5805,4268,0
5817,4279,0
5836,4281,0
5859,4280,0
5885,4280,0
5910,4283,0
5931,4294,0
5945,4308,0
5960,4329,0
5961,4352,0
5957,4381,0
5941,4406,0
5922,4427,0
5897,4442,0
5876,4448,0
5853,4439,0
5841,4422,0
5836,4398,0
5837,4365,0
5850,4340,1
5993,4356,0
6009,4363,0
6023,4359,0
6040,4350,0
6060,4340,0
6071,4321,0
6079,4299,0
6084,4280,0
6076,4263,0
6066,4258,0
6053,4261,0
6033,4278,0
6012,4298,0
6001,4324,0
5998,4351,0
5998,4375,0
6015,4400,0
6030,4413,0
6057,4418,0
6088,4411,0
6121,4398,1
6254,4297,0
6245,4291,0
6235,4290,0
6219,4290,0
6199,4296,0
6186,4311,0
6172,4331,0
6166,4356,0
6165,4382,0
6177,4406,0
6194,4422,0
6215,4428,1
6319,4326,0
6312,4321,0
6301,4323,0
6295,4337,0
6284,4351,0
6283,4370,0
6291,4392,0
6307,4412,0
6324,4423,0
6341,4426,0
6353,4418,0
6364,4398,0
6379,4374,0
6378,4342,0
6375,4314,0
6366,4292,0
6358,4276,0
6353,4276,0
6342,4278,0
6336,4285,0
6334,4287,0
6339,4295,0
6352,4303,0
6375,4312,0
6400,4313,0
6431,4306,0
6457,4292,0
6481,4287,0
6489,4283,0
6494,4290,0
6494,4302,0
6498,4324,0
6502,4350,0
6509,4369,0
6520,4381,0
6527,4379,0
6541,4372,0
6556,4354,0
6572,4333,0
6589,4316,0
6606,4307,0
6613,4304,0
6621,4314,0
6625,4328,0
6634,4350,0
6634,4370,0
6642,4386,0
6652,4394,0
6659,4389,0
6672,4379,0
6685,4362,0
6702,4346,0
6713,4331,0
6726,4326,0
6730,4328,0
6732,4338,0
6739,4357,0
6746,4374,0
6750,4389,0
6760,4403,1
6794,4377,0
6803,4385,0
6814,4390,0
6828,4391,0
6847,4392,0
6862,4385,0
6882,4371,0
6893,4349,0
6900,4333,0
6901,4318,0
6889,4306,0
6874,4299,0
6859,4308,0
6839,4322,0
6827,4345,0
6823,4370,0
6835,4403,0
6852,4425,0
6886,4440,0
6919,4443,0
6952,4438,1