here again.&quot; They would
780
1126,2212,0
1125,2208,0
1126,2208,0
1126,2208,0
1124,2205,0
1124,2205,0
1124,2209,0
1125,2212,0
1125,2217,0
1128,2228,0
1129,2236,0
1131,2253,0
1134,2268,0
1137,2292,0
1138,2312,0
1142,2335,0
1144,2356,0
1148,2380,0
1151,2400,0
1150,2412,0
1151,2428,0
1149,2432,0
1148,2436,0
1148,2436,0
1148,2436,0
1146,2428,0
1146,2424,0
1145,2412,0
1144,2396,0
1146,2384,0
1149,2368,0
1158,2359,0
1165,2347,0
1174,2335,0
1187,2326,0
1203,2321,0
1220,2320,0
1233,2319,0
1249,2326,0
1261,2333,0
1272,2344,0
1277,2356,0
1281,2376,0
1283,2391,0
1285,2408,0
1286,2423,0
1290,2435,0
1295,2438,0
1307,2441,1
1418,2347,0
1421,2347,0
1426,2341,0
1435,2335,0
1442,2331,0
1447,2326,0
1447,2318,0
1448,2314,0
1450,2313,0
1446,2306,0
1442,2302,0
1435,2299,0
1425,2297,0
1414,2299,0
1400,2301,0
1389,2310,0
1375,2313,0
1367,2326,0
1356,2331,0
1350,2344,0
1346,2356,0
1343,2365,0
1345,2377,0
1351,2388,0
1360,2399,0
1373,2410,0
1387,2412,0
1407,2417,0
1429,2417,0
1450,2415,0
1467,2408,0
1486,2405,0
1502,2397,1
1535,2317,0
1535,2317,0
1535,2317,0
1537,2321,0
1535,2321,0
1532,2321,0
1533,2333,0
1532,2346,0
1530,2359,0
1531,2375,0
1535,2395,0
1538,2406,0
1539,2414,0
1546,2425,0
1546,2425,0
1546,2425,0
1543,2421,0
1542,2422,0
1538,2410,0
1535,2399,0
1534,2386,0
1529,2371,0
1528,2359,0
1527,2347,0
1529,2338,0
1532,2330,0
1537,2321,0
1546,2311,0
1562,2307,0
1580,2303,0
1599,2298,0
1618,2294,0
1635,2293,1
1718,2349,0
1720,2349,0
1727,2350,0
1730,2342,0
1737,2340,0
1742,2333,0
1744,2324,0
1748,2315,0
1754,2309,0
1754,2297,0
1753,2289,0
1749,2281,0
1743,2275,0
1736,2273,0
1722,2269,0
1707,2270,0
1695,2277,0
1679,2282,0
1666,2289,0
1657,2300,0
1649,2311,0
1648,2327,0
1650,2344,0
1654,2358,0
1664,2377,0
1675,2386,0
1695,2398,0
1716,2403,0
1742,2409,0
1771,2413,0
1799,2408,0
1829,2407,0
1858,2401,1
2244,2291,0
2245,2290,0
2246,2289,0
2246,2289,0
2244,2286,0
2244,2286,0
2240,2284,0
2235,2282,0
2228,2282,0
2222,2285,0
2210,2287,0
2195,2289,0
2180,2293,0
2166,2296,0
2158,2304,0
2154,2311,0
2152,2316,0
2155,2323,0
2164,2333,0
2177,2340,0
2192,2345,0
2208,2345,0
2227,2345,0
2241,2342,0
2253,2336,1
2178,2263,0
2178,2262,0
2182,2260,0
2186,2253,0
2197,2252,0
2210,2251,0
2222,2248,0
2238,2248,0
2252,2249,0
2268,2255,0
2277,2258,0
2284,2264,0
2284,2268,0
2285,2277,0
2281,2284,0
2277,2294,0
2272,2303,0
2270,2313,0
2272,2321,0
2277,2331,0
2283,2337,0
2292,2342,0
2304,2345,0
2316,2342,0
2332,2342,1
2459,2250,0
2458,2246,0
2453,2239,0
2453,2239,0
2446,2234,0
2437,2231,0
2428,2231,0
2417,2234,0
2403,2239,0
2391,2246,0
2376,2255,0
2367,2266,0
2357,2276,0
2355,2292,0
2354,2301,0
2363,2315,0
2373,2323,0
2386,2328,0
2403,2333,0
2419,2333,0
2435,2332,0
2447,2328,0
2456,2323,0
2465,2318,0
2466,2312,0
2470,2314,0
2468,2310,0
2468,2310,0
2468,2310,0
2468,2311,0
2468,2311,0
2471,2318,0
2473,2326,0
2474,2335,0
2475,2345,0
2480,2361,0
2481,2374,0
2487,2389,0
2487,2403,0
2491,2419,0
2493,2437,0
2493,2451,0
2487,2460,0
2484,2475,0
2480,2487,0
2472,2496,0
2466,2504,0
2458,2510,0
2453,2516,0
2440,2515,0
2430,2516,0
2422,2516,0
2414,2511,0
2403,2504,0
2396,2499,0
2390,2493,0
2386,2486,0
2383,2479,0
2379,2468,0
2374,2456,0
2374,2446,1
2647,2265,0
2652,2265,0
2652,2260,0
2654,2259,0
2654,2258,0
2651,2256,0
2642,2253,0
2634,2253,0
2622,2252,0
2612,2256,0
2601,2258,0
2588,2263,0
2579,2269,0
2569,2276,0
2559,2283,0
2555,2296,0
2549,2304,0
2552,2316,0
2557,2323,0
2564,2328,0
2581,2332,0
2598,2329,0
2616,2326,0
2635,2323,0
2647,2314,1
2569,2241,0
2573,2239,0
2584,2235,0
2597,2231,0
2618,2231,0
2632,2226,0
2649,2222,0
2669,2222,0
2685,2224,0
2692,2224,0
2697,2226,0
2699,2229,0
2694,2233,0
2688,2243,0
2678,2251,0
2668,2263,0
2658,2270,0
2652,2280,0
2651,2291,0
2652,2300,0
2656,2308,0
2665,2316,0
2678,2321,0
2691,2321,0
2710,2321,0
2726,2319,0
2740,2314,0
2755,2311,0
2765,2304,0
2771,2294,0
2776,2285,0
2775,2270,0
2776,2260,0
2776,2250,0
2774,2241,0
2771,2234,0
2770,2229,0
2766,2227,0
2766,2227,0
2765,2227,0
2765,2233,0
2765,2243,0
2765,2254,0
2766,2268,0
2767,2282,0
2770,2295,0
2773,2308,0
2775,2317,0
2777,2325,1
2781,2178,0
2779,2175,0
2783,2176,0
2780,2174,0
2784,2175,1
2849,2231,0
2849,2231,0
2849,2231,0
2848,2231,0
2846,2232,0
2846,2238,0
2846,2249,0
2847,2263,0
2844,2277,0
2844,2292,0
2842,2304,0
2842,2314,0
2845,2322,0
2850,2328,0
2849,2329,0
2849,2329,0
2850,2328,0
2851,2322,0
2852,2311,0
2849,2298,0
2851,2287,0
2845,2270,0
2847,2258,0
2849,2246,0
2849,2231,0
2856,2219,0
2866,2210,0
2877,2201,0
2896,2199,0
2919,2200,0
2945,2210,0
2964,2219,0
2975,2231,0
2982,2246,0
2982,2262,0
2984,2282,0
2983,2299,1
3074,2297,0
3074,2297,0
3077,2299,0
3076,2300,0
3076,2300,0
3076,2301,0
3073,2298,0
3069,2291,0
3067,2281,1
3232,2023,0
3236,2024,0
3236,2024,0
3236,2024,0
3235,2025,0
3230,2025,0
3231,2036,0
3226,2048,0
3226,2060,0
3225,2074,0
3224,2086,0
3226,2096,0
3230,2104,1
3287,2031,0
3285,2029,0
3285,2029,0
3284,2030,0
3284,2036,0
3279,2048,0
3277,2063,0
3276,2076,0
3277,2087,1
3674,2084,0
3674,2084,0
3670,2083,0
3673,2085,0
3672,2088,0
3672,2094,0
3673,2105,0
3670,2117,0
3671,2135,0
3667,2153,0
3666,2174,0
3659,2195,0
3657,2219,0
3659,2241,0
3657,2257,0
3657,2270,0
3655,2278,1
3546,2081,0
3551,2082,0
3556,2080,0
3567,2079,0
3582,2080,0
3601,2082,0
3620,2083,0
3644,2084,0
3670,2084,0
3697,2087,0
3716,2087,0
3735,2089,0
3752,2093,1
3772,2078,0
3773,2077,0
3773,2077,0
3773,2077,0
3772,2078,0
3772,2085,0
3770,2094,0
3770,2108,0
3766,2121,0
3765,2136,0
3764,2151,0
3766,2168,0
3764,2183,0
3764,2198,0
3762,2212,0
3756,2222,0
3756,2234,0
3753,2239,0
3752,2239,0
3749,2237,0
3749,2236,0
3755,2235,0
3754,2225,0
3752,2212,0
3759,2204,0
3763,2192,0
3767,2181,0
3772,2167,0
3784,2158,0
3795,2148,0
3806,2140,0
3822,2139,0
3837,2139,0
3846,2140,0
3856,2147,0
3864,2156,0
3870,2168,0
3874,2183,0
3880,2202,0
3879,2217,0
3882,2234,0
3882,2247,0
3887,2260,0
3888,2266,0
3899,2271,1
4029,2164,0
4030,2162,0
4037,2159,0
4045,2154,0
4048,2149,0
4053,2142,0
4056,2137,0
4064,2134,0
4059,2126,0
4058,2120,0
4057,2116,0
4051,2109,0
4040,2104,0
4032,2103,0
4017,2101,0
4006,2106,0
3988,2109,0
3974,2116,0
3963,2126,0
3951,2137,0
3942,2149,0
3937,2163,0
3934,2175,0
3935,2188,0
3940,2200,0
3950,2209,0
3959,2215,0
3984,2222,0
4004,2222,0
4029,2222,0
4055,2218,0
4079,2212,0
4102,2206,1
4144,2112,0
4140,2111,0
4140,2111,0
4140,2111,0
4139,2113,0
4142,2116,0
4143,2122,0
4143,2130,0
4140,2140,0
4143,2152,0
4144,2164,0
4150,2177,0
4157,2190,0
4159,2198,0
4169,2207,0
4179,2213,0
4193,2219,0
4203,2219,0
4217,2219,0
4234,2217,0
4249,2210,0
4262,2202,0
4270,2191,0
4276,2181,0
4282,2171,0
4284,2160,0
4283,2147,0
4280,2135,0
4278,2123,0
4276,2113,0
4275,2105,0
4271,2096,0
4273,2094,0
4270,2090,0
4270,2091,0
4270,2092,0
4268,2094,0
4268,2102,0
4269,2116,0
4266,2130,0
4264,2147,0
4270,2168,0
4275,2190,0
4280,2212,0
4283,2236,0
4290,2263,0
4292,2289,0
4297,2316,0
4299,2342,0
4295,2364,0
4295,2386,0
4292,2404,0
4282,2417,0
4270,2427,0
4258,2431,0
4242,2433,0
4224,2429,0
4210,2422,0
4194,2410,0
4184,2396,0
4178,2384,1
4755,2067,0
4755,2060,0
4753,2053,0
4757,2048,0
4751,2041,0
4752,2038,0
4748,2036,0
4752,2038,0
4752,2040,0
4750,2042,0
4749,2053,0
4748,2065,0
4744,2080,0
4745,2096,0
4744,2114,0
4745,2130,0
4753,2147,0
4756,2160,0
4764,2169,0
4775,2176,0
4783,2177,0
4794,2175,0
4802,2166,0
4817,2156,0
4828,2143,0
4835,2129,0
4838,2117,0
4838,2108,0
4837,2102,0
4841,2102,0
4837,2101,0
4836,2101,0
4838,2106,0
4840,2113,0
4844,2122,0
4852,2133,0
4865,2142,0
4882,2152,0
4897,2159,0
4912,2164,0
4928,2168,0
4942,2168,0
4961,2166,0
4973,2159,0
4986,2151,0
4990,2136,0
4997,2121,0
4997,2104,0
4991,2089,0
4983,2077,0
4975,2067,0
4969,2059,0
4963,2054,1
5143,2059,0
5139,2055,0
5146,2052,0
5144,2047,0
5142,2042,0
5139,2039,0
5135,2036,0
5132,2034,0
5120,2031,0
5118,2034,0
5108,2037,0
5096,2043,0
5081,2049,0
5072,2060,0
5057,2070,0
5047,2082,0
5041,2094,0
5039,2108,0
5038,2120,0
5041,2131,0
5046,2139,0
5057,2145,0
5076,2152,0
5093,2153,0
5108,2149,0
5123,2145,0
5136,2138,0
5149,2130,0
5154,2118,0
5160,2106,0
5162,2092,0
5159,2079,0
5156,2067,0
5156,2060,0
5145,2053,0
5137,2051,0
5129,2050,1
5217,2030,0
5219,2029,0
5219,2029,0
5218,2028,0
5219,2029,0
5217,2030,0
5214,2037,0
5218,2049,0
5216,2060,0
5216,2072,0
5223,2087,0
5226,2097,0
5233,2110,0
5243,2119,0
5252,2128,0
5266,2134,0
5278,2137,0
5299,2140,0
5313,2140,0
5324,2134,0
5339,2128,0
5352,2120,0
5357,2109,0
5364,2096,0
5369,2083,0
5367,2067,0
5368,2054,0
5366,2041,0
5361,2031,0
5360,2023,0
5354,2018,0
5354,2017,0
5354,2018,0
5358,2019,0
5356,2023,0
5356,2032,0
5359,2046,0
5361,2062,0
5366,2079,0
5372,2094,0
5378,2111,0
5385,2123,0
5390,2133,0
5400,2142,0
5402,2145,1
5444,1970,0
5443,1963,0
5441,1956,0
5438,1954,0
5442,1954,0
5441,1954,0
5437,1954,0
5442,1964,0
5441,1976,0
5439,1990,0
5441,2007,0
5442,2026,0
5443,2043,0
5444,2060,0
5451,2076,0
5458,2091,0
5465,2103,0
5470,2113,0
5472,2118,0
5475,2121,0
5484,2121,1
5653,2029,0
5654,2026,0
5651,2023,0
5648,2019,0
5645,2017,0
5634,2012,0
5625,2012,0
5612,2013,0
5597,2017,0
5578,2022,0
5566,2030,0
5550,2036,0
5538,2046,0
5533,2056,0
5529,2067,0
5532,2078,0
5537,2088,0
5547,2095,0
5569,2106,0
5584,2110,0
5605,2113,0
5625,2116,0
5651,2117,0
5670,2113,0
5682,2105,0
5695,2094,0
5705,2079,0
5717,2063,0
5724,2045,0
5724,2024,0
5723,2005,0
5718,1985,0
5716,1966,0
5709,1951,0
5706,1939,0
5700,1930,0
5701,1928,0
5701,1927,0
5701,1929,0
5703,1936,0
5705,1951,0
5706,1969,0
5707,1991,0
5707,2012,0
5711,2036,0
5711,2055,0
5716,2076,0
5721,2096,0
5729,2116,1