there on a great plan we have. &quot;&quot; Yes.
900
740,1416,0
745,1421,0
744,1409,0
743,1400,0
740,1399,0
738,1399,0
738,1403,0
736,1411,0
733,1430,0
731,1459,0
729,1487,0
731,1517,0
733,1546,0
734,1571,0
735,1592,0
734,1612,0
733,1628,0
733,1641,0
733,1645,0
733,1645,0
731,1640,1
673,1542,0
674,1542,0
681,1541,0
699,1546,0
719,1543,0
737,1543,0
750,1551,0
759,1552,0
764,1549,0
772,1551,0
779,1553,0
782,1541,0
787,1534,1
795,1421,0
793,1417,0
798,1421,0
805,1431,0
814,1446,0
822,1464,0
831,1490,0
832,1510,0
834,1536,0
839,1556,0
844,1569,0
847,1574,0
849,1579,0
850,1578,0
849,1574,0
848,1562,0
852,1546,0
859,1531,0
869,1517,0
883,1507,0
895,1500,0
903,1497,0
909,1502,0
914,1511,0
918,1523,0
922,1540,0
922,1549,0
926,1561,0
928,1569,0
934,1578,0
939,1578,0
947,1575,0
958,1568,1
1009,1522,0
1013,1523,0
1021,1523,0
1033,1524,0
1044,1516,0
1054,1508,0
1060,1497,0
1065,1489,0
1064,1476,0
1064,1472,0
1059,1469,0
1050,1464,0
1040,1469,0
1026,1471,0
1011,1479,0
994,1491,0
984,1510,0
977,1525,0
976,1533,0
982,1541,0
996,1551,0
1013,1551,0
1032,1552,0
1051,1549,0
1070,1545,0
1082,1533,0
1096,1533,0
1097,1529,0
1100,1533,0
1096,1524,0
1098,1525,0
1095,1517,1
1090,1445,0
1094,1449,0
1095,1449,0
1103,1457,0
1111,1469,0
1119,1484,0
1118,1493,0
1121,1508,0
1124,1520,0
1123,1520,0
1124,1520,0
1129,1524,0
1129,1512,0
1131,1496,0
1136,1488,0
1141,1483,0
1144,1475,0
1151,1471,0
1162,1470,0
1171,1469,0
1182,1473,0
1192,1476,0
1201,1471,0
1223,1473,0
1242,1467,0
1259,1456,0
1277,1450,0
1285,1440,0
1288,1436,0
1286,1432,0
1281,1433,0
1259,1428,0
1236,1435,0
1218,1450,0
1204,1463,0
1201,1479,0
1206,1491,0
1220,1501,0
1237,1503,0
1264,1508,1
1619,1392,0
1614,1390,0
1611,1391,0
1604,1389,0
1597,1393,0
1588,1400,0
1584,1416,0
1579,1430,0
1582,1446,0
1592,1459,0
1609,1470,0
1625,1472,0
1638,1466,0
1655,1459,0
1667,1450,0
1672,1433,0
1675,1419,0
1672,1407,0
1662,1398,0
1648,1392,0
1632,1386,0
1626,1389,0
1621,1391,0
1617,1392,0
1616,1393,1
1685,1370,0
1687,1369,0
1689,1368,0
1688,1368,0
1686,1368,0
1690,1376,0
1695,1387,0
1696,1399,0
1703,1414,0
1707,1426,0
1710,1433,0
1712,1436,0
1712,1436,0
1714,1435,0
1714,1431,0
1710,1416,0
1712,1401,0
1716,1389,0
1726,1380,0
1739,1372,0
1759,1371,0
1771,1368,0
1785,1374,0
1795,1383,0
1796,1392,0
1801,1406,0
1802,1420,0
1807,1436,0
1812,1447,1
2109,1331,0
2105,1330,0
2096,1326,0
2083,1322,0
2071,1322,0
2055,1324,0
2039,1334,0
2025,1349,0
2011,1366,0
2005,1381,0
2007,1394,0
2016,1402,0
2026,1405,0
2038,1405,0
2052,1400,0
2067,1393,0
2079,1378,0
2088,1360,0
2093,1345,0
2094,1334,0
2094,1328,0
2093,1324,0
2092,1324,0
2092,1325,0
2092,1331,0
2100,1345,0
2106,1360,0
2116,1379,0
2122,1394,0
2128,1405,0
2135,1415,0
2140,1421,0
2143,1423,1
2471,1293,0
2473,1291,0
2467,1286,0
2458,1284,0
2440,1286,0
2422,1295,0
2400,1309,0
2386,1324,0
2380,1338,0
2386,1351,0
2392,1356,0
2410,1359,0
2429,1355,0
2451,1348,0
2470,1338,0
2487,1324,0
2495,1308,0
2502,1300,0
2496,1294,0
2484,1290,0
2477,1292,0
2469,1295,0
2467,1305,0
2463,1315,0
2470,1333,0
2476,1351,0
2485,1370,0
2502,1394,0
2512,1418,0
2522,1443,0
2528,1467,0
2531,1488,0
2531,1505,0
2526,1516,0
2518,1520,0
2511,1521,0
2507,1520,0
2495,1514,0
2485,1507,0
2475,1500,0
2466,1493,0
2456,1485,0
2451,1479,0
2446,1473,0
2447,1466,1
2573,1266,0
2570,1264,0
2570,1264,0
2568,1266,0
2571,1276,0
2578,1293,0
2580,1310,0
2579,1324,0
2581,1335,0
2589,1344,0
2589,1344,0
2589,1344,0
2591,1342,0
2588,1332,0
2588,1319,0
2586,1309,0
2586,1301,0
2591,1295,0
2596,1288,0
2609,1284,0
2622,1279,0
2638,1279,0
2647,1280,0
2654,1283,0
2659,1284,1
2736,1306,0
2736,1305,0
2739,1301,0
2752,1297,0
2759,1286,0
2770,1276,0
2777,1266,0
2784,1257,0
2780,1247,0
2778,1242,0
2771,1238,0
2767,1238,0
2750,1240,0
2730,1249,0
2706,1265,0
2687,1286,0
2675,1303,0
2675,1316,0
2683,1327,0
2694,1331,0
2715,1335,0
2736,1334,0
2760,1334,0
2778,1330,0
2794,1327,0
2805,1326,0
2809,1326,0
2810,1325,0
2810,1325,1
2911,1247,0
2909,1243,0
2911,1240,0
2908,1237,0
2899,1236,0
2883,1240,0
2867,1251,0
2853,1265,0
2843,1281,0
2843,1296,0
2846,1307,0
2855,1315,0
2868,1318,0
2879,1314,0
2893,1307,0
2905,1295,0
2915,1279,0
2922,1260,0
2917,1245,0
2910,1233,0
2903,1228,0
2904,1227,0
2900,1227,0
2900,1233,0
2911,1248,0
2924,1264,0
2938,1280,0
2946,1291,0
2953,1300,0
2959,1307,0
2965,1312,0
2964,1314,0
2968,1315,0
2969,1315,0
2967,1310,0
2969,1299,0
2974,1283,1
2983,1059,0
2987,1060,0
2989,1066,0
2996,1080,0
2999,1099,0
3005,1123,0
3007,1148,0
3016,1173,0
3018,1196,0
3028,1218,0
3032,1236,0
3042,1251,0
3047,1259,1
2992,1218,0
2984,1214,0
2991,1212,0
2994,1206,0
3013,1196,1
3308,1261,0
3308,1261,0
3308,1259,0
3315,1264,0
3320,1271,0
3327,1285,0
3336,1304,0
3338,1326,0
3339,1350,0
3344,1375,0
3346,1396,0
3346,1411,0
3350,1421,0
3348,1425,0
3348,1426,0
3341,1422,0
3339,1416,0
3332,1405,0
3323,1387,0
3320,1368,0
3315,1345,0
3313,1322,0
3311,1299,0
3320,1281,0
3333,1264,0
3345,1248,0
3358,1239,0
3377,1237,0
3388,1240,0
3398,1247,0
3410,1259,0
3414,1271,0
3421,1283,0
3424,1296,0
3415,1305,0
3403,1312,0
3393,1315,0
3384,1314,0
3377,1311,0
3366,1307,0
3359,1302,0
3356,1298,0
3356,1291,0
3355,1282,0
3356,1271,1
3440,1112,0
3443,1114,0
3449,1122,0
3460,1136,0
3469,1157,0
3477,1180,0
3480,1204,0
3481,1228,0
3477,1247,0
3479,1264,0
3485,1279,0
3485,1288,0
3483,1293,1
3580,1230,0
3583,1227,0
3583,1225,0
3584,1223,0
3576,1222,0
3565,1228,0
3548,1237,0
3541,1253,0
3535,1266,0
3534,1277,0
3539,1284,0
3547,1288,0
3561,1287,0
3571,1283,0
3583,1276,0
3592,1265,0
3595,1250,0
3600,1238,0
3591,1228,0
3584,1223,0
3581,1221,0
3580,1222,0
3580,1223,0
3585,1230,0
3598,1241,0
3611,1252,0
3624,1262,0
3637,1271,0
3643,1278,0
3650,1282,0
3653,1285,0
3650,1284,0
3653,1285,1
3660,1196,0
3660,1196,0
3665,1196,0
3667,1199,0
3673,1207,0
3681,1219,0
3684,1233,0
3684,1244,0
3689,1254,0
3694,1261,0
3693,1265,0
3696,1266,0
3689,1264,0
3690,1261,0
3689,1254,0
3688,1245,0
3688,1233,0
3692,1223,0
3696,1213,0
3703,1205,0
3715,1198,0
3726,1192,0
3740,1192,0
3747,1192,0
3758,1199,0
3763,1208,0
3771,1221,0
3774,1235,0
3784,1252,0
3784,1264,0
3791,1277,0
3792,1286,0
3798,1293,0
3800,1298,0
3807,1301,0
3807,1300,0
3812,1298,1
4004,1177,0
4001,1175,0
3998,1171,0
4002,1171,0
3998,1170,0
3998,1170,0
3998,1170,0
3998,1171,0
3996,1175,0
4002,1184,0
4010,1198,0
4017,1213,0
4024,1228,0
4036,1242,0
4045,1254,0
4059,1262,0
4065,1266,0
4074,1267,0
4070,1264,0
4075,1255,0
4070,1242,0
4065,1234,0
4062,1231,0
4057,1230,0
4057,1232,0
4063,1237,0
4073,1247,0
4080,1261,0
4089,1274,0
4103,1282,0
4114,1285,0
4128,1284,0
4139,1276,0
4155,1265,0
4165,1249,0
4175,1235,0
4179,1221,0
4180,1208,0
4179,1196,0
4171,1184,0
4164,1178,0
4157,1172,0
4154,1170,0
4143,1167,0
4139,1167,1
4244,1230,0
4244,1230,0
4249,1230,0
4249,1228,0
4258,1225,1
4268,1209,0
4274,1201,0
4277,1194,0
4279,1187,0
4277,1180,0
4274,1175,0
4268,1170,0
4251,1167,0
4239,1169,0
4225,1173,0
4213,1182,0
4198,1192,0
4192,1207,0
4183,1223,0
4181,1240,0
4185,1254,0
4199,1264,0
4214,1269,0
4239,1269,0
4261,1265,0
4284,1261,0
4303,1256,0
4320,1253,0
4334,1249,0
4348,1247,0
4349,1244,0
4354,1243,0
4357,1244,1
4546,1054,0
4542,1052,0
4546,1052,0
4546,1054,0
4548,1060,0
4562,1071,0
4567,1084,0
4579,1101,0
4587,1119,0
4594,1138,0
4598,1155,0
4601,1172,0
4606,1187,0
4610,1199,0
4611,1208,0
4614,1215,0
4609,1217,0
4608,1218,0
4609,1217,0
4606,1213,0
4604,1205,0
4599,1193,0
4599,1181,0
4595,1165,0
4594,1151,0
4601,1140,0
4608,1131,0
4618,1124,0
4636,1121,0
4649,1121,0
4659,1126,0
4670,1132,0
4680,1142,0
4689,1155,0
4693,1168,0
4694,1182,0
4695,1194,0
4692,1205,0
4693,1213,0
4695,1220,0
4695,1223,1
4803,1132,0
4799,1129,0
4796,1125,0
4793,1124,0
4780,1124,0
4770,1128,0
4752,1136,0
4741,1149,0
4728,1163,0
4719,1179,0
4720,1192,0
4729,1203,0
4736,1211,0
4743,1215,0
4751,1215,0
4763,1214,0
4774,1209,0
4777,1199,0
4783,1189,0
4783,1175,0
4783,1160,0
4782,1147,0
4772,1138,0
4770,1131,0
4766,1128,0
4767,1127,0
4770,1128,0
4777,1134,0
4784,1143,0
4793,1155,0
4802,1167,0
4804,1175,0
4809,1184,0
4816,1191,0
4823,1197,0
4830,1201,0
4833,1204,1
4876,1106,0
4876,1106,0
4882,1111,0
4888,1121,0
4897,1134,0
4901,1148,0
4910,1162,0
4916,1172,0
4927,1179,0
4934,1184,0
4946,1184,0
4956,1180,0
4967,1170,0
4974,1158,0
4977,1143,0
4980,1131,0
4975,1117,0
4974,1105,0
4968,1095,0
4966,1088,0
4959,1083,0
4956,1080,0
4956,1078,0
4956,1080,0
4959,1082,1
5084,1145,0
5084,1146,0
5088,1146,0
5096,1146,0
5101,1142,0
5110,1136,0
5121,1128,0
5128,1118,0
5134,1108,0
5137,1098,0
5139,1089,0
5136,1082,0
5129,1076,0
5121,1073,0
5105,1072,0
5088,1074,0
5074,1081,0
5056,1091,0
5033,1103,0
5020,1119,0
5009,1134,0
5005,1148,0
5010,1160,0
5011,1170,0
5022,1177,0
5042,1183,0
5066,1184,0
5086,1184,0
5108,1182,0
5125,1179,0
5138,1176,0
5151,1174,0
5156,1171,1
5202,1181,0
5203,1182,0
5203,1182,0
5198,1181,0
5199,1180,0
5199,1182,0
5195,1180,0
5199,1180,0
5196,1177,1
5316,936,0
5313,933,0
5317,935,0
5317,935,0
5316,938,0
5315,945,0
5325,960,0
5326,972,0
5332,985,0
5334,993,0
5337,1001,0
5332,1004,0
5335,1007,1
5339,900,0
5343,900,0
5347,901,0
5350,907,0
5353,916,0
5354,928,0
5352,941,0
5354,953,0
5347,964,0
5350,974,0
5352,984,0
5359,990,0
5359,993,1
5553,878,0
5554,878,0
5557,880,0
5557,882,0
5564,892,0
5569,906,0
5578,921,0
5585,934,0
5587,945,0
5586,951,0
5585,955,0
5585,958,0
5589,958,1
5613,887,0
5609,886,0
5612,888,0
5619,895,0
5629,909,0
5639,928,0
5643,946,0
5650,960,0
5648,970,0
5643,977,0
5646,982,0
5648,988,0
5653,991,1
5887,922,0
5887,922,0
5890,923,0
5891,925,0
5889,931,0
5894,948,0
5903,971,0
5911,998,0
5919,1021,0
5931,1040,0
5936,1058,0
5946,1071,0
5949,1076,0
5952,1080,0
5957,1081,0
5957,1075,0
5955,1063,1
5996,920,0
5993,916,0
5993,915,0
5996,916,0
5996,923,0
5997,941,0
5997,966,0
5992,998,0
5985,1035,0
5974,1074,0
5966,1119,0
5957,1162,0
5944,1204,0
5935,1244,0
5928,1278,0
5923,1300,0
5923,1312,0
5923,1320,0
5926,1323,0
5926,1322,0
5928,1312,1
6136,1098,0
6137,1099,0
6141,1100,0
6140,1102,0
6144,1103,0
6148,1100,0
6157,1097,0
6167,1089,0
6172,1081,0
6182,1073,0
6183,1066,0
6184,1057,0
6182,1052,0
6174,1044,0
6155,1038,0
6148,1037,0
6127,1038,0
6114,1044,0
6104,1054,0
6093,1069,0
6082,1088,0
6078,1107,0
6075,1126,0
6080,1141,0
6085,1153,0
6101,1159,0
6116,1160,0
6138,1159,0
6155,1153,0
6167,1149,0
6173,1143,0
6182,1138,0
6186,1134,0
6191,1132,0
6192,1129,0
6196,1127,0
6193,1124,1
6328,1025,0
6333,1019,0
6334,1013,0
6326,1008,0
6315,1004,0
6303,1002,0
6283,1003,0
6261,1010,0
6240,1018,0
6226,1028,0
6216,1037,0
6220,1044,0
6230,1052,0
6244,1059,0
6268,1066,0
6291,1073,0
6311,1079,0
6326,1084,0
6341,1091,0
6344,1097,0
6343,1102,0
6338,1104,0
6334,1107,0
6321,1109,0
6309,1112,0
6297,1114,0
6288,1115,0
6280,1116,0
6280,1117,0
6279,1118,0
6279,1118,0
6279,1119,0
6291,1120,1
6384,1143,0
6384,1143,0
6389,1143,0
6389,1143,0
6385,1141,0
6389,1141,0
6385,1141,0
6385,1139,0
6385,1138,1