far across as a human was long.
667
1129,4940,0
1129,4940,0
1127,4932,0
1126,4924,0
1126,4904,0
1127,4884,0
1127,4864,0
1128,4852,0
1129,4845,0
1126,4840,0
1123,4845,0
1114,4860,0
1098,4892,0
1081,4936,0
1059,4980,0
1039,5040,0
1014,5101,0
987,5167,0
960,5227,0
936,5290,0
919,5334,0
912,5370,0
911,5378,0
913,5385,0
919,5382,1
926,5122,0
922,5126,0
920,5134,0
919,5137,0
928,5142,0
950,5134,0
981,5115,0
1015,5100,0
1040,5088,1
1209,5091,0
1209,5086,0
1208,5079,0
1208,5070,0
1207,5067,0
1204,5059,0
1198,5055,0
1188,5055,0
1175,5059,0
1160,5080,0
1141,5112,0
1125,5144,0
1114,5176,0
1118,5196,0
1131,5196,0
1149,5192,0
1168,5175,0
1187,5155,0
1201,5135,0
1213,5118,0
1218,5110,0
1220,5106,0
1219,5106,0
1219,5110,0
1221,5118,0
1220,5134,0
1221,5146,0
1220,5162,0
1220,5174,1
1290,5064,0
1288,5064,0
1287,5068,0
1284,5072,0
1281,5096,0
1278,5120,0
1277,5140,0
1276,5156,0
1276,5165,0
1278,5172,0
1277,5168,0
1277,5168,0
1279,5161,0
1285,5132,0
1299,5107,0
1318,5082,0
1336,5062,0
1348,5049,0
1351,5049,0
1357,5064,0
1360,5076,1
1896,5052,0
1895,5052,0
1896,5052,0
1896,5048,0
1898,5048,0
1895,5044,0
1889,5038,0
1878,5035,0
1862,5042,0
1838,5045,0
1815,5062,0
1788,5089,0
1763,5129,0
1744,5164,0
1740,5193,0
1752,5199,0
1772,5192,0
1800,5173,0
1833,5143,0
1858,5108,0
1879,5079,0
1898,5052,0
1908,5034,0
1908,5035,0
1906,5035,0
1897,5060,0
1884,5095,0
1874,5129,0
1868,5154,0
1867,5179,0
1870,5187,0
1875,5190,0
1882,5180,1
2031,5060,0
2027,5053,0
2022,5050,0
2013,5052,0
1997,5055,0
1978,5079,0
1955,5103,0
1933,5136,0
1920,5170,0
1915,5187,0
1923,5198,0
1937,5199,0
1959,5192,1
2107,5065,0
2106,5062,0
2105,5062,0
2103,5062,0
2101,5067,0
2095,5080,0
2087,5106,0
2079,5132,0
2073,5154,0
2070,5167,0
2070,5167,0
2070,5167,0
2072,5158,0
2079,5137,0
2090,5106,0
2101,5079,0
2113,5057,0
2122,5042,0
2130,5036,0
2135,5035,0
2138,5034,0
2144,5041,0
2153,5043,0
2167,5045,0
2183,5033,1
2241,5064,0
2240,5057,0
2238,5053,0
2231,5050,0
2215,5062,0
2193,5084,0
2170,5125,0
2156,5162,0
2152,5187,0
2160,5197,0
2178,5194,0
2203,5180,0
2227,5154,0
2249,5132,0
2262,5108,0
2270,5086,0
2269,5079,0
2265,5071,0
2258,5064,0
2248,5071,0
2236,5074,1
2412,5042,0
2411,5045,0
2408,5047,0
2399,5045,0
2387,5052,0
2368,5070,0
2354,5090,0
2344,5101,0
2346,5113,0
2355,5123,0
2370,5127,0
2386,5135,0
2398,5144,0
2404,5156,0
2405,5168,0
2403,5176,0
2403,5176,0
2397,5178,0
2382,5173,0
2363,5178,0
2339,5181,0
2317,5186,0
2306,5192,0
2302,5190,0
2306,5180,1
2612,5058,0
2613,5053,0
2610,5050,0
2608,5047,0
2599,5041,0
2593,5043,0
2583,5050,0
2569,5055,0
2559,5066,0
2553,5080,0
2548,5086,0
2549,5098,0
2553,5110,0
2566,5122,0
2585,5133,0
2609,5139,0
2634,5147,0
2655,5154,0
2666,5162,0
2668,5175,0
2663,5185,0
2651,5192,0
2639,5197,0
2624,5200,0
2608,5197,0
2595,5197,0
2579,5194,0
2564,5190,0
2550,5190,0
2542,5200,0
2538,5202,0
2540,5205,0
2544,5199,1
3239,5022,0
3240,5016,0
3237,5006,0
3231,4999,0
3219,4995,0
3206,5001,0
3193,5020,0
3171,5043,0
3151,5077,0
3132,5107,0
3123,5128,0
3128,5139,0
3140,5142,0
3157,5135,0
3185,5124,0
3211,5100,0
3239,5074,0
3260,5047,0
3271,5029,0
3276,5028,0
3276,5027,0
3276,5032,0
3269,5052,0
3259,5079,0
3252,5099,0
3247,5110,0
3251,5117,0
3257,5119,0
3267,5114,1
3408,5018,0
3407,5014,0
3403,5008,0
3397,5006,0
3386,5002,0
3373,5004,0
3359,5011,0
3348,5021,0
3337,5031,0
3327,5043,0
3330,5055,0
3338,5064,0
3355,5070,0
3380,5076,0
3397,5077,0
3409,5084,0
3414,5091,0
3413,5100,0
3406,5113,0
3388,5120,0
3364,5123,0
3344,5132,0
3324,5132,0
3306,5132,0
3296,5132,1
3906,4998,0
3899,4988,0
3892,4984,0
3887,4982,0
3875,4980,0
3860,4983,0
3847,4991,0
3828,4997,0
3810,5016,0
3793,5045,0
3777,5067,0
3773,5087,0
3781,5101,0
3790,5101,0
3812,5098,0
3836,5076,0
3863,5056,0
3878,5033,0
3879,5004,0
3887,4995,0
3892,5002,0
3894,5001,0
3895,5009,0
3880,5023,0
3872,5055,0
3860,5076,0
3857,5096,0
3862,5102,0
3875,5104,1
4380,4816,0
4377,4813,0
4379,4816,0
4382,4815,0
4379,4812,0
4381,4820,0
4362,4868,0
4344,4900,0
4321,4940,0
4297,4980,0
4277,5018,0
4264,5045,0
4257,5059,0
4254,5061,0
4251,5057,0
4258,5058,0
4259,5058,0
4264,5045,0
4279,5026,0
4302,5006,0
4326,4984,0
4357,4963,0
4385,4953,0
4401,4953,0
4413,4960,0
4412,4969,0
4403,4991,0
4382,5014,0
4365,5040,0
4357,5055,0
4357,5060,0
4365,5064,1
4489,4988,0
4487,4986,0
4488,4985,0
4488,4985,0
4488,4985,0
4490,4989,0
4481,5004,0
4465,5035,0
4447,5071,0
4442,5089,0
4450,5093,0
4466,5088,0
4499,5064,0
4531,5033,0
4555,5005,0
4575,4981,0
4583,4970,0
4582,4966,0
4587,4968,0
4567,4992,0
4555,5016,0
4544,5033,0
4536,5048,0
4537,5053,1
4628,4977,0
4630,4975,0
4630,4975,0
4628,4973,0
4625,4979,0
4620,5003,0
4603,5030,0
4594,5047,0
4596,5055,0
4597,5050,0
4611,5039,0
4630,5010,0
4652,4985,0
4676,4961,0
4701,4943,0
4713,4938,0
4723,4936,0
4731,4945,0
4728,4957,0
4722,4977,0
4714,4993,0
4707,5004,0
4705,5009,0
4705,5004,0
4706,5009,0
4709,5002,0
4719,4985,0
4740,4968,0
4763,4951,0
4785,4944,0
4803,4944,0
4810,4950,0
4812,4963,0
4802,4986,0
4787,5009,0
4766,5029,0
4753,5048,1
4941,4989,0
4944,4982,0
4942,4977,0
4937,4971,0
4934,4968,0
4921,4969,0
4903,4973,0
4875,4990,0
4842,5021,0
4821,5047,0
4810,5060,0
4816,5066,0
4830,5065,0
4852,5059,0
4875,5040,0
4902,5025,0
4914,5016,0
4924,5003,0
4933,4995,0
4934,4990,0
4935,4989,0
4932,4991,0
4932,4996,0
4927,5009,0
4921,5030,0
4917,5044,0
4919,5057,0
4920,5062,0
4918,5058,1
5006,4962,0
5000,4966,0
4997,4975,0
4996,4986,0
4992,4994,0
4987,5014,0
4980,5025,0
4975,5028,0
4978,5036,0
4976,5033,0
4977,5032,0
4977,5031,0
4980,5025,0
4994,5007,0
5016,4985,0
5052,4955,0
5088,4935,0
5113,4925,0
5134,4922,0
5144,4930,0
5146,4955,0
5139,4976,0
5125,4998,0
5114,5023,0
5101,5045,0
5095,5055,0
5105,5056,0
5131,5050,0
5155,5031,1
5583,4895,0
5579,4899,0
5579,4899,0
5579,4899,0
5580,4908,0
5572,4933,0
5556,4959,0
5547,4984,0
5541,5005,0
5535,5022,0
5534,5028,0
5535,5027,0
5540,5017,0
5557,4991,0
5572,4960,0
5591,4936,0
5596,4932,0
5598,4930,0
5598,4930,0
5598,4936,0
5592,4947,0
5587,4968,0
5583,4989,0
5583,5004,0
5585,5008,0
5594,5011,0
5602,5004,0
5610,4990,0
5619,4971,0
5636,4950,0
5649,4920,0
5668,4891,0
5681,4878,0
5679,4874,0
5675,4878,0
5672,4893,0
5664,4906,1
5773,4906,0
5779,4895,0
5781,4887,0
5779,4883,0
5778,4884,0
5775,4881,0
5769,4881,0
5760,4885,0
5740,4900,0
5710,4934,0
5673,4980,0
5658,5016,0
5665,5038,0
5682,5038,0
5714,5030,0
5743,5008,0
5768,4983,0
5788,4963,0
5801,4946,0
5806,4929,0
5808,4928,0
5803,4927,0
5799,4936,0
5788,4951,0
5783,4973,0
5776,4992,0
5771,5002,0
5779,5006,0
5779,4994,1
5968,4896,0
5969,4895,0
5968,4891,0
5962,4886,0
5955,4887,0
5950,4891,0
5935,4895,0
5922,4908,0
5911,4924,0
5910,4939,0
5913,4947,0
5926,4962,0
5943,4974,0
5969,4987,0
5980,4999,0
5988,5014,0
5983,5024,0
5976,5036,0
5956,5040,0
5932,5041,0
5906,5039,0
5885,5043,0
5863,5040,0
5845,5042,0
5839,5047,1
6512,4801,0
6506,4804,0
6500,4804,0
6498,4806,0
6489,4811,0
6477,4825,0
6459,4852,0
6433,4888,0
6404,4925,0
6379,4961,0
6354,4988,0
6346,5008,0
6348,5011,0
6362,5003,0
6384,4990,0
6399,4974,0
6406,4971,1
6493,4904,0
6492,4905,0
6486,4905,0
6478,4910,0
6466,4917,0
6454,4936,0
6443,4954,0
6442,4974,0
6445,4990,0
6456,4994,0
6481,4990,0
6499,4982,0
6522,4969,0
6529,4954,0
6535,4941,0
6528,4919,0
6516,4908,0
6505,4907,0
6490,4907,0
6487,4910,0
6490,4907,1
6623,4918,0
6623,4918,0
6623,4919,0
6618,4931,0
6607,4950,0
6605,4970,0
6602,4980,0
6601,4982,0
6604,4984,0
6603,4973,0
6612,4956,0
6622,4932,0
6651,4899,0
6671,4893,0
6691,4894,0
6702,4900,0
6712,4912,0
6717,4920,0
6716,4933,0
6706,4951,0
6691,4968,0
6682,4973,0
6688,4972,0
6705,4971,1
6834,4917,0
6835,4914,0
6838,4912,0
6835,4909,0
6833,4905,0
6827,4907,0
6810,4908,0
6794,4922,0
6771,4941,0
6758,4963,0
6758,4976,0
6765,4985,0
6785,4987,0
6806,4982,0
6823,4973,0
6832,4963,0
6843,4949,0
6845,4941,0
6846,4940,0
6845,4941,0
6840,4947,0
6831,4963,0
6823,4980,0
6815,4995,0
6806,5018,0
6798,5046,0
6787,5079,0
6779,5106,0
6768,5129,0
6753,5147,0
6737,5154,0
6723,5158,0
6713,5151,1
6915,5020,0
6910,5018,0
6912,5017,0
6910,5014,0
6915,5014,0
6912,5010,0
6913,5009,0
6913,5009,0
6909,5007,0
6908,5008,0
6910,5014,0
6915,5020,0
6920,5021,1