Once again she checked back her
539
804,2351,0
771,2371,0
734,2407,0
693,2456,0
624,2610,0
617,2674,0
629,2713,0
653,2738,0
687,2747,0
721,2728,0
758,2692,0
790,2624,0
815,2550,0
832,2484,0
836,2420,0
781,2337,0
754,2340,0
733,2358,0
726,2381,0
733,2415,0
749,2433,0
770,2440,1
829,2468,0
809,2521,0
794,2576,0
785,2615,0
784,2639,0
784,2639,0
786,2639,0
790,2624,0
798,2589,0
815,2550,0
839,2513,0
866,2483,0
888,2469,0
915,2523,0
912,2555,0
909,2591,0
914,2615,0
927,2628,0
941,2625,0
960,2606,1
1139,2460,0
1129,2452,0
1117,2456,0
1100,2465,0
1078,2481,0
1126,2592,0
1161,2551,0
1194,2514,0
1216,2477,0
1227,2456,0
1228,2448,0
1219,2445,0
1204,2450,0
1184,2470,0
1164,2507,0
1152,2552,0
1147,2588,0
1163,2615,0
1196,2630,0
1247,2623,0
1311,2598,1
1679,2389,0
1652,2417,0
1634,2458,0
1619,2499,0
1616,2545,0
1618,2578,0
1627,2600,0
1638,2602,0
1657,2601,0
1672,2581,0
1691,2551,0
1715,2512,0
1739,2472,0
1760,2441,0
1772,2425,0
1773,2420,0
1772,2421,0
1774,2433,0
1770,2458,0
1763,2486,0
1767,2522,0
1781,2548,0
1802,2550,0
1830,2537,0
1867,2512,1
2012,2393,0
1998,2390,0
1980,2407,0
1952,2439,0
1917,2487,0
1885,2523,0
1874,2548,0
1877,2551,0
1888,2547,0
1909,2527,0
1937,2492,0
1967,2446,0
1996,2405,0
2014,2371,0
2017,2357,0
2019,2360,0
2019,2364,0
2012,2388,0
2006,2434,0
2002,2488,0
1993,2543,0
1988,2601,0
1985,2657,0
1970,2697,0
1952,2729,0
1929,2745,0
1909,2759,0
1886,2758,0
1865,2748,0
1853,2731,0
1853,2709,0
1860,2678,1
2170,2369,0
2148,2371,0
2125,2391,0
2093,2424,0
2061,2468,0
2038,2512,0
2024,2535,0
2026,2543,0
2040,2546,0
2060,2525,0
2088,2491,0
2120,2451,0
2149,2410,0
2165,2386,0
2169,2384,0
2168,2384,0
2166,2394,0
2159,2425,0
2147,2456,0
2142,2490,0
2147,2509,0
2157,2513,0
2179,2511,0
2203,2487,0
2234,2458,0
2259,2423,0
2283,2396,0
2296,2381,0
2299,2379,0
2299,2384,0
2296,2403,0
2294,2437,0
2288,2466,0
2284,2487,0
2291,2502,0
2298,2497,0
2306,2475,1
2359,2243,0
2347,2241,0
2346,2246,0
2345,2260,1
2383,2405,0
2364,2434,0
2352,2473,0
2349,2497,0
2353,2504,0
2362,2504,0
2379,2486,0
2397,2456,0
2422,2428,0
2449,2403,0
2474,2388,0
2494,2379,0
2513,2387,0
2522,2399,0
2523,2427,0
2523,2470,0
2525,2511,1
3019,2304,0
2994,2300,0
2968,2306,0
2943,2318,0
2912,2335,0
2883,2358,0
2863,2385,0
2852,2398,0
2856,2406,0
2874,2417,0
2896,2425,0
2920,2437,0
2941,2446,0
2955,2454,0
2956,2458,0
2945,2463,0
2915,2477,0
2875,2493,0
2830,2507,0
2791,2526,0
2766,2538,0
2757,2540,0
2763,2536,0
2779,2504,0
2808,2458,1
3074,2106,0
3071,2109,0
3064,2129,0
3051,2181,0
3030,2250,0
3016,2323,0
2995,2379,0
2976,2410,0
2975,2422,0
2992,2425,0
3018,2406,0
3059,2365,0
3103,2319,0
3139,2296,0
3157,2290,0
3169,2295,0
3177,2310,0
3178,2335,0
3182,2365,0
3188,2388,0
3203,2401,0
3221,2400,0
3251,2383,0
3276,2352,0
3296,2319,0
3308,2291,0
3305,2282,0
3291,2285,0
3266,2304,0
3240,2337,0
3223,2381,0
3213,2429,0
3221,2466,0
3243,2490,0
3267,2499,0
3279,2494,0
3298,2493,1
3786,2313,0
3774,2302,0
3756,2292,0
3735,2293,0
3709,2299,0
3677,2314,0
3650,2340,0
3620,2374,0
3604,2417,0
3593,2453,0
3595,2481,0
3609,2495,0
3637,2500,0
3676,2487,0
3716,2453,0
3758,2405,0
3798,2344,1
3940,2044,0
3924,2041,0
3909,2048,0
3900,2090,0
3876,2147,0
3858,2213,0
3843,2285,0
3829,2350,0
3822,2396,0
3829,2419,0
3842,2422,0
3860,2413,0
3882,2386,0
3903,2339,0
3926,2294,0
3941,2274,0
3948,2273,0
3951,2275,0
3951,2295,0
3952,2334,0
3957,2372,0
3966,2400,0
3987,2413,0
4020,2410,0
4061,2388,0
4099,2356,0
4140,2319,0
4169,2278,0
4190,2254,0
4188,2244,0
4170,2240,0
4147,2253,0
4116,2279,0
4087,2318,0
4065,2362,0
4053,2405,0
4061,2434,0
4084,2451,0
4116,2448,0
4154,2432,1
4340,2267,0
4317,2265,0
4297,2275,0
4273,2295,0
4258,2324,0
4241,2357,0
4229,2387,0
4234,2415,0
4248,2431,0
4275,2434,0
4316,2416,0
4365,2381,0
4410,2335,1
4539,1998,0
4532,2019,0
4526,2048,0
4519,2085,0
4503,2129,0
4486,2183,0
4471,2239,0
4457,2291,0
4442,2338,0
4428,2374,0
4416,2398,0
4419,2415,0
4421,2419,1
4640,2178,0
4619,2176,0
4603,2181,0
4587,2193,0
4562,2212,0
4531,2231,0
4503,2255,0
4482,2275,0
4476,2291,0
4480,2308,0
4492,2326,0
4506,2341,0
4526,2353,0
4549,2362,0
4584,2366,0
4608,2357,0
4643,2348,0
4671,2332,0
4694,2309,0
4713,2284,0
4727,2261,0
4727,2244,0
4723,2236,0
4707,2231,0
4688,2241,0
4666,2263,0
4649,2292,0
4638,2316,0
4647,2341,0
4660,2358,0
4693,2367,0
4730,2359,0
4782,2342,0
4835,2315,0
4883,2285,0
4924,2253,0
4944,2224,0
4951,2210,0
4948,2200,0
4918,2196,0
4888,2211,0
4845,2240,0
4816,2283,0
4794,2328,0
4780,2362,0
4789,2376,0
4809,2375,0
4837,2358,0
4870,2325,0
4905,2279,0
4943,2218,0
4968,2152,0
4981,2099,0
4987,2069,0
4982,2060,0
4987,2060,0
4973,2071,0
4953,2121,0
4932,2188,0
4910,2269,0
4900,2338,1
5318,1981,0
5317,1993,0
5318,2029,0
5306,2086,0
5286,2149,0
5262,2208,0
5242,2257,0
5227,2296,0
5218,2314,0
5217,2316,0
5216,2315,0
5225,2309,0
5239,2281,0
5258,2252,0
5304,2231,0
5333,2217,0
5369,2216,0
5392,2224,0
5405,2234,0
5418,2252,0
5417,2273,0
5403,2294,0
5371,2314,0
5336,2328,0
5296,2338,0
5262,2341,0
5232,2339,0
5219,2338,0
5216,2335,1
5628,2189,0
5606,2190,0
5588,2201,0
5557,2220,0
5530,2250,0
5492,2282,0
5478,2314,0
5468,2332,0
5473,2340,0
5487,2338,0
5530,2323,0
5564,2289,0
5609,2252,0
5642,2216,0
5652,2185,0
5651,2176,0
5643,2174,0
5636,2183,0
5628,2209,0
5612,2244,0
5612,2283,0
5617,2309,0
5643,2321,0
5671,2316,0
5712,2294,1
5816,2189,0
5788,2195,0
5766,2214,0
5742,2239,0
5728,2270,0
5709,2292,0
5719,2309,0
5734,2314,0
5774,2304,0
5817,2276,0
5861,2234,0
5909,2186,0
5950,2127,0
5976,2070,0
5996,2022,0
5999,1989,0
5996,1972,0
5998,1968,0
5993,1969,0
5979,1995,0
5964,2037,0
5938,2092,0
5906,2148,0
5888,2203,0
5877,2250,0
5863,2280,0
5864,2299,0
5862,2303,0
5863,2302,0
5861,2296,0
5877,2277,0
5909,2246,0
5950,2211,0
5991,2174,0
6028,2145,0
6054,2127,0
6053,2118,0
6049,2116,0
6035,2118,0
6003,2135,0
5972,2158,0
5946,2189,0
5931,2216,0
5933,2241,0
5957,2265,0
5990,2291,0
6030,2309,0
6078,2319,1
6352,1964,0
6344,2023,0
6332,2090,0
6311,2159,0
6286,2222,0
6265,2275,0
6256,2309,0
6255,2320,0
6263,2323,0
6273,2309,0
6291,2275,0
6318,2230,0
6343,2196,0
6364,2177,0
6379,2171,0
6389,2177,0
6396,2196,0
6408,2230,0
6408,2261,0
6423,2289,0
6439,2303,0
6454,2307,0
6483,2301,0
6511,2285,0
6541,2250,0
6565,2209,0
6582,2177,0
6585,2155,0
6568,2142,0
6557,2141,0
6533,2148,0
6502,2171,0
6472,2207,0
6457,2247,0
6455,2274,0
6476,2297,0
6511,2307,0
6556,2313,0
6604,2312,0
6640,2316,0
6669,2321,0
6676,2323,0
6673,2321,0
6667,2314,0
6657,2295,0
6654,2270,0
6656,2243,0
6661,2215,0
6676,2184,0
6696,2154,0
6718,2128,0
6728,2110,0
6741,2099,1