During the fifty-odd minutes since they had left
1028
352,1997,0
351,1997,0
352,2006,0
352,2024,0
355,2059,0
358,2094,0
359,2137,0
359,2176,0
357,2213,0
354,2229,0
352,2233,0
352,2229,0
348,2223,0
342,2195,0
336,2159,0
336,2112,0
341,2066,0
349,2018,0
361,1980,0
376,1952,0
390,1931,0
400,1927,0
413,1936,0
429,1971,0
441,2018,0
446,2070,0
439,2123,0
421,2176,0
400,2215,0
378,2246,0
354,2259,0
332,2268,0
314,2253,0
303,2231,0
299,2213,0
304,2198,0
316,2190,1
515,2108,0
523,2115,0
516,2113,0
516,2121,0
485,2128,0
485,2154,0
483,2178,0
482,2207,0
483,2224,0
487,2234,0
489,2234,0
497,2228,0
506,2223,0
516,2200,0
527,2183,0
537,2156,0
544,2137,0
550,2135,0
550,2135,0
547,2138,0
547,2146,0
544,2170,0
543,2203,0
545,2225,0
552,2234,0
562,2241,0
575,2232,0
589,2219,0
603,2194,0
617,2172,0
631,2147,0
645,2130,0
656,2116,0
663,2117,0
668,2130,0
668,2150,0
664,2174,0
658,2202,0
651,2217,0
647,2224,0
646,2220,0
648,2220,0
653,2201,0
666,2171,0
687,2138,0
712,2111,0
735,2090,0
755,2094,0
768,2100,0
776,2117,0
779,2142,0
778,2166,0
773,2186,1
752,2077,0
756,2061,0
757,2054,0
760,2058,1
856,2096,0
857,2096,0
858,2096,0
856,2096,0
854,2120,0
848,2152,0
840,2182,0
833,2206,0
830,2222,0
832,2226,0
837,2219,0
849,2204,0
865,2177,0
880,2147,0
895,2124,0
908,2121,0
915,2125,0
921,2142,0
926,2167,0
926,2179,0
930,2191,0
936,2195,0
945,2192,0
957,2181,0
970,2166,0
984,2154,0
991,2135,0
996,2128,0
994,2111,0
990,2103,0
985,2106,0
975,2106,0
962,2113,0
952,2137,0
944,2164,0
943,2193,0
949,2229,0
957,2261,0
972,2298,0
982,2326,0
984,2355,0
984,2375,0
977,2391,0
967,2390,0
967,2390,0
968,2386,0
966,2342,0
975,2286,0
994,2223,1
1294,1952,0
1295,1947,0
1295,1948,0
1292,1952,0
1289,1981,0
1280,2018,0
1274,2067,0
1267,2116,0
1259,2157,0
1253,2189,0
1249,2210,0
1249,2214,0
1249,2202,1
1222,2096,0
1218,2096,0
1224,2104,0
1240,2110,0
1261,2100,0
1288,2085,0
1312,2059,0
1338,2031,0
1359,2000,0
1378,1968,0
1393,1942,0
1401,1927,0
1401,1927,0
1394,1929,0
1381,1948,0
1363,1983,0
1346,2022,0
1331,2064,0
1322,2110,0
1318,2147,0
1318,2171,0
1321,2178,0
1329,2181,0
1341,2176,0
1352,2158,0
1365,2137,0
1377,2118,0
1386,2108,0
1386,2108,0
1387,2117,0
1386,2137,0
1388,2157,0
1397,2176,0
1407,2178,0
1423,2176,0
1443,2160,0
1462,2136,0
1476,2113,0
1484,2091,0
1481,2067,0
1474,2060,0
1462,2063,0
1444,2075,0
1428,2102,0
1421,2136,0
1426,2163,0
1443,2180,0
1469,2183,0
1508,2176,0
1546,2154,0
1585,2142,0
1614,2129,1
1700,2075,0
1698,2075,0
1703,2073,0
1718,2068,0
1738,2053,0
1765,2031,0
1793,2002,0
1823,1974,0
1843,1940,0
1858,1911,0
1870,1893,0
1867,1877,0
1860,1870,0
1854,1874,0
1839,1884,0
1822,1914,0
1801,1952,0
1784,2002,0
1776,2060,0
1767,2115,0
1761,2168,0
1754,2213,0
1755,2250,0
1754,2263,0
1758,2265,1
1721,2131,0
1723,2135,0
1724,2130,0
1739,2129,0
1760,2122,0
1782,2110,0
1804,2097,0
1823,2082,0
1843,2074,0
1854,2065,0
1857,2064,0
1858,2067,0
1865,2091,0
1863,2113,0
1861,2131,0
1857,2141,0
1856,2146,1
1882,2010,0
1882,2010,0
1884,2010,0
1882,2006,1
1935,2074,0
1936,2073,0
1944,2070,0
1959,2063,0
1978,2049,0
2000,2030,0
2021,2007,0
2043,1981,0
2067,1954,0
2081,1924,0
2095,1907,0
2096,1896,0
2092,1895,0
2084,1894,0
2070,1902,0
2049,1919,0
2030,1952,0
2012,1993,0
2000,2043,0
1991,2092,0
1990,2136,0
1992,2171,0
1993,2197,0
1993,2210,0
1990,2211,1
1935,2131,0
1937,2130,0
1950,2124,0
1976,2113,0
2008,2093,0
2040,2068,0
2070,2039,0
2101,2009,0
2126,1976,0
2149,1949,0
2167,1924,0
2173,1906,0
2170,1903,0
2171,1908,0
2162,1927,0
2150,1966,0
2137,2007,0
2125,2041,0
2120,2072,0
2117,2092,0
2116,2101,0
2114,2101,0
2113,2098,0
2112,2089,1
2067,2049,0
2061,2053,0
2066,2055,0
2075,2059,0
2094,2063,0
2118,2059,0
2145,2053,0
2167,2040,0
2186,2030,0
2193,2020,0
2195,2019,0
2195,2024,0
2187,2029,0
2178,2053,0
2166,2073,0
2162,2089,0
2162,2094,0
2169,2094,0
2181,2088,0
2201,2077,0
2213,2051,0
2230,2031,0
2241,2014,0
2247,2011,0
2245,2012,0
2245,2026,0
2241,2061,0
2236,2096,0
2232,2132,0
2226,2168,0
2215,2201,0
2201,2228,0
2179,2248,0
2154,2265,0
2130,2277,0
2104,2277,1
2355,2065,0
2351,2063,0
2355,2064,0
2357,2063,0
2373,2062,0
2392,2054,0
2418,2045,0
2444,2036,0
2469,2028,0
2480,2019,0
2482,2018,0
2481,2019,0
2482,2022,0
2471,2026,0
2464,2031,0
2459,2035,0
2466,2039,1
2606,1986,0
2603,1983,0
2594,1979,0
2589,1985,0
2577,2000,0
2565,2029,0
2556,2067,0
2551,2101,0
2548,2119,0
2557,2127,0
2564,2121,0
2581,2108,0
2589,2076,0
2593,2043,0
2591,2013,0
2586,1997,0
2584,1998,0
2579,1997,0
2581,2001,0
2581,2000,0
2593,2001,0
2617,1997,0
2649,1991,0
2681,1978,0
2713,1966,0
2733,1959,0
2746,1957,0
2749,1960,0
2743,1966,0
2736,1988,0
2717,2010,0
2697,2039,0
2678,2071,0
2666,2097,0
2668,2111,0
2678,2117,0
2691,2113,0
2703,2096,0
2717,2070,0
2733,2034,0
2743,1988,0
2758,1942,0
2767,1899,0
2768,1870,0
2769,1864,0
2767,1865,0
2762,1870,0
2755,1893,0
2750,1932,0
2745,1975,0
2743,2019,0
2748,2058,0
2755,2084,0
2765,2097,0
2778,2101,0
2799,2098,0
2819,2081,0
2844,2057,0
2868,2029,0
2897,2013,0
2919,2002,0
2934,1998,0
2936,1997,0
2937,2001,0
2924,2009,0
2906,2026,0
2881,2045,0
2864,2066,0
2851,2084,0
2847,2092,0
2856,2096,0
2867,2091,0
2888,2072,0
2911,2038,0
2932,2000,0
2952,1956,0
2966,1907,0
2977,1865,0
2981,1843,0
2980,1844,0
2972,1853,0
2958,1898,0
2944,1959,0
2934,2022,0
2932,2078,0
2939,2116,0
2960,2140,0
2980,2144,0
3001,2139,1
3215,1981,0
3223,1971,0
3223,1965,0
3223,1965,0
3226,1968,0
3226,1973,0
3227,1998,0
3227,2029,0
3221,2059,0
3218,2088,0
3214,2109,0
3213,2117,0
3214,2116,0
3212,2112,0
3215,2096,0
3220,2067,0
3230,2037,0
3242,2012,0
3252,1993,0
3260,1989,0
3259,1990,0
3264,2004,0
3262,2031,0
3262,2055,0
3259,2076,0
3267,2093,0
3270,2095,0
3276,2094,0
3289,2084,0
3303,2063,0
3320,2037,0
3330,2012,0
3337,1997,0
3339,1995,0
3337,1997,0
3337,2002,0
3329,2019,0
3329,2050,0
3325,2075,0
3327,2096,0
3334,2106,0
3343,2108,0
3357,2104,0
3373,2091,0
3391,2070,0
3407,2045,0
3425,2021,0
3440,2003,0
3452,1999,0
3452,1999,0
3454,2003,0
3454,2017,0
3450,2041,0
3456,2066,0
3453,2082,0
3453,2089,0
3453,2089,1
3454,1931,0
3448,1926,0
3448,1926,0
3449,1925,1
3522,1968,0
3517,1967,0
3521,1968,0
3516,1968,0
3517,1981,0
3518,2006,0
3510,2036,0
3505,2068,0
3501,2094,0
3502,2105,0
3506,2105,0
3518,2098,0
3531,2080,0
3545,2056,0
3556,2028,0
3570,2003,0
3580,1989,0
3582,1987,0
3580,1988,0
3583,1999,0
3576,2021,0
3575,2043,0
3573,2065,0
3578,2078,0
3582,2080,0
3592,2080,0
3604,2071,0
3616,2055,0
3631,2036,0
3639,2010,0
3646,1993,0
3652,1992,0
3651,1994,0
3648,1997,0
3643,2018,0
3638,2045,0
3636,2069,0
3635,2089,0
3642,2101,0
3650,2103,0
3660,2097,0
3679,2084,0
3694,2063,0
3709,2036,0
3720,2007,0
3730,1984,0
3738,1973,0
3739,1973,0
3737,1975,0
3736,1983,0
3730,1999,0
3727,2017,0
3723,2037,0
3720,2055,0
3723,2070,0
3724,2077,0
3732,2080,0
3737,2079,0
3745,2075,0
3756,2066,0
3767,2051,0
3782,2029,0
3799,2005,0
3812,1977,0
3827,1947,0
3846,1918,0
3861,1894,0
3869,1874,0
3875,1863,0
3872,1860,0
3874,1865,0
3868,1874,0
3858,1913,0
3843,1959,0
3837,2013,0
3827,2055,0
3822,2085,0
3821,2100,0
3824,2101,0
3822,2097,0
3822,2083,0
3816,2051,0
3810,2023,0
3810,2023,0
3814,2025,0
3819,2038,0
3834,2053,0
3850,2058,0
3875,2055,0
3899,2043,0
3924,2026,0
3942,2006,0
3957,1983,0
3963,1958,0
3959,1948,0
3957,1953,0
3944,1966,0
3923,1997,0
3907,2036,0
3901,2075,0
3903,2100,0
3918,2115,0
3936,2116,0
3958,2104,0
3989,2080,0
4017,2051,0
4044,2017,0
4070,1989,0
4097,1983,0
4113,1989,0
4121,2005,0
4124,2031,0
4120,2061,0
4104,2087,0
4089,2109,0
4072,2122,0
4057,2123,0
4045,2111,0
4037,2087,0
4038,2071,0
4039,2061,1
4485,1947,0
4482,1942,0
4478,1933,0
4468,1925,0
4461,1920,0
4450,1918,0
4436,1919,0
4414,1927,0
4396,1944,0
4380,1964,0
4373,1985,0
4373,2002,0
4387,2017,0
4404,2027,0
4427,2036,0
4455,2044,0
4470,2049,0
4480,2056,0
4477,2062,0
4467,2072,0
4451,2084,0
4433,2097,0
4411,2104,0
4400,2108,0
4396,2106,0
4401,2099,0
4420,2082,0
4443,2056,0
4473,2028,0
4502,2000,0
4526,1979,0
4550,1968,0
4565,1966,0
4571,1971,0
4570,1990,0
4567,2021,0
4559,2053,0
4550,2077,0
4545,2089,0
4548,2089,0
4550,2086,0
4560,2069,0
4577,2037,0
4597,2000,0
4617,1960,0
4639,1935,0
4650,1920,0
4653,1915,0
4656,1918,0
4659,1931,0
4659,1956,0
4654,1977,0
4654,1994,1
4598,1853,1
4657,1979,0
4657,1980,0
4657,1980,0
4656,1981,0
4659,1983,0
4657,1996,0
4660,2017,0
4660,2043,0
4656,2067,0
4658,2089,0
4657,2100,0
4663,2105,0
4668,2104,0
4671,2098,0
4680,2082,0
4685,2054,0
4697,2023,0
4716,1995,0
4727,1973,0
4739,1959,0
4739,1956,0
4743,1959,0
4741,1970,0
4736,2001,0
4724,2033,0
4723,2069,0
4722,2095,0
4729,2109,0
4739,2115,0
4756,2109,0
4777,2094,0
4797,2072,0
4818,2057,1
4844,1989,0
4842,1983,0
4849,1977,0
4847,1973,0
4846,1976,0
4841,1976,0
4833,1993,0
4820,2020,0
4816,2053,0
4816,2081,0
4825,2097,0
4844,2105,0
4869,2099,0
4900,2081,0
4927,2054,0
4951,2024,0
4969,1995,0
4974,1965,0
4977,1949,0
4965,1947,0
4949,1954,0
4922,1975,0
4902,2007,0
4885,2041,0
4888,2069,0
4905,2080,0
4937,2078,0
4980,2056,0
5024,2028,1
5260,1860,0
5261,1848,0
5257,1833,0
5257,1825,0
5257,1824,0
5253,1824,0
5250,1841,0
5239,1878,0
5221,1922,0
5206,1968,0
5187,2009,0
5180,2035,0
5173,2048,1
5163,1954,0
5158,1954,0
5162,1958,0
5176,1965,0
5190,1964,0
5215,1956,0
5244,1938,0
5269,1911,0
5294,1882,0
5313,1855,0
5324,1829,0
5327,1809,0
5327,1808,0
5318,1810,0
5302,1828,0
5284,1865,0
5265,1911,0
5245,1956,0
5231,1999,0
5223,2027,0
5220,2043,0
5224,2044,0
5229,2042,0
5240,2030,0
5252,2002,0
5269,1973,0
5282,1951,0
5294,1947,0
5292,1948,0
5292,1958,0
5298,1985,0
5297,2010,0
5301,2030,0
5308,2042,0
5325,2043,0
5342,2035,0
5364,2017,0
5382,1994,0
5397,1967,0
5409,1938,0
5416,1922,0
5412,1920,0
5411,1923,0
5399,1930,0
5389,1956,0
5383,1990,0
5380,2017,0
5383,2031,0
5393,2038,0
5408,2033,0
5424,2019,0
5441,1997,0
5460,1974,0
5468,1952,0
5472,1942,0
5472,1943,0
5466,1948,0
5460,1974,0
5453,1999,0
5451,2014,0
5458,2020,0
5462,2018,0
5479,2008,0
5496,1990,0
5510,1966,0
5523,1944,0
5539,1937,0
5545,1946,0
5549,1975,0
5554,2019,0
5550,2069,0
5538,2125,0
5525,2184,0
5507,2242,0
5486,2296,0
5452,2338,0
5421,2371,0
5390,2388,0
5360,2388,0
5339,2374,0
5321,2349,1
5762,1773,0
5762,1772,0
5758,1771,0
5762,1772,0
5762,1774,0
5759,1781,0
5759,1805,0
5756,1839,0
5745,1880,0
5736,1927,0
5724,1968,0
5720,2001,0
5716,2024,0
5716,2031,0
5716,2033,0
5722,2030,0
5731,2018,0
5745,1993,0
5761,1961,0
5784,1935,0
5795,1915,0
5804,1906,0
5807,1907,0
5807,1908,0
5803,1930,0
5796,1961,0
5788,1990,0
5786,2019,0
5780,2034,0
5791,2039,0
5805,2036,0
5830,2017,0
5863,1988,0
5897,1954,0
5928,1925,0
5948,1907,0
5966,1902,0
5962,1903,0
5955,1910,0
5930,1934,0
5906,1961,0
5877,1984,0
5858,2000,0
5848,2003,0
5852,2003,0
5860,1995,0
5875,1979,0
5892,1966,0
5910,1964,0
5923,1965,0
5932,1974,0
5935,1988,0
5938,2002,0
5935,2010,0
5938,2014,0
5946,2017,0
5950,2017,0
5961,2010,0
5974,1997,0
5993,1979,0
6009,1961,0
6024,1943,0
6044,1935,0
6050,1930,0
6050,1930,0
6049,1932,0
6036,1947,0
6015,1968,0
5988,1994,0
5962,2017,0
5952,2033,0
5952,2033,0
5962,2032,0
5975,2017,0
5990,1988,0
6015,1956,0
6033,1918,0
6057,1874,0
6075,1833,0
6086,1800,0
6101,1781,0
6101,1778,0
6100,1780,0
6090,1801,0
6079,1844,0
6063,1892,0
6054,1941,0
6056,1983,0
6063,2012,0
6075,2024,0
6097,2024,0
6123,2011,0
6148,1989,1
6295,2017,0
6298,2019,0
6295,2017,0
6300,2014,0
6305,2002,0
6320,1982,0
6338,1952,0
6358,1917,0
6384,1878,0
6410,1837,0
6430,1800,0
6442,1771,0
6452,1753,0
6450,1746,0
6445,1746,0
6435,1755,0
6418,1785,0
6396,1830,0
6381,1876,0
6367,1920,0
6367,1956,0
6370,1984,0
6386,2000,0
6402,2002,0
6427,1990,0
6457,1966,0
6490,1941,0
6511,1915,0
6522,1894,0
6522,1881,0
6522,1879,0
6510,1880,0
6493,1894,0
6475,1923,0
6465,1953,0
6466,1975,0
6475,1985,0
6496,1987,0
6520,1977,0
6545,1966,0
6565,1956,1
6548,1968,0
6543,1969,0
6550,1963,0
6564,1947,0
6584,1921,0
6611,1891,0
6633,1860,0
6652,1825,0
6671,1788,0
6688,1758,0
6695,1736,0
6689,1723,0
6679,1717,0
6664,1724,0
6647,1744,0
6623,1781,0
6600,1829,0
6587,1884,0
6567,1939,0
6558,1992,0
6546,2039,0
6533,2087,0
6524,2126,0
6520,2148,0
6519,2151,0
6528,2149,0
6533,2134,0
6551,2111,0
6567,2077,0
6587,2040,0
6615,1997,0
6639,1949,0
6671,1899,0
6695,1849,0
6722,1810,0
6739,1780,0
6757,1766,0
6761,1764,0
6763,1774,0
6748,1812,0
6729,1858,0
6704,1916,0
6683,1967,0
6666,2008,0
6657,2034,0
6658,2043,0
6659,2041,0
6664,2029,0
6665,2010,1
6647,1976,0
6635,1974,0
6635,1974,0
6640,1970,0
6664,1961,0
6707,1947,0
6749,1934,0
6782,1922,1