engines that they were no longer audible.
790
331,3469,0
330,3465,0
334,3466,0
343,3455,0
358,3442,0
371,3412,0
383,3386,0
392,3351,0
397,3328,0
395,3319,0
388,3313,0
376,3319,0
361,3328,0
347,3346,0
332,3366,0
327,3394,0
330,3415,0
341,3426,0
357,3438,0
376,3438,0
393,3438,0
408,3424,0
421,3406,0
430,3384,0
436,3364,0
437,3349,0
437,3353,0
437,3353,0
434,3360,0
430,3384,0
427,3408,0
428,3428,0
431,3441,0
436,3446,0
444,3443,0
456,3433,0
468,3416,0
481,3394,0
494,3368,0
505,3353,0
511,3354,0
512,3358,0
515,3375,0
516,3400,0
518,3421,0
524,3434,0
535,3440,0
550,3434,0
567,3424,1
653,3365,0
654,3356,0
655,3340,0
653,3328,0
645,3319,0
634,3317,0
620,3324,0
608,3338,0
601,3349,0
602,3349,0
611,3354,0
624,3361,0
640,3366,0
657,3380,0
673,3399,0
687,3433,0
695,3467,0
697,3510,0
691,3559,0
680,3602,0
666,3636,0
649,3658,0
634,3665,0
623,3655,0
613,3633,0
607,3596,0
610,3556,0
623,3513,0
641,3464,0
667,3419,0
696,3374,0
725,3341,0
751,3316,0
772,3302,0
785,3303,0
793,3320,0
796,3348,0
794,3376,0
790,3396,0
786,3407,0
782,3411,1
791,3235,0
790,3239,0
791,3235,0
792,3235,0
798,3240,1
859,3257,0
857,3261,0
858,3264,0
856,3276,0
854,3296,0
853,3320,0
844,3340,0
842,3360,0
840,3364,0
842,3363,0
847,3360,0
859,3349,0
871,3326,0
878,3310,0
884,3306,0
885,3307,0
885,3310,0
887,3331,0
892,3351,0
894,3363,0
905,3380,0
919,3380,0
937,3378,0
958,3362,0
975,3335,0
989,3312,0
995,3280,0
996,3264,0
990,3259,0
977,3259,0
960,3278,0
943,3305,0
936,3346,0
931,3369,0
940,3393,0
953,3402,0
972,3402,0
993,3384,0
1018,3356,0
1042,3317,0
1066,3276,0
1091,3245,0
1112,3228,0
1127,3228,0
1138,3240,0
1143,3264,0
1140,3284,0
1129,3313,0
1115,3337,0
1100,3352,0
1088,3361,0
1083,3365,0
1078,3356,1
1396,3139,0
1389,3140,0
1386,3149,0
1384,3157,0
1382,3182,0
1380,3218,0
1375,3267,0
1368,3319,0
1360,3365,0
1354,3402,0
1350,3421,0
1348,3425,0
1346,3421,1
1327,3327,0
1329,3327,0
1340,3329,0
1357,3328,0
1378,3322,0
1404,3308,0
1428,3285,0
1450,3255,0
1471,3228,0
1484,3198,0
1493,3176,0
1493,3160,0
1488,3153,0
1476,3146,0
1462,3148,0
1445,3163,0
1428,3192,0
1416,3234,0
1407,3275,0
1401,3316,0
1401,3356,0
1402,3385,0
1405,3396,0
1408,3396,0
1414,3395,0
1424,3378,0
1436,3349,0
1449,3315,0
1462,3289,0
1474,3276,0
1480,3274,0
1481,3279,0
1483,3299,0
1480,3320,0
1479,3347,0
1479,3364,0
1483,3371,0
1495,3374,0
1510,3360,0
1533,3340,0
1557,3309,0
1582,3284,0
1602,3269,0
1610,3263,0
1611,3267,0
1607,3268,0
1592,3283,0
1572,3314,0
1548,3342,0
1530,3361,0
1524,3374,0
1527,3374,0
1534,3368,0
1551,3358,0
1571,3343,0
1591,3332,0
1607,3329,0
1619,3335,0
1624,3346,0
1627,3358,0
1629,3370,0
1630,3373,0
1631,3370,0
1636,3364,0
1648,3346,0
1659,3308,0
1674,3272,0
1689,3233,0
1701,3202,0
1716,3182,0
1723,3168,0
1725,3168,0
1725,3176,0
1724,3197,0
1722,3238,0
1715,3276,0
1710,3314,0
1706,3339,0
1705,3352,0
1705,3352,0
1705,3348,1
1679,3304,0
1676,3309,0
1674,3309,0
1677,3308,0
1686,3311,0
1708,3306,0
1735,3296,0
1763,3286,1
1948,3148,0
1947,3157,0
1940,3176,0
1936,3214,0
1927,3258,0
1921,3310,0
1913,3349,0
1908,3379,0
1904,3393,1
1899,3283,0
1893,3271,0
1889,3272,0
1889,3272,0
1891,3272,0
1896,3267,0
1913,3267,0
1933,3257,0
1958,3246,0
1982,3226,0
2006,3198,0
2024,3163,0
2037,3139,0
2042,3115,0
2037,3100,0
2033,3102,0
2025,3108,0
2010,3126,0
1997,3159,0
1985,3200,0
1976,3241,0
1971,3284,0
1971,3317,0
1974,3341,0
1979,3348,0
1985,3350,0
1993,3344,0
2009,3331,0
2026,3305,0
2044,3274,0
2059,3252,0
2065,3243,0
2064,3243,0
2064,3247,0
2065,3268,0
2065,3293,0
2070,3316,0
2077,3331,0
2089,3340,0
2104,3339,0
2121,3325,0
2139,3307,0
2154,3285,0
2162,3261,0
2163,3239,0
2160,3232,0
2154,3234,0
2145,3241,0
2134,3258,0
2128,3289,0
2125,3311,0
2133,3334,0
2144,3343,0
2159,3342,0
2178,3332,0
2200,3315,0
2219,3291,0
2231,3265,0
2241,3249,0
2238,3242,0
2235,3247,0
2231,3266,0
2222,3294,0
2216,3313,0
2217,3330,0
2216,3326,0
2224,3323,0
2242,3308,0
2260,3280,0
2280,3251,0
2298,3231,0
2307,3223,0
2310,3226,0
2314,3255,0
2304,3298,0
2289,3354,0
2273,3416,0
2249,3477,0
2224,3527,0
2199,3569,0
2176,3594,0
2156,3600,0
2137,3589,0
2122,3564,1
2540,3217,0
2537,3214,0
2540,3217,0
2539,3218,0
2537,3231,0
2531,3261,0
2527,3293,0
2527,3325,0
2525,3344,0
2526,3347,0
2528,3346,0
2538,3342,0
2550,3318,0
2562,3286,0
2575,3262,0
2584,3249,0
2589,3252,0
2591,3263,0
2589,3291,0
2589,3318,0
2592,3339,0
2596,3341,0
2605,3341,0
2620,3329,0
2632,3297,0
2649,3266,0
2667,3234,0
2678,3210,0
2689,3205,1
2678,3341,0
2682,3344,0
2689,3339,0
2700,3334,0
2709,3316,0
2719,3297,0
2726,3275,0
2733,3254,0
2733,3235,0
2733,3230,0
2728,3234,0
2717,3239,0
2704,3255,0
2697,3282,0
2696,3310,0
2697,3327,0
2707,3335,0
2721,3337,0
2736,3320,0
2757,3300,0
2779,3279,0
2793,3252,0
2808,3245,0
2808,3244,0
2808,3254,0
2801,3281,0
2793,3308,0
2786,3330,0
2780,3337,0
2780,3337,0
2780,3333,0
2785,3317,0
2795,3288,0
2806,3259,0
2814,3241,0
2823,3240,0
2831,3245,0
2844,3256,0
2854,3259,0
2868,3261,0
2883,3257,0
2897,3249,0
2899,3234,0
2901,3228,0
2901,3228,0
2892,3228,0
2880,3240,0
2861,3264,0
2852,3303,0
2848,3332,0
2860,3354,0
2886,3361,0
2924,3349,1
3151,3211,0
3154,3204,0
3160,3205,0
3157,3202,0
3158,3206,0
3157,3226,0
3148,3257,0
3139,3291,0
3127,3322,0
3117,3349,0
3110,3357,0
3114,3360,0
3120,3351,0
3135,3327,0
3153,3291,0
3173,3254,0
3197,3227,0
3211,3209,0
3223,3209,0
3222,3211,0
3221,3226,0
3214,3259,0
3206,3294,0
3200,3322,0
3202,3345,0
3208,3351,0
3222,3351,0
3243,3337,0
3269,3310,0
3295,3281,0
3320,3254,0
3335,3232,0
3342,3232,0
3343,3237,0
3337,3252,0
3327,3282,0
3322,3312,0
3322,3335,0
3327,3346,0
3339,3348,0
3353,3339,0
3370,3321,0
3380,3294,0
3386,3264,0
3387,3243,0
3379,3235,0
3369,3232,0
3356,3237,0
3341,3252,0
3329,3272,0
3325,3289,0
3334,3303,0
3356,3305,1
3571,3355,0
3573,3353,0
3578,3344,0
3592,3323,0
3608,3290,0
3627,3252,0
3644,3218,0
3660,3189,0
3667,3156,0
3673,3124,0
3676,3100,0
3680,3092,0
3675,3091,0
3667,3092,0
3657,3107,0
3645,3144,0
3636,3194,0
3629,3247,0
3627,3295,0
3636,3328,0
3650,3348,1
3785,3248,0
3783,3250,0
3778,3255,0
3770,3274,0
3761,3302,0
3754,3329,0
3753,3351,0
3756,3360,0
3762,3359,0
3776,3349,0
3790,3325,0
3802,3293,0
3810,3260,0
3813,3230,0
3807,3219,0
3800,3220,0
3786,3228,0
3770,3247,0
3756,3269,0
3754,3292,0
3760,3303,0
3780,3308,0
3805,3296,0
3831,3274,0
3858,3250,0
3881,3229,0
3900,3217,0
3906,3217,0
3904,3223,0
3898,3250,0
3888,3281,0
3880,3310,0
3875,3326,0
3877,3329,0
3884,3327,0
3901,3313,0
3923,3288,0
3937,3257,0
3954,3237,0
3963,3235,0
3962,3236,0
3966,3259,0
3960,3286,0
3958,3310,0
3962,3328,0
3964,3332,0
3975,3332,0
3991,3317,0
4003,3296,1
4066,3252,0
4065,3253,0
4066,3252,0
4070,3247,0
4078,3240,0
4087,3226,0
4094,3214,0
4095,3202,0
4098,3199,0
4095,3202,0
4085,3206,0
4073,3222,0
4064,3243,0
4060,3258,0
4062,3267,0
4070,3271,0
4085,3273,0
4101,3274,0
4122,3281,0
4138,3293,0
4147,3317,0
4154,3351,0
4151,3386,0
4140,3420,0
4130,3457,0
4117,3489,0
4098,3513,0
4084,3531,0
4073,3540,0
4060,3535,0
4053,3530,0
4048,3514,0
4047,3493,0
4051,3469,0
4058,3441,0
4073,3410,0
4087,3370,0
4111,3332,0
4131,3295,0
4152,3264,0
4169,3240,0
4178,3221,0
4179,3206,0
4179,3208,0
4178,3215,0
4168,3225,0
4162,3248,0
4159,3274,0
4164,3297,0
4177,3312,0
4196,3315,0
4222,3313,0
4244,3296,0
4266,3279,0
4284,3260,0
4293,3245,0
4297,3247,0
4298,3252,0
4297,3270,0
4293,3296,0
4292,3321,0
4292,3333,0
4296,3340,0
4301,3341,0
4299,3337,0
4302,3327,0
4311,3307,0
4317,3272,0
4337,3245,0
4359,3228,0
4381,3215,0
4406,3206,0
4429,3199,1
4681,3258,0
4681,3258,0
4680,3253,0
4680,3246,0
4681,3233,0
4676,3215,0
4667,3199,0
4657,3193,0
4640,3194,0
4620,3206,0
4600,3228,0
4585,3264,0
4577,3303,0
4574,3337,0
4576,3358,0
4581,3365,0
4589,3361,0
4606,3348,0
4624,3323,0
4639,3294,0
4646,3262,0
4654,3239,0
4660,3233,0
4659,3234,0
4657,3237,0
4652,3254,0
4651,3286,0
4652,3315,0
4661,3335,0
4673,3346,0
4688,3341,0
4707,3330,0
4725,3304,0
4741,3274,0
4758,3242,0
4771,3218,0
4775,3215,0
4772,3218,0
4770,3226,0
4762,3255,0
4751,3287,0
4749,3320,0
4751,3341,0
4754,3344,0
4765,3338,0
4779,3321,0
4794,3292,0
4810,3260,0
4819,3223,0
4827,3208,0
4827,3208,0
4826,3214,0
4826,3247,0
4823,3281,0
4824,3311,0
4833,3332,0
4846,3334,1
4991,3284,0
4993,3282,0
4996,3278,0
4993,3262,0
4994,3248,0
4988,3230,0
4988,3223,0
4974,3216,0
4961,3219,0
4949,3229,0
4935,3251,0
4926,3283,0
4920,3314,0
4927,3338,0
4940,3348,0
4963,3345,0
4992,3328,0
5019,3294,0
5047,3258,0
5069,3218,0
5086,3180,0
5097,3147,0
5104,3130,0
5102,3127,0
5099,3131,0
5081,3134,0
5070,3163,0
5050,3196,0
5045,3242,0
5033,3283,0
5036,3318,0
5046,3337,0
5060,3345,0
5076,3337,0
5097,3318,0
5122,3291,0
5143,3258,0
5161,3228,0
5175,3216,0
5180,3216,0
5179,3223,0
5184,3251,0
5183,3286,0
5173,3317,0
5175,3342,1
5198,3185,0
5199,3184,0
5197,3180,0
5194,3177,0
5195,3175,1
5274,3127,0
5272,3129,0
5271,3132,0
5262,3144,0
5253,3171,0
5242,3206,0
5237,3233,0
5236,3247,0
5243,3252,0
5260,3255,0
5279,3257,0
5295,3262,0
5310,3275,0
5315,3296,0
5313,3319,0
5298,3339,0
5277,3358,0
5254,3370,0
5234,3376,0
5219,3375,0
5216,3373,0
5214,3364,0
5219,3350,0
5233,3338,0
5247,3320,0
5271,3301,0
5301,3281,0
5326,3253,0
5355,3227,0
5379,3200,0
5394,3171,0
5411,3147,0
5419,3129,0
5414,3121,0
5410,3121,0
5395,3122,0
5378,3139,0
5356,3171,0
5335,3213,0
5325,3262,0
5320,3303,0
5332,3334,0
5344,3349,0
5364,3351,0
5395,3343,0
5421,3320,0
5449,3296,0
5464,3268,0
5467,3247,0
5468,3247,0
5459,3246,0
5443,3255,0
5425,3273,0
5417,3305,0
5414,3331,0
5421,3347,0
5441,3355,1
5588,3362,0
5578,3375,0
5579,3380,0
5580,3380,0
5580,3380,1