travel more leisurely.
430
1546,4857,0
1547,4857,0
1553,4857,0
1564,4863,0
1580,4862,0
1604,4863,0
1628,4860,0
1655,4861,0
1681,4858,0
1707,4859,0
1722,4848,0
1732,4843,0
1735,4830,1
1663,4727,0
1663,4727,0
1665,4731,0
1665,4735,0
1667,4751,0
1666,4771,0
1666,4795,0
1664,4828,0
1661,4861,0
1655,4893,0
1652,4926,0
1649,4951,0
1650,4971,1
1754,4832,0
1755,4832,0
1754,4828,0
1757,4840,0
1755,4852,0
1757,4868,0
1754,4888,0
1751,4905,0
1747,4917,0
1745,4927,0
1746,4930,0
1746,4926,0
1747,4922,0
1752,4905,0
1762,4887,0
1775,4874,0
1790,4859,0
1808,4844,0
1828,4833,0
1848,4825,0
1861,4819,1
1992,4844,0
1995,4840,0
1995,4831,0
1995,4827,0
1990,4821,0
1981,4813,0
1973,4815,0
1959,4818,0
1941,4825,0
1925,4841,0
1915,4854,0
1912,4867,0
1913,4875,0
1918,4882,0
1928,4885,0
1942,4883,0
1958,4875,0
1976,4864,0
1994,4856,0
2010,4852,0
2019,4847,0
2024,4850,0
2029,4857,0
2030,4865,0
2032,4877,0
2034,4889,0
2039,4900,0
2045,4907,0
2048,4906,1
2084,4821,0
2084,4821,0
2086,4825,0
2089,4832,0
2094,4840,0
2098,4847,0
2104,4857,0
2110,4864,0
2116,4871,0
2125,4874,0
2130,4868,0
2143,4861,0
2154,4846,0
2162,4832,0
2169,4822,0
2176,4816,0
2179,4808,1
2183,4852,0
2196,4857,0
2214,4857,0
2238,4855,0
2263,4845,0
2287,4835,0
2307,4825,0
2321,4817,0
2330,4811,0
2330,4807,0
2326,4804,0
2318,4802,0
2305,4805,0
2289,4814,0
2273,4826,0
2262,4841,0
2255,4851,0
2257,4867,0
2265,4878,0
2278,4887,0
2298,4894,0
2318,4893,0
2340,4887,0
2359,4878,0
2375,4865,1
2417,4741,0
2415,4742,0
2418,4740,0
2415,4741,0
2415,4746,0
2413,4755,0
2410,4772,0
2407,4794,0
2400,4816,0
2398,4842,0
2395,4859,0
2393,4876,0
2396,4893,1
2823,4816,0
2823,4816,0
2823,4816,0
2823,4816,0
2823,4816,0
2823,4825,0
2820,4839,0
2818,4857,0
2817,4870,0
2822,4881,0
2825,4884,0
2830,4882,0
2837,4879,0
2849,4871,0
2864,4861,0
2881,4841,0
2900,4829,0
2918,4818,0
2932,4817,0
2939,4818,0
2943,4821,0
2946,4828,0
2948,4836,0
2954,4847,0
2959,4858,0
2964,4856,0
2969,4858,0
2979,4858,0
2988,4854,0
3004,4849,0
3016,4843,0
3028,4842,0
3035,4844,0
3042,4850,0
3045,4852,0
3050,4859,0
3054,4862,0
3059,4864,0
3066,4866,0
3073,4863,0
3082,4859,1
3200,4815,0
3202,4815,0
3202,4814,0
3202,4810,0
3198,4803,0
3194,4801,0
3182,4793,0
3167,4792,0
3152,4798,0
3133,4801,0
3117,4809,0
3106,4823,0
3099,4834,0
3101,4846,0
3107,4852,0
3124,4858,0
3146,4858,0
3171,4855,0
3193,4845,0
3211,4837,0
3218,4825,0
3219,4820,0
3216,4818,0
3209,4816,0
3199,4811,0
3195,4813,0
3191,4811,0
3189,4811,0
3194,4810,1
3265,4777,0
3268,4780,0
3266,4776,0
3267,4780,0
3267,4784,0
3267,4793,0
3267,4806,0
3264,4817,0
3264,4825,0
3267,4833,0
3269,4837,0
3269,4837,0
3269,4836,0
3269,4832,0
3266,4820,0
3267,4816,0
3264,4804,0
3267,4798,0
3270,4787,0
3279,4783,0
3287,4779,0
3298,4774,0
3313,4775,0
3326,4774,0
3341,4775,1
3365,4809,0
3366,4808,0
3373,4809,0
3382,4804,0
3400,4804,0
3416,4801,0
3431,4797,0
3448,4794,0
3461,4792,0
3466,4784,0
3471,4782,0
3469,4774,0
3469,4774,0
3464,4772,0
3455,4772,0
3443,4773,0
3431,4784,0
3417,4796,0
3407,4810,0
3401,4822,0
3403,4838,0
3407,4850,0
3421,4861,0
3443,4868,0
3469,4868,0
3495,4864,0
3518,4856,0
3540,4850,0
3559,4840,1
4039,4652,0
4038,4653,0
4039,4652,0
4039,4652,0
4042,4654,0
4041,4656,0
4043,4664,0
4043,4678,0
4046,4700,0
4045,4725,0
4046,4757,0
4047,4785,0
4050,4812,0
4055,4833,0
4057,4850,0
4059,4862,0
4059,4868,1
4112,4791,0
4114,4789,0
4119,4791,0
4127,4786,0
4146,4782,0
4165,4775,0
4186,4770,0
4202,4765,0
4215,4760,0
4216,4759,0
4220,4763,0
4214,4761,0
4203,4763,0
4188,4774,0
4172,4789,0
4153,4802,0
4146,4821,0
4143,4832,0
4151,4841,0
4168,4850,0
4191,4853,0
4217,4851,0
4245,4842,0
4273,4837,0
4299,4828,0
4320,4823,0
4334,4819,0
4339,4820,0
4340,4820,0
4340,4824,0
4342,4833,0
4347,4845,0
4348,4848,1
4314,4740,0
4311,4738,0
4311,4738,0
4312,4736,0
4313,4736,1
4494,4798,0
4495,4796,0
4496,4792,0
4498,4785,0
4499,4779,0
4497,4775,0
4493,4773,0
4485,4775,0
4477,4781,0
4468,4787,0
4461,4793,0
4459,4804,0
4462,4816,0
4467,4828,0
4477,4840,0
4484,4854,0
4492,4869,0
4495,4876,0
4493,4882,0
4491,4888,0
4482,4891,0
4475,4891,0
4465,4888,0
4458,4883,0
4454,4882,1
4560,4818,0
4563,4826,0
4562,4831,0
4567,4844,0
4567,4854,0
4573,4869,0
4577,4881,0
4584,4890,0
4593,4898,0
4606,4904,0
4615,4902,0
4629,4902,0
4644,4900,0
4655,4897,0
4664,4895,0
4667,4893,0
4671,4895,0
4675,4897,0
4678,4899,0
4686,4904,0
4695,4906,1
4755,4830,0
4755,4835,0
4752,4842,0
4759,4852,0
4763,4860,1
4770,4869,0
4771,4869,0
4772,4867,0
4772,4862,0
4770,4848,0
4771,4838,0
4769,4824,0
4772,4816,0
4770,4803,0
4777,4798,0
4784,4792,0
4789,4792,1
4845,4865,0
4852,4866,0
4863,4867,0
4876,4866,0
4895,4862,1
4946,4846,0
4947,4845,0
4942,4843,0
4932,4842,0
4921,4846,0
4908,4856,0
4893,4858,0
4891,4870,0
4895,4878,0
4905,4884,0
4928,4891,0
4952,4893,1
5053,4755,0
5052,4751,0
5055,4749,0
5058,4751,0
5064,4756,0
5067,4769,0
5070,4783,0
5073,4801,0
5075,4821,0
5078,4839,0
5084,4855,0
5092,4869,0
5096,4876,1
5138,4840,0
5141,4842,0
5146,4849,0
5156,4862,0
5170,4876,0
5189,4892,0
5204,4905,0
5222,4921,0
5236,4935,1
5285,4919,0
5284,4920,0
5284,4926,0
5277,4936,0
5267,4951,0
5248,4973,0
5220,4997,0
5190,5023,0
5166,5053,0
5142,5077,0
5129,5098,0
5124,5114,0
5125,5118,1
5383,4992,0
5385,4996,0
5384,4997,0
5386,5000,0
5387,4999,1