Him, his mother throw him into
655
1222,1308,0
1223,1312,0
1222,1312,0
1224,1316,0
1223,1320,0
1218,1325,0
1218,1336,0
1215,1349,0
1209,1362,0
1202,1379,0
1197,1404,0
1189,1433,0
1178,1461,0
1172,1502,0
1163,1539,0
1155,1579,0
1149,1623,0
1146,1663,0
1143,1691,0
1143,1712,0
1144,1720,1
1307,1327,0
1319,1320,0
1324,1316,0
1323,1312,0
1325,1315,0
1324,1324,0
1317,1341,0
1312,1375,0
1304,1417,0
1290,1460,0
1282,1510,0
1269,1556,0
1259,1602,0
1247,1648,0
1240,1692,0
1231,1722,0
1226,1738,1
1134,1508,0
1147,1508,0
1164,1506,0
1189,1508,0
1210,1503,0
1238,1500,0
1269,1492,0
1305,1486,0
1335,1472,0
1361,1463,0
1382,1457,0
1399,1458,0
1410,1464,0
1413,1471,0
1410,1492,0
1408,1529,0
1399,1569,0
1394,1611,0
1383,1646,0
1376,1680,0
1372,1709,1
1464,1382,0
1467,1382,0
1463,1378,0
1466,1385,0
1466,1398,1
1486,1480,0
1488,1479,0
1486,1476,0
1488,1479,0
1486,1483,0
1485,1505,0
1482,1539,0
1477,1582,0
1472,1629,0
1468,1672,0
1464,1701,0
1461,1718,0
1457,1720,1
1460,1706,0
1467,1684,0
1481,1655,0
1496,1618,0
1510,1577,0
1527,1541,0
1540,1509,0
1556,1482,0
1575,1466,0
1588,1457,0
1603,1459,0
1611,1469,0
1623,1498,0
1626,1540,0
1625,1584,0
1623,1623,0
1620,1650,0
1614,1668,0
1614,1681,0
1611,1682,0
1614,1681,0
1619,1667,0
1628,1638,0
1640,1599,0
1657,1563,0
1673,1530,0
1688,1501,0
1705,1476,0
1718,1455,0
1730,1445,0
1743,1443,0
1746,1441,0
1749,1444,0
1752,1457,0
1749,1481,0
1746,1517,0
1741,1556,0
1731,1587,0
1726,1616,0
1725,1643,1
1814,1672,0
1812,1669,0
1812,1668,0
1812,1668,0
1812,1669,0
1814,1672,0
1812,1672,0
1809,1678,0
1802,1691,0
1795,1712,0
1791,1744,0
1792,1783,0
1786,1812,1
2024,1288,0
2026,1297,0
2026,1319,0
2017,1351,0
2005,1396,0
1993,1449,0
1981,1501,0
1970,1551,0
1965,1597,0
1961,1632,0
1962,1655,0
1964,1664,0
1961,1661,0
1964,1650,0
1969,1623,0
1975,1582,0
1989,1539,0
2002,1497,0
2022,1462,0
2040,1429,0
2060,1404,0
2075,1387,0
2089,1385,0
2095,1391,0
2104,1415,0
2101,1452,0
2101,1498,0
2096,1537,0
2094,1563,0
2096,1586,0
2099,1599,0
2104,1606,0
2112,1604,0
2128,1593,0
2142,1568,0
2164,1541,0
2180,1512,0
2198,1488,0
2213,1464,0
2221,1440,0
2221,1425,0
2220,1420,0
2218,1422,0
2212,1438,0
2208,1473,0
2198,1513,0
2190,1556,0
2191,1596,0
2187,1624,0
2191,1645,0
2198,1656,0
2205,1650,0
2216,1632,1
2224,1306,0
2227,1309,0
2224,1317,0
2227,1336,0
2238,1354,1
2405,1411,0
2417,1409,0
2416,1405,0
2410,1400,0
2392,1391,0
2369,1386,0
2346,1386,0
2330,1392,0
2316,1400,0
2310,1412,0
2319,1431,0
2331,1453,0
2348,1480,0
2367,1512,0
2373,1546,0
2367,1579,0
2344,1604,0
2318,1616,0
2284,1608,0
2261,1595,0
2242,1575,1
2692,1332,0
2696,1329,0
2702,1327,0
2700,1322,0
2699,1324,0
2701,1328,0
2691,1342,0
2675,1370,0
2663,1411,1
2607,1558,0
2610,1561,0
2610,1555,0
2613,1540,0
2628,1517,0
2642,1482,0
2657,1445,0
2680,1409,1
2745,1328,0
2762,1318,0
2781,1317,0
2788,1322,0
2790,1339,0
2789,1377,0
2787,1427,0
2786,1475,0
2783,1512,0
2786,1534,0
2791,1541,0
2789,1536,0
2801,1527,0
2816,1508,0
2835,1477,0
2864,1436,0
2886,1390,0
2907,1353,0
2927,1328,0
2944,1315,0
2955,1313,0
2958,1317,0
2960,1336,0
2948,1376,0
2936,1430,0
2922,1479,0
2915,1517,0
2913,1539,1
3057,1346,0
3084,1348,0
3098,1356,0
3105,1375,0
3106,1411,0
3098,1456,0
3075,1504,0
3054,1542,0
3030,1554,0
3014,1551,0
2996,1533,0
2989,1510,0
2987,1478,0
2992,1441,0
3000,1399,0
3016,1367,0
3033,1346,1
3244,1189,0
3244,1208,0
3241,1242,0
3228,1284,0
3206,1327,0
3192,1375,0
3176,1427,0
3164,1477,0
3158,1516,0
3155,1536,0
3156,1542,0
3165,1536,0
3175,1518,1
3232,1411,0
3239,1406,0
3238,1402,0
3228,1393,0
3210,1386,0
3184,1382,0
3161,1382,0
3139,1379,1
3329,1167,0
3343,1177,0
3348,1196,0
3349,1230,0
3344,1277,0
3332,1329,0
3319,1379,0
3301,1419,0
3291,1452,0
3284,1481,0
3282,1499,0
3282,1499,0
3283,1491,0
3288,1473,0
3299,1440,0
3316,1401,0
3326,1358,0
3346,1317,0
3374,1288,0
3399,1273,0
3423,1271,0
3441,1278,0
3451,1296,0
3451,1331,0
3446,1377,1
3455,1488,0
3472,1492,0
3486,1482,0
3513,1464,0
3542,1435,0
3565,1400,0
3591,1364,0
3606,1332,0
3614,1306,0
3618,1286,0
3615,1272,0
3609,1266,0
3597,1273,0
3578,1297,0
3556,1335,0
3538,1372,0
3535,1406,0
3537,1438,0
3542,1463,0
3551,1479,0
3567,1483,0
3587,1480,0
3612,1464,0
3637,1434,0
3665,1395,0
3683,1357,0
3699,1329,0
3708,1311,0
3714,1306,0
3713,1307,0
3715,1313,0
3706,1344,0
3698,1392,0
3684,1440,0
3675,1474,0
3667,1488,0
3667,1491,0
3664,1488,0
3665,1476,0
3674,1451,0
3691,1414,0
3712,1370,0
3725,1342,0
3735,1329,0
3750,1324,0
3761,1320,0
3773,1321,0
3780,1325,1
4228,1137,0
4225,1148,0
4222,1170,0
4211,1201,0
4203,1237,0
4192,1282,0
4172,1336,0
4158,1395,0
4148,1532,0
4148,1532,1
4178,1387,0
4184,1384,0
4180,1382,0
4181,1380,0
4173,1377,0
4149,1375,0
4131,1374,0
4118,1374,1
4324,1179,0
4326,1184,0
4324,1204,0
4316,1241,0
4306,1295,0
4292,1357,0
4277,1408,0
4265,1450,0
4262,1478,0
4259,1495,0
4254,1497,0
4257,1491,0
4261,1481,0
4266,1457,0
4292,1416,0
4315,1365,0
4336,1329,0
4356,1310,0
4371,1304,0
4384,1303,0
4390,1309,0
4391,1330,0
4388,1376,0
4384,1431,0
4375,1475,0
4381,1504,0
4384,1520,0
4390,1525,0
4409,1520,1
4499,1313,0
4503,1312,0
4503,1313,0
4500,1322,0
4497,1355,0
4485,1399,0
4481,1445,0
4477,1479,0
4472,1491,0
4471,1495,0
4473,1489,0
4468,1469,0
4473,1432,0
4486,1385,0
4497,1342,0
4512,1311,0
4526,1293,0
4545,1288,0
4564,1295,0
4582,1304,0
4600,1314,1
4686,1305,0
4700,1317,0
4701,1337,0
4704,1368,0
4699,1406,0
4689,1448,0
4668,1482,0
4658,1499,0
4641,1499,0
4635,1491,0
4625,1471,0
4625,1439,0
4620,1402,0
4632,1366,0
4647,1334,0
4662,1315,1
4814,1312,0
4816,1320,0
4810,1339,0
4801,1367,0
4789,1403,0
4777,1440,0
4770,1474,0
4766,1494,0
4774,1509,0
4790,1510,0
4799,1498,0
4819,1476,0
4837,1438,0
4855,1392,0
4866,1362,0
4870,1349,0
4875,1344,0
4879,1347,0
4882,1363,0
4884,1397,0
4888,1438,0
4896,1474,0
4905,1495,0
4919,1505,0
4928,1503,0
4944,1496,0
4956,1473,0
4962,1440,0
4973,1404,0
4975,1373,0
4973,1352,0
4970,1336,0
4968,1326,0
4969,1324,0
4965,1323,0
4961,1322,0
4961,1323,0
4956,1325,0
4956,1329,0
4958,1334,0
4959,1342,1
5298,1192,0
5306,1180,0
5313,1170,0
5314,1163,0
5318,1163,0
5318,1164,0
5310,1182,0
5300,1222,0
5291,1270,0
5281,1324,0
5272,1373,0
5263,1414,0
5255,1445,0
5248,1464,0
5247,1470,0
5247,1469,0
5253,1462,0
5261,1438,0
5276,1400,0
5293,1358,0
5309,1315,0
5330,1284,0
5342,1264,0
5361,1257,0
5373,1261,0
5383,1269,0
5384,1295,0
5382,1335,0
5370,1378,0
5360,1414,0
5353,1436,0
5351,1457,0
5354,1462,1
5460,1289,0
5464,1291,0
5460,1307,0
5452,1337,0
5437,1376,0
5431,1414,0
5425,1446,0
5420,1465,0
5421,1474,1
5548,1268,0
5552,1270,0
5557,1280,0
5556,1301,0
5549,1331,0
5538,1368,0
5529,1404,0
5523,1438,0
5515,1452,0
5518,1456,0
5518,1455,0
5526,1442,0
5533,1417,0
5551,1385,0
5573,1346,0
5592,1306,0
5616,1276,0
5636,1261,0
5656,1261,0
5666,1270,0
5677,1294,0
5684,1333,0
5684,1379,0
5683,1416,0
5683,1431,0
5682,1433,0
5683,1431,0
5690,1421,0
5701,1397,0
5713,1364,0
5738,1320,0
5768,1278,0
5790,1254,0
5817,1244,0
5837,1245,0
5853,1249,0
5858,1262,0
5859,1290,0
5853,1330,0
5851,1372,0
5844,1404,0
5846,1423,0
5851,1437,0
5859,1439,0
5877,1432,1
6145,1264,0
6154,1277,0
6152,1303,0
6143,1342,0
6131,1378,0
6122,1411,0
6118,1430,0
6116,1440,0
6120,1435,1
6166,1139,0
6170,1136,0
6169,1138,0
6167,1152,0
6167,1172,1
6251,1203,0
6259,1205,0
6260,1219,0
6254,1247,0
6250,1286,0
6232,1329,0
6223,1369,0
6215,1401,0
6216,1413,0
6220,1415,0
6235,1409,0
6247,1391,0
6269,1363,0
6295,1323,0
6321,1278,0
6353,1242,0
6374,1218,0
6396,1209,0
6409,1207,0
6420,1216,0
6419,1237,0
6413,1268,0
6401,1307,0
6386,1355,0
6377,1397,0
6371,1423,0
6367,1438,0
6379,1439,0
6391,1423,1
6559,1100,0
6563,1097,0
6563,1100,0
6552,1117,0
6542,1149,0
6526,1191,0
6503,1245,0
6482,1311,0
6462,1362,1
6553,1266,0
6547,1253,0
6535,1251,0
6514,1252,0
6484,1261,1
6691,1267,0
6703,1287,0
6694,1311,0
6677,1352,0
6651,1398,0
6626,1439,0
6598,1451,0
6582,1450,0
6568,1437,0
6564,1421,0
6565,1396,0
6572,1368,0
6587,1334,0
6603,1296,0
6626,1263,0
6646,1243,0
6659,1240,0
6670,1249,0
6675,1265,0
6667,1286,0
6656,1298,1