cried out.
203
1168,3935,0
1143,3940,0
1111,3945,0
1079,3957,0
1049,3976,0
1023,4004,0
1001,4040,0
991,4072,0
990,4108,0
1001,4132,0
1022,4157,0
1049,4172,0
1081,4180,0
1114,4176,0
1148,4168,0
1177,4147,0
1202,4115,0
1221,4086,0
1234,4049,0
1244,4017,0
1253,3989,0
1258,3960,0
1263,3948,0
1266,3940,0
1266,3944,0
1265,3960,0
1266,3988,0
1268,4024,0
1270,4060,0
1271,4087,0
1275,4111,0
1269,4120,0
1265,4120,0
1261,4120,0
1257,4109,0
1255,4089,0
1257,4068,0
1263,4044,0
1273,4023,0
1288,4003,0
1306,3986,0
1327,3981,0
1345,3975,0
1360,3974,0
1371,3986,0
1380,4005,0
1385,4032,0
1390,4068,0
1390,4097,0
1390,4121,0
1392,4140,0
1392,4148,0
1392,4145,1
1383,3856,0
1384,3855,0
1385,3864,0
1386,3876,0
1388,3888,1
1455,4127,0
1464,4122,0
1474,4113,0
1487,4096,0
1503,4077,0
1518,4048,0
1534,4026,0
1544,4000,0
1551,3983,0
1549,3968,0
1542,3960,0
1530,3958,0
1515,3968,0
1496,3982,0
1471,4045,0
1468,4077,0
1474,4109,0
1485,4132,0
1504,4154,0
1524,4164,1
1696,4063,0
1695,4061,0
1695,4061,0
1696,4060,0
1697,4060,0
1695,4056,0
1691,4048,0
1684,4041,0
1673,4032,0
1660,4029,0
1645,4027,0
1628,4030,0
1609,4036,0
1593,4055,0
1579,4073,0
1568,4090,0
1564,4115,0
1566,4135,0
1573,4154,0
1583,4161,0
1597,4171,0
1614,4169,0
1633,4159,0
1650,4144,0
1664,4114,0
1678,4079,0
1691,4045,0
1701,4007,0
1708,3969,0
1712,3936,0
1715,3911,0
1716,3895,0
1716,3887,0
1716,3887,0
1713,3891,0
1708,3908,0
1701,3937,0
1694,3975,0
1692,4024,0
1691,4065,0
1691,4105,0
1693,4137,0
1697,4162,0
1700,4177,0
1702,4181,1
2034,3979,0
2041,3969,0
2052,3962,0
2065,3963,0
2077,3964,0
2092,3976,0
2102,3994,0
2111,4025,0
2109,4059,0
2102,4093,0
2085,4114,0
2065,4123,0
2044,4124,0
2028,4121,0
2013,4107,0
2003,4089,0
2002,4069,0
2005,4039,0
2014,4012,0
2030,3988,0
2051,3974,1
2193,3964,0
2192,3965,0
2192,3978,0
2188,3995,0
2183,4022,0
2181,4051,0
2181,4085,0
2180,4106,0
2186,4125,0
2196,4135,0
2207,4131,0
2223,4122,0
2242,4109,0
2260,4082,0
2275,4048,0
2283,4012,0
2289,3990,0
2289,3973,0
2287,3965,0
2286,3966,0
2282,3976,0
2277,3997,0
2277,4032,0
2278,4073,0
2281,4109,0
2289,4140,0
2303,4165,0
2318,4178,0
2337,4181,1
2429,3849,0
2428,3849,0
2426,3858,0
2424,3880,0
2423,3915,0
2424,3961,0
2421,4013,0
2416,4058,0
2415,4096,0
2411,4122,0
2411,4139,0
2415,4143,1
2461,4016,0
2453,4011,0
2438,4012,0
2415,4011,0
2390,4012,0
2365,4015,0
2346,4022,0
2333,4026,0
2328,4032,1
2546,4138,0
2545,4138,0
2544,4139,0
2543,4140,0
2543,4140,0
2546,4143,0
2545,4139,0
2548,4138,0
2548,4138,1