worried about the permanence
621
1355,4784,0
1353,4780,0
1353,4784,0
1351,4784,0
1350,4800,0
1346,4825,0
1344,4849,0
1341,4877,0
1339,4905,0
1338,4925,0
1339,4934,0
1341,4937,0
1343,4937,0
1346,4937,0
1350,4924,0
1359,4904,0
1375,4871,0
1392,4838,0
1405,4813,0
1410,4796,0
1411,4796,0
1411,4796,0
1412,4804,0
1411,4817,0
1409,4841,0
1410,4869,0
1414,4888,0
1423,4900,0
1435,4907,0
1446,4910,0
1452,4906,0
1454,4905,0
1457,4898,0
1464,4881,0
1475,4852,0
1482,4823,0
1483,4803,0
1487,4790,0
1484,4783,0
1483,4779,0
1486,4779,1
1587,4744,0
1583,4749,0
1578,4753,0
1569,4770,0
1556,4792,0
1544,4825,0
1533,4854,0
1530,4871,0
1534,4883,0
1548,4893,0
1563,4888,0
1579,4882,0
1594,4868,0
1608,4850,0
1619,4830,0
1623,4809,0
1626,4789,0
1620,4769,0
1611,4761,0
1596,4759,0
1585,4765,1
1690,4764,0
1687,4764,0
1684,4761,0
1683,4765,0
1681,4773,0
1675,4786,0
1670,4811,0
1666,4828,0
1667,4844,0
1667,4852,0
1668,4855,0
1669,4860,0
1669,4859,0
1667,4856,0
1664,4844,0
1664,4824,0
1667,4804,0
1672,4779,0
1680,4757,0
1689,4743,0
1703,4739,0
1718,4741,0
1725,4739,0
1735,4746,0
1740,4749,1
1792,4733,0
1791,4734,0
1788,4734,0
1785,4734,0
1782,4743,0
1778,4763,0
1772,4777,0
1767,4797,0
1766,4814,0
1765,4822,0
1765,4822,0
1765,4822,0
1766,4822,0
1766,4822,0
1767,4818,0
1770,4806,0
1775,4788,0
1783,4763,0
1791,4745,0
1800,4728,0
1807,4719,0
1816,4717,0
1826,4716,0
1835,4722,0
1844,4724,1
1916,4716,0
1915,4716,0
1913,4721,0
1911,4737,0
1905,4763,0
1898,4788,0
1891,4806,0
1889,4827,0
1889,4842,1
1927,4690,0
1920,4687,0
1917,4687,0
1916,4688,0
1917,4687,1
1990,4792,0
2003,4784,0
2020,4773,0
2038,4762,0
2057,4753,0
2065,4743,0
2069,4743,0
2064,4735,0
2056,4733,0
2043,4736,0
2027,4739,0
2006,4752,0
1989,4768,0
1980,4785,0
1975,4794,0
1978,4810,0
1983,4817,0
1995,4831,0
2009,4837,0
2029,4837,0
2055,4840,1
2203,4753,0
2203,4745,0
2203,4741,0
2201,4736,0
2193,4730,0
2181,4725,0
2168,4729,0
2152,4732,0
2131,4746,0
2112,4753,0
2100,4768,0
2095,4786,0
2093,4795,0
2099,4806,0
2107,4812,0
2120,4813,0
2141,4816,0
2164,4807,0
2188,4797,0
2210,4784,0
2225,4768,1
2242,4677,0
2238,4694,0
2236,4715,0
2235,4741,0
2233,4761,0
2228,4783,0
2222,4797,0
2217,4811,0
2215,4819,1
2723,4717,0
2734,4708,0
2748,4695,0
2765,4688,0
2777,4684,0
2782,4686,0
2786,4702,0
2785,4724,0
2783,4754,0
2774,4778,0
2769,4802,0
2766,4816,0
2768,4820,0
2769,4819,0
2772,4818,0
2773,4813,0
2771,4801,0
2767,4789,0
2762,4784,0
2745,4772,0
2729,4775,0
2711,4785,0
2692,4795,0
2682,4807,0
2679,4821,0
2680,4825,0
2685,4832,0
2695,4833,0
2714,4835,0
2736,4830,0
2760,4814,0
2786,4800,1
2905,4617,0
2899,4645,0
2893,4682,0
2886,4723,0
2878,4760,0
2873,4784,0
2868,4799,0
2869,4811,0
2869,4811,0
2870,4811,0
2871,4806,0
2876,4792,0
2887,4766,0
2904,4742,0
2924,4717,0
2943,4713,0
2953,4713,0
2959,4724,0
2962,4741,0
2960,4758,0
2954,4782,0
2941,4801,0
2927,4819,0
2912,4829,0
2902,4838,0
2890,4838,0
2881,4833,0
2878,4830,0
2881,4816,1
3093,4736,0
3086,4735,0
3074,4736,0
3057,4743,0
3040,4759,0
3025,4779,0
3011,4793,0
3011,4801,0
3019,4812,0
3029,4821,0
3042,4824,0
3061,4820,0
3082,4811,0
3100,4799,0
3108,4782,0
3109,4769,0
3103,4758,0
3093,4749,0
3081,4741,0
3074,4740,0
3074,4740,1
3192,4722,0
3189,4733,0
3180,4754,0
3170,4777,0
3163,4797,0
3162,4811,0
3166,4818,0
3169,4816,0
3181,4820,0
3194,4814,0
3211,4802,0
3230,4784,0
3250,4766,0
3263,4746,0
3275,4731,0
3283,4732,0
3283,4732,0
3280,4729,0
3280,4734,0
3274,4741,0
3271,4756,0
3265,4772,0
3259,4792,0
3255,4812,0
3250,4828,1
3354,4657,0
3351,4676,0
3346,4705,0
3332,4735,0
3322,4767,0
3308,4796,0
3303,4816,0
3299,4826,0
3300,4835,1
3329,4732,0
3330,4731,0
3338,4732,0
3344,4725,0
3356,4724,1
3696,4663,0
3692,4688,0
3686,4719,0
3676,4752,0
3667,4785,0
3663,4818,0
3658,4840,0
3654,4852,0
3655,4860,1
3749,4659,0
3748,4683,0
3740,4707,0
3731,4735,0
3721,4759,0
3713,4777,0
3711,4788,0
3708,4789,0
3708,4789,0
3711,4792,0
3713,4787,0
3716,4771,0
3725,4752,0
3742,4732,0
3759,4714,0
3776,4699,0
3788,4696,0
3795,4697,0
3800,4703,0
3801,4712,0
3798,4724,0
3797,4743,0
3792,4763,0
3785,4782,0
3782,4797,1
3848,4753,0
3859,4747,0
3873,4739,0
3885,4731,0
3892,4722,0
3895,4715,0
3895,4711,0
3893,4707,0
3888,4705,0
3881,4705,0
3874,4710,0
3865,4719,0
3855,4736,0
3850,4758,0
3844,4770,0
3846,4783,0
3858,4799,0
3870,4806,0
3888,4809,0
3904,4804,0
3921,4802,1
4286,4706,0
4284,4702,0
4285,4707,0
4283,4708,0
4279,4730,0
4272,4760,0
4261,4796,0
4250,4838,0
4243,4876,0
4239,4903,0
4237,4914,0
4236,4920,0
4237,4920,1
4261,4719,0
4274,4710,0
4292,4707,0
4308,4705,0
4328,4711,0
4344,4719,0
4355,4730,0
4353,4736,0
4350,4749,0
4330,4758,0
4315,4769,0
4297,4777,0
4285,4781,0
4279,4784,0
4280,4784,0
4280,4778,0
4288,4773,1
4369,4770,0
4377,4760,0
4391,4753,0
4406,4739,0
4425,4724,0
4440,4713,0
4444,4701,0
4443,4696,0
4442,4698,0
4430,4696,0
4415,4702,0
4402,4716,0
4386,4733,0
4379,4748,0
4378,4758,0
4386,4772,0
4398,4784,0
4415,4791,0
4435,4792,0
4453,4778,0
4468,4767,1
4493,4704,0
4492,4719,0
4485,4735,0
4477,4755,0
4467,4772,0
4459,4783,0
4460,4788,0
4459,4789,0
4458,4784,0
4460,4782,0
4463,4770,0
4470,4751,0
4480,4728,0
4494,4703,0
4507,4683,0
4519,4674,0
4528,4672,0
4539,4673,0
4550,4675,0
4562,4682,0
4567,4682,1
4661,4705,0
4654,4727,0
4648,4751,0
4643,4776,0
4641,4792,0
4637,4800,0
4640,4803,0
4637,4800,0
4639,4799,0
4641,4792,0
4642,4775,0
4649,4755,0
4661,4731,0
4676,4704,0
4696,4683,0
4714,4668,0
4726,4664,0
4731,4670,0
4737,4686,0
4736,4702,0
4732,4721,0
4727,4740,0
4719,4751,0
4717,4759,0
4715,4759,0
4717,4758,0
4717,4753,0
4723,4743,0
4736,4729,0
4749,4707,0
4763,4686,0
4779,4673,0
4788,4665,0
4788,4665,0
4788,4671,0
4784,4683,0
4779,4704,0
4775,4728,0
4766,4745,0
4767,4764,0
4773,4775,1
4834,4678,0
4836,4676,0
4842,4671,0
4849,4661,0
4864,4659,0
4877,4658,0
4881,4659,0
4885,4667,0
4886,4678,0
4883,4695,0
4879,4714,0
4873,4730,0
4866,4745,0
4864,4757,0
4866,4760,0
4869,4764,0
4866,4760,0
4867,4760,0
4864,4753,0
4862,4749,0
4857,4738,0
4850,4733,0
4842,4730,0
4834,4731,0
4823,4734,0
4811,4743,0
4804,4755,0
4806,4764,0
4807,4768,0
4818,4775,0
4836,4781,0
4854,4775,0
4875,4769,1
4977,4651,0
4977,4652,0
4976,4652,0
4977,4663,0
4973,4681,0
4967,4702,0
4960,4725,0
4952,4741,0
4948,4755,0
4946,4763,0
4947,4766,0
4947,4766,0
4948,4765,0
4946,4763,0
4948,4755,0
4953,4741,0
4961,4719,0
4975,4701,0
4985,4681,0
4999,4665,0
5016,4654,0
5028,4644,0
5038,4642,0
5047,4644,0
5052,4649,0
5057,4661,0
5058,4676,0
5060,4695,0
5055,4711,0
5052,4725,0
5053,4745,0
5052,4756,0
5057,4768,1
5158,4711,0
5165,4710,0
5176,4705,0
5192,4697,0
5210,4690,0
5224,4677,0
5241,4673,0
5244,4664,0
5241,4661,0
5233,4659,0
5217,4657,0
5197,4659,0
5172,4666,0
5150,4681,0
5132,4695,0
5126,4712,0
5122,4722,0
5126,4734,0
5135,4746,0
5151,4755,0
5169,4759,0
5192,4760,0
5217,4755,0
5244,4746,0
5260,4731,1
5288,4667,0
5286,4686,0
5279,4703,0
5277,4722,0
5270,4733,0
5267,4746,0
5263,4755,0
5261,4758,0
5261,4758,0
5260,4753,0
5263,4744,0
5269,4729,0
5280,4713,0
5293,4696,0
5306,4683,0
5320,4671,0
5332,4659,0
5348,4655,0
5358,4657,0
5365,4661,0
5369,4668,0
5374,4680,0
5374,4691,0
5373,4702,0
5375,4712,0
5378,4725,0
5378,4731,0
5378,4737,1
5508,4651,0
5506,4647,0
5494,4642,0
5461,4651,0
5439,4661,0
5426,4675,0
5418,4687,0
5414,4697,0
5417,4705,0
5421,4712,0
5431,4719,0
5448,4725,0
5464,4722,0
5486,4722,0
5501,4718,0
5520,4710,0
5539,4703,0
5554,4695,0
5572,4688,0
5581,4679,0
5586,4669,0
5590,4665,0
5588,4661,0
5583,4654,0
5576,4651,0
5566,4649,0
5552,4652,0
5537,4661,0
5528,4676,0
5524,4690,0
5522,4698,0
5525,4711,0
5540,4724,0
5563,4736,0
5595,4750,0
5629,4761,1