by and by she blow some
445
1334,1999,0
1332,2004,0
1335,2015,0
1344,2051,0
1351,2098,0
1360,2153,0
1366,2209,0
1370,2256,0
1372,2293,0
1376,2312,0
1376,2316,0
1375,2316,0
1375,2316,0
1377,2309,0
1384,2283,0
1394,2253,0
1418,2221,0
1451,2190,0
1488,2176,0
1528,2167,0
1566,2171,0
1592,2185,0
1605,2206,0
1602,2228,0
1578,2246,0
1540,2271,0
1491,2289,0
1443,2301,0
1406,2308,0
1382,2304,0
1375,2300,0
1376,2284,0
1395,2273,1
1900,2150,0
1903,2149,0
1902,2149,0
1896,2147,0
1891,2157,0
1872,2183,0
1845,2227,0
1802,2276,0
1765,2335,0
1739,2389,0
1720,2428,0
1711,2455,0
1707,2461,0
1709,2464,0
1711,2455,0
1714,2434,0
1718,2408,1
1740,2150,0
1741,2149,0
1766,2166,0
1787,2184,0
1811,2201,0
1839,2221,0
1862,2229,0
1885,2237,0
1903,2248,1
2362,2217,0
2359,2210,0
2365,2201,0
2370,2188,0
2371,2169,0
2369,2150,0
2357,2135,0
2339,2133,0
2311,2141,0
2287,2169,0
2266,2205,0
2253,2235,0
2253,2253,0
2265,2261,0
2285,2249,0
2316,2227,0
2351,2195,0
2379,2163,0
2399,2150,0
2403,2148,0
2405,2152,0
2410,2167,0
2406,2174,0
2408,2188,0
2412,2200,1
2490,2131,0
2488,2137,0
2486,2154,0
2487,2182,0
2482,2200,0
2493,2222,0
2495,2225,0
2496,2224,0
2502,2226,0
2501,2211,0
2512,2184,0
2527,2158,0
2531,2141,0
2538,2136,0
2543,2133,0
2557,2142,0
2570,2157,0
2584,2176,0
2603,2193,0
2620,2210,0
2628,2218,1
2762,2189,0
2755,2184,0
2747,2180,0
2742,2179,0
2732,2176,0
2724,2183,0
2709,2190,0
2708,2202,0
2710,2205,0
2714,2207,0
2726,2212,0
2733,2212,0
2748,2210,0
2763,2198,0
2784,2181,0
2801,2155,0
2811,2120,0
2813,2081,0
2803,2041,0
2796,2010,0
2777,1977,0
2762,1954,0
2752,1942,0
2750,1937,0
2744,1932,0
2749,1944,0
2758,1974,0
2774,2018,0
2796,2064,0
2819,2102,0
2847,2142,0
2866,2172,0
2882,2196,0
2894,2212,0
2903,2220,0
2909,2220,0
2916,2215,1
3233,1947,0
3231,1950,0
3229,1952,0
3234,1971,0
3238,2004,0
3235,2044,0
3242,2096,0
3252,2145,0
3254,2178,0
3255,2195,0
3259,2197,0
3259,2196,0
3264,2191,0
3269,2168,0
3287,2147,0
3308,2125,0
3330,2104,0
3355,2095,0
3378,2092,0
3398,2093,0
3410,2098,0
3413,2106,0
3404,2117,0
3388,2135,0
3360,2149,0
3327,2163,0
3299,2176,0
3274,2181,0
3258,2179,0
3251,2175,0
3248,2166,0
3259,2162,0
3281,2154,1
3646,2074,0
3643,2078,0
3636,2089,0
3624,2111,0
3602,2139,0
3576,2172,0
3554,2212,0
3528,2248,0
3501,2280,0
3484,2306,0
3467,2318,0
3460,2321,0
3457,2313,1
3501,2073,0
3492,2072,0
3501,2080,0
3517,2093,0
3543,2104,0
3573,2112,0
3597,2121,0
3614,2124,0
3643,2125,1
4063,2017,0
4051,2013,0
4036,2013,0
4012,2022,0
3975,2036,0
3940,2053,0
3911,2068,0
3896,2081,0
3899,2091,0
3925,2104,0
3970,2115,0
4022,2125,0
4056,2131,0
4094,2145,0
4106,2155,0
4109,2167,0
4079,2176,0
4039,2185,0
3987,2190,0
3948,2196,0
3913,2197,1
4099,1845,0
4097,1840,0
4101,1841,0
4100,1850,0
4099,1877,0
4100,1915,0
4097,1959,0
4092,2000,0
4085,2034,0
4087,2062,0
4098,2082,0
4105,2092,0
4117,2095,0
4136,2094,0
4144,2082,0
4154,2074,0
4167,2068,0
4177,2067,0
4179,2065,0
4190,2069,0
4199,2078,0
4198,2086,0
4205,2098,0
4215,2111,0
4227,2123,0
4235,2133,0
4244,2140,0
4251,2145,0
4262,2151,1
4338,2135,0
4340,2130,0
4350,2113,0
4364,2097,0
4370,2079,0
4376,2063,0
4373,2050,0
4365,2041,0
4356,2040,0
4345,2044,0
4338,2063,0
4339,2085,0
4346,2104,0
4368,2116,0
4411,2121,0
4451,2115,0
4490,2113,1
4888,1826,0
4892,1828,0
4893,1845,0
4888,1875,0
4874,1915,0
4874,1961,0
4857,2005,0
4852,2044,0
4848,2078,0
4847,2097,0
4853,2104,0
4853,2104,0
4858,2094,0
4875,2071,0
4900,2048,0
4931,2028,0
4964,2014,0
4997,2010,0
5016,2008,0
5040,2015,0
5045,2022,0
5050,2032,0
5029,2046,0
5002,2067,0
4961,2087,0
4921,2103,0
4889,2112,0
4868,2111,0
4858,2104,0
4852,2089,0
4858,2068,0
4878,2046,0
4921,2014,1
5105,1806,0
5100,1807,0
5101,1814,0
5114,1845,0
5106,1885,0
5113,1929,0
5118,1978,0
5129,2022,0
5134,2058,0
5156,2087,0
5157,2103,0
5169,2115,0
5180,2121,1
5289,2016,0
5277,2012,0
5281,2012,0
5273,2014,0
5267,2025,0
5265,2042,0
5267,2057,0
5274,2070,0
5288,2078,0
5309,2078,0
5339,2072,0
5357,2061,0
5375,2051,0
5365,2042,0
5354,2037,0
5332,2038,0
5300,2042,0
5271,2047,0
5255,2053,0
5250,2055,0
5269,2051,1
5425,1985,0
5416,1995,0
5409,2010,0
5406,2029,0
5406,2049,0
5406,2058,0
5417,2064,0
5431,2062,0
5444,2051,0
5468,2036,0
5485,2017,0
5505,2000,0
5512,1993,0
5511,1995,0
5518,2011,0
5518,2032,0
5531,2050,0
5541,2058,0
5557,2060,0
5578,2054,0
5598,2038,0
5615,2015,0
5631,1996,0
5634,1991,0
5634,1989,0
5640,1986,0
5633,1982,0
5630,1978,0
5641,1982,1
5954,1937,0
5959,1935,0
5957,1930,0
5910,1928,0
5875,1943,0
5844,1957,0
5832,1968,0
5832,1978,0
5857,1990,0
5897,2000,0
5944,2010,0
5987,2019,0
6026,2031,0
6047,2043,0
6054,2058,0
6050,2070,0
6022,2084,0
5984,2095,0
5942,2103,0
5915,2107,0
5899,2104,0
5892,2097,0
5905,2089,0
5925,2070,0
5957,2052,0
5996,2031,0
6037,2013,0
6073,1995,0
6095,1981,0
6103,1971,0
6103,1971,0
6095,1971,0
6052,1994,0
6032,2016,0
6024,2025,0
6031,2029,0
6044,2029,0
6072,2024,0
6102,2010,0
6124,1997,0
6136,1987,0
6133,1983,0
6124,1972,0
6101,1966,0
6075,1965,0
6053,1968,1
6182,1979,0
6180,1993,0
6173,2013,0
6177,2028,0
6182,2036,0
6189,2041,0
6197,2041,0
6208,2036,0
6224,2024,0
6239,2008,0
6263,1990,0
6277,1973,0
6292,1965,0
6321,2002,0
6334,2015,0
6339,2022,0
6343,2025,0
6358,2021,0
6372,2015,0
6392,2005,0
6404,1999,0
6411,2001,0
6424,2012,0
6429,2023,0
6440,2028,0
6448,2028,1
6526,1987,0
6527,1980,0
6527,1971,0
6526,1961,0
6529,1952,0
6522,1949,0
6517,1947,0
6508,1951,0
6479,1973,0
6473,1990,0
6484,2007,0
6525,2023,0
6601,2038,1