would actually shoot the
466
907,2422,0
906,2426,0
909,2438,0
912,2458,0
915,2487,0
921,2511,0
933,2540,0
945,2553,0
957,2554,0
970,2550,0
980,2538,0
985,2515,0
989,2495,0
990,2479,0
989,2475,0
989,2479,0
989,2499,0
993,2523,0
1006,2543,0
1030,2560,0
1061,2565,0
1093,2561,0
1124,2545,0
1143,2516,0
1150,2487,0
1142,2460,0
1129,2444,0
1110,2432,0
1094,2429,0
1085,2429,0
1089,2441,0
1102,2453,0
1128,2473,1
1346,2521,0
1339,2511,0
1317,2497,0
1286,2483,0
1251,2487,0
1213,2492,0
1184,2511,0
1171,2527,0
1179,2546,0
1204,2561,0
1245,2567,0
1291,2560,0
1336,2543,0
1369,2527,0
1386,2509,0
1383,2489,0
1372,2478,0
1351,2473,0
1327,2475,0
1315,2485,1
1467,2497,0
1471,2492,0
1467,2488,0
1455,2490,0
1442,2509,0
1433,2531,0
1433,2555,0
1444,2574,0
1464,2582,0
1493,2581,0
1523,2568,0
1556,2550,0
1580,2528,0
1592,2505,0
1594,2497,0
1593,2501,0
1590,2510,0
1583,2528,0
1581,2548,0
1591,2562,0
1607,2563,0
1632,2554,0
1663,2530,0
1693,2493,0
1720,2453,0
1732,2399,0
1737,2352,0
1733,2320,0
1721,2306,0
1706,2303,0
1694,2319,0
1682,2355,0
1678,2402,0
1681,2446,0
1692,2485,0
1708,2519,0
1727,2543,0
1751,2564,0
1773,2570,0
1795,2572,0
1818,2566,1
1881,2516,0
1879,2495,0
1870,2468,0
1861,2455,0
1848,2451,0
1832,2460,0
1821,2481,0
1815,2512,0
1816,2540,0
1830,2562,0
1850,2572,0
1874,2569,0
1903,2559,0
1923,2531,0
1938,2495,0
1941,2447,0
1938,2402,0
1925,2364,0
1914,2347,0
1903,2342,0
1900,2352,0
1899,2374,0
1910,2412,0
1922,2446,0
1936,2479,0
1956,2509,0
1973,2533,0
1989,2553,0
2005,2568,0
2018,2577,0
2030,2584,0
2041,2585,1
2571,2453,0
2562,2446,0
2539,2436,0
2521,2438,0
2500,2446,0
2482,2463,0
2478,2492,0
2478,2521,0
2483,2545,0
2495,2562,0
2509,2567,0
2526,2562,0
2541,2548,0
2554,2531,0
2554,2503,0
2553,2480,0
2545,2465,0
2538,2465,0
2532,2474,0
2524,2493,0
2524,2521,0
2535,2552,0
2543,2574,0
2556,2590,0
2572,2600,1
2737,2485,0
2727,2473,0
2709,2461,0
2688,2461,0
2669,2470,0
2644,2486,0
2630,2510,0
2626,2533,0
2633,2551,0
2651,2564,0
2679,2569,0
2707,2565,0
2735,2555,0
2761,2542,0
2776,2521,0
2786,2499,0
2782,2467,1
2775,2347,0
2774,2343,0
2775,2347,0
2776,2367,0
2776,2397,0
2781,2433,0
2790,2472,0
2801,2504,0
2811,2526,0
2822,2542,0
2825,2545,0
2825,2540,1
2784,2487,0
2796,2492,0
2819,2499,0
2852,2501,0
2885,2495,0
2914,2482,0
2938,2473,0
2949,2460,0
2953,2451,0
2942,2439,0
2938,2447,0
2925,2458,0
2916,2476,0
2917,2495,0
2924,2511,0
2943,2521,0
2963,2519,0
2989,2509,0
3014,2494,0
3033,2478,0
3042,2460,0
3045,2451,0
3044,2453,0
3040,2461,0
3037,2480,0
3033,2499,0
3036,2517,0
3042,2528,0
3057,2531,0
3079,2528,0
3100,2515,0
3124,2500,0
3141,2480,0
3147,2463,0
3144,2451,0
3136,2451,0
3117,2453,0
3106,2468,0
3097,2486,0
3097,2507,0
3105,2522,0
3115,2529,0
3129,2521,0
3155,2516,0
3175,2503,0
3185,2488,0
3185,2468,0
3180,2461,0
3173,2461,0
3162,2472,0
3158,2492,0
3156,2514,0
3158,2528,0
3175,2540,0
3196,2538,0
3224,2528,0
3253,2508,0
3281,2482,0
3296,2444,0
3308,2405,0
3305,2369,0
3301,2350,0
3284,2339,0
3271,2345,0
3252,2359,0
3240,2392,0
3236,2430,0
3240,2465,0
3254,2490,0
3281,2508,0
3308,2511,0
3338,2504,0
3370,2490,0
3397,2463,0
3411,2425,0
3424,2390,0
3420,2358,0
3408,2342,0
3390,2337,0
3375,2348,0
3361,2374,0
3349,2410,0
3353,2451,0
3361,2482,0
3378,2504,0
3404,2518,0
3435,2521,0
3463,2516,0
3488,2501,0
3502,2475,0
3506,2447,0
3503,2427,0
3495,2419,0
3490,2418,0
3488,2420,0
3486,2422,0
3501,2429,0
3527,2431,0
3552,2421,0
3587,2413,0
3619,2406,0
3641,2405,0
3652,2412,0
3660,2432,0
3662,2461,0
3662,2497,0
3665,2541,0
3665,2588,0
3668,2637,0
3672,2685,0
3668,2718,0
3658,2740,0
3635,2751,0
3610,2752,0
3586,2742,0
3566,2722,0
3559,2697,0
3565,2668,0
3585,2637,0
3615,2606,0
3653,2577,0
3688,2551,1
4158,2378,0
4152,2380,0
4138,2386,0
4116,2394,0
4097,2407,0
4077,2420,0
4076,2434,0
4084,2445,0
4108,2459,0
4135,2468,0
4167,2480,0
4192,2494,0
4207,2507,0
4206,2521,0
4193,2532,0
4168,2538,0
4141,2540,0
4116,2540,0
4092,2532,0
4086,2526,0
4090,2515,1
4214,2312,0
4210,2310,0
4210,2311,0
4210,2324,0
4217,2348,0
4222,2377,0
4234,2415,0
4247,2451,0
4258,2477,0
4263,2492,0
4265,2496,0
4266,2495,0
4268,2491,0
4268,2471,0
4273,2451,0
4285,2434,0
4297,2424,0
4311,2424,0
4324,2434,0
4332,2450,0
4346,2471,0
4355,2494,0
4362,2512,0
4371,2527,0
4384,2537,1
4501,2472,0
4499,2454,0
4486,2437,0
4462,2430,0
4427,2431,0
4399,2445,0
4385,2465,0
4382,2483,0
4398,2501,0
4426,2511,0
4458,2514,0
4494,2504,0
4525,2493,0
4536,2478,0
4536,2463,0
4526,2449,0
4507,2441,0
4485,2438,0
4470,2441,0
4468,2449,1
4649,2480,0
4649,2474,0
4632,2463,0
4608,2456,0
4578,2457,0
4549,2465,0
4536,2478,0
4534,2494,0
4549,2509,0
4575,2519,0
4612,2522,0
4647,2514,0
4675,2507,0
4685,2491,0
4679,2479,0
4665,2463,0
4648,2453,0
4628,2449,0
4616,2445,0
4613,2440,1
4735,2327,0
4736,2324,0
4731,2325,0
4731,2340,0
4731,2364,0
4740,2397,0
4746,2432,0
4763,2459,0
4775,2483,0
4783,2494,0
4789,2499,0
4793,2501,0
4789,2492,0
4775,2478,0
4752,2460,0
4734,2451,1
4740,2420,0
4838,2403,0
4857,2403,1
5496,2236,0
5499,2241,0
5503,2258,0
5506,2282,0
5506,2311,0
5510,2348,0
5511,2383,0
5516,2416,0
5513,2440,0
5518,2456,0
5515,2461,0
5508,2457,0
5500,2447,1
5444,2371,0
5457,2364,0
5471,2355,0
5488,2347,0
5504,2340,0
5523,2330,0
5532,2321,0
5539,2316,0
5537,2309,0
5532,2304,0
5525,2298,0
5523,2301,0
5523,2301,0
5533,2309,0
5535,2323,0
5547,2345,0
5558,2367,0
5566,2387,0
5584,2405,0
5593,2415,0
5600,2416,0
5616,2413,0
5629,2404,0
5645,2391,0
5659,2380,0
5670,2376,0
5680,2380,0
5694,2388,0
5704,2398,0
5717,2407,0
5733,2409,0
5752,2409,0
5779,2397,0
5800,2381,0
5819,2359,0
5829,2335,0
5824,2319,0
5771,2340,0
5762,2369,0
5764,2393,0
5780,2413,0
5814,2426,0
5854,2427,0
5900,2422,0
5940,2420,0
5966,2422,1