and prepared # the break up
761
1029,4432,1
1015,4424,0
1006,4424,0
993,4432,0
976,4447,0
958,4475,0
938,4510,0
922,4553,0
907,4594,0
901,4617,0
900,4629,0
902,4629,0
908,4625,0
919,4617,0
934,4594,0
950,4562,0
968,4527,0
985,4492,0
1000,4460,0
1010,4436,0
1012,4428,0
1012,4428,0
1012,4428,0
1013,4440,0
1012,4468,0
1011,4504,0
1013,4548,0
1017,4584,0
1023,4600,0
1027,4608,0
1030,4604,0
1031,4604,0
1032,4596,1
1128,4404,0
1128,4424,0
1129,4468,0
1126,4512,0
1125,4548,0
1126,4572,0
1130,4580,0
1131,4576,0
1134,4576,0
1136,4568,0
1141,4543,0
1150,4508,0
1162,4463,0
1179,4431,0
1194,4407,0
1206,4395,0
1214,4394,0
1223,4402,0
1230,4418,0
1236,4446,0
1242,4481,0
1247,4517,0
1252,4545,0
1256,4565,0
1261,4577,1
1412,4448,0
1409,4440,0
1404,4425,0
1396,4416,0
1387,4413,0
1378,4414,0
1364,4422,0
1346,4444,0
1327,4473,0
1312,4514,0
1304,4555,0
1302,4587,0
1307,4602,0
1315,4606,0
1327,4606,0
1339,4589,0
1357,4564,0
1376,4522,0
1393,4473,0
1410,4423,0
1423,4370,0
1435,4333,0
1442,4309,0
1445,4300,0
1447,4304,0
1449,4308,0
1452,4336,0
1452,4384,0
1450,4440,0
1450,4496,0
1457,4536,0
1467,4555,0
1481,4570,1
1744,4417,0
1743,4421,0
1742,4433,0
1745,4466,0
1747,4502,0
1749,4546,0
1751,4598,0
1754,4650,0
1751,4687,0
1751,4719,0
1751,4735,0
1751,4743,0
1750,4743,0
1751,4743,0
1749,4727,0
1746,4688,0
1745,4627,0
1754,4561,0
1766,4510,0
1775,4461,0
1788,4430,0
1795,4408,0
1802,4403,0
1807,4402,0
1816,4409,0
1827,4432,0
1832,4463,0
1835,4503,0
1833,4536,0
1829,4553,0
1819,4559,0
1808,4564,0
1797,4566,0
1786,4560,0
1777,4541,0
1774,4517,0
1779,4488,1
1908,4367,0
1908,4372,0
1910,4391,0
1909,4420,0
1904,4454,0
1902,4491,0
1899,4524,0
1899,4544,0
1897,4553,0
1898,4553,0
1899,4553,0
1898,4545,0
1897,4520,0
1899,4483,0
1903,4446,0
1908,4408,0
1913,4387,0
1915,4383,0
1916,4382,0
1920,4389,0
1926,4409,0
1933,4440,0
1940,4463,0
1952,4480,0
1965,4486,0
1979,4488,0
1995,4480,0
2009,4465,0
2021,4446,0
2031,4423,0
2037,4397,0
2037,4377,0
2032,4374,0
2025,4379,0
2016,4394,0
2005,4417,0
1997,4451,0
1992,4489,0
1995,4517,0
2001,4532,0
2012,4546,0
2026,4560,0
2041,4565,0
2054,4565,0
2072,4566,0
2090,4566,0
2105,4558,0
2116,4555,0
2123,4546,1
2166,4424,0
2166,4441,0
2165,4461,0
2166,4490,0
2166,4519,0
2167,4560,0
2169,4605,0
2167,4646,0
2169,4683,0
2169,4712,0
2172,4731,0
2172,4740,0
2173,4739,0
2174,4739,0
2174,4727,0
2173,4698,0
2176,4649,0
2179,4594,0
2182,4535,0
2187,4485,0
2195,4442,0
2203,4410,0
2212,4391,0
2220,4381,0
2228,4379,0
2238,4384,0
2250,4402,0
2258,4428,0
2264,4468,0
2265,4502,0
2260,4528,0
2255,4550,0
2246,4556,0
2236,4563,0
2222,4562,0
2210,4561,0
2199,4552,1
2396,4392,0
2397,4396,0
2391,4394,0
2381,4397,0
2361,4411,0
2341,4438,0
2322,4473,0
2307,4510,0
2298,4538,0
2299,4550,0
2308,4556,0
2322,4552,0
2342,4533,0
2364,4507,0
2385,4483,0
2401,4457,0
2412,4442,0
2415,4444,0
2415,4457,0
2414,4483,0
2417,4515,0
2423,4538,0
2438,4550,0
2459,4548,0
2490,4534,0
2521,4507,0
2547,4473,0
2570,4439,0
2588,4403,0
2598,4392,0
2601,4395,0
2603,4410,0
2605,4440,0
2603,4471,0
2602,4505,0
2603,4530,0
2604,4534,0
2605,4533,0
2604,4526,0
2603,4496,0
2604,4462,0
2603,4419,0
2605,4385,0
2605,4372,0
2607,4376,0
2605,4377,0
2608,4401,0
2610,4430,0
2620,4465,0
2629,4483,0
2648,4493,0
2669,4493,0
2694,4484,0
2719,4471,0
2737,4447,0
2755,4422,0
2765,4397,0
2766,4384,0
2764,4384,0
2755,4388,0
2742,4406,0
2730,4437,0
2719,4471,0
2712,4504,0
2715,4532,0
2724,4550,0
2735,4559,0
2749,4566,0
2766,4573,1
2953,4439,0
2945,4425,0
2941,4419,0
2935,4413,0
2923,4405,0
2913,4413,0
2897,4433,0
2880,4466,0
2862,4500,0
2854,4538,0
2850,4565,0
2852,4578,0
2859,4584,0
2866,4580,0
2883,4565,0
2900,4528,0
2924,4483,0
2944,4435,0
2961,4388,0
2973,4343,0
2981,4313,0
2982,4304,0
2986,4311,0
2985,4320,0
2983,4352,0
2982,4405,0
2979,4459,0
2979,4507,0
2984,4539,0
2989,4560,0
2997,4574,0
3005,4583,0
3012,4580,1
3278,4304,0
3278,4304,0
3278,4304,0
3282,4311,0
3282,4330,0
3281,4362,0
3272,4402,0
3265,4456,0
3257,4509,0
3255,4555,0
3257,4589,0
3261,4610,0
3266,4620,1
3193,4532,0
3192,4528,0
3194,4527,0
3202,4523,0
3224,4521,0
3250,4513,0
3279,4503,0
3310,4495,0
3337,4486,1
3419,4355,0
3416,4352,0
3416,4357,0
3413,4377,0
3406,4408,0
3401,4451,0
3394,4501,0
3387,4550,0
3389,4585,0
3394,4606,0
3397,4608,0
3398,4607,0
3401,4601,0
3408,4589,0
3419,4565,0
3424,4535,0
3433,4521,0
3436,4520,0
3436,4520,0
3436,4524,0
3439,4541,0
3443,4566,0
3449,4590,0
3458,4612,0
3471,4623,0
3490,4627,0
3511,4624,0
3532,4613,0
3547,4595,0
3563,4572,0
3579,4541,0
3588,4507,0
3595,4485,0
3592,4468,0
3587,4462,0
3585,4463,0
3582,4460,0
3582,4470,0
3573,4484,0
3568,4515,0
3563,4550,0
3559,4574,0
3570,4596,0
3587,4615,0
3604,4623,1
3157,4523,0
3158,4522,0
3156,4519,0
3160,4521,0
3163,4524,0
3172,4519,0
3192,4519,0
3216,4517,0
3246,4514,0
3286,4517,0
3335,4514,0
3399,4521,0
3467,4526,0
3531,4526,0
3593,4532,0
3647,4538,0
3686,4543,0
3713,4550,0
3731,4558,0
3739,4563,0
3740,4566,1
4065,4333,0
4061,4326,0
4061,4326,0
4061,4326,0
4061,4331,0
4061,4345,0
4061,4375,0
4056,4409,0
4055,4454,0
4056,4501,0
4057,4553,0
4063,4607,0
4068,4652,0
4075,4681,0
4077,4698,0
4078,4703,0
4078,4703,1
3962,4546,0
3962,4545,0
3966,4543,0
3980,4537,0
4003,4532,0
4033,4521,0
4067,4502,0
4104,4482,0
4134,4456,1
4223,4331,0
4218,4345,0
4210,4377,0
4198,4415,0
4190,4460,0
4185,4513,0
4186,4556,0
4193,4582,0
4199,4587,0
4211,4593,0
4220,4591,0
4232,4582,0
4246,4562,0
4265,4539,0
4283,4516,0
4293,4498,0
4295,4492,0
4297,4495,0
4297,4495,0
4297,4501,0
4300,4518,0
4305,4544,0
4309,4571,0
4311,4595,0
4318,4615,0
4328,4628,0
4338,4630,0
4350,4625,0
4365,4620,0
4377,4611,0
4391,4596,0
4402,4582,0
4414,4568,0
4420,4558,0
4422,4557,0
4423,4556,0
4423,4556,0
4423,4556,0
4424,4555,0
4423,4556,0
4424,4555,0
4423,4556,0
4423,4556,0
4423,4556,0
4424,4555,0
4424,4555,0
4424,4555,0
4427,4558,0
4427,4558,0
4427,4558,0
4424,4555,0
4427,4558,0
4425,4555,0
4424,4555,0
4427,4558,0
4424,4555,0
4427,4558,0
4424,4555,0
4425,4555,0
4427,4558,0
4427,4558,0
4425,4555,0
4425,4554,0
4427,4558,0
4425,4554,0
4425,4554,0
4428,4557,0
4425,4555,0
4425,4555,0
4425,4555,0
4425,4555,0
4423,4556,1
4428,4562,0
4432,4554,0
4438,4540,0
4447,4529,0
4450,4509,0
4456,4495,0
4466,4483,0
4466,4466,0
4474,4461,1
4471,4448,0
4470,4449,0
4470,4449,0
4466,4447,0
4466,4447,0
4463,4449,0
4461,4456,0
4454,4466,0
4448,4476,0
4440,4487,0
4436,4501,0
4432,4519,0
4428,4537,0
4422,4552,0
4422,4567,0
4425,4579,0
4427,4584,0
4432,4590,0
4439,4594,0
4446,4599,0
4459,4603,0
4473,4608,0
4485,4604,0
4502,4596,0
4526,4582,0
4548,4570,0
4565,4558,0
4584,4553,1
5037,4238,0
5032,4237,0
5033,4242,0
5033,4259,0
5030,4283,0
5029,4318,0
5027,4364,0
5026,4420,0
5028,4477,0
5034,4532,0
5042,4578,0
5046,4612,0
5044,4635,0
5038,4646,0
5033,4650,0
5030,4648,0
5023,4637,0
5016,4612,0
5020,4576,0
5023,4530,0
5035,4492,0
5054,4464,0
5068,4440,0
5091,4430,0
5110,4423,0
5132,4430,0
5146,4449,0
5154,4485,0
5151,4532,0
5150,4583,0
5142,4623,0
5127,4641,0
5113,4654,0
5094,4660,0
5079,4662,0
5061,4652,0
5049,4636,0
5044,4608,0
5050,4572,0
5062,4533,0
5081,4499,1
5279,4410,0
5278,4428,0
5272,4456,0
5265,4502,0
5261,4544,0
5259,4579,0
5256,4604,0
5256,4621,0
5256,4625,0
5256,4625,0
5255,4622,0
5257,4609,0
5260,4574,0
5262,4526,0
5264,4480,0
5268,4448,0
5271,4424,0
5272,4418,0
5272,4418,0
5271,4418,0
5274,4427,0
5281,4446,0
5289,4466,0
5299,4479,0
5309,4486,0
5324,4494,0
5340,4506,0
5360,4520,0
5379,4531,0
5397,4535,0
5419,4531,0
5436,4514,0
5454,4495,0
5466,4476,0
5475,4456,0
5479,4435,0
5480,4417,0
5475,4410,0
5468,4412,0
5456,4424,0
5438,4448,0
5420,4478,0
5412,4521,0
5399,4560,0
5401,4598,0
5411,4622,0
5423,4638,0
5436,4648,0
5458,4654,1
5687,4447,0
5687,4442,0
5683,4435,0
5682,4435,0
5676,4436,0
5658,4456,0
5631,4496,0
5600,4546,0
5578,4591,0
5572,4615,0
5572,4615,0
5575,4612,0
5592,4605,0
5616,4581,0
5644,4546,0
5673,4509,0
5698,4495,0
5702,4496,0
5705,4505,0
5705,4529,0
5704,4565,0
5700,4603,0
5704,4640,0
5713,4664,0
5725,4675,1
5834,4304,0
5833,4304,0
5830,4307,0
5828,4333,0
5819,4381,0
5808,4441,0
5800,4508,0
5799,4563,0
5796,4594,0
5802,4618,0
5805,4638,0
5806,4642,0
5808,4641,0
5807,4636,0
5814,4618,0
5821,4574,0
5839,4525,0
5861,4477,0
5888,4447,0
5906,4432,0
5925,4430,0
5935,4430,0
5940,4437,0
5937,4447,0
5919,4468,0
5887,4497,0
5859,4527,0
5834,4548,0
5822,4561,0
5820,4570,0
5824,4583,0
5834,4596,0
5855,4615,0
5885,4634,0
5921,4649,0
5957,4662,0
5987,4672,1
6229,4450,0
6225,4448,0
6227,4451,0
6223,4468,0
6221,4502,0
6209,4542,0
6203,4592,0
6195,4637,0
6193,4670,0
6193,4683,0
6194,4681,0
6201,4678,0
6212,4666,0
6227,4637,0
6252,4596,0
6279,4546,0
6306,4500,0
6332,4476,0
6338,4468,0
6338,4468,0
6338,4473,0
6339,4491,0
6331,4526,0
6321,4576,0
6316,4626,0
6313,4660,0
6319,4677,0
6324,4684,0
6331,4688,1
6432,4478,0
6435,4481,0
6432,4478,0
6433,4485,0
6437,4505,0
6431,4538,0
6423,4586,0
6411,4643,0
6396,4704,0
6392,4758,0
6389,4804,0
6389,4847,0
6384,4876,0
6384,4895,0
6380,4893,0
6380,4887,0
6382,4866,0
6380,4821,0
6389,4763,0
6403,4690,0
6423,4622,0
6453,4561,0
6486,4514,0
6506,4483,0
6522,4476,0
6525,4478,0
6532,4482,0
6541,4497,0
6546,4529,0
6550,4582,0
6539,4640,0
6532,4691,0
6518,4715,0
6503,4720,0
6492,4722,0
6479,4717,0
6469,4705,0
6458,4681,0
6456,4646,0
6450,4615,0
6440,4597,1