on Pericles?&quot;
203
950,4838,0
946,4835,0
941,4834,0
933,4835,0
924,4842,0
910,4850,0
900,4869,0
894,4897,0
894,4917,0
902,4929,0
915,4929,0
933,4926,0
953,4919,0
967,4903,0
976,4891,0
976,4871,0
966,4863,0
954,4855,0
942,4850,0
938,4850,0
936,4850,0
938,4850,0
1006,4848,0
1013,4852,0
1020,4864,0
1023,4876,0
1023,4892,0
1022,4907,0
1023,4920,0
1033,4916,0
1039,4900,0
1048,4884,0
1063,4876,0
1073,4876,0
1081,4873,0
1090,4881,0
1094,4892,0
1111,4920,1
1438,4778,0
1439,4799,0
1438,4831,0
1435,4850,0
1433,4875,0
1431,4887,0
1431,4895,0
1433,4900,0
1432,4899,0
1433,4895,0
1433,4883,0
1435,4859,0
1435,4823,0
1439,4794,0
1443,4762,0
1450,4737,0
1459,4721,0
1470,4704,0
1484,4694,0
1499,4689,0
1512,4700,0
1521,4711,0
1527,4722,0
1479,4816,0
1468,4821,0
1467,4821,1
1609,4854,0
1618,4846,0
1625,4836,0
1631,4824,0
1635,4816,0
1635,4811,0
1632,4808,0
1621,4805,0
1607,4810,0
1597,4828,0
1590,4849,0
1585,4869,0
1586,4885,0
1593,4900,0
1605,4907,0
1640,4907,0
1656,4901,0
1669,4895,0
1679,4894,0
1681,4890,0
1684,4894,0
1684,4894,0
1679,4862,0
1684,4850,0
1692,4837,0
1708,4826,0
1721,4816,0
1735,4811,0
1750,4809,0
1762,4806,0
1790,4854,0
1787,4864,0
1788,4876,0
1790,4883,1
1821,4733,0
1821,4733,0
1824,4736,0
1822,4736,0
1824,4744,1
1911,4819,0
1909,4819,0
1907,4820,0
1899,4817,0
1889,4818,0
1877,4825,0
1864,4839,0
1855,4853,0
1852,4869,0
1853,4878,0
1860,4888,0
1870,4891,0
1884,4893,0
1900,4893,0
1916,4887,0
1932,4876,0
1947,4869,1
1985,4743,0
1980,4770,0
1976,4803,0
1973,4832,0
1968,4849,0
1968,4864,0
1968,4873,0
1972,4881,0
1974,4884,1
2066,4838,0
2070,4837,0
2070,4832,0
2074,4827,0
2072,4820,0
2072,4819,0
2069,4821,0
2056,4815,0
2046,4829,0
2036,4844,0
2030,4857,0
2031,4873,0
2033,4881,0
2040,4888,0
2065,4891,0
2083,4887,1
2211,4800,0
2211,4796,0
2210,4800,0
2198,4799,0
2189,4809,0
2184,4823,0
2177,4824,0
2179,4832,0
2182,4832,0
2193,4841,0
2205,4847,0
2229,4857,0
2228,4862,0
2227,4870,0
2225,4883,0
2217,4889,0
2207,4891,0
2198,4894,0
2205,4884,1
2375,4732,0
2371,4729,0
2369,4717,0
2369,4709,0
2372,4704,0
2379,4698,0
2389,4695,0
2400,4692,0
2412,4697,0
2419,4702,0
2422,4714,0
2424,4730,0
2418,4748,0
2412,4771,0
2406,4790,0
2399,4804,0
2396,4822,1
2416,4895,0
2415,4900,0
2415,4900,0
2415,4899,0
2414,4900,0
2414,4900,0
2415,4900,0
2421,4898,0
2426,4896,1
2598,4654,0
2603,4666,0
2605,4682,0
2605,4695,0
2605,4707,0
2603,4712,0
2604,4715,0
2608,4714,0
2614,4708,1
2642,4682,0
2638,4691,0
2636,4709,0
2633,4723,1