manfully shouldered her burden
638
862,3834,0
863,3838,0
864,3842,0
866,3858,0
868,3887,0
869,3935,0
869,3991,0
874,4043,0
875,4067,0
876,4075,0
877,4075,0
877,4075,0
878,4063,0
881,4027,0
890,3984,0
907,3937,0
924,3897,0
936,3870,0
942,3858,0
944,3863,0
947,3867,0
950,3886,0
955,3935,0
959,3986,0
964,4031,0
970,4046,0
977,4051,0
983,4051,0
990,4040,0
1001,4020,0
1011,3983,0
1023,3948,0
1035,3912,0
1045,3880,0
1054,3869,0
1056,3865,0
1058,3865,0
1064,3876,0
1071,3900,0
1078,3940,0
1086,3985,0
1095,4029,0
1103,4048,0
1112,4061,0
1123,4068,1
1252,3925,0
1254,3909,0
1257,3900,0
1257,3892,0
1252,3892,0
1246,3889,0
1234,3898,0
1217,3922,0
1197,3959,0
1178,4003,0
1170,4036,0
1171,4047,0
1180,4051,0
1195,4047,0
1212,4034,0
1231,4010,0
1249,3981,1
1284,3918,0
1284,3918,0
1284,3931,0
1283,3963,0
1283,3987,0
1286,4011,0
1296,4027,0
1307,4030,0
1320,4021,0
1337,4000,0
1353,3966,0
1370,3933,1
1403,3851,0
1405,3854,0
1409,3862,0
1409,3889,0
1409,3930,0
1407,3971,0
1409,4006,0
1413,4026,0
1418,4030,0
1425,4025,0
1434,4012,0
1446,3987,0
1458,3950,0
1473,3916,0
1488,3894,0
1497,3889,0
1500,3893,0
1504,3905,0
1508,3932,0
1513,3964,0
1521,3991,0
1530,4010,0
1541,4021,0
1557,4032,1
1718,3854,1
1710,3717,0
1698,3719,0
1685,3730,0
1672,3756,0
1662,3794,0
1655,3831,0
1654,3877,0
1655,3917,0
1659,3961,0
1667,4012,0
1674,4059,0
1682,4099,0
1685,4123,0
1691,4146,0
1693,4150,0
1693,4145,1
1643,3923,0
1644,3922,0
1647,3922,0
1653,3921,0
1665,3919,0
1687,3916,0
1714,3903,0
1742,3890,0
1764,3874,0
1783,3863,0
1793,3856,0
1797,3855,0
1799,3859,0
1799,3867,0
1797,3887,0
1795,3917,0
1790,3942,0
1791,3963,0
1796,3969,0
1804,3968,0
1818,3966,0
1833,3954,0
1848,3939,0
1860,3921,0
1872,3906,0
1875,3904,0
1874,3905,0
1874,3918,0
1873,3942,0
1872,3963,0
1874,3978,0
1882,3993,0
1889,4000,1
1973,3734,0
1971,3730,0
1972,3759,0
1968,3793,0
1964,3835,0
1962,3881,0
1962,3918,0
1967,3950,0
1973,3969,0
1979,3980,0
1983,3983,0
1985,3978,1
2019,3722,0
2019,3722,0
2019,3718,0
2019,3718,0
2023,3734,0
2026,3762,0
2027,3803,0
2029,3853,0
2033,3896,0
2039,3933,0
2044,3956,0
2051,3978,0
2059,3993,1
2089,3865,0
2089,3865,0
2092,3873,0
2099,3887,0
2108,3901,1
2212,3817,0
2210,3826,0
2202,3845,0
2198,3884,0
2189,3924,0
2178,3973,0
2172,4029,0
2167,4085,0
2164,4131,0
2163,4159,0
2163,4185,0
2164,4197,0
2167,4196,1
2545,3822,1
2548,3794,0
2542,3789,0
2532,3783,0
2524,3787,0
2517,3798,0
2508,3810,0
2507,3829,0
2507,3841,0
2518,3863,0
2531,3883,0
2545,3904,0
2560,3933,0
2565,3955,0
2569,3980,0
2568,3998,0
2563,4004,0
2557,4006,0
2545,4003,0
2530,3995,0
2516,3979,0
2503,3958,0
2499,3930,0
2504,3898,0
2511,3856,1
2606,3648,0
2606,3648,0
2606,3653,0
2607,3679,0
2601,3712,0
2598,3765,0
2593,3819,0
2595,3875,0
2598,3916,0
2603,3950,0
2607,3969,0
2611,3976,0
2615,3979,0
2618,3974,0
2627,3966,0
2638,3930,0
2652,3881,0
2662,3839,0
2671,3822,0
2673,3820,0
2674,3819,0
2672,3816,0
2678,3827,0
2679,3853,0
2678,3896,0
2678,3936,0
2685,3959,0
2691,3965,0
2700,3969,0
2707,3966,0
2718,3962,0
2724,3942,0
2733,3912,0
2744,3889,0
2750,3878,0
2750,3878,0
2750,3882,0
2749,3896,0
2754,3929,0
2756,3954,0
2767,3980,0
2774,3990,0
2786,3998,0
2798,3997,0
2809,3987,0
2823,3976,0
2832,3950,0
2840,3916,0
2842,3875,0
2842,3844,0
2830,3814,0
2818,3807,0
2803,3805,0
2787,3812,0
2777,3830,0
2767,3853,0
2763,3876,1
2920,3801,0
2916,3808,0
2911,3833,0
2910,3873,0
2905,3907,0
2905,3947,0
2907,3972,0
2917,3977,0
2930,3975,0
2943,3959,0
2956,3935,0
2968,3911,0
2977,3884,0
2985,3858,0
2992,3850,0
2992,3850,0
2992,3858,0
2994,3884,0
2996,3914,0
3003,3943,0
3013,3960,0
3025,3971,0
3041,3977,0
3056,3974,0
3073,3965,1
3103,3638,0
3098,3636,0
3100,3653,0
3097,3678,0
3096,3725,0
3097,3788,0
3098,3856,0
3105,3916,0
3110,3955,0
3113,3980,0
3117,3995,0
3124,4002,0
3132,4003,1
3289,3853,0
3286,3851,0
3281,3839,0
3279,3831,0
3272,3821,0
3264,3812,0
3253,3809,0
3239,3813,0
3222,3833,0
3207,3865,0
3197,3897,0
3194,3932,0
3194,3950,0
3203,3958,0
3214,3957,0
3225,3942,0
3237,3911,0
3252,3875,0
3264,3830,0
3274,3778,0
3286,3728,0
3290,3683,0
3294,3662,0
3293,3658,0
3291,3660,0
3292,3682,0
3288,3727,0
3291,3787,0
3294,3846,0
3305,3895,0
3315,3916,0
3331,3926,0
3349,3930,0
3368,3922,0
3387,3901,0
3407,3870,0
3423,3831,0
3432,3793,0
3439,3769,0
3437,3765,0
3434,3766,0
3426,3777,0
3422,3812,0
3415,3855,0
3419,3901,0
3425,3934,0
3435,3947,0
3452,3950,0
3473,3937,1
3568,3768,0
3568,3769,0
3569,3787,0
3569,3821,0
3571,3858,0
3574,3895,0
3573,3914,0
3575,3918,0
3576,3918,0
3575,3914,0
3572,3896,0
3570,3864,0
3570,3830,0
3572,3810,0
3575,3812,0
3579,3814,0
3586,3829,0
3600,3854,0
3612,3874,0
3626,3884,0
3641,3883,0
3659,3871,0
3675,3849,0
3686,3827,0
3695,3807,0
3694,3778,0
3694,3767,0
3688,3771,0
3679,3788,0
3672,3822,0
3668,3859,0
3667,3894,0
3676,3922,0
3687,3934,0
3703,3943,0
3720,3945,1
3887,3793,0
3884,3790,0
3877,3785,0
3872,3784,0
3868,3788,0
3853,3795,0
3838,3825,0
3819,3864,0
3805,3904,0
3800,3932,0
3806,3943,0
3812,3944,0
3825,3940,0
3836,3916,0
3854,3888,0
3870,3841,0
3892,3779,1
3924,3599,0
3922,3601,0
3919,3604,0
3912,3629,0
3910,3684,0
3905,3748,0
3908,3807,0
3916,3851,0
3924,3880,0
3939,3915,0
3949,3937,0
3958,3945,1
4234,3600,0
4229,3597,0
4232,3600,0
4232,3612,0
4234,3648,0
4231,3699,0
4233,3766,0
4237,3832,0
4242,3887,0
4241,3913,0
4243,3922,0
4244,3921,0
4246,3918,0
4254,3906,0
4263,3874,0
4271,3829,0
4281,3793,0
4285,3780,0
4285,3780,0
4287,3783,0
4289,3802,0
4295,3835,0
4301,3872,0
4307,3899,0
4316,3916,0
4326,3920,0
4340,3923,0
4353,3916,0
4365,3901,0
4374,3871,0
4388,3832,0
4395,3788,0
4398,3759,0
4392,3753,0
4389,3756,0
4380,3769,0
4372,3805,0
4366,3847,0
4366,3889,0
4373,3915,0
4390,3932,0
4405,3935,0
4422,3930,0
4445,3915,0
4467,3890,1
4524,3788,0
4527,3779,0
4533,3784,0
4537,3798,0
4546,3829,0
4549,3863,0
4562,3901,0
4570,3932,0
4576,3948,0
4579,3950,0
4580,3950,0
4579,3945,0
4579,3939,0
4574,3906,0
4579,3863,0
4586,3824,0
4592,3789,0
4601,3764,0
4614,3752,0
4629,3742,1
4845,3591,0
4844,3592,0
4847,3601,0
4847,3624,0
4851,3662,0
4853,3712,0
4854,3769,0
4853,3828,0
4857,3875,0
4859,3903,0
4860,3913,0
4860,3913,0
4857,3910,0
4862,3911,0
4864,3898,0
4874,3858,0
4890,3807,0
4910,3769,0
4925,3752,0
4938,3750,0
4947,3752,0
4956,3766,0
4959,3793,0
4956,3836,0
4950,3884,0
4936,3915,0
4927,3929,0
4916,3935,0
4906,3935,0
4898,3931,0
4896,3922,0
4894,3900,0
4904,3867,1
5059,3742,0
5059,3760,0
5054,3801,0
5045,3846,0
5046,3887,0
5050,3900,0
5055,3906,0
5064,3908,0
5072,3901,0
5086,3885,0
5098,3860,0
5114,3830,0
5129,3797,0
5137,3781,0
5137,3782,0
5139,3791,0
5137,3817,0
5142,3853,0
5142,3889,0
5144,3910,0
5154,3918,1
5250,3744,0
5249,3744,0
5245,3749,0
5245,3773,0
5246,3802,0
5248,3836,0
5255,3865,0
5257,3881,0
5255,3883,0
5254,3884,0
5253,3880,0
5248,3861,0
5249,3824,0
5255,3774,0
5269,3732,0
5275,3714,0
5278,3710,1
5435,3703,0
5427,3692,0
5421,3689,0
5417,3687,0
5413,3691,0
5400,3707,0
5383,3740,0
5365,3774,0
5354,3812,0
5350,3834,0
5356,3847,0
5366,3854,0
5373,3851,0
5390,3844,0
5407,3824,0
5426,3788,0
5446,3745,1
5484,3621,0
5483,3609,0
5484,3609,0
5485,3613,0
5475,3633,0
5469,3679,0
5462,3732,0
5465,3779,0
5476,3810,0
5487,3829,0
5497,3841,0
5512,3848,0
5525,3844,0
5545,3833,0
5565,3802,0
5586,3764,0
5602,3723,0
5611,3692,0
5607,3677,0
5610,3682,0
5610,3682,0
5608,3703,0
5598,3742,0
5596,3789,0
5591,3826,0
5606,3860,0
5616,3867,0
5635,3869,0
5657,3860,0
5680,3839,0
5704,3808,0
5730,3769,1
5760,3696,0
5762,3694,0
5762,3699,0
5759,3724,0
5757,3765,0
5752,3805,0
5755,3839,0
5758,3849,0
5762,3851,0
5769,3848,0
5774,3835,0
5786,3807,0
5804,3771,0
5822,3726,0
5844,3691,0
5853,3678,0
5861,3682,0
5860,3689,0
5871,3715,0
5876,3754,0
5883,3805,0
5887,3846,0
5898,3877,0
5908,3897,0
5915,3909,0
5915,3907,0
5919,3904,0
5915,3889,1