&quot;Having said her say Peggy
556
893,3127,0
892,3123,0
892,3123,0
892,3123,0
892,3131,0
894,3159,0
897,3199,0
902,3247,0
907,3276,1
946,3105,0
945,3102,0
945,3102,0
946,3105,0
945,3106,0
945,3106,0
946,3110,0
946,3110,0
945,3117,0
946,3134,0
948,3165,0
950,3194,0
954,3230,1
1107,3112,0
1105,3108,0
1104,3109,0
1104,3109,0
1106,3112,0
1110,3128,0
1115,3164,0
1122,3208,0
1128,3264,0
1134,3328,0
1141,3392,0
1150,3448,0
1157,3491,0
1163,3524,0
1167,3539,0
1167,3539,0
1167,3531,1
1211,3114,0
1211,3129,0
1212,3162,0
1213,3202,0
1215,3258,0
1219,3326,0
1223,3382,0
1229,3429,0
1236,3465,0
1240,3481,0
1241,3481,0
1241,3481,0
1235,3469,1
1136,3352,0
1139,3356,0
1144,3351,0
1161,3347,0
1187,3343,0
1220,3337,0
1254,3328,0
1285,3314,1
1410,3255,0
1404,3260,0
1386,3274,0
1366,3308,0
1345,3350,0
1325,3395,0
1315,3428,0
1312,3436,0
1317,3440,0
1327,3436,0
1345,3414,0
1368,3388,0
1388,3358,0
1409,3336,0
1422,3318,0
1429,3317,0
1434,3329,0
1437,3344,0
1442,3376,1
1444,3404,0
1452,3436,0
1463,3458,0
1476,3469,0
1488,3463,0
1500,3454,1
1561,3267,0
1562,3276,0
1563,3291,0
1570,3327,0
1578,3366,0
1588,3405,0
1601,3443,0
1614,3465,0
1623,3472,0
1624,3468,0
1628,3467,0
1631,3446,0
1635,3401,0
1643,3356,0
1647,3305,0
1650,3281,0
1651,3273,0
1650,3268,0
1653,3272,0
1657,3275,0
1667,3278,1
1759,3230,0
1759,3230,0
1761,3234,0
1763,3254,0
1763,3287,0
1761,3328,0
1761,3377,0
1756,3411,0
1757,3423,0
1759,3426,0
1761,3430,0
1761,3422,1
1762,3103,0
1763,3102,0
1766,3105,0
1772,3108,0
1778,3110,1
1851,3241,0
1850,3241,0
1851,3245,0
1850,3270,0
1845,3304,0
1840,3347,0
1834,3385,0
1832,3410,0
1833,3419,0
1836,3418,0
1845,3416,0
1857,3396,0
1877,3362,1
1944,3267,0
1945,3270,0
1952,3293,0
1952,3322,0
1952,3359,0
1956,3400,0
1964,3423,0
1973,3433,1
2137,3264,0
2135,3257,0
2134,3254,0
2126,3247,0
2117,3255,0
2096,3274,0
2073,3312,0
2052,3343,0
2042,3363,0
2043,3363,0
2050,3361,0
2068,3355,0
2091,3335,0
2111,3312,0
2135,3296,0
2149,3278,0
2158,3284,0
2161,3291,0
2162,3307,0
2162,3337,0
2165,3378,0
2164,3416,0
2166,3462,0
2166,3504,0
2163,3543,0
2157,3574,0
2152,3604,0
2141,3617,0
2135,3619,0
2131,3616,0
2123,3606,0
2112,3576,0
2106,3548,1
2486,3278,0
2475,3265,0
2463,3253,0
2456,3252,0
2441,3245,0
2429,3246,0
2419,3259,0
2410,3276,0
2405,3291,0
2414,3305,0
2428,3320,0
2446,3335,0
2463,3345,0
2483,3361,0
2496,3378,0
2500,3398,0
2499,3416,0
2487,3426,0
2468,3434,0
2448,3438,0
2429,3437,0
2410,3427,0
2400,3419,0
2397,3402,0
2403,3378,1
2619,3223,0
2623,3226,0
2621,3222,0
2620,3222,0
2617,3223,0
2607,3229,0
2589,3247,0
2566,3276,0
2550,3314,0
2538,3346,0
2538,3368,0
2543,3379,0
2554,3382,0
2564,3378,0
2581,3366,0
2598,3339,0
2616,3313,0
2630,3280,0
2641,3252,0
2647,3245,0
2646,3245,0
2643,3251,0
2640,3279,0
2637,3312,0
2637,3343,0
2648,3369,0
2663,3379,0
2683,3379,0
2707,3370,0
2730,3351,0
2755,3328,0
2772,3291,0
2794,3261,0
2808,3240,0
2811,3239,0
2812,3242,0
2811,3247,0
2813,3274,0
2811,3307,0
2813,3343,0
2813,3366,0
2820,3380,0
2823,3382,0
2824,3377,0
2825,3363,1
2799,3125,0
2798,3122,0
2796,3117,0
2800,3115,0
2809,3115,1
2941,3199,0
2939,3199,0
2934,3199,0
2928,3198,0
2923,3210,0
2909,3233,0
2893,3260,0
2882,3295,0
2874,3327,0
2871,3346,0
2878,3361,0
2886,3366,0
2895,3361,0
2912,3346,0
2926,3310,0
2946,3270,0
2961,3214,1
2988,3074,0
2986,3066,0
2986,3066,0
2986,3066,0
2986,3081,0
2987,3117,0
2986,3161,0
2987,3209,0
2990,3249,0
2999,3281,0
3011,3311,0
3023,3332,1
3256,3007,0
3258,3011,0
3259,3014,0
3259,3035,0
3260,3069,0
3262,3107,0
3273,3164,0
3284,3235,0
3305,3309,0
3318,3348,0
3327,3356,0
3332,3358,0
3334,3351,0
3338,3334,0
3340,3298,0
3350,3261,0
3363,3226,0
3377,3206,0
3387,3199,0
3393,3199,0
3397,3206,0
3399,3224,0
3410,3256,0
3415,3282,0
3428,3308,0
3442,3323,0
3456,3327,0
3470,3322,0
3489,3312,0
3508,3293,0
3523,3264,0
3539,3231,0
3551,3191,0
3559,3154,0
3556,3141,0
3556,3141,0
3551,3145,0
3540,3164,0
3533,3195,0
3527,3230,0
3527,3271,0
3532,3304,0
3544,3325,0
3559,3339,0
3573,3344,0
3588,3341,0
3605,3332,0
3625,3317,0
3640,3295,1
3659,3147,0
3659,3147,0
3664,3165,0
3662,3198,0
3665,3232,0
3673,3267,0
3679,3293,0
3684,3310,0
3684,3315,0
3684,3314,0
3682,3310,0
3682,3301,0
3678,3262,0
3679,3209,0
3688,3159,0
3702,3131,0
3708,3126,0
3712,3122,0
3723,3123,0
3738,3126,1
4097,3124,0
4087,3106,0
4076,3089,0
4065,3078,0
4049,3071,0
4041,3074,0
4032,3078,0
4024,3091,0
4022,3105,0
4028,3122,0
4038,3140,0
4050,3162,0
4067,3185,0
4088,3209,0
4104,3232,0
4118,3252,0
4121,3270,0
4119,3284,0
4110,3293,0
4093,3298,0
4072,3303,0
4046,3298,0
4032,3291,0
4023,3276,0
4022,3251,1
4216,3082,0
4217,3081,0
4213,3079,0
4206,3081,0
4194,3088,0
4174,3108,0
4155,3146,0
4137,3188,0
4129,3230,0
4130,3252,0
4140,3264,0
4151,3270,0
4164,3268,0
4181,3257,0
4200,3238,0
4217,3214,0
4229,3185,0
4242,3159,0
4244,3152,0
4244,3152,0
4246,3161,0
4247,3182,0
4255,3210,0
4268,3236,0
4278,3255,1
4333,3103,0
4328,3101,0
4331,3115,0
4334,3136,0
4339,3156,1
4474,3093,0
4474,3093,0
4473,3093,0
4473,3101,0
4463,3117,0
4450,3145,0
4438,3182,0
4420,3226,0
4405,3272,0
4396,3316,0
4390,3352,0
4387,3383,0
4389,3404,0
4389,3417,0
4391,3426,0
4389,3422,0
4398,3418,1
4744,2944,1
4745,2956,0
4746,2981,0
4745,3016,0
4746,3059,0
4755,3111,0
4761,3155,0
4771,3194,0
4777,3223,0
4784,3247,0
4782,3255,0
4781,3257,0
4782,3256,0
4781,3251,0
4777,3230,0
4768,3190,0
4770,3144,0
4767,3091,0
4771,3040,0
4774,2991,0
4784,2951,0
4794,2924,0
4806,2908,0
4814,2902,0
4825,2902,0
4838,2912,0
4848,2931,0
4853,2958,0
4851,2989,0
4841,3007,0
4831,3021,0
4820,3030,0
4805,3036,0
4789,3036,0
4783,3038,0
4773,3031,0
4768,3018,1
4900,3225,0
4903,3223,0
4910,3212,0
4927,3186,0
4945,3149,1
4948,3052,0
4931,3062,0
4915,3083,0
4895,3115,0
4884,3155,0
4879,3187,0
4888,3208,0
4898,3221,0
4917,3230,0
4939,3234,0
4960,3228,0
4982,3218,1
5122,3051,0
5107,3051,0
5090,3061,0
5069,3083,0
5061,3108,0
5059,3117,0
5062,3120,0
5073,3119,0
5086,3107,0
5099,3097,0
5110,3088,0
5118,3076,0
5122,3073,0
5123,3077,0
5128,3091,0
5129,3116,0
5128,3146,0
5131,3181,0
5137,3221,0
5144,3264,0
5151,3306,1
5151,3462,0
5144,3458,0
5134,3445,0
5124,3413,0
5118,3369,0
5119,3323,0
5121,3287,0
5122,3259,1
5277,3068,0
5279,3057,0
5283,3045,0
5284,3035,0
5281,3032,0
5276,3033,0
5257,3047,0
5235,3071,0
5216,3092,0
5209,3109,0
5210,3120,0
5216,3126,0
5229,3128,0
5248,3124,0
5264,3113,0
5284,3098,0
5303,3078,1
5320,3045,0
5320,3047,0
5323,3050,0
5319,3062,0
5319,3083,0
5320,3110,0
5319,3140,0
5325,3179,0
5331,3218,0
5344,3262,0
5354,3296,1
5351,3349,0
5341,3349,0
5335,3349,0
5322,3341,0
5315,3329,0
5308,3313,0
5305,3296,0
5303,3277,0
5308,3257,1
5393,3016,0
5396,3019,0
5396,3033,0
5402,3054,0
5418,3072,1
5547,2991,0
5547,2993,0
5540,3003,0
5525,3033,0
5511,3070,0
5499,3117,0
5487,3164,0
5482,3206,0
5472,3234,1