on you to succeed
345
513,1645,0
529,1659,0
493,1654,0
453,1655,0
413,1650,0
374,1587,0
328,1681,0
251,1709,0
232,1735,0
262,1786,0
263,1814,0
276,1843,0
306,1852,0
346,1874,0
358,1892,0
438,1903,0
485,1902,0
526,1899,0
513,1861,0
586,1850,0
603,1821,0
610,1790,0
605,1756,0
592,1739,0
570,1715,1
657,1725,0
656,1741,0
660,1763,0
663,1780,0
668,1802,0
670,1819,0
663,1833,0
664,1842,0
664,1842,0
668,1839,0
704,1836,0
668,1811,0
672,1799,0
687,1782,0
709,1766,0
738,1753,0
815,1743,0
849,1736,0
885,1733,0
921,1737,0
954,1744,0
985,1759,0
1015,1780,0
1042,1804,0
1065,1829,0
1085,1853,0
1100,1869,0
1115,1884,0
1130,1892,1
1986,1660,0
1977,1679,0
1968,1708,0
1954,1743,0
1933,1782,0
1920,1833,0
1903,1886,0
1894,1943,0
1891,2006,0
1892,2066,0
1893,2118,0
1896,2164,0
1895,2195,1
1751,1657,0
1766,1672,0
1780,1687,0
1807,1715,0
1831,1739,0
1861,1769,0
1881,1790,0
1903,1814,0
1923,1836,1
2147,1688,0
2121,1696,0
2101,1710,0
2083,1727,0
2074,1746,0
2075,1769,0
2080,1789,0
2099,1811,0
2120,1826,0
2156,1841,0
2193,1846,0
2234,1847,0
2270,1836,0
2297,1816,0
2311,1792,0
2312,1765,0
2301,1737,1
2449,1655,0
2451,1669,0
2448,1689,0
2446,1711,0
2449,1735,0
2458,1759,0
2467,1778,0
2484,1795,0
2495,1802,0
2507,1802,0
2524,1797,0
2540,1783,0
2555,1763,0
2567,1742,0
2577,1721,0
2590,1709,0
2598,1701,0
2604,1701,0
2613,1709,0
2622,1727,0
2637,1753,0
2657,1783,0
2684,1813,0
2709,1839,0
2735,1858,0
2762,1871,0
2784,1872,0
2803,1863,0
2825,1852,1
3537,1626,0
3545,1643,0
3549,1667,0
3554,1698,0
3559,1736,0
3564,1780,0
3576,1827,0
3583,1874,0
3587,1918,0
3592,1958,0
3602,1993,0
3597,2013,0
3583,2025,1
3349,1769,1
3381,1758,0
3411,1756,0
3446,1755,0
3490,1754,0
3542,1755,0
3590,1754,0
3646,1754,0
3697,1756,1
3880,1761,0
3856,1762,0
3838,1769,0
3813,1780,0
3794,1796,0
3783,1816,0
3773,1838,0
3776,1863,0
3785,1886,0
3801,1906,0
3825,1922,0
3848,1928,0
3877,1929,0
3903,1918,0
3929,1899,0
3952,1874,0
3964,1848,0
3967,1826,0
3951,1806,0
3935,1792,0
3918,1782,1
4703,1689,0
4677,1688,0
4656,1688,0
4626,1695,0
4606,1703,0
4591,1714,0
4587,1724,0
4599,1737,0
4623,1751,0
4657,1766,0
4693,1782,0
4732,1802,0
4759,1821,0
4777,1840,0
4782,1857,0
4775,1873,0
4751,1886,0
4712,1893,0
4660,1891,0
4603,1881,0
4543,1865,0
4487,1845,0
4439,1824,0
4399,1797,0
4385,1772,0
4384,1744,0
4397,1719,0
4420,1698,0
4452,1684,1
4833,1677,0
4838,1686,0
4840,1703,0
4844,1725,0
4845,1744,0
4850,1763,0
4863,1783,0
4878,1800,0
4898,1812,0
4913,1816,0
4933,1812,0
4951,1801,0
4964,1781,0
4977,1759,0
4993,1741,0
4998,1727,0
5004,1724,0
5006,1727,0
5006,1739,0
5016,1761,0
5027,1785,0
5039,1807,0
5060,1829,0
5080,1845,0
5105,1856,0
5133,1861,0
5156,1860,0
5168,1850,0
5170,1837,1
5341,1629,0
5318,1633,0
5293,1636,0
5263,1646,0
5237,1662,0
5221,1683,0
5204,1703,0
5196,1726,0
5203,1753,0
5224,1776,0
5250,1798,0
5286,1816,0
5320,1826,0
5352,1831,0
5388,1829,0
5421,1820,0
5455,1811,1
5695,1644,1
5606,1645,0
5583,1653,0
5565,1667,0
5547,1684,0
5540,1706,0
5544,1730,0
5557,1752,0
5585,1781,0
5619,1804,0
5659,1824,0
5700,1838,0
5737,1844,0
5777,1839,0
5803,1825,0
5828,1802,0
5844,1781,1
5892,1696,0
5902,1692,0
5920,1689,0
5942,1687,0
5968,1681,0
5991,1676,0
6017,1669,0
6036,1652,0
6044,1640,0
6044,1625,0
6031,1611,0
6013,1602,0
5993,1601,0
5965,1609,0
5946,1615,0
5920,1633,0
5904,1660,0
5899,1691,0
5896,1723,0
5909,1750,0
5928,1780,0
5943,1800,0
5969,1821,0
6004,1831,0
6040,1836,0
6075,1833,0
6112,1824,0
6143,1806,0
6169,1790,1
6199,1734,1
6239,1725,0
6259,1718,0
6280,1712,0
6300,1702,0
6320,1691,0
6341,1680,0
6353,1667,0
6355,1657,0
6354,1647,0
6347,1641,0
6331,1637,0
6314,1640,0
6287,1648,0
6271,1662,0
6249,1677,0
6235,1696,0
6220,1720,0
6219,1751,0
6227,1779,0
6245,1801,0
6276,1822,0
6308,1840,0
6353,1855,0
6397,1864,1
6683,1686,0
6658,1671,0
6628,1660,0
6589,1650,0
6551,1652,0
6517,1658,0
6484,1672,0
6454,1689,0
6439,1712,0
6435,1743,0
6434,1771,0
6450,1802,0
6466,1833,0
6492,1857,0
6521,1872,0
6555,1883,0
6589,1881,0
6613,1868,0
6645,1848,0
6669,1824,0
6690,1795,1
6695,1544,0
6694,1563,0
6698,1585,0
6701,1616,0
6705,1652,0
6715,1690,0
6724,1721,0
6732,1751,0
6743,1784,0
6760,1814,0
6769,1837,0
6781,1853,0
6790,1867,1