sir.&quot; You sound hoarse, Fred. Calm
547
1044,2089,0
1016,2084,0
992,2095,0
967,2097,0
948,2101,0
940,2108,0
938,2108,0
948,2120,0
972,2125,0
1006,2123,0
1044,2128,0
1076,2140,0
1096,2152,0
1103,2161,0
1102,2169,0
1092,2181,0
1068,2197,0
1032,2216,0
991,2231,0
948,2241,0
916,2251,0
899,2249,0
930,2252,0
933,2240,0
914,2215,1
1172,2059,0
1168,2059,0
1172,2075,0
1175,2099,0
1180,2126,0
1185,2154,0
1186,2170,0
1182,2186,0
1177,2190,1
1141,1980,0
1129,1972,0
1131,1976,0
1134,1980,0
1147,1995,1
1312,2179,0
1300,2173,0
1286,2158,0
1270,2140,0
1258,2121,0
1251,2109,0
1247,2098,0
1249,2086,0
1260,2072,0
1281,2058,0
1317,2054,0
1352,2045,0
1384,2048,1
1440,2149,0
1430,2146,0
1430,2146,0
1432,2146,0
1434,2145,0
1433,2141,0
1437,2141,0
1445,2135,0
1461,2120,1
1620,1882,0
1620,1886,0
1619,1890,0
1620,1911,0
1620,1928,0
1621,1944,0
1619,1954,0
1618,1957,0
1621,1953,1
1668,1883,0
1668,1896,0
1667,1920,0
1667,1942,1
1923,1916,0
1930,1927,0
1932,1934,0
1949,1957,0
1964,1971,0
1981,1981,0
1995,1983,0
2009,1981,0
2020,1971,0
2035,1959,0
2047,1938,0
2060,1912,0
2075,1891,1
2034,2008,0
2031,2015,0
2033,2040,0
2032,2067,0
2038,2092,0
2048,2113,0
2054,2123,0
2065,2131,0
2076,2125,1
2213,1998,0
2200,1997,0
2188,2005,0
2174,2017,0
2160,2040,0
2147,2066,0
2149,2096,0
2158,2110,0
2178,2113,0
2206,2106,0
2232,2085,0
2258,2070,0
2273,2051,0
2281,2036,0
2278,2019,0
2272,2005,0
2253,1988,0
2235,1981,0
2213,1976,0
2200,1978,0
2200,1988,1
2340,1988,0
2332,1998,0
2326,2022,0
2326,2050,0
2340,2079,0
2359,2096,0
2384,2098,0
2414,2092,0
2434,2073,0
2446,2054,0
2453,2040,0
2456,2023,0
2448,1998,0
2437,1977,0
2422,1963,0
2412,1960,0
2400,1959,0
2396,1963,0
2396,1972,0
2402,1978,0
2424,1987,1
2779,1998,0
2779,1997,0
2769,1991,0
2760,1988,0
2741,1989,0
2709,1992,0
2678,2002,0
2648,2013,0
2632,2026,0
2618,2028,0
2627,2036,0
2644,2042,0
2678,2045,0
2707,2046,0
2738,2052,0
2756,2056,0
2762,2062,0
2762,2067,0
2760,2075,0
2745,2092,0
2721,2108,0
2690,2118,0
2665,2129,0
2643,2135,0
2630,2141,0
2622,2142,0
2622,2142,0
2630,2136,0
2652,2123,1
2893,2027,0
2886,2022,0
2873,2019,0
2857,2023,0
2837,2036,0
2818,2060,0
2803,2084,0
2800,2093,0
2803,2095,0
2820,2095,0
2847,2087,0
2869,2067,0
2890,2047,0
2900,2027,0
2907,2014,0
2897,1995,0
2880,1979,0
2862,1974,0
2836,1971,0
2819,1976,0
2815,1981,1
2950,1964,0
2928,1969,0
2915,1995,0
2903,2024,0
2906,2053,0
2915,2072,0
2933,2083,0
2958,2082,0
2983,2068,0
3008,2048,0
3026,2024,0
3036,2001,0
3045,1987,0
3038,1969,0
3032,1959,0
3018,1949,0
3009,1949,1
3097,2059,0
3086,2058,0
3079,2055,0
3072,2044,0
3069,2019,0
3082,1993,0
3102,1971,0
3128,1966,0
3149,1966,0
3177,1981,0
3195,1999,0
3210,2018,0
3221,2036,1
3283,1924,0
3279,1923,0
3273,1924,0
3259,1933,0
3250,1959,0
3241,1981,0
3240,1995,0
3243,1997,0
3241,1994,0
3244,1991,0
3247,1981,0
3251,1963,0
3255,1939,0
3259,1910,0
3263,1879,0
3263,1846,0
3267,1821,0
3264,1812,0
3263,1812,0
3269,1818,0
3276,1842,0
3293,1886,0
3307,1925,0
3315,1954,0
3322,1978,0
3329,2001,0
3335,2019,0
3335,2024,0
3344,2027,1
3719,1766,0
3712,1771,0
3720,1795,0
3725,1839,0
3728,1887,0
3733,1930,0
3732,1961,0
3732,1983,0
3730,1991,0
3730,1993,0
3729,1993,0
3739,1987,0
3754,1956,0
3778,1926,0
3812,1913,0
3834,1908,0
3861,1917,0
3875,1932,0
3885,1954,0
3891,1973,0
3892,1995,1
4009,1898,0
4000,1897,0
3996,1895,0
3996,1895,0
4000,1897,0
3995,1898,0
3984,1907,0
3980,1938,0
3971,1974,0
3978,2007,0
3988,2024,0
4008,2027,0
4032,2013,0
4055,1990,0
4073,1970,0
4082,1954,0
4085,1940,0
4076,1924,0
4063,1908,0
4042,1896,0
4023,1889,0
4005,1887,0
3995,1889,0
3993,1892,0
4000,1895,1
4229,1873,0
4213,1869,0
4200,1868,0
4188,1874,0
4166,1888,0
4150,1917,0
4133,1954,0
4125,1983,0
4124,1992,0
4137,1995,0
4157,1984,0
4193,1956,0
4223,1925,0
4239,1899,0
4253,1889,0
4260,1891,0
4267,1904,0
4280,1930,0
4287,1949,0
4297,1958,0
4304,1961,1
4362,1948,0
4350,1944,0
4339,1938,0
4331,1930,0
4320,1915,0
4312,1897,0
4312,1887,0
4322,1877,0
4345,1867,0
4367,1861,0
4388,1854,0
4418,1848,1
4496,1836,0
4492,1841,0
4473,1853,0
4456,1870,0
4442,1882,0
4427,1891,0
4426,1894,0
4437,1899,0
4464,1908,0
4490,1917,0
4509,1923,0
4524,1930,0
4532,1933,0
4531,1934,0
4525,1937,0
4503,1945,0
4480,1956,0
4451,1966,0
4420,1975,0
4403,1981,0
4396,1978,0
4404,1969,0
4425,1947,0
4457,1922,1
4608,1890,0
4606,1891,0
4614,1895,0
4628,1893,0
4646,1884,0
4671,1876,0
4690,1865,0
4695,1853,0
4695,1847,0
4686,1837,0
4663,1828,0
4640,1831,0
4601,1849,0
4561,1883,0
4530,1918,0
4525,1946,0
4533,1966,0
4553,1978,0
4590,1978,0
4628,1965,1
4802,1946,0
4806,1948,0
4801,1949,0
4800,1961,0
4795,1988,0
4792,2021,0
4790,2043,0
4792,2056,0
4791,2059,1
5005,1795,0
5011,1802,0
5011,1823,0
5017,1860,0
5026,1900,0
5028,1934,0
5035,1958,0
5040,1975,0
5033,1980,1
5007,1780,0
5007,1780,0
5016,1778,0
5037,1771,0
5074,1764,0
5112,1756,0
5147,1754,0
5168,1754,0
5168,1755,1
5010,1895,0
5013,1899,0
5017,1899,0
5040,1896,0
5077,1891,0
5123,1886,0
5161,1879,0
5191,1870,0
5213,1867,1
5208,1933,0
5183,1930,0
5165,1921,0
5154,1907,0
5156,1889,0
5154,1865,0
5169,1849,0
5185,1840,1
5262,1863,0
5286,1869,0
5316,1870,0
5347,1870,0
5378,1865,0
5402,1859,0
5425,1855,0
5427,1850,0
5431,1850,0
5425,1845,0
5407,1836,0
5378,1834,0
5357,1842,0
5320,1861,0
5291,1889,0
5271,1917,0
5271,1937,0
5274,1951,0
5296,1960,0
5318,1960,0
5359,1953,0
5400,1937,0
5436,1914,0
5472,1888,1
5534,1828,0
5509,1827,0
5490,1832,0
5472,1844,0
5455,1865,0
5443,1896,0
5441,1925,0
5448,1940,0
5462,1946,0
5482,1940,0
5507,1921,0
5534,1896,0
5550,1864,0
5562,1831,0
5575,1798,0
5573,1764,0
5571,1737,0
5567,1722,0
5567,1722,0
5567,1724,0
5569,1744,0
5589,1781,0
5603,1826,0
5615,1862,0
5631,1888,0
5638,1903,0
5639,1911,0
5643,1912,0
5649,1906,1
5746,1890,0
5745,1889,0
5745,1889,0
5750,1891,0
5746,1889,0
5751,1888,0
5747,1888,0
5748,1894,0
5743,1896,1
6182,1708,0
6167,1703,0
6150,1702,0
6123,1708,0
6102,1725,0
6068,1751,0
6034,1790,0
6017,1841,0
6008,1880,0
6020,1907,0
6038,1929,0
6075,1941,0
6113,1943,1
6288,1812,0
6273,1805,0
6249,1804,0
6231,1818,0
6205,1847,0
6177,1881,0
6166,1901,0
6172,1910,0
6187,1913,0
6217,1900,0
6254,1879,0
6281,1860,0
6297,1848,0
6302,1844,0
6309,1850,0
6315,1871,0
6318,1901,0
6322,1925,0
6330,1941,0
6334,1943,0
6343,1926,1
6384,1686,0
6377,1699,0
6373,1737,0
6384,1785,0
6391,1818,0
6404,1843,0
6410,1862,0
6415,1873,0
6425,1879,0
6437,1882,0
6464,1876,0
6493,1865,0
6515,1851,1
6539,1881,0
6527,1880,0
6530,1881,0
6523,1877,0
6518,1866,0
6519,1850,0
6520,1833,0
6522,1829,0
6522,1825,0
6538,1828,0
6556,1838,0
6565,1852,0
6566,1860,0
6565,1865,0
6565,1865,0
6569,1865,0
6584,1857,0
6611,1837,0
6645,1819,0
6677,1812,0
6708,1819,0
6727,1839,0
6736,1866,0
6744,1894,1