Might be hours. Might be days.
832
647,2101,0
646,2101,0
649,2098,0
653,2087,0
660,2067,0
667,2044,0
675,2017,0
680,1994,0
685,1971,0
690,1947,0
694,1931,0
697,1927,0
698,1928,0
699,1941,0
699,1973,0
695,2009,0
690,2062,0
685,2113,0
680,2157,0
677,2197,0
675,2226,0
675,2246,0
678,2258,0
678,2258,0
678,2255,0
678,2234,0
679,2193,0
685,2150,0
697,2112,0
707,2065,0
720,2026,0
733,1984,0
747,1954,0
760,1936,0
769,1930,0
779,1940,0
785,1953,0
792,1990,0
793,2031,0
790,2084,0
783,2135,0
780,2178,0
778,2210,0
778,2227,0
779,2227,0
780,2227,0
781,2215,0
784,2187,0
791,2140,0
803,2093,0
817,2051,0
832,2013,0
849,1974,0
867,1949,0
883,1930,0
895,1931,0
902,1944,0
908,1973,0
907,2009,0
904,2053,0
900,2101,0
898,2148,0
899,2184,0
903,2214,0
909,2230,0
918,2239,0
926,2235,0
936,2228,0
948,2200,0
962,2173,0
979,2142,0
994,2116,0
1006,2091,0
1015,2072,0
1023,2064,0
1025,2060,0
1026,2064,0
1025,2080,0
1023,2100,0
1019,2128,0
1015,2156,0
1013,2180,0
1016,2200,0
1023,2212,0
1030,2217,0
1039,2216,0
1050,2208,0
1064,2193,0
1085,2173,0
1106,2141,0
1131,2120,0
1157,2103,0
1179,2090,0
1197,2081,0
1210,2072,0
1218,2067,0
1220,2067,0
1218,2064,0
1217,2068,0
1210,2068,0
1201,2081,0
1187,2098,0
1174,2118,0
1163,2143,0
1160,2164,0
1160,2171,0
1168,2175,0
1178,2166,0
1192,2149,0
1208,2133,0
1225,2115,0
1240,2098,0
1246,2082,0
1251,2081,0
1251,2081,0
1249,2085,0
1251,2105,0
1249,2125,0
1246,2154,0
1244,2198,0
1240,2246,0
1237,2294,0
1235,2340,0
1234,2375,0
1229,2396,0
1223,2408,0
1218,2412,0
1210,2409,0
1201,2398,0
1195,2381,0
1194,2358,0
1200,2321,0
1214,2272,0
1235,2219,0
1261,2173,0
1286,2126,0
1312,2079,0
1339,2034,0
1362,1995,0
1377,1964,0
1384,1947,0
1385,1943,0
1378,1940,0
1375,1956,0
1368,1986,0
1363,2031,0
1353,2085,0
1348,2135,0
1345,2164,0
1350,2183,0
1354,2190,0
1360,2194,0
1362,2189,0
1368,2184,0
1377,2166,0
1391,2140,0
1406,2118,0
1419,2104,0
1427,2097,0
1433,2101,0
1435,2104,0
1439,2116,0
1442,2135,0
1443,2152,0
1445,2164,0
1452,2178,0
1459,2181,0
1467,2180,0
1477,2166,0
1491,2142,0
1509,2106,0
1531,2064,0
1550,2022,0
1563,1985,0
1578,1961,0
1586,1938,0
1594,1931,0
1597,1930,0
1596,1935,0
1597,1960,0
1594,1998,0
1585,2042,0
1577,2086,0
1572,2128,0
1565,2154,0
1567,2175,0
1568,2183,0
1568,2182,0
1568,2174,0
1566,2154,0
1564,2134,0
1564,2121,0
1565,2109,0
1565,2101,0
1570,2100,0
1577,2097,0
1584,2092,0
1597,2093,0
1600,2088,0
1605,2090,0
1604,2087,1
1074,1932,0
1071,1933,0
1072,1933,0
1076,1932,0
1083,1933,1
1885,2246,0
1896,2225,0
1913,2200,0
1939,2168,0
1966,2130,0
1986,2085,0
2007,2044,0
2022,2006,0
2038,1980,0
2041,1956,0
2043,1945,0
2044,1944,0
2041,1946,0
2038,1961,0
2029,1989,0
2024,2036,0
2010,2087,0
2003,2139,0
2003,2178,0
2010,2207,0
2021,2229,0
2026,2234,0
2034,2236,0
2039,2237,0
2038,2220,0
2045,2199,0
2048,2176,0
2048,2157,0
2041,2143,0
2036,2133,0
2034,2130,0
2033,2129,0
2032,2130,0
2041,2139,0
2051,2143,0
2067,2149,0
2084,2149,0
2104,2143,0
2131,2138,0
2148,2124,0
2164,2116,0
2170,2104,0
2170,2094,0
2164,2089,0
2157,2092,0
2142,2101,0
2125,2123,0
2112,2147,0
2107,2178,0
2107,2200,0
2120,2220,0
2133,2227,0
2152,2231,0
2171,2230,0
2192,2227,0
2213,2220,0
2228,2208,1
2481,2245,0
2488,2235,0
2506,2223,0
2529,2201,0
2544,2171,0
2572,2145,0
2596,2111,0
2620,2077,0
2640,2041,0
2653,2004,0
2666,1976,0
2656,1926,0
2651,1947,0
2639,1978,0
2625,2022,0
2621,2071,0
2610,2116,0
2613,2159,0
2615,2193,0
2620,2224,0
2626,2250,0
2628,2268,0
2635,2277,0
2637,2276,0
2644,2276,0
2647,2264,0
2654,2239,0
2665,2210,0
2678,2180,0
2690,2159,0
2694,2147,0
2698,2148,0
2700,2152,0
2701,2166,0
2703,2186,0
2708,2212,0
2713,2234,0
2722,2251,0
2734,2258,0
2748,2251,0
2776,2244,0
2800,2224,0
2823,2200,0
2853,2184,0
2880,2171,0
2895,2164,0
2901,2163,0
2905,2165,0
2905,2165,0
2904,2166,0
2902,2167,0
2894,2164,0
2882,2164,0
2866,2166,0
2860,2178,0
2851,2192,0
2847,2212,0
2847,2232,0
2852,2243,0
2863,2245,0
2878,2242,0
2890,2231,0
2904,2219,0
2913,2206,0
2921,2188,0
2925,2173,0
2933,2166,0
2938,2162,0
2946,2153,0
2958,2142,0
2973,2133,0
2983,2129,0
2991,2133,0
2999,2142,0
3002,2155,0
3006,2174,0
3006,2191,0
3006,2212,0
3006,2234,0
3011,2252,0
3020,2260,0
3032,2260,0
3048,2255,0
3064,2241,0
3084,2220,0
3103,2197,0
3117,2177,0
3130,2163,0
3141,2157,0
3146,2153,0
3152,2158,0
3153,2168,0
3154,2184,0
3153,2204,0
3152,2222,0
3158,2238,0
3163,2244,0
3173,2246,0
3187,2244,0
3196,2233,0
3211,2218,0
3222,2195,0
3238,2172,0
3250,2153,0
3254,2137,0
3259,2131,0
3258,2127,0
3261,2130,0
3260,2136,0
3259,2149,0
3255,2165,0
3252,2181,0
3250,2189,0
3252,2193,0
3252,2192,0
3255,2190,0
3256,2181,0
3261,2165,0
3265,2148,0
3271,2135,0
3276,2125,0
3277,2116,0
3283,2116,0
3288,2117,0
3295,2121,0
3305,2128,0
3316,2134,0
3337,2140,0
3354,2139,0
3375,2144,0
3394,2148,0
3407,2156,0
3419,2167,0
3420,2178,0
3418,2193,0
3411,2207,0
3399,2215,0
3392,2222,0
3381,2223,0
3373,2220,0
3369,2218,0
3367,2215,0
3365,2211,0
3366,2210,0
3369,2207,1
3596,2199,0
3592,2197,0
3592,2198,0
3595,2200,0
3591,2204,0
3592,2210,0
3595,2213,0
3593,2209,0
3592,2203,1
3891,2235,0
3889,2217,0
3892,2193,0
3904,2162,0
3911,2124,0
3931,2087,0
3940,2044,0
3951,2007,0
3961,1976,0
3964,1949,0
3967,1935,0
3970,1931,0
3969,1932,0
3969,1948,0
3962,1981,0
3959,2031,0
3951,2086,0
3941,2137,0
3933,2185,0
3926,2227,0
3924,2257,0
3924,2271,0
3923,2273,0
3925,2270,0
3923,2260,0
3925,2229,0
3928,2184,0
3940,2137,0
3954,2089,0
3969,2043,0
3978,2000,0
3993,1968,0
4007,1946,0
4015,1935,0
4018,1935,0
4028,1951,0
4034,1978,0
4032,2014,0
4033,2063,0
4024,2115,0
4012,2161,0
4011,2197,0
4010,2221,0
4007,2231,0
4010,2233,0
4012,2231,0
4009,2215,0
4020,2186,0
4032,2145,0
4047,2100,0
4065,2058,0
4081,2017,0
4096,1985,0
4110,1962,0
4121,1952,0
4124,1954,0
4130,1968,0
4131,1996,0
4126,2036,0
4119,2084,0
4109,2137,0
4102,2178,0
4106,2214,0
4110,2236,0
4121,2250,0
4133,2253,0
4142,2247,0
4156,2233,0
4174,2206,0
4192,2171,0
4210,2143,0
4222,2123,0
4231,2110,0
4230,2102,0
4227,2101,0
4225,2104,0
4225,2121,0
4217,2146,0
4212,2177,0
4208,2205,0
4212,2229,0
4217,2243,0
4228,2247,0
4239,2244,0
4260,2236,0
4281,2218,0
4312,2191,0
4348,2162,0
4377,2139,0
4401,2129,0
4418,2125,0
4432,2124,0
4439,2120,0
4439,2119,0
4435,2119,0
4434,2121,0
4423,2123,0
4404,2132,0
4384,2149,0
4369,2167,0
4362,2187,0
4359,2200,0
4363,2207,0
4374,2205,0
4390,2194,0
4410,2177,0
4427,2157,0
4443,2137,0
4455,2123,0
4459,2116,0
4459,2116,0
4458,2119,0
4455,2132,0
4451,2154,0
4451,2187,0
4446,2226,0
4437,2272,0
4439,2318,0
4436,2355,0
4433,2380,0
4432,2396,0
4429,2401,0
4423,2403,0
4417,2398,0
4414,2393,0
4406,2377,0
4406,2355,0
4408,2323,0
4419,2284,0
4432,2239,0
4454,2197,0
4479,2154,0
4505,2108,0
4527,2061,0
4553,2022,0
4570,1990,0
4580,1970,0
4584,1964,0
4583,1966,0
4579,1973,0
4578,2000,0
4572,2039,0
4568,2087,0
4567,2130,0
4565,2159,0
4566,2179,0
4570,2189,0
4574,2190,0
4579,2190,0
4582,2185,0
4596,2169,0
4610,2144,0
4631,2121,0
4641,2111,0
4646,2111,0
4644,2113,0
4648,2124,0
4652,2141,0
4659,2162,0
4658,2181,0
4664,2195,0
4669,2202,0
4673,2202,0
4681,2198,0
4693,2184,0
4710,2162,0
4727,2130,0
4740,2096,0
4759,2026,0
4770,1994,0
4777,1969,0
4792,1957,0
4794,1954,0
4793,1955,0
4791,1968,0
4787,1996,0
4781,2035,0
4770,2081,0
4763,2129,0
4753,2173,0
4755,2204,0
4753,2222,0
4757,2233,0
4760,2234,0
4758,2230,0
4758,2215,0
4758,2198,0
4760,2186,0
4765,2176,0
4770,2167,0
4781,2164,0
4788,2159,0
4801,2159,0
4811,2157,0
4816,2157,0
4818,2153,1
4273,2016,0
4269,2014,0
4269,2014,0
4281,2017,0
4300,2017,1
5025,2244,0
5039,2225,0
5058,2196,0
5085,2161,0
5118,2121,0
5144,2075,0
5160,2031,0
5174,1990,0
5182,1954,0
5184,1927,0
5182,1913,0
5179,1908,0
5172,1914,0
5166,1938,0
5152,1979,0
5146,2034,0
5137,2089,0
5137,2135,0
5142,2170,0
5151,2196,0
5158,2212,0
5170,2222,0
5172,2218,0
5180,2210,0
5195,2191,0
5201,2169,0
5201,2149,0
5198,2137,0
5198,2130,0
5190,2126,0
5190,2126,0
5197,2131,0
5203,2137,0
5209,2141,0
5224,2141,0
5239,2135,0
5257,2125,0
5276,2114,0
5290,2101,0
5299,2092,0
5301,2087,0
5299,2082,0
5295,2082,0
5284,2086,0
5273,2101,0
5265,2126,0
5259,2151,0
5259,2176,0
5272,2198,0
5284,2210,0
5302,2217,0
5324,2217,0
5349,2212,0
5373,2199,0
5400,2178,0
5427,2158,0
5453,2149,1
5750,2130,0
5746,2118,0
5738,2106,0
5737,2099,0
5726,2092,0
5714,2090,0
5695,2094,0
5672,2106,0
5651,2128,0
5630,2156,0
5614,2183,0
5605,2210,0
5608,2234,0
5614,2248,0
5622,2250,0
5637,2246,0
5656,2234,0
5677,2216,0
5701,2192,0
5723,2162,0
5743,2125,0
5759,2086,0
5776,2053,0
5781,2022,0
5786,1995,0
5791,1976,0
5791,1963,0
5792,1960,0
5787,1962,0
5781,1976,0
5775,2004,0
5766,2038,0
5764,2076,0
5759,2116,0
5765,2154,0
5766,2183,0
5774,2206,0
5781,2219,0
5792,2224,0
5805,2224,0
5819,2212,0
5871,2172,0
5906,2150,0
5929,2135,0
5947,2123,0
5971,2116,0
5986,2111,0
5997,2106,0
6002,2105,0
6002,2105,0
6001,2106,0
5991,2108,0
5972,2115,0
5950,2126,0
5928,2138,0
5912,2157,0
5900,2174,0
5889,2191,0
5886,2208,0
5898,2220,0
5907,2221,0
5925,2219,0
5946,2209,0
5966,2192,0
5990,2178,0
6007,2157,0
6020,2135,0
6028,2124,0
6032,2116,0
6028,2114,0
6027,2115,0
6027,2117,0
6021,2131,0
6015,2147,0
6008,2164,0
6005,2181,0
6013,2194,0
6020,2198,0
6031,2203,0
6041,2200,0
6052,2193,0
6071,2182,0
6090,2166,0
6105,2147,0
6119,2132,0
6126,2117,0
6131,2105,0
6138,2098,0
6138,2096,0
6133,2098,0
6131,2105,0
6129,2119,0
6119,2134,0
6116,2150,0
6116,2162,0
6122,2170,0
6133,2175,0
6142,2174,0
6153,2169,0
6166,2157,0
6180,2142,0
6194,2128,0
6205,2113,0
6214,2098,0
6222,2090,0
6224,2082,0
6229,2082,0
6225,2081,0
6226,2089,0
6225,2104,0
6225,2127,0
6223,2154,0
6219,2185,0
6220,2218,0
6218,2254,0
6214,2285,0
6215,2314,0
6214,2335,0
6211,2352,0
6210,2364,0
6205,2369,0
6204,2369,0
6194,2363,0
6190,2352,0
6184,2336,0
6182,2309,0
6186,2280,0
6198,2250,0
6210,2221,0
6226,2190,0
6246,2161,0
6268,2135,0
6293,2115,0
6315,2101,0
6334,2095,0
6350,2099,0
6366,2103,0
6375,2113,0
6378,2129,0
6368,2142,0
6358,2159,0
6346,2170,0
6334,2176,0
6329,2180,0
6321,2176,0
6319,2173,0
6316,2169,0
6318,2164,1
6432,2141,0
6432,2141,0
6436,2143,0
6435,2145,0
6435,2147,0
6438,2149,0
6438,2149,0
6442,2152,0
6442,2152,1