&quot;he said, giving me one of
492
328,3329,0
325,3341,0
321,3364,0
316,3392,0
309,3431,1
386,3342,0
383,3346,0
380,3365,0
374,3392,0
366,3432,1
485,3378,0
483,3386,0
484,3394,0
483,3423,0
481,3450,0
477,3478,0
470,3522,0
463,3565,0
453,3612,0
444,3655,0
439,3679,0
439,3699,0
443,3699,0
451,3697,0
461,3682,0
475,3657,0
494,3627,0
512,3610,0
530,3593,0
544,3587,0
556,3589,0
565,3598,0
569,3623,0
566,3651,0
561,3674,0
557,3698,0
557,3714,0
560,3715,0
569,3713,1
627,3703,0
624,3711,0
628,3712,0
639,3710,0
656,3696,0
676,3674,0
693,3651,0
706,3633,0
713,3621,0
715,3609,0
712,3597,0
704,3596,0
690,3599,0
670,3609,0
651,3631,0
639,3658,0
637,3681,0
645,3706,0
664,3720,0
692,3723,1
1163,3496,0
1147,3500,0
1131,3504,0
1115,3505,0
1103,3517,0
1091,3529,0
1083,3544,0
1081,3561,0
1085,3577,0
1098,3584,0
1122,3600,0
1145,3608,0
1167,3615,0
1184,3624,0
1193,3631,0
1195,3643,0
1184,3651,0
1163,3667,0
1132,3676,0
1104,3689,0
1076,3692,0
1059,3693,0
1051,3692,0
1053,3684,0
1069,3672,1
1329,3551,0
1329,3547,0
1325,3544,0
1317,3549,0
1302,3553,0
1279,3567,0
1254,3588,0
1234,3617,0
1220,3645,0
1217,3666,0
1225,3682,0
1240,3685,0
1264,3679,0
1290,3662,0
1317,3645,0
1341,3619,0
1359,3593,0
1372,3572,0
1377,3568,0
1377,3563,0
1375,3564,0
1369,3572,0
1360,3593,0
1353,3618,0
1348,3646,0
1348,3667,0
1357,3686,0
1370,3693,0
1389,3691,0
1410,3685,0
1430,3663,0
1450,3641,0
1469,3619,0
1482,3593,0
1490,3584,0
1490,3580,0
1488,3580,0
1486,3588,0
1481,3605,0
1479,3626,0
1482,3650,0
1489,3668,0
1497,3676,0
1503,3671,0
1510,3650,1
1483,3387,0
1481,3384,0
1483,3383,0
1488,3391,0
1493,3402,1
1679,3580,0
1680,3572,0
1674,3561,0
1669,3558,0
1657,3555,0
1642,3558,0
1628,3573,0
1614,3587,0
1604,3613,0
1594,3635,0
1592,3659,0
1596,3679,0
1602,3682,0
1611,3680,0
1626,3674,0
1643,3655,0
1679,3588,0
1696,3549,0
1708,3501,0
1720,3462,0
1727,3428,0
1729,3396,0
1734,3375,0
1739,3366,0
1739,3361,0
1736,3362,0
1733,3375,0
1731,3404,0
1725,3446,0
1718,3491,0
1715,3545,0
1716,3598,0
1722,3638,0
1734,3676,0
1751,3697,0
1770,3714,1
1927,3659,0
1925,3672,0
1922,3698,0
1912,3729,0
1899,3764,1
2362,3622,0
2354,3617,0
2345,3615,0
2334,3615,0
2320,3617,0
2302,3627,0
2278,3644,0
2260,3671,0
2250,3699,0
2244,3715,0
2248,3721,0
2261,3726,0
2277,3711,0
2303,3699,0
2328,3672,0
2356,3650,0
2377,3621,0
2396,3609,0
2406,3601,0
2410,3600,0
2412,3607,0
2415,3628,0
2415,3653,0
2414,3688,0
2410,3724,0
2406,3764,0
2399,3805,0
2389,3843,0
2381,3880,0
2371,3899,0
2364,3911,0
2363,3914,0
2360,3903,0
2360,3877,0
2364,3842,0
2377,3804,0
2393,3764,0
2416,3730,0
2441,3695,0
2473,3670,0
2502,3645,0
2531,3633,0
2553,3628,0
2572,3633,0
2582,3645,0
2586,3665,0
2583,3684,0
2581,3711,0
2577,3727,0
2576,3735,0
2572,3733,0
2571,3720,0
2574,3701,1
2567,3448,1
2656,3608,0
2658,3617,0
2663,3636,0
2668,3655,0
2676,3679,0
2680,3703,0
2686,3727,0
2692,3746,0
2702,3759,0
2714,3767,0
2723,3768,0
2731,3759,0
2738,3743,0
2745,3721,0
2754,3696,0
2762,3674,0
2768,3658,1
2818,3687,0
2822,3703,0
2826,3718,0
2832,3738,0
2835,3754,1
2813,3542,0
2806,3522,0
2805,3505,0
2805,3492,0
2808,3485,1
2899,3650,0
2900,3650,0
2906,3655,0
2907,3659,0
2912,3674,0
2913,3692,0
2913,3711,0
2912,3725,0
2913,3733,1
2926,3735,0
2936,3726,0
2948,3710,0
2959,3686,0
2975,3668,0
2989,3647,0
3003,3639,0
3015,3633,0
3025,3631,0
3033,3646,0
3037,3662,0
3037,3689,0
3037,3713,0
3037,3730,0
3045,3740,0
3059,3741,1
3198,3618,0
3196,3600,0
3188,3591,0
3175,3586,0
3158,3591,0
3138,3603,0
3122,3622,0
3110,3652,0
3105,3669,0
3110,3689,0
3121,3696,0
3141,3694,0
3162,3691,0
3186,3672,0
3210,3658,0
3232,3639,0
3246,3631,0
3252,3628,0
3255,3631,0
3257,3643,0
3255,3662,0
3257,3694,0
3259,3731,0
3254,3771,0
3250,3816,0
3247,3860,0
3245,3902,0
3238,3939,0
3230,3966,0
3220,3981,0
3211,3986,0
3207,3983,0
3199,3978,0
3194,3954,0
3197,3935,0
3212,3902,0
3240,3863,0
3277,3819,0
3311,3783,0
3337,3753,1
3893,3630,0
3895,3643,0
3901,3660,0
3909,3689,0
3914,3711,0
3918,3737,0
3920,3752,0
3921,3766,0
3925,3769,0
3930,3770,0
3933,3756,0
3944,3743,0
3952,3711,0
3968,3688,0
3982,3655,0
4002,3638,0
4021,3622,0
4032,3612,0
4050,3619,0
4058,3633,0
4061,3657,0
4056,3682,0
4052,3706,0
4055,3724,0
4058,3732,0
4070,3733,0
4084,3726,0
4104,3709,0
4126,3685,0
4155,3665,0
4173,3650,0
4190,3644,0
4201,3645,0
4208,3655,0
4211,3674,0
4213,3699,0
4213,3720,1
4315,3737,0
4316,3735,0
4321,3730,0
4337,3722,0
4353,3701,0
4371,3679,0
4384,3657,0
4393,3636,0
4391,3622,0
4389,3614,0
4379,3607,0
4369,3609,0
4348,3619,0
4332,3639,0
4317,3664,0
4317,3696,0
4326,3727,0
4348,3751,0
4384,3766,0
4418,3767,0
4459,3755,1
4835,3614,0
4833,3610,0
4831,3607,0
4821,3600,0
4806,3604,0
4782,3612,0
4763,3632,0
4755,3658,0
4753,3685,0
4758,3708,0
4774,3726,0
4796,3738,0
4817,3738,0
4842,3730,0
4868,3714,0
4891,3689,0
4907,3660,0
4909,3633,0
4907,3619,0
4896,3607,0
4876,3599,1
4988,3587,0
4990,3590,0
4991,3602,0
4992,3620,0
4990,3645,0
4993,3672,0
4994,3695,0
5002,3710,0
5011,3718,0
5020,3713,0
5035,3703,0
5050,3681,0
5072,3655,0
5093,3632,0
5108,3619,0
5124,3614,0
5132,3610,0
5144,3620,0
5154,3633,0
5156,3655,0
5156,3675,0
5161,3699,0
5164,3713,0
5176,3724,0
5192,3730,0
5209,3730,0
5233,3725,0
5262,3716,0
5286,3706,0
5310,3696,0
5332,3683,0
5349,3668,0
5359,3650,0
5362,3640,0
5359,3632,0
5352,3627,0
5338,3626,0
5323,3636,0
5318,3655,0
5313,3675,0
5318,3699,0
5337,3720,0
5363,3734,0
5392,3736,0
5426,3732,1
5807,3653,0
5804,3650,0
5790,3642,0
5783,3645,0
5751,3647,0
5728,3664,0
5706,3680,0
5698,3704,0
5697,3725,0
5706,3745,0
5724,3756,0
5743,3758,0
5766,3753,0
5787,3740,0
5806,3720,0
5818,3699,0
5818,3677,0
5813,3665,0
5796,3654,0
5779,3650,0
5764,3650,1
6003,3527,0
6011,3503,0
6016,3474,0
6021,3452,0
6018,3435,0
6006,3424,0
5991,3426,0
5972,3439,0
5957,3462,0
5932,3491,0
5924,3537,0
5921,3590,0
5916,3646,0
5909,3704,0
5909,3765,0
5913,3824,0
5916,3873,0
5926,3913,0
5928,3937,0
5937,3952,0
5939,3955,1
5847,3746,0
5858,3745,0
5890,3743,0
5935,3743,0
5991,3741,1