&quot;Or the town Marshal,&quot;
455
1471,1129,1
1467,1126,0
1466,1126,0
1469,1129,0
1468,1130,0
1465,1131,0
1462,1141,0
1454,1157,0
1440,1175,0
1430,1199,0
1421,1223,0
1413,1239,0
1409,1248,0
1407,1249,0
1411,1252,0
1415,1251,0
1426,1247,1
1529,1138,0
1532,1141,0
1531,1142,0
1526,1144,0
1513,1158,0
1501,1182,0
1486,1205,0
1477,1225,0
1471,1240,0
1473,1252,0
1477,1259,0
1481,1262,0
1483,1257,1
1693,1196,0
1693,1196,0
1686,1196,0
1679,1204,0
1662,1219,0
1636,1242,0
1621,1281,0
1601,1321,0
1626,1358,0
1626,1402,0
1634,1438,0
1646,1454,0
1666,1458,0
1682,1460,0
1704,1454,0
1720,1436,0
1743,1406,0
1735,1389,0
1754,1351,0
1759,1305,0
1763,1266,0
1759,1230,0
1744,1198,0
1722,1179,0
1696,1176,1
1850,1353,0
1845,1351,0
1845,1351,0
1848,1354,0
1845,1357,0
1843,1372,0
1841,1396,0
1838,1421,0
1837,1441,0
1838,1450,0
1836,1450,0
1836,1450,0
1838,1450,0
1836,1446,0
1844,1427,0
1862,1398,0
1889,1365,0
1923,1342,0
1955,1329,0
1981,1324,0
1995,1317,1
2363,1218,0
2359,1240,0
2357,1273,0
2355,1307,0
2349,1336,0
2353,1368,0
2352,1391,0
2355,1412,0
2358,1426,0
2357,1433,0
2364,1437,0
2365,1436,0
2362,1428,1
2294,1354,0
2294,1354,0
2301,1353,0
2319,1351,0
2348,1350,0
2379,1346,0
2413,1343,0
2440,1337,0
2468,1335,1
2484,1224,0
2475,1223,0
2469,1230,0
2472,1253,0
2470,1282,0
2473,1317,0
2476,1351,0
2472,1379,0
2471,1405,0
2465,1417,0
2467,1428,0
2466,1428,0
2467,1428,0
2473,1421,0
2478,1402,0
2492,1380,0
2509,1360,0
2526,1346,0
2540,1341,0
2545,1341,0
2554,1351,0
2560,1369,0
2566,1392,0
2567,1415,0
2567,1435,0
2572,1453,0
2577,1466,0
2588,1472,0
2599,1471,1
2642,1426,1
2649,1424,0
2661,1421,0
2675,1416,0
2688,1406,0
2704,1399,0
2715,1390,0
2721,1381,0
2728,1373,0
2721,1361,0
2704,1351,0
2683,1353,0
2658,1367,0
2638,1392,0
2623,1423,0
2625,1452,0
2634,1472,0
2652,1481,0
2693,1488,0
2740,1488,0
2765,1476,1
3269,1241,0
3259,1242,0
3252,1254,0
3248,1281,0
3237,1319,0
3233,1368,0
3236,1412,0
3236,1443,0
3244,1469,0
3243,1486,0
3245,1498,0
3243,1503,0
3243,1503,1
3209,1379,0
3205,1378,0
3216,1385,0
3227,1387,0
3244,1383,0
3274,1377,0
3305,1370,0
3340,1363,0
3366,1358,1
3415,1359,0
3411,1358,0
3407,1358,0
3397,1360,0
3385,1373,0
3374,1394,0
3368,1423,0
3366,1452,0
3370,1476,0
3377,1488,0
3390,1491,0
3415,1485,0
3444,1467,0
3471,1442,0
3493,1418,0
3503,1398,0
3496,1377,0
3481,1361,0
3461,1357,0
3440,1362,0
3419,1370,1
3565,1382,0
3559,1385,0
3560,1391,0
3566,1406,0
3570,1425,0
3571,1441,0
3580,1457,0
3583,1469,0
3588,1478,0
3587,1480,0
3583,1479,0
3588,1478,0
3591,1471,0
3594,1457,0
3598,1439,0
3600,1417,0
3609,1401,0
3613,1393,0
3613,1392,0
3609,1392,0
3615,1398,0
3620,1414,0
3631,1437,0
3648,1457,0
3666,1474,0
3676,1481,0
3691,1486,0
3696,1486,0
3701,1484,0
3708,1479,0
3712,1464,0
3721,1443,0
3736,1423,1
3873,1400,1
3865,1418,0
3860,1432,0
3852,1448,0
3850,1463,0
3847,1469,0
3850,1471,0
3843,1467,0
3853,1466,0
3855,1451,0
3867,1433,0
3880,1414,0
3904,1402,0
3920,1394,0
3937,1396,0
3947,1403,0
3957,1420,0
3960,1443,0
3964,1471,0
3962,1495,0
3962,1517,1
4466,1247,0
4459,1252,0
4455,1268,0
4449,1296,0
4449,1334,0
4444,1373,0
4442,1412,0
4438,1447,0
4435,1476,0
4439,1497,0
4439,1510,0
4441,1517,0
4440,1517,0
4441,1515,0
4446,1505,0
4446,1483,0
4443,1457,1
4467,1283,0
4469,1275,0
4473,1275,0
4476,1280,0
4480,1293,0
4492,1318,0
4505,1346,0
4521,1370,0
4541,1385,0
4570,1391,0
4596,1387,0
4630,1372,0
4661,1356,0
4689,1335,0
4708,1315,0
4722,1298,0
4724,1290,0
4729,1290,0
4722,1298,0
4707,1322,0
4690,1359,0
4678,1406,0
4663,1450,0
4661,1491,0
4662,1520,0
4666,1544,0
4661,1557,0
4665,1560,1
4809,1444,0
4801,1440,0
4789,1438,0
4773,1439,0
4757,1448,0
4739,1465,0
4725,1490,0
4722,1512,0
4724,1524,0
4728,1529,0
4748,1532,0
4768,1525,0
4789,1514,0
4803,1498,0
4814,1479,0
4825,1457,0
4834,1445,0
4831,1442,0
4830,1442,0
4829,1448,0
4830,1469,0
4825,1496,0
4824,1522,0
4825,1542,0
4829,1556,1
4932,1456,0
4932,1456,0
4931,1458,0
4933,1466,0
4932,1479,0
4936,1494,0
4935,1506,0
4934,1513,0
4932,1517,0
4935,1519,0
4936,1518,0
4936,1518,0
4936,1517,0
4939,1508,0
4953,1493,0
4976,1474,0
5002,1460,0
5021,1453,0
5040,1450,0
5052,1447,0
5062,1445,1
5206,1438,0
5206,1438,0
5210,1439,0
5206,1439,0
5198,1438,0
5180,1440,0
5166,1446,0
5144,1452,0
5120,1458,0
5111,1462,0
5110,1464,0
5113,1469,0
5118,1477,0
5132,1488,0
5145,1500,0
5162,1512,0
5166,1525,0
5161,1537,0
5152,1552,0
5131,1566,0
5110,1578,0
5091,1585,0
5073,1586,0
5062,1582,0
5064,1573,1
5324,1349,0
5320,1347,0
5316,1347,0
5319,1353,0
5310,1367,0
5308,1390,0
5303,1422,0
5297,1455,0
5296,1484,0
5294,1505,0
5294,1522,0
5296,1539,0
5296,1551,0
5290,1556,0
5291,1555,0
5295,1553,0
5298,1543,0
5309,1524,0
5330,1498,0
5349,1477,0
5362,1461,0
5378,1452,0
5391,1450,0
5402,1452,0
5413,1461,0
5419,1479,0
5425,1503,0
5425,1528,0
5423,1550,1
5569,1479,0
5571,1476,0
5567,1474,0
5563,1472,0
5555,1471,1
5499,1507,0
5487,1531,0
5482,1549,0
5487,1559,0
5498,1564,0
5515,1564,0
5533,1557,0
5550,1544,0
5567,1530,0
5580,1515,0
5590,1496,0
5598,1481,0
5600,1476,0
5600,1476,0
5598,1482,0
5596,1504,0
5586,1537,0
5589,1566,0
5592,1586,0
5599,1602,1
5786,1341,0
5781,1342,0
5776,1348,0
5771,1364,0
5761,1389,0
5756,1421,0
5754,1459,0
5753,1493,0
5757,1521,0
5769,1541,0
5777,1552,0
5791,1561,0
5808,1561,1
5932,1537,0
5931,1540,0
5925,1546,0
5917,1559,0
5907,1579,0
5888,1599,0
5875,1615,0
5868,1627,0
5861,1636,1
6133,1298,0
6132,1299,0
6127,1303,0
6126,1312,0
6121,1327,0
6114,1339,0
6108,1348,0
6102,1357,0
6100,1365,1
6176,1305,0
6172,1304,0
6176,1305,0
6172,1307,0
6169,1320,0
6156,1340,0
6155,1359,0
6152,1374,0
6153,1387,1