paused. &quot;Miss Jeannie &apos;ll be on that
906
397,3568,0
397,3573,0
397,3573,0
398,3578,0
398,3590,0
395,3670,0
399,3699,0
402,3732,0
406,3766,0
409,3795,0
412,3816,0
417,3837,0
420,3851,0
422,3851,1
388,3567,0
384,3554,0
383,3542,0
387,3526,0
393,3515,0
402,3505,0
414,3495,0
429,3486,0
445,3477,0
462,3479,0
482,3479,0
500,3486,0
520,3498,0
535,3517,0
546,3535,0
551,3556,0
550,3580,0
542,3595,0
530,3613,0
512,3634,0
491,3647,0
466,3655,0
443,3651,0
427,3652,0
419,3642,1
739,3443,0
730,3438,0
719,3440,0
704,3451,0
687,3466,0
671,3492,0
656,3518,0
642,3548,0
634,3576,0
633,3604,0
637,3621,0
646,3630,0
659,3627,0
673,3621,0
686,3614,0
697,3595,0
704,3572,0
711,3553,0
715,3525,0
719,3501,0
723,3481,0
723,3461,0
724,3457,0
724,3457,0
724,3457,0
725,3465,0
727,3490,0
731,3510,0
734,3535,0
741,3563,0
750,3580,0
760,3594,0
772,3607,0
783,3608,0
792,3604,0
801,3597,0
810,3582,0
820,3559,0
829,3535,0
835,3508,0
839,3484,0
842,3464,0
843,3452,0
842,3440,0
841,3436,0
841,3436,0
841,3436,0
841,3444,0
842,3460,0
843,3484,0
844,3504,0
849,3528,0
854,3549,0
863,3566,0
873,3570,0
884,3575,0
893,3576,0
902,3556,0
912,3540,0
922,3525,0
933,3501,0
944,3478,0
954,3462,0
959,3446,0
960,3446,0
961,3443,0
961,3447,0
962,3446,0
964,3462,0
966,3483,0
967,3503,0
972,3519,0
980,3539,0
991,3556,0
1003,3563,0
1015,3572,0
1025,3576,1
1199,3470,0
1199,3467,0
1197,3462,0
1194,3463,0
1188,3459,0
1179,3455,0
1169,3455,0
1155,3455,0
1140,3460,0
1127,3465,0
1119,3469,0
1117,3472,0
1117,3472,0
1118,3477,0
1124,3484,0
1132,3492,0
1143,3500,0
1158,3512,0
1171,3515,0
1184,3527,0
1194,3539,0
1201,3551,0
1204,3562,0
1202,3566,0
1201,3574,0
1196,3578,0
1184,3579,0
1166,3584,0
1145,3584,0
1124,3580,0
1105,3573,0
1090,3565,0
1079,3552,0
1071,3537,0
1063,3525,0
1058,3521,0
1058,3508,1
1225,3546,1
1286,3503,0
1303,3489,0
1319,3472,0
1332,3459,0
1337,3443,0
1339,3435,0
1336,3426,0
1331,3423,0
1322,3419,0
1313,3428,0
1299,3437,0
1286,3455,0
1276,3479,0
1271,3503,0
1274,3527,0
1284,3547,0
1300,3558,0
1320,3568,0
1342,3571,0
1367,3573,1
1539,3425,0
1532,3414,0
1522,3407,0
1510,3404,0
1492,3407,1
1416,3448,0
1396,3466,0
1382,3483,0
1376,3507,0
1377,3527,0
1382,3543,0
1393,3554,0
1409,3561,0
1425,3559,0
1445,3544,0
1469,3526,0
1491,3499,0
1512,3472,0
1529,3442,0
1540,3412,0
1546,3379,0
1549,3350,0
1551,3325,0
1551,3305,0
1549,3286,0
1551,3281,0
1547,3274,0
1546,3274,0
1544,3274,0
1544,3286,0
1542,3307,0
1540,3332,0
1540,3360,0
1544,3387,0
1550,3415,0
1558,3438,0
1570,3460,0
1582,3483,0
1594,3497,0
1607,3507,0
1620,3509,1
1715,3481,0
1714,3480,0
1716,3484,0
1718,3488,0
1720,3491,0
1722,3499,0
1725,3507,0
1731,3514,0
1737,3516,1
2067,3162,0
2065,3158,0
2063,3155,0
2066,3162,0
2066,3175,0
2064,3192,0
2064,3214,0
2063,3226,0
2068,3246,0
2072,3257,0
2079,3268,0
2080,3267,0
2084,3261,1
2125,3193,0
2123,3194,0
2125,3202,0
2128,3214,0
2132,3229,0
2136,3245,0
2139,3256,0
2145,3267,0
2152,3276,1
2237,3203,1
2241,3215,0
2244,3230,0
2245,3247,0
2248,3268,0
2253,3292,0
2255,3317,0
2258,3345,0
2262,3373,0
2262,3395,0
2265,3415,0
2268,3426,0
2268,3427,0
2268,3427,0
2265,3424,0
2265,3411,0
2262,3390,0
2258,3366,0
2257,3346,0
2251,3317,0
2251,3293,0
2248,3268,0
2247,3247,0
2249,3238,0
2250,3233,0
2250,3233,0
2250,3233,0
2253,3240,0
2260,3259,0
2271,3281,0
2282,3302,0
2298,3322,0
2316,3341,0
2333,3351,0
2349,3357,0
2363,3356,0
2374,3351,0
2384,3344,0
2391,3327,0
2398,3311,0
2403,3296,0
2403,3283,0
2403,3279,0
2399,3276,0
2398,3281,0
2396,3295,0
2397,3325,0
2396,3351,0
2403,3378,0
2413,3400,0
2428,3421,0
2444,3431,0
2456,3430,0
2469,3429,0
2478,3416,0
2485,3401,0
2487,3377,0
2493,3357,0
2497,3338,0
2497,3329,0
2499,3333,0
2497,3334,0
2499,3346,0
2499,3363,0
2501,3385,0
2502,3397,0
2507,3412,0
2514,3426,0
2518,3434,1
2446,3194,0
2444,3192,0
2444,3192,0
2449,3197,0
2455,3204,1
2677,3296,0
2675,3293,0
2673,3289,0
2666,3285,0
2658,3284,0
2644,3286,0
2627,3290,0
2611,3298,0
2596,3300,0
2592,3303,0
2596,3310,0
2603,3315,0
2615,3323,0
2627,3331,0
2644,3340,0
2663,3348,0
2685,3355,0
2707,3366,0
2723,3376,0
2732,3385,0
2733,3394,0
2731,3399,0
2727,3406,0
2716,3407,0
2700,3410,0
2678,3412,0
2653,3411,0
2629,3409,0
2611,3409,0
2597,3403,0
2588,3398,0
2579,3388,0
2581,3379,1
2830,3264,0
2828,3262,0
2823,3259,0
2814,3255,0
2803,3257,0
2784,3258,0
2766,3264,0
2748,3269,0
2737,3274,0
2731,3281,0
2730,3283,0
2736,3288,0
2745,3293,0
2763,3300,0
2781,3305,0
2805,3315,0
2826,3321,0
2849,3332,0
2865,3341,0
2873,3350,0
2876,3358,0
2873,3368,0
2863,3375,0
2850,3386,0
2830,3392,0
2808,3395,0
2785,3393,0
2772,3396,0
2762,3392,1
3176,3101,0
3167,3098,0
3163,3095,0
3163,3096,0
3166,3098,0
3172,3098,0
3182,3101,0
3195,3102,0
3209,3102,0
3220,3098,0
3230,3096,0
3233,3094,0
3233,3094,0
3232,3095,0
3235,3107,0
3232,3124,0
3230,3151,0
3230,3180,0
3230,3214,0
3238,3253,0
3243,3293,0
3252,3340,0
3262,3392,0
3267,3441,0
3266,3485,0
3264,3520,0
3259,3547,0
3252,3566,0
3240,3573,0
3226,3568,0
3209,3560,0
3190,3538,0
3173,3512,0
3160,3486,0
3155,3462,0
3151,3436,0
3151,3411,1
3308,3366,0
3316,3358,0
3328,3351,0
3339,3339,0
3352,3324,0
3362,3307,0
3366,3288,0
3368,3278,0
3362,3267,0
3352,3260,0
3341,3258,0
3332,3259,0
3325,3269,0
3317,3286,0
3315,3311,0
3320,3337,0
3329,3359,0
3345,3378,0
3368,3392,0
3393,3403,0
3416,3405,0
3440,3404,0
3463,3391,0
3485,3375,0
3501,3354,1
3531,3295,0
3532,3279,0
3534,3267,0
3533,3257,0
3525,3248,0
3519,3243,0
3509,3240,0
3493,3243,0
3477,3255,0
3458,3270,0
3448,3293,0
3435,3313,0
3435,3337,0
3443,3356,0
3451,3370,0
3460,3375,0
3467,3373,0
3479,3370,0
3491,3361,0
3499,3339,0
3508,3318,0
3513,3298,0
3513,3283,0
3509,3276,0
3509,3276,0
3510,3280,0
3510,3290,0
3513,3314,0
3520,3339,0
3534,3363,0
3549,3381,0
3568,3392,0
3585,3394,0
3599,3388,0
3611,3379,0
3622,3365,0
3631,3347,0
3638,3327,0
3644,3306,0
3645,3290,0
3646,3284,0
3643,3282,0
3645,3285,0
3645,3290,0
3651,3310,0
3657,3332,0
3660,3350,0
3664,3367,0
3671,3382,0
3679,3391,0
3683,3393,0
3686,3392,0
3687,3385,0
3696,3368,0
3706,3344,0
3722,3320,0
3737,3303,0
3746,3288,0
3756,3286,0
3764,3284,0
3776,3294,0
3790,3309,0
3802,3330,0
3817,3356,0
3831,3380,0
3840,3393,0
3855,3406,0
3874,3411,0
3894,3409,0
3909,3396,0
3930,3383,0
3945,3364,0
3958,3343,0
3964,3320,0
3971,3303,0
3974,3291,0
3975,3289,0
3972,3286,0
3974,3290,0
3978,3298,0
3984,3318,0
3986,3339,0
3992,3360,0
3996,3378,0
4003,3392,0
4011,3402,0
4019,3407,0
4023,3402,0
4034,3397,0
4048,3385,0
4059,3363,0
4076,3342,0
4089,3323,0
4099,3310,0
4111,3308,0
4117,3308,0
4128,3320,0
4139,3337,0
4150,3360,0
4159,3380,0
4171,3396,0
4181,3403,0
4194,3407,0
4206,3400,0
4219,3387,0
4236,3372,0
4246,3351,0
4258,3327,0
4266,3308,0
4264,3293,0
4262,3288,0
4259,3285,0
4258,3286,0
4259,3292,0
4257,3311,0
4253,3332,0
4253,3355,0
4256,3375,0
4259,3388,0
4266,3398,1
4212,3157,0
4215,3160,0
4214,3160,0
4220,3166,0
4225,3172,1
4304,3308,1
4367,3300,0
4381,3291,0
4391,3281,0
4399,3272,0
4403,3262,0
4406,3252,0
4408,3245,0
4403,3238,0
4398,3238,0
4392,3238,0
4384,3247,0
4374,3257,0
4371,3274,0
4372,3289,0
4376,3303,0
4389,3317,0
4403,3327,0
4420,3332,0
4437,3338,0
4453,3337,0
4466,3335,0
4481,3332,0
4496,3327,0
4502,3321,1
4606,3154,0
4607,3153,0
4606,3154,0
4606,3155,0
4606,3160,0
4603,3157,0
4605,3161,0
4606,3168,0
4603,3182,0
4606,3192,0
4605,3205,0
4607,3214,0
4610,3224,1
4683,3144,1
4684,3143,0
4687,3146,0
4683,3144,0
4685,3148,0
4681,3152,0
4682,3170,0
4679,3186,0
4678,3206,0
4681,3227,0
4679,3247,0
4679,3267,0
4681,3289,0
4684,3310,0
4689,3333,0
4690,3351,0
4690,3363,1
4714,3211,0
4718,3214,0
4719,3213,0
4718,3214,0
4721,3223,0
4724,3237,0
4729,3256,0
4731,3273,0
4734,3294,0
4736,3315,0
4738,3338,0
4746,3360,0
4752,3378,0
4761,3391,0
4769,3400,0
4780,3407,0
4787,3404,1
5061,3115,0
5056,3107,0
5058,3105,0
5055,3103,0
5055,3103,0
5055,3110,0
5052,3127,0
5050,3156,0
5049,3191,0
5044,3223,0
5047,3257,0
5047,3285,0
5050,3313,0
5052,3337,0
5056,3356,0
5057,3368,0
5055,3370,0
5059,3372,0
5057,3368,0
5060,3365,0
5062,3349,0
5064,3327,0
5076,3305,0
5088,3283,0
5110,3263,0
5122,3247,0
5139,3238,0
5154,3237,0
5166,3235,0
5176,3242,0
5186,3255,0
5188,3272,0
5183,3292,0
5173,3311,0
5162,3325,0
5146,3340,0
5130,3353,0
5114,3361,0
5103,3362,0
5098,3363,0
5091,3358,1
5244,3337,1
5268,3331,0
5284,3323,0
5299,3310,0
5318,3293,0
5330,3274,0
5342,3258,0
5346,3246,0
5347,3238,0
5339,3229,0
5335,3227,0
5321,3226,0
5314,3235,0
5303,3251,0
5294,3270,0
5288,3291,0
5292,3313,0
5299,3329,0
5311,3341,0
5327,3352,0
5354,3358,0
5376,3361,0
5399,3357,0
5418,3351,0
5441,3341,1
5713,3250,0
5717,3251,0
5713,3249,0
5715,3247,0
5711,3247,0
5706,3247,0
5701,3255,0
5689,3265,0
5675,3284,0
5669,3309,0
5661,3334,0
5665,3357,0
5668,3373,0
5676,3382,0
5692,3388,0
5704,3385,0
5723,3378,0
5735,3368,0
5743,3356,0
5743,3342,0
5747,3329,0
5743,3314,0
5736,3303,0
5727,3295,0
5722,3294,0
5714,3292,0
5713,3293,0
5720,3298,0
5731,3302,0
5747,3307,0
5764,3305,0
5786,3300,0
5810,3293,0
5826,3282,0
5840,3275,0
5846,3267,0
5851,3266,0
5851,3265,0
5851,3266,0
5851,3267,0
5852,3271,0
5854,3284,0
5851,3302,0
5852,3322,0
5853,3343,0
5851,3360,0
5858,3379,0
5858,3386,0
5861,3389,0
5861,3389,0
5862,3387,0
5865,3376,0
5874,3356,0
5892,3335,0
5904,3310,0
5917,3288,0
5933,3273,0
5947,3264,0
5958,3263,0
5969,3267,0
5984,3281,0
5993,3298,0
6002,3320,0
6009,3338,0
6022,3354,0
6044,3365,0
6070,3370,0
6100,3367,0
6128,3353,1
6364,3037,0
6364,3038,0
6366,3042,0
6368,3055,0
6372,3079,0
6372,3105,0
6379,3135,0
6377,3162,0
6382,3194,0
6382,3226,0
6387,3257,0
6394,3286,0
6399,3308,0
6403,3326,0
6408,3339,0
6402,3342,0
6395,3338,1
6266,3220,0
6267,3217,0
6287,3223,0
6299,3225,0
6317,3226,0
6342,3223,0
6365,3215,0
6386,3203,0
6408,3189,0
6423,3172,0
6433,3151,0
6440,3132,0
6447,3111,0
6445,3091,0
6445,3074,0
6437,3062,0
6434,3059,0
6437,3063,0
6435,3066,0
6437,3086,0
6438,3118,0
6442,3154,0
6440,3190,0
6432,3228,0
6426,3262,0
6428,3289,0
6423,3308,0
6426,3317,0
6432,3324,0
6430,3319,0
6437,3315,0
6446,3300,0
6454,3278,0
6471,3255,0
6482,3228,0
6502,3208,0
6519,3195,0
6536,3189,0
6546,3187,0
6556,3194,0
6569,3214,0
6575,3234,0
6583,3260,0
6592,3285,0
6595,3305,0
6609,3320,0
6623,3327,0
6638,3325,0
6655,3321,1
6741,3230,0
6741,3214,0
6739,3202,0
6732,3196,0
6715,3194,0
6667,3216,0
6647,3236,0
6633,3263,0
6621,3284,0
6619,3302,0
6628,3320,0
6635,3325,0
6642,3327,0
6650,3322,0
6659,3313,0
6679,3294,0
6698,3270,0
6711,3244,0
6724,3219,0
6733,3205,0
6734,3202,0
6737,3205,0
6739,3217,0
6741,3239,0
6745,3265,0
6751,3288,0
6761,3305,0
6769,3313,0
6781,3317,0
6801,3314,0
6821,3302,0
6845,3282,0
6868,3257,0
6884,3227,0
6890,3198,0
6898,3166,0
6901,3134,0
6903,3103,0
6903,3078,0
6898,3059,0
6890,3048,0
6884,3043,0
6884,3042,0
6884,3043,0
6883,3052,0
6886,3074,0
6886,3102,0
6888,3134,0
6888,3168,0
6891,3204,0
6895,3240,0
6901,3271,0
6905,3299,0
6913,3318,0
6912,3327,1
6853,3208,0
6847,3203,0
6846,3197,0
6843,3192,0
6849,3191,0
6869,3186,0
6894,3181,0
6922,3178,0
6945,3178,1