But most of us ain&apos;t eddicated
596
991,1064,0
996,1077,0
1006,1095,0
1020,1127,0
1020,1151,0
1032,1188,0
1037,1216,0
1034,1236,0
1031,1252,0
1029,1259,0
1025,1259,0
1018,1251,0
1005,1230,0
990,1205,0
973,1175,0
959,1141,0
953,1113,0
951,1088,0
951,1064,0
960,1045,0
984,1032,0
1016,1019,0
1041,1001,0
1073,1006,0
1096,1021,0
1100,1037,0
1095,1061,0
1083,1089,0
1051,1105,0
1023,1123,0
1001,1138,0
994,1149,0
988,1149,0
989,1149,0
991,1146,0
1002,1142,0
1022,1135,0
1042,1120,0
1074,1112,0
1111,1117,0
1131,1120,0
1147,1136,0
1143,1143,0
1140,1163,0
1138,1187,0
1126,1204,0
1106,1220,0
1075,1233,0
1032,1244,0
992,1249,0
975,1252,0
969,1247,0
969,1223,1
1182,1092,0
1189,1088,0
1204,1093,0
1211,1105,0
1213,1124,0
1219,1151,0
1222,1171,0
1225,1179,0
1234,1182,0
1245,1176,0
1261,1161,0
1273,1134,0
1288,1111,0
1298,1092,0
1302,1083,0
1305,1086,0
1311,1102,0
1311,1126,0
1317,1157,0
1330,1183,0
1341,1192,0
1352,1194,0
1367,1186,0
1375,1166,0
1376,1137,1
1397,916,0
1409,916,0
1421,920,0
1435,939,0
1445,970,0
1443,1006,0
1445,1044,0
1444,1079,0
1437,1107,0
1428,1129,0
1418,1140,0
1404,1145,0
1382,1139,0
1366,1127,0
1361,1112,0
1360,1092,0
1365,1073,0
1381,1060,0
1407,1047,0
1444,1037,0
1478,1025,0
1510,1023,0
1539,1027,0
1556,1030,0
1579,1036,1
1771,1056,0
1778,1066,0
1783,1082,0
1783,1102,0
1786,1120,0
1788,1134,0
1784,1136,0
1780,1134,0
1775,1123,0
1772,1106,0
1777,1081,0
1794,1059,0
1811,1039,0
1828,1025,0
1845,1020,0
1854,1023,0
1860,1028,0
1870,1041,0
1877,1056,0
1883,1067,0
1889,1073,0
1894,1073,0
1896,1065,0
1903,1054,0
1909,1037,0
1924,1023,0
1942,1017,0
1956,1019,0
1965,1027,0
1973,1042,0
1981,1062,0
1993,1084,0
2007,1099,1
2210,1018,0
2209,1011,0
2207,1001,0
2199,991,0
2188,985,0
2171,983,0
2142,987,0
2106,1001,0
2079,1027,0
2056,1052,0
2053,1074,0
2063,1092,0
2091,1104,0
2123,1104,0
2169,1094,0
2209,1076,0
2236,1055,0
2251,1036,0
2253,1019,0
2241,1001,0
2231,987,0
2217,980,0
2200,977,0
2176,982,0
2148,993,1
2332,997,0
2346,997,0
2363,993,0
2376,987,0
2376,980,0
2371,973,0
2357,965,0
2337,960,0
2316,962,0
2296,972,0
2287,986,0
2284,997,0
2290,1008,0
2308,1018,0
2335,1027,0
2374,1035,0
2413,1040,0
2437,1047,0
2449,1059,0
2445,1072,0
2427,1091,0
2400,1110,0
2366,1123,0
2338,1127,0
2320,1117,1
2401,839,0
2412,825,0
2424,820,0
2435,825,0
2443,845,0
2439,879,0
2437,924,0
2434,968,0
2435,1006,0
2433,1032,0
2423,1047,0
2422,1055,0
2418,1055,0
2413,1049,0
2408,1035,0
2416,1022,0
2425,1014,0
2434,1008,0
2449,999,0
2474,988,0
2510,973,1
3074,859,0
3062,857,0
3049,854,0
3041,855,0
3035,861,0
3029,875,0
3019,902,0
3014,937,0
3001,970,0
3009,991,0
3025,995,0
3050,987,0
3084,967,0
3102,934,0
3114,901,0
3111,873,0
3104,856,0
3091,846,0
3075,842,0
3066,841,0
3058,841,1
3292,744,0
3295,731,0
3298,702,0
3305,673,0
3303,646,0
3295,627,0
3292,620,0
3279,622,0
3271,640,0
3260,674,0
3260,722,0
3250,774,0
3259,829,0
3268,881,0
3280,934,0
3271,981,0
3262,1018,0
3247,1043,0
3226,1054,0
3214,1052,0
3204,1033,0
3204,1003,0
3198,971,0
3199,945,0
3210,928,0
3226,908,0
3245,887,0
3274,876,0
3300,876,0
3325,888,0
3341,902,0
3361,905,0
3389,897,1
3728,828,0
3736,832,0
3743,836,0
3748,848,0
3755,869,0
3761,896,0
3761,924,0
3769,942,0
3778,952,0
3790,953,0
3810,943,0
3833,919,0
3854,887,0
3873,861,0
3884,849,0
3892,851,0
3890,857,0
3897,878,0
3907,905,0
3922,927,0
3940,938,1
4085,812,0
4083,805,0
4080,798,0
4069,794,0
4061,794,0
4035,798,0
4008,810,0
3985,825,0
3974,832,0
3978,837,0
3997,842,0
4029,844,0
4067,842,0
4104,843,0
4121,852,0
4131,865,0
4123,883,0
4118,905,0
4104,926,0
4079,943,0
4055,957,0
4049,961,0
4052,954,0
4068,936,0
4099,911,1
4713,815,0
4711,803,0
4712,795,0
4696,791,0
4688,793,0
4666,805,0
4642,825,0
4637,851,0
4628,874,0
4641,892,0
4659,902,0
4676,900,0
4698,887,0
4714,868,0
4723,849,0
4734,827,0
4742,810,0
4751,803,0
4755,803,0
4758,809,0
4763,827,0
4775,849,0
4796,870,0
4818,878,0
4835,875,0
4858,863,0
4874,844,0
4886,826,0
4888,811,0
4896,808,0
4900,810,0
4906,821,0
4910,846,0
4913,871,0
4915,884,0
4923,887,0
4924,881,1
4898,723,0
4898,720,0
4903,719,0
4895,716,1
4983,771,0
4977,787,0
4982,803,0
4983,822,0
4988,841,0
4982,856,0
4972,867,0
4963,871,0
4958,869,0
4965,859,0
4973,835,0
4994,805,0
5006,781,0
5033,764,0
5055,757,0
5083,757,0
5105,764,0
5119,782,0
5132,806,0
5134,836,0
5140,856,1
5276,562,0
5279,561,0
5283,564,0
5282,578,0
5287,604,1
5364,513,0
5371,520,0
5374,537,0
5392,564,0
5396,600,0
5408,640,0
5403,682,0
5402,723,0
5397,761,0
5380,794,0
5372,823,0
5352,844,0
5327,853,0
5310,854,0
5307,849,0
5301,839,0
5310,832,0
5320,820,0
5342,805,0
5377,789,0
5427,775,1
5768,791,0
5780,793,0
5781,792,0
5805,787,0
5822,777,0
5853,764,0
5859,748,0
5880,732,0
5877,721,0
5883,714,0
5875,711,0
5870,716,0
5844,735,0
5824,762,0
5800,792,0
5793,815,0
5799,832,0
5822,843,0
5849,848,0
5895,842,0
5928,832,1
6037,732,0
6034,726,0
6035,716,0
6025,705,0
6030,692,0
6019,684,0
6008,680,0
5982,685,0
5964,700,0
5942,721,0
5935,748,0
5924,773,0
5943,787,0
5962,795,0
5991,790,0
6012,774,0
6032,746,1
6037,577,0
6038,560,0
6035,543,0
6032,532,0
6029,523,0
6025,522,0
6033,523,0
6037,528,0
6044,545,0
6045,576,0
6050,612,0
6050,653,0
6058,687,0
6059,716,0
6073,737,0
6080,750,1
6199,727,0
6196,723,0
6205,713,0
6202,702,0
6211,690,0
6196,682,0
6189,677,0
6172,675,0
6160,680,0
6138,696,0
6131,719,0
6116,745,0
6135,763,0
6141,774,0
6157,774,0
6174,768,0
6196,754,1
6207,552,0
6212,543,0
6208,541,0
6212,543,0
6208,547,0
6218,567,0
6220,599,0
6224,641,0
6227,685,0
6227,728,0
6230,768,0
6239,799,1
6328,685,0
6328,686,0
6327,695,0
6324,718,0
6330,743,0
6332,764,0
6335,769,0
6327,766,0
6321,750,1
6315,651,0
6307,646,0
6316,646,0
6328,645,1
6522,674,0
6522,674,0
6518,671,0
6515,665,0
6503,663,0
6491,664,0
6470,674,0
6452,695,0
6432,724,0
6425,754,0
6430,779,0
6449,796,0
6464,803,1
6647,674,0
6647,667,0
6635,661,0
6632,656,0
6624,656,0
6612,656,0
6599,663,0
6582,678,0
6563,701,0
6553,731,0
6558,753,0
6573,766,0
6593,767,0
6610,760,0
6619,751,0
6633,735,0
6630,717,0
6632,697,0
6638,674,0
6643,665,0
6635,669,0
6635,673,0
6637,694,0
6638,722,0
6655,743,0
6671,757,0
6686,760,0
6703,758,0
6708,743,1
6726,527,0
6726,528,0
6730,534,0
6729,552,0
6734,584,0
6744,621,0
6744,657,0
6750,682,0
6744,704,0
6743,722,0
6725,735,0
6708,738,0
6692,739,0
6685,733,0
6686,724,0
6703,712,0
6712,702,0
6729,694,0
6754,682,0
6782,677,0
6811,669,0
6840,660,0
6862,644,0
6875,629,0
6864,616,0
6856,612,0
6848,612,0
6835,620,0
6823,631,0
6809,659,0
6790,692,0
6806,721,0
6809,738,0
6832,752,0
6861,745,0
6881,750,1
6966,639,0
6967,631,0
6963,624,0
6960,620,0
6949,615,0
6928,622,0
6907,634,0
6890,650,0
6875,673,0
6865,697,0
6872,718,0
6886,731,0
6898,735,0
6914,732,0
6927,721,0
6941,704,0
6960,678,1
6967,579,0
6969,557,0
6973,494,0
6977,482,0
6976,506,0
6979,582,0
6987,627,0
7004,668,0
7021,708,0
7030,742,1