would have to slow up some on a trail
804
434,3037,0
434,3041,0
432,3041,0
432,3037,0
439,3018,0
451,2992,0
466,2942,0
480,2907,0
492,2873,0
503,2860,0
512,2854,0
521,2860,0
530,2878,0
535,2924,0
536,2977,0
536,3022,0
538,3054,0
543,3076,0
550,3085,0
558,3091,0
571,3081,0
586,3059,0
597,3040,0
605,3013,0
612,2994,0
617,2982,0
635,3022,0
641,3047,0
648,3073,0
658,3090,0
670,3105,0
684,3110,0
699,3100,0
714,3086,0
727,3063,0
735,3028,0
738,3004,0
737,2984,0
736,2963,0
736,2943,0
740,2932,0
748,2917,0
761,2910,0
776,2904,0
794,2910,0
812,2916,0
826,2917,0
835,2918,0
844,2926,0
846,2931,0
846,2926,0
846,2927,0
842,2922,0
837,2926,0
829,2941,0
819,2953,0
813,2972,0
810,2992,0
814,3013,0
823,3033,0
836,3046,0
850,3047,0
864,3045,0
875,3033,0
881,3002,0
883,2986,0
881,2970,0
874,2957,0
867,2944,0
863,2936,0
861,2928,0
861,2928,0
866,2929,0
876,2925,0
892,2926,0
907,2924,0
923,2917,0
935,2909,0
940,2901,0
943,2901,0
943,2901,0
942,2902,0
937,2905,0
932,2917,0
928,2929,0
927,2945,0
928,2957,0
931,2969,0
936,2977,0
942,2989,0
948,2994,0
954,3001,0
959,3002,0
962,3006,0
963,3002,0
966,3006,0
966,3006,0
966,3002,0
967,3006,0
967,3003,0
967,3002,0
968,3003,0
969,3002,0
969,3002,0
970,3006,0
970,3002,0
972,3006,0
971,3003,0
971,3003,0
972,3006,0
972,3007,0
973,3006,0
972,3003,0
973,3006,0
972,3003,0
974,3007,0
974,3006,0
974,3003,0
975,3007,0
974,3002,0
975,3003,0
981,2999,0
989,2987,0
997,2980,0
1005,2967,0
1011,2955,0
1018,2948,0
1022,2936,0
1025,2932,0
1025,2928,0
1026,2932,0
1024,2929,0
1024,2936,0
1018,2944,0
1013,2956,0
1011,2972,0
1008,2988,0
1011,3000,0
1015,3008,0
1024,3008,0
1037,3000,0
1057,2989,0
1078,2969,0
1100,2945,0
1120,2920,0
1138,2884,0
1155,2860,0
1167,2831,0
1175,2811,0
1177,2799,0
1177,2795,0
1172,2791,0
1166,2803,0
1158,2828,0
1151,2852,0
1143,2880,0
1138,2916,0
1137,2948,0
1141,2972,0
1152,2992,0
1169,3003,0
1190,3003,0
1218,2997,0
1247,2955,0
1233,2972,0
1225,2993,0
1222,3005,0
1229,3016,0
1242,3016,0
1263,3011,0
1287,2989,0
1353,2879,0
1362,2849,0
1368,2825,0
1370,2805,0
1368,2793,0
1368,2796,0
1365,2801,0
1356,2815,0
1348,2844,0
1340,2880,0
1333,2917,0
1331,2953,0
1334,2977,0
1339,2992,1
1539,2898,0
1563,2898,0
1587,2878,0
1609,2853,0
1626,2821,0
1635,2786,0
1641,2757,0
1645,2739,0
1642,2732,0
1639,2732,0
1635,2741,0
1629,2767,0
1619,2802,0
1608,2841,0
1603,2887,0
1603,2924,0
1609,2967,0
1612,2987,0
1618,2998,0
1619,2994,0
1628,2984,0
1639,2961,0
1654,2938,0
1669,2910,0
1684,2883,0
1696,2863,0
1708,2856,0
1716,2854,0
1725,2869,0
1727,2884,0
1731,2909,0
1734,2928,0
1744,2946,0
1757,2956,0
1771,2956,0
1791,2955,0
1807,2939,0
1821,2919,0
1831,2895,0
1836,2881,0
1834,2865,0
1830,2858,0
1820,2852,0
1811,2859,0
1798,2871,0
1788,2886,0
1783,2904,0
1783,2924,0
1785,2932,0
1794,2938,0
1803,2936,0
1814,2929,0
1826,2917,0
1831,2903,0
1835,2894,0
1836,2894,0
1836,2893,0
1834,2895,0
1837,2906,0
1841,2917,0
1848,2927,0
1857,2934,0
1868,2934,0
1883,2935,0
1898,2926,0
1914,2912,0
1927,2896,0
1935,2877,0
1941,2867,0
1940,2859,0
1940,2859,0
1942,2866,0
1942,2878,0
1944,2895,0
1947,2910,0
1954,2929,0
1960,2944,0
1964,2947,0
1969,2946,0
1973,2932,0
1976,2910,0
1975,2885,0
1971,2861,0
1966,2842,0
1964,2830,0
1965,2829,0
1966,2829,0
1977,2838,0
1990,2847,0
2003,2850,0
2022,2856,0
2040,2854,0
2054,2844,0
2066,2837,0
2072,2830,0
2075,2828,0
2070,2826,0
2060,2826,0
2051,2833,0
2049,2851,0
2048,2869,0
2052,2883,0
2063,2901,0
2071,2907,0
2082,2907,1
2296,2788,0
2302,2786,0
2321,2777,0
2339,2750,0
2363,2725,0
2381,2692,0
2400,2670,0
2410,2651,0
2415,2643,0
2416,2644,0
2416,2648,0
2412,2663,0
2406,2693,0
2398,2733,0
2388,2779,0
2376,2820,0
2372,2859,0
2370,2886,0
2369,2904,0
2364,2906,0
2364,2907,1
2323,2846,0
2328,2848,0
2338,2848,0
2353,2845,0
2377,2847,0
2403,2843,0
2434,2842,0
2459,2832,0
2480,2826,0
2493,2820,0
2502,2815,0
2502,2806,0
2502,2806,0
2489,2804,0
2478,2814,0
2464,2830,0
2455,2854,0
2455,2875,0
2458,2887,0
2472,2899,0
2484,2901,0
2497,2895,0
2502,2878,0
2502,2860,1
2704,2795,0
2725,2791,0
2749,2790,0
2766,2780,0
2777,2773,0
2786,2762,0
2794,2752,0
2796,2745,0
2803,2751,0
2806,2759,0
2802,2775,0
2798,2798,0
2795,2823,0
2784,2840,0
2778,2853,0
2770,2853,0
2765,2852,0
2761,2844,0
2762,2840,0
2765,2837,0
2779,2838,0
2796,2837,0
2819,2832,0
2845,2824,0
2866,2810,0
2883,2789,0
2900,2762,0
2916,2736,0
2929,2712,0
2932,2690,0
2935,2678,0
2938,2676,0
2936,2677,0
2930,2681,0
2927,2698,0
2922,2721,0
2918,2750,0
2912,2778,0
2910,2808,0
2908,2835,0
2912,2856,0
2913,2865,0
2919,2871,0
2929,2873,0
2940,2866,0
2955,2856,0
2972,2839,0
2989,2821,0
3009,2807,0
3025,2796,0
3035,2788,0
3043,2787,0
3047,2789,0
3052,2795,0
3052,2795,0
3049,2792,0
3054,2794,0
3051,2786,0
3047,2779,0
3039,2774,0
3028,2772,0
3023,2782,0
3014,2788,0
3014,2803,0
3016,2817,0
3021,2828,0
3030,2835,0
3042,2842,0
3052,2840,0
3062,2838,0
3063,2827,0
3063,2817,0
3062,2808,0
3055,2798,0
3052,2789,0
3053,2784,0
3054,2774,0
3064,2767,0
3074,2754,0
3089,2747,0
3102,2741,0
3107,2738,0
3110,2740,0
3114,2748,0
3116,2761,0
3117,2776,0
3117,2791,0
3119,2804,0
3122,2812,0
3129,2818,0
3134,2818,0
3142,2811,0
3151,2800,0
3160,2788,0
3170,2779,0
3173,2772,0
3174,2771,0
3175,2775,0
3175,2781,0
3179,2793,0
3189,2806,0
3202,2815,0
3214,2816,0
3230,2814,0
3241,2799,0
3249,2777,0
3250,2755,0
3243,2731,0
3244,2714,1
3441,2693,0
3443,2697,0
3438,2707,0
3438,2724,0
3434,2737,0
3438,2755,0
3442,2769,0
3456,2783,0
3469,2786,0
3489,2786,0
3507,2773,0
3527,2760,0
3539,2744,0
3548,2729,0
3549,2717,0
3551,2709,0
3551,2709,0
3549,2711,0
3549,2717,0
3550,2733,0
3549,2750,0
3549,2767,0
3555,2783,0
3562,2793,0
3573,2799,0
3583,2796,0
3598,2786,0
3614,2771,0
3628,2753,0
3638,2736,0
3647,2722,0
3649,2709,0
3655,2708,0
3651,2707,0
3654,2715,0
3650,2731,0
3648,2755,0
3643,2783,0
3635,2812,0
3634,2847,0
3627,2875,0
3623,2895,0
3620,2897,0
3619,2893,0
3620,2876,0
3624,2850,0
3633,2819,0
3653,2790,0
3664,2750,0
3686,2729,0
3699,2709,0
3712,2707,0
3716,2714,0
3718,2729,0
3705,2736,0
3701,2742,0
3684,2741,1
4128,2629,0
4131,2625,0
4123,2622,0
4108,2620,0
4096,2624,0
4078,2626,0
4068,2632,0
4061,2641,0
4061,2653,0
4065,2673,0
4071,2697,0
4087,2728,0
4105,2767,0
4112,2797,0
4117,2820,0
4119,2831,0
4122,2834,0
4109,2825,0
4099,2812,0
4091,2797,0
4082,2782,0
4081,2766,0
4086,2753,0
4103,2740,0
4120,2731,0
4143,2717,0
4165,2709,0
4184,2699,0
4203,2693,0
4219,2688,0
4227,2677,0
4232,2670,0
4234,2668,0
4232,2671,0
4221,2678,0
4213,2695,0
4210,2711,0
4208,2732,0
4210,2749,0
4218,2763,0
4231,2773,0
4235,2767,0
4248,2759,0
4257,2741,0
4261,2723,0
4261,2711,0
4257,2703,0
4251,2698,0
4248,2695,0
4248,2695,0
4249,2694,0
4258,2689,0
4270,2680,0
4285,2668,0
4295,2661,0
4308,2658,0
4321,2661,0
4325,2668,0
4332,2685,0
4332,2706,0
4334,2729,0
4332,2751,0
4336,2764,0
4339,2768,0
4344,2767,0
4355,2761,0
4370,2748,0
4385,2729,0
4398,2705,0
4410,2689,0
4417,2680,0
4420,2676,0
4424,2678,0
4427,2688,0
4429,2704,0
4430,2723,0
4436,2741,1
4447,2753,0
4454,2756,0
4466,2755,0
4478,2745,0
4488,2725,0
4496,2707,0
4503,2699,0
4507,2699,0
4507,2700,0
4511,2708,0
4515,2722,0
4524,2738,0
4538,2751,0
4557,2761,0
4574,2764,0
4596,2761,0
4613,2745,0
4624,2722,0
4628,2704,0
4625,2688,0
4620,2680,0
4608,2676,0
4600,2681,0
4599,2690,0
4596,2706,0
4603,2724,0
4613,2737,0
4628,2745,0
4642,2745,0
4661,2733,0
4682,2711,0
4684,2693,1
4928,2690,0
4937,2683,0
4939,2673,0
4936,2663,0
4933,2652,0
4917,2642,0
4910,2637,0
4897,2636,0
4890,2646,0
4881,2659,0
4881,2681,0
4884,2707,0
4891,2731,0
4897,2745,0
4912,2756,0
4944,2767,0
4964,2758,0
4976,2741,0
4985,2727,0
4988,2716,0
4982,2702,0
4970,2698,0
4970,2698,0
4970,2699,0
4971,2697,0
4966,2697,0
4975,2697,0
4987,2695,0
5000,2683,0
5015,2673,0
5026,2663,0
5036,2662,0
5039,2665,0
5048,2674,0
5046,2685,0
5049,2702,0
5043,2712,0
5047,2719,0
5050,2721,0
5052,2720,0
5057,2719,0
5068,2709,0
5083,2700,0
5094,2690,0
5107,2685,0
5115,2688,0
5123,2697,0
5128,2712,0
5136,2729,0
5142,2742,0
5151,2750,0
5160,2750,0
5173,2737,1
5456,2678,0
5467,2658,0
5473,2639,0
5467,2626,0
5457,2620,0
5442,2621,0
5421,2626,0
5405,2639,0
5392,2654,0
5385,2672,0
5388,2692,0
5391,2710,0
5400,2726,0
5414,2733,0
5427,2735,0
5443,2731,0
5460,2721,0
5472,2707,0
5482,2697,0
5486,2690,0
5487,2688,0
5487,2690,0
5482,2690,0
5488,2704,0
5489,2719,0
5494,2733,0
5504,2747,0
5511,2751,0
5522,2749,1
5743,2516,0
5747,2517,0
5754,2529,0
5751,2545,0
5745,2566,0
5740,2593,0
5741,2625,0
5739,2655,0
5734,2680,0
5737,2701,0
5737,2708,0
5738,2705,0
5744,2688,1
5704,2601,0
5721,2610,0
5731,2618,0
5748,2620,0
5760,2614,0
5776,2609,0
5788,2604,0
5803,2601,0
5814,2606,0
5827,2617,0
5842,2656,0
5838,2673,0
5836,2693,0
5836,2702,0
5832,2702,0
5835,2703,0
5833,2691,0
5836,2675,0
5842,2655,0
5845,2634,0
5839,2617,0
5836,2607,0
5837,2605,0
5838,2604,0
5846,2606,0
5856,2612,0
5870,2618,0
5890,2624,0
5909,2622,0
5933,2618,0
5950,2612,0
5967,2606,0
5972,2603,0
5981,2603,0
5978,2601,0
5976,2604,0
5972,2605,0
5963,2613,0
5947,2625,0
5944,2642,0
5935,2660,0
5933,2671,0
5935,2677,0
5942,2681,0
5957,2677,0
5976,2666,0
5989,2649,0
5999,2639,0
5997,2634,0
6001,2637,0
5999,2638,0
5993,2643,0
5995,2656,0
5998,2669,0
6001,2680,0
6011,2687,0
6024,2688,0
6042,2679,0
6058,2663,0
6071,2648,0
6080,2631,0
6086,2616,0
6090,2608,0
6091,2606,0
6095,2609,0
6090,2618,0
6087,2633,0
6085,2647,0
6092,2659,0
6095,2663,0
6107,2665,0
6117,2661,0
6130,2654,0
6145,2642,0
6161,2627,0
6172,2613,0
6186,2602,0
6201,2589,0
6209,2574,0
6215,2561,0
6222,2547,0
6225,2538,0
6227,2534,0
6225,2538,0
6228,2532,0
6222,2536,0
6220,2550,0
6215,2571,0
6214,2600,0
6210,2618,0
6213,2629,0
6220,2634,0
6229,2634,0
6235,2630,0
6247,2624,0
6252,2614,1
6126,2526,0
6125,2526,0
6121,2514,1