he said abruptly.
303
1382,3639,0
1380,3640,0
1377,3640,0
1377,3652,0
1372,3665,0
1370,3688,0
1370,3725,0
1371,3761,0
1370,3797,0
1369,3825,0
1370,3858,0
1368,3881,0
1368,3893,0
1366,3901,0
1366,3901,0
1368,3901,0
1368,3894,0
1370,3870,0
1379,3845,0
1395,3814,0
1418,3793,0
1440,3775,0
1460,3765,0
1477,3762,0
1488,3761,0
1495,3773,0
1498,3796,0
1498,3821,0
1496,3848,0
1494,3870,0
1498,3889,0
1508,3904,0
1517,3911,1
1626,3812,0
1622,3812,0
1621,3817,0
1621,3817,0
1622,3821,0
1623,3820,0
1627,3820,0
1635,3810,0
1650,3805,0
1662,3794,0
1669,3781,0
1674,3776,0
1668,3769,1
1610,3782,0
1592,3808,0
1581,3842,0
1575,3872,0
1581,3894,0
1596,3901,0
1626,3901,0
1660,3880,1
2099,3684,0
2099,3684,0
2098,3684,0
2092,3687,0
2080,3694,0
2063,3702,0
2051,3713,0
2044,3724,0
2042,3729,0
2043,3732,0
2052,3743,0
2066,3756,0
2081,3764,0
2097,3776,0
2108,3789,0
2108,3798,0
2102,3812,0
2093,3826,0
2081,3843,0
2064,3851,0
2048,3855,1
2269,3710,0
2261,3705,0
2246,3705,0
2227,3711,0
2205,3727,1
2172,3770,0
2166,3793,0
2171,3808,0
2178,3810,0
2196,3810,0
2217,3795,0
2239,3775,0
2258,3756,1
2280,3723,0
2281,3715,0
2280,3715,0
2280,3723,0
2275,3742,0
2268,3766,0
2267,3791,0
2268,3807,1
2391,3701,0
2388,3702,0
2391,3723,0
2388,3740,0
2386,3763,1
2401,3582,0
2401,3578,0
2401,3578,0
2402,3581,0
2399,3587,1
2531,3703,0
2526,3700,0
2515,3696,0
2504,3696,0
2495,3703,0
2485,3720,0
2473,3738,0
2466,3762,0
2464,3785,1
2480,3792,0
2492,3782,0
2511,3775,0
2525,3756,0
2541,3737,0
2552,3707,0
2564,3679,0
2569,3647,0
2572,3616,0
2574,3593,0
2577,3587,0
2575,3583,0
2574,3588,0
2568,3604,0
2562,3641,0
2555,3689,0
2555,3740,0
2555,3770,0
2562,3793,0
2567,3800,1
3107,3686,0
3100,3686,0
3086,3685,0
3069,3685,0
3052,3694,0
3041,3714,0
3028,3735,0
3016,3751,0
3010,3772,0
3007,3788,0
3011,3799,0
3017,3800,0
3028,3799,1
3126,3717,0
3128,3735,0
3126,3754,0
3129,3775,0
3132,3791,1
3190,3566,0
3190,3566,0
3192,3575,0
3197,3595,0
3202,3629,0
3211,3672,0
3215,3711,0
3217,3747,0
3215,3781,0
3214,3809,0
3209,3830,0
3205,3837,0
3204,3839,0
3207,3836,0
3206,3817,0
3215,3799,0
3228,3781,0
3243,3768,0
3257,3756,0
3267,3744,0
3279,3737,0
3288,3736,0
3291,3738,0
3296,3751,0
3294,3771,0
3290,3796,0
3279,3817,0
3268,3834,0
3252,3843,1
3388,3725,0
3392,3728,0
3392,3732,0
3398,3743,0
3396,3754,0
3398,3771,0
3399,3790,0
3397,3800,0
3396,3806,0
3398,3810,0
3395,3807,0
3399,3808,0
3399,3804,0
3404,3790,0
3417,3773,0
3434,3748,0
3465,3737,1
3616,3788,0
3618,3807,0
3623,3818,0
3629,3824,0
3637,3828,0
3645,3827,0
3657,3824,0
3670,3810,0
3686,3788,0
3700,3764,0
3718,3746,0
3729,3732,0
3735,3728,0
3732,3725,0
3734,3728,0
3734,3738,0
3730,3756,0
3728,3778,0
3729,3797,0
3729,3811,0
3732,3819,1
3800,3713,0
3797,3711,0
3798,3715,0
3798,3725,0
3795,3752,0
3789,3782,0
3788,3813,0
3785,3839,0
3787,3863,0
3783,3876,0
3783,3885,0
3784,3890,0
3781,3887,1
3819,3759,0
3829,3742,0
3839,3733,0
3846,3729,0
3850,3731,0
3846,3729,0
3848,3737,0
3846,3754,0
3840,3779,0
3833,3805,0
3822,3822,0
3810,3831,0
3802,3836,0
3792,3834,0
3784,3831,0
3776,3822,1
3992,3589,1
3993,3652,0
3993,3688,0
3995,3722,0
3993,3754,0
3989,3778,0
3987,3796,0
3986,3807,0
3985,3812,1
3961,3744,0
3958,3742,0
3966,3741,0
3981,3734,0
4005,3730,1
4104,3614,0
4101,3643,0
4091,3678,0
4085,3715,0
4080,3745,0
4084,3769,0
4092,3782,0
4108,3790,0
4126,3790,1
4295,3728,0
4287,3735,0
4273,3753,0
4258,3782,0
4243,3812,0
4228,3835,0
4215,3851,0
4208,3867,0
4203,3877,1
4191,3718,0
4194,3732,0
4200,3752,0
4211,3770,0
4222,3782,1
4381,3790,0
4384,3793,0
4380,3790,0
4380,3790,0
4382,3794,0
4379,3792,0
4378,3793,0
4377,3793,0
4376,3795,0
4379,3797,0
4375,3795,0
4379,3798,0
4378,3798,0
4376,3795,0
4376,3795,0
4378,3793,0
4385,3791,1