&quot;We &apos;ll leave it as we planned it last
785
454,1642,0
448,1639,0
449,1644,0
451,1654,0
455,1668,0
463,1689,0
470,1705,0
475,1724,0
480,1742,0
482,1752,0
485,1762,0
490,1768,0
492,1768,1
506,1642,0
508,1642,0
513,1640,0
521,1648,0
529,1663,0
535,1674,0
540,1689,0
546,1707,0
552,1718,0
559,1725,0
567,1723,0
567,1722,0
564,1718,1
658,1705,0
658,1705,0
658,1705,0
659,1708,0
659,1713,0
658,1708,0
660,1722,0
662,1738,0
665,1759,0
669,1786,0
675,1816,0
678,1842,0
682,1867,0
687,1893,0
688,1910,0
689,1922,0
689,1922,0
690,1923,0
691,1923,0
693,1915,0
696,1899,0
699,1875,0
705,1856,0
712,1833,0
720,1814,0
726,1800,0
732,1792,0
737,1789,0
744,1795,0
750,1808,0
757,1831,0
764,1856,0
770,1877,0
775,1898,0
778,1906,0
781,1912,0
785,1916,0
787,1908,0
791,1897,0
799,1878,0
806,1843,0
817,1808,0
828,1773,0
838,1739,0
849,1716,0
857,1697,0
866,1690,0
872,1686,0
878,1688,1
886,1822,0
890,1821,0
898,1823,0
907,1812,0
924,1822,0
935,1814,0
948,1812,0
957,1804,0
967,1805,0
972,1797,0
974,1790,0
975,1785,0
972,1778,0
967,1773,0
957,1768,0
944,1763,0
931,1766,0
918,1780,0
900,1800,0
880,1812,0
871,1841,0
867,1860,0
874,1885,0
885,1898,0
904,1908,0
935,1915,0
970,1913,0
1003,1907,0
1029,1900,1
1182,1761,0
1179,1762,0
1180,1761,0
1180,1761,0
1184,1761,0
1187,1753,0
1194,1745,0
1201,1732,0
1211,1715,0
1223,1698,0
1233,1685,0
1237,1677,0
1240,1672,1
1375,1689,0
1375,1697,0
1380,1720,0
1377,1742,0
1374,1774,0
1365,1804,0
1363,1841,0
1354,1859,0
1354,1879,0
1354,1891,0
1355,1895,0
1355,1895,0
1355,1891,1
1467,1663,0
1468,1663,0
1469,1667,0
1474,1682,0
1479,1706,0
1474,1732,0
1474,1769,0
1465,1800,0
1459,1830,0
1464,1857,0
1469,1873,0
1474,1880,0
1477,1883,1
1845,1660,0
1848,1663,0
1854,1679,0
1857,1704,0
1859,1739,0
1856,1771,0
1853,1808,0
1845,1843,0
1844,1874,0
1848,1902,0
1852,1918,0
1856,1930,0
1856,1930,1
1922,1837,0
1925,1840,0
1925,1839,0
1933,1840,0
1944,1838,0
1958,1836,0
1973,1832,0
1993,1826,0
2007,1814,0
2024,1804,0
2034,1789,0
2047,1781,0
2048,1771,0
2045,1763,0
2032,1758,0
2012,1756,0
1990,1764,0
1964,1774,0
1939,1788,0
1918,1803,0
1910,1825,0
1906,1840,0
1912,1855,0
1927,1870,0
1950,1877,0
1978,1875,0
2010,1867,0
2048,1859,0
2082,1850,1
2220,1831,0
2219,1828,0
2222,1821,0
2224,1804,0
2224,1785,0
2219,1769,0
2209,1756,0
2198,1751,0
2182,1746,0
2161,1746,0
2141,1755,0
2125,1771,0
2114,1792,0
2105,1812,0
2108,1833,0
2117,1851,0
2128,1858,0
2149,1864,0
2175,1867,0
2198,1861,0
2214,1850,0
2227,1838,0
2231,1819,0
2240,1803,0
2241,1788,0
2242,1777,0
2239,1770,0
2239,1770,0
2239,1771,0
2236,1771,0
2242,1787,0
2249,1807,0
2253,1824,0
2260,1843,0
2266,1857,0
2271,1870,0
2275,1877,1
2317,1730,0
2321,1732,0
2320,1733,0
2324,1740,0
2332,1755,0
2336,1772,0
2337,1791,0
2342,1812,0
2345,1826,0
2352,1836,0
2355,1838,0
2361,1839,0
2366,1834,0
2374,1824,0
2381,1807,0
2384,1785,0
2394,1766,0
2399,1746,0
2407,1735,0
2408,1728,0
2406,1725,0
2406,1725,0
2408,1728,0
2412,1735,0
2414,1745,1
2447,1821,0
2451,1822,0
2458,1822,0
2468,1820,0
2483,1817,0
2500,1813,0
2519,1807,0
2537,1802,0
2552,1794,0
2565,1788,0
2574,1778,0
2581,1772,0
2579,1764,0
2569,1757,0
2548,1754,0
2525,1759,0
2497,1762,0
2473,1768,0
2453,1779,0
2444,1793,0
2429,1804,0
2436,1825,0
2437,1840,0
2453,1857,0
2479,1872,0
2512,1882,0
2551,1885,0
2588,1879,0
2629,1875,1
2936,1790,0
2938,1788,0
2940,1786,0
2936,1784,0
2938,1788,0
2939,1792,0
2937,1807,0
2935,1828,0
2934,1847,0
2931,1862,0
2935,1876,0
2938,1884,0
2942,1886,1
2914,1635,0
2918,1637,0
2915,1634,0
2916,1633,0
2924,1637,1
3058,1619,0
3055,1623,0
3054,1638,0
3054,1657,0
3052,1679,0
3049,1704,0
3047,1733,0
3048,1763,0
3048,1788,0
3051,1809,0
3057,1828,0
3055,1842,0
3056,1854,1
3000,1795,0
3001,1794,0
3005,1790,0
3006,1782,0
3023,1775,0
3045,1768,0
3070,1761,0
3093,1757,0
3114,1756,1
3479,1807,0
3480,1804,0
3482,1801,0
3489,1793,0
3491,1783,0
3485,1768,0
3482,1759,0
3473,1751,0
3454,1744,0
3437,1747,0
3416,1756,0
3390,1768,0
3366,1787,0
3349,1809,0
3338,1832,0
3336,1855,0
3339,1872,0
3350,1884,0
3361,1888,0
3381,1888,0
3397,1880,0
3416,1867,0
3434,1849,0
3451,1826,0
3466,1804,0
3473,1788,0
3479,1772,0
3484,1762,0
3484,1756,0
3487,1758,0
3486,1761,0
3482,1773,0
3479,1792,0
3477,1809,0
3476,1826,0
3477,1837,0
3477,1844,1
3670,1777,0
3674,1771,0
3675,1761,0
3677,1751,0
3669,1740,0
3660,1734,0
3642,1732,0
3621,1736,0
3601,1744,0
3584,1757,0
3560,1764,0
3555,1779,0
3559,1795,0
3571,1812,0
3589,1830,0
3601,1841,0
3613,1851,0
3621,1860,0
3617,1860,0
3615,1863,0
3601,1869,0
3580,1871,0
3561,1871,0
3538,1868,0
3522,1864,1
3905,1774,0
3905,1773,0
3906,1771,0
3908,1768,0
3909,1768,0
3906,1770,0
3912,1777,0
3912,1792,0
3913,1816,0
3912,1841,0
3913,1862,0
3913,1884,0
3916,1898,0
3923,1908,0
3925,1912,0
3930,1911,0
3934,1905,0
3941,1894,0
3952,1875,0
3961,1853,0
3968,1833,0
3971,1818,0
3971,1809,0
3969,1807,0
3972,1809,0
3974,1814,0
3976,1826,0
3974,1845,0
3976,1867,0
3975,1884,0
3977,1896,0
3982,1903,0
3983,1903,0
3988,1902,0
3997,1894,0
4006,1878,0
4017,1858,0
4028,1841,0
4032,1824,0
4034,1812,0
4038,1805,1
4065,1864,0
4069,1865,0
4070,1864,0
4070,1862,0
4082,1859,0
4094,1854,0
4111,1848,0
4124,1839,0
4147,1831,0
4165,1822,0
4181,1811,0
4193,1797,0
4203,1788,0
4202,1778,0
4197,1771,0
4178,1766,0
4157,1769,0
4131,1778,0
4109,1792,0
4097,1816,0
4086,1835,0
4088,1855,0
4103,1879,0
4124,1897,0
4145,1911,0
4181,1919,0
4222,1920,0
4265,1916,0
4299,1912,1
4550,1815,0
4553,1819,0
4560,1830,0
4567,1844,0
4576,1864,0
4581,1890,0
4578,1921,0
4575,1954,0
4570,1981,0
4570,2000,0
4568,2010,0
4572,2014,0
4572,2012,0
4570,2000,0
4567,1977,0
4572,1952,0
4577,1924,0
4587,1895,0
4596,1867,0
4607,1845,0
4623,1830,0
4642,1818,0
4671,1812,0
4693,1812,0
4712,1819,0
4719,1831,0
4716,1847,0
4712,1867,0
4695,1882,0
4678,1891,0
4657,1898,0
4642,1901,0
4623,1895,0
4617,1889,0
4614,1875,0
4614,1857,0
4618,1838,1
4801,1669,0
4804,1674,0
4804,1685,0
4809,1704,0
4813,1727,0
4813,1755,0
4813,1786,0
4817,1818,0
4818,1845,0
4816,1868,0
4816,1888,0
4818,1903,0
4826,1913,1
4989,1923,0
4991,1920,0
4998,1913,0
5008,1901,0
5010,1886,0
5009,1868,0
5003,1851,0
4992,1837,0
4975,1827,0
4956,1821,0
4937,1822,0
4913,1828,0
4895,1841,0
4883,1856,0
4880,1874,0
4881,1891,0
4888,1906,0
4901,1915,0
4916,1920,0
4941,1921,0
4961,1917,0
4980,1905,0
4999,1892,0
5014,1877,0
5023,1865,0
5033,1852,0
5035,1847,0
5036,1845,0
5039,1848,0
5045,1856,0
5047,1870,0
5049,1887,0
5053,1906,0
5060,1920,0
5064,1931,0
5070,1937,0
5074,1939,1
5125,1828,0
5125,1828,0
5125,1830,0
5128,1842,0
5125,1860,0
5117,1879,0
5113,1899,0
5112,1912,0
5110,1917,0
5110,1917,0
5110,1915,0
5117,1909,0
5120,1892,0
5124,1873,0
5137,1855,0
5148,1836,0
5161,1824,0
5182,1816,0
5199,1816,0
5215,1821,0
5230,1836,0
5234,1849,0
5242,1871,0
5243,1891,0
5244,1908,1
5279,1832,0
5279,1834,0
5282,1836,0
5290,1850,0
5290,1871,0
5284,1894,0
5276,1915,0
5269,1932,0
5265,1940,0
5265,1941,0
5266,1939,0
5269,1930,0
5277,1913,0
5285,1894,0
5301,1875,0
5318,1856,0
5336,1841,0
5356,1834,0
5371,1829,0
5389,1837,0
5397,1848,0
5407,1867,0
5407,1889,0
5407,1912,0
5409,1929,1
5476,1900,0
5479,1903,0
5479,1902,0
5490,1899,0
5509,1892,0
5526,1884,0
5542,1875,0
5554,1864,0
5567,1854,0
5570,1845,0
5573,1836,0
5564,1828,0
5552,1825,0
5526,1826,0
5501,1835,0
5484,1848,0
5465,1862,0
5464,1878,0
5467,1891,0
5481,1909,0
5491,1918,0
5516,1929,0
5537,1930,0
5567,1930,0
5587,1925,1
5745,1903,0
5750,1902,0
5751,1898,0
5754,1889,0
5758,1879,0
5757,1869,0
5748,1861,0
5735,1858,0
5714,1860,0
5699,1865,0
5679,1874,0
5670,1889,0
5659,1903,0
5654,1917,0
5653,1931,0
5653,1942,0
5659,1947,0
5670,1952,0
5680,1950,0
5692,1942,0
5709,1930,0
5723,1914,0
5735,1895,0
5747,1875,0
5757,1848,0
5766,1824,0
5769,1801,0
5767,1781,0
5764,1766,0
5758,1759,0
5759,1755,0
5755,1755,0
5754,1759,0
5749,1774,0
5745,1797,0
5741,1819,0
5742,1840,0
5744,1860,0
5747,1877,0
5752,1894,0
5757,1906,1
6018,1850,0
6018,1850,0
6018,1850,0
6019,1849,0
6020,1856,0
5897,2224,0
5896,2236,0
5895,2247,0
5894,2260,0
5896,2266,0
5894,2270,0
5895,2267,0
5895,2257,1
6001,1761,0
5998,1760,0
5999,1757,0
5999,1756,0
6003,1759,0
5998,1756,0
6003,1759,0
6009,1764,0
6008,1770,1
6158,1744,0
6158,1744,0
6162,1744,0
6158,1744,0
6165,1750,0
6161,1763,0
6159,1783,0
6156,1802,0
6153,1826,0
6153,1850,0
6154,1874,0
6160,1893,0
6164,1908,0
6168,1919,0
6169,1926,0
6169,1927,0
6176,1923,1
6137,1874,0
6137,1875,0
6141,1874,0
6146,1872,0
6172,1870,0
6194,1870,0
6212,1865,0
6237,1865,0
6254,1864,1
6492,1732,0
6495,1733,0
6498,1741,0
6500,1759,0
6501,1785,0
6497,1814,0
6491,1846,0
6486,1874,0
6490,1903,0
6490,1925,0
6493,1943,0
6499,1952,0
6502,1954,1
6657,1891,0
6661,1880,0
6665,1865,0
6668,1843,0
6661,1825,0
6647,1813,0
6623,1811,0
6592,1819,0
6563,1831,0
6540,1848,0
6530,1868,0
6528,1889,0
6539,1906,0
6550,1913,0
6568,1923,0
6580,1921,0
6599,1917,0
6618,1911,0
6638,1897,0
6652,1882,0
6663,1871,0
6663,1857,0
6659,1857,0
6661,1865,0
6657,1878,0
6659,1899,0
6660,1922,0
6661,1932,1
6799,1818,0
6797,1814,0
6798,1809,0
6791,1805,0
6775,1804,0
6751,1829,0
6751,1843,0
6753,1861,0
6757,1879,0
6761,1892,0
6767,1901,0
6768,1908,0
6769,1909,0
6769,1909,0
6758,1905,0
6745,1903,0
6730,1899,0
6715,1896,0
6700,1888,0
6698,1880,1
6887,1712,0
6902,1704,0
6913,1708,0
6920,1713,0
6927,1717,0
6930,1739,0
6932,1761,0
6922,1783,0
6920,1808,0
6917,1832,0
6922,1856,0
6922,1870,0
6922,1886,0
6924,1893,0
6927,1897,0
6930,1899,0
6930,1899,1
6888,1847,0
6884,1847,0
6884,1845,0
6908,1834,0
6932,1835,0
6956,1825,0
6976,1828,0
6980,1825,1