impatiently inside the saloon. &quot;Yes,
798
609,3601,0
611,3604,0
623,3602,0
642,3593,0
669,3568,0
682,3506,0
677,3553,0
678,3581,0
687,3602,0
690,3603,0
698,3591,0
714,3557,0
740,3507,0
757,3465,0
762,3429,0
762,3413,0
762,3413,0
763,3417,0
768,3442,0
769,3478,0
766,3526,0
768,3571,0
771,3595,0
772,3603,0
772,3599,0
773,3583,0
781,3556,0
798,3517,0
823,3470,0
843,3436,0
853,3425,0
856,3425,0
863,3442,0
866,3469,0
864,3514,0
862,3550,0
864,3578,0
867,3586,0
868,3583,0
873,3574,0
890,3547,0
920,3505,0
947,3458,0
958,3434,0
959,3431,0
960,3430,0
961,3438,0
962,3462,0
964,3491,0
967,3527,0
978,3547,0
991,3551,0
1010,3544,0
1035,3516,0
1061,3472,0
1076,3433,0
1078,3412,0
1073,3404,0
1067,3404,0
1064,3416,0
1059,3437,0
1056,3480,0
1054,3536,0
1055,3609,0
1054,3692,0
1049,3773,0
1041,3828,0
1030,3856,0
1020,3856,0
1011,3840,0
1007,3804,0
1008,3748,0
1020,3672,0
1041,3596,0
1062,3521,0
1082,3465,0
1099,3436,0
1113,3432,0
1129,3445,0
1142,3477,0
1145,3516,0
1137,3552,0
1123,3572,0
1110,3580,0
1100,3568,1
1269,3479,0
1285,3482,0
1298,3486,0
1300,3481,0
1298,3461,0
1286,3434,0
1267,3419,0
1240,3412,0
1216,3421,0
1199,3438,0
1193,3471,0
1195,3503,0
1203,3535,0
1213,3554,0
1223,3558,0
1241,3540,0
1262,3512,0
1273,3479,0
1272,3451,0
1268,3431,0
1264,3423,0
1264,3428,0
1265,3440,0
1270,3472,0
1279,3499,0
1292,3518,0
1307,3529,0
1324,3523,0
1347,3498,0
1373,3448,0
1398,3389,0
1413,3327,0
1420,3274,0
1423,3230,0
1425,3201,0
1427,3193,0
1429,3197,0
1433,3221,0
1435,3268,0
1436,3337,0
1431,3409,0
1423,3482,0
1413,3528,0
1403,3549,0
1392,3547,1
1381,3447,0
1385,3450,0
1397,3465,0
1413,3480,0
1433,3490,0
1459,3495,0
1490,3488,0
1520,3467,0
1539,3440,0
1549,3411,0
1552,3382,0
1547,3363,0
1544,3358,0
1542,3368,0
1536,3388,0
1534,3421,0
1537,3453,0
1548,3488,0
1561,3510,0
1578,3524,0
1597,3520,0
1623,3509,0
1646,3480,0
1660,3445,0
1663,3416,0
1656,3385,0
1644,3363,0
1628,3354,0
1614,3360,0
1601,3382,0
1594,3412,0
1592,3449,0
1597,3481,0
1607,3507,0
1620,3522,0
1645,3525,0
1672,3508,0
1700,3479,0
1717,3448,0
1725,3421,0
1727,3392,0
1730,3380,0
1730,3379,0
1734,3387,0
1735,3419,0
1733,3461,0
1730,3498,0
1730,3522,0
1735,3530,0
1741,3524,0
1756,3504,0
1779,3467,0
1807,3424,0
1825,3396,0
1827,3391,0
1829,3395,0
1830,3419,0
1826,3448,0
1831,3480,0
1838,3508,0
1852,3525,0
1875,3524,0
1903,3501,0
1935,3455,0
1965,3393,0
1989,3328,0
1998,3264,0
2000,3209,0
1997,3172,0
1995,3159,0
1997,3163,0
1999,3184,0
1998,3230,0
1997,3297,0
2000,3375,0
1992,3444,0
1986,3491,0
1983,3517,0
1968,3513,0
1958,3491,1
1935,3381,0
1935,3381,0
1941,3387,0
1958,3407,0
1982,3426,0
2008,3435,0
2040,3430,0
2073,3408,0
2098,3370,0
2116,3318,0
2119,3263,0
2115,3218,0
2106,3182,0
2104,3175,0
2104,3180,0
2099,3206,0
2092,3263,0
2087,3332,0
2078,3406,0
2081,3477,0
2088,3520,0
2099,3542,0
2115,3542,0
2139,3522,0
2205,3419,0
2209,3388,0
2207,3380,0
2185,3439,0
2192,3474,0
2203,3500,0
2222,3519,0
2241,3521,0
2268,3507,0
2299,3474,0
2311,3445,0
2306,3416,0
2306,3395,0
2304,3392,0
2306,3400,0
2311,3432,0
2311,3492,0
2297,3861,0
2282,3937,0
2263,3994,0
2242,4034,0
2231,4049,0
2229,4046,0
2236,4031,0
2238,3997,0
2244,3945,0
2256,3883,0
2253,3829,0
2250,3788,0
2255,3748,1
1553,3168,0
1554,3168,0
1555,3171,0
1554,3168,0
1556,3171,1
736,3173,0
744,3182,0
745,3186,0
745,3186,0
747,3186,0
748,3187,0
746,3187,0
744,3186,0
745,3186,1
2601,3458,0
2603,3466,0
2607,3468,0
2613,3470,0
2627,3464,0
2648,3440,0
2678,3403,0
2705,3367,0
2722,3336,0
2735,3312,0
2738,3291,0
2743,3285,0
2743,3279,0
2744,3288,0
2741,3313,0
2731,3354,0
2720,3400,0
2712,3445,0
2710,3481,0
2709,3495,0
2706,3488,0
2709,3477,0
2729,3450,0
2755,3409,0
2783,3363,0
2801,3322,0
2811,3298,0
2819,3288,0
2821,3288,0
2824,3295,0
2826,3313,0
2823,3341,0
2819,3380,0
2811,3416,0
2805,3433,0
2809,3440,0
2809,3436,0
2811,3421,0
2820,3397,0
2842,3368,0
2866,3331,0
2891,3298,0
2915,3280,0
2932,3279,0
2936,3286,0
2939,3303,0
2937,3336,0
2924,3367,0
2912,3402,0
2911,3434,0
2910,3444,0
2912,3447,0
2917,3445,0
2934,3431,0
2961,3401,0
2993,3363,0
3018,3329,0
3035,3305,0
3047,3288,0
3064,3282,0
3076,3279,0
3085,3293,0
3097,3319,0
3091,3350,0
3081,3390,0
3064,3419,0
3040,3429,0
3023,3426,0
3006,3412,0
3001,3406,0
3003,3404,0
3007,3402,0
3025,3401,0
3059,3404,0
3086,3397,0
3115,3387,0
3141,3366,0
3168,3344,0
3181,3321,0
3186,3303,0
3188,3291,0
3187,3288,0
3190,3291,0
3185,3299,0
3174,3325,0
3160,3358,0
3156,3395,0
3156,3422,0
3163,3442,0
3173,3450,0
3190,3449,0
3219,3434,0
3255,3415,1
3300,3316,0
3301,3315,0
3300,3313,0
3298,3308,0
3291,3303,0
3275,3300,0
3254,3310,0
3239,3329,0
3232,3349,0
3233,3373,0
3238,3392,0
3246,3402,0
3258,3404,0
3274,3388,0
3294,3355,0
3317,3315,0
3335,3257,0
3349,3203,0
3357,3156,0
3361,3128,0
3364,3121,0
3361,3122,0
3361,3139,0
3346,3175,0
3334,3233,0
3322,3296,0
3316,3350,0
3321,3390,0
3329,3413,0
3346,3426,0
3365,3417,0
3397,3390,0
3427,3344,0
3440,3299,0
3434,3269,0
3421,3247,0
3405,3240,0
3392,3245,0
3380,3264,0
3371,3295,0
3364,3330,0
3370,3365,0
3385,3394,0
3404,3414,0
3426,3428,0
3448,3428,0
3471,3410,0
3493,3380,1
3221,3143,0
3223,3146,0
3223,3146,0
3223,3146,0
3223,3146,1
2782,3140,0
2783,3139,0
2782,3140,0
2782,3140,0
2783,3139,0
2786,3142,0
2783,3139,0
2791,3144,0
2816,3143,1
3633,3279,0
3651,3279,0
3674,3261,0
3699,3234,0
3727,3199,0
3753,3155,0
3776,3114,0
3794,3074,0
3805,3042,0
3815,3028,0
3814,3023,0
3818,3030,0
3817,3052,0
3814,3094,0
3807,3155,0
3793,3221,0
3783,3289,0
3762,3344,0
3752,3384,0
3737,3401,0
3733,3404,0
3727,3389,0
3728,3363,0
3728,3331,0
3732,3311,0
3730,3302,0
3730,3302,0
3735,3308,0
3742,3313,0
3757,3322,0
3776,3321,0
3810,3313,0
3851,3287,0
3889,3248,0
3916,3206,0
3935,3163,0
3943,3120,0
3940,3084,0
3935,3066,0
3935,3060,0
3936,3065,0
3933,3086,0
3921,3125,0
3913,3177,0
3899,3233,0
3884,3291,0
3874,3332,0
3867,3353,0
3870,3356,0
3870,3346,0
3880,3326,0
3903,3295,0
3926,3257,0
3935,3233,0
3940,3233,0
3938,3235,0
3943,3253,0
3948,3286,0
3950,3322,0
3958,3358,0
3971,3385,0
3986,3398,0
4002,3394,0
4030,3380,0
4055,3351,0
4068,3316,0
4080,3289,0
4076,3264,0
4067,3251,0
4063,3255,0
4051,3267,0
4041,3298,0
4038,3334,0
4041,3369,0
4048,3395,0
4061,3411,0
4080,3414,1
4217,3340,0
4222,3341,0
4229,3328,0
4244,3308,0
4265,3279,0
4282,3245,0
4299,3210,0
4319,3183,0
4339,3173,0
4352,3182,0
4363,3212,0
4365,3250,0
4362,3294,0
4347,3333,0
4330,3363,0
4308,3373,0
4300,3370,1
4463,3245,0
4469,3243,0
4468,3233,0
4466,3218,0
4460,3213,0
4445,3205,0
4424,3205,0
4411,3225,0
4398,3256,0
4395,3295,0
4391,3334,0
4400,3365,0
4410,3378,0
4427,3377,0
4447,3356,0
4464,3326,0
4474,3292,0
4470,3261,0
4459,3243,0
4455,3242,0
4449,3253,0
4444,3283,0
4444,3318,0
4451,3352,0
4463,3373,0
4480,3380,0
4507,3368,0
4538,3334,0
4565,3286,0
4586,3233,0
4603,3177,0
4606,3123,0
4613,3084,0
4614,3063,0
4613,3059,0
4611,3068,0
4607,3097,0
4596,3142,0
4582,3195,0
4570,3262,0
4565,3329,0
4562,3373,0
4574,3401,0
4597,3418,0
4630,3417,1
4746,3298,0
4739,3289,0
4729,3282,0
4712,3276,0
4690,3276,0
4673,3280,0
4664,3296,0
4657,3321,0
4659,3356,0
4668,3388,0
4683,3407,0
4705,3411,0
4731,3402,0
4744,3374,0
4750,3343,0
4741,3310,0
4732,3284,0
4722,3270,0
4720,3267,0
4722,3270,0
4727,3278,0
4734,3288,0
4755,3300,0
4780,3309,0
4816,3310,0
4849,3300,0
4866,3292,0
4873,3284,0
4872,3273,0
4870,3268,0
4869,3271,0
4848,3276,0
4825,3297,0
4808,3325,0
4800,3358,0
4796,3394,0
4803,3423,0
4811,3437,0
4834,3441,0
4866,3429,0
4887,3398,0
4892,3368,0
4882,3335,0
4864,3306,0
4849,3288,0
4840,3280,0
4842,3284,0
4838,3289,0
4842,3303,0
4852,3315,0
4867,3322,0
4890,3320,0
4912,3317,0
4929,3310,0
4943,3300,0
4946,3282,0
4953,3267,0
4956,3257,0
4956,3257,0
4958,3262,0
4957,3276,0
4956,3303,0
4944,3329,0
4938,3363,0
4928,3387,0
4924,3403,0
4923,3399,0
4928,3387,0
4938,3356,0
4956,3315,0
4973,3281,0
4990,3255,0
4997,3244,0
4996,3240,0
5002,3245,0
5008,3256,0
5014,3274,0
5023,3296,0
5019,3313,0
5017,3329,0
5016,3336,0
5020,3337,0
5018,3334,0
5023,3327,0
5041,3317,0
5061,3306,0
5079,3303,0
5088,3310,0
5095,3320,0
5097,3338,0
5097,3356,0
5099,3380,0
5103,3395,0
5110,3404,0
5127,3409,0
5144,3407,1
5181,3340,0
5183,3344,0
5183,3344,0
5184,3343,0
5183,3344,0
5185,3347,0
5185,3348,0
5188,3350,0
5186,3346,0
5187,3346,0
5191,3347,0
5190,3348,0
5190,3348,0
5190,3349,0
5192,3346,0
5199,3337,0
5209,3330,1
5504,3117,0
5502,3119,0
5503,3140,0
5494,3168,0
5483,3198,0
5484,3226,0
5485,3237,1
5499,3246,0
5499,3244,0
5515,3237,0
5530,3215,0
5547,3196,0
5552,3189,0
5555,3191,0
5557,3196,0
5557,3210,0
5557,3231,0
5557,3253,0
5561,3268,0
5570,3276,0
5586,3274,1
5658,3181,0
5654,3180,0
5651,3184,0
5655,3186,0
5656,3185,0
5661,3177,0
5679,3163,0
5699,3148,0
5721,3137,0
5726,3136,0
5725,3137,0
5727,3142,0
5725,3153,0
5706,3173,0
5689,3207,0
5671,3256,0
5648,3310,0
5644,3359,0
5644,3400,0
5653,3430,0
5663,3436,0
5693,3428,0
5732,3393,0
5772,3341,0
5801,3284,0
5822,3231,0
5829,3188,0
5834,3160,0
5841,3141,0
5838,3137,0
5839,3150,0
5834,3180,0
5824,3235,0
5807,3311,0
5785,3408,0
5759,3514,0
5730,3616,0
5698,3704,0
5675,3761,0
5647,3789,0
5640,3792,1
5651,3738,0
5670,3689,0
5696,3634,0
5730,3582,0
5771,3532,0
5815,3484,0
5854,3435,0
5885,3389,0
5910,3352,0
5918,3317,0
5919,3293,0
5909,3280,0
5898,3282,0
5886,3300,0
5870,3333,0
5858,3371,0
5856,3411,0
5856,3445,0
5866,3474,0
5881,3487,0
5906,3486,0
5936,3470,0
5967,3447,0
5985,3419,0
6002,3393,0
6020,3366,0
6042,3346,0
6054,3334,0
6078,3341,0
6082,3358,0
6083,3385,0
6080,3428,0
6068,3469,0
6054,3502,0
6036,3523,0
6022,3528,0
6008,3522,0
5999,3506,0
6001,3489,1
6210,3455,0
6215,3455,0
6218,3450,0
6219,3448,0
6219,3449,0
6218,3450,0
6214,3464,0
6198,3496,0
6179,3539,0
6169,3577,0
6168,3606,0
6166,3638,1