warm lights last evening?
614
687,3465,0
665,3503,0
654,3546,0
646,3602,0
648,3650,0
654,3679,0
663,3696,0
674,3701,0
684,3699,0
692,3691,0
698,3676,0
706,3653,0
708,3621,0
712,3601,0
716,3581,0
722,3574,0
723,3578,0
728,3587,0
733,3607,0
738,3636,0
743,3665,0
750,3686,0
761,3698,0
774,3703,0
794,3693,0
813,3671,0
832,3644,0
848,3605,0
859,3565,0
862,3526,0
860,3497,0
851,3481,0
848,3477,0
843,3465,0
837,3456,0
847,3456,0
859,3450,1
1019,3460,0
1016,3455,0
1010,3452,0
999,3448,0
986,3447,0
972,3459,0
956,3470,0
941,3502,0
931,3537,0
920,3577,0
916,3621,0
919,3653,0
930,3673,0
945,3686,0
966,3687,0
984,3675,0
1007,3655,0
1027,3620,0
1037,3585,0
1039,3549,0
1037,3525,0
1032,3508,0
1030,3504,0
1029,3501,0
1030,3504,0
1031,3513,0
1035,3532,0
1044,3572,0
1049,3617,0
1056,3665,0
1063,3700,0
1074,3724,0
1088,3732,1
1148,3532,0
1143,3508,0
1138,3500,0
1138,3500,0
1138,3501,0
1138,3508,0
1140,3528,0
1144,3568,0
1148,3604,0
1150,3640,0
1150,3667,0
1148,3688,0
1147,3688,0
1148,3691,0
1147,3688,0
1139,3656,0
1136,3616,0
1132,3568,0
1129,3525,0
1127,3489,0
1128,3472,0
1129,3464,0
1132,3460,0
1140,3460,0
1156,3460,0
1179,3455,0
1208,3454,0
1236,3440,1
1286,3431,0
1288,3438,0
1290,3450,0
1292,3469,0
1295,3501,0
1299,3533,0
1303,3577,0
1308,3621,0
1312,3657,0
1317,3681,0
1320,3689,0
1324,3688,0
1326,3676,0
1324,3648,0
1320,3608,0
1317,3564,0
1321,3524,0
1329,3487,0
1344,3462,0
1360,3448,0
1372,3444,0
1387,3458,0
1402,3485,0
1417,3524,0
1431,3562,0
1441,3593,0
1450,3625,0
1452,3633,0
1453,3632,0
1455,3632,0
1454,3616,0
1455,3588,0
1459,3544,0
1469,3498,0
1483,3460,0
1499,3438,0
1512,3436,0
1522,3443,0
1532,3465,0
1546,3504,0
1556,3543,0
1565,3578,0
1570,3609,0
1574,3633,0
1575,3650,0
1575,3658,0
1575,3661,0
1576,3662,1
2027,3246,0
2018,3265,0
2012,3296,0
2013,3334,0
2014,3375,0
2022,3427,0
2029,3479,0
2034,3532,0
2041,3576,0
2047,3602,0
2056,3617,0
2069,3626,0
2080,3619,0
2094,3606,0
2104,3570,0
2115,3529,0
2125,3484,0
2133,3448,0
2137,3426,0
2139,3420,0
2141,3424,0
2139,3424,0
2141,3440,0
2149,3481,0
2154,3521,0
2159,3561,0
2162,3593,0
2163,3614,0
2166,3630,1
2166,3297,0
2161,3295,0
2158,3296,0
2157,3296,0
2160,3304,0
2165,3315,0
2175,3329,0
2183,3338,0
2194,3351,1
2337,3440,0
2338,3435,0
2339,3435,0
2335,3427,0
2327,3413,0
2318,3408,0
2306,3409,0
2290,3423,0
2268,3444,0
2246,3477,0
2229,3520,0
2221,3561,0
2225,3602,0
2241,3631,0
2265,3644,0
2295,3647,0
2325,3636,0
2347,3611,0
2362,3580,0
2370,3547,0
2370,3513,0
2367,3488,0
2364,3476,0
2362,3472,0
2362,3472,0
2362,3477,0
2365,3484,0
2377,3510,0
2396,3545,0
2420,3588,0
2444,3638,0
2461,3692,0
2469,3753,0
2465,3810,0
2457,3868,0
2443,3912,0
2423,3936,0
2408,3954,0
2383,3947,0
2360,3928,0
2338,3894,1
2393,3296,0
2392,3301,0
2397,3312,0
2400,3332,0
2408,3368,0
2416,3407,0
2424,3452,0
2433,3501,0
2437,3542,0
2437,3572,0
2434,3586,0
2433,3591,0
2433,3591,0
2434,3590,0
2436,3585,0
2437,3567,0
2441,3540,0
2453,3509,0
2474,3488,0
2497,3469,0
2516,3457,0
2536,3462,0
2548,3478,0
2559,3512,0
2569,3551,0
2572,3585,0
2577,3613,0
2583,3628,0
2589,3631,1
2615,3261,0
2608,3277,0
2610,3313,0
2614,3355,0
2621,3400,0
2632,3448,0
2644,3490,0
2651,3531,0
2656,3568,0
2659,3595,0
2662,3615,0
2663,3622,0
2665,3622,1
2589,3507,0
2591,3507,0
2593,3501,0
2607,3491,0
2631,3479,1
2820,3434,0
2834,3431,0
2837,3424,0
2839,3424,0
2834,3422,0
2819,3416,0
2800,3418,0
2777,3425,0
2760,3438,0
2748,3448,0
2748,3453,0
2755,3463,0
2772,3477,0
2793,3489,0
2819,3506,0
2849,3527,0
2874,3546,0
2897,3570,0
2903,3589,0
2904,3611,0
2888,3624,0
2874,3641,0
2851,3643,0
2825,3643,0
2794,3636,0
2758,3622,0
2733,3612,0
2714,3600,0
2704,3582,1
3127,3256,0
3125,3267,0
3126,3290,0
3127,3322,0
3132,3367,0
3137,3411,0
3141,3452,0
3145,3491,0
3146,3528,0
3150,3563,0
3149,3588,0
3154,3608,0
3157,3619,1
3335,3428,0
3334,3420,0
3324,3407,0
3309,3398,0
3288,3394,0
3271,3405,0
3247,3421,0
3232,3455,0
3211,3483,0
3205,3525,0
3201,3560,0
3206,3590,0
3213,3604,0
3226,3611,0
3250,3610,0
3272,3590,0
3300,3559,0
3320,3522,0
3339,3489,0
3346,3460,0
3349,3443,0
3354,3445,0
3350,3443,0
3351,3446,0
3356,3462,0
3361,3493,0
3366,3530,0
3368,3566,0
3375,3600,0
3380,3620,0
3390,3632,0
3402,3629,0
3419,3619,1
3530,3431,0
3516,3427,0
3494,3424,0
3472,3425,0
3449,3432,0
3438,3439,0
3430,3440,0
3437,3450,0
3449,3460,0
3472,3479,0
3498,3498,0
3529,3522,0
3553,3549,0
3569,3572,0
3569,3592,0
3561,3612,0
3547,3627,0
3527,3636,0
3506,3636,0
3479,3626,0
3457,3616,0
3437,3595,0
3426,3575,0
3423,3547,0
3428,3515,1
3608,3300,0
3609,3304,0
3609,3309,0
3618,3332,0
3626,3362,0
3638,3399,0
3641,3432,0
3644,3470,0
3649,3512,0
3645,3550,0
3646,3584,0
3648,3608,0
3646,3619,1
3592,3515,0
3588,3513,0
3590,3511,0
3604,3506,0
3626,3494,0
3657,3480,0
3689,3465,0
3719,3452,0
3744,3446,1
3959,3585,0
3962,3584,0
3971,3576,0
3986,3562,0
4005,3540,0
4031,3519,0
4053,3494,0
4066,3471,0
4078,3449,0
4080,3426,0
4077,3406,0
4071,3395,0
4056,3393,0
4046,3407,0
4031,3427,0
4014,3458,0
4003,3500,0
4004,3547,0
4010,3584,0
4027,3617,0
4052,3638,0
4085,3646,0
4121,3646,0
4155,3633,0
4181,3609,0
4204,3583,0
4218,3554,0
4226,3519,0
4234,3484,0
4239,3457,0
4239,3436,0
4241,3428,0
4238,3425,0
4237,3426,0
4243,3437,0
4248,3460,0
4259,3498,0
4273,3541,0
4291,3584,0
4304,3621,0
4318,3652,0
4330,3674,0
4342,3684,0
4347,3685,0
4355,3684,0
4354,3674,0
4362,3655,0
4367,3617,0
4374,3566,0
4383,3513,0
4390,3467,0
4397,3437,0
4402,3419,1
4478,3648,0
4482,3650,0
4488,3639,0
4503,3619,0
4519,3586,0
4536,3546,0
4547,3501,0
4553,3465,0
4546,3444,0
4534,3444,0
4518,3456,0
4503,3482,0
4491,3518,0
4490,3565,0
4490,3609,0
4506,3650,0
4522,3678,0
4540,3694,0
4567,3702,0
4594,3699,0
4617,3681,0
4642,3655,0
4659,3620,0
4675,3580,0
4681,3544,0
4687,3520,0
4689,3518,0
4686,3521,0
4692,3545,0
4688,3573,0
4690,3611,0
4695,3646,0
4703,3678,0
4698,3694,0
4698,3706,0
4699,3705,0
4700,3703,0
4695,3691,0
4694,3670,0
4690,3634,0
4689,3589,0
4694,3543,0
4703,3503,0
4720,3473,0
4744,3459,0
4765,3454,0
4783,3462,0
4804,3488,0
4821,3527,0
4839,3575,0
4851,3626,0
4856,3668,0
4865,3700,1
4955,3491,0
4950,3491,0
4953,3498,0
4957,3526,0
4961,3563,0
4968,3604,0
4977,3642,0
4983,3671,0
4990,3687,1
4961,3403,0
4962,3402,0
4960,3399,0
4963,3401,0
4970,3405,1
5045,3540,0
5042,3561,0
5040,3594,0
5047,3629,0
5048,3664,0
5051,3691,0
5056,3715,0
5057,3733,0
5055,3740,0
5057,3739,0
5058,3737,0
5052,3721,0
5049,3694,0
5041,3654,0
5038,3615,0
5039,3571,0
5047,3538,0
5060,3509,0
5080,3492,0
5105,3486,0
5129,3489,0
5155,3508,0
5174,3541,0
5190,3585,0
5202,3633,0
5199,3672,0
5200,3708,0
5199,3728,0
5204,3734,1
5390,3554,0
5390,3534,0
5383,3517,0
5373,3505,0
5354,3502,0
5334,3508,0
5308,3529,0
5281,3555,0
5258,3590,0
5251,3624,0
5253,3648,0
5269,3665,0
5291,3676,0
5320,3677,0
5349,3669,0
5367,3653,0
5383,3633,0
5390,3617,0
5392,3596,0
5389,3580,0
5388,3568,0
5388,3569,0
5383,3568,0
5385,3573,0
5389,3580,0
5398,3608,0
5414,3651,0
5431,3701,0
5451,3752,0
5467,3802,0
5479,3856,0
5486,3911,0
5482,3958,0
5466,4001,0
5450,4037,0
5426,4063,0
5394,4076,0
5354,4077,0
5310,4072,0
5270,4063,0
5226,4044,0
5185,4024,0
5158,4007,0
5137,3993,0
5120,3977,1
5525,3368,0
5516,3353,0
5511,3333,0
5516,3313,0
5532,3296,0
5557,3281,0
5586,3268,0
5621,3265,0
5653,3275,0
5681,3291,0
5698,3308,0
5710,3327,0
5712,3345,0
5711,3367,0
5699,3390,0
5684,3413,0
5671,3438,0
5662,3457,0
5660,3480,0
5660,3501,0
5656,3520,1
5668,3658,0
5663,3666,0
5663,3672,0
5663,3679,0
5663,3684,1