it open, and waved the trotting detail
799
463,3922,0
458,3929,0
458,3942,0
460,3959,0
465,3988,0
473,4029,0
485,4084,1
445,3802,0
436,3800,0
434,3795,0
434,3808,0
441,3817,1
586,3787,0
585,3788,0
587,3795,0
591,3820,0
593,3856,0
598,3898,0
605,3954,0
609,4004,0
614,4044,1
566,3958,0
564,3966,0
568,3974,0
576,3979,0
587,3985,0
601,3986,0
616,3993,0
629,3990,0
641,3988,0
655,3989,0
668,3986,0
679,3983,0
688,3980,0
694,3981,0
697,3977,0
697,3981,0
697,3977,0
697,3981,0
695,3981,0
694,3981,0
694,3981,1
1018,3920,0
1015,3916,0
1012,3908,0
1007,3900,0
996,3895,0
984,3895,0
970,3903,0
956,3923,0
945,3958,0
938,3998,0
941,4030,0
953,4039,0
973,4043,0
991,4039,0
1003,4024,0
1013,4004,0
1022,3984,0
1025,3960,0
1027,3936,0
1030,3924,0
1032,3916,0
1032,3916,0
1036,3925,0
1042,3933,0
1053,3945,0
1066,3948,0
1081,3949,0
1094,3945,0
1106,3941,0
1113,3924,0
1119,3916,0
1122,3904,0
1122,3884,0
1121,3868,0
1122,3856,0
1122,3848,0
1122,3848,0
1122,3848,0
1123,3852,0
1127,3872,0
1132,3896,0
1141,3932,0
1153,3980,0
1165,4023,0
1175,4059,0
1185,4087,0
1187,4111,0
1189,4119,0
1187,4118,0
1182,4119,0
1167,4099,0
1150,4060,0
1138,4016,0
1136,3988,0
1138,3956,0
1143,3928,0
1153,3904,0
1169,3880,0
1186,3867,0
1199,3863,0
1205,3866,0
1206,3886,0
1203,3906,0
1196,3923,0
1189,3935,0
1184,3939,0
1184,3947,0
1187,3947,0
1195,3951,0
1211,3954,0
1230,3945,0
1253,3941,0
1276,3932,0
1295,3914,0
1310,3901,0
1319,3893,0
1322,3881,0
1318,3869,0
1310,3858,0
1299,3850,0
1288,3854,0
1278,3867,0
1272,3884,0
1271,3904,0
1276,3920,0
1289,3930,0
1306,3937,0
1324,3940,0
1342,3940,0
1357,3930,0
1372,3921,0
1386,3904,0
1398,3887,0
1407,3866,0
1416,3853,0
1422,3853,0
1429,3868,0
1435,3887,0
1439,3895,0
1446,3906,0
1451,3906,0
1459,3901,0
1471,3892,0
1483,3870,0
1499,3845,0
1516,3822,0
1534,3808,0
1552,3806,0
1569,3816,0
1583,3830,0
1596,3853,0
1607,3875,0
1614,3891,1
1775,3888,0
1774,3892,0
1773,3893,0
1775,3912,0
1768,3937,1
2203,3757,0
2195,3751,0
2186,3745,0
2174,3745,0
2160,3749,0
2142,3755,0
2125,3772,0
2108,3798,0
2093,3831,0
2086,3862,0
2088,3882,0
2099,3887,0
2120,3886,0
2141,3872,0
2164,3856,0
2183,3834,0
2205,3811,0
2221,3781,0
2236,3759,0
2250,3750,0
2253,3745,0
2256,3752,0
2260,3773,0
2261,3788,0
2270,3811,0
2279,3824,0
2292,3834,0
2304,3824,0
2325,3822,0
2340,3805,0
2355,3791,0
2364,3770,0
2375,3754,0
2386,3742,0
2393,3739,0
2397,3746,0
2401,3766,0
2404,3794,0
2404,3811,0
2406,3827,0
2412,3834,0
2419,3836,0
2426,3829,0
2431,3814,0
2439,3798,0
2449,3777,0
2458,3756,0
2468,3749,0
2473,3747,0
2476,3750,0
2482,3765,0
2485,3776,0
2492,3790,0
2498,3793,0
2509,3798,0
2526,3795,0
2543,3788,0
2562,3776,0
2581,3764,0
2598,3753,0
2611,3747,0
2619,3747,0
2620,3747,0
2618,3748,0
2615,3759,0
2607,3771,0
2602,3785,0
2596,3801,0
2594,3819,0
2596,3836,0
2604,3854,0
2611,3860,0
2623,3863,0
2631,3851,0
2646,3841,0
2661,3822,0
2673,3798,0
2681,3769,0
2693,3741,0
2700,3707,0
2706,3679,0
2716,3665,0
2719,3655,0
2721,3654,0
2717,3647,0
2721,3658,0
2724,3683,0
2722,3706,0
2721,3737,0
2730,3768,0
2740,3790,0
2751,3803,0
2761,3807,1
2959,3663,0
2964,3670,0
2967,3677,0
2975,3696,0
2980,3716,0
2987,3744,0
2995,3767,0
3004,3780,0
3014,3783,0
3026,3781,0
3040,3774,0
3055,3761,0
3069,3740,0
3078,3717,0
3090,3696,0
3101,3685,0
3107,3677,0
3113,3679,0
3116,3682,0
3121,3696,0
3121,3715,0
3124,3741,0
3132,3769,0
3136,3781,0
3141,3786,0
3152,3790,0
3163,3788,0
3167,3772,0
3174,3754,0
3181,3731,0
3189,3708,0
3195,3694,0
3202,3691,0
3208,3691,0
3217,3695,0
3228,3699,0
3240,3696,0
3257,3694,0
3275,3688,0
3296,3684,0
3310,3676,0
3329,3678,0
3333,3670,0
3336,3668,0
3337,3672,0
3327,3674,0
3316,3691,0
3300,3710,0
3283,3730,0
3276,3748,0
3277,3756,0
3284,3758,0
3296,3754,0
3308,3743,0
3323,3729,0
3336,3712,0
3349,3694,0
3356,3670,0
3370,3655,0
3373,3643,0
3374,3643,0
3377,3651,0
3383,3672,0
3387,3688,0
3389,3691,0
3397,3696,0
3408,3698,0
3419,3695,0
3431,3688,0
3440,3677,0
3450,3660,0
3458,3645,0
3472,3636,0
3476,3633,0
3481,3638,0
3486,3655,0
3484,3671,0
3489,3692,0
3494,3708,0
3501,3718,0
3508,3718,0
3517,3716,0
3519,3706,0
3526,3700,0
3535,3690,0
3539,3677,0
3549,3674,0
3553,3672,0
3559,3672,0
3566,3682,0
3574,3696,0
3582,3711,0
3592,3723,0
3602,3730,0
3611,3728,0
3625,3728,0
3632,3714,0
3640,3698,0
3654,3678,0
3660,3643,0
3677,3612,0
3687,3578,0
3702,3552,0
3713,3533,0
3725,3523,0
3730,3520,0
3735,3526,0
3740,3543,0
3740,3568,0
3743,3600,0
3740,3629,0
3737,3651,0
3740,3674,1
3753,3689,0
3760,3694,0
3767,3698,0
3778,3700,0
3790,3696,0
3810,3690,0
3826,3679,0
3843,3670,0
3857,3653,0
3867,3636,0
3876,3623,0
3880,3609,0
3876,3592,0
3878,3591,0
3870,3592,0
3860,3605,0
3843,3619,0
3834,3637,0
3826,3653,0
3824,3665,0
3828,3677,0
3834,3682,0
3846,3688,0
3860,3687,0
3877,3689,0
3891,3677,0
3916,3674,0
3930,3662,0
3946,3653,0
3958,3644,0
3970,3639,0
3971,3628,0
3976,3629,0
3972,3627,0
3966,3631,0
3957,3640,0
3950,3660,0
3944,3677,0
3942,3692,0
3947,3699,0
3957,3701,0
3967,3699,0
3978,3684,0
3997,3669,0
4010,3648,0
4026,3619,0
4037,3582,0
4051,3544,0
4061,3518,0
4066,3503,0
4068,3501,0
4070,3506,0
4071,3525,0
4077,3558,0
4079,3588,0
4082,3617,0
4090,3642,1
4320,3424,0
4325,3441,0
4332,3468,0
4340,3510,0
4344,3556,0
4353,3602,0
4355,3629,0
4355,3640,0
4358,3643,1
4314,3542,0
4318,3549,0
4326,3551,0
4337,3552,0
4357,3555,0
4381,3553,0
4402,3545,0
4420,3533,0
4439,3519,0
4454,3504,0
4467,3484,0
4473,3462,0
4476,3436,0
4470,3407,0
4462,3380,0
4460,3371,0
4449,3371,0
4449,3382,0
4454,3413,0
4452,3448,0
4462,3496,0
4463,3535,0
4470,3562,0
4471,3572,0
4477,3578,0
4481,3573,0
4486,3563,0
4488,3544,0
4494,3532,0
4500,3527,0
4507,3530,0
4514,3539,0
4535,3558,0
4546,3564,0
4563,3569,0
4582,3568,0
4595,3554,0
4610,3538,0
4620,3522,0
4623,3501,0
4624,3477,0
4622,3468,0
4620,3470,0
4611,3479,0
4601,3502,0
4595,3532,0
4594,3556,0
4603,3575,0
4622,3590,0
4647,3592,0
4680,3592,0
4715,3590,0
4749,3590,1
4961,3366,0
4958,3369,0
4963,3382,0
4968,3402,0
4973,3432,0
4973,3477,0
4980,3523,0
4983,3556,0
4988,3576,1
4929,3491,0
4927,3493,0
4932,3498,0
4939,3503,0
4953,3506,0
4964,3505,0
4987,3503,0
5004,3489,0
5016,3474,0
5035,3465,0
5045,3452,0
5050,3440,0
5061,3439,0
5065,3440,0
5074,3455,0
5074,3474,0
5086,3510,0
5086,3535,0
5093,3556,0
5099,3569,0
5113,3577,0
5113,3576,0
5111,3567,0
5115,3556,0
5109,3532,0
5106,3510,0
5108,3496,0
5105,3487,0
5105,3487,0
5105,3486,0
5105,3486,0
5106,3486,0
5110,3486,0
5119,3483,0
5132,3480,0
5141,3474,0
5157,3467,0
5171,3462,0
5187,3455,0
5202,3450,0
5214,3447,0
5219,3440,0
5223,3437,0
5225,3439,0
5221,3444,0
5216,3450,0
5206,3464,0
5200,3484,0
5192,3506,0
5201,3527,0
5203,3532,0
5216,3534,0
5227,3526,0
5234,3518,0
5241,3503,0
5244,3486,0
5244,3468,0
5239,3448,0
5246,3446,0
5238,3443,0
5242,3450,0
5248,3462,0
5260,3473,0
5274,3475,0
5292,3471,0
5305,3461,0
5317,3446,0
5330,3428,0
5339,3404,0
5347,3379,0
5350,3349,0
5356,3335,0
5368,3331,0
5371,3334,0
5366,3341,0
5371,3368,0
5370,3403,0
5369,3443,0
5371,3479,0
5370,3501,0
5371,3520,1
5352,3484,0
5354,3490,0
5361,3494,0
5371,3494,0
5383,3490,0
5393,3477,0
5406,3462,0
5416,3442,0
5429,3418,0
5436,3387,0
5442,3352,0
5448,3323,0
5458,3317,0
5462,3317,0
5458,3317,0
5459,3335,0
5459,3363,0
5462,3407,0
5460,3449,0
5465,3482,0
5465,3501,1
5436,3440,0
5437,3440,0
5443,3444,0
5453,3446,0
5467,3446,0
5484,3445,0
5494,3437,0
5513,3431,0
5523,3424,0
5535,3415,0
5542,3407,0
5549,3402,0
5552,3399,0
5554,3409,0
5552,3426,0
5551,3447,0
5552,3465,0
5557,3481,0
5562,3486,0
5575,3489,0
5586,3481,0
5598,3471,0
5611,3460,0
5621,3446,0
5630,3427,0
5632,3404,0
5640,3392,0
5644,3386,0
5649,3385,0
5657,3389,0
5660,3392,0
5662,3397,0
5663,3409,0
5667,3424,0
5665,3440,0
5668,3457,0
5668,3470,0
5666,3479,0
5672,3486,0
5672,3486,0
5676,3486,0
5680,3481,0
5687,3472,0
5687,3457,0
5694,3440,0
5698,3421,0
5701,3410,0
5709,3404,0
5711,3396,0
5716,3397,0
5715,3397,0
5723,3407,0
5728,3419,0
5733,3433,0
5736,3443,0
5748,3455,0
5754,3460,0
5765,3465,0
5779,3467,0
5786,3462,0
5801,3455,0
5820,3450,0
5832,3439,0
5836,3424,0
5846,3417,0
5849,3415,0
5847,3416,0
5841,3426,0
5829,3443,0
5824,3464,0
5821,3482,0
5824,3491,0
5829,3492,0
5848,3492,0
5861,3482,0
5869,3469,0
5880,3453,0
5897,3443,0
5909,3433,0
5919,3431,0
5925,3436,0
5932,3449,0
5940,3472,0
5952,3504,0
5962,3539,0
5967,3573,0
5974,3604,0
5967,3629,0
5967,3650,0
5960,3653,0
5961,3652,0
5955,3640,0
5957,3621,0
5955,3598,0
5969,3579,0
5984,3557,0
6009,3540,0
6030,3525,0
6057,3513,0
6075,3501,0
6090,3492,1
5465,3253,0
5458,3249,0
5458,3247,0
5456,3243,0
5459,3239,1
6341,3421,0
6340,3413,0
6334,3408,0
6326,3406,0
6307,3404,0
6294,3412,0
6272,3424,0
6255,3444,0
6241,3467,0
6237,3488,0
6243,3507,0
6251,3516,0
6268,3520,0
6286,3513,0
6300,3499,0
6317,3481,0
6333,3455,0
6344,3421,0
6357,3378,0
6367,3331,0
6377,3298,0
6383,3281,0
6385,3276,0
6382,3274,0
6384,3279,0
6383,3296,0
6384,3325,0
6389,3356,0
6391,3390,0
6409,3416,0
6419,3430,0
6440,3441,0
6455,3439,0
6467,3428,0
6490,3414,0
6499,3391,0
6513,3367,0
6513,3343,0
6505,3334,0
6487,3339,0
6475,3360,0
6454,3381,0
6444,3405,0
6435,3427,0
6434,3443,0
6440,3457,0
6457,3467,0
6473,3465,0
6494,3461,0
6512,3448,0
6529,3433,0
6556,3420,0
6572,3399,0
6594,3386,0
6608,3371,0
6614,3361,0
6623,3361,0
6623,3361,0
6617,3363,0
6606,3374,0
6600,3393,0
6590,3410,0
6588,3429,0
6586,3440,0
6594,3448,0
6603,3450,0
6610,3445,0
6620,3437,0
6633,3424,0
6649,3412,0
6659,3395,0
6662,3372,0
6668,3363,0
6669,3361,0
6667,3364,0
6671,3381,0
6674,3402,0
6682,3419,0
6690,3429,0
6707,3431,0
6729,3426,0
6751,3412,0
6773,3397,0
6790,3375,0
6806,3346,0
6818,3308,0
6827,3274,0
6825,3253,0
6822,3249,0
6817,3251,0
6799,3259,0
6786,3282,0
6772,3316,0
6765,3354,0
6769,3387,0
6782,3413,0
6807,3433,1