doorway I heard the slither of footsteps.
760
1267,2373,0
1249,2370,0
1230,2376,0
1213,2381,0
1198,2390,0
1188,2410,0
1180,2430,0
1174,2455,0
1172,2487,0
1171,2507,0
1173,2519,0
1178,2523,0
1187,2518,0
1199,2502,0
1214,2477,0
1230,2440,0
1247,2398,0
1264,2353,0
1281,2311,0
1294,2278,0
1300,2253,0
1305,2248,0
1306,2252,0
1303,2260,0
1296,2282,0
1289,2318,0
1278,2359,0
1266,2409,0
1255,2450,0
1250,2486,0
1249,2503,0
1252,2507,0
1264,2505,0
1278,2500,0
1293,2479,0
1310,2461,0
1328,2439,0
1343,2422,0
1347,2409,0
1348,2412,0
1344,2421,0
1336,2434,0
1331,2459,0
1329,2483,0
1330,2499,0
1337,2511,0
1344,2509,0
1355,2509,0
1361,2495,0
1367,2482,0
1369,2462,0
1370,2442,0
1369,2427,0
1367,2419,0
1363,2415,0
1363,2415,0
1362,2415,0
1366,2418,0
1375,2422,0
1389,2424,0
1404,2422,0
1416,2415,0
1425,2410,0
1433,2412,0
1430,2409,0
1433,2421,0
1426,2435,0
1421,2459,0
1416,2480,0
1415,2501,0
1421,2516,0
1426,2519,0
1437,2521,0
1446,2516,0
1452,2503,0
1458,2490,0
1460,2470,0
1461,2453,0
1461,2441,0
1457,2429,0
1452,2427,0
1450,2427,0
1449,2427,0
1450,2427,0
1454,2429,0
1460,2429,0
1473,2434,0
1483,2433,0
1497,2439,0
1505,2441,0
1514,2456,0
1516,2468,0
1518,2484,0
1520,2491,0
1519,2487,0
1524,2482,0
1529,2466,0
1538,2447,0
1550,2437,0
1558,2427,0
1568,2424,1
1626,2407,0
1626,2408,0
1623,2416,0
1622,2432,0
1623,2457,0
1624,2485,0
1623,2507,0
1623,2519,0
1623,2519,0
1629,2513,0
1636,2495,0
1648,2468,0
1660,2440,0
1672,2425,0
1677,2418,0
1678,2427,0
1672,2449,0
1665,2484,0
1659,2514,0
1655,2532,0
1657,2535,0
1665,2533,0
1677,2522,0
1689,2502,0
1703,2478,1
1775,2437,0
1773,2441,0
1771,2451,0
1758,2458,0
1749,2478,0
1742,2496,0
1739,2514,0
1737,2519,0
1742,2522,0
1752,2519,0
1764,2507,0
1774,2482,0
1783,2459,0
1789,2441,0
1791,2436,0
1788,2437,0
1783,2447,0
1775,2466,0
1771,2487,0
1768,2509,0
1771,2526,0
1775,2533,0
1783,2534,0
1792,2523,0
1804,2507,0
1814,2483,0
1825,2463,0
1833,2451,0
1835,2447,0
1835,2451,0
1833,2464,0
1831,2482,0
1829,2495,0
1833,2510,0
1838,2517,0
1845,2510,0
1860,2497,0
1874,2472,0
1889,2446,0
1902,2432,0
1909,2429,0
1906,2431,0
1902,2453,0
1884,2485,0
1864,2526,0
1841,2562,0
1822,2598,0
1807,2627,1
2280,2293,0
2285,2286,0
2285,2282,0
2284,2282,0
2282,2292,0
2280,2316,0
2271,2349,0
2258,2383,0
2244,2413,0
2233,2445,0
2222,2469,0
2212,2487,0
2204,2499,1
2440,2290,0
2438,2297,0
2431,2315,0
2424,2343,0
2415,2377,0
2408,2409,0
2398,2438,0
2389,2457,0
2386,2468,0
2386,2463,0
2393,2454,0
2408,2432,0
2428,2411,0
2450,2393,0
2468,2386,0
2478,2389,0
2481,2402,0
2482,2425,0
2477,2447,0
2470,2470,0
2460,2490,1
2509,2478,0
2525,2468,0
2537,2456,0
2555,2445,0
2567,2427,0
2580,2415,0
2580,2405,0
2577,2406,0
2565,2410,0
2553,2422,0
2541,2439,0
2531,2456,0
2526,2473,0
2526,2487,0
2528,2495,0
2537,2499,0
2552,2499,0
2569,2493,0
2587,2481,0
2608,2467,0
2622,2449,0
2635,2434,0
2641,2426,0
2641,2426,0
2639,2427,0
2630,2434,0
2620,2446,0
2610,2461,0
2603,2480,0
2605,2499,0
2607,2507,0
2613,2507,0
2622,2507,0
2632,2500,0
2639,2490,0
2647,2475,0
2652,2457,0
2658,2443,0
2663,2435,0
2661,2431,0
2663,2435,0
2661,2441,0
2655,2450,0
2653,2466,0
2651,2482,0
2654,2495,0
2659,2501,0
2671,2502,0
2685,2498,0
2694,2486,0
2707,2478,0
2714,2473,0
2714,2473,0
2715,2476,0
2714,2478,0
2712,2479,0
2707,2477,0
2709,2476,0
2713,2473,0
2724,2466,0
2736,2457,0
2750,2447,0
2766,2439,0
2780,2434,0
2791,2432,0
2791,2425,0
2794,2428,0
2794,2429,0
2787,2434,0
2779,2444,0
2769,2462,0
2763,2482,0
2758,2495,0
2757,2501,0
2764,2505,0
2776,2507,0
2784,2496,0
2794,2479,0
2806,2455,0
2818,2425,0
2832,2395,0
2842,2371,0
2844,2355,0
2844,2354,0
2840,2363,0
2833,2384,0
2823,2412,0
2818,2446,0
2818,2475,0
2823,2497,0
2832,2510,0
2845,2516,1
3253,2358,0
3253,2358,0
3247,2358,0
3247,2370,0
3242,2391,0
3235,2420,0
3224,2452,0
3211,2486,0
3199,2518,0
3191,2548,0
3178,2564,0
3168,2574,0
3158,2576,1
3202,2478,0
3204,2477,0
3211,2475,0
3218,2473,0
3234,2470,0
3247,2463,0
3257,2449,0
3267,2433,0
3281,2415,0
3291,2394,0
3302,2371,0
3311,2351,0
3315,2335,0
3317,2332,0
3316,2333,0
3310,2339,0
3304,2358,0
3296,2389,0
3288,2425,0
3273,2461,0
3264,2492,0
3260,2512,0
3259,2517,0
3259,2513,0
3269,2503,0
3279,2484,0
3296,2466,0
3308,2454,0
3322,2453,0
3328,2458,0
3333,2470,0
3336,2489,0
3339,2508,0
3342,2522,0
3352,2529,0
3363,2523,0
3380,2509,0
3393,2490,0
3399,2472,0
3403,2468,0
3402,2469,0
3404,2479,0
3400,2494,0
3406,2516,0
3414,2537,0
3426,2553,0
3445,2562,0
3474,2567,0
3503,2566,1
3947,2444,0
3935,2440,0
3921,2439,0
3911,2444,0
3899,2447,0
3891,2451,0
3888,2460,0
3885,2470,0
3890,2483,0
3895,2495,0
3904,2511,0
3908,2525,0
3912,2538,0
3918,2550,0
3918,2555,0
3916,2558,0
3910,2560,0
3901,2564,0
3883,2567,0
3866,2568,0
3850,2567,0
3841,2566,0
3840,2562,0
3842,2552,0
3851,2543,1
4011,2375,0
4009,2377,0
4007,2393,0
3999,2417,0
3986,2447,0
3976,2485,0
3968,2521,0
3960,2549,0
3962,2566,0
3966,2573,0
3981,2573,0
3995,2564,0
4010,2546,0
4025,2526,0
4042,2505,0
4051,2488,0
4056,2480,0
4056,2482,0
4056,2487,0
4049,2502,0
4042,2523,1
4074,2444,0
4079,2430,0
4090,2429,0
4092,2427,0
4086,2429,1
4214,2362,0
4213,2356,0
4213,2356,0
4211,2357,0
4208,2369,0
4206,2393,0
4194,2422,0
4184,2457,0
4169,2491,0
4158,2525,0
4143,2551,0
4128,2571,0
4118,2584,1
4140,2521,0
4154,2511,0
4165,2502,0
4177,2493,0
4193,2485,0
4207,2473,0
4214,2456,0
4225,2441,0
4233,2423,0
4237,2403,0
4245,2386,0
4249,2373,0
4252,2369,0
4250,2372,0
4249,2388,0
4239,2416,0
4227,2453,0
4210,2488,0
4200,2523,0
4193,2545,0
4187,2552,0
4193,2552,0
4200,2542,0
4213,2526,0
4226,2508,0
4238,2499,0
4248,2499,0
4257,2507,0
4260,2516,0
4263,2532,0
4266,2549,0
4270,2563,0
4273,2572,0
4281,2574,0
4289,2571,0
4299,2558,0
4311,2542,0
4314,2516,0
4327,2499,0
4327,2485,0
4330,2482,0
4324,2482,0
4315,2488,0
4307,2499,0
4300,2516,0
4295,2530,0
4295,2543,0
4303,2552,0
4311,2554,0
4327,2552,0
4335,2543,0
4350,2535,0
4360,2528,0
4368,2524,0
4374,2522,0
4376,2521,0
4379,2521,0
4380,2521,0
4377,2518,0
4379,2516,0
4379,2515,0
4379,2515,0
4379,2514,0
4383,2516,0
4383,2516,0
4379,2516,0
4381,2519,0
4381,2526,0
4381,2540,0
4372,2552,0
4372,2560,0
4372,2560,0
4372,2560,0
4377,2552,0
4381,2539,0
4394,2523,0
4405,2506,0
4422,2496,0
4437,2488,0
4447,2481,1
4718,2470,0
4707,2472,0
4695,2475,0
4683,2479,0
4678,2487,0
4678,2501,0
4677,2519,0
4683,2539,0
4684,2552,0
4693,2560,0
4702,2561,0
4710,2556,0
4717,2545,0
4722,2529,0
4729,2511,0
4733,2490,0
4733,2469,0
4734,2452,0
4733,2446,0
4734,2446,0
4736,2449,0
4740,2451,0
4746,2456,0
4757,2461,0
4770,2463,0
4780,2461,0
4798,2455,0
4808,2439,0
4819,2420,0
4824,2396,0
4833,2380,0
4833,2366,0
4835,2362,0
4835,2362,0
4836,2367,0
4831,2376,0
4825,2402,0
4816,2433,0
4804,2475,0
4791,2519,0
4777,2555,0
4762,2586,0
4748,2606,0
4736,2618,0
4728,2622,1
4740,2591,0
4754,2568,0
4773,2546,0
4797,2532,0
4814,2519,0
4832,2514,0
4838,2512,0
4845,2515,1
5024,2544,0
5035,2533,0
5049,2518,0
5062,2496,0
5077,2471,1
5115,2380,0
5115,2369,0
5115,2369,0
5119,2371,0
5112,2377,0
5104,2391,0
5093,2418,0
5074,2451,0
5055,2492,0
5040,2534,0
5022,2572,0
5002,2605,0
4993,2633,0
4981,2652,0
4973,2666,0
4970,2671,1
5116,2530,0
5122,2521,0
5128,2518,0
5125,2517,0
5121,2522,0
5110,2526,0
5101,2540,0
5092,2555,0
5088,2570,0
5087,2580,0
5096,2588,0
5105,2589,0
5118,2583,0
5129,2572,0
5135,2555,0
5145,2538,0
5148,2523,0
5145,2512,0
5147,2510,0
5147,2510,0
5150,2513,0
5149,2514,0
5156,2519,0
5168,2521,0
5181,2523,0
5192,2519,0
5202,2517,0
5205,2513,0
5209,2514,0
5207,2516,0
5207,2527,0
5197,2542,0
5196,2560,0
5198,2574,0
5202,2583,0
5209,2585,0
5224,2584,0
5230,2573,0
5242,2561,0
5248,2544,0
5250,2530,0
5252,2519,0
5250,2514,0
5247,2512,0
5236,2514,0
5239,2519,0
5236,2523,0
5242,2528,0
5250,2531,0
5264,2531,0
5284,2528,0
5300,2516,0
5318,2499,0
5337,2480,0
5353,2460,0
5367,2443,0
5373,2431,0
5376,2425,0
5376,2425,0
5375,2428,0
5372,2441,0
5364,2465,0
5351,2499,0
5327,2532,0
5310,2562,0
5297,2586,0
5282,2603,0
5274,2609,0
5280,2606,0
5287,2595,0
5306,2579,0
5324,2562,0
5341,2548,1
5460,2506,0
5456,2504,0
5452,2505,0
5442,2505,0
5430,2510,0
5418,2516,0
5412,2528,0
5407,2536,0
5407,2546,0
5411,2555,0
5419,2563,0
5425,2570,0
5426,2577,0
5432,2583,0
5431,2584,0
5426,2586,0
5419,2589,0
5405,2591,0
5389,2593,0
5378,2598,0
5371,2602,1
5542,2453,0
5532,2463,0
5519,2479,0
5511,2502,0
5499,2526,0
5485,2551,0
5472,2576,0
5466,2596,0
5459,2608,0
5461,2613,0
5469,2615,0
5488,2615,0
5505,2608,0
5525,2596,0
5546,2584,0
5561,2563,0
5574,2547,0
5584,2537,0
5588,2528,0
5579,2528,0
5574,2528,0
5560,2538,0
5544,2553,0
5534,2572,0
5528,2590,0
5530,2603,0
5534,2613,0
5542,2614,0
5558,2610,0
5579,2597,0
5594,2578,0
5609,2557,0
5624,2546,0
5628,2540,0
5631,2543,0
5631,2549,0
5622,2568,0
5611,2589,0
5602,2614,0
5588,2639,0
5578,2657,0
5577,2667,0
5578,2664,0
5582,2658,0
5598,2646,0
5611,2622,0
5631,2600,0
5653,2577,0
5679,2562,0
5692,2555,0
5711,2552,0
5716,2561,0
5710,2571,0
5704,2582,0
5696,2591,0
5683,2598,0
5669,2599,0
5660,2600,0
5651,2599,0
5643,2596,1
5750,2591,0
5750,2592,0
5749,2593,0
5750,2590,0
5757,2584,0
5766,2575,0
5779,2568,0
5791,2562,0
5806,2560,0
5816,2558,0
5820,2560,0
5824,2567,0
5825,2574,0
5825,2584,0
5822,2598,0
5810,2606,0
5801,2613,0
5795,2616,0
5786,2617,0
5775,2612,0
5772,2609,1
5926,2607,0
5921,2606,0
5922,2606,0
5923,2604,0
5923,2602,1