Shoot him. Get him out of
554
1193,1091,0
1174,1081,0
1170,1073,0
1158,1062,0
1143,1055,0
1114,1041,0
1090,1037,0
1056,1037,0
1023,1047,0
988,1060,0
965,1082,0
955,1105,0
961,1134,0
979,1164,0
997,1185,0
1026,1216,0
1055,1245,0
1086,1273,0
1112,1305,0
1124,1332,0
1126,1360,0
1112,1380,0
1090,1401,0
1052,1413,0
1003,1419,0
948,1422,0
897,1428,0
852,1421,0
831,1421,1
1281,1064,0
1285,1054,0
1288,1045,0
1293,1039,0
1290,1032,0
1286,1025,0
1283,1022,0
1284,1021,0
1286,1025,0
1290,1036,0
1291,1056,0
1291,1089,0
1283,1129,0
1276,1179,0
1264,1230,0
1245,1269,0
1237,1306,0
1227,1327,0
1223,1340,0
1223,1340,0
1223,1328,0
1228,1303,0
1243,1277,0
1254,1243,0
1276,1216,0
1299,1190,0
1320,1173,0
1339,1168,0
1355,1172,0
1369,1185,0
1376,1204,0
1382,1231,0
1379,1261,0
1369,1293,0
1353,1321,0
1341,1344,0
1334,1362,1
1598,1278,0
1597,1266,0
1597,1257,0
1590,1247,0
1570,1235,0
1551,1229,0
1532,1225,0
1508,1222,0
1492,1228,0
1474,1235,0
1465,1250,0
1460,1269,0
1471,1295,0
1482,1312,0
1504,1330,0
1530,1342,0
1551,1343,0
1575,1341,0
1586,1327,0
1596,1310,0
1594,1285,0
1587,1261,0
1573,1241,0
1562,1228,0
1551,1221,1
1800,1276,0
1805,1262,0
1810,1250,0
1807,1237,0
1788,1221,0
1773,1212,0
1749,1204,0
1724,1201,0
1696,1204,0
1669,1215,0
1646,1236,0
1626,1260,0
1623,1293,0
1626,1319,0
1643,1341,0
1671,1354,0
1701,1357,0
1734,1353,0
1759,1334,0
1781,1312,0
1796,1283,0
1807,1257,0
1801,1233,0
1791,1214,0
1783,1206,1
1935,1040,0
1934,1030,0
1935,1029,0
1938,1032,0
1939,1042,0
1939,1058,0
1939,1081,0
1941,1111,0
1942,1148,0
1945,1187,0
1947,1228,0
1941,1268,0
1934,1309,0
1927,1344,0
1918,1365,0
1911,1375,0
1903,1371,0
1899,1359,0
1891,1335,0
1878,1305,0
1879,1281,0
1877,1257,0
1879,1240,0
1883,1227,0
1889,1218,0
1896,1213,0
1916,1212,0
1943,1211,0
1982,1214,1
2345,1014,0
2343,1008,0
2347,1010,0
2352,1017,0
2358,1036,0
2353,1065,0
2350,1104,0
2338,1145,0
2328,1185,0
2315,1218,0
2309,1244,0
2302,1257,0
2304,1261,0
2304,1256,0
2309,1238,0
2325,1213,0
2340,1181,0
2365,1150,0
2389,1124,0
2416,1108,0
2431,1100,0
2448,1103,0
2465,1114,0
2473,1131,0
2480,1155,0
2481,1182,0
2477,1208,0
2469,1232,0
2464,1251,0
2460,1262,0
2459,1270,0
2461,1269,0
2468,1258,1
2550,1138,0
2554,1140,0
2551,1144,0
2550,1160,0
2550,1182,0
2543,1206,0
2543,1233,0
2546,1255,1
2541,1071,0
2538,1046,0
2543,1030,0
2544,1020,0
2545,1018,1
2641,1107,0
2640,1107,0
2646,1114,0
2647,1127,0
2644,1148,0
2639,1171,0
2637,1196,0
2632,1218,0
2625,1234,0
2628,1244,0
2624,1242,0
2627,1237,0
2633,1222,0
2644,1199,0
2657,1171,0
2671,1141,0
2690,1117,0
2706,1098,0
2719,1090,0
2728,1092,0
2736,1102,0
2738,1123,0
2739,1153,0
2738,1184,0
2735,1213,0
2731,1235,0
2729,1245,0
2736,1249,0
2734,1244,0
2740,1228,0
2750,1204,0
2763,1174,0
2782,1143,0
2798,1114,0
2821,1096,0
2836,1085,0
2850,1085,0
2864,1093,0
2878,1110,0
2883,1133,0
2886,1161,0
2888,1191,0
2885,1220,0
2885,1243,0
2880,1259,1
3007,1231,0
3004,1230,0
3004,1230,0
3008,1232,0
3004,1230,0
3004,1230,0
3004,1230,0
3004,1228,0
3001,1228,1
3705,972,0
3706,953,0
3699,935,0
3692,919,0
3682,907,0
3665,899,0
3639,897,0
3616,908,0
3580,928,0
3537,958,0
3504,997,0
3472,1041,0
3450,1085,0
3434,1126,0
3428,1159,0
3439,1185,0
3451,1199,0
3472,1202,0
3492,1194,0
3512,1179,0
3537,1159,0
3551,1134,0
3556,1110,0
3555,1092,0
3547,1079,0
3537,1071,0
3521,1068,0
3512,1070,0
3510,1073,0
3516,1080,0
3527,1086,0
3551,1090,0
3576,1092,0
3601,1093,0
3626,1094,0
3646,1098,0
3656,1107,0
3660,1119,0
3662,1134,0
3665,1152,0
3662,1168,0
3658,1180,0
3654,1189,0
3660,1194,0
3666,1192,1
3682,1171,0
3683,1170,0
3696,1168,0
3716,1161,0
3738,1150,1
3783,1119,0
3807,1100,0
3819,1078,0
3829,1059,0
3825,1044,0
3814,1037,0
3789,1040,0
3759,1053,0
3727,1073,0
3701,1098,0
3691,1127,0
3689,1155,0
3701,1179,0
3729,1195,0
3773,1204,0
3817,1202,0
3863,1193,0
3910,1179,0
3951,1161,0
3979,1138,1
4005,911,0
4002,907,0
4002,908,0
4006,919,0
4005,941,0
4005,972,0
4003,1008,0
4003,1049,0
4007,1092,0
4008,1129,0
4001,1162,0
3997,1186,0
3988,1199,1
3913,1110,0
3915,1093,0
3924,1076,0
3937,1064,0
3961,1054,0
3992,1045,0
4035,1043,0
4080,1045,1
4382,897,0
4383,895,0
4394,897,0
4400,907,0
4400,926,0
4403,951,0
4395,982,0
4383,1013,0
4375,1045,0
4369,1067,0
4365,1081,0
4368,1083,0
4369,1081,0
4377,1069,0
4386,1050,0
4408,1027,0
4431,1005,0
4460,987,0
4487,977,0
4512,974,0
4536,979,0
4553,990,0
4562,1007,0
4565,1027,0
4563,1051,0
4558,1073,0
4548,1093,0
4541,1105,0
4536,1111,1
4628,971,0
4628,971,0
4632,974,0
4633,984,0
4629,1002,0
4623,1027,0
4616,1053,0
4615,1077,0
4606,1093,1
4613,909,0
4620,892,0
4623,880,0
4624,874,0
4625,872,1
4702,986,0
4706,989,0
4713,994,0
4719,1006,0
4714,1026,1
4698,1073,0
4690,1090,0
4687,1098,0
4683,1097,0
4681,1093,0
4681,1078,0
4695,1054,0
4710,1024,0
4729,995,0
4755,970,0
4780,952,0
4801,945,0
4817,950,0
4830,962,0
4834,982,0
4840,1010,0
4834,1039,0
4815,1065,0
4806,1088,0
4799,1100,0
4798,1102,0
4799,1096,0
4800,1077,0
4815,1051,0
4834,1020,0
4857,990,0
4883,962,0
4911,945,0
4933,938,0
4953,941,0
4968,953,0
4980,972,0
4990,1002,0
4995,1035,0
4987,1065,0
4986,1090,0
4985,1111,0
4990,1123,0
4997,1129,0
5006,1126,1
5506,963,0
5501,953,0
5494,943,0
5483,934,0
5472,926,0
5453,923,0
5432,926,0
5407,931,0
5380,944,0
5356,965,0
5339,991,0
5325,1020,0
5327,1049,0
5339,1073,0
5359,1091,0
5381,1104,0
5405,1107,0
5438,1104,0
5465,1092,0
5498,1073,0
5518,1052,0
5531,1026,0
5532,1003,0
5528,983,0
5515,965,0
5501,953,0
5485,948,0
5477,946,0
5472,948,1
5608,939,0
5605,938,0
5604,941,0
5601,955,0
5586,977,0
5571,1007,0
5562,1035,0
5570,1059,0
5587,1076,0
5610,1086,0
5638,1085,0
5664,1077,0
5696,1059,0
5721,1037,0
5742,1007,0
5757,976,0
5761,946,0
5761,925,0
5751,909,0
5749,899,0
5738,888,1
5808,768,0
5817,756,0
5829,753,0
5841,759,0
5851,772,1
5857,820,0
5857,853,0
5858,894,0
5861,936,0
5862,972,0
5861,1009,0
5859,1037,0
5860,1054,0
5858,1064,0
5851,1063,0
5847,1055,0
5843,1038,1
5826,948,0
5824,931,0
5826,919,0
5832,910,0
5840,907,0
5853,904,0
5882,904,0
5917,909,1
6288,942,0
6287,928,0
6285,914,0
6270,902,0
6254,897,0
6230,895,0
6206,900,0
6179,914,0
6152,936,0
6136,962,0
6131,989,0
6136,1010,0
6149,1029,0
6176,1039,0
6200,1039,0
6233,1032,0
6264,1020,0
6291,998,0
6307,977,0
6310,954,0
6310,933,0
6300,916,0
6289,906,0
6273,903,0
6256,907,1
6527,874,0
6539,846,0
6546,822,0
6537,801,0
6523,782,0
6509,767,0
6489,757,0
6470,755,0
6457,763,0
6443,780,0
6431,809,0
6422,848,0
6420,895,0
6418,943,0
6423,989,0
6428,1032,0
6426,1067,0
6426,1093,0
6427,1110,0
6425,1116,0
6418,1112,1
6376,922,0
6380,925,0
6387,925,0
6411,931,0
6439,936,0
6474,940,0
6507,941,0
6539,945,0
6562,951,1