through into the dimming light
642
446,2209,0
439,2207,0
429,2212,0
427,2216,0
427,2232,0
429,2258,0
434,2297,0
437,2360,0
439,2428,0
440,2507,0
440,2589,0
439,2663,0
434,2725,0
424,2755,0
406,2755,0
381,2727,0
354,2683,1
312,2603,0
311,2590,0
316,2591,0
337,2590,0
374,2588,0
422,2593,0
473,2603,0
515,2629,0
552,2642,0
579,2631,0
596,2601,0
607,2558,1
577,2224,0
571,2210,0
559,2200,0
559,2204,0
559,2204,0
564,2221,0
570,2251,0
573,2302,0
571,2367,0
562,2447,0
555,2523,0
552,2596,0
552,2645,0
554,2671,0
555,2675,0
559,2663,0
567,2652,0
574,2634,0
582,2607,0
593,2580,0
607,2567,0
615,2572,0
622,2586,0
628,2616,0
634,2653,0
637,2686,0
638,2707,0
639,2707,0
641,2679,1
748,2477,0
751,2497,0
752,2543,0
754,2591,0
755,2639,0
755,2668,0
753,2668,0
750,2655,0
745,2618,0
749,2579,0
762,2536,0
784,2499,0
808,2473,0
838,2473,0
867,2479,0
893,2485,0
917,2491,0
941,2497,0
959,2497,0
968,2498,0
968,2498,0
964,2494,0
952,2493,0
929,2496,0
904,2507,0
886,2521,0
878,2552,0
883,2589,0
903,2618,0
931,2637,0
964,2642,0
996,2631,0
1026,2608,0
1049,2584,0
1061,2549,0
1068,2525,0
1064,2501,0
1052,2485,0
1032,2464,0
1016,2464,0
1004,2472,1
1124,2476,0
1136,2468,0
1139,2468,0
1138,2468,0
1140,2476,0
1144,2500,0
1149,2528,0
1158,2560,0
1174,2591,0
1196,2610,0
1215,2605,0
1237,2588,0
1249,2546,0
1252,2507,0
1245,2463,0
1232,2428,0
1218,2404,0
1210,2396,0
1210,2400,0
1219,2412,0
1244,2434,1
1385,2488,0
1406,2486,0
1417,2476,0
1420,2472,0
1411,2465,0
1387,2456,0
1355,2452,0
1331,2459,0
1318,2476,0
1317,2501,0
1324,2516,0
1335,2519,0
1350,2505,0
1366,2483,0
1381,2457,0
1395,2443,0
1408,2441,0
1428,2463,0
1444,2496,0
1458,2543,0
1475,2613,0
1480,2680,0
1475,2722,0
1465,2736,0
1455,2737,0
1425,2721,0
1381,2690,0
1339,2655,0
1310,2622,0
1303,2599,0
1310,2565,0
1328,2531,1
1514,2137,0
1513,2138,0
1509,2147,0
1510,2171,0
1510,2212,0
1511,2265,0
1510,2330,0
1508,2400,0
1506,2478,0
1508,2534,0
1509,2550,0
1513,2550,0
1525,2535,0
1541,2504,0
1564,2470,0
1585,2437,0
1606,2425,0
1617,2422,0
1629,2435,0
1639,2458,0
1650,2492,0
1662,2530,0
1666,2550,0
1667,2553,0
1670,2548,1
2129,2292,0
2125,2294,0
2116,2294,0
2117,2302,0
2116,2320,0
2122,2348,0
2128,2386,0
2138,2434,0
2147,2487,0
2149,2530,0
2155,2562,0
2162,2577,0
2172,2577,1
2181,2111,0
2178,2090,0
2176,2086,0
2176,2086,0
2180,2098,0
2190,2124,0
2200,2156,0
2207,2193,0
2207,2224,1
2216,2315,0
2217,2337,0
2224,2365,0
2233,2396,0
2245,2422,0
2252,2436,0
2262,2444,0
2262,2440,0
2268,2437,0
2275,2429,0
2283,2415,0
2291,2393,0
2298,2370,0
2306,2367,0
2309,2373,0
2315,2393,0
2318,2418,0
2318,2446,0
2326,2478,0
2327,2505,0
2333,2528,0
2335,2528,0
2339,2503,0
2341,2451,1
2437,2120,0
2440,2118,0
2440,2118,0
2444,2139,0
2449,2174,0
2458,2222,0
2462,2277,0
2473,2355,0
2484,2443,0
2482,2504,0
2468,2531,0
2444,2531,1
2351,2405,0
2361,2395,0
2386,2390,0
2420,2393,0
2461,2400,0
2500,2400,0
2536,2391,0
2564,2377,0
2584,2362,0
2593,2352,0
2596,2350,0
2591,2349,0
2569,2344,0
2544,2352,0
2523,2369,0
2517,2403,0
2519,2434,0
2528,2453,0
2556,2468,0
2587,2467,0
2615,2449,0
2639,2422,0
2650,2386,0
2656,2357,0
2653,2329,0
2639,2305,0
2625,2295,0
2608,2298,0
2586,2313,0
2578,2347,0
2577,2382,0
2590,2412,1
3134,2078,0
3132,2063,0
3129,2060,0
3133,2061,0
3139,2073,0
3149,2103,0
3160,2145,0
3171,2201,0
3185,2268,0
3192,2333,0
3189,2381,0
3187,2410,0
3184,2425,1
3079,2330,0
3081,2329,0
3099,2328,0
3134,2334,0
3180,2340,0
3233,2345,0
3285,2355,0
3332,2363,1
3349,2001,0
3340,2018,0
3330,2055,0
3329,2113,0
3329,2184,0
3336,2261,0
3338,2328,0
3338,2374,0
3333,2391,0
3334,2390,0
3337,2376,0
3341,2342,0
3355,2316,0
3375,2318,0
3399,2333,0
3422,2356,0
3450,2384,0
3482,2409,0
3514,2427,0
3537,2427,0
3559,2414,0
3573,2386,0
3578,2355,0
3577,2327,0
3567,2301,0
3548,2281,0
3526,2276,0
3510,2288,0
3503,2320,0
3510,2360,0
3528,2400,0
3559,2431,0
3594,2447,0
3626,2446,0
3659,2440,0
3690,2429,0
3720,2413,1
4155,2264,0
4164,2264,0
4165,2262,0
4166,2261,0
4159,2257,0
4147,2253,0
4123,2246,0
4100,2251,0
4072,2270,0
4050,2309,0
4039,2351,0
4046,2383,0
4068,2398,0
4110,2402,0
4154,2391,0
4192,2357,0
4219,2304,0
4244,2245,0
4263,2180,0
4273,2118,0
4272,2056,0
4268,2000,0
4264,1959,0
4258,1946,0
4256,1947,0
4259,1950,0
4263,1968,0
4271,2003,0
4279,2053,0
4287,2117,0
4297,2192,0
4309,2264,0
4320,2319,0
4331,2360,0
4347,2387,0
4358,2391,0
4371,2373,1
4420,2244,0
4420,2244,0
4420,2251,0
4426,2280,0
4438,2321,0
4453,2364,0
4456,2395,0
4460,2397,1
4450,1970,0
4452,1965,0
4451,1966,0
4461,1990,0
4471,2031,0
4479,2074,0
4483,2108,0
4480,2128,1
4530,2249,0
4530,2280,0
4538,2318,0
4543,2351,0
4553,2377,0
4559,2384,0
4557,2372,0
4560,2345,0
4565,2308,0
4575,2266,0
4591,2232,0
4606,2216,0
4615,2215,0
4628,2231,0
4632,2258,0
4642,2287,0
4649,2299,0
4652,2294,0
4663,2283,0
4678,2265,0
4690,2245,0
4702,2240,0
4704,2245,0
4715,2265,0
4725,2296,0
4731,2332,0
4737,2370,0
4743,2398,1
4801,2169,0
4804,2180,0
4809,2205,0
4812,2241,0
4818,2279,0
4827,2320,0
4828,2350,0
4833,2367,0
4831,2361,0
4833,2349,0
4840,2321,0
4845,2279,0
4858,2232,0
4871,2207,0
4882,2204,0
4888,2209,0
4894,2224,0
4904,2240,0
4909,2246,0
4915,2243,0
4924,2227,0
4939,2201,0
4954,2170,0
4971,2154,0
4981,2153,0
4990,2161,0
4998,2181,0
5002,2209,0
5005,2246,0
5007,2292,0
5009,2340,0
5011,2369,0
5013,2366,1
5087,2191,0
5099,2185,0
5113,2192,0
5121,2214,0
5127,2245,0
5136,2289,0
5142,2339,0
5139,2368,0
5138,2369,0
5129,2336,0
5122,2273,0
5120,2196,1
5184,1947,0
5187,1940,0
5183,1940,0
5187,1949,0
5197,1977,0
5200,2010,0
5204,2042,0
5203,2071,1
5204,2207,0
5204,2235,0
5211,2265,0
5217,2297,0
5220,2327,0
5223,2348,0
5226,2350,0
5232,2338,0
5238,2309,0
5250,2268,0
5273,2222,0
5294,2178,0
5318,2156,0
5330,2149,0
5342,2162,0
5347,2189,0
5355,2226,0
5356,2262,0
5359,2291,0
5361,2306,1
5494,2269,0
5507,2262,0
5516,2251,0
5520,2243,0
5507,2232,0
5494,2224,0
5457,2217,0
5422,2225,0
5394,2248,0
5375,2278,0
5361,2304,0
5366,2330,0
5378,2341,0
5402,2338,0
5426,2318,0
5450,2288,0
5469,2258,0
5483,2238,0
5491,2220,0
5493,2217,0
5491,2219,0
5496,2236,0
5501,2265,0
5508,2304,0
5512,2353,0
5511,2410,0
5501,2462,0
5485,2500,0
5474,2523,0
5455,2532,0
5437,2533,0
5417,2526,0
5396,2507,0
5374,2488,0
5363,2475,0
5366,2470,1
5967,1936,0
5968,1934,0
5947,1920,0
5931,1907,0
5928,1903,0
5926,1906,0
5925,1912,0
5920,1935,0
5913,1981,0
5903,2038,0
5892,2108,0
5886,2187,0
5889,2263,0
5902,2321,0
5919,2350,0
5938,2358,0
5962,2343,0
5992,2316,0
6019,2273,0
6043,2236,0
6060,2207,0
6071,2190,0
6075,2190,0
6074,2194,0
6077,2207,0
6083,2235,0
6086,2268,0
6089,2302,0
6090,2330,0
6092,2345,0
6091,2338,0
6085,2311,0
6077,2259,1
6085,1953,0
6091,1947,0
6090,1947,0
6096,1956,0
6103,1983,0
6120,2019,0
6135,2048,0
6141,2076,1
6252,2221,0
6262,2228,0
6263,2226,0
6264,2225,0
6262,2219,0
6249,2207,0
6225,2193,0
6191,2191,0
6157,2202,0
6136,2222,0
6128,2241,0
6126,2246,0
6138,2247,0
6162,2244,0
6188,2231,0
6223,2219,0
6252,2212,0
6283,2220,0
6308,2244,0
6335,2285,0
6345,2333,0
6353,2389,0
6350,2435,0
6337,2464,0
6321,2482,0
6299,2482,0
6272,2473,0
6241,2444,0
6227,2417,0
6214,2386,0
6210,2355,0
6213,2318,1
6382,1988,0
6384,1995,0
6379,2010,0
6377,2038,0
6381,2087,0
6376,2145,0
6375,2214,0
6372,2276,0
6368,2320,0
6363,2330,0
6369,2329,0
6372,2318,0
6387,2294,0
6404,2263,0
6422,2248,0
6436,2246,0
6447,2251,0
6462,2265,0
6476,2287,0
6491,2314,0
6507,2338,0
6522,2344,0
6539,2333,0
6549,2296,0
6561,2243,1
6637,1903,0
6640,1906,0
6639,1908,0
6645,1928,0
6647,1962,0
6651,2003,0
6652,2052,0
6647,2111,0
6638,2176,0
6637,2246,0
6635,2308,0
6638,2346,0
6642,2356,0
6640,2351,0
6628,2324,0
6613,2287,0
6599,2244,1
6577,2178,0
6582,2178,0
6582,2176,0
6597,2170,0
6613,2159,0
6645,2155,0
6676,2152,0
6710,2149,0
6750,2146,0
6776,2144,0
6794,2143,0
6810,2144,1