The boy had closed in upon
424
967,977,0
965,982,0
964,981,0
968,989,0
977,1006,0
984,1027,0
982,1052,0
976,1088,0
968,1126,0
965,1163,0
964,1186,0
964,1194,0
970,1192,1
886,1015,0
870,1011,0
868,1011,0
872,1008,0
887,1007,0
901,994,0
931,988,0
955,972,0
1002,978,0
1026,964,0
1039,945,0
1061,941,0
1080,945,1
1179,996,0
1108,941,0
1110,953,0
1115,977,0
1117,1008,0
1115,1049,0
1108,1081,0
1110,1109,0
1114,1120,0
1126,1124,0
1141,1112,0
1155,1074,0
1178,1048,0
1204,1041,0
1220,1042,0
1235,1056,0
1247,1078,0
1254,1097,0
1257,1113,0
1260,1124,0
1270,1131,1
1350,1128,0
1350,1128,0
1359,1122,0
1374,1108,0
1386,1088,0
1399,1066,0
1408,1046,0
1412,1032,0
1403,1023,0
1399,1028,0
1382,1043,0
1366,1069,0
1365,1099,0
1374,1117,0
1397,1122,0
1439,1115,0
1483,1097,1
2021,842,0
2017,834,0
2019,830,0
2014,830,0
2020,835,0
2026,856,0
2029,891,0
2027,926,0
2026,959,0
2018,982,0
2016,995,0
2014,998,0
2019,998,0
2018,982,0
2036,959,0
2060,942,0
2093,933,0
2114,931,0
2135,937,0
2138,946,0
2145,964,0
2145,984,0
2136,1001,0
2130,1015,0
2114,1023,0
2091,1025,0
2069,1025,0
2042,1020,0
2026,1015,1
2246,951,0
2240,948,0
2239,942,0
2236,939,0
2222,937,0
2212,945,0
2197,961,0
2185,984,0
2184,1005,0
2198,1013,0
2219,1011,0
2234,997,0
2248,977,0
2261,959,0
2263,941,0
2264,932,0
2256,931,1
2308,931,0
2316,933,0
2327,938,0
2336,946,0
2342,958,0
2356,974,0
2363,986,0
2374,990,0
2381,987,1
2446,909,0
2445,909,0
2444,920,0
2440,944,0
2419,979,0
2382,1022,0
2352,1066,0
2316,1102,0
2301,1129,0
2292,1139,0
2291,1141,0
2297,1134,1
3015,741,0
3007,739,0
3007,739,0
3009,745,0
3016,766,0
3025,803,0
3028,844,0
3032,878,0
3033,900,0
3033,911,0
3040,914,0
3043,908,0
3050,887,0
3069,861,0
3083,841,0
3103,836,0
3113,841,0
3128,860,0
3141,884,0
3150,907,0
3159,926,0
3163,940,0
3174,945,0
3180,941,0
3192,931,1
3310,854,0
3303,850,0
3297,845,0
3288,842,0
3275,847,0
3261,863,0
3240,889,0
3227,916,0
3233,936,0
3239,943,0
3252,939,0
3267,924,0
3285,907,0
3291,889,0
3303,878,0
3308,875,0
3317,884,0
3325,902,0
3331,921,0
3339,934,0
3354,941,1
3537,846,0
3526,845,0
3513,846,0
3502,855,0
3479,878,0
3461,910,0
3447,940,0
3444,961,0
3457,972,0
3473,974,0
3493,966,0
3510,951,0
3527,926,0
3535,897,0
3547,860,0
3545,819,0
3544,776,1
3553,739,0
3547,745,0
3551,765,0
3559,801,0
3559,843,0
3568,885,0
3571,917,0
3585,943,1
4165,878,0
4163,871,0
4152,861,0
4142,853,0
4134,851,0
4117,855,0
4093,869,0
4075,896,0
4063,924,0
4067,943,0
4084,956,0
4111,961,0
4138,956,1
4278,743,0
4270,743,0
4269,751,0
4265,771,0
4262,806,0
4262,849,0
4261,885,0
4264,912,0
4272,931,1
4422,862,0
4419,860,0
4419,859,0
4410,860,0
4396,870,0
4381,885,0
4367,907,0
4363,928,0
4367,943,0
4386,952,0
4411,950,0
4438,938,0
4454,922,0
4459,905,0
4454,887,0
4441,871,0
4418,864,1
4584,846,0
4576,847,0
4568,848,0
4559,851,0
4550,859,0
4543,870,0
4537,880,0
4550,892,0
4573,902,0
4601,910,0
4624,915,0
4637,924,0
4649,931,0
4642,939,0
4629,945,0
4608,951,0
4582,953,0
4571,950,0
4560,944,0
4562,939,0
4567,929,1
4707,943,0
4707,945,0
4716,945,0
4730,936,0
4745,923,0
4755,907,0
4768,890,0
4771,873,0
4770,860,0
4763,851,0
4747,850,0
4729,855,0
4710,870,0
4699,888,0
4699,907,0
4712,921,0
4739,928,1
4919,866,0
4914,867,0
4905,868,0
4888,878,0
4869,894,0
4856,916,0
4848,936,0
4853,952,0
4871,962,0
4895,967,0
4921,960,0
4947,950,0
4967,934,1
4985,728,0
4990,729,0
4991,749,0
4993,785,0
4994,826,0
4995,869,0
4997,907,0
5003,935,0
5007,956,1
5524,858,0
5523,865,0
5524,886,0
5528,912,0
5528,931,0
5530,942,0
5530,945,0
5523,940,0
5522,925,1
5507,723,0
5499,716,0
5504,709,0
5501,706,0
5505,706,1
5591,871,0
5588,868,0
5588,868,0
5591,870,0
5594,878,0
5599,899,0
5599,923,0
5596,941,0
5598,949,0
5607,950,0
5611,948,0
5617,936,0
5628,916,0
5640,895,0
5654,883,0
5670,880,0
5690,887,0
5699,903,0
5709,919,0
5715,931,0
5730,942,1
6030,859,0
6030,857,0
6034,857,0
6036,871,0
6044,901,0
6055,928,0
6069,945,0
6085,952,0
6102,945,0
6125,927,0
6136,905,0
6147,878,0
6162,857,0
6163,851,0
6167,854,0
6169,875,0
6172,907,0
6177,931,0
6182,949,0
6189,958,0
6189,958,1
6242,869,0
6246,870,0
6249,880,0
6249,907,0
6256,943,0
6259,977,0
6262,1006,0
6266,1031,0
6276,1048,0
6283,1056,0
6290,1057,0
6291,1049,0
6286,1033,0
6282,1009,0
6275,977,0
6273,941,0
6271,916,0
6275,893,0
6281,874,0
6300,855,0
6326,843,0
6355,844,0
6372,858,0
6379,873,0
6376,894,0
6365,915,0
6350,933,0
6329,944,0
6308,946,1
6483,875,0
6480,873,0
6476,869,0
6469,866,0
6460,869,0
6447,877,0
6432,894,0
6425,914,0
6430,937,0
6441,950,0
6460,954,0
6486,948,0
6500,933,0
6510,917,0
6517,897,0
6511,876,0
6505,863,1
6581,871,0
6581,873,0
6580,875,0
6587,886,0
6592,908,0
6592,933,0
6593,957,0
6600,970,0
6602,976,0
6616,971,0
6630,955,0
6641,933,0
6661,907,0
6679,892,0
6695,892,0
6705,909,0
6714,935,0
6722,962,0
6731,982,0
6741,995,0
6749,1002,1