And then my heart lurched.
462
564,3234,0
557,3233,0
557,3228,0
557,3236,0
554,3244,0
548,3267,0
537,3298,0
521,3336,0
501,3381,0
485,3419,0
475,3445,0
470,3465,0
470,3469,1
532,3252,0
532,3257,0
537,3257,0
546,3279,0
559,3302,0
574,3329,0
591,3364,0
607,3398,0
622,3433,0
633,3454,0
641,3472,0
645,3472,0
643,3472,1
500,3389,0
499,3389,0
504,3394,0
521,3397,0
545,3397,0
570,3388,0
595,3385,0
613,3379,0
628,3373,1
673,3363,0
675,3371,0
679,3380,0
685,3401,0
688,3417,0
693,3433,0
695,3438,0
696,3442,0
699,3434,0
707,3419,0
718,3400,0
731,3382,0
745,3375,0
758,3377,0
769,3385,0
779,3395,0
786,3399,0
793,3412,0
801,3421,0
808,3426,1
921,3329,0
910,3324,0
897,3327,0
883,3339,0
868,3350,0
859,3377,0
853,3397,0
853,3412,0
859,3417,0
871,3418,0
887,3407,0
904,3387,0
921,3361,0
934,3325,0
942,3293,0
944,3262,0
943,3242,0
937,3225,0
934,3229,0
932,3226,0
933,3241,0
938,3269,0
943,3305,0
951,3338,0
962,3367,0
972,3383,0
983,3395,0
994,3403,0
1001,3400,1
1498,3147,0
1500,3151,0
1502,3159,0
1503,3171,0
1506,3194,0
1511,3226,0
1515,3262,0
1517,3294,0
1517,3322,0
1517,3339,0
1522,3354,0
1525,3358,0
1528,3354,1
1440,3267,0
1441,3268,0
1453,3270,0
1472,3276,0
1494,3273,0
1517,3270,0
1537,3263,0
1551,3257,0
1561,3251,1
1578,3188,0
1578,3192,0
1584,3203,0
1587,3219,0
1593,3242,0
1600,3269,0
1606,3293,0
1610,3313,0
1612,3320,0
1618,3323,0
1628,3321,0
1647,3314,0
1667,3302,0
1686,3291,0
1703,3291,0
1715,3296,0
1726,3307,0
1732,3313,0
1742,3324,0
1749,3331,0
1755,3333,1
1805,3327,0
1808,3329,0
1812,3329,0
1818,3324,0
1831,3316,0
1842,3301,0
1851,3286,0
1857,3269,0
1861,3255,0
1861,3247,0
1859,3239,0
1856,3240,0
1845,3235,0
1835,3245,0
1821,3257,0
1811,3276,0
1808,3297,0
1814,3316,0
1826,3325,0
1845,3329,0
1867,3328,0
1891,3318,0
1916,3308,0
1934,3290,0
1947,3274,0
1954,3259,0
1956,3255,0
1956,3255,0
1956,3263,0
1955,3280,0
1956,3296,0
1959,3308,0
1964,3315,0
1974,3320,0
1986,3313,0
2002,3300,0
2017,3283,0
2032,3265,0
2046,3257,0
2057,3257,0
2063,3264,0
2067,3279,0
2073,3295,0
2079,3305,0
2089,3310,1
2558,3182,0
2554,3183,0
2555,3200,0
2552,3220,0
2554,3237,0
2555,3254,0
2557,3262,0
2564,3272,0
2564,3271,0
2564,3264,0
2571,3251,0
2580,3233,0
2591,3214,0
2601,3201,0
2615,3198,0
2624,3194,0
2627,3192,0
2634,3202,0
2643,3220,0
2650,3238,0
2656,3254,0
2663,3267,0
2668,3274,0
2671,3272,0
2681,3272,1
2705,3200,0
2704,3201,0
2709,3203,0
2719,3211,0
2733,3222,0
2743,3234,0
2755,3247,0
2765,3259,0
2774,3268,0
2781,3273,0
2788,3274,0
2790,3268,0
2789,3255,1
2704,3255,0
2710,3247,0
2716,3236,0
2723,3228,0
2728,3220,0
2729,3214,0
2731,3214,0
2734,3216,0
2743,3230,0
2752,3244,0
2765,3255,0
2782,3268,0
2793,3271,0
2811,3279,0
2821,3269,0
2833,3257,0
2847,3245,0
2861,3238,0
2869,3223,0
2878,3218,0
2888,3217,0
2893,3218,0
2890,3216,0
2894,3228,0
2895,3240,1
3016,3218,0
3004,3221,0
2984,3233,0
2960,3262,0
2919,3296,0
2878,3334,0
2851,3367,0
2838,3384,0
2841,3387,1
3493,3022,0
3491,3022,0
3494,3030,0
3497,3049,0
3499,3079,0
3499,3115,0
3496,3148,0
3493,3172,0
3494,3186,0
3496,3189,0
3505,3188,0
3520,3176,0
3541,3153,0
3567,3137,0
3590,3129,0
3608,3133,0
3621,3144,0
3631,3161,0
3641,3180,0
3647,3194,0
3653,3199,1
3780,3153,0
3781,3147,0
3790,3137,0
3800,3124,0
3808,3111,0
3813,3100,0
3814,3094,0
3804,3087,0
3794,3091,0
3776,3097,0
3758,3113,0
3745,3136,0
3737,3159,0
3744,3180,0
3763,3194,0
3785,3196,0
3824,3193,1
3949,3109,0
3939,3107,0
3932,3109,0
3923,3118,0
3908,3133,0
3897,3153,0
3896,3172,0
3902,3181,0
3913,3182,0
3933,3174,0
3952,3156,0
3973,3141,0
3981,3128,0
3982,3127,0
3982,3132,0
3986,3146,0
3989,3153,0
3991,3152,0
3995,3148,0
3996,3131,0
4001,3115,0
4003,3096,0
4006,3087,0
4015,3078,0
4026,3073,1
4166,2953,0
4165,2953,0
4169,2967,0
4174,2991,0
4180,3021,0
4188,3054,0
4191,3078,0
4200,3100,0
4207,3115,0
4211,3122,0
4215,3124,0
4215,3119,0
4205,3106,1
4154,3072,0
4161,3071,0
4180,3067,0
4204,3060,0
4230,3055,0
4249,3052,0
4261,3049,0
4272,3050,1
4862,2898,0
4862,2900,0
4863,2905,0
4866,2912,0
4873,2924,0
4882,2946,0
4887,2972,0
4889,3004,0
4890,3036,0
4893,3066,0
4896,3088,0
4900,3102,0
4909,3110,0
4920,3117,0
4924,3116,0
4934,3111,0
4949,3098,0
4966,3081,0
4982,3059,0
4995,3042,0
5009,3030,1
5045,3006,0
5050,3008,0
5054,3016,0
5060,3034,0
5064,3055,0
5075,3074,0
5085,3088,0
5094,3096,0
5104,3096,0
5115,3088,0
5131,3072,0
5145,3052,0
5157,3043,0
5167,3043,0
5169,3054,0
5178,3076,0
5185,3093,0
5197,3104,0
5205,3107,0
5213,3102,0
5222,3090,0
5237,3068,0
5247,3047,0
5256,3026,0
5261,3013,0
5266,2998,0
5274,2993,0
5284,2993,0
5301,2997,1
5386,3019,0
5380,3028,0
5368,3040,0
5361,3057,0
5357,3076,0
5362,3091,0
5373,3098,0
5394,3095,0
5420,3084,0
5436,3062,0
5458,3035,0
5463,2997,0
5473,2959,0
5477,2931,0
5472,2908,0
5467,2902,0
5471,2902,0
5468,2914,0
5474,2943,0
5464,2974,0
5472,3006,0
5487,3033,0
5501,3049,0
5518,3053,0
5538,3049,0
5564,3039,0
5590,3028,0
5612,3023,0
5636,3030,0
5646,3038,0
5660,3052,0
5671,3065,0
5680,3073,1
5785,3057,0
5783,3050,0
5785,3040,0
5788,3028,0
5791,3016,0
5791,3007,0
5786,3001,0
5786,2999,0
5781,3001,0
5768,3008,0
5758,3023,0
5750,3045,0
5745,3068,0
5749,3085,0
5765,3095,0
5787,3099,0
5818,3093,1
5982,3016,0
5979,3011,0
5970,3004,0
5966,3004,0
5947,3002,0
5938,3019,0
5927,3037,0
5925,3057,0
5926,3071,0
5938,3081,0
5953,3080,0
5974,3076,0
5996,3062,0
6015,3046,0
6025,3021,0
6029,2990,0
6027,2954,0
6023,2926,0
6021,2906,0
6015,2890,0
6010,2883,0
6008,2881,0
6009,2887,0
6010,2910,0
6012,2939,0
6015,2972,0
6025,3004,0
6033,3030,0
6047,3054,1
6245,3028,0
6241,3030,0
6240,3030,0
6246,3036,0
6254,3037,1