turned away. Then a new line of
656
564,4059,0
563,4043,0
563,4043,0
562,4042,0
563,4046,0
562,4066,0
563,4091,0
562,4127,0
559,4162,0
557,4211,0
556,4259,0
553,4303,0
551,4348,0
551,4380,0
552,4403,0
552,4420,0
553,4420,1
517,4331,0
508,4317,0
501,4308,0
499,4308,0
500,4308,0
506,4305,0
518,4302,0
537,4301,0
562,4300,0
591,4304,0
617,4295,0
641,4290,1
667,4284,0
668,4280,0
667,4275,0
663,4275,0
661,4279,0
658,4283,0
656,4291,0
656,4307,0
658,4323,0
659,4340,0
668,4360,0
678,4374,0
690,4382,0
704,4388,0
719,4381,0
733,4378,0
744,4367,0
752,4348,0
757,4340,0
758,4324,0
758,4320,0
757,4320,0
758,4320,0
761,4324,0
768,4328,0
780,4342,0
798,4355,0
816,4368,0
832,4381,0
844,4398,0
850,4406,0
851,4410,0
850,4406,0
849,4403,0
846,4390,0
843,4369,0
839,4350,0
839,4329,0
840,4306,0
842,4285,0
846,4270,0
854,4258,0
866,4255,0
876,4251,1
962,4227,0
962,4227,0
962,4227,0
962,4231,0
961,4239,0
963,4259,0
967,4283,0
969,4303,0
972,4327,0
972,4347,0
972,4363,0
972,4372,0
972,4367,0
974,4363,0
976,4347,0
981,4324,0
990,4303,0
1001,4287,0
1014,4276,0
1026,4264,0
1035,4260,0
1042,4268,0
1048,4280,0
1052,4296,0
1056,4320,0
1061,4345,0
1068,4365,0
1077,4380,0
1088,4392,0
1103,4396,0
1120,4396,0
1136,4389,0
1153,4372,0
1168,4351,0
1179,4331,0
1184,4311,0
1186,4295,0
1181,4279,0
1170,4271,0
1155,4272,0
1137,4272,0
1123,4280,0
1112,4301,0
1106,4320,0
1108,4340,0
1119,4360,0
1136,4376,0
1160,4391,0
1192,4395,1
1327,4361,0
1347,4348,0
1357,4335,0
1357,4315,0
1351,4304,0
1339,4297,0
1320,4285,0
1303,4290,0
1282,4295,0
1264,4308,0
1249,4325,0
1244,4349,0
1245,4369,0
1252,4393,0
1264,4401,0
1283,4404,0
1305,4403,0
1325,4385,0
1344,4368,0
1363,4334,0
1382,4306,0
1395,4264,0
1408,4223,0
1416,4190,0
1420,4162,0
1420,4138,0
1417,4122,0
1412,4114,0
1412,4118,0
1409,4123,0
1408,4147,0
1411,4175,0
1415,4210,0
1423,4246,0
1436,4290,0
1453,4328,0
1476,4366,0
1508,4403,0
1548,4427,0
1592,4446,1
1907,4319,0
1915,4309,0
1918,4300,0
1913,4289,0
1882,4266,0
1859,4263,0
1833,4268,0
1802,4270,0
1775,4283,0
1753,4294,0
1739,4316,0
1731,4330,0
1734,4345,0
1746,4360,0
1768,4368,0
1793,4377,0
1819,4372,0
1843,4368,0
1860,4352,0
1876,4345,0
1881,4324,0
1884,4307,0
1882,4299,0
1882,4295,0
1879,4296,0
1879,4296,0
1882,4303,0
1886,4315,0
1891,4330,0
1900,4349,0
1912,4367,0
1927,4384,1
1976,4321,0
1971,4305,0
1966,4290,0
1962,4283,0
1962,4287,0
1962,4291,0
1962,4295,0
1967,4319,0
1975,4342,0
1983,4365,0
1994,4386,0
2005,4405,0
2016,4414,0
2027,4420,0
2034,4415,0
2043,4404,0
2048,4383,0
2054,4360,0
2058,4335,0
2061,4318,0
2062,4297,0
2063,4289,0
2062,4285,0
2063,4289,0
2065,4297,0
2068,4308,0
2076,4327,0
2089,4348,0
2103,4365,0
2121,4381,0
2136,4390,0
2147,4392,0
2154,4390,0
2159,4376,0
2162,4363,0
2161,4343,0
2157,4323,0
2153,4308,0
2147,4292,0
2145,4285,0
2142,4278,1
2343,4345,0
2347,4345,0
2345,4333,0
2336,4323,0
2321,4310,0
2299,4296,0
2280,4293,0
2257,4292,0
2234,4295,0
2214,4299,0
2201,4315,0
2192,4330,0
2194,4350,0
2203,4365,0
2222,4381,0
2246,4391,0
2276,4398,0
2302,4395,0
2330,4395,0
2350,4385,0
2364,4381,0
2369,4375,0
2368,4372,0
2366,4372,0
2362,4373,0
2366,4377,0
2369,4379,0
2376,4390,0
2386,4400,0
2400,4408,0
2416,4420,0
2432,4422,0
2450,4430,1
2429,4294,0
2425,4291,0
2427,4290,0
2427,4290,0
2438,4299,0
2454,4315,0
2475,4328,0
2502,4349,0
2533,4368,0
2562,4379,0
2594,4389,0
2625,4394,0
2654,4397,1
2664,4341,0
2660,4343,0
2648,4343,0
2638,4356,0
2630,4376,0
2618,4397,0
2606,4422,0
2589,4454,0
2572,4490,0
2553,4526,0
2533,4558,0
2518,4596,1
2739,4442,0
2737,4447,0
2734,4444,0
2733,4448,0
2729,4445,0
2727,4447,0
2726,4447,0
2724,4443,0
2728,4446,0
2730,4445,0
2731,4441,0
2734,4439,0
2738,4442,1
3152,4172,0
3151,4172,0
3153,4172,0
3152,4172,0
3153,4180,0
3149,4191,0
3148,4215,0
3146,4239,0
3145,4270,0
3146,4300,0
3148,4331,0
3151,4361,0
3151,4387,0
3153,4413,0
3152,4432,0
3152,4444,0
3149,4446,1
3065,4185,0
3062,4177,0
3062,4168,0
3062,4164,0
3070,4160,0
3087,4160,0
3109,4158,0
3137,4157,0
3168,4150,1
3289,4116,0
3289,4121,0
3291,4139,0
3285,4160,0
3281,4189,0
3279,4222,0
3283,4261,0
3289,4303,0
3292,4338,0
3297,4372,0
3299,4398,0
3298,4411,0
3300,4420,0
3303,4422,0
3305,4417,0
3310,4396,0
3322,4381,0
3337,4364,0
3354,4350,0
3369,4342,0
3387,4341,0
3396,4340,0
3409,4352,0
3419,4374,0
3423,4394,0
3427,4415,0
3431,4436,0
3436,4451,0
3441,4462,0
3450,4466,0
3460,4470,0
3467,4461,0
3480,4454,0
3494,4442,0
3510,4423,0
3527,4408,0
3542,4391,0
3545,4371,0
3551,4358,0
3539,4341,0
3529,4339,0
3512,4339,0
3493,4341,0
3479,4354,0
3473,4367,0
3474,4384,0
3491,4403,0
3516,4420,0
3542,4433,0
3569,4444,0
3600,4455,0
3617,4454,0
3633,4454,0
3636,4443,0
3636,4432,0
3637,4419,0
3631,4399,0
3633,4384,0
3639,4370,0
3645,4357,0
3660,4348,0
3677,4343,0
3696,4344,0
3718,4350,0
3736,4362,0
3758,4381,0
3776,4403,0
3790,4423,0
3809,4448,0
3821,4464,0
3840,4480,0
3862,4491,1
4215,4416,0
4219,4414,0
4218,4405,0
4214,4398,0
4200,4389,0
4188,4387,0
4169,4386,0
4147,4392,0
4123,4399,0
4103,4410,0
4092,4427,0
4089,4444,0
4092,4456,0
4103,4463,0
4123,4469,0
4145,4468,0
4167,4461,0
4191,4455,0
4205,4439,0
4216,4431,0
4219,4420,0
4221,4418,0
4219,4414,0
4220,4419,0
4217,4420,0
4219,4434,0
4224,4446,0
4234,4462,0
4250,4480,1
4444,4449,0
4438,4438,0
4439,4427,0
4437,4413,0
4436,4399,0
4436,4389,0
4441,4380,0
4453,4375,0
4464,4371,0
4483,4372,0
4502,4377,0
4522,4386,0
4541,4398,0
4563,4415,0
4577,4435,0
4590,4454,0
4595,4476,0
4596,4497,0
4594,4514,0
4599,4531,0
4601,4544,1
4654,4541,0
4654,4538,0
4659,4533,0
4669,4529,0
4681,4521,0
4689,4508,0
4698,4495,0
4712,4484,0
4719,4472,0
4724,4463,0
4719,4451,0
4714,4445,0
4702,4439,0
4694,4441,0
4681,4447,0
4673,4459,0
4665,4471,0
4670,4493,0
4674,4510,0
4681,4524,0
4701,4540,1
4781,4425,0
4780,4425,0
4783,4428,0
4785,4432,0
4789,4439,0
4790,4448,0
4793,4462,0
4792,4478,0
4797,4500,0
4801,4518,0
4804,4531,0
4810,4543,0
4813,4549,0
4818,4551,0
4821,4549,0
4822,4538,0
4826,4524,0
4834,4512,0
4843,4502,0
4845,4490,0
4854,4493,0
4852,4490,0
4853,4494,0
4852,4501,0
4856,4514,0
4862,4529,0
4871,4542,0
4884,4552,0
4900,4560,0
4910,4556,0
4922,4556,0
4929,4545,0
4937,4527,0
4941,4507,0
4944,4484,0
4946,4461,0
4941,4437,0
4939,4418,0
4938,4408,0
4928,4391,0
4926,4387,1
5462,4354,0
5462,4343,0
5457,4331,0
5455,4328,0
5455,4328,0
5457,4331,0
5455,4333,0
5453,4347,0
5456,4372,0
5457,4395,0
5462,4424,0
5466,4454,0
5473,4486,0
5482,4519,0
5491,4549,0
5499,4575,0
5506,4596,1
5547,4503,0
5549,4489,0
5553,4480,0
5552,4476,0
5554,4479,0
5552,4480,0
5556,4494,0
5555,4506,0
5559,4524,0
5568,4544,0
5571,4558,0
5576,4570,0
5582,4575,1
5559,4386,0
5553,4369,0
5553,4357,0
5549,4350,0
5551,4348,1
5626,4554,0
5636,4578,0
5643,4594,0
5646,4602,0
5644,4603,0
5639,4597,0
5636,4589,0
5626,4571,0
5626,4554,0
5628,4533,0
5636,4514,0
5649,4501,0
5660,4489,0
5673,4481,0
5687,4483,0
5696,4485,0
5707,4502,0
5718,4521,0
5725,4542,0
5730,4566,0
5739,4592,1
5786,4642,0
5786,4635,0
5795,4625,0
5807,4613,0
5821,4598,0
5837,4586,0
5856,4572,0
5867,4555,0
5879,4541,0
5882,4531,0
5874,4522,0
5865,4521,0
5841,4522,0
5818,4530,0
5798,4546,0
5780,4560,0
5775,4577,0
5776,4594,0
5791,4612,0
5812,4625,0
5844,4637,0
5889,4649,0
5931,4656,0
5971,4660,0
6017,4662,1
6269,4643,0
6278,4639,0
6293,4633,0
6302,4623,0
6305,4607,0
6300,4589,0
6294,4577,0
6278,4565,0
6256,4555,0
6229,4549,0
6201,4550,0
6174,4558,0
6150,4573,0
6133,4592,0
6127,4611,0
6134,4634,0
6145,4651,0
6165,4665,0
6189,4674,0
6215,4682,0
6237,4681,0
6251,4670,0
6269,4661,0
6279,4650,0
6285,4642,0
6283,4634,0
6280,4625,0
6279,4619,0
6287,4617,1
6454,4432,0
6451,4405,0
6449,4381,0
6440,4359,0
6423,4342,0
6413,4336,0
6404,4340,0
6394,4354,0
6379,4379,0
6373,4412,0
6370,4454,0
6363,4501,0
6363,4551,0
6370,4605,0
6375,4655,0
6385,4698,0
6394,4737,0
6401,4766,0
6411,4792,0
6410,4798,0
6408,4794,1
6281,4586,0
6285,4582,0
6298,4573,0
6312,4562,0
6343,4557,0
6372,4553,0
6404,4553,0
6435,4553,0
6466,4558,1