and to his amazement it was
557
1051,2312,0
1038,2316,0
1017,2332,0
989,2363,0
959,2397,0
944,2444,0
945,2480,0
960,2510,0
982,2519,0
1003,2516,0
1023,2496,0
1042,2469,0
1056,2433,0
1064,2388,0
1070,2352,0
1071,2325,0
1069,2321,0
1069,2325,0
1065,2329,0
1064,2357,0
1067,2396,0
1074,2429,0
1088,2456,0
1097,2468,0
1101,2468,1
1122,2388,0
1116,2388,0
1116,2417,0
1117,2444,0
1117,2465,0
1119,2476,0
1119,2477,0
1119,2477,0
1120,2480,0
1120,2465,0
1124,2432,0
1136,2388,0
1153,2352,0
1163,2335,0
1168,2339,0
1175,2342,0
1184,2362,0
1194,2393,0
1204,2433,0
1212,2461,0
1223,2484,0
1233,2492,0
1250,2499,0
1267,2493,0
1290,2483,1
1385,2367,0
1373,2357,0
1351,2359,0
1326,2379,0
1296,2398,0
1280,2428,0
1275,2460,0
1278,2476,0
1290,2487,0
1307,2490,0
1327,2480,0
1350,2457,0
1374,2430,0
1394,2387,0
1414,2335,0
1435,2279,0
1446,2236,0
1444,2224,0
1435,2227,0
1421,2225,0
1417,2250,0
1414,2282,0
1421,2330,0
1432,2376,0
1436,2400,0
1445,2424,0
1453,2430,0
1461,2432,0
1467,2428,1
1903,2166,0
1906,2182,0
1907,2203,0
1908,2232,0
1912,2270,0
1915,2304,0
1918,2332,0
1919,2349,0
1919,2362,0
1918,2367,0
1917,2367,0
1920,2370,0
1916,2359,1
1841,2310,0
1844,2312,0
1850,2306,0
1872,2299,0
1899,2284,0
1930,2272,0
1961,2263,0
1986,2260,1
2003,2245,0
1988,2268,0
1974,2301,0
1971,2337,0
1975,2361,0
1985,2374,0
2004,2384,0
2019,2377,0
2041,2368,0
2058,2347,0
2075,2326,0
2077,2294,0
2075,2278,0
2052,2271,0
2022,2276,0
1995,2283,0
1982,2289,0
1987,2295,0
1999,2294,0
2020,2290,1
2420,2189,0
2415,2207,0
2415,2241,0
2416,2287,0
2419,2333,0
2425,2367,0
2431,2381,0
2426,2375,0
2427,2374,0
2430,2372,0
2437,2355,0
2449,2328,0
2459,2292,0
2470,2266,0
2479,2256,0
2493,2256,0
2511,2258,0
2523,2264,0
2535,2276,0
2548,2296,0
2553,2311,0
2555,2319,0
2562,2330,0
2565,2338,0
2571,2343,1
2606,2244,0
2599,2260,0
2600,2283,0
2606,2309,0
2610,2325,0
2617,2335,0
2621,2337,0
2627,2333,0
2627,2318,1
2601,2179,0
2589,2173,0
2586,2170,0
2585,2171,0
2593,2174,1
2764,2197,0
2750,2194,0
2727,2197,0
2701,2207,0
2680,2224,0
2670,2237,0
2678,2251,0
2692,2260,0
2716,2266,0
2746,2268,0
2783,2275,0
2810,2284,0
2830,2299,0
2840,2311,0
2842,2325,0
2835,2340,0
2810,2350,0
2789,2367,0
2759,2374,0
2735,2383,0
2708,2383,0
2688,2377,0
2683,2371,0
2688,2358,0
2695,2338,1
3319,2142,0
3312,2138,0
3300,2138,0
3286,2155,0
3263,2193,0
3244,2241,0
3240,2286,0
3249,2317,0
3264,2330,0
3269,2326,0
3287,2317,0
3307,2303,0
3316,2275,0
3331,2242,0
3336,2202,0
3337,2164,0
3339,2149,0
3337,2146,0
3336,2147,0
3339,2157,0
3341,2184,0
3345,2221,0
3351,2256,0
3356,2279,0
3363,2296,0
3363,2301,0
3367,2304,0
3374,2302,0
3373,2285,1
3389,2203,0
3386,2229,0
3395,2268,0
3398,2294,0
3401,2308,0
3399,2309,0
3403,2311,0
3407,2313,0
3414,2299,0
3419,2264,0
3429,2210,0
3443,2164,0
3456,2155,0
3467,2159,0
3477,2167,0
3485,2188,0
3484,2226,0
3491,2268,0
3497,2291,0
3493,2294,0
3497,2297,0
3493,2294,0
3496,2286,0
3508,2260,0
3521,2215,0
3556,2165,0
3573,2170,0
3582,2190,0
3585,2224,0
3592,2259,0
3605,2282,0
3614,2295,0
3624,2302,0
3634,2304,1
3753,2172,0
3745,2163,0
3723,2158,0
3704,2164,0
3678,2178,0
3654,2203,0
3643,2241,0
3644,2273,0
3650,2290,0
3668,2299,0
3679,2298,0
3696,2292,0
3722,2278,0
3739,2250,0
3759,2217,0
3773,2186,0
3778,2180,0
3777,2181,0
3773,2186,0
3766,2208,0
3765,2235,0
3769,2264,0
3786,2287,0
3798,2299,0
3806,2300,1
3872,2174,0
3869,2162,0
3882,2152,0
3899,2141,0
3917,2137,0
3937,2142,0
3948,2155,0
3951,2185,0
3938,2217,0
3927,2253,0
3915,2283,0
3904,2304,0
3904,2311,0
3905,2310,0
3916,2307,0
3940,2304,0
3961,2295,0
3983,2292,0
4012,2294,0
4026,2294,0
4036,2293,0
4046,2294,0
4044,2290,0
4036,2286,0
4023,2278,1
3912,2227,0
3916,2221,0
3928,2212,0
3948,2203,0
3978,2195,0
4007,2188,0
4029,2185,0
4037,2188,1
4082,2157,0
4082,2157,0
4087,2163,0
4094,2174,0
4111,2186,0
4128,2188,0
4152,2188,0
4164,2178,0
4177,2165,0
4179,2148,0
4168,2135,0
4146,2131,0
4124,2143,0
4101,2165,0
4087,2198,0
4082,2234,0
4089,2267,0
4101,2285,0
4121,2292,0
4141,2290,0
4167,2282,0
4192,2266,0
4210,2239,0
4229,2209,0
4242,2183,0
4237,2176,0
4232,2176,0
4229,2179,0
4220,2194,0
4213,2220,0
4215,2253,0
4217,2280,0
4221,2294,0
4226,2301,0
4227,2299,0
4226,2301,0
4237,2292,0
4245,2265,0
4254,2230,0
4264,2191,0
4278,2170,0
4280,2167,0
4280,2167,0
4285,2174,0
4289,2190,0
4298,2212,0
4300,2231,0
4312,2251,0
4314,2256,0
4317,2257,0
4314,2256,0
4314,2254,0
4319,2241,0
4328,2211,0
4342,2181,0
4350,2167,0
4355,2166,0
4365,2165,0
4381,2171,0
4394,2181,0
4401,2200,0
4407,2228,0
4403,2256,0
4406,2281,0
4408,2294,0
4411,2304,0
4417,2310,0
4415,2311,0
4419,2314,1
4518,2175,0
4528,2182,0
4541,2185,0
4556,2181,0
4580,2172,0
4587,2159,0
4595,2146,0
4594,2130,0
4586,2121,0
4565,2125,0
4535,2138,0
4503,2162,0
4479,2186,0
4475,2208,0
4489,2225,0
4515,2243,0
4545,2247,0
4579,2246,0
4608,2236,0
4630,2229,0
4640,2213,0
4641,2195,0
4644,2172,0
4640,2157,0
4632,2153,0
4635,2156,0
4631,2162,0
4628,2177,0
4635,2196,0
4641,2219,0
4645,2236,0
4644,2244,0
4644,2246,0
4642,2247,0
4643,2246,0
4644,2237,0
4645,2210,0
4656,2176,0
4664,2147,0
4669,2136,0
4683,2136,0
4694,2132,0
4706,2134,0
4722,2146,0
4733,2168,0
4742,2201,0
4752,2232,0
4758,2254,0
4760,2267,0
4759,2268,0
4760,2268,0
4759,2260,0
4766,2241,1
4870,2053,0
4870,2053,0
4866,2060,0
4865,2081,0
4865,2116,0
4854,2161,0
4850,2205,0
4845,2238,0
4847,2260,0
4851,2269,0
4857,2274,0
4861,2277,0
4857,2275,1
4787,2186,0
4784,2183,0
4785,2182,0
4804,2178,0
4832,2178,0
4868,2171,0
4905,2170,0
4931,2172,0
4951,2176,0
4963,2180,0
4963,2188,0
4967,2197,0
4965,2201,1
5377,2113,0
5381,2153,0
5379,2195,0
5378,2226,0
5376,2237,0
5378,2242,0
5383,2244,0
5385,2240,0
5378,2224,1
5518,2019,0
5517,2023,0
5514,2050,0
5506,2099,0
5501,2160,0
5499,2214,0
5499,2250,0
5504,2268,0
5507,2272,0
5506,2273,0
5503,2268,0
5500,2256,0
5488,2237,1
5438,2162,0
5435,2162,0
5440,2158,0
5464,2155,0
5497,2149,0
5534,2146,0
5575,2140,0
5608,2135,1
5839,2060,0
5848,2071,0
5853,2100,0
5861,2145,0
5877,2240,0
5875,2244,0
5873,2246,0
5875,2234,0
5884,2202,0
5898,2159,0
5906,2129,0
5914,2120,0
5942,2199,0
5980,2231,0
5992,2234,0
6003,2230,0
6018,2223,0
6024,2209,0
6028,2178,0
6034,2144,0
6037,2114,0
6036,2106,0
6040,2106,0
6040,2105,0
6049,2116,0
6062,2127,1
6179,2112,0
6165,2103,0
6148,2105,0
6130,2118,0
6106,2135,0
6095,2164,0
6092,2192,0
6102,2210,0
6119,2223,0
6137,2229,0
6155,2227,0
6174,2222,0
6201,2210,0
6216,2192,0
6232,2165,0
6246,2138,0
6249,2131,0
6247,2135,0
6244,2145,0
6238,2171,0
6242,2195,0
6276,2227,0
6288,2219,1
6357,2116,0
6345,2116,0
6326,2119,0
6309,2130,0
6297,2137,0
6290,2146,0
6298,2148,0
6306,2150,0
6326,2151,0
6352,2152,0
6374,2162,0
6396,2172,0
6417,2183,0
6435,2205,0
6445,2222,0
6458,2234,0
6451,2240,0
6440,2246,0
6420,2244,0
6390,2231,0
6362,2226,0
6338,2222,0
6324,2215,0
6322,2209,0
6323,2207,1