gloat and perhaps to do some
500
560,3978,0
552,3996,0
556,4000,0
573,3999,0
598,3986,0
629,3970,0
656,3945,0
675,3923,0
691,3905,0
698,3905,0
699,3909,0
700,3941,0
699,3989,0
698,4038,0
693,4085,0
686,4138,0
675,4184,0
661,4223,0
648,4242,0
632,4252,0
613,4250,0
595,4236,0
580,4205,0
576,4177,0
583,4142,1
800,3790,0
801,3790,0
805,3806,0
804,3839,0
798,3874,0
791,3921,0
780,3964,0
772,4000,0
774,4029,1
904,3901,0
903,3901,0
900,3900,0
896,3916,0
897,3933,0
905,3952,0
920,3962,0
940,3962,0
961,3959,0
978,3943,0
994,3928,0
999,3904,0
998,3884,0
983,3863,0
962,3855,0
938,3846,0
919,3853,0
909,3860,0
912,3872,0
924,3882,0
949,3886,1
1161,3863,0
1160,3863,0
1155,3860,0
1138,3867,0
1113,3884,0
1092,3904,0
1071,3925,0
1059,3944,0
1057,3960,0
1066,3969,0
1084,3969,0
1111,3956,0
1141,3936,0
1168,3911,0
1190,3891,0
1204,3875,0
1203,3867,0
1206,3871,0
1198,3879,0
1191,3907,0
1189,3923,1
1375,3716,0
1368,3737,0
1360,3761,0
1351,3794,0
1341,3827,0
1336,3863,0
1335,3896,0
1340,3919,0
1351,3935,0
1370,3941,0
1390,3940,0
1409,3937,0
1422,3929,1
1300,3829,0
1317,3824,0
1350,3819,0
1384,3812,0
1416,3809,1
1984,3818,0
1957,3817,0
1908,3832,0
1879,3855,0
1852,3881,0
1826,3915,0
1804,3948,0
1792,3975,0
1793,3991,0
1804,3993,0
1824,3984,0
1853,3966,0
1885,3931,0
1918,3895,0
1950,3863,0
1976,3833,0
1995,3820,0
1993,3849,0
1977,3877,0
1965,3905,0
1962,3922,0
1966,3929,0
1979,3930,0
2000,3913,0
2032,3889,0
2058,3857,0
2083,3829,0
2103,3819,0
2111,3818,0
2111,3822,0
2109,3843,0
2101,3870,0
2094,3889,0
2093,3901,0
2096,3900,0
2097,3904,0
2108,3889,0
2121,3865,0
2145,3829,0
2172,3804,0
2196,3788,0
2213,3787,0
2219,3793,0
2222,3817,0
2216,3845,0
2214,3880,0
2213,3904,0
2219,3920,0
2228,3921,1
2362,3805,0
2355,3803,0
2340,3809,0
2316,3825,0
2293,3850,0
2275,3881,0
2264,3906,0
2266,3918,0
2277,3918,0
2299,3899,0
2331,3867,0
2361,3827,0
2391,3786,0
2415,3739,0
2431,3699,0
2439,3678,0
2439,3674,0
2437,3684,0
2422,3711,0
2409,3754,0
2402,3795,0
2402,3833,0
2416,3867,0
2441,3883,1
2834,3817,0
2835,3821,0
2840,3845,0
2840,3872,0
2840,3907,0
2835,3945,0
2828,3983,0
2820,4008,0
2817,4010,0
2820,4013,0
2821,3995,0
2824,3954,0
2827,3904,0
2831,3849,0
2846,3802,0
2870,3764,0
2895,3737,0
2917,3727,0
2933,3732,0
2947,3752,0
2956,3782,0
2958,3813,0
2950,3839,0
2938,3863,0
2924,3880,0
2912,3890,0
2903,3890,0
2899,3887,0
2900,3882,0
2907,3875,0
2927,3865,0
2959,3853,0
2998,3838,0
3037,3826,0
3073,3815,0
3098,3801,0
3121,3794,0
3129,3785,0
3128,3780,0
3117,3772,0
3099,3769,0
3076,3773,0
3054,3784,0
3043,3800,0
3047,3820,0
3055,3834,0
3079,3848,0
3107,3855,0
3139,3861,0
3162,3858,0
3189,3851,0
3207,3841,0
3216,3826,0
3211,3805,0
3213,3791,0
3207,3776,0
3204,3759,0
3206,3748,0
3215,3744,0
3229,3740,0
3249,3732,1
3392,3631,0
3387,3663,0
3373,3698,0
3359,3734,0
3344,3767,0
3339,3789,0
3339,3799,0
3341,3798,0
3356,3793,0
3377,3770,0
3404,3738,0
3435,3713,0
3462,3700,0
3477,3695,0
3488,3707,0
3493,3733,0
3488,3761,0
3491,3792,0
3489,3812,0
3501,3824,0
3511,3817,1
3638,3713,0
3638,3709,0
3628,3707,0
3606,3712,0
3580,3726,0
3562,3753,0
3551,3776,0
3548,3787,0
3559,3795,0
3576,3793,0
3597,3777,0
3621,3760,0
3645,3744,0
3661,3728,0
3665,3724,0
3670,3730,0
3667,3742,0
3662,3756,0
3665,3773,0
3670,3785,1
3737,3786,0
3740,3802,0
3742,3836,0
3735,3871,0
3732,3913,0
3726,3951,0
3719,3981,0
3716,3992,0
3718,3996,0
3718,3991,0
3717,3957,0
3718,3908,0
3719,3858,0
3723,3811,0
3735,3773,0
3752,3740,0
3774,3708,0
3803,3691,0
3829,3686,0
3851,3694,0
3867,3707,0
3878,3734,0
3878,3759,0
3870,3781,0
3849,3791,0
3833,3805,0
3819,3810,0
3802,3802,1
4080,3687,0
4074,3682,0
4065,3679,0
4038,3676,0
4012,3682,0
3987,3693,0
3970,3707,0
3969,3723,0
3976,3737,0
4000,3759,0
4022,3772,0
4054,3787,0
4082,3795,0
4102,3805,0
4107,3812,0
4105,3818,0
4087,3828,0
4051,3837,0
4010,3843,0
3975,3846,0
3947,3847,0
3927,3843,0
3918,3839,0
3919,3834,0
3933,3823,1
4562,3554,0
4558,3557,0
4558,3569,0
4560,3596,0
4564,3638,0
4566,3681,0
4567,3724,0
4561,3758,0
4557,3790,0
4550,3813,0
4547,3827,0
4539,3829,0
4532,3825,1
4474,3725,0
4476,3723,0
4491,3720,0
4519,3721,0
4554,3720,0
4593,3716,0
4628,3710,0
4659,3707,0
4680,3701,0
4693,3706,0
4695,3709,0
4688,3723,0
4680,3742,0
4664,3764,0
4655,3784,0
4657,3805,0
4666,3822,0
4690,3834,0
4718,3829,0
4758,3823,0
4789,3796,0
4813,3777,0
4824,3748,0
4828,3727,0
4820,3707,0
4797,3690,0
4769,3679,0
4744,3682,0
4726,3689,1
5172,3706,0
5146,3711,0
5127,3727,0
5110,3744,0
5101,3766,0
5103,3789,0
5113,3802,0
5134,3803,0
5162,3789,0
5191,3761,0
5221,3728,0
5245,3688,0
5266,3650,0
5280,3614,0
5290,3596,0
5287,3592,0
5284,3596,0
5273,3616,0
5260,3644,0
5248,3683,0
5240,3724,0
5237,3752,0
5251,3778,0
5269,3788,0
5296,3793,0
5325,3785,0
5356,3773,0
5387,3761,0
5403,3747,0
5406,3744,0
5405,3746,0
5403,3754,0
5393,3771,0
5388,3784,0
5388,3796,0
5399,3808,0
5420,3814,0
5443,3812,0
5472,3803,0
5496,3785,0
5516,3762,0
5519,3737,0
5516,3716,0
5501,3703,0
5479,3692,0
5452,3694,0
5424,3703,0
5408,3717,0
5399,3722,1
6092,3659,0
6090,3656,0
6081,3655,0
6056,3655,0
6017,3662,0
5990,3679,0
5964,3696,0
5947,3705,0
5954,3723,0
5971,3740,0
6005,3760,0
6039,3776,0
6064,3782,0
6074,3789,0
6077,3792,0
6078,3797,0
6054,3802,0
6020,3810,0
5972,3821,0
5919,3831,0
5872,3846,0
5841,3854,0
5830,3860,0
5829,3862,0
5842,3864,1
6149,3752,0
6153,3754,0
6152,3756,0
6141,3770,0
6135,3786,0
6133,3803,0
6138,3815,0
6153,3817,0
6176,3805,0
6205,3784,0
6226,3754,0
6244,3722,0
6256,3690,0
6259,3665,0
6246,3648,0
6226,3641,0
6198,3647,0
6179,3662,0
6166,3680,0
6157,3701,0
6160,3715,1
6288,3758,0
6300,3733,0
6310,3703,0
6330,3673,0
6347,3648,0
6363,3637,0
6372,3638,0
6377,3653,0
6372,3682,0
6368,3710,0
6367,3734,0
6370,3751,0
6379,3758,0
6389,3757,0
6411,3746,0
6443,3727,0
6469,3702,0
6493,3687,0
6504,3679,0
6510,3682,0
6512,3694,0
6515,3713,0
6517,3731,0
6527,3745,0
6543,3750,0
6568,3749,0
6597,3740,0
6621,3726,0
6639,3705,0
6652,3683,0
6661,3663,0
6662,3654,0
6649,3651,0
6633,3655,0
6616,3674,0
6602,3703,0
6601,3734,0
6607,3762,0
6626,3784,0
6654,3798,0
6678,3799,1