It looked real. &quot;And
389
939,969,0
938,977,0
935,980,0
931,992,0
926,1015,0
919,1050,0
915,1110,0
907,1187,0
896,1274,0
891,1362,0
888,1447,0
886,1531,0
877,1602,0
868,1674,0
863,1734,0
860,1771,0
861,1778,1
1112,1101,0
1105,1097,0
1099,1093,0
1103,1109,0
1101,1136,0
1098,1180,0
1098,1241,0
1097,1317,0
1103,1404,0
1109,1488,0
1113,1549,0
1122,1604,0
1126,1648,0
1122,1680,0
1110,1708,0
1090,1717,0
1067,1701,0
1041,1660,0
1012,1607,0
997,1578,0
994,1566,0
1002,1555,0
1025,1539,0
1059,1524,0
1104,1517,0
1155,1515,0
1211,1519,0
1266,1516,0
1322,1511,1
1541,1722,0
1549,1724,0
1561,1708,0
1579,1677,0
1607,1633,0
1641,1578,0
1675,1515,0
1707,1452,0
1730,1382,0
1756,1317,0
1766,1255,0
1773,1217,0
1762,1201,0
1742,1204,0
1719,1227,0
1689,1268,0
1657,1330,0
1630,1414,0
1613,1507,0
1609,1590,0
1616,1650,0
1643,1696,0
1675,1719,0
1715,1724,0
1761,1710,0
1812,1673,0
1866,1623,0
1911,1570,0
1948,1522,1
2005,1440,0
1999,1445,0
1982,1452,0
1962,1470,0
1940,1495,0
1920,1527,0
1905,1568,0
1900,1617,0
1903,1657,0
1911,1679,0
1931,1692,0
1951,1685,0
1974,1662,0
2000,1627,0
2007,1575,0
2001,1522,0
1987,1482,0
1975,1471,0
1973,1473,0
1973,1473,0
1983,1481,0
2001,1488,0
2029,1492,0
2061,1488,1
2224,1496,1
2152,1462,0
2124,1475,0
2101,1503,0
2074,1544,0
2063,1595,0
2062,1639,0
2075,1669,0
2096,1684,0
2121,1681,0
2154,1669,0
2191,1645,0
2227,1609,0
2251,1563,0
2257,1520,0
2254,1496,0
2244,1490,0
2221,1488,0
2202,1489,0
2194,1490,0
2197,1488,1
2383,1205,0
2364,1209,0
2359,1235,0
2346,1280,0
2335,1346,0
2335,1427,0
2334,1500,0
2331,1562,0
2321,1604,0
2312,1632,0
2308,1640,0
2306,1637,0
2313,1616,0
2316,1559,0
2327,1501,0
2353,1465,0
2382,1442,0
2416,1429,0
2438,1423,0
2452,1426,0
2458,1442,0
2448,1471,0
2432,1510,0
2414,1556,0
2409,1599,0
2415,1632,0
2432,1654,0
2460,1667,0
2492,1664,0
2531,1649,0
2574,1623,0
2608,1586,0
2639,1546,1
2660,1467,0
2649,1448,0
2637,1450,0
2610,1464,0
2576,1491,0
2549,1532,0
2533,1578,0
2528,1618,0
2536,1645,0
2565,1666,0
2603,1674,0
2649,1672,1
2871,1475,0
2861,1475,0
2849,1483,0
2828,1507,0
2801,1541,0
2780,1585,0
2755,1626,0
2753,1660,0
2756,1674,0
2770,1681,0
2791,1671,0
2822,1641,0
2860,1594,0
2901,1535,0
2937,1465,0
2967,1391,0
2990,1326,0
2997,1282,0
2997,1266,0
2984,1264,0
2963,1276,0
2946,1314,0
2921,1368,0
2903,1437,0
2891,1501,0
2893,1558,0
2904,1603,0
2926,1640,0
2951,1666,1
3375,1441,0
3365,1452,0
3363,1472,0
3354,1504,0
3349,1551,0
3345,1596,0
3342,1630,0
3337,1645,0
3336,1646,0
3336,1639,0
3335,1611,0
3339,1566,0
3348,1514,0
3358,1472,0
3378,1462,0
3392,1462,0
3414,1472,0
3440,1491,0
3474,1512,0
3513,1531,0
3551,1537,0
3595,1531,0
3640,1516,0
3677,1496,0
3705,1469,0
3719,1440,0
3715,1419,0
3708,1417,0
3677,1425,0
3644,1447,0
3613,1482,0
3583,1522,0
3568,1566,0
3556,1601,0
3568,1629,0
3590,1646,0
3624,1652,0
3665,1645,0
3708,1624,0
3756,1596,0
3801,1561,1
3932,1436,0
3915,1446,0
3878,1467,0
3843,1503,0
3809,1546,0
3785,1591,0
3769,1623,0
3772,1641,0
3783,1645,0
3807,1638,0
3834,1611,0
3870,1575,0
3901,1530,0
3926,1477,0
3948,1430,0
3951,1403,0
3951,1403,0
3939,1421,0
3920,1462,0
3901,1522,0
3889,1582,0
3883,1622,0
3896,1649,0
3918,1667,0
3948,1669,0
3992,1653,0
4036,1619,0
4083,1568,0
4131,1502,0
4175,1426,0
4206,1348,0
4233,1285,0
4243,1244,0
4237,1226,0
4225,1222,0
4192,1233,0
4155,1265,0
4123,1319,0
4082,1390,0
4056,1471,0
4044,1538,0
4053,1583,0
4085,1621,0
4119,1640,0
4164,1650,0
4213,1649,0
4257,1638,0
4301,1621,1
4367,1647,0
4363,1647,0
4368,1648,0
4369,1645,0
4370,1641,1
4721,1131,0
4725,1160,0
4734,1201,0
4734,1243,0
4730,1274,1
4806,1151,0
4799,1177,0
4806,1214,0
4801,1259,0
4789,1295,1
4820,2020,0
4808,2000,0
4799,1961,0
4792,1919,0
4790,1869,0
4794,1803,0
4811,1722,0
4838,1633,0
4871,1543,0
4906,1457,0
4956,1381,0
5010,1311,0
5069,1250,0
5134,1210,0
5183,1192,0
5236,1200,0
5277,1231,0
5313,1284,0
5326,1356,0
5316,1433,0
5290,1506,0
5251,1572,0
5209,1623,0
5171,1645,0
5146,1645,0
5109,1616,0
5086,1573,0
5078,1523,0
5101,1482,0
5126,1452,0
5155,1440,0
5185,1440,0
5207,1451,0
5218,1468,0
5215,1489,0
5205,1506,0
5195,1510,1
5449,1408,0
5437,1420,0
5425,1447,0
5411,1494,0
5401,1539,0
5392,1576,0
5388,1605,0
5385,1614,0
5394,1611,0
5409,1592,0
5439,1551,0
5465,1496,0
5489,1443,0
5513,1416,0
5523,1410,0
5524,1421,0
5523,1452,0
5518,1499,0
5508,1546,0
5499,1589,0
5496,1624,0
5501,1645,0
5516,1651,0
5539,1646,0
5566,1624,1
5766,1459,0
5750,1459,0
5728,1464,0
5699,1481,0
5670,1503,0
5652,1540,0
5634,1585,0
5629,1625,0
5640,1645,0
5655,1652,0
5682,1646,0
5706,1621,0
5744,1581,0
5780,1528,0
5807,1463,0
5829,1394,0
5847,1324,0
5859,1274,0
5866,1244,0
5861,1226,0
5851,1223,0
5838,1241,0
5815,1285,0
5795,1352,0
5775,1430,0
5776,1500,0
5780,1559,0
5803,1605,0
5827,1640,1