figures of Saints and a Central figure
674
1163,4375,0
1163,4367,0
1166,4356,0
1167,4339,0
1165,4324,0
1160,4311,0
1153,4296,0
1144,4287,0
1136,4284,0
1129,4284,0
1126,4288,0
1123,4300,0
1120,4320,0
1116,4348,0
1112,4384,0
1107,4425,0
1105,4468,0
1104,4513,0
1104,4564,0
1100,4608,0
1093,4644,0
1085,4664,0
1080,4673,0
1077,4673,0
1073,4652,1
1049,4492,0
1048,4488,0
1055,4488,0
1068,4489,0
1087,4489,0
1112,4492,0
1138,4488,0
1166,4483,1
1233,4474,0
1233,4486,0
1233,4514,0
1235,4538,0
1239,4553,0
1244,4565,0
1245,4565,0
1247,4561,1
1249,4361,0
1247,4357,0
1247,4357,0
1247,4353,0
1247,4361,1
1384,4482,0
1383,4470,0
1380,4461,0
1371,4455,0
1356,4451,0
1339,4453,0
1321,4466,0
1305,4474,0
1298,4487,0
1300,4499,0
1309,4506,0
1324,4513,0
1339,4512,0
1353,4512,0
1363,4504,0
1371,4499,0
1376,4498,0
1377,4502,0
1381,4514,0
1383,4542,0
1385,4570,0
1387,4610,0
1388,4646,0
1388,4681,0
1385,4714,0
1377,4739,0
1369,4751,0
1356,4756,0
1338,4757,0
1319,4750,0
1303,4731,0
1289,4711,0
1283,4695,1
1472,4459,0
1472,4454,0
1474,4454,0
1472,4459,0
1469,4479,0
1467,4503,0
1474,4522,0
1485,4538,0
1500,4544,0
1512,4547,0
1527,4546,0
1539,4536,0
1549,4524,0
1561,4510,0
1570,4492,0
1572,4485,0
1573,4488,0
1573,4492,0
1570,4505,0
1571,4517,0
1577,4536,1
1669,4565,0
1667,4561,0
1664,4554,0
1659,4542,0
1654,4523,0
1652,4502,0
1650,4487,0
1653,4474,0
1661,4465,0
1675,4459,0
1693,4453,0
1707,4454,0
1720,4456,1
1747,4550,0
1756,4553,0
1775,4546,0
1795,4534,0
1810,4519,0
1819,4497,0
1820,4477,0
1818,4469,0
1807,4467,0
1793,4466,0
1778,4485,0
1759,4504,0
1749,4526,0
1751,4541,0
1768,4550,0
1793,4546,0
1826,4538,1
1953,4464,0
1947,4461,0
1932,4456,0
1913,4456,0
1898,4463,0
1883,4462,0
1872,4480,0
1870,4492,0
1879,4512,0
1894,4529,0
1903,4539,0
1900,4544,0
1886,4551,0
1870,4558,0
1855,4553,0
1851,4545,1
2187,4485,0
2180,4486,0
2168,4490,0
2148,4498,0
2125,4508,0
2107,4521,0
2099,4535,0
2101,4547,0
2114,4560,0
2137,4567,0
2157,4562,0
2178,4553,0
2195,4545,0
2203,4526,0
2208,4505,0
2212,4491,0
2208,4479,1
2323,4502,0
2336,4485,0
2354,4468,0
2364,4444,0
2367,4418,0
2364,4394,0
2356,4375,0
2344,4370,0
2323,4368,0
2301,4370,0
2282,4380,0
2270,4405,0
2258,4432,0
2255,4479,0
2252,4517,0
2253,4558,0
2255,4599,0
2250,4634,0
2244,4660,0
2237,4686,0
2227,4693,1
2203,4550,0
2207,4550,0
2214,4544,0
2229,4544,0
2251,4538,0
2278,4539,0
2304,4540,0
2326,4533,0
2345,4529,1
2818,4418,0
2822,4417,0
2816,4403,0
2812,4396,0
2794,4377,0
2775,4367,0
2750,4360,0
2726,4357,0
2704,4361,0
2690,4374,0
2684,4389,0
2683,4403,0
2695,4429,0
2714,4451,0
2736,4478,0
2754,4505,0
2760,4524,0
2754,4538,0
2741,4557,0
2719,4570,0
2695,4590,0
2661,4595,0
2624,4591,0
2596,4587,0
2579,4580,1
2948,4468,0
2933,4466,0
2911,4466,0
2890,4480,0
2859,4488,0
2832,4517,0
2806,4536,0
2804,4562,0
2803,4567,0
2815,4574,0
2840,4582,0
2862,4573,0
2889,4572,0
2904,4553,0
2922,4553,0
2924,4548,0
2926,4555,0
2922,4558,0
2930,4580,0
2933,4587,0
2943,4596,1
3012,4480,0
3013,4483,0
3016,4504,0
3022,4528,0
3021,4541,0
3030,4563,0
3025,4566,0
3025,4574,0
3021,4571,1
3009,4402,0
3005,4391,0
3008,4393,0
3006,4390,0
3008,4398,1
3079,4462,0
3084,4477,0
3089,4502,0
3093,4526,0
3095,4543,0
3100,4553,0
3108,4563,0
3111,4562,0
3117,4559,0
3123,4551,0
3131,4539,0
3144,4524,0
3159,4508,0
3173,4493,0
3184,4492,0
3192,4497,0
3200,4511,0
3209,4533,0
3208,4543,0
3217,4565,0
3217,4573,1
3263,4380,0
3264,4384,0
3269,4400,0
3276,4428,0
3274,4447,0
3280,4471,0
3288,4498,0
3293,4523,0
3289,4538,0
3282,4550,0
3281,4564,0
3276,4566,0
3271,4560,1
3260,4485,0
3261,4480,0
3271,4479,0
3282,4474,0
3298,4471,0
3317,4464,0
3341,4461,0
3367,4457,1
3518,4460,0
3515,4457,0
3505,4449,0
3493,4447,0
3472,4445,0
3449,4449,0
3434,4452,0
3424,4454,0
3426,4461,0
3430,4463,0
3442,4471,0
3455,4477,0
3467,4488,0
3477,4497,0
3489,4513,0
3495,4529,0
3498,4550,0
3491,4562,0
3477,4575,0
3454,4582,0
3432,4590,1
3913,4477,0
3905,4472,0
3899,4471,0
3884,4471,0
3863,4476,0
3844,4497,0
3826,4522,0
3817,4543,0
3818,4566,0
3816,4577,0
3827,4588,0
3833,4585,0
3847,4585,0
3856,4570,0
3870,4557,0
3875,4530,0
3887,4507,0
3890,4491,0
3894,4494,0
3896,4497,0
3898,4514,0
3902,4541,0
3906,4558,0
3913,4567,0
3918,4573,0
3924,4574,0
3928,4572,0
3928,4562,0
3942,4553,0
3952,4532,0
3967,4507,0
3977,4486,0
3987,4485,0
3991,4483,0
3992,4481,0
3999,4491,0
4003,4508,0
4007,4520,0
4017,4533,0
4024,4537,0
4029,4538,0
4032,4536,0
4042,4534,0
4046,4517,0
4065,4505,0
4076,4482,0
4089,4473,0
4095,4474,0
4104,4486,0
4108,4504,0
4118,4531,0
4118,4540,0
4130,4557,0
4133,4560,0
4147,4570,0
4154,4564,0
4167,4555,1
4275,4463,0
4267,4458,0
4259,4454,0
4246,4459,0
4227,4472,0
4215,4501,0
4199,4527,0
4192,4547,0
4198,4568,0
4203,4579,0
4215,4584,0
4227,4581,0
4245,4573,0
4263,4550,0
4285,4519,0
4304,4480,0
4322,4442,0
4336,4415,0
4340,4397,0
4343,4391,0
4341,4386,0
4340,4387,0
4337,4401,0
4333,4429,0
4335,4462,0
4339,4495,0
4352,4524,0
4361,4548,0
4375,4562,1
4651,4514,0
4644,4503,0
4637,4493,0
4630,4490,0
4614,4487,0
4601,4493,0
4577,4507,0
4560,4531,0
4543,4549,0
4541,4571,0
4543,4584,0
4553,4591,0
4569,4594,0
4587,4590,0
4610,4583,0
4632,4571,0
4651,4555,0
4666,4542,0
4673,4537,0
4676,4539,0
4678,4543,0
4679,4558,0
4678,4568,0
4684,4585,0
4683,4590,1
5178,4363,0
5175,4355,0
5167,4345,0
5161,4340,0
5150,4340,0
5132,4341,0
5108,4348,0
5082,4367,0
5056,4397,0
5026,4420,0
5002,4452,0
4996,4491,0
4992,4526,0
4997,4554,0
5016,4579,0
5041,4596,0
5076,4606,0
5110,4609,0
5153,4607,0
5190,4599,0
5216,4591,1
5183,4595,0
5193,4592,0
5212,4579,0
5233,4565,0
5248,4546,0
5255,4521,0
5265,4502,0
5268,4488,0
5264,4480,0
5261,4478,0
5248,4480,0
5231,4495,0
5210,4521,0
5197,4550,0
5198,4576,0
5214,4600,0
5238,4615,1
5320,4497,0
5318,4506,0
5312,4523,0
5326,4582,0
5320,4598,0
5329,4606,0
5335,4606,0
5376,4572,0
5388,4560,0
5405,4550,0
5411,4544,0
5417,4549,0
5424,4559,0
5425,4575,0
5427,4594,0
5429,4615,0
5433,4634,0
5441,4649,0
5441,4649,0
5447,4642,1
5491,4445,0
5490,4435,0
5491,4435,0
5493,4438,0
5494,4454,0
5500,4482,0
5508,4514,0
5509,4542,0
5508,4560,0
5506,4579,0
5497,4588,0
5479,4589,0
5482,4586,0
5482,4580,0
5492,4587,0
5506,4596,0
5525,4606,0
5549,4609,0
5572,4609,0
5588,4603,0
5593,4592,0
5594,4574,0
5588,4552,0
5585,4527,0
5577,4501,0
5578,4482,0
5578,4476,0
5583,4471,0
5597,4468,0
5621,4471,0
5648,4484,0
5665,4490,0
5680,4497,1
5701,4492,0
5695,4505,0
5677,4522,0
5662,4545,0
5653,4567,0
5652,4579,0
5658,4589,0
5672,4593,0
5685,4589,0
5703,4583,0
5714,4572,0
5728,4557,0
5738,4552,0
5745,4556,0
5752,4561,0
5753,4571,0
5757,4584,0
5764,4599,0
5771,4609,0
5774,4613,0
5776,4610,1
5832,4336,0
5834,4339,0
5831,4343,0
5832,4360,0
5829,4387,0
5827,4420,0
5828,4461,0
5828,4496,0
5827,4527,0
5826,4552,0
5827,4574,0
5825,4594,0
5828,4608,1
6241,4472,0
6239,4450,0
6239,4425,0
6240,4405,0
6237,4384,0
6227,4365,0
6213,4348,0
6197,4343,0
6181,4338,0
6165,4344,0
6153,4359,0
6142,4386,0
6132,4422,0
6133,4463,0
6144,4512,0
6148,4556,0
6155,4605,0
6153,4637,0
6149,4666,0
6134,4682,0
6117,4695,0
6097,4694,0
6081,4693,0
6064,4676,0
6058,4659,1
6154,4507,0
6165,4507,0
6168,4509,0
6176,4519,0
6184,4533,0
6191,4550,0
6198,4565,0
6205,4577,1
6240,4418,0
6240,4405,0
6241,4397,0
6240,4392,0
6241,4391,1
6386,4524,0
6378,4513,0
6373,4508,0
6360,4505,0
6341,4502,0
6315,4508,0
6300,4521,0
6286,4531,0
6285,4546,0
6295,4558,0
6308,4566,0
6322,4569,0
6338,4569,0
6347,4564,0
6363,4558,0
6375,4548,0
6390,4543,0
6398,4547,0
6406,4556,0
6409,4577,0
6413,4609,0
6420,4650,0
6420,4689,0
6422,4729,0
6417,4760,0
6399,4780,0
6378,4793,0
6347,4797,0
6314,4792,0
6286,4782,0
6271,4763,0
6264,4741,0
6265,4715,1
6461,4494,0
6464,4497,0
6464,4509,0
6459,4529,0
6453,4548,0
6454,4572,0
6457,4589,0
6464,4603,0
6474,4611,0
6487,4615,0
6495,4604,0
6510,4593,0
6527,4572,0
6538,4551,0
6549,4538,0
6545,4530,0
6543,4526,0
6543,4526,0
6543,4526,0
6549,4537,0
6548,4553,1
6611,4594,0
6617,4588,0
6616,4576,0
6617,4561,0
6616,4544,0
6623,4529,0
6626,4518,0
6630,4505,0
6639,4495,0
6654,4489,0
6669,4489,0
6683,4490,0
6697,4492,1
6705,4553,0
6708,4550,0
6724,4547,0
6738,4536,0
6751,4520,0
6758,4505,0
6758,4490,0
6746,4480,0
6739,4476,0
6724,4482,0
6711,4494,0
6701,4512,0
6703,4536,0
6710,4567,0
6724,4599,0
6734,4619,0
6745,4632,1