stole, almost shuddering at Gavin&apos;s
649
980,4627,0
965,4619,0
948,4614,0
926,4622,0
901,4628,0
879,4640,0
868,4652,0
871,4676,0
884,4696,0
904,4721,0
931,4746,0
958,4770,0
984,4796,0
1005,4820,0
1017,4840,0
1019,4852,0
1008,4864,0
985,4879,0
948,4883,0
900,4881,0
854,4879,0
813,4873,0
779,4863,0
752,4849,0
733,4831,1
961,4490,0
963,4487,0
969,4491,0
978,4503,0
986,4524,0
994,4555,0
1002,4592,0
1017,4628,0
1035,4676,0
1051,4716,0
1067,4760,0
1079,4796,0
1082,4821,0
1080,4837,0
1073,4840,0
1064,4837,0
1053,4820,0
1042,4792,0
1035,4760,0
1030,4729,0
1030,4700,0
1034,4676,0
1042,4664,0
1056,4661,0
1077,4660,0
1105,4672,0
1135,4684,0
1167,4700,0
1199,4714,0
1228,4727,0
1249,4734,0
1260,4733,0
1262,4729,0
1259,4717,0
1247,4701,0
1223,4686,0
1198,4671,0
1170,4659,0
1141,4660,0
1118,4660,0
1107,4673,1
1278,4548,0
1273,4536,0
1272,4540,0
1270,4552,0
1272,4577,0
1285,4608,0
1306,4639,0
1334,4666,0
1368,4691,0
1403,4709,0
1435,4718,0
1461,4720,0
1479,4715,0
1486,4702,0
1486,4690,0
1480,4683,0
1476,4678,0
1475,4679,0
1473,4680,0
1477,4687,0
1486,4694,1
1654,4708,0
1655,4708,0
1660,4712,0
1666,4719,0
1672,4730,0
1672,4742,0
1672,4754,0
1669,4770,0
1665,4783,1
2032,4628,0
2031,4628,0
2027,4620,0
2021,4614,0
2005,4605,0
1986,4601,0
1963,4597,0
1942,4601,0
1924,4609,0
1915,4623,0
1917,4635,0
1928,4649,0
1944,4658,0
1959,4663,0
1974,4668,0
1984,4666,0
1989,4666,0
1995,4660,0
1996,4643,0
1996,4623,0
1995,4603,0
2000,4598,0
2000,4594,0
2000,4589,0
2010,4604,0
2024,4618,0
2041,4634,0
2056,4651,0
2069,4669,0
2079,4679,0
2087,4685,0
2098,4683,0
2109,4673,1
2045,4412,0
2039,4413,0
2043,4433,0
2048,4456,0
2057,4488,0
2070,4517,0
2086,4550,0
2105,4587,0
2125,4616,0
2144,4644,0
2164,4671,0
2178,4688,0
2193,4702,1
2222,4566,0
2221,4567,0
2221,4571,0
2223,4583,0
2231,4606,0
2244,4623,0
2258,4640,0
2275,4652,0
2291,4659,0
2302,4657,0
2316,4653,0
2327,4642,0
2338,4626,0
2347,4606,0
2354,4605,0
2354,4601,0
2357,4604,0
2368,4613,0
2379,4622,0
2387,4628,0
2396,4634,0
2405,4636,0
2413,4637,0
2419,4632,0
2427,4625,0
2433,4615,0
2438,4614,0
2445,4616,0
2458,4623,0
2475,4632,0
2492,4634,0
2505,4630,0
2519,4625,0
2526,4619,0
2531,4618,0
2534,4621,0
2543,4627,0
2562,4632,0
2584,4637,0
2603,4636,0
2615,4632,0
2616,4623,0
2616,4618,0
2606,4606,0
2588,4594,0
2562,4590,0
2538,4599,0
2517,4610,0
2509,4625,1
2651,4577,0
2663,4568,0
2673,4565,0
2680,4566,0
2692,4575,0
2709,4589,0
2728,4604,0
2743,4616,0
2752,4625,0
2753,4633,0
2743,4637,0
2728,4642,0
2704,4647,0
2679,4647,0
2661,4650,0
2648,4642,0
2642,4630,1
2722,4405,0
2730,4407,0
2744,4414,0
2767,4435,0
2796,4466,0
2818,4497,0
2844,4533,0
2867,4562,0
2887,4589,0
2900,4611,0
2902,4622,0
2899,4628,0
2893,4635,0
2878,4636,0
2852,4625,0
2830,4620,0
2815,4614,0
2814,4614,0
2817,4613,0
2828,4608,0
2853,4608,1
3249,4505,0
3231,4508,0
3216,4517,0
3210,4532,0
3215,4553,1
3247,4589,0
3264,4603,0
3274,4612,0
3276,4616,0
3271,4618,0
3252,4623,0
3225,4628,0
3187,4628,0
3156,4629,0
3138,4628,0
3130,4623,0
3134,4613,1
3251,4427,0
3259,4410,0
3264,4397,0
3270,4394,0
3277,4404,0
3290,4434,0
3291,4469,0
3294,4509,0
3297,4543,0
3297,4570,0
3305,4601,0
3312,4616,0
3321,4620,0
3329,4616,0
3342,4601,0
3360,4583,0
3374,4562,0
3384,4552,0
3384,4548,0
3390,4553,0
3397,4559,0
3404,4564,0
3413,4568,0
3424,4572,0
3433,4570,0
3440,4567,0
3447,4564,0
3450,4562,0
3450,4562,0
3461,4574,0
3477,4584,0
3493,4589,0
3508,4584,0
3519,4579,0
3523,4577,0
3526,4575,0
3526,4575,0
3527,4574,0
3542,4580,0
3555,4582,0
3578,4583,1
3670,4553,0
3670,4548,0
3667,4545,0
3656,4543,0
3636,4541,0
3610,4546,0
3588,4559,0
3573,4580,0
3571,4596,0
3579,4610,0
3597,4618,0
3614,4618,0
3630,4613,0
3642,4601,0
3653,4585,0
3655,4556,0
3654,4525,0
3648,4495,0
3641,4468,0
3631,4450,0
3625,4444,0
3621,4442,0
3619,4452,0
3623,4478,0
3634,4508,0
3648,4533,0
3672,4556,0
3700,4577,0
3726,4589,0
3751,4592,0
3769,4591,0
3780,4584,0
3783,4565,0
3788,4543,0
3791,4521,0
3791,4498,0
3790,4479,0
3783,4456,0
3776,4436,0
3768,4422,0
3757,4410,0
3746,4403,0
3740,4402,0
3737,4404,0
3735,4410,0
3735,4420,0
3737,4432,0
3738,4441,0
3742,4452,0
3750,4467,0
3758,4476,0
3763,4483,0
3768,4489,0
3769,4492,0
3770,4497,0
3770,4501,1
3778,4515,1
3742,4509,0
3725,4519,0
3709,4533,0
3703,4547,0
3712,4560,0
3729,4573,0
3752,4582,0
3773,4588,1
3814,4559,0
3817,4557,0
3829,4553,0
3839,4548,0
3843,4541,0
3847,4533,0
3843,4521,0
3841,4514,0
3829,4507,0
3819,4509,0
3812,4522,0
3816,4538,0
3826,4556,0
3844,4568,0
3864,4579,0
3891,4591,0
3910,4593,0
3930,4594,0
3945,4589,0
3960,4584,0
3978,4587,0
3997,4594,0
4018,4603,0
4041,4618,0
4056,4630,0
4063,4636,0
4060,4634,0
4056,4631,0
4046,4624,0
4027,4608,0
4001,4591,0
3981,4579,0
3959,4566,0
3949,4558,0
3947,4555,0
3948,4549,0
3959,4547,0
3980,4543,0
4001,4538,0
4021,4534,0
4036,4529,0
4049,4530,0
4065,4538,0
4086,4548,0
4109,4562,0
4128,4567,0
4146,4574,0
4154,4574,0
4159,4575,0
4160,4570,0
4159,4565,0
4155,4558,0
4155,4559,0
4154,4560,0
4154,4564,0
4160,4574,0
4165,4581,1
4021,4486,0
4021,4486,0
4022,4485,0
4021,4486,0
4022,4485,1
4146,4531,0
4149,4533,0
4161,4550,0
4173,4566,0
4184,4578,0
4196,4589,0
4199,4591,0
4202,4589,0
4203,4584,0
4208,4580,0
4211,4573,0
4215,4565,0
4222,4565,0
4229,4565,0
4236,4565,0
4238,4563,0
4237,4560,0
4236,4555,0
4232,4553,0
4232,4553,0
4233,4557,0
4235,4566,0
4241,4576,0
4250,4585,0
4264,4594,1
4338,4545,0
4326,4544,0
4311,4545,0
4290,4550,0
4278,4564,0
4268,4577,0
4267,4587,0
4273,4598,0
4275,4596,0
4282,4591,0
4293,4583,0
4304,4574,0
4321,4568,0
4347,4573,0
4379,4589,0
4410,4616,0
4432,4645,0
4453,4683,0
4466,4719,0
4468,4752,0
4463,4780,0
4449,4806,0
4426,4822,0
4395,4830,0
4357,4827,0
4314,4814,0
4275,4792,0
4247,4772,0
4236,4751,0
4237,4731,0
4240,4710,0
4248,4689,0
4259,4676,1
4659,4532,0
4646,4523,0
4634,4522,0
4620,4524,0
4610,4536,0
4601,4550,0
4596,4562,0
4599,4572,0
4606,4581,0
4618,4587,0
4629,4588,0
4643,4587,0
4656,4582,0
4664,4570,0
4676,4560,0
4685,4553,0
4687,4551,0
4692,4558,0
4703,4574,0
4714,4586,0
4729,4599,1
4742,4411,0
4742,4411,0
4746,4413,0
4757,4429,0
4772,4453,1
4801,4508,0
4816,4536,0
4828,4559,0
4835,4578,0
4833,4586,0
4832,4597,0
4823,4599,0
4811,4599,0
4796,4591,0
4792,4589,0
4791,4584,0
4794,4582,0
4805,4577,0
4833,4581,0
4862,4577,0
4894,4570,1
5221,4399,0
5215,4388,0
5205,4381,0
5189,4380,0
5162,4384,0
5129,4398,0
5101,4426,0
5082,4460,0
5079,4496,0
5088,4531,0
5108,4561,0
5134,4586,0
5156,4599,0
5175,4603,0
5195,4601,0
5210,4592,0
5230,4579,0
5252,4574,0
5278,4578,0
5305,4591,0
5332,4615,0
5354,4643,0
5378,4671,0
5402,4698,0
5421,4729,0
5435,4749,0
5436,4770,0
5426,4785,0
5410,4799,0
5378,4802,0
5343,4801,0
5303,4789,0
5269,4777,0
5235,4754,0
5202,4730,0
5177,4710,0
5166,4693,1
5394,4527,0
5402,4519,0
5405,4511,0
5402,4507,0
5391,4502,0
5373,4508,0
5358,4522,0
5340,4540,0
5335,4557,0
5338,4576,0
5344,4587,0
5357,4596,0
5364,4595,0
5371,4594,0
5378,4582,0
5386,4567,0
5393,4550,0
5403,4541,0
5407,4536,0
5410,4539,0
5419,4547,0
5436,4559,0
5449,4568,0
5462,4578,0
5472,4585,1
5506,4523,0
5507,4514,0
5511,4517,0
5510,4517,0
5520,4530,0
5532,4541,0
5541,4548,0
5555,4557,0
5564,4559,0
5576,4559,0
5581,4553,0
5589,4546,0
5598,4536,0
5603,4526,0
5602,4516,0
5607,4514,0
5610,4512,1
5639,4517,0
5646,4521,0
5650,4529,0
5656,4540,0
5665,4553,0
5675,4566,0
5675,4571,0
5677,4574,1
5646,4450,0
5647,4449,0
5648,4449,0
5648,4449,0
5648,4449,1
5726,4512,0
5732,4523,0
5738,4533,0
5746,4543,0
5752,4548,0
5758,4548,0
5766,4545,0
5777,4540,0
5783,4532,0
5793,4529,0
5797,4530,0
5806,4538,0
5816,4545,0
5822,4550,0
5829,4554,0
5836,4552,0
5843,4545,1
5901,4354,0
5904,4357,0
5906,4365,0
5909,4381,0
5910,4398,1
6074,4454,0
6071,4451,0
6071,4451,0
6056,4449,0
6046,4454,0
6032,4465,0
6033,4482,0
6041,4498,0
6053,4514,0
6067,4529,0
6080,4543,0
6081,4548,0
6080,4556,0
6069,4562,0
6049,4566,0
6018,4566,0
5995,4568,0
5973,4569,0
5961,4570,0
5950,4570,0
5945,4568,1