When we &apos;re married we won&apos;t have
637
684,1272,0
701,1307,0
699,1307,0
699,1312,0
699,1319,0
698,1333,0
699,1350,0
704,1376,0
706,1401,0
704,1427,0
709,1461,0
711,1491,0
714,1520,0
721,1555,0
726,1581,0
733,1604,0
742,1614,0
751,1616,0
764,1615,0
775,1601,0
787,1587,0
799,1566,0
810,1539,0
822,1517,0
829,1493,0
834,1478,0
839,1475,0
837,1471,0
839,1475,0
840,1492,0
839,1515,0
838,1539,0
839,1568,0
843,1594,0
851,1607,0
861,1609,0
873,1590,0
888,1556,0
909,1518,0
928,1468,0
947,1422,0
957,1379,0
967,1348,0
975,1324,0
979,1312,1
1084,1333,0
1083,1349,0
1083,1377,0
1083,1413,0
1077,1449,0
1072,1489,0
1068,1525,0
1069,1557,0
1068,1573,0
1071,1585,0
1076,1589,0
1073,1581,0
1080,1569,0
1089,1544,0
1101,1517,0
1119,1492,0
1134,1464,0
1149,1443,0
1164,1430,0
1179,1426,0
1192,1428,0
1201,1443,0
1203,1463,0
1203,1491,0
1204,1527,0
1199,1551,0
1199,1575,0
1200,1587,0
1206,1592,1
1258,1473,0
1263,1476,0
1273,1479,0
1287,1481,0
1300,1475,0
1315,1468,0
1327,1457,0
1338,1451,0
1343,1442,0
1344,1429,0
1345,1421,0
1339,1410,0
1334,1406,0
1325,1409,0
1307,1412,0
1291,1427,0
1274,1450,0
1255,1473,0
1250,1506,0
1251,1538,0
1257,1561,0
1266,1568,0
1290,1577,0
1313,1573,0
1342,1568,1
1447,1399,0
1447,1408,0
1451,1424,0
1452,1444,0
1452,1464,0
1452,1489,0
1455,1510,0
1459,1525,0
1457,1525,0
1464,1527,0
1471,1526,0
1479,1519,0
1491,1507,0
1508,1494,0
1522,1472,0
1540,1458,0
1554,1444,0
1574,1441,0
1585,1436,0
1600,1447,0
1604,1459,0
1611,1481,0
1617,1510,0
1623,1542,0
1623,1568,1
1918,1390,0
1913,1392,0
1909,1400,0
1907,1416,0
1903,1437,0
1903,1462,0
1901,1486,0
1911,1509,0
1911,1517,0
1915,1524,0
1920,1526,0
1929,1526,0
1932,1518,0
1942,1503,0
1957,1483,0
1965,1459,0
1981,1442,0
1990,1431,0
1988,1428,0
1994,1434,0
1992,1445,0
1996,1462,0
2004,1481,0
2010,1496,0
2024,1506,0
2036,1506,0
2053,1499,0
2077,1481,0
2099,1455,0
2128,1426,0
2154,1404,0
2167,1387,0
2182,1379,1
2222,1433,0
2231,1438,0
2242,1438,0
2256,1435,0
2270,1428,0
2290,1419,0
2304,1406,0
2309,1390,0
2315,1379,0
2319,1368,0
2314,1356,0
2309,1350,0
2296,1346,0
2280,1351,0
2263,1369,0
2242,1394,0
2223,1423,0
2214,1457,0
2212,1486,0
2221,1510,0
2235,1524,0
2260,1534,0
2291,1533,0
2318,1520,0
2352,1505,1
2675,1189,0
2678,1192,0
2677,1201,0
2682,1221,0
2681,1245,1
2770,1341,0
2768,1357,0
2766,1382,0
2764,1411,0
2763,1438,0
2758,1459,0
2755,1476,0
2754,1484,0
2754,1484,0
2756,1475,0
2768,1453,0
2784,1425,0
2799,1397,0
2809,1375,0
2824,1362,0
2839,1354,0
2856,1349,1
2917,1416,0
2934,1414,0
2950,1404,0
2975,1394,0
2996,1383,0
3013,1372,0
3021,1360,0
3025,1352,0
3025,1345,0
3023,1340,0
3011,1337,0
2995,1341,0
2976,1356,0
2943,1377,0
2914,1408,0
2899,1437,0
2897,1459,0
2910,1475,0
2935,1483,0
2963,1483,0
2990,1480,1
3355,1361,0
3360,1379,0
3358,1399,0
3351,1421,0
3349,1440,0
3346,1453,0
3351,1459,0
3351,1459,0
3352,1459,0
3354,1456,0
3356,1445,0
3361,1428,0
3368,1406,0
3377,1380,0
3388,1359,0
3399,1346,0
3409,1337,0
3415,1332,0
3420,1331,0
3426,1336,0
3435,1348,0
3435,1363,0
3438,1385,0
3440,1406,0
3441,1421,0
3441,1429,0
3444,1433,0
3452,1435,0
3457,1435,0
3460,1429,0
3465,1418,0
3478,1404,0
3491,1387,0
3502,1372,0
3513,1360,0
3524,1348,0
3528,1338,0
3535,1332,0
3544,1332,0
3551,1336,0
3554,1349,0
3554,1367,0
3557,1388,0
3556,1409,0
3563,1428,1
3729,1341,0
3732,1334,0
3730,1328,0
3724,1323,0
3715,1323,0
3704,1329,0
3694,1342,0
3674,1358,0
3665,1376,0
3659,1389,0
3664,1397,0
3671,1400,0
3672,1399,0
3682,1397,0
3693,1391,0
3707,1381,0
3719,1363,0
3732,1344,0
3751,1323,0
3769,1310,0
3772,1303,0
3776,1303,0
3778,1310,0
3779,1326,0
3771,1347,0
3763,1373,0
3760,1400,0
3759,1419,0
3764,1429,1
3865,1317,0
3860,1322,0
3860,1331,0
3866,1348,0
3857,1368,0
3842,1392,0
3833,1414,0
3826,1427,0
3825,1430,0
3830,1429,0
3836,1416,0
3849,1396,0
3866,1377,0
3875,1357,0
3890,1342,0
3899,1332,0
3909,1329,1
3977,1319,0
3981,1330,0
3978,1348,0
3973,1372,0
3966,1396,0
3955,1413,0
3959,1423,0
3959,1424,0
3965,1421,0
3977,1404,0
3991,1380,0
4005,1358,0
4015,1341,0
4027,1332,0
4042,1327,0
4048,1324,0
4058,1322,1
4105,1321,0
4107,1327,0
4106,1339,0
4109,1356,0
4106,1372,0
4109,1389,0
4111,1402,0
4113,1409,0
4118,1410,1
4128,1235,0
4128,1225,0
4126,1218,0
4127,1214,0
4131,1213,1
4234,1363,0
4249,1358,0
4266,1348,0
4279,1335,0
4292,1323,0
4301,1310,0
4309,1299,0
4309,1288,0
4303,1280,0
4296,1274,0
4289,1273,0
4273,1278,0
4260,1295,0
4240,1313,0
4222,1338,0
4214,1362,0
4211,1379,0
4215,1392,0
4230,1398,0
4249,1394,0
4278,1386,1
4430,1291,0
4427,1288,0
4419,1286,0
4410,1287,0
4403,1295,0
4386,1308,0
4368,1325,0
4360,1349,0
4355,1372,0
4353,1388,0
4363,1397,0
4379,1399,0
4399,1390,0
4422,1375,0
4437,1355,0
4455,1329,0
4478,1299,0
4501,1269,0
4518,1242,0
4533,1221,0
4529,1205,0
4531,1198,0
4535,1199,0
4531,1210,0
4519,1236,0
4501,1269,0
4488,1307,0
4483,1346,0
4480,1380,1
4727,1295,0
4729,1302,0
4731,1312,0
4726,1327,0
4723,1348,0
4721,1368,0
4715,1385,0
4719,1397,0
4726,1404,0
4729,1407,0
4736,1408,0
4742,1405,0
4753,1397,0
4761,1385,0
4772,1367,0
4784,1351,0
4797,1339,0
4804,1334,0
4811,1333,0
4816,1336,0
4813,1342,0
4816,1358,0
4809,1380,0
4810,1405,0
4808,1421,0
4823,1430,0
4831,1428,0
4852,1416,0
4876,1394,0
4901,1368,0
4924,1336,0
4939,1312,0
4953,1295,1
4998,1339,0
5004,1332,0
5027,1327,0
5042,1317,0
5054,1305,0
5066,1293,0
5069,1280,0
5076,1271,0
5078,1264,0
5071,1257,0
5067,1255,0
5059,1257,0
5045,1264,0
5027,1281,0
5007,1308,0
4995,1334,0
4992,1357,0
4992,1375,0
5004,1387,0
5023,1392,0
5048,1394,1
5376,1277,0
5384,1298,0
5386,1319,0
5389,1341,0
5387,1360,0
5392,1373,0
5393,1383,0
5404,1389,0
5400,1389,0
5409,1385,0
5417,1375,0
5425,1360,0
5438,1341,0
5448,1322,0
5455,1307,0
5470,1301,0
5466,1299,0
5474,1303,0
5479,1312,0
5483,1329,0
5484,1354,0
5486,1380,0
5479,1403,0
5487,1419,0
5490,1425,0
5499,1420,0
5521,1404,0
5541,1375,0
5561,1345,0
5582,1313,0
5601,1286,0
5615,1263,0
5631,1247,1
5670,1292,0
5670,1287,0
5671,1286,0
5679,1287,0
5670,1290,0
5660,1299,0
5652,1312,0
5643,1328,0
5635,1346,0
5647,1364,0
5653,1374,0
5669,1376,0
5682,1371,0
5701,1363,0
5716,1354,0
5724,1339,0
5732,1326,0
5730,1312,0
5725,1299,0
5716,1290,0
5711,1290,1
5808,1296,0
5799,1318,0
5797,1341,0
5793,1361,0
5793,1373,0
5792,1379,0
5800,1380,0
5801,1377,0
5816,1369,0
5827,1356,0
5836,1336,0
5853,1317,0
5870,1297,0
5885,1288,0
5899,1281,0
5907,1279,0
5914,1284,0
5923,1298,0
5923,1316,0
5921,1339,0
5921,1360,1
6040,1155,0
6036,1176,0
6039,1199,0
6044,1216,0
6046,1228,1
6157,1204,0
6161,1220,0
6157,1240,0
6151,1269,0
6141,1299,0
6133,1330,0
6128,1356,0
6127,1373,0
6128,1385,1
6122,1274,0
6125,1275,0
6138,1271,0
6155,1271,0
6179,1270,1
6456,1196,0
6451,1222,0
6454,1249,0
6452,1277,0
6454,1305,0
6458,1325,0
6459,1343,0
6464,1356,0
6466,1365,0
6461,1367,0
6461,1367,0
6466,1362,0
6469,1348,0
6478,1329,0
6490,1312,0
6498,1290,0
6510,1275,0
6520,1263,0
6526,1254,0
6534,1254,0
6546,1255,0
6540,1264,0
6550,1280,0
6553,1304,0
6539,1327,0
6539,1351,0
6535,1368,0
6536,1380,0
6539,1384,1
6660,1277,0
6662,1270,0
6659,1263,0
6655,1259,0
6647,1264,0
6645,1271,0
6631,1281,0
6623,1295,0
6616,1314,0
6609,1329,0
6614,1341,0
6617,1346,0
6625,1348,0
6634,1346,0
6639,1339,0
6650,1325,0
6662,1308,0
6678,1289,0
6691,1268,0
6705,1259,0
6706,1252,0
6705,1254,0
6705,1257,0
6707,1270,0
6699,1289,0
6693,1315,0
6692,1340,0
6688,1363,0
6691,1370,1
6777,1306,0
6773,1322,0
6773,1344,0
6770,1361,0
6769,1380,0
6773,1388,0
6775,1392,0
6780,1387,0
6792,1375,0
6808,1353,0
6822,1323,0
6838,1303,0
6855,1280,1
6888,1324,0
6896,1321,0
6910,1313,0
6929,1301,0
6939,1288,0
6954,1276,0
6963,1268,0
6965,1259,0
6966,1249,0
6967,1247,0
6964,1245,0
6959,1244,0
6955,1245,0
6944,1260,0
6927,1284,0
6914,1312,0
6905,1338,0
6908,1360,0
6921,1380,0
6939,1392,0
6958,1401,1