Lester had decided with a sigh of
604
1272,2857,0
1271,2854,0
1273,2854,0
1273,2854,0
1274,2857,0
1271,2854,0
1271,2858,0
1271,2857,0
1271,2861,0
1271,2866,0
1269,2870,0
1264,2907,0
1251,2935,0
1238,2976,0
1223,3009,0
1213,3037,0
1206,3058,0
1202,3070,0
1203,3074,0
1204,3074,0
1202,3070,0
1204,3074,0
1202,3070,0
1203,3071,0
1205,3062,0
1214,3054,0
1230,3045,0
1252,3035,0
1278,3030,0
1302,3024,0
1327,3026,0
1348,3028,1
1374,3001,0
1373,2998,0
1396,2991,0
1409,2973,0
1426,2960,0
1437,2950,0
1440,2946,0
1435,2942,0
1422,2943,0
1405,2962,0
1371,3006,0
1368,3022,0
1376,3037,0
1396,3047,0
1423,3048,1
1529,2981,0
1522,2974,0
1516,2967,0
1509,2964,0
1503,2960,0
1496,2953,0
1493,2958,0
1492,2958,0
1493,2966,0
1496,2970,0
1507,2984,0
1521,2999,0
1536,3021,0
1541,3031,0
1539,3045,0
1528,3054,0
1511,3061,0
1479,3057,0
1487,3011,0
1505,2997,0
1529,2989,0
1552,2982,1
1623,2899,0
1621,2895,0
1623,2900,0
1621,2900,0
1618,2896,0
1619,2916,0
1612,2934,0
1605,2968,0
1595,3006,0
1583,3028,0
1578,3054,0
1573,3071,0
1573,3076,0
1575,3075,0
1573,3055,0
1582,3041,0
1589,3020,0
1589,3007,0
1588,3004,0
1586,3000,0
1585,3000,0
1585,3004,0
1583,3004,0
1586,3011,0
1590,3015,0
1599,3021,0
1612,3023,0
1630,3020,0
1647,3004,0
1660,2994,0
1663,2985,0
1667,2988,0
1664,2976,0
1665,2980,0
1664,2981,0
1664,2984,0
1660,2985,0
1653,2991,0
1646,3001,0
1640,3010,0
1635,3015,0
1638,3030,0
1638,3035,0
1646,3042,0
1661,3042,0
1679,3038,0
1691,3033,0
1692,3024,0
1693,3028,0
1691,3028,0
1689,3028,0
1687,3033,0
1688,3041,0
1686,3042,0
1689,3045,0
1690,3045,0
1695,3031,0
1705,3012,0
1719,2993,0
1723,2976,0
1727,2979,0
1727,2975,0
1729,2979,0
1732,2987,0
1738,2996,0
1746,3003,0
1761,3008,0
1783,3007,0
1812,3008,1
2129,2877,0
2117,2907,0
2099,2943,0
2087,2990,0
2080,3030,0
2082,3056,0
2087,3071,0
2099,3080,0
2112,3075,0
2130,3064,0
2146,3041,0
2164,3030,0
2166,3025,0
2164,3022,0
2164,3022,0
2168,3033,0
2171,3044,0
2178,3059,0
2183,3066,0
2198,3077,0
2216,3087,1
2316,3055,0
2314,3047,0
2309,3036,0
2307,3033,0
2301,3026,0
2290,3023,0
2278,3023,0
2266,3028,0
2252,3038,0
2244,3050,0
2241,3064,0
2246,3076,0
2256,3080,0
2271,3083,0
2285,3072,0
2296,3059,0
2303,3057,0
2300,3054,0
2299,3054,0
2300,3058,0
2302,3066,0
2306,3072,0
2314,3082,0
2323,3087,0
2334,3086,1
2425,3023,0
2422,3021,0
2420,3018,0
2412,3017,0
2400,3017,0
2386,3024,0
2373,3039,0
2364,3061,0
2359,3080,0
2359,3093,0
2363,3100,0
2374,3100,0
2392,3092,0
2412,3074,0
2431,3047,0
2454,3018,0
2470,2984,0
2477,2959,0
2479,2948,0
2474,2946,0
2470,2948,0
2464,2969,0
2448,2999,0
2441,3038,0
2437,3066,0
2441,3086,0
2450,3100,0
2463,3112,0
2478,3118,1
2737,3018,0
2728,3013,0
2722,3018,0
2712,3028,0
2703,3047,0
2695,3069,0
2688,3088,0
2685,3102,0
2690,3114,0
2697,3118,0
2710,3120,0
2723,3105,0
2739,3086,0
2756,3063,0
2770,3031,0
2783,2995,0
2796,2964,0
2800,2943,0
2801,2938,0
2800,2938,0
2797,2944,0
2788,2965,0
2777,2994,0
2770,3026,0
2766,3052,0
2771,3076,0
2777,3091,0
2794,3105,0
2815,3106,0
2835,3100,0
2853,3083,0
2872,3063,0
2883,3042,0
2886,3030,0
2875,3019,0
2863,3017,0
2849,3025,0
2839,3045,0
2836,3066,0
2837,3083,0
2846,3102,0
2858,3114,0
2878,3124,0
2902,3129,0
2927,3136,1
3012,3035,0
3004,3030,0
2996,3030,0
2985,3033,0
2975,3045,0
2963,3062,0
2959,3088,0
2960,3106,0
2970,3119,0
2986,3129,0
3004,3127,0
3029,3119,0
3051,3105,0
3069,3078,0
3088,3060,0
3093,3037,0
3095,3030,0
3093,3028,0
3093,3033,0
3087,3036,0
3083,3058,0
3080,3080,0
3078,3095,0
3087,3114,0
3102,3129,1
3103,2951,0
3099,2949,0
3100,2948,0
3100,2948,0
3102,2948,1
3237,3036,0
3236,3037,0
3230,3032,0
3224,3030,0
3214,3029,0
3209,3037,0
3195,3052,0
3182,3072,0
3171,3089,0
3167,3107,0
3164,3119,0
3170,3129,0
3177,3134,0
3187,3133,0
3197,3125,0
3211,3110,0
3226,3089,0
3241,3059,0
3257,3026,0
3267,2999,0
3272,2980,0
3271,2975,0
3274,2978,0
3271,2980,0
3266,2999,0
3256,3027,0
3250,3057,0
3243,3082,0
3244,3105,0
3252,3124,0
3259,3134,0
3269,3132,0
3288,3127,0
3302,3108,0
3325,3090,0
3341,3062,0
3347,3042,0
3349,3041,0
3341,3037,0
3328,3042,0
3313,3059,0
3299,3080,0
3296,3098,0
3300,3115,0
3310,3127,0
3325,3135,0
3344,3136,0
3368,3133,0
3383,3120,1
3437,3068,0
3437,3062,0
3433,3055,0
3427,3049,0
3422,3049,0
3411,3052,0
3395,3066,0
3380,3088,0
3372,3109,0
3370,3126,0
3373,3139,0
3378,3145,0
3384,3145,0
3395,3137,0
3410,3120,0
3428,3095,0
3447,3065,0
3459,3035,0
3463,3009,0
3465,2997,0
3465,2997,0
3465,2998,0
3459,3008,0
3449,3037,0
3438,3072,0
3433,3101,0
3435,3131,0
3438,3155,1
3803,3105,0
3804,3125,0
3802,3132,0
3806,3134,0
3819,3133,0
3830,3117,0
3844,3099,0
3856,3087,0
3860,3083,0
3860,3083,0
3863,3091,0
3865,3100,0
3868,3109,0
3868,3115,0
3871,3117,0
3872,3117,0
3874,3115,0
3886,3103,0
3897,3081,0
3905,3068,0
3907,3060,0
3907,3054,0
3905,3051,0
3906,3050,1
3963,3049,0
3963,3049,0
3959,3059,0
3955,3074,0
3952,3091,0
3949,3103,0
3937,3103,0
3937,3104,0
3947,3100,1
3982,2996,0
3975,2987,0
3974,2982,0
3971,2980,1
4265,2712,0
4261,2723,0
4251,2743,0
4243,2777,0
4234,2820,0
4056,3047,0
4044,3078,0
4029,3093,0
4022,3105,0
4021,3106,0
4020,3102,0
4018,3092,0
4018,3081,0
4024,3069,0
4024,3050,0
4028,3030,0
4039,3018,0
4046,3011,0
4056,3013,0
4053,3010,0
4061,3006,0
4074,2999,0
4089,2989,0
4100,2972,0
4118,2952,0
4138,2937,0
4118,2970,0
4102,3006,0
4090,3041,0
4083,3065,0
4089,3081,0
4100,3088,0
4114,3085,0
4137,3072,0
4156,3053,0
4168,3045,0
4173,3046,0
4169,3044,0
4169,3049,0
4169,3056,0
4170,3060,0
4174,3062,0
4181,3066,1
4400,3027,0
4391,3019,0
4385,3019,0
4364,3037,0
4345,3052,0
4336,3063,0
4338,3074,0
4342,3081,0
4354,3084,0
4370,3078,0
4389,3069,0
4402,3054,0
4408,3047,0
4406,3043,0
4406,3044,0
4404,3045,0
4401,3061,0
4400,3081,0
4402,3097,0
4410,3112,1
4739,3035,0
4735,3034,0
4726,3033,0
4712,3037,0
4693,3042,0
4664,3065,0
4663,3074,0
4671,3083,0
4689,3091,0
4721,3098,0
4753,3102,0
4777,3103,0
4793,3116,0
4792,3124,0
4786,3137,0
4763,3140,0
4754,3151,0
4737,3146,0
4730,3142,0
4729,3132,0
4735,3112,0
4752,3083,0
4775,3061,0
4801,3047,0
4821,3042,0
4832,3040,0
4837,3047,0
4842,3058,0
4845,3076,0
4846,3093,0
4849,3110,0
4852,3125,1
4862,2987,0
4864,2984,0
4857,2980,0
4862,2981,0
4858,2979,1
4985,3050,0
4975,3042,0
4965,3042,0
4949,3043,0
4934,3052,0
4918,3066,0
4912,3078,0
4912,3086,0
4922,3093,0
4936,3094,0
4958,3092,0
4977,3086,0
4987,3087,0
4993,3091,0
5001,3107,0
5004,3129,0
5009,3157,0
5006,3182,0
5000,3207,0
4994,3229,0
4984,3242,0
4980,3247,0
4973,3243,0
4961,3225,0
4956,3194,0
4951,3153,0
4958,3112,0
4972,3080,0
4994,3050,0
5023,3025,0
5044,2995,0
5060,2966,0
5069,2944,0
5079,2939,0
5071,2936,0
5072,2942,0
5053,2962,0
5043,2996,0
5033,3032,0
5033,3071,0
5039,3103,0
5054,3124,0
5074,3137,0
5095,3135,0
5112,3127,0
5127,3120,0
5131,3120,0
5124,3116,0
5118,3117,0
5117,3125,0
5121,3134,0
5129,3143,0
5152,3153,1
5511,3069,0
5503,3075,0
5496,3093,0
5490,3116,0
5489,3133,0
5495,3145,0
5505,3151,0
5516,3149,0
5526,3141,0
5537,3125,0
5544,3107,0
5542,3088,0
5536,3076,0
5533,3073,0
5533,3073,0
5534,3079,0
5536,3090,0
5545,3098,0
5557,3101,0
5572,3100,0
5598,3092,0
5622,3076,0
5648,3050,0
5671,3020,0
5694,2991,0
5702,2969,0
5700,2958,0
5692,2957,0
5670,2960,0
5656,2976,0
5638,3005,0
5632,3052,0
5631,3105,0
5631,3150,0
5625,3180,0
5624,3202,0
5636,3222,0
5639,3225,0
5643,3226,0
5629,3217,0
5621,3202,0
5612,3185,0
5610,3174,0
5609,3168,0
5614,3162,0
5628,3153,0
5643,3146,0
5665,3142,0
5695,3146,1