his car to somebody, Phil. He &apos;s
534
790,2236,0
786,2240,0
786,2240,0
788,2244,0
792,2265,0
797,2299,0
801,2331,0
804,2368,0
808,2409,0
812,2445,0
813,2473,0
814,2485,0
814,2481,0
815,2482,0
820,2474,0
828,2439,0
837,2403,0
844,2388,0
848,2389,0
848,2381,0
851,2385,0
856,2393,0
866,2411,0
873,2427,0
882,2440,0
887,2445,0
889,2444,0
890,2445,0
892,2437,0
900,2418,0
908,2398,0
913,2386,0
914,2386,0
915,2387,0
921,2399,0
931,2420,0
943,2437,0
959,2453,0
972,2466,0
980,2470,0
986,2471,1
946,2305,0
936,2300,0
934,2296,0
936,2296,0
943,2296,1
1110,2345,0
1093,2349,0
1076,2357,0
1051,2360,0
1030,2368,0
1015,2376,0
1009,2388,0
1010,2400,0
1024,2408,0
1049,2429,0
1079,2441,0
1108,2449,0
1131,2460,0
1136,2464,0
1132,2464,0
1109,2481,0
1073,2489,0
1044,2497,0
1023,2504,0
1008,2504,0
1004,2503,1
1436,2311,0
1416,2315,0
1398,2330,0
1381,2352,0
1367,2378,0
1358,2400,0
1359,2420,0
1368,2434,0
1383,2441,0
1404,2442,0
1431,2434,0
1459,2417,0
1489,2404,1
1566,2352,0
1561,2348,0
1559,2348,0
1556,2350,0
1551,2347,0
1541,2352,0
1525,2368,0
1509,2387,0
1496,2410,0
1489,2424,0
1490,2432,0
1502,2442,0
1515,2435,0
1533,2420,0
1553,2403,0
1571,2383,0
1585,2367,0
1594,2362,0
1594,2361,0
1596,2365,0
1595,2373,0
1597,2385,0
1604,2396,0
1616,2410,0
1628,2411,0
1647,2410,0
1668,2400,0
1691,2391,0
1707,2381,0
1717,2379,0
1720,2378,0
1723,2381,0
1727,2392,0
1726,2396,0
1721,2398,0
1714,2396,0
1706,2391,0
1701,2383,0
1690,2362,0
1688,2350,0
1687,2338,0
1691,2328,0
1700,2321,0
1710,2314,0
1732,2316,0
1751,2314,0
1768,2309,0
1788,2306,0
1807,2309,1
2041,2166,0
2040,2166,0
2046,2181,0
2050,2205,0
2062,2248,0
2069,2294,0
2075,2335,0
2076,2366,0
2075,2393,0
2072,2403,0
2074,2402,0
2071,2389,0
2067,2365,0
2061,2337,0
2056,2322,0
2045,2309,0
2036,2296,0
2038,2295,0
2041,2289,0
2060,2289,0
2087,2290,0
2113,2287,0
2142,2289,0
2169,2294,0
2181,2292,0
2187,2299,0
2183,2305,0
2172,2319,0
2157,2332,0
2152,2347,0
2147,2350,0
2159,2362,0
2178,2366,0
2198,2359,0
2218,2345,0
2234,2328,0
2237,2308,0
2231,2289,0
2221,2280,0
2210,2277,0
2193,2273,1
2468,2277,0
2469,2271,0
2482,2263,0
2493,2251,0
2512,2248,0
2531,2245,0
2554,2253,0
2572,2265,0
2579,2278,0
2586,2299,0
2582,2321,0
2571,2343,0
2550,2362,0
2527,2377,0
2507,2386,0
2494,2389,0
2492,2386,1
2663,2302,0
2656,2298,0
2646,2299,0
2630,2306,0
2622,2321,0
2620,2338,0
2616,2346,0
2625,2355,0
2643,2362,0
2661,2358,0
2678,2351,0
2690,2337,0
2695,2318,0
2685,2295,0
2669,2277,0
2649,2268,0
2630,2262,0
2619,2260,0
2616,2257,0
2620,2258,0
2639,2259,0
2666,2260,0
2700,2263,0
2730,2266,0
2758,2275,0
2775,2286,0
2782,2301,0
2784,2320,0
2782,2338,0
2781,2352,0
2776,2357,0
2779,2360,0
2778,2355,0
2782,2347,0
2796,2331,0
2811,2314,0
2820,2297,0
2830,2294,0
2827,2291,0
2830,2293,0
2833,2301,0
2837,2314,0
2842,2326,0
2847,2335,0
2855,2340,0
2861,2340,0
2876,2338,0
2892,2330,0
2904,2320,0
2914,2311,0
2923,2309,0
2922,2310,0
2924,2318,0
2926,2328,0
2935,2341,0
2948,2351,0
2963,2355,0
2981,2355,0
2996,2347,0
3008,2330,0
3018,2311,0
3025,2294,0
3021,2280,0
3012,2278,0
2998,2280,0
2989,2294,0
2984,2309,0
2989,2325,0
3008,2341,0
3038,2351,0
3076,2356,0
3121,2357,0
3158,2350,1
3175,2327,0
3182,2321,0
3198,2306,0
3214,2285,0
3222,2252,0
3235,2217,0
3242,2180,0
3245,2152,0
3244,2135,0
3239,2129,0
3234,2130,0
3229,2146,0
3217,2176,0
3217,2217,0
3221,2260,0
3227,2294,0
3245,2321,0
3267,2338,0
3286,2342,0
3296,2333,0
3300,2310,0
3300,2282,0
3294,2258,0
3284,2239,0
3269,2227,0
3259,2219,0
3256,2217,0
3257,2216,0
3269,2215,0
3298,2219,0
3327,2216,0
3365,2217,0
3402,2218,0
3426,2215,0
3446,2216,0
3446,2216,0
3442,2220,0
3425,2234,0
3403,2252,0
3386,2270,0
3382,2293,0
3383,2310,0
3397,2324,0
3421,2333,0
3449,2333,0
3472,2324,0
3489,2306,0
3489,2282,0
3485,2262,0
3469,2249,0
3457,2246,0
3443,2244,0
3441,2245,1
3624,2246,0
3602,2254,0
3577,2265,0
3561,2278,0
3551,2289,0
3551,2296,0
3566,2302,0
3580,2299,0
3599,2289,0
3621,2274,0
3641,2251,0
3655,2220,0
3669,2190,0
3675,2162,0
3672,2147,0
3668,2145,0
3670,2149,0
3669,2157,0
3672,2185,0
3677,2218,0
3682,2251,0
3689,2280,0
3697,2301,0
3708,2314,0
3729,2321,1
3909,2224,0
3908,2225,0
3907,2226,0
3906,2227,0
3904,2237,0
3889,2256,0
3873,2292,0
3846,2340,0
3815,2391,0
3796,2433,0
3784,2461,0
3784,2472,0
3783,2467,1
3829,2218,0
3829,2218,0
3834,2224,0
3845,2237,0
3859,2251,0
3875,2263,0
3891,2275,0
3901,2282,0
3911,2288,1
4036,2314,0
4036,2315,0
4039,2318,0
4041,2335,0
4048,2365,0
4047,2393,0
4052,2420,0
4057,2441,0
4063,2451,1
4267,2142,0
4263,2164,0
4268,2200,0
4276,2240,0
4284,2272,0
4289,2294,0
4294,2307,0
4291,2304,0
4283,2288,1
4249,2117,0
4250,2101,0
4261,2083,0
4280,2075,0
4302,2068,0
4331,2068,0
4358,2076,0
4375,2087,0
4380,2102,0
4374,2121,0
4365,2145,0
4343,2163,0
4316,2178,0
4299,2188,0
4292,2191,0
4296,2186,1
4440,2086,0
4435,2087,0
4435,2103,0
4426,2125,0
4430,2160,0
4418,2194,0
4428,2231,0
4428,2262,0
4435,2287,0
4438,2299,0
4449,2305,0
4469,2301,0
4478,2280,0
4502,2256,0
4515,2234,0
4519,2221,0
4524,2219,0
4521,2217,0
4521,2217,0
4526,2232,0
4533,2251,0
4538,2265,0
4548,2274,0
4546,2277,0
4558,2280,0
4571,2273,0
4581,2258,0
4592,2238,0
4604,2226,0
4606,2222,0
4609,2225,0
4616,2236,0
4620,2254,0
4633,2279,0
4645,2298,0
4661,2311,0
4663,2314,1
4623,2171,0
4616,2166,0
4619,2167,0
4624,2166,0
4632,2168,1
4746,2227,0
4753,2223,0
4777,2211,0
4793,2184,0
4806,2149,0
4810,2118,0
4809,2095,0
4795,2086,0
4777,2085,0
4760,2103,0
4739,2134,0
4727,2179,0
4725,2224,0
4735,2263,0
4753,2296,0
4784,2323,0
4817,2337,0
4857,2339,0
4904,2338,0
4943,2335,1
5063,2324,0
5044,2333,0
5040,2331,0
5056,2328,0
5074,2320,1
5332,2048,0
5337,2055,0
5339,2081,0
5344,2119,0
5348,2168,0
5354,2218,0
5344,2258,0
5343,2296,0
5335,2321,1
5405,2072,0
5405,2071,0
5409,2071,0
5413,2083,0
5412,2113,0
5419,2156,0
5436,2195,0
5435,2235,0
5442,2268,0
5441,2289,0
5436,2297,0
5426,2290,0
5424,2277,1
5375,2213,0
5380,2212,0
5392,2216,0
5419,2222,0
5454,2223,0
5491,2220,0
5520,2213,0
5557,2211,1
5578,2230,0
5590,2226,0
5609,2214,0
5629,2197,0
5635,2183,0
5631,2173,0
5622,2172,0
5593,2181,0
5569,2205,0
5546,2234,0
5525,2260,0
5535,2286,0
5547,2299,0
5586,2311,0
5631,2309,0
5686,2304,0
5731,2291,1
5746,1979,0
5745,1980,0
5746,1990,0
5753,2005,0
5761,2018,1
5939,2111,0
5934,2112,0
5924,2116,0
5906,2119,0
5902,2129,0
5890,2136,0
5885,2148,0
5875,2161,0
5892,2182,0
5910,2203,0
5929,2219,0
5953,2234,0
5966,2244,0
5972,2251,0
5960,2259,0
5924,2272,0
5881,2280,0
5848,2286,0
5824,2290,0
5820,2290,0
5827,2285,1