from his posket and got a
631
880,2492,0
869,2491,0
855,2494,0
838,2508,0
820,2531,0
805,2561,0
799,2601,0
801,2642,0
811,2686,0
829,2736,0
846,2782,0
864,2828,0
866,2924,0
846,2951,0
824,2973,0
801,2987,0
775,2996,0
750,2994,0
723,2982,1
742,2727,0
743,2719,0
752,2716,0
767,2709,0
786,2700,0
808,2690,0
830,2677,0
851,2663,0
868,2651,0
882,2641,0
888,2637,0
896,2642,0
907,2659,0
916,2683,0
926,2717,0
935,2749,0
942,2782,0
947,2809,0
948,2813,0
950,2818,0
950,2814,0
954,2806,0
962,2774,0
974,2734,0
986,2695,0
998,2663,0
1010,2640,0
1023,2628,0
1038,2620,1
1118,2709,0
1120,2712,0
1120,2717,0
1119,2712,0
1116,2712,0
1107,2708,0
1095,2704,0
1083,2709,0
1069,2721,0
1059,2744,0
1056,2769,0
1065,2793,0
1082,2813,0
1101,2820,0
1122,2820,0
1140,2808,0
1154,2791,0
1163,2763,0
1166,2731,0
1166,2707,0
1162,2696,0
1161,2695,0
1161,2695,0
1163,2700,0
1175,2707,0
1196,2714,0
1220,2713,0
1246,2711,0
1269,2702,0
1290,2692,0
1304,2683,0
1312,2682,0
1310,2682,0
1311,2698,0
1305,2722,0
1300,2751,0
1300,2772,0
1304,2783,0
1310,2791,0
1315,2782,0
1327,2781,0
1342,2759,0
1360,2733,0
1382,2711,0
1395,2693,0
1404,2696,0
1409,2704,0
1415,2723,0
1420,2755,0
1422,2778,0
1428,2802,0
1435,2820,0
1443,2828,0
1455,2830,0
1467,2820,0
1485,2801,0
1508,2777,0
1529,2745,0
1552,2717,0
1570,2702,0
1582,2700,0
1596,2713,0
1607,2731,0
1616,2758,0
1625,2789,0
1635,2823,0
1645,2854,0
1650,2878,1
1985,2559,0
1987,2562,0
1988,2571,0
1990,2592,0
1990,2630,0
1988,2673,0
1989,2729,0
1986,2779,0
1988,2835,0
1983,2878,0
1976,2910,0
1975,2935,0
1976,2943,0
1976,2940,0
1978,2939,0
1982,2921,0
1992,2888,0
2002,2855,0
2016,2833,0
2027,2816,0
2036,2808,0
2041,2806,0
2051,2816,0
2060,2830,0
2071,2856,0
2077,2879,0
2084,2902,0
2090,2917,0
2095,2924,0
2099,2922,0
2108,2919,0
2121,2900,0
2139,2869,0
2164,2842,0
2188,2814,0
2207,2797,0
2224,2799,0
2231,2805,0
2238,2823,0
2246,2859,0
2248,2897,0
2248,2928,0
2250,2957,0
2247,2971,0
2248,2980,0
2246,2976,0
2247,2963,0
2246,2929,0
2248,2883,1
2250,2664,0
2243,2659,0
2244,2658,0
2246,2661,1
2399,2755,0
2394,2759,0
2382,2755,0
2365,2755,0
2345,2760,0
2326,2770,0
2311,2782,0
2303,2798,0
2304,2815,0
2318,2835,0
2340,2852,0
2371,2873,0
2399,2890,0
2422,2905,0
2437,2920,0
2441,2931,0
2439,2946,0
2421,2960,0
2395,2972,0
2359,2975,0
2327,2980,0
2301,2983,0
2285,2981,0
2282,2978,0
2285,2972,0
2306,2963,0
2339,2944,0
2379,2922,0
2430,2901,1
2771,2762,0
2765,2762,0
2763,2767,0
2757,2781,0
2753,2802,0
2753,2835,0
2751,2870,0
2753,2910,0
2758,2950,0
2755,2979,0
2761,3008,0
2763,3026,0
2762,3031,0
2763,3030,0
2755,3017,0
2744,2986,0
2739,2951,1
2728,2818,0
2731,2797,0
2738,2779,0
2753,2770,0
2770,2763,0
2790,2759,0
2818,2765,0
2845,2776,0
2871,2792,0
2886,2806,0
2893,2825,0
2884,2842,0
2866,2863,0
2840,2884,0
2807,2900,0
2777,2914,0
2760,2921,0
2752,2916,0
2759,2907,0
2779,2890,1
2960,2862,0
2960,2872,0
2961,2890,0
2958,2902,0
2961,2914,0
2972,2922,0
2987,2921,0
3006,2912,0
3022,2892,0
3042,2872,0
3052,2850,0
3056,2827,0
3050,2811,0
3033,2799,0
3006,2795,0
2980,2808,0
2951,2824,0
2926,2842,0
2918,2861,0
2926,2885,0
2946,2900,0
2976,2910,0
3013,2908,0
3054,2897,1
3215,2830,0
3231,2813,0
3238,2796,0
3230,2783,0
3211,2772,0
3189,2770,0
3166,2777,0
3147,2792,0
3132,2810,0
3128,2832,0
3134,2859,0
3143,2881,0
3158,2905,0
3171,2925,0
3178,2941,0
3174,2949,0
3167,2959,0
3144,2961,0
3117,2960,0
3088,2957,0
3070,2955,0
3058,2949,0
3059,2944,0
3066,2929,1
3383,2594,0
3382,2579,0
3378,2565,0
3377,2561,0
3373,2560,0
3376,2567,0
3378,2589,0
3380,2618,0
3380,2656,0
3375,2700,0
3372,2751,0
3372,2803,0
3368,2854,0
3366,2903,0
3359,2945,0
3351,2973,0
3348,2990,0
3349,2995,0
3349,2994,0
3346,2987,0
3347,2987,0
3346,2982,0
3349,2975,0
3349,2963,0
3354,2960,0
3351,2952,0
3352,2951,0
3352,2951,0
3345,2946,1
3387,2864,0
3382,2859,0
3383,2852,0
3390,2841,0
3400,2832,0
3416,2819,0
3439,2814,0
3458,2813,0
3474,2820,0
3481,2830,0
3474,2847,0
3462,2869,0
3440,2888,0
3419,2910,0
3397,2924,0
3391,2940,0
3392,2948,0
3404,2955,0
3434,2960,0
3473,2960,0
3514,2955,0
3560,2952,0
3600,2943,0
3636,2932,0
3660,2921,0
3672,2909,0
3674,2896,0
3667,2882,0
3648,2867,0
3622,2863,0
3585,2864,0
3551,2880,0
3521,2902,0
3504,2927,0
3496,2955,0
3509,2982,0
3537,3005,0
3572,3022,0
3612,3034,0
3653,3036,0
3696,3035,1
3869,2667,0
3865,2649,0
3861,2634,0
3858,2631,0
3862,2633,0
3858,2644,0
3851,2670,0
3846,2709,0
3835,2758,0
3826,2813,0
3817,2869,0
3811,2926,0
3810,2976,0
3822,3021,0
3846,3059,0
3869,3081,0
3900,3095,0
3923,3095,0
3944,3086,0
3960,3069,0
3966,3041,1
3792,2808,0
3793,2807,0
3798,2808,0
3809,2802,0
3838,2801,0
3874,2798,0
3913,2797,0
3955,2799,0
3988,2803,1
4510,2847,0
4508,2844,0
4508,2838,0
4509,2836,0
4502,2832,0
4497,2832,0
4483,2830,0
4466,2840,0
4448,2861,0
4429,2886,0
4411,2914,0
4399,2941,0
4398,2966,0
4401,2982,0
4414,2992,0
4425,2991,0
4440,2980,0
4458,2958,0
4476,2922,0
4494,2882,0
4510,2842,0
4524,2811,0
4527,2794,0
4528,2793,0
4523,2792,0
4524,2803,0
4517,2832,0
4519,2869,0
4524,2902,0
4529,2928,0
4531,2943,0
4536,2950,0
4536,2950,0
4539,2947,0
4546,2925,0
4565,2887,0
4586,2848,0
4616,2822,0
4635,2803,0
4647,2800,0
4663,2812,0
4676,2834,0
4681,2862,0
4683,2897,0
4683,2931,0
4683,2958,0
4683,2970,0
4687,2973,0
4684,2969,0
4695,2955,0
4716,2922,0
4737,2881,0
4762,2846,0
4780,2820,0
4796,2812,0
4804,2815,0
4808,2824,0
4812,2851,0
4813,2885,0
4813,2919,0
4810,2949,0
4811,2975,0
4809,2992,0
4811,3001,0
4821,3002,1
4994,2893,0
4986,2889,0
4983,2888,0
4976,2883,0
4964,2880,0
4949,2879,0
4936,2885,0
4907,2897,0
4883,2917,0
4862,2940,0
4846,2961,0
4840,2975,0
4848,2986,0
4866,2994,0
4888,2993,0
4907,2980,0
4933,2958,0
4951,2926,0
4968,2882,0
4982,2832,0
4992,2776,0
4995,2719,0
4990,2667,0
4980,2624,0
4968,2590,0
4956,2571,0
4951,2565,0
4949,2567,0
4942,2578,0
4944,2613,0
4952,2660,0
4956,2712,0
4971,2777,0
4985,2842,0
4993,2900,0
5005,2960,0
5018,3011,0
5029,3057,0
5040,3090,0
5047,3114,0
5055,3130,1
5446,2920,0
5430,2916,0
5416,2914,0
5399,2919,0
5375,2927,0
5348,2947,0
5330,2975,0
5313,3001,0
5306,3025,0
5316,3045,0
5321,3052,0
5338,3056,0
5354,3047,0
5368,3031,0
5384,3001,0
5406,2967,0
5421,2929,0
5432,2904,0
5436,2897,0
5434,2895,0
5433,2896,0
5434,2910,0
5437,2941,0
5439,2982,0
5436,3024,0
5438,3071,0
5429,3114,0
5419,3157,0
5400,3190,0
5382,3217,0
5360,3233,0
5333,3238,0
5307,3231,0
5284,3216,0
5261,3194,0
5246,3166,0
5237,3137,0
5240,3105,0
5256,3076,0
5284,3049,0
5331,3023,0
5380,2999,0
5432,2979,0
5483,2958,0
5523,2941,0
5549,2929,0
5561,2924,0
5562,2922,0
5558,2921,0
5552,2924,0
5534,2931,0
5516,2945,0
5507,2966,0
5507,2987,0
5514,3007,0
5527,3017,0
5547,3022,0
5565,3016,0
5583,3002,0
5600,2984,0
5605,2958,0
5608,2938,0
5604,2930,0
5604,2931,0
5598,2931,0
5599,2932,0
5602,2941,0
5610,2953,0
5622,2961,0
5639,2965,0
5659,2963,0
5678,2948,0
5697,2924,0
5717,2889,0
5738,2845,0
5757,2796,0
5771,2754,0
5783,2726,0
5788,2715,0
5791,2717,0
5786,2719,0
5782,2750,0
5776,2803,0
5766,2852,0
5754,2912,0
5748,2971,0
5740,3023,0
5740,3062,0
5747,3088,0
5757,3103,0
5771,3110,0
5786,3107,0
5804,3093,0
5820,3069,0
5834,3037,0
5841,3003,0
5839,2967,1
5713,2864,0
5705,2863,0
5706,2861,0
5709,2864,0
5719,2863,0
5738,2862,0
5763,2859,0
5786,2859,0
5812,2860,0
5834,2864,0
5854,2869,0
5868,2876,0
5880,2881,0
5886,2885,0
5886,2884,0
5879,2881,1
6151,2985,0
6131,2987,0
6115,2992,0
6099,3004,0
6083,3025,0
6071,3053,0
6063,3082,0
6064,3112,0
6073,3135,0
6084,3148,0
6097,3151,0
6109,3146,0
6123,3131,0
6139,3103,0
6153,3063,0
6169,3025,0
6181,2988,0
6186,2963,0
6188,2951,0
6188,2951,0
6187,2952,0
6186,2963,0
6187,2994,0
6190,3030,0
6203,3064,0
6218,3103,0
6235,3136,0
6250,3166,0
6268,3190,1