ran out of fuel. I had to
357
702,3431,0
695,3462,0
695,3491,0
696,3527,0
693,3551,0
689,3562,0
687,3566,0
685,3570,0
677,3553,0
668,3532,0
664,3495,0
669,3463,0
680,3436,0
692,3417,0
707,3411,0
726,3405,0
752,3408,1
974,3423,0
966,3422,0
956,3422,0
931,3426,0
900,3440,0
861,3457,0
832,3491,0
820,3522,0
825,3535,0
842,3537,0
875,3530,0
912,3508,0
943,3481,0
967,3439,0
987,3415,0
991,3396,0
989,3399,0
979,3415,0
963,3446,0
960,3474,0
967,3486,1
1100,3448,0
1088,3468,0
1071,3489,0
1060,3496,0
1059,3497,0
1061,3489,0
1075,3465,0
1097,3428,0
1124,3392,0
1156,3376,0
1187,3379,0
1215,3398,0
1235,3433,0
1247,3460,0
1257,3488,0
1264,3496,1
1484,3383,0
1479,3375,0
1477,3376,0
1463,3378,0
1440,3388,0
1414,3424,0
1397,3461,0
1399,3485,0
1421,3495,0
1462,3491,0
1506,3469,0
1545,3444,0
1477,3356,0
1467,3369,0
1478,3380,0
1508,3384,1
1623,3448,0
1643,3469,0
1673,3480,0
1710,3481,0
1740,3471,0
1765,3453,0
1785,3433,0
1800,3402,0
1807,3375,0
1808,3379,0
1807,3380,0
1805,3396,0
1809,3432,0
1823,3462,0
1848,3472,0
1875,3470,0
1904,3451,1
1975,3216,0
1959,3212,0
1954,3238,0
1947,3282,0
1945,3332,0
1943,3382,0
1941,3433,0
1937,3463,0
1936,3476,0
1937,3471,0
1934,3464,0
1922,3429,0
1913,3391,0
1911,3366,0
1911,3362,0
1915,3361,0
1924,3351,0
1947,3344,0
1971,3338,0
1998,3334,0
2021,3332,1
2345,3346,0
2311,3359,0
2281,3384,0
2266,3414,0
2275,3437,0
2306,3451,0
2357,3462,0
2412,3457,0
2461,3446,0
2494,3431,0
2504,3414,0
2496,3395,0
2470,3376,0
2436,3365,0
2412,3358,0
2407,3360,0
2415,3351,1
2842,3188,0
2827,3165,0
2807,3148,0
2777,3143,0
2729,3151,0
2689,3187,0
2649,3239,0
2624,3301,0
2632,3373,0
2645,3424,0
2661,3460,0
2676,3475,0
2688,3479,1
2609,3392,0
2603,3386,0
2611,3392,0
2636,3388,0
2674,3378,0
2719,3369,0
2766,3358,0
2813,3347,0
2869,3344,0
2917,3329,0
2971,3316,0
3022,3295,1
3218,3130,0
3189,3117,0
3158,3123,0
3122,3148,0
3080,3196,0
3048,3259,0
3045,3327,0
3055,3382,0
3078,3429,0
3102,3461,0
3124,3481,0
3141,3489,0
3148,3489,1
3036,3366,0
3039,3364,0
3049,3363,0
3081,3366,0
3116,3363,0
3154,3358,0
3185,3342,0
3216,3332,1
3230,3291,0
3230,3302,0
3223,3312,0
3230,3341,0
3230,3366,0
3239,3393,0
3257,3414,0
3273,3423,0
3288,3421,0
3299,3409,0
3311,3387,0
3320,3341,0
3332,3304,0
3346,3293,0
3345,3294,0
3344,3296,0
3345,3320,0
3341,3356,0
3358,3389,0
3378,3409,0
3407,3422,0
3431,3425,0
3454,3419,0
3473,3404,1
3457,3376,0
3455,3378,0
3470,3377,0
3498,3361,0
3525,3329,0
3547,3303,0
3561,3276,0
3563,3255,0
3550,3243,0
3520,3247,0
3477,3271,0
3440,3319,0
3426,3364,0
3438,3395,0
3476,3422,0
3527,3433,0
3579,3429,0
3630,3421,0
3673,3402,0
3703,3371,1
3706,3117,0
3706,3117,0
3709,3135,0
3708,3179,0
3704,3230,0
3701,3284,0
3707,3332,0
3721,3378,0
3736,3407,0
3753,3424,0
3779,3438,0
3804,3439,0
3830,3433,1
3915,3434,0
3915,3440,0
3918,3443,0
3917,3443,0
3915,3444,0
3912,3441,0
3912,3441,0
3913,3441,0
3918,3442,1
4302,3131,0
4291,3148,0
4295,3192,0
4295,3250,0
4292,3314,0
4284,3363,0
4280,3407,0
4276,3443,0
4276,3460,0
4281,3467,0
4295,3465,0
4307,3442,0
4327,3405,1
4538,3134,0
4541,3139,0
4545,3158,0
4550,3201,0
4545,3255,0
4536,3307,0
4534,3351,0
4529,3380,0
4528,3392,0
4531,3395,0
4531,3390,0
4544,3375,0
4562,3332,0
4584,3295,0
4608,3279,0
4637,3283,0
4656,3298,0
4669,3332,0
4677,3365,0
4684,3387,0
4693,3401,1
4879,3301,0
4862,3297,0
4838,3294,0
4797,3294,0
4761,3305,0
4736,3328,0
4722,3356,0
4727,3370,0
4744,3374,0
4770,3368,0
4808,3361,0
4833,3344,0
4852,3321,0
4868,3297,0
4869,3288,0
4870,3293,0
4862,3310,0
4852,3346,0
4851,3373,0
4864,3389,1
5097,3311,0
5086,3306,0
5071,3306,0
5040,3313,0
5006,3336,0
4968,3376,0
4957,3409,0
4967,3421,0
4999,3420,0
5040,3402,0
5086,3378,0
5117,3343,0
5144,3296,1
5098,3145,0
5093,3145,0
5097,3173,0
5104,3223,0
5107,3280,0
5102,3330,0
5101,3383,0
5106,3428,0
5120,3457,0
5142,3473,0
5157,3473,0
5186,3457,1
5438,3078,0
5419,3092,0
5411,3126,0
5404,3178,0
5400,3233,0
5407,3286,0
5410,3327,0
5419,3363,0
5422,3386,0
5424,3397,0
5423,3398,0
5417,3392,0
5407,3373,1
5332,3299,0
5335,3295,0
5362,3292,0
5405,3281,0
5454,3274,0
5494,3259,0
5538,3252,0
5578,3250,0
5587,3251,0
5579,3249,0
5558,3266,0
5521,3297,0
5496,3325,0
5494,3349,0
5514,3369,0
5560,3380,0
5624,3379,0
5691,3375,0
5752,3365,0
5786,3344,0
5788,3319,0
5766,3293,0
5721,3276,0
5662,3269,0
5620,3273,0
5593,3277,0
5589,3283,0
5595,3288,1