She must have passed out for the next
1277
776,1118,0
772,1141,0
775,1143,0
783,1141,0
793,1131,0
810,1120,0
830,1104,0
846,1084,0
865,1064,0
878,1038,0
894,1017,0
901,990,0
913,972,0
921,953,0
921,929,0
920,909,0
917,892,0
918,884,0
916,880,0
909,873,0
902,872,0
896,875,0
887,880,0
876,889,0
868,908,0
867,936,0
860,963,0
855,995,0
848,1026,0
838,1057,0
837,1098,0
830,1133,0
824,1169,0
831,1200,0
823,1218,0
807,1235,0
803,1250,0
789,1254,0
782,1266,0
753,1269,0
741,1274,0
731,1280,0
723,1282,0
721,1286,0
724,1290,0
722,1285,0
726,1286,0
733,1289,0
740,1286,0
750,1286,0
763,1285,0
786,1279,0
801,1271,0
813,1261,0
830,1257,0
837,1246,0
847,1240,0
856,1237,0
867,1223,0
919,1225,0
881,1211,0
887,1204,0
896,1197,0
902,1186,0
901,1170,0
914,1151,0
922,1124,0
938,1102,0
952,1076,0
962,1049,0
970,1026,0
971,1002,0
977,986,0
978,971,0
975,955,0
975,947,0
968,938,0
965,937,0
957,936,0
956,945,0
950,950,0
946,966,0
943,989,0
935,1013,0
932,1045,0
924,1072,0
916,1103,0
909,1134,0
904,1165,0
900,1193,0
898,1213,0
899,1225,0
904,1230,0
911,1228,0
936,1223,0
931,1199,0
945,1180,0
960,1162,0
969,1147,0
975,1139,0
982,1144,0
980,1144,0
981,1152,0
980,1164,0
979,1180,0
982,1196,0
984,1209,0
990,1218,0
996,1221,0
1008,1227,0
1020,1227,0
1036,1224,0
1052,1217,0
1065,1201,0
1079,1185,0
1093,1165,0
1100,1141,0
1105,1121,0
1111,1109,0
1111,1101,0
1102,1093,0
1095,1093,0
1085,1097,0
1079,1109,0
1071,1125,0
1063,1141,0
1056,1161,0
1052,1180,0
1052,1201,0
1056,1213,0
1065,1220,0
1083,1225,0
1108,1217,0
1137,1195,0
1166,1169,0
1190,1148,0
1211,1133,1
1255,1170,0
1249,1172,0
1247,1171,0
1252,1175,0
1252,1171,0
1257,1162,0
1261,1145,0
1274,1134,0
1283,1120,0
1292,1109,0
1299,1104,0
1304,1103,0
1305,1102,0
1306,1111,0
1307,1126,0
1305,1148,0
1296,1170,0
1288,1192,0
1286,1213,0
1283,1226,0
1288,1234,0
1292,1233,0
1295,1223,0
1304,1205,0
1319,1186,0
1334,1166,0
1346,1142,0
1361,1125,0
1373,1113,0
1380,1106,0
1384,1105,0
1383,1106,0
1385,1113,0
1384,1126,0
1382,1144,0
1377,1162,0
1373,1179,0
1369,1194,0
1372,1205,0
1372,1209,0
1378,1211,0
1384,1206,0
1395,1199,0
1408,1186,0
1422,1169,0
1436,1150,0
1450,1133,0
1459,1117,0
1471,1107,0
1480,1100,0
1483,1094,0
1487,1095,0
1486,1097,0
1488,1104,0
1485,1114,0
1483,1128,0
1477,1143,0
1475,1161,0
1472,1175,0
1467,1182,0
1469,1194,0
1473,1201,0
1481,1206,0
1483,1205,0
1493,1206,0
1501,1203,0
1509,1195,0
1520,1187,0
1527,1170,0
1540,1155,0
1552,1141,0
1561,1127,0
1573,1117,0
1578,1109,0
1577,1106,0
1577,1106,0
1580,1109,0
1576,1111,0
1575,1121,0
1563,1131,0
1560,1150,0
1553,1167,0
1549,1182,0
1546,1196,0
1546,1210,0
1549,1217,0
1553,1220,0
1563,1220,0
1569,1213,0
1585,1205,0
1597,1190,0
1611,1174,0
1623,1158,0
1638,1146,0
1644,1132,0
1651,1124,0
1652,1119,0
1652,1119,0
1654,1122,0
1654,1126,0
1649,1134,0
1645,1146,0
1643,1160,0
1640,1176,0
1640,1189,0
1644,1197,0
1650,1202,0
1657,1204,0
1665,1199,0
1678,1192,0
1688,1176,0
1702,1158,0
1716,1139,0
1730,1125,0
1742,1118,0
1751,1115,0
1757,1117,0
1767,1124,0
1768,1133,0
1768,1148,0
1758,1164,0
1751,1184,0
1739,1201,0
1734,1218,0
1722,1225,0
1716,1230,0
1715,1230,0
1715,1229,0
1715,1225,0
1725,1219,0
1742,1213,0
1756,1204,0
1771,1189,0
1788,1173,0
1804,1155,0
1819,1136,0
1833,1114,0
1845,1090,0
1855,1065,0
1869,1042,0
1880,1020,0
1886,999,0
1893,981,0
1903,970,0
1907,967,0
1907,967,0
1908,972,0
1906,984,0
1903,1005,0
1900,1035,0
1889,1066,0
1879,1102,0
1872,1134,0
1866,1159,0
1861,1178,0
1854,1189,1
1857,1196,0
1854,1194,0
1846,1184,0
1846,1175,0
1841,1164,0
1843,1163,0
1840,1160,0
1848,1163,0
1861,1168,0
1872,1170,0
1885,1170,0
1900,1167,0
1911,1163,1
1996,1192,1
2001,1192,0
2007,1187,0
2019,1175,0
2035,1160,0
2047,1138,0
2063,1114,0
2076,1090,0
2086,1068,0
2097,1048,0
2103,1030,0
2107,1013,0
2108,998,0
2107,986,0
2106,981,0
2103,979,0
2101,980,0
2097,986,0
2088,998,0
2080,1020,0
2067,1046,0
2060,1078,0
2051,1111,0
2043,1141,0
2036,1164,0
2037,1180,0
2038,1185,0
2043,1185,0
2055,1179,0
2065,1165,0
2081,1149,0
2092,1131,0
2100,1117,0
2106,1110,0
2106,1110,0
2107,1116,0
2104,1130,0
2098,1148,0
2096,1168,0
2097,1189,0
2094,1204,0
2098,1211,0
2106,1215,0
2118,1214,0
2133,1211,0
2144,1199,0
2163,1184,0
2180,1166,0
2197,1148,0
2210,1131,0
2222,1117,0
2231,1106,0
2237,1099,0
2239,1097,0
2239,1097,0
2235,1095,0
2232,1098,0
2225,1101,0
2215,1107,0
2210,1119,0
2203,1135,0
2195,1150,0
2186,1166,0
2178,1181,0
2172,1192,0
2171,1199,0
2174,1202,0
2179,1202,0
2188,1199,0
2196,1189,0
2207,1177,0
2216,1161,0
2220,1144,0
2227,1130,0
2231,1119,0
2232,1111,0
2232,1105,0
2233,1105,0
2228,1104,0
2227,1105,0
2227,1105,0
2225,1108,0
2225,1114,0
2227,1125,0
2222,1136,0
2222,1148,0
2219,1158,0
2219,1171,0
2218,1183,0
2219,1194,0
2222,1203,0
2228,1208,0
2235,1213,0
2244,1213,0
2249,1208,0
2261,1201,0
2268,1187,0
2277,1170,0
2285,1154,0
2291,1140,0
2295,1129,0
2296,1122,0
2297,1122,0
2296,1121,0
2292,1120,0
2292,1121,0
2291,1122,0
2294,1124,0
2291,1129,0
2290,1135,0
2289,1143,0
2286,1153,0
2292,1166,0
2288,1175,0
2289,1187,0
2292,1196,0
2301,1204,0
2304,1206,0
2315,1206,0
2323,1202,0
2330,1194,0
2344,1183,0
2347,1167,0
2355,1151,0
2360,1137,0
2363,1126,0
2362,1121,0
2362,1121,0
2362,1121,0
2362,1121,0
2366,1123,0
2361,1122,0
2362,1129,0
2364,1138,0
2367,1147,0
2374,1157,0
2380,1164,0
2387,1167,0
2396,1169,0
2406,1169,0
2415,1163,0
2422,1154,0
2430,1142,0
2442,1133,0
2446,1121,0
2451,1112,0
2455,1107,0
2453,1104,0
2446,1100,0
2437,1099,0
2435,1102,0
2427,1106,0
2417,1113,0
2410,1123,0
2401,1134,0
2394,1151,0
2391,1169,0
2394,1184,0
2396,1194,0
2407,1201,0
2426,1203,0
2445,1196,0
2472,1187,0
2497,1173,0
2516,1160,1
2650,1182,1
2660,1160,0
2668,1148,0
2675,1136,0
2680,1127,0
2691,1124,0
2691,1123,0
2692,1124,0
2694,1127,0
2690,1132,0
2695,1147,0
2690,1163,0
2690,1187,0
2684,1211,0
2683,1235,0
2680,1259,0
2674,1283,0
2665,1303,0
2661,1323,0
2658,1340,0
2655,1350,0
2652,1354,0
2652,1354,0
2649,1351,0
2651,1348,0
2654,1339,0
2659,1324,0
2667,1307,0
2675,1282,0
2688,1257,0
2697,1227,0
2716,1199,0
2733,1170,0
2748,1146,0
2763,1127,0
2774,1114,0
2787,1109,0
2801,1107,0
2809,1111,0
2813,1120,0
2819,1134,0
2820,1148,0
2815,1164,0
2806,1180,0
2797,1196,0
2786,1213,0
2770,1225,0
2756,1232,0
2743,1237,0
2728,1239,0
2721,1243,0
2711,1243,0
2705,1245,0
2705,1245,0
2705,1245,0
2707,1243,0
2707,1241,0
2715,1237,0
2723,1231,0
2737,1224,0
2757,1216,0
2772,1206,0
2792,1197,0
2807,1187,0
2827,1177,0
2844,1164,0
2859,1153,0
2873,1143,0
2878,1134,0
2895,1130,0
2891,1126,0
2895,1126,0
2888,1124,0
2883,1125,0
2877,1128,0
2866,1132,0
2848,1140,0
2840,1154,0
2827,1170,0
2813,1185,0
2803,1202,0
2794,1216,0
2792,1227,0
2796,1236,0
2804,1246,0
2811,1251,0
2823,1253,0
2834,1250,0
2849,1242,0
2861,1228,0
2876,1212,0
2890,1194,0
2902,1174,0
2907,1156,0
2918,1143,0
2919,1136,0
2919,1134,0
2915,1134,0
2914,1134,0
2909,1136,0
2910,1143,0
2907,1149,0
2905,1159,0
2899,1171,0
2902,1184,0
2900,1194,0
2898,1204,0
2905,1217,0
2905,1225,0
2914,1233,0
2922,1237,0
2931,1237,0
2946,1236,0
2959,1228,0
2975,1217,0
2994,1198,0
3009,1178,0
3023,1160,0
3035,1145,0
3048,1136,0
3057,1128,0
3064,1124,0
3068,1124,0
3067,1124,0
3065,1128,0
3066,1136,0
3059,1150,0
3052,1165,0
3047,1182,0
3044,1199,0
3032,1212,0
3023,1228,0
3021,1240,0
3017,1248,0
3010,1251,0
3010,1251,0
3011,1250,0
3011,1249,0
3013,1247,0
3020,1242,0
3021,1232,0
3035,1223,0
3043,1208,0
3059,1195,0
3070,1181,0
3082,1167,0
3102,1155,0
3110,1146,0
3123,1138,0
3130,1132,0
3144,1133,0
3147,1134,0
3150,1138,0
3151,1144,0
3146,1154,0
3140,1166,0
3139,1179,0
3127,1193,0
3116,1207,0
3100,1219,0
3093,1233,0
3078,1243,0
3078,1252,0
3073,1253,0
3074,1252,0
3077,1253,0
3081,1255,0
3091,1254,0
3101,1252,0
3117,1247,0
3140,1238,0
3159,1226,0
3182,1217,0
3204,1201,0
3227,1188,0
3244,1172,0
3263,1159,0
3274,1146,0
3286,1136,0
3284,1131,0
3285,1130,0
3281,1129,0
3276,1129,0
3267,1131,0
3256,1135,0
3247,1143,0
3226,1153,0
3212,1165,0
3202,1178,0
3192,1189,0
3185,1201,0
3181,1210,0
3183,1225,0
3181,1237,0
3192,1243,0
3201,1251,0
3210,1259,0
3232,1261,0
3247,1257,0
3271,1254,0
3289,1243,0
3317,1233,0
3354,1221,0
3369,1206,0
3394,1191,0
3413,1177,0
3426,1167,0
3438,1158,0
3447,1146,0
3453,1141,0
3455,1140,0
3451,1138,0
3451,1136,0
3443,1138,0
3433,1138,0
3423,1143,0
3405,1153,0
3390,1167,0
3375,1182,0
3358,1201,0
3349,1222,0
3334,1235,0
3324,1247,0
3328,1257,0
3332,1266,0
3340,1269,0
3355,1264,0
3374,1252,0
3395,1237,0
3412,1216,0
3433,1192,0
3448,1167,0
3462,1142,0
3477,1117,0
3489,1094,0
3503,1072,0
3507,1048,0
3518,1028,0
3525,1011,0
3529,996,0
3536,989,0
3537,984,0
3534,983,0
3533,985,0
3535,990,0
3532,1000,0
3525,1022,0
3513,1053,0
3500,1090,0
3478,1124,0
3475,1162,0
3474,1195,0
3480,1223,0
3480,1243,0
3491,1256,0
3498,1262,0
3501,1264,1
3777,1171,1
3766,1166,0
3757,1167,0
3755,1162,0
3752,1158,0
3747,1149,0
3731,1145,0
3718,1147,0
3704,1148,0
3691,1151,0
3672,1165,0
3659,1177,0
3643,1194,0
3628,1211,0
3615,1231,0
3616,1252,0
3613,1269,0
3624,1283,0
3631,1295,0
3651,1300,0
3670,1297,0
3691,1288,0
3715,1274,0
3737,1251,0
3758,1231,0
3775,1210,0
3788,1187,0
3793,1173,0
3803,1158,0
3797,1151,0
3791,1144,0
3785,1138,0
3776,1138,0
3767,1140,0
3759,1140,0
3749,1141,0
3743,1147,0
3739,1147,0
3738,1150,0
3734,1150,0
3733,1153,0
3740,1155,0
3742,1160,0
3749,1167,0
3753,1168,0
3759,1174,0
3771,1177,0
3773,1182,0
3785,1184,0
3788,1189,0
3800,1187,0
3811,1184,0
3824,1182,0
3834,1179,0
3849,1172,0
3860,1166,0
3865,1164,0
3875,1160,0
3876,1157,0
3881,1153,0
3887,1150,0
3882,1153,0
3881,1153,0
3881,1155,0
3881,1155,0
3877,1165,0
3872,1176,0
3867,1191,0
3863,1204,0
3860,1222,0
3859,1236,0
3863,1249,0
3869,1266,0
3873,1277,0
3883,1284,0
3891,1286,0
3903,1288,0
3916,1286,0
3928,1280,0
3944,1271,0
3954,1257,0
3971,1245,0
3988,1225,0
3996,1213,0
4009,1199,0
4017,1189,0
4023,1185,0
4018,1186,0
4028,1182,0
4022,1188,0
4027,1186,0
4017,1187,0
4017,1192,0
4016,1204,0
4012,1216,0
4007,1229,0
4007,1240,0
4006,1256,0
4011,1265,0
4010,1277,0
4020,1288,0
4029,1296,0
4037,1297,0
4054,1298,0
4068,1294,0
4087,1288,0
4104,1278,0
4123,1261,0
4143,1242,0
4159,1219,0
4179,1198,0
4195,1175,0
4215,1150,0
4230,1128,0
4246,1105,0
4256,1083,0
4269,1069,0
4278,1054,0
4283,1047,0
4288,1044,0
4287,1047,0
4288,1044,0
4290,1049,0
4287,1061,0
4286,1082,0
4283,1106,0
4275,1132,0
4275,1159,0
4270,1188,0
4267,1213,0
4263,1237,0
4266,1252,0
4268,1269,0
4266,1276,0
4271,1286,0
4273,1293,0
4276,1297,1
4235,1230,0
4239,1232,0
4240,1228,0
4244,1230,0
4251,1233,0
4266,1241,0
4283,1239,0
4299,1241,0
4318,1235,1
4425,1292,1
4435,1291,0
4444,1289,0
4466,1283,0
4478,1273,0
4495,1259,0
4512,1246,0
4531,1224,0
4546,1204,0
4561,1182,0
4571,1160,0
4585,1141,0
4599,1120,0
4604,1100,0
4609,1083,0
4613,1067,0
4611,1059,0
4608,1052,0
4609,1050,0
4601,1049,0
4596,1052,0
4591,1057,0
4583,1069,0
4571,1085,0
4560,1109,0
4550,1130,0
4535,1157,0
4526,1186,0
4517,1219,0
4507,1250,0
4502,1288,0
4496,1320,0
4490,1350,0
4488,1379,0
4490,1400,0
4494,1413,0
4497,1425,1
4495,1334,0
4497,1332,0
4502,1330,0
4502,1327,0
4517,1324,0
4527,1317,0
4543,1305,0
4559,1297,0
4587,1290,0
4606,1281,0
4627,1269,0
4646,1259,0
4665,1252,0
4680,1245,0
4687,1235,0
4693,1231,0
4695,1235,0
4695,1233,0
4692,1233,0
4686,1239,0
4676,1245,0
4659,1258,0
4642,1271,0
4629,1288,0
4620,1304,0
4614,1321,0
4609,1336,0
4617,1349,0
4632,1357,0
4649,1356,0
4661,1345,0
4677,1333,0
4691,1317,0
4701,1298,0
4712,1277,0
4717,1259,0
4713,1246,0
4711,1240,0
4707,1236,0
4700,1234,0
4700,1233,0
4697,1230,0
4698,1229,0
4701,1230,0
4701,1231,0
4705,1230,0
4709,1232,0
4713,1232,0
4726,1229,0
4731,1228,0
4743,1229,0
4754,1233,0
4768,1228,0
4781,1226,0
4790,1224,0
4802,1225,0
4812,1220,0
4820,1221,0
4820,1221,0
4828,1225,0
4826,1229,0
4829,1233,0
4830,1243,0
4826,1257,0
4823,1271,0
4817,1288,0
4816,1305,0
4811,1324,0
4808,1344,0
4806,1351,0
4809,1355,0
4809,1353,0
4816,1346,0
4824,1334,0
4835,1310,0
4850,1278,0
4871,1245,0
4886,1225,0
4902,1210,0
4920,1204,0
4929,1203,0
4944,1206,0
4961,1207,0
4967,1214,0
4970,1218,1
5079,1318,0
5079,1318,0
5080,1316,0
5085,1314,0
5095,1307,0
5103,1293,0
5120,1276,0
5134,1256,0
5148,1234,0
5163,1211,0
5177,1185,0
5191,1164,0
5199,1143,0
5212,1126,0
5219,1112,0
5226,1102,0
5232,1092,0
5232,1092,0
5232,1092,0
5231,1095,0
5229,1105,0
5223,1129,0
5214,1154,0
5204,1192,0
5195,1229,0
5187,1261,0
5184,1300,0
5182,1324,0
5183,1346,0
5183,1360,0
5190,1368,0
5193,1372,0
5197,1372,1
5161,1308,0
5169,1310,0
5176,1313,0
5188,1315,0
5204,1318,0
5225,1317,0
5243,1312,0
5265,1306,0
5285,1295,0
5309,1281,0
5335,1262,0
5353,1241,0
5374,1221,0
5396,1198,0
5418,1177,0
5435,1155,0
5444,1131,0
5457,1112,0
5465,1095,0
5467,1081,0
5469,1073,0
5467,1066,0
5463,1063,0
5455,1059,0
5450,1064,0
5436,1074,0
5426,1084,0
5414,1099,0
5407,1118,0
5393,1140,0
5383,1164,0
5373,1192,0
5362,1219,0
5356,1245,0
5357,1272,0
5351,1295,0
5347,1311,0
5354,1315,0
5354,1315,0
5364,1309,0
5383,1300,0
5395,1282,0
5413,1266,0
5420,1253,0
5436,1240,0
5444,1237,0
5452,1240,0
5450,1245,0
5455,1259,0
5452,1274,0
5453,1298,0
5452,1319,0
5453,1335,0
5457,1349,0
5465,1362,0
5472,1368,0
5487,1376,0
5503,1377,0
5525,1372,0
5547,1366,0
5598,1317,0
5614,1299,0
5628,1280,0
5636,1264,0
5639,1249,0
5637,1240,0
5634,1231,0
5628,1228,0
5619,1226,0
5611,1228,0
5596,1237,0
5581,1249,0
5572,1269,0
5563,1293,0
5552,1316,0
5552,1336,0
5554,1353,0
5568,1368,0
5587,1375,0
5612,1372,0
5643,1360,0
5677,1342,0
5706,1326,1
5808,1333,0
5808,1333,0
5808,1330,0
5810,1326,0
5816,1315,0
5825,1298,0
5832,1284,0
5844,1269,0
5850,1257,0
5861,1251,0
5865,1249,0
5865,1249,0
5864,1252,0
5863,1258,0
5863,1274,0
5863,1293,0
5853,1317,0
5848,1340,0
5842,1360,0
5842,1377,0
5839,1389,0
5839,1393,0
5846,1395,0
5851,1392,0
5863,1379,0
5871,1360,0
5886,1333,0
5901,1305,0
5915,1280,0
5943,1247,0
5957,1242,0
5964,1244,0
5967,1249,0
5969,1259,0
5969,1275,0
5973,1295,0
5968,1319,0
5971,1340,0
5975,1358,0
5980,1369,0
5993,1382,0
6021,1386,0
6039,1380,0
6062,1369,0
6079,1352,0
6095,1341,0
6114,1327,0
6121,1311,0
6129,1296,0
6132,1282,0
6134,1273,0
6131,1266,0
6125,1259,0
6113,1256,0
6109,1257,0
6100,1259,0
6091,1265,0
6084,1276,0
6071,1295,0
6067,1313,0
6059,1334,0
6058,1353,0
6054,1370,0
6058,1387,0
6063,1399,0
6075,1404,0
6091,1405,0
6112,1402,0
6187,1344,0
6201,1324,0
6212,1308,0
6224,1292,0
6235,1281,0
6241,1272,0
6242,1266,0
6247,1261,0
6247,1260,0
6247,1262,0
6247,1264,0
6247,1264,0
6245,1269,0
6243,1280,0
6248,1293,0
6249,1307,0
6250,1324,0
6259,1337,0
6264,1349,0
6283,1375,0
6293,1384,0
6300,1393,0
6310,1399,0
6314,1403,0
6318,1403,0
6313,1405,0
6309,1404,1
6226,1392,0
6226,1393,0
6222,1392,0
6223,1389,0
6231,1388,0
6236,1382,0
6247,1371,0
6254,1359,0
6269,1347,0
6280,1333,0
6292,1317,0
6302,1305,0
6314,1293,0
6319,1284,0
6325,1280,0
6325,1280,0
6324,1282,0
6324,1284,0
6323,1286,0
6318,1290,0
6321,1295,0
6325,1300,0
6324,1303,0
6327,1305,0
6331,1306,0
6344,1305,0
6353,1305,0
6362,1300,0
6376,1290,0
6394,1278,0
6410,1264,0
6429,1251,0
6445,1230,0
6461,1210,0
6481,1192,0
6501,1172,0
6514,1149,0
6529,1131,0
6539,1115,0
6550,1100,0
6551,1093,0
6553,1088,0
6557,1089,0
6556,1090,0
6556,1093,0
6551,1097,0
6553,1110,0
6546,1129,0
6537,1154,0
6528,1180,0
6519,1206,0
6510,1235,0
6499,1267,0
6484,1300,0
6477,1334,0
6467,1361,0
6461,1387,0
6462,1400,0
6461,1404,0
6461,1406,0
6465,1404,1
6457,1327,0
6457,1329,0
6457,1329,0
6461,1329,0
6473,1331,0
6486,1327,0
6502,1327,0
6524,1322,0
6542,1315,1