But when he started up the
544
900,671,0
921,699,0
953,745,0
991,812,0
952,850,0
989,896,0
979,927,0
977,963,0
973,990,1
982,599,0
982,596,0
982,595,0
979,595,0
972,601,0
972,625,0
946,639,0
960,692,0
948,772,0
933,830,0
930,890,0
935,943,0
947,986,0
962,1013,0
971,1022,0
973,1018,0
987,1024,1
817,755,0
816,741,0
820,726,0
829,711,0
840,694,0
836,644,0
856,635,0
886,619,0
915,591,0
944,572,0
982,571,0
1015,577,0
1042,592,0
1048,608,0
1049,637,0
1034,672,0
1001,713,0
972,756,0
953,798,0
937,818,0
926,816,0
931,817,0
962,823,0
985,807,0
1026,800,0
1076,801,0
1114,809,0
1137,823,0
1135,839,0
1111,865,0
1070,897,0
1015,927,0
984,980,0
914,980,0
872,991,0
839,990,0
819,989,0
804,975,0
805,968,0
816,950,0
851,941,1
1234,774,0
1238,777,0
1238,777,0
1240,785,0
1239,806,0
1240,839,0
1242,866,0
1250,885,0
1258,892,0
1271,892,0
1293,886,0
1312,863,0
1331,832,0
1346,795,0
1370,767,0
1383,743,0
1389,729,0
1390,730,0
1391,733,0
1391,756,0
1392,791,0
1392,827,0
1400,863,0
1408,890,0
1416,909,0
1424,918,0
1430,915,0
1445,904,0
1462,877,1
1563,602,0
1560,587,0
1566,586,0
1565,588,0
1563,608,0
1553,641,0
1549,685,0
1545,735,0
1552,786,0
1557,822,0
1582,853,0
1609,873,0
1641,883,0
1676,887,0
1703,884,0
1735,883,0
1753,876,1
1493,778,0
1487,773,0
1496,767,0
1515,757,0
1547,748,0
1581,741,0
1607,734,0
1638,732,0
1663,730,1
2131,716,0
2126,708,0
2130,699,0
2128,697,0
2127,699,0
2126,709,0
2123,733,0
2127,765,0
2139,800,0
2152,825,0
2167,839,0
2183,843,0
2205,838,0
2229,822,0
2251,798,0
2267,776,0
2276,766,0
2280,766,0
2283,770,0
2292,790,0
2297,813,0
2311,830,0
2326,836,0
2355,833,0
2368,815,0
2388,793,0
2393,764,0
2397,735,0
2397,714,0
2398,702,0
2396,694,0
2396,686,0
2411,678,1
2441,550,0
2449,552,0
2463,562,0
2473,586,0
2486,621,0
2515,804,0
2493,700,0
2487,726,0
2485,740,0
2485,743,0
2485,742,0
2487,735,0
2508,718,0
2540,697,0
2564,680,0
2573,678,0
2586,687,0
2604,709,0
2615,738,0
2624,770,0
2628,794,0
2648,810,0
2671,815,0
2695,810,0
2726,797,0
2748,770,0
2760,735,0
2774,706,0
2769,683,0
2759,675,0
2745,677,0
2717,689,0
2709,714,0
2709,747,0
2707,779,0
2714,803,0
2728,813,0
2745,813,0
2765,804,0
2785,784,0
2801,762,0
2825,743,0
2847,731,0
2855,730,0
2861,738,0
2869,753,0
2878,774,0
2885,792,0
2886,801,0
2886,801,0
2886,799,0
2888,796,0
2894,779,0
2902,754,0
2911,725,0
2931,699,0
2958,680,0
2972,668,0
2986,664,0
3001,668,0
3011,681,0
3018,699,0
3022,717,0
3020,738,0
3018,760,0
3006,782,0
3000,800,0
3004,814,1
3402,573,0
3398,552,0
3407,529,0
3409,511,0
3407,501,0
3403,499,0
3402,501,0
3404,518,0
3404,542,0
3407,574,0
3409,608,0
3411,638,0
3419,658,0
3428,671,0
3440,677,0
3455,677,0
3473,670,0
3496,661,0
3518,656,0
3537,660,0
3551,672,0
3563,692,0
3571,714,0
3598,736,0
3615,753,0
3637,762,0
3667,761,0
3699,748,0
3724,725,0
3750,693,0
3773,662,0
3790,634,0
3798,616,0
3794,610,0
3782,612,0
3763,627,0
3746,652,0
3735,687,0
3743,713,0
3763,731,0
3785,743,0
3805,748,0
3833,749,0
3853,747,0
3880,740,1
4188,571,0
4189,561,0
4186,556,0
4174,554,0
4149,559,0
4132,570,0
4109,589,0
4102,612,0
4102,631,0
4111,650,0
4133,668,0
4159,686,0
4176,701,0
4187,710,0
4190,713,0
4185,719,0
4159,725,0
4131,730,0
4098,728,0
4082,726,0
4071,719,1
4249,403,0
4249,399,0
4254,400,0
4265,412,0
4270,440,0
4275,478,0
4274,524,0
4277,569,0
4280,605,0
4285,629,0
4286,648,0
4284,660,0
4275,666,1
4254,617,0
4263,608,0
4285,599,0
4306,594,0
4326,593,0
4350,596,0
4374,600,0
4398,599,0
4418,596,0
4423,596,0
4427,595,0
4418,596,0
4413,606,0
4391,622,0
4367,643,0
4355,668,0
4360,691,0
4367,704,0
4381,708,0
4398,702,0
4425,688,0
4440,669,0
4456,645,0
4471,624,0
4480,612,0
4481,610,0
4485,612,0
4480,620,0
4473,637,0
4479,657,0
4488,673,0
4502,687,0
4521,698,0
4541,703,0
4557,704,0
4577,702,0
4594,699,0
4610,699,0
4618,697,0
4623,696,0
4619,694,0
4612,684,0
4606,670,0
4589,652,0
4579,633,0
4577,619,0
4577,612,0
4574,610,0
4578,608,0
4590,608,0
4601,615,0
4625,621,1
4720,440,0
4719,441,0
4719,446,0
4729,465,0
4731,497,0
4736,530,0
4739,569,0
4736,602,0
4741,624,0
4740,632,0
4736,633,0
4725,624,0
4711,612,1
4685,594,0
4688,598,0
4703,605,0
4719,614,0
4742,620,0
4770,624,0
4802,622,0
4831,616,0
4861,603,0
4886,588,0
4905,567,0
4915,550,0
4916,534,0
4917,525,0
4902,521,0
4881,525,0
4852,531,0
4838,551,0
4823,577,0
4824,606,0
4850,632,0
4883,650,0
4919,660,0
4954,661,0
4987,656,0
5017,648,0
5038,635,0
5051,624,1
5114,605,0
5127,593,0
5141,582,0
5142,576,0
5142,570,0
5125,569,0
5110,569,0
5090,572,0
5072,586,0
5071,601,0
5076,620,0
5086,637,0
5101,644,0
5117,648,0
5130,645,0
5146,641,0
5156,624,0
5172,595,0
5187,558,0
5195,524,0
5200,496,0
5202,475,0
5199,460,0
5192,452,0
5192,451,0
5192,453,0
5191,471,0
5192,501,0
5197,541,0
5197,578,0
5207,607,0
5215,632,0
5226,653,0
5231,673,0
5233,682,0
5238,687,0
5242,685,1
5692,532,0
5687,533,0
5682,544,0
5680,569,0
5682,601,0
5703,629,0
5718,643,0
5737,646,0
5750,633,0
5769,608,0
5780,576,0
5791,547,0
5793,524,0
5793,504,0
5791,489,0
5791,485,0
5791,489,1
5819,590,0
5840,618,0
5849,651,0
5861,687,0
5869,726,0
5876,769,0
5880,805,0
5884,829,0
5883,835,0
5879,837,0
5884,834,0
5876,827,0
5873,795,0
5870,752,0
5867,710,0
5868,667,0
5880,627,0
5894,596,0
5909,564,0
5927,545,0
5943,539,0
5955,545,0
5966,559,0
5972,581,0
5967,606,0
5956,629,0
5933,651,0
5916,671,0
5902,683,0
5898,687,0
5910,682,0
5933,663,1
6276,417,0
6280,408,0
6288,406,0
6284,407,0
6288,422,0
6274,444,0
6264,482,0
6254,524,0
6251,558,0
6249,586,0
6247,605,0
6246,620,0
6237,624,1
6111,494,0
6115,494,0
6135,493,0
6167,490,0
6199,492,0
6235,496,0
6267,501,0
6298,508,0
6330,510,1
6349,402,0
6336,400,0
6345,407,0
6352,420,0
6355,437,0
6358,464,0
6360,490,0
6363,511,0
6370,531,0
6372,541,0
6376,546,0
6384,547,0
6396,541,0
6409,530,0
6434,515,0
6459,503,0
6476,497,0
6492,498,0
6499,505,0
6506,519,0
6517,542,0
6524,564,0
6538,585,0
6548,596,0
6568,601,0
6589,596,0
6610,585,0
6631,562,0
6642,535,0
6651,509,0
6656,495,0
6648,489,0
6632,492,0
6619,508,0
6613,536,0
6624,562,0
6650,577,0
6678,589,0
6710,593,0
6729,594,0
6741,589,1