&quot;She came home early from the party
947
381,2482,1
435,2427,0
432,2430,0
426,2441,0
416,2459,0
408,2481,0
402,2504,0
395,2528,0
393,2543,0
391,2552,1
720,2521,0
718,2509,0
716,2501,0
711,2484,0
703,2475,0
692,2468,0
679,2466,0
665,2468,0
653,2478,0
646,2488,0
642,2504,0
643,2525,0
647,2542,0
656,2564,0
668,2586,0
683,2605,0
699,2628,0
714,2654,0
725,2676,0
730,2697,0
731,2725,0
725,2748,0
714,2763,0
700,2777,0
680,2791,0
655,2799,0
629,2799,0
605,2799,0
588,2799,0
582,2798,0
583,2791,0
594,2780,0
614,2759,1
811,2466,0
812,2469,0
812,2469,0
815,2486,0
818,2507,0
821,2539,0
824,2579,0
826,2616,0
828,2656,0
828,2680,0
827,2704,0
826,2717,0
825,2720,0
825,2720,0
827,2716,0
831,2700,0
837,2677,0
844,2650,0
852,2634,0
861,2619,0
872,2608,0
882,2601,0
890,2597,0
900,2602,0
911,2619,0
916,2631,0
919,2651,0
924,2676,0
929,2692,0
936,2705,0
944,2713,0
955,2710,0
970,2707,0
987,2695,0
1006,2675,0
1023,2651,0
1037,2628,0
1046,2604,0
1051,2589,0
1049,2572,0
1043,2564,0
1036,2560,0
1025,2556,0
1012,2567,0
997,2579,0
990,2599,0
986,2619,0
988,2635,0
998,2659,0
1011,2675,0
1029,2696,0
1049,2704,0
1071,2700,1
1469,2565,0
1469,2557,0
1465,2541,0
1462,2534,0
1455,2527,0
1447,2528,0
1433,2531,0
1419,2545,0
1406,2567,0
1394,2589,0
1387,2622,0
1385,2650,0
1387,2674,0
1395,2689,0
1407,2695,0
1423,2693,0
1445,2683,0
1471,2662,0
1498,2637,0
1524,2617,0
1539,2589,0
1551,2579,0
1556,2574,0
1556,2574,0
1556,2578,0
1557,2591,0
1555,2607,0
1555,2627,0
1557,2647,0
1561,2659,0
1572,2669,0
1585,2666,0
1605,2654,0
1625,2633,0
1639,2605,0
1649,2586,0
1648,2567,0
1635,2549,0
1619,2536,0
1600,2532,0
1580,2540,0
1556,2550,0
1537,2565,0
1524,2577,0
1524,2584,1
1596,2553,0
1606,2552,0
1616,2549,0
1625,2555,0
1633,2566,0
1638,2581,0
1641,2597,0
1646,2616,0
1654,2631,0
1662,2637,0
1675,2642,0
1693,2642,0
1713,2637,0
1728,2616,0
1746,2599,0
1761,2579,0
1774,2562,0
1783,2547,0
1789,2537,0
1789,2533,0
1787,2529,0
1787,2533,0
1787,2546,0
1789,2567,0
1790,2586,0
1793,2610,0
1794,2627,0
1798,2642,0
1798,2642,0
1801,2647,0
1802,2645,0
1805,2632,0
1817,2612,0
1829,2588,0
1838,2564,0
1851,2547,0
1865,2538,0
1874,2531,0
1881,2533,0
1887,2539,0
1894,2554,0
1898,2574,0
1899,2590,0
1899,2603,0
1899,2607,0
1900,2607,0
1903,2606,0
1915,2593,0
1937,2577,0
1955,2562,0
1973,2555,0
1985,2550,0
1994,2551,0
2001,2557,0
2007,2568,0
2012,2583,0
2016,2598,0
2019,2606,0
2025,2612,0
2038,2616,0
2057,2613,0
2083,2598,0
2116,2579,0
2143,2555,0
2169,2535,0
2187,2516,0
2193,2496,0
2197,2485,0
2192,2475,0
2181,2467,0
2167,2464,0
2151,2472,0
2135,2484,0
2123,2503,0
2117,2527,0
2117,2552,0
2122,2577,0
2132,2594,0
2150,2608,0
2172,2616,0
2198,2613,0
2224,2601,0
2253,2587,0
2280,2565,1
2425,2352,0
2426,2379,0
2425,2413,0
2424,2455,0
2416,2492,0
2414,2530,0
2407,2557,0
2399,2574,0
2399,2589,0
2398,2589,0
2400,2588,0
2404,2572,0
2415,2552,0
2431,2534,0
2444,2513,0
2458,2491,0
2475,2475,0
2485,2466,0
2493,2461,0
2498,2463,0
2502,2469,0
2507,2485,0
2509,2503,0
2509,2521,0
2509,2536,0
2513,2547,0
2518,2553,0
2525,2553,0
2540,2549,0
2557,2534,0
2574,2518,0
2591,2503,0
2603,2490,0
2610,2485,0
2610,2485,0
2610,2485,0
2613,2494,0
2613,2507,0
2613,2522,0
2618,2533,0
2630,2544,0
2642,2546,0
2663,2540,0
2686,2526,0
2707,2507,0
2720,2482,0
2725,2465,0
2725,2455,0
2712,2444,0
2692,2439,0
2668,2441,0
2642,2449,0
2624,2467,1
2803,2447,0
2805,2460,0
2811,2486,0
2812,2505,0
2815,2523,0
2813,2530,0
2813,2533,0
2813,2533,0
2813,2524,1
2827,2495,0
2836,2477,0
2846,2460,0
2854,2444,0
2867,2433,0
2878,2424,0
2889,2421,0
2895,2421,0
2900,2427,0
2908,2441,0
2909,2456,0
2910,2475,0
2910,2491,0
2913,2503,0
2915,2507,0
2915,2507,0
2923,2506,0
2933,2493,0
2948,2475,0
2970,2463,0
2986,2450,0
2998,2439,0
3010,2434,0
3021,2436,0
3025,2438,0
3028,2446,0
3031,2458,0
3030,2475,0
3035,2491,0
3041,2502,0
3049,2511,0
3064,2515,0
3082,2515,0
3098,2506,0
3119,2493,0
3142,2479,0
3164,2464,0
3177,2446,0
3185,2429,0
3189,2413,0
3190,2401,0
3182,2392,0
3171,2386,0
3158,2388,0
3150,2396,0
3139,2406,0
3133,2422,0
3130,2441,0
3132,2461,0
3136,2478,0
3145,2492,0
3166,2506,0
3189,2511,0
3214,2510,0
3240,2502,0
3269,2492,1
3449,2455,0
3462,2441,0
3480,2428,0
3491,2411,0
3501,2395,0
3498,2379,0
3497,2369,0
3492,2362,0
3480,2357,0
3464,2358,0
3449,2367,0
3433,2379,0
3424,2396,0
3414,2411,0
3410,2426,0
3417,2447,0
3423,2466,0
3432,2479,0
3449,2496,0
3465,2503,0
3482,2507,0
3505,2507,0
3525,2503,0
3543,2495,0
3563,2486,0
3588,2478,0
3604,2465,0
3612,2451,0
3621,2440,0
3622,2427,0
3628,2420,0
3625,2412,0
3625,2406,0
3626,2405,0
3626,2405,0
3619,2406,0
3613,2414,0
3611,2427,0
3609,2441,0
3612,2456,0
3616,2470,0
3622,2481,0
3636,2490,0
3648,2493,0
3667,2492,0
3685,2483,0
3699,2467,0
3713,2451,0
3719,2432,0
3723,2415,0
3717,2398,0
3706,2384,0
3689,2375,0
3666,2371,0
3647,2374,0
3624,2376,0
3615,2386,1
3678,2381,0
3694,2381,0
3700,2381,0
3710,2386,0
3717,2398,0
3720,2411,0
3723,2427,0
3725,2443,0
3736,2461,0
3744,2470,0
3756,2480,0
3774,2485,0
3793,2480,0
3817,2472,0
3835,2456,0
3853,2439,0
3870,2425,0
3878,2409,0
3887,2397,0
3891,2386,0
3894,2384,0
3891,2381,0
3894,2383,0
3892,2385,0
3892,2398,0
3894,2414,0
3896,2437,0
3896,2457,0
3894,2472,0
3892,2482,0
3888,2485,0
3892,2487,0
3892,2487,0
3892,2487,0
3893,2480,0
3892,2468,0
3893,2455,0
3895,2439,0
3899,2422,0
3904,2401,0
3910,2381,0
3921,2368,0
3930,2356,0
3942,2347,0
3959,2345,0
3974,2344,0
3995,2348,0
4014,2351,1
4120,2258,0
4117,2248,0
4118,2247,0
4113,2248,0
4098,2254,0
4091,2273,0
4077,2292,0
4072,2320,0
4065,2350,0
4068,2379,0
4073,2405,0
4083,2426,0
4099,2444,0
4109,2451,0
4126,2455,0
4145,2451,0
4161,2441,0
4180,2429,0
4199,2416,0
4210,2401,0
4218,2390,0
4225,2381,0
4228,2376,0
4229,2375,0
4228,2376,0
4225,2380,0
4229,2394,0
4227,2405,0
4234,2415,0
4243,2425,0
4254,2429,0
4268,2430,0
4285,2426,0
4302,2416,0
4319,2407,0
4328,2393,0
4340,2383,0
4346,2374,0
4348,2364,0
4351,2359,0
4350,2353,0
4352,2351,0
4345,2347,0
4345,2347,0
4348,2350,0
4348,2349,0
4348,2349,0
4352,2351,0
4348,2350,0
4352,2351,0
4348,2349,0
4348,2349,0
4348,2349,0
4349,2348,0
4349,2348,0
4350,2347,0
4349,2348,0
4349,2347,0
4349,2347,0
4350,2346,0
4349,2347,0
4350,2346,0
4350,2346,0
4350,2346,0
4350,2346,0
4350,2346,0
4350,2346,0
4350,2346,0
4349,2347,0
4349,2347,0
4345,2346,0
4350,2347,0
4349,2348,0
4349,2348,0
4350,2347,0
4349,2347,0
4349,2348,0
4346,2345,0
4349,2347,0
4350,2347,0
4349,2348,0
4349,2348,0
4350,2347,0
4345,2346,0
4349,2348,0
4349,2348,0
4349,2348,0
4349,2348,0
4349,2348,0
4349,2348,0
4349,2348,0
4349,2348,0
4345,2347,0
4348,2349,0
4348,2349,0
4345,2347,0
4348,2349,0
4349,2348,0
4345,2347,0
4345,2346,0
4349,2348,0
4345,2346,0
4349,2348,0
4349,2348,0
4348,2349,0
4349,2348,0
4348,2349,0
4348,2349,0
4348,2349,0
4348,2349,0
4348,2349,0
4348,2349,0
4348,2349,0
4348,2349,0
4348,2349,0
4348,2349,0
4348,2349,0
4348,2349,0
4348,2350,0
4349,2355,0
4350,2367,0
4349,2384,0
4349,2412,0
4340,2444,0
4336,2486,0
4330,2528,0
4314,2564,0
4298,2598,0
4285,2636,0
4266,2666,0
4246,2691,0
4229,2712,0
4212,2727,0
4196,2735,0
4179,2736,0
4168,2731,0
4156,2719,0
4150,2702,0
4147,2680,0
4146,2657,0
4147,2629,0
4157,2598,0
4179,2570,0
4209,2543,0
4245,2516,0
4287,2492,0
4321,2466,0
4350,2437,0
4377,2413,1
4811,2142,0
4813,2130,0
4816,2116,0
4813,2103,0
4806,2090,0
4804,2087,0
4786,2087,0
4768,2096,0
4753,2116,0
4739,2141,0
4724,2176,0
4712,2222,0
4702,2280,0
4690,2340,0
4685,2409,0
4678,2473,0
4674,2531,0
4673,2575,0
4670,2608,0
4672,2633,0
4671,2648,1
4593,2397,0
4589,2388,0
4591,2384,0
4599,2381,0
4613,2379,0
4638,2377,0
4669,2375,0
4705,2370,0
4736,2364,1
4805,2309,0
4801,2324,0
4801,2349,0
4799,2376,0
4801,2404,0
4798,2424,0
4792,2434,0
4790,2437,0
4794,2439,0
4789,2431,0
4785,2415,0
4785,2400,0
4789,2385,0
4799,2369,0
4812,2353,0
4830,2338,0
4848,2324,0
4876,2316,0
4898,2309,0
4916,2300,0
4939,2293,0
4952,2285,0
4958,2282,0
4958,2282,0
4958,2282,0
4957,2285,0
4956,2296,0
4948,2309,0
4946,2330,0
4944,2349,0
4949,2364,0
4959,2370,0
4977,2372,0
4995,2365,0
5018,2355,0
5034,2336,0
5045,2316,0
5050,2298,0
5043,2285,0
5031,2275,0
5010,2271,0
4976,2274,0
4956,2287,0
4940,2299,0
4934,2309,1
5106,2250,0
5106,2251,0
5106,2251,0
5108,2257,0
5102,2268,0
5097,2286,0
5086,2305,0
5083,2328,0
5075,2343,0
5076,2357,0
5074,2362,0
5074,2362,0
5076,2359,0
5084,2344,0
5105,2321,0
5130,2299,0
5148,2283,0
5167,2273,0
5185,2265,0
5198,2264,0
5206,2266,0
5213,2279,0
5218,2295,0
5212,2315,0
5212,2333,0
5211,2343,0
5212,2351,0
5212,2350,0
5221,2350,0
5233,2337,0
5255,2321,0
5276,2306,0
5300,2294,0
5319,2283,0
5339,2277,0
5349,2274,0
5358,2275,0
5362,2285,0
5360,2299,0
5359,2318,0
5359,2338,0
5357,2357,0
5363,2374,0
5359,2380,0
5361,2376,1
5602,2099,0
5596,2113,0
5593,2139,0
5593,2171,0
5593,2210,0
5593,2255,0
5591,2298,0
5593,2333,0
5598,2351,0
5614,2362,0
5635,2364,0
5669,2359,0
5701,2347,1
5497,2255,0
5497,2255,0
5506,2253,0
5511,2244,0
5541,2236,0
5574,2231,0
5603,2225,0
5629,2217,0
5652,2205,1
5773,2085,0
5776,2088,0
5776,2099,0
5776,2119,0
5781,2149,0
5779,2186,0
5774,2226,0
5770,2263,0
5768,2289,0
5766,2311,0
5768,2326,0
5772,2336,0
5771,2339,0
5771,2339,0
5772,2338,0
5773,2326,0
5781,2308,0
5790,2289,0
5802,2271,0
5810,2251,0
5826,2237,0
5838,2228,0
5856,2229,0
5866,2234,0
5877,2249,0
5886,2269,0
5893,2292,0
5902,2311,0
5909,2325,0
5916,2330,0
5932,2333,0
5953,2325,0
5974,2309,0
5999,2290,0
6015,2271,0
6030,2248,0
6038,2227,0
6046,2207,0
6044,2193,0
6040,2181,0
6025,2176,0
6016,2176,0
6001,2183,0
5991,2197,0
5987,2216,0
5990,2240,0
6005,2266,0
6017,2287,0
6037,2304,0
6054,2311,0
6076,2314,0
6096,2306,0
6115,2292,1
6248,2167,0
6247,2169,0
6244,2177,0
6243,2200,0
6239,2234,0
6239,2288,0
6230,2350,0
6225,2410,0
6219,2465,0
6218,2516,0
6208,2556,0
6203,2585,0
6201,2600,0
6198,2604,0
6194,2596,0
6195,2575,0
6191,2545,0
6195,2517,0
6196,2478,0
6202,2434,0
6210,2386,1
6222,2233,0
6232,2205,0
6242,2180,0
6255,2159,0
6273,2147,0
6285,2137,0
6300,2134,0
6319,2137,0
6337,2146,0
6345,2159,0
6346,2178,0
6348,2198,0
6337,2212,0
6323,2227,0
6310,2238,0
6305,2242,1
6401,2169,1
6393,2213,0
6389,2234,0
6392,2249,0
6401,2260,0
6413,2261,0
6430,2259,0
6448,2248,0
6466,2235,0
6478,2214,0
6482,2193,0
6479,2178,0
6474,2169,0
6459,2162,0
6435,2160,0
6416,2164,0
6401,2168,1
6460,2160,0
6468,2162,0
6480,2164,0
6486,2173,0
6494,2184,0
6501,2198,0
6509,2213,0
6516,2226,0
6531,2234,0
6542,2238,0
6556,2236,0
6569,2234,0
6577,2224,0
6589,2215,0
6594,2202,0
6601,2191,0
6604,2186,0
6609,2174,0
6609,2173,0
6610,2169,0
6606,2169,0
6611,2167,0
6611,2179,0
6611,2192,0
6612,2210,0
6609,2231,0
6609,2251,0
6611,2269,0
6611,2279,0
6607,2282,0
6611,2281,0
6612,2278,0
6614,2260,0
6621,2244,0
6625,2223,0
6633,2199,0
6649,2181,0
6664,2162,0
6682,2147,0
6703,2135,1
6778,2052,0
6772,2069,0
6774,2101,0
6771,2132,0
6775,2171,0
6775,2207,0
6774,2245,0
6766,2278,0
6756,2306,1
6720,2194,0
6720,2194,0
6720,2194,0
6724,2196,0
6731,2199,0
6745,2206,0
6766,2207,0
6787,2208,0
6810,2203,1
6884,2151,0
6881,2145,0
6886,2142,0
6882,2141,0
6883,2142,0
6875,2149,0
6872,2162,0
6869,2181,0
6874,2201,0
6878,2216,0
6903,2229,0
6921,2227,0
6941,2217,0
6954,2203,0
6963,2190,0
6971,2180,0
6980,2176,0
6977,2174,0
6977,2174,0
6971,2178,0
6961,2195,0
6949,2218,0
6939,2248,0
6929,2287,0
6918,2327,0
6910,2370,0
6897,2417,0
6883,2466,0
6865,2510,0
6842,2545,0
6816,2574,0
6797,2599,0
6774,2614,0
6761,2623,0
6753,2622,0
6747,2615,0
6740,2591,0
6740,2550,0
6761,2511,0
6799,2470,0
6845,2430,0
6884,2386,0
6913,2344,1