the gag in her mouth and he
700
1294,3706,0
1292,3710,0
1292,3710,0
1293,3714,0
1293,3726,0
1292,3754,0
1292,3790,0
1289,3834,0
1288,3891,0
1283,3939,0
1280,3979,0
1278,4012,0
1276,4027,1
1225,3846,0
1227,3846,0
1232,3845,0
1245,3849,0
1263,3852,0
1281,3855,0
1296,3854,0
1312,3857,0
1327,3852,1
1405,3706,0
1404,3713,0
1410,3733,0
1415,3761,0
1418,3789,0
1418,3821,0
1417,3853,0
1418,3897,0
1416,3925,0
1414,3950,0
1412,3962,0
1412,3966,0
1411,3958,0
1414,3946,0
1418,3913,0
1427,3884,0
1441,3859,0
1457,3841,0
1475,3835,0
1491,3838,0
1505,3848,0
1517,3867,0
1523,3890,0
1527,3918,0
1527,3942,1
1607,3947,0
1619,3938,0
1633,3920,0
1645,3901,0
1653,3880,0
1655,3860,0
1655,3852,0
1644,3837,0
1632,3831,0
1617,3833,0
1600,3844,0
1580,3863,0
1566,3884,0
1557,3906,0
1558,3930,0
1567,3945,0
1587,3955,0
1611,3964,0
1636,3959,0
1667,3955,0
1697,3942,1
1888,3841,0
1886,3841,0
1880,3839,0
1870,3841,0
1853,3840,0
1838,3851,0
1822,3867,0
1811,3885,0
1810,3910,0
1815,3929,0
1826,3947,0
1838,3957,0
1854,3962,0
1868,3959,0
1882,3948,0
1894,3933,0
1903,3916,0
1907,3894,0
1908,3873,0
1909,3865,0
1908,3860,0
1907,3861,0
1907,3865,0
1911,3880,0
1917,3908,0
1924,3939,0
1928,3971,0
1930,4007,0
1930,4036,0
1927,4065,0
1921,4083,0
1908,4098,0
1890,4114,0
1867,4119,0
1847,4115,0
1829,4110,0
1816,4104,0
1807,4089,0
1808,4073,0
1816,4051,0
1832,4024,1
2101,3807,0
2098,3805,0
2092,3806,0
2079,3806,0
2063,3810,0
2046,3819,0
2029,3831,0
2015,3848,0
2001,3867,0
1997,3893,0
1997,3913,0
2003,3929,0
2016,3942,0
2031,3947,0
2048,3946,0
2064,3937,0
2079,3925,0
2092,3910,0
2101,3891,0
2106,3869,0
2106,3848,0
2105,3836,0
2103,3828,0
2102,3829,0
2103,3832,0
2103,3836,0
2108,3856,0
2113,3875,0
2118,3890,0
2125,3909,0
2132,3923,0
2137,3935,0
2144,3945,0
2151,3952,0
2156,3950,0
2166,3952,0
2175,3941,1
2276,3847,0
2274,3843,0
2273,3843,0
2266,3841,0
2256,3836,0
2245,3840,0
2231,3845,0
2219,3856,0
2206,3873,0
2195,3889,0
2193,3915,0
2191,3932,0
2196,3951,0
2204,3966,0
2217,3978,0
2229,3979,0
2239,3976,0
2251,3972,0
2258,3957,0
2265,3947,0
2267,3925,0
2268,3909,0
2265,3889,0
2265,3876,0
2262,3868,0
2262,3868,0
2263,3872,0
2265,3880,0
2267,3892,0
2273,3916,0
2278,3942,0
2284,3966,0
2285,3986,0
2289,4011,0
2289,4032,0
2284,4046,0
2276,4056,0
2267,4068,0
2252,4072,0
2234,4073,0
2214,4075,0
2195,4077,0
2178,4081,0
2163,4082,0
2156,4087,1
2561,3802,0
2562,3806,0
2567,3817,0
2571,3832,0
2579,3860,0
2585,3887,0
2589,3916,0
2594,3945,0
2595,3965,1
2547,3722,0
2545,3718,0
2549,3721,0
2550,3720,0
2552,3719,1
2681,3817,0
2683,3825,0
2683,3833,0
2686,3850,0
2688,3866,0
2688,3883,0
2689,3905,0
2688,3923,0
2685,3933,0
2686,3945,0
2683,3942,0
2688,3944,0
2687,3931,0
2693,3921,0
2696,3898,0
2704,3876,0
2714,3859,0
2727,3853,0
2739,3852,0
2751,3855,0
2765,3872,0
2772,3889,0
2777,3914,0
2779,3940,0
2776,3962,0
2773,3982,0
2770,3996,0
2769,4005,0
2770,4009,1
3013,3716,0
3013,3717,0
3012,3716,0
3011,3721,0
3011,3731,0
3015,3752,0
3020,3781,0
3028,3817,0
3028,3849,0
3030,3884,0
3035,3917,0
3034,3940,0
3034,3953,0
3035,3958,0
3037,3957,0
3038,3947,0
3039,3924,0
3045,3898,0
3057,3873,0
3067,3851,0
3083,3838,0
3098,3834,0
3115,3839,0
3128,3849,0
3140,3870,0
3146,3899,0
3146,3925,0
3145,3950,0
3145,3972,1
3201,3936,0
3208,3937,0
3218,3932,0
3229,3925,0
3235,3913,0
3247,3901,0
3250,3885,0
3253,3870,0
3252,3856,0
3252,3846,0
3246,3837,0
3236,3833,0
3225,3836,0
3212,3847,0
3197,3860,0
3189,3879,0
3182,3901,0
3184,3928,0
3188,3949,0
3200,3969,0
3211,3981,1
3335,3853,0
3337,3856,0
3335,3858,0
3336,3876,0
3338,3898,0
3341,3920,0
3343,3942,0
3345,3964,0
3343,3975,0
3346,3978,0
3348,3976,0
3349,3971,0
3350,3957,0
3349,3933,0
3348,3906,0
3353,3884,0
3359,3867,0
3369,3855,0
3385,3851,0
3400,3846,0
3416,3845,1
3573,3799,0
3576,3802,0
3580,3808,0
3587,3823,0
3593,3843,0
3597,3865,0
3598,3884,0
3600,3901,0
3604,3918,0
3602,3924,0
3604,3928,0
3606,3927,0
3606,3921,0
3607,3911,0
3607,3892,0
3614,3872,0
3619,3851,0
3630,3832,0
3645,3822,0
3658,3812,0
3675,3815,0
3689,3820,0
3701,3832,0
3708,3851,0
3713,3872,0
3714,3895,0
3712,3911,0
3710,3923,0
3708,3924,0
3709,3924,0
3706,3916,0
3703,3893,0
3708,3875,0
3722,3860,0
3734,3847,0
3745,3834,0
3757,3831,0
3772,3834,0
3781,3843,0
3790,3860,0
3793,3884,0
3796,3906,0
3791,3924,0
3790,3939,0
3788,3946,1
3867,3828,0
3866,3829,0
3865,3830,0
3860,3839,0
3858,3856,0
3859,3875,0
3863,3896,0
3870,3911,0
3883,3921,0
3896,3926,0
3911,3925,0
3923,3916,0
3937,3906,0
3950,3892,0
3956,3871,0
3950,3846,0
3947,3827,0
3940,3818,0
3929,3810,0
3916,3811,0
3900,3814,1
4038,3781,0
4038,3781,0
4036,3781,0
4036,3793,0
4036,3812,0
4034,3836,0
4036,3859,0
4040,3882,0
4046,3902,0
4053,3911,0
4065,3923,0
4077,3924,0
4085,3917,0
4099,3906,0
4113,3889,0
4123,3865,0
4131,3839,0
4139,3815,0
4147,3799,0
4147,3788,0
4150,3791,0
4150,3795,0
4154,3813,0
4160,3845,0
4167,3877,0
4169,3906,0
4173,3928,0
4176,3940,0
4185,3945,1
4231,3684,0
4229,3684,0
4228,3685,0
4233,3697,0
4240,3718,0
4246,3745,0
4249,3774,0
4248,3807,0
4251,3842,0
4253,3877,0
4253,3904,0
4256,3926,0
4258,3941,1
4206,3800,0
4208,3799,0
4212,3802,0
4226,3805,0
4243,3806,0
4263,3805,0
4282,3804,0
4297,3796,0
4315,3785,1
4362,3666,0
4360,3667,0
4356,3666,0
4359,3674,0
4361,3689,0
4361,3711,0
4365,3739,0
4369,3769,0
4371,3800,0
4374,3829,0
4375,3855,0
4375,3876,0
4376,3887,0
4378,3890,0
4380,3888,0
4382,3880,0
4388,3865,0
4389,3843,0
4393,3823,0
4403,3808,0
4410,3801,0
4415,3796,0
4428,3802,0
4440,3812,0
4451,3824,0
4460,3842,0
4469,3861,0
4476,3882,0
4481,3899,0
4487,3916,0
4486,3922,0
4490,3930,0
4492,3933,0
4492,3933,0
4490,3929,0
4491,3928,0
4488,3925,0
4491,3928,0
4488,3926,0
4480,3921,0
4479,3922,1
4819,3771,0
4818,3772,0
4813,3771,0
4799,3769,0
4787,3775,0
4773,3789,0
4762,3813,0
4750,3842,0
4748,3872,0
4746,3897,0
4748,3916,0
4758,3928,0
4768,3930,0
4780,3930,0
4792,3919,0
4806,3899,0
4819,3869,0
4828,3836,0
4837,3805,0
4838,3781,0
4840,3773,0
4840,3773,0
4842,3777,0
4843,3787,0
4846,3812,0
4855,3848,0
4861,3884,0
4866,3918,0
4871,3941,1
4958,3827,0
4958,3828,0
4958,3834,0
4956,3848,0
4952,3869,0
4954,3891,0
4953,3909,0
4949,3918,0
4952,3921,0
4949,3918,0
4951,3911,0
4957,3894,0
4961,3872,0
4965,3844,0
4972,3819,0
4978,3800,0
4989,3795,0
5002,3793,0
5014,3797,0
5026,3808,0
5040,3829,0
5047,3851,0
5050,3877,0
5054,3901,0
5052,3921,1
5167,3849,0
5166,3845,0
5166,3845,0
5161,3843,0
5152,3843,0
5142,3848,0
5129,3856,0
5121,3870,0
5114,3889,0
5116,3911,0
5120,3925,0
5130,3942,0
5138,3946,0
5147,3948,0
5157,3944,0
5170,3935,0
5179,3913,0
5188,3886,0
5195,3854,0
5199,3820,0
5203,3785,0
5209,3754,0
5212,3726,0
5214,3704,0
5217,3696,0
5219,3699,0
5217,3701,0
5222,3713,0
5228,3737,0
5236,3771,0
5246,3808,0
5258,3850,0
5267,3882,0
5274,3911,0
5287,3931,0
5296,3940,0
5309,3936,1
5444,3691,0
5445,3690,0
5448,3693,0
5446,3694,0
5453,3706,0
5455,3728,0
5458,3756,0
5462,3789,0
5458,3825,0
5462,3858,0
5463,3881,0
5464,3899,0
5462,3908,0
5463,3906,0
5462,3900,0
5465,3885,0
5470,3862,0
5479,3839,0
5487,3822,0
5502,3810,0
5514,3807,0
5527,3812,0
5537,3824,0
5543,3842,0
5550,3865,0
5552,3887,0
5547,3906,0
5549,3923,0
5552,3930,1
5639,3889,0
5650,3875,0
5666,3862,0
5674,3846,0
5682,3829,0
5687,3815,0
5689,3801,0
5684,3794,0
5677,3790,0
5661,3790,0
5652,3802,0
5639,3819,0
5630,3843,0
5632,3865,0
5644,3889,0
5656,3906,0
5676,3920,0
5692,3925,0
5717,3925,0
5741,3916,0
5767,3902,1
5919,3669,0
5919,3670,0
5921,3673,0
5923,3684,0
5931,3707,0
5935,3735,0
5941,3768,0
5939,3804,0
5938,3839,0
5940,3867,0
5938,3892,0
5938,3904,0
5938,3904,0
5945,3901,0
5944,3889,0
5947,3867,0
5955,3843,0
5964,3817,0
5975,3802,0
5989,3796,0
5997,3800,0
6008,3805,0
6020,3822,0
6025,3842,0
6030,3870,0
6032,3899,0
6031,3921,0
6038,3938,0
6042,3945,1
6118,3892,0
6122,3885,0
6131,3874,0
6135,3861,0
6143,3843,0
6150,3820,0
6159,3802,0
6160,3779,0
6157,3762,0
6157,3755,0
6147,3749,0
6139,3752,0
6126,3764,0
6116,3785,0
6116,3814,0
6114,3842,0
6118,3871,0
6127,3893,0
6142,3912,0
6159,3923,0
6177,3927,1
6259,3670,0
6262,3673,0
6259,3672,0
6267,3688,0
6266,3712,0
6274,3742,0
6276,3774,0
6280,3811,0
6284,3846,0
6287,3876,0
6292,3896,0
6297,3911,0
6309,3915,1
6427,3851,0
6428,3849,0
6429,3848,0
6418,3843,0
6405,3840,0
6390,3841,0
6376,3848,0
6366,3862,0
6362,3882,0
6360,3898,0
6370,3918,0
6379,3934,0
6393,3941,0
6405,3945,0
6418,3940,0
6435,3930,0
6441,3907,0
6453,3884,0
6459,3854,0
6461,3822,0
6457,3785,0
6455,3760,0
6456,3744,0
6452,3737,0
6454,3740,0
6452,3749,0
6459,3776,0
6462,3814,0
6469,3853,0
6476,3892,0
6483,3931,0
6488,3966,0
6493,3993,1