heavenly moments.
254
945,3590,0
944,3585,0
942,3582,0
943,3582,0
945,3582,0
946,3590,0
950,3607,0
953,3630,0
956,3658,0
960,3691,0
965,3727,0
970,3759,0
972,3783,0
974,3803,0
977,3814,0
977,3807,0
982,3800,0
989,3779,0
998,3760,0
1010,3740,0
1021,3728,0
1034,3725,0
1148,3800,0
1166,3803,0
1186,3803,0
1209,3798,0
1235,3789,0
1261,3776,0
1281,3763,0
1293,3742,0
1252,3720,0
1259,3740,0
1271,3755,0
1283,3766,0
1298,3778,0
1315,3781,0
1334,3776,0
1358,3774,0
1457,3712,0
1451,3705,0
1438,3702,0
1422,3708,0
1404,3713,0
1389,3719,0
1385,3740,0
1386,3747,0
1476,3759,0
1478,3763,0
1482,3774,0
1488,3782,0
1501,3792,0
1518,3802,0
1533,3804,0
1517,3733,0
1518,3725,0
1526,3729,0
1541,3735,0
1563,3748,0
1590,3769,0
1613,3782,0
1631,3786,0
1691,3691,1
1701,3776,0
1719,3785,0
1733,3786,0
1752,3783,0
1772,3778,0
1789,3767,0
1802,3752,0
1812,3738,0
1816,3721,0
1816,3708,0
1810,3698,0
1804,3694,0
1797,3696,0
1813,3767,0
1830,3780,0
1847,3780,0
1867,3780,0
1883,3768,0
1901,3760,0
1915,3744,0
1927,3729,0
1982,3769,0
1990,3776,0
1996,3778,0
2002,3768,0
2010,3750,0
2018,3739,0
2029,3732,0
2044,3732,0
2152,3801,0
2157,3780,1
2120,3599,0
2118,3599,0
2116,3612,0
2116,3633,0
2123,3664,0
2133,3699,0
2148,3732,0
2164,3756,0
2184,3779,0
2203,3790,0
2218,3786,0
2233,3777,0
2246,3759,0
2262,3713,0
2265,3724,0
2275,3750,0
2286,3772,0
2299,3797,0
2310,3810,0
2323,3818,1
2368,3740,0
2364,3740,0
2352,3745,0
2342,3770,0
2326,3792,0
2306,3816,0
2291,3846,0
2272,3870,0
2238,3892,0
2228,3891,1
2754,3713,0
2759,3715,0
2759,3715,0
2759,3715,0
2758,3715,0
2762,3723,0
2765,3730,0
2771,3741,0
2781,3754,0
2795,3769,0
2805,3778,0
2811,3778,0
2818,3781,0
2820,3770,0
2823,3756,0
2846,3700,0
2858,3702,0
2877,3715,0
2897,3732,0
2914,3746,0
2929,3756,0
2934,3749,0
2994,3699,0
3008,3701,0
3024,3710,0
3040,3720,0
3054,3730,0
3072,3738,1
3194,3710,0
3197,3703,0
3192,3691,0
3185,3682,0
3171,3672,0
3136,3674,0
3134,3689,0
3139,3706,0
3145,3720,0
3153,3729,0
3165,3732,0
3181,3731,0
3194,3723,0
3222,3650,0
3226,3658,0
3231,3672,0
3241,3695,0
3250,3713,0
3265,3732,0
3279,3742,0
3286,3742,0
3357,3684,0
3366,3691,0
3380,3707,0
3394,3722,0
3399,3728,0
3404,3729,0
3402,3721,0
3403,3711,0
3540,3730,0
3557,3727,0
3576,3723,0
3596,3719,0
3614,3716,0
3626,3708,0
3631,3699,0
3637,3695,0
3605,3728,0
3623,3740,0
3638,3743,0
3659,3744,0
3674,3733,0
3691,3720,0
3701,3698,0
3708,3677,0
3786,3730,0
3798,3740,0
3808,3743,0
3815,3737,0
3824,3726,0
3831,3711,0
3842,3701,0
3934,3752,0
3943,3764,0
3953,3772,0
3958,3763,0
3971,3747,0
3974,3719,1
3996,3544,0
3998,3547,0
3998,3547,0
3998,3563,0
3998,3595,0
4001,3633,0
4009,3674,0
4061,3741,0
4070,3727,0
4076,3711,0
4085,3704,0
4080,3694,0
4083,3684,0
4074,3672,0
4059,3663,0
4057,3675,1
4188,3658,0
4193,3658,0
4194,3657,0
4188,3651,0
4178,3650,0
4165,3650,0
4148,3649,0
4140,3658,0
4130,3660,0
4130,3672,0
4133,3684,0
4138,3696,0
4149,3754,0
4139,3759,0
4124,3755,0
4113,3754,0
4108,3753,0
4106,3754,0
4107,3754,0
4109,3752,1
4272,3749,0
4277,3755,0
4275,3752,0
4278,3754,0
4279,3753,0
4282,3756,0
4287,3756,0
4284,3759,0
4278,3764,1