feeling of compassion swept
589
880,3214,0
885,3211,0
897,3195,0
912,3176,0
927,3153,0
940,3122,0
949,3094,0
953,3066,0
953,3046,0
950,3030,0
915,3128,0
907,3187,0
894,3235,0
881,3286,0
872,3334,0
870,3370,0
868,3402,0
868,3430,0
866,3450,0
862,3465,1
851,3308,0
863,3310,0
883,3306,0
900,3304,0
916,3300,0
929,3289,0
943,3286,0
957,3279,0
972,3271,1
1047,3272,0
1058,3272,0
1073,3264,0
1089,3252,0
1107,3240,0
1119,3225,0
1125,3212,0
1126,3200,0
1122,3196,0
1111,3192,0
1094,3197,0
1072,3209,0
1053,3232,0
1047,3253,0
1051,3272,0
1061,3288,0
1077,3308,0
1093,3317,0
1110,3320,0
1131,3320,0
1152,3304,1
1263,3247,0
1276,3238,0
1291,3226,0
1304,3209,0
1315,3199,0
1317,3183,0
1313,3171,0
1305,3164,0
1290,3161,0
1271,3170,0
1250,3192,0
1237,3220,0
1237,3245,0
1246,3264,0
1260,3275,0
1278,3278,0
1301,3281,0
1327,3275,0
1355,3268,0
1380,3255,0
1399,3232,1
1471,3151,0
1459,3181,0
1449,3206,0
1443,3228,0
1442,3240,0
1447,3251,0
1451,3254,0
1460,3253,0
1474,3247,0
1493,3233,0
1515,3210,0
1536,3194,0
1551,3180,0
1558,3175,0
1558,3170,0
1560,3175,0
1557,3179,0
1552,3192,0
1546,3201,0
1545,3214,1
1550,3228,0
1541,3242,0
1536,3255,0
1534,3263,0
1534,3263,0
1539,3258,0
1549,3241,0
1597,3103,0
1597,3103,0
1597,3103,0
1597,3103,1
1674,3158,0
1673,3166,0
1668,3184,0
1660,3214,0
1648,3240,0
1641,3262,0
1635,3263,0
1638,3267,0
1645,3262,0
1663,3245,0
1690,3224,0
1714,3207,0
1726,3197,0
1732,3203,0
1734,3211,0
1732,3232,0
1730,3245,1
1871,3158,0
1865,3156,0
1855,3158,0
1844,3165,0
1828,3181,0
1808,3202,0
1797,3230,0
1795,3235,0
1803,3237,0
1820,3233,0
1843,3218,0
1867,3200,0
1882,3184,0
1889,3177,0
1889,3177,0
1887,3191,0
1872,3216,0
1850,3254,0
1818,3303,0
1787,3351,0
1771,3379,0
1761,3385,0
1762,3381,0
1769,3371,0
1788,3338,0
1818,3303,0
1857,3273,0
1899,3241,0
1939,3223,1
2410,3145,0
2403,3148,0
2393,3153,0
2381,3158,0
2367,3168,0
2354,3187,0
2344,3204,0
2344,3216,0
2350,3228,0
2359,3233,0
2373,3235,0
2390,3233,0
2408,3225,0
2424,3213,0
2436,3195,0
2445,3177,0
2446,3160,0
2446,3151,0
2439,3141,0
2429,3132,0
2420,3127,1
2599,3121,0
2604,3105,0
2619,3093,0
2628,3074,0
2637,3056,0
2639,3032,0
2634,3012,0
2632,3004,0
2622,3000,0
2612,3011,0
2604,3037,0
2593,3070,0
2586,3114,0
2579,3158,0
2571,3197,0
2565,3227,0
2566,3249,0
2564,3259,0
2563,3263,0
2558,3257,0
2551,3243,1
2544,3193,0
2552,3189,0
2562,3184,0
2579,3185,0
2596,3185,0
2615,3185,0
2634,3184,0
2656,3190,1
3094,3100,0
3086,3100,0
3075,3103,0
3058,3109,0
3045,3123,0
3032,3141,0
3025,3164,0
3021,3181,0
3026,3197,0
3036,3210,0
3052,3218,0
3070,3221,0
3090,3218,1
3342,3082,0
3339,3079,0
3336,3077,0
3327,3073,0
3320,3074,0
3309,3077,0
3296,3087,0
3287,3109,0
3275,3132,0
3264,3156,0
3262,3177,0
3269,3192,0
3277,3195,0
3293,3194,0
3317,3190,0
3335,3173,0
3358,3156,0
3372,3134,0
3375,3117,0
3373,3103,0
3363,3091,0
3351,3084,0
3335,3082,0
3322,3082,0
3316,3087,1
3486,3111,0
3477,3128,0
3469,3150,0
3457,3169,0
3450,3185,0
3448,3192,0
3448,3192,0
3450,3191,0
3450,3185,0
3458,3174,0
3466,3158,0
3478,3143,0
3488,3124,0
3503,3117,0
3504,3111,0
3504,3111,0
3506,3115,0
3505,3126,0
3502,3139,0
3503,3153,0
3495,3160,0
3498,3168,0
3501,3165,0
3515,3160,0
3537,3141,0
3565,3118,0
3589,3097,0
3611,3089,0
3619,3087,0
3621,3091,0
3622,3100,0
3619,3119,0
3613,3135,0
3614,3150,0
3615,3158,0
3619,3165,0
3632,3171,1
3798,3071,0
3798,3071,0
3797,3071,0
3798,3076,0
3793,3092,0
3788,3119,0
3782,3151,0
3773,3192,0
3765,3235,0
3754,3266,0
3749,3292,0
3743,3302,0
3742,3303,0
3745,3300,0
3752,3288,0
3760,3265,0
3764,3242,1
3793,3098,0
3799,3092,0
3807,3083,0
3815,3077,0
3827,3076,0
3838,3077,0
3851,3086,0
3861,3099,0
3863,3114,0
3865,3133,0
3853,3146,0
3841,3162,0
3825,3176,0
3808,3186,0
3794,3189,0
3780,3185,0
3771,3176,1
4007,3063,0
4005,3065,0
4003,3067,0
3995,3069,0
3990,3081,0
3983,3093,0
3971,3105,0
3965,3121,0
3966,3136,0
3964,3145,0
3969,3151,0
3974,3152,0
3979,3152,0
3983,3148,0
3991,3146,0
3995,3138,0
4006,3132,0
4008,3119,0
4014,3107,0
4020,3096,0
4022,3083,0
4025,3074,0
4025,3068,0
4022,3066,0
4024,3069,0
4019,3069,0
4015,3078,0
4017,3099,0
4021,3117,0
4022,3127,0
4031,3136,0
4041,3142,0
4056,3145,0
4072,3146,0
4087,3141,0
4106,3133,0
4124,3120,1
4263,3024,0
4259,3023,0
4252,3019,0
4244,3016,0
4238,3016,0
4228,3022,0
4215,3029,0
4208,3044,0
4208,3062,0
4210,3082,0
4215,3100,0
4223,3122,0
4225,3136,0
4229,3150,0
4224,3155,0
4222,3163,0
4205,3163,0
4191,3167,0
4171,3164,0
4155,3158,0
4145,3151,1
4339,3017,0
4331,3021,0
4316,3024,0
4307,3035,0
4297,3047,0
4297,3059,0
4304,3074,0
4315,3086,0
4331,3099,0
4342,3110,0
4356,3124,0
4369,3139,0
4377,3148,0
4383,3160,0
4382,3168,0
4372,3173,0
4359,3181,0
4336,3182,0
4316,3185,0
4293,3180,0
4275,3172,0
4265,3159,0
4265,3146,0
4270,3129,0
4292,3112,1
4485,3049,0
4483,3064,0
4477,3084,0
4475,3105,0
4470,3122,0
4466,3139,0
4466,3152,0
4466,3158,0
4468,3161,1
4517,2948,0
4513,2946,0
4510,2943,0
4510,2943,0
4507,2941,0
4511,2943,0
4508,2940,0
4514,2945,0
4519,2946,1
4635,3051,0
4624,3052,0
4609,3057,0
4604,3069,0
4590,3080,0
4588,3102,0
4587,3121,0
4591,3136,0
4595,3143,0
4606,3149,0
4620,3150,0
4640,3146,0
4655,3134,0
4676,3122,0
4688,3106,0
4688,3087,0
4696,3077,0
4683,3060,0
4680,3052,0
4666,3044,0
4661,3045,1
4814,3044,0
4806,3048,0
4799,3056,0
4796,3066,0
4792,3078,0
4782,3092,0
4774,3107,0
4767,3117,0
4765,3125,0
4768,3128,0
4766,3124,0
4771,3124,0
4777,3117,0
4792,3104,0
4807,3085,0
4829,3070,0
4848,3058,0
4862,3053,0
4875,3057,0
4881,3062,0
4889,3076,0
4888,3092,0
4893,3111,0
4899,3129,0
4905,3141,1
5421,2982,0
5416,2982,0
5406,2982,0
5396,2984,0
5384,2986,0
5376,2998,0
5367,3006,0
5368,3019,0
5371,3036,0
5377,3055,0
5384,3074,0
5388,3088,0
5394,3102,0
5386,3112,0
5390,3129,0
5371,3134,0
5360,3143,0
5345,3144,0
5337,3142,0
5320,3137,0
5314,3132,1
5554,2981,0
5557,2984,0
5552,2985,0
5557,3000,0
5554,3011,0
5555,3031,0
5552,3051,0
5560,3076,0
5556,3090,0
5565,3112,0
5566,3118,0
5566,3118,0
5566,3118,0
5571,3117,0
5580,3118,0
5589,3112,0
5590,3102,0
5599,3089,0
5607,3076,0
5612,3067,0
5620,3064,0
5622,3061,0
5619,3058,0
5621,3062,0
5612,3060,0
5612,3060,0
5617,3068,0
5612,3076,0
5612,3083,0
5615,3093,0
5618,3104,0
5620,3115,0
5623,3119,0
5629,3122,0
5631,3121,0
5638,3125,0
5642,3118,0
5651,3112,0
5662,3103,0
5666,3088,0
5677,3078,0
5683,3062,0
5697,3047,0
5704,3035,0
5710,3026,0
5711,3017,0
5716,3016,0
5712,3014,0
5716,3016,0
5713,3011,1
5840,3088,0
5849,3082,0
5861,3070,0
5870,3056,0
5874,3042,0
5880,3030,0
5873,3018,0
5863,3012,0
5848,3014,0
5832,3026,0
5813,3049,0
5809,3078,0
5813,3103,0
5817,3118,0
5833,3131,0
5852,3137,0
5875,3139,1
6051,3014,0
6049,3035,0
6046,3065,0
6037,3097,0
6023,3134,0
6013,3167,0
6003,3192,0
5997,3216,0
5994,3235,0
5992,3253,0
5993,3252,0
5991,3240,1
6114,2970,0
6119,2985,0
6124,3001,0
6122,3020,0
6115,3041,0
6109,3060,0
6093,3071,0
6080,3085,0
6071,3094,0
6056,3095,0
6044,3098,0
6028,3094,0
6021,3091,1
6290,2871,0
6288,2891,0
6284,2914,0
6280,2939,0
6272,2965,0
6268,2987,0
6261,3008,0
6254,3031,0
6245,3054,0
6234,3074,0
6228,3085,0
6225,3091,0
6223,3093,1
6211,2983,0
6218,2979,0
6229,2975,0
6249,2972,0
6264,2970,0
6283,2968,0
6298,2965,0
6315,2968,0
6328,2970,1