to confirm or deny this, but turned
755
1397,3546,0
1396,3549,0
1395,3550,0
1392,3554,0
1387,3575,0
1378,3604,0
1368,3632,0
1360,3669,0
1351,3711,0
1341,3752,0
1332,3784,0
1325,3804,0
1322,3821,1
1309,3697,0
1306,3693,0
1313,3693,0
1328,3684,0
1353,3682,0
1382,3684,0
1414,3677,0
1445,3670,0
1474,3662,0
1488,3657,0
1491,3657,0
1490,3656,0
1483,3653,0
1473,3650,0
1456,3656,0
1438,3666,0
1423,3684,0
1411,3701,0
1404,3718,0
1402,3738,0
1403,3750,0
1411,3761,0
1425,3768,0
1440,3767,0
1457,3761,0
1474,3747,0
1486,3725,0
1495,3708,0
1499,3692,0
1496,3676,0
1485,3665,0
1475,3662,0
1466,3663,1
1829,3653,0
1824,3646,0
1819,3643,0
1812,3644,0
1800,3646,0
1781,3650,0
1764,3670,0
1744,3690,0
1730,3718,0
1719,3735,0
1718,3752,0
1722,3763,0
1732,3770,0
1751,3778,0
1776,3778,0
1807,3772,0
1838,3761,1
1939,3668,0
1927,3663,0
1917,3662,0
1906,3665,0
1887,3669,0
1873,3689,0
1860,3708,0
1854,3729,0
1855,3745,0
1858,3757,0
1866,3768,0
1879,3773,0
1896,3769,0
1930,3740,0
1944,3725,0
1949,3703,0
1948,3683,0
1930,3663,0
1915,3658,1
2026,3654,0
2022,3655,0
2021,3655,0
2017,3660,0
2015,3682,0
2010,3704,0
2007,3726,0
2004,3743,0
2002,3756,0
2000,3765,0
2000,3765,0
2000,3765,0
2001,3764,0
2000,3752,0
2002,3735,0
2009,3717,0
2017,3689,0
2033,3673,0
2049,3653,0
2070,3642,0
2086,3637,0
2101,3642,0
2107,3653,0
2111,3672,0
2107,3694,0
2101,3717,0
2094,3735,0
2090,3757,0
2088,3771,1
2250,3552,0
2240,3555,0
2229,3563,0
2217,3584,0
2206,3617,0
2194,3655,0
2184,3700,0
2179,3752,0
2176,3798,0
2174,3837,0
2171,3858,0
2169,3867,0
2169,3867,1
2159,3703,0
2162,3707,0
2166,3701,0
2178,3694,0
2198,3683,0
2224,3670,0
2253,3661,0
2278,3648,0
2294,3638,0
2301,3636,0
2298,3633,0
2297,3637,0
2291,3648,0
2282,3672,0
2271,3696,0
2260,3718,0
2256,3740,0
2253,3749,0
2254,3757,0
2258,3761,0
2260,3759,1
2314,3614,0
2306,3609,0
2303,3605,0
2303,3605,0
2303,3605,0
2306,3609,0
2311,3615,0
2317,3622,0
2322,3624,1
2335,3641,0
2333,3655,0
2328,3673,0
2321,3688,0
2313,3708,0
2306,3723,0
2300,3734,0
2299,3742,0
2296,3744,0
2299,3747,0
2299,3746,0
2298,3739,0
2301,3728,0
2311,3717,0
2320,3693,0
2330,3677,0
2340,3656,0
2351,3648,0
2361,3639,0
2371,3636,0
2381,3636,1
2441,3640,0
2441,3639,0
2441,3640,0
2439,3644,0
2434,3659,0
2425,3679,0
2413,3701,0
2405,3721,0
2397,3733,0
2395,3738,0
2396,3742,0
2396,3742,0
2397,3742,0
2401,3728,0
2411,3711,0
2428,3687,0
2448,3667,0
2462,3644,0
2479,3637,0
2487,3633,0
2491,3636,0
2490,3641,0
2488,3655,0
2480,3671,0
2471,3687,0
2463,3703,0
2456,3711,0
2455,3715,0
2454,3715,0
2456,3719,0
2458,3719,0
2464,3707,0
2482,3692,0
2502,3671,0
2523,3653,0
2543,3641,0
2560,3633,0
2568,3630,0
2570,3633,0
2569,3639,0
2566,3653,0
2559,3665,0
2556,3679,0
2557,3696,0
2559,3713,1
3073,3651,0
3054,3652,0
3033,3660,0
3012,3671,0
2992,3687,0
2978,3703,0
2973,3724,0
2975,3737,0
2980,3743,0
2996,3752,0
3014,3752,0
3040,3752,0
3061,3740,0
3083,3732,0
3093,3717,0
3103,3708,0
3103,3689,0
3098,3673,0
3088,3660,0
3076,3653,0
3063,3647,1
3168,3627,0
3164,3625,0
3163,3634,0
3156,3648,0
3154,3673,0
3148,3690,0
3146,3706,0
3146,3720,0
3144,3725,0
3142,3726,0
3144,3730,0
3143,3725,0
3143,3721,0
3142,3708,0
3151,3694,0
3156,3671,0
3168,3655,0
3177,3641,0
3190,3633,0
3209,3626,0
3227,3619,1
3625,3645,0
3622,3642,0
3630,3641,0
3636,3637,0
3640,3634,0
3638,3630,0
3636,3626,0
3631,3621,0
3619,3614,0
3609,3612,0
3592,3614,0
3567,3618,0
3544,3633,0
3524,3653,0
3507,3670,0
3497,3687,0
3494,3698,0
3498,3710,0
3501,3718,0
3508,3722,0
3522,3722,0
3541,3715,0
3565,3702,0
3587,3682,0
3606,3658,1
3658,3526,0
3660,3529,0
3656,3532,0
3653,3549,0
3649,3577,0
3641,3607,0
3634,3643,0
3623,3675,0
3613,3708,0
3609,3730,0
3606,3742,0
3610,3749,0
3613,3747,1
3717,3672,0
3711,3670,0
3708,3668,0
3707,3669,0
3707,3669,0
3715,3668,0
3733,3664,0
3758,3660,0
3776,3650,0
3795,3647,0
3804,3640,0
3807,3637,0
3804,3630,0
3801,3627,0
3789,3621,0
3773,3618,0
3755,3622,0
3735,3633,0
3718,3651,0
3703,3671,0
3696,3691,0
3693,3708,0
3696,3721,0
3706,3733,0
3720,3739,0
3743,3742,0
3767,3733,0
3791,3720,0
3810,3701,1
3867,3614,0
3864,3612,0
3862,3614,0
3862,3630,0
3854,3646,0
3846,3662,0
3841,3682,0
3836,3696,0
3831,3704,0
3833,3708,0
3829,3707,0
3830,3706,0
3829,3701,0
3834,3688,0
3844,3674,0
3855,3655,0
3867,3636,0
3886,3626,0
3900,3614,0
3913,3609,0
3920,3607,0
3925,3613,0
3928,3627,0
3925,3640,0
3928,3658,0
3925,3671,0
3923,3683,0
3924,3692,1
4001,3618,0
4003,3616,0
4001,3612,0
4001,3612,0
4000,3614,0
3998,3621,0
3993,3636,0
3986,3651,0
3981,3661,0
3977,3665,0
3978,3670,0
3978,3670,0
3981,3672,0
3984,3669,0
3993,3661,0
4010,3653,0
4023,3641,0
4039,3633,0
4050,3624,0
4060,3620,0
4066,3615,0
4068,3614,0
4064,3612,0
4063,3613,0
4063,3623,0
4055,3635,0
4046,3653,0
4033,3670,0
4021,3696,0
4015,3732,0
4005,3766,0
3997,3798,0
3998,3833,1
4461,3485,0
4461,3486,0
4460,3487,0
4457,3490,0
4451,3502,0
4442,3528,0
4425,3561,0
4403,3599,0
4389,3640,0
4375,3670,0
4365,3691,0
4356,3710,0
4355,3722,1
4357,3627,0
4357,3626,0
4365,3625,0
4379,3621,0
4402,3617,0
4430,3607,0
4455,3594,0
4482,3578,0
4505,3561,0
4520,3539,0
4532,3521,0
4540,3508,0
4538,3498,0
4534,3496,0
4535,3501,0
4524,3513,0
4512,3536,0
4500,3566,0
4481,3596,0
4464,3623,0
4451,3648,0
4442,3662,0
4439,3676,0
4437,3677,0
4437,3677,0
4438,3677,0
4442,3668,0
4458,3652,0
4476,3629,0
4499,3607,0
4519,3592,0
4537,3585,0
4548,3580,0
4554,3578,0
4560,3584,0
4560,3590,0
4556,3606,0
4555,3629,0
4547,3649,0
4541,3666,0
4536,3682,0
4534,3689,0
4535,3694,0
4542,3692,0
4551,3684,1
4642,3592,0
4639,3590,0
4637,3591,0
4632,3596,0
4628,3612,0
4616,3629,0
4609,3649,0
4599,3665,0
4595,3680,0
4594,3692,0
4592,3694,0
4591,3695,0
4592,3689,1
4669,3563,1
4754,3602,0
4751,3600,0
4748,3597,0
4741,3592,0
4736,3591,0
4725,3591,0
4715,3597,0
4705,3602,0
4703,3614,0
4695,3622,0
4695,3635,0
4696,3645,0
4697,3656,0
4696,3662,0
4695,3669,0
4695,3675,0
4690,3679,0
4686,3684,0
4679,3685,0
4669,3684,0
4663,3684,0
4656,3682,0
4650,3676,0
4644,3669,0
4642,3660,1
4815,3695,0
4809,3695,0
4804,3706,0
4794,3716,0
4787,3730,0
4780,3742,0
4771,3757,0
4767,3773,0
4766,3785,1
5167,3531,0
5172,3532,0
5169,3529,0
5171,3532,0
5169,3535,0
5162,3550,0
5153,3573,0
5144,3602,0
5129,3625,0
5125,3650,0
5115,3666,0
5113,3681,0
5110,3684,0
5113,3687,0
5114,3686,0
5112,3682,0
5119,3674,0
5127,3653,0
5145,3632,0
5166,3614,0
5188,3612,0
5201,3616,0
5207,3621,0
5214,3636,0
5213,3650,0
5202,3670,0
5186,3689,0
5175,3708,0
5156,3717,0
5139,3724,0
5127,3727,0
5112,3725,0
5107,3724,0
5099,3715,0
5095,3702,0
5100,3684,0
5110,3665,1
5289,3609,0
5287,3612,0
5279,3616,0
5269,3626,0
5261,3643,0
5252,3661,0
5244,3676,0
5244,3689,0
5247,3697,0
5253,3703,0
5257,3703,0
5267,3699,0
5281,3688,0
5296,3669,0
5321,3653,0
5339,3636,0
5355,3623,0
5367,3615,0
5368,3612,0
5368,3613,0
5364,3619,0
5354,3631,0
5343,3650,0
5329,3667,0
5321,3684,0
5315,3697,0
5312,3707,0
5313,3712,0
5315,3710,1
5489,3530,0
5485,3542,0
5477,3566,0
5463,3590,0
5455,3619,0
5434,3640,0
5419,3658,0
5415,3676,0
5410,3688,0
5412,3694,0
5411,3694,0
5412,3693,0
5414,3690,1
5442,3617,0
5442,3611,0
5446,3605,0
5455,3601,0
5467,3597,0
5482,3598,0
5492,3597,0
5499,3597,0
5503,3597,1
5986,3462,0
5986,3474,0
5976,3497,0
5966,3527,0
5953,3565,0
5940,3604,0
5931,3645,0
5924,3682,0
5922,3712,1
5887,3619,0
5882,3617,0
5892,3617,0
5907,3617,0
5928,3609,0
5957,3602,0
5988,3592,0
6014,3583,0
6034,3575,0
6039,3568,0
6041,3566,0
6043,3568,0
6038,3569,0
6031,3579,0
6017,3600,0
6000,3624,0
5991,3650,0
5985,3673,0
5984,3688,0
5991,3699,0
5998,3702,0
6005,3699,0
6018,3689,0
6030,3672,0
6051,3648,0
6064,3624,0
6078,3602,0
6090,3585,0
6101,3577,0
6102,3574,0
6102,3575,0
6099,3580,0
6096,3597,0
6080,3620,0
6068,3645,0
6058,3666,0
6056,3684,0
6057,3696,0
6055,3699,0
6060,3699,0
6064,3693,1
6151,3573,0
6151,3573,0
6148,3571,0
6146,3574,0
6147,3580,0
6144,3599,0
6136,3618,0
6124,3641,0
6116,3661,0
6107,3674,0
6106,3675,0
6105,3676,0
6107,3674,0
6107,3672,0
6111,3662,0
6122,3645,0
6136,3624,0
6149,3605,0
6160,3590,0
6169,3582,0
6178,3578,0
6186,3573,0
6196,3571,0
6203,3568,0
6208,3568,1
6276,3568,0
6276,3566,0
6276,3568,0
6271,3574,0
6263,3593,0
6251,3619,0
6239,3643,0
6233,3667,0
6230,3686,0
6227,3697,0
6225,3699,0
6226,3699,0
6230,3700,0
6226,3698,0
6223,3688,0
6230,3678,0
6238,3660,0
6246,3641,0
6263,3623,0
6275,3604,0
6295,3588,0
6316,3578,0
6334,3571,0
6348,3573,0
6354,3578,0
6359,3592,0
6363,3609,0
6363,3625,0
6357,3641,0
6349,3653,0
6343,3667,0
6338,3677,0
6335,3679,1
6408,3619,0
6411,3614,0
6425,3609,0
6439,3601,0
6450,3592,0
6476,3588,0
6491,3580,0
6505,3572,0
6512,3568,0
6515,3563,0
6511,3556,0
6508,3553,0
6490,3549,0
6472,3549,0
6452,3560,0
6433,3574,0
6418,3591,0
6411,3607,0
6407,3621,0
6413,3634,0
6423,3648,0
6437,3657,0
6461,3664,0
6485,3664,0
6505,3662,1
6635,3613,0
6643,3607,0
6650,3597,0
6659,3588,0
6662,3578,0
6667,3570,0
6659,3559,0
6650,3551,0
6639,3545,0
6616,3545,0
6592,3554,0
6566,3564,0
6554,3585,0
6537,3603,0
6532,3619,0
6532,3633,0
6536,3644,0
6544,3653,0
6572,3662,0
6588,3658,0
6615,3653,0
6631,3642,0
6652,3631,0
6662,3614,0
6679,3595,1
6711,3480,0
6710,3488,0
6705,3504,0
6696,3529,0
6688,3559,0
6675,3587,0
6661,3617,0
6659,3643,0
6645,3656,0
6647,3670,0
6639,3675,0
6641,3679,0
6637,3677,1