and smiled down into her eyes.
632
1005,2992,0
994,2996,0
982,2995,0
972,2995,0
964,3003,0
956,3013,0
950,3030,0
947,3049,0
946,3077,0
948,3110,0
951,3130,0
957,3130,0
967,3130,0
978,3123,0
989,3107,0
998,3087,0
1006,3071,0
1009,3052,0
1011,3035,0
1011,3032,0
1011,3036,0
1012,3040,0
1013,3056,0
1015,3080,0
1020,3104,0
1024,3117,0
1031,3128,0
1038,3128,0
1044,3116,0
1053,3105,0
1060,3081,0
1068,3057,0
1077,3037,0
1082,3021,0
1086,3016,0
1089,3021,0
1092,3029,0
1095,3053,0
1094,3072,0
1095,3088,0
1099,3097,0
1107,3100,0
1114,3092,0
1124,3085,0
1131,3064,0
1138,3048,0
1146,3036,0
1150,3023,0
1153,3024,0
1154,3023,0
1157,3032,0
1158,3048,0
1158,3076,0
1160,3095,0
1166,3112,0
1177,3119,0
1189,3110,1
1258,3031,0
1258,3031,0
1256,3028,0
1249,3024,0
1242,3028,0
1234,3033,0
1223,3041,0
1215,3062,0
1208,3082,0
1204,3098,0
1205,3118,0
1210,3130,0
1219,3129,0
1230,3117,0
1242,3096,0
1253,3063,0
1263,3030,0
1269,2990,0
1273,2950,0
1275,2922,0
1274,2898,0
1271,2882,0
1269,2878,0
1266,2878,0
1264,2886,0
1267,2914,0
1269,2946,0
1275,2990,0
1281,3034,0
1288,3073,0
1300,3097,0
1315,3107,1
1523,2974,0
1515,2975,0
1503,2977,0
1495,2987,0
1486,2992,0
1484,3004,0
1486,3016,0
1491,3027,0
1500,3038,0
1511,3048,0
1521,3055,0
1529,3066,0
1532,3074,0
1530,3081,0
1520,3083,0
1510,3093,0
1495,3095,0
1485,3101,0
1475,3098,0
1471,3095,0
1473,3082,1
1568,2982,0
1568,2982,0
1567,2982,0
1566,2987,0
1566,2999,0
1566,3015,0
1568,3040,0
1569,3064,0
1570,3079,0
1572,3083,0
1577,3087,0
1584,3081,0
1594,3071,0
1605,3049,0
1616,3023,0
1628,2996,0
1640,2982,0
1647,2976,0
1650,2975,0
1657,2986,0
1659,3002,0
1658,3018,0
1657,3035,0
1658,3047,0
1664,3054,0
1670,3049,0
1680,3039,0
1692,3024,0
1704,3009,0
1713,2994,0
1720,2989,0
1725,2992,0
1727,2996,0
1729,3007,0
1732,3028,0
1733,3044,0
1739,3058,0
1749,3064,0
1764,3061,0
1781,3048,0
1799,3028,0
1813,3008,0
1824,2992,0
1834,2989,0
1836,2989,0
1838,2993,0
1836,2993,0
1838,3005,0
1839,3021,0
1840,3037,0
1843,3058,0
1847,3069,0
1850,3068,1
1840,2864,0
1840,2851,0
1843,2838,0
1843,2829,0
1843,2825,0
1842,2826,0
1843,2830,0
1845,2837,0
1848,2844,1
1913,2791,0
1915,2791,0
1921,2798,0
1926,2808,0
1931,2828,0
1933,2852,0
1930,2882,0
1925,2917,0
1921,2965,0
1915,3004,0
1917,3049,0
1916,3087,0
1920,3115,0
1927,3143,0
1932,3162,0
1936,3169,0
1936,3165,1
1985,3066,0
1983,3062,0
1989,3061,0
1998,3059,0
2007,3051,0
2019,3043,0
2030,3031,0
2041,3018,0
2051,3008,0
2055,2997,0
2053,2982,0
2048,2975,0
2040,2973,0
2025,2974,0
2012,2987,0
2000,3007,0
1989,3027,0
1984,3050,0
1987,3074,0
1995,3097,0
2005,3110,0
2022,3122,0
2041,3124,0
2063,3122,0
2084,3115,0
2098,3100,0
2112,3096,0
2116,3086,0
2118,3081,0
2119,3076,0
2118,3073,0
2117,3069,0
2117,3060,1
2182,3002,0
2178,2999,0
2171,2997,0
2163,2996,0
2155,3004,0
2145,3011,0
2135,3028,0
2126,3052,0
2118,3077,0
2117,3107,0
2116,3124,0
2123,3135,0
2133,3135,0
2147,3127,0
2159,3100,0
2173,3069,0
2190,3033,0
2200,2986,0
2212,2951,0
2218,2914,0
2221,2883,0
2222,2861,0
2217,2841,0
2214,2829,0
2209,2823,0
2209,2827,0
2205,2828,0
2205,2846,0
2210,2874,0
2216,2906,0
2221,2939,0
2227,2975,0
2231,3004,0
2239,3030,0
2245,3049,0
2251,3061,0
2256,3067,1
2502,2960,0
2497,2957,0
2497,2958,0
2489,2953,0
2486,2954,0
2481,2956,0
2471,2962,0
2468,2980,0
2462,2996,0
2458,3017,0
2459,3043,0
2463,3063,0
2469,3074,0
2475,3075,0
2485,3071,0
2495,3057,0
2504,3035,0
2511,3004,0
2515,2970,0
2519,2933,0
2519,2896,0
2521,2868,0
2522,2844,0
2523,2831,0
2521,2823,0
2522,2822,0
2523,2827,0
2523,2835,0
2525,2861,0
2526,2893,0
2528,2923,0
2531,2953,0
2541,2984,0
2551,3006,0
2564,3022,0
2574,3030,0
2587,3028,1
2643,2965,0
2637,2955,0
2630,2950,0
2624,2949,0
2614,2949,0
2601,2952,0
2593,2965,0
2588,2982,0
2586,2997,0
2591,3011,0
2598,3017,0
2611,3020,0
2622,3013,0
2636,3006,0
2647,2992,0
2654,2972,1
2673,2948,0
2677,2951,0
2685,2956,0
2692,2961,0
2699,2966,0
2705,2977,0
2710,2992,0
2714,3004,0
2720,3014,0
2721,3013,0
2725,3011,0
2734,3006,0
2738,2989,0
2743,2977,0
2747,2970,0
2750,2968,0
2754,2970,0
2760,2982,0
2759,2991,0
2766,3011,0
2771,3021,0
2774,3024,0
2782,3025,0
2791,3018,0
2801,3008,0
2807,2985,0
2817,2965,0
2825,2946,0
2832,2931,1
2876,2947,0
2872,2944,0
2874,2948,0
2873,2948,0
2875,2957,0
2882,2977,0
2885,2994,0
2890,3009,0
2895,3020,0
2900,3022,0
2909,3021,0
2921,3013,0
2931,2996,0
2941,2976,0
2954,2963,0
2960,2959,0
2965,2960,0
2970,2970,0
2975,2987,0
2980,3007,0
2987,3028,0
2997,3044,0
3014,3052,0
3027,3044,0
3043,3028,1
3186,2944,0
3187,2943,0
3194,2949,0
3197,2955,0
3202,2967,0
3204,2981,0
3202,2993,0
3205,3006,0
3204,3011,1
3210,2861,0
3203,2855,0
3202,2852,0
3202,2852,0
3202,2852,1
3254,2927,0
3255,2931,0
3258,2940,0
3263,2951,0
3268,2963,0
3271,2975,0
3273,2989,0
3274,2997,0
3276,3001,0
3279,3000,0
3284,2995,0
3292,2984,0
3298,2964,0
3307,2952,0
3313,2942,0
3320,2942,0
3322,2945,0
3328,2955,0
3334,2975,0
3339,2997,0
3340,3018,0
3344,3035,0
3349,3046,0
3357,3050,0
3362,3035,1
3429,2823,0
3424,2811,0
3425,2806,0
3421,2803,0
3419,2804,0
3419,2810,0
3418,2827,0
3423,2854,0
3418,2881,0
3417,2912,0
3416,2944,0
3415,2972,0
3416,2997,0
3416,3013,0
3411,3016,0
3408,3013,0
3405,3006,1
3396,2946,0
3394,2943,0
3394,2943,0
3398,2944,0
3407,2948,0
3424,2953,0
3443,2958,0
3465,2960,0
3486,2959,0
3512,2958,0
3532,2951,0
3550,2945,0
3559,2937,0
3563,2934,0
3562,2934,0
3554,2936,0
3536,2942,0
3522,2959,0
3506,2979,0
3498,3001,0
3494,3015,0
3497,3023,0
3505,3027,0
3516,3023,0
3524,3011,0
3532,2993,0
3542,2979,0
3552,2965,1
3747,2791,0
3753,2797,0
3752,2804,0
3760,2824,0
3761,2846,0
3761,2874,0
3759,2908,0
3756,2940,0
3752,2966,0
3752,2982,0
3759,2992,0
3764,2992,0
3773,2984,0
3785,2967,0
3803,2945,0
3817,2926,0
3825,2917,0
3829,2919,0
3831,2922,0
3834,2936,0
3836,2958,0
3832,2977,0
3836,2996,0
3839,3009,0
3846,3014,1
3875,2958,0
3875,2958,0
3880,2965,0
3880,2964,0
3891,2965,0
3899,2956,0
3910,2946,0
3918,2931,0
3922,2915,0
3923,2902,0
3921,2894,0
3913,2890,0
3906,2892,0
3891,2895,0
3884,2913,0
3882,2934,0
3885,2959,0
3886,2975,0
3896,2987,0
3909,2992,0
3922,2990,0
3936,2980,0
3946,2965,0
3954,2951,0
3961,2938,0
3971,2934,0
3974,2931,0
3978,2933,0
3983,2939,0
3987,2952,0
3993,2968,0
3994,2979,0
3996,2988,0
3999,2991,0
4005,2991,0
4008,2987,0
4015,2980,0
4020,2963,0
4029,2948,0
4037,2933,0
4045,2925,0
4057,2923,0
4073,2924,0
4088,2924,0
4106,2929,1
4243,2963,0
4254,2957,0
4258,2940,0
4266,2925,0
4270,2908,0
4272,2893,0
4270,2882,0
4263,2878,0
4260,2883,0
4251,2893,0
4241,2910,0
4234,2931,0
4236,2952,0
4243,2969,0
4254,2980,0
4270,2987,0
4287,2986,0
4308,2980,0
4319,2966,0
4331,2953,0
4340,2937,1
4338,2902,0
4333,2895,0
4331,2891,0
4331,2891,0
4331,2890,0
4337,2896,0
4345,2907,0
4351,2917,0
4356,2929,0
4362,2942,0
4371,2955,0
4381,2963,0
4389,2964,0
4398,2960,0
4406,2952,0
4414,2942,0
4415,2929,0
4418,2918,0
4417,2907,0
4415,2902,0
4413,2900,0
4410,2902,0
4408,2906,0
4401,2920,0
4393,2942,0
4379,2970,0
4360,2999,0
4344,3029,0
4336,3057,0
4328,3077,0
4326,3093,0
4326,3098,1
4461,2934,0
4457,2933,0
4456,2934,0
4461,2935,0
4467,2934,0
4476,2929,0
4485,2918,0
4491,2905,0
4497,2890,0
4502,2878,0
4504,2869,0
4499,2863,0
4490,2861,0
4480,2866,0
4466,2878,0
4451,2896,0
4444,2917,0
4443,2937,0
4447,2951,0
4460,2961,0
4477,2965,0
4494,2958,0
4516,2949,0
4536,2938,0
4554,2928,0
4565,2919,0
4567,2910,0
4571,2907,0
4567,2905,0
4563,2903,0
4558,2902,0
4555,2902,0
4558,2905,1
4637,2846,0
4637,2847,0
4632,2847,0
4625,2848,0
4617,2854,0
4602,2860,0
4594,2871,0
4589,2883,0
4582,2893,0
4587,2905,0
4593,2917,0
4601,2926,0
4606,2932,0
4616,2940,0
4620,2948,0
4616,2954,0
4607,2964,0
4594,2974,0
4579,2980,0
4560,2984,0
4548,2986,1
4712,2972,0
4711,2973,0
4713,2978,0
4714,2983,0
4708,2984,1