self-control.
253
982,4555,0
977,4555,0
970,4551,0
960,4551,0
945,4547,0
930,4550,0
916,4557,0
903,4565,0
895,4577,0
892,4592,0
895,4608,0
900,4625,0
905,4641,0
910,4661,0
910,4677,0
907,4689,0
897,4705,0
886,4712,0
873,4720,0
859,4719,0
846,4718,0
839,4718,0
834,4710,0
832,4698,0
836,4682,1
1077,4636,0
1076,4637,0
1078,4632,0
1088,4625,0
1102,4613,0
1114,4596,0
1122,4580,0
1124,4568,0
1117,4560,0
1104,4548,0
1088,4553,0
1073,4572,0
1060,4592,0
1052,4616,0
1050,4649,0
1052,4669,0
1057,4684,0
1068,4696,0
1081,4708,0
1100,4712,0
1121,4712,1
1325,4457,0
1322,4457,0
1322,4458,0
1321,4461,0
1317,4466,0
1313,4482,0
1307,4498,0
1298,4515,0
1289,4540,0
1279,4568,0
1266,4592,0
1256,4621,0
1247,4645,0
1242,4658,0
1238,4670,0
1236,4682,0
1237,4690,0
1237,4694,0
1236,4698,0
1239,4693,0
1239,4702,0
1237,4698,0
1238,4694,0
1240,4698,0
1246,4693,0
1259,4685,0
1276,4668,0
1295,4647,0
1319,4625,0
1347,4605,0
1369,4583,0
1390,4569,0
1405,4553,1
1485,4538,0
1493,4533,0
1506,4519,0
1521,4502,0
1537,4480,0
1548,4455,0
1556,4426,0
1560,4405,0
1561,4389,0
1561,4389,0
1556,4385,0
1549,4399,0
1539,4420,0
1527,4449,0
1513,4487,0
1499,4536,0
1486,4582,0
1474,4619,0
1466,4652,0
1458,4685,0
1454,4709,0
1449,4729,0
1446,4738,0
1448,4746,0
1451,4741,1
1422,4623,0
1421,4624,0
1422,4623,0
1428,4623,0
1441,4625,0
1456,4633,0
1472,4631,0
1492,4630,0
1517,4623,1
1628,4550,0
1625,4550,0
1624,4551,0
1626,4550,0
1638,4553,0
1657,4555,0
1681,4551,0
1707,4548,0
1739,4543,0
1778,4541,0
1814,4539,0
1850,4541,0
1882,4544,1
2123,4488,0
2116,4490,0
2106,4488,0
2093,4491,0
2075,4491,0
2056,4504,0
2038,4516,0
2022,4532,0
2011,4550,0
2006,4572,0
2007,4589,0
2010,4604,0
2017,4602,0
2030,4612,0
2050,4608,0
2075,4603,0
2105,4595,1
2333,4469,0
2322,4468,0
2309,4464,0
2296,4463,0
2280,4468,0
2266,4472,0
2253,4483,0
2241,4495,0
2235,4517,0
2234,4538,0
2239,4550,0
2251,4555,0
2270,4558,0
2293,4555,0
2315,4549,0
2328,4533,0
2335,4523,0
2335,4510,0
2329,4495,0
2318,4482,0
2308,4468,0
2300,4458,1
2410,4509,0
2394,4522,0
2392,4531,0
2391,4527,0
2396,4526,0
2412,4517,0
2439,4505,0
2516,4526,0
2514,4531,0
2523,4536,1
2713,4318,0
2711,4319,0
2704,4321,0
2700,4340,0
2695,4360,0
2690,4384,0
2685,4411,0
2680,4434,0
2678,4465,0
2673,4476,0
2671,4488,0
2671,4497,0
2668,4494,1
2655,4414,0
2679,4417,0
2707,4420,0
2721,4418,0
2739,4416,1
2816,4420,0
2811,4427,0
2803,4438,0
2795,4449,0
2788,4469,0
2777,4479,0
2771,4497,0
2770,4502,0
2770,4507,0
2773,4501,0
2784,4497,0
2799,4474,0
2818,4462,0
2833,4442,0
2852,4435,0
2867,4420,0
2886,4416,1
2975,4448,0
2965,4456,0
2958,4468,0
2955,4483,0
2963,4496,0
2975,4496,0
2994,4496,0
3011,4483,0
3024,4465,0
3033,4447,0
3042,4439,0
3040,4427,0
3034,4417,0
3021,4410,0
3011,4409,0
2996,4407,0
2996,4417,1
3123,4343,0
3119,4350,0
3112,4367,0
3103,4389,0
3093,4416,0
3082,4442,0
3077,4463,0
3080,4478,0
3081,4483,0
3089,4488,0
3099,4488,0
3115,4484,0
3132,4477,0
3149,4464,0
3166,4451,0
3186,4450,0
3197,4444,1
3262,4512,0
3260,4512,0
3260,4512,0
3260,4512,0
3260,4512,0
3259,4508,0
3262,4507,0
3263,4502,0
3276,4505,1