ster explained as they came
684
979,1890,0
979,1890,0
975,1886,0
967,1885,0
953,1884,0
939,1895,0
926,1910,0
912,1925,0
904,1940,0
902,1948,0
906,1961,0
914,1965,0
930,1971,0
948,1976,0
969,1981,0
989,1990,0
1008,1999,0
1023,2008,0
1032,2016,0
1037,2029,0
1034,2032,0
1027,2044,0
1013,2060,0
990,2070,0
962,2085,0
935,2096,0
914,2102,0
902,2101,0
897,2101,1
1107,1773,0
1107,1773,0
1107,1776,0
1105,1785,0
1102,1804,0
1097,1829,0
1093,1857,0
1090,1884,0
1090,1917,0
1088,1945,0
1089,1973,0
1088,1988,0
1089,2005,0
1093,2021,0
1094,2024,0
1094,2024,0
1092,2021,1
1063,1961,0
1063,1961,0
1067,1961,0
1074,1961,0
1084,1965,0
1097,1973,0
1115,1976,0
1139,1983,0
1167,1983,0
1200,1976,0
1231,1962,0
1263,1952,0
1286,1933,0
1303,1919,0
1310,1901,0
1310,1889,0
1309,1890,0
1302,1890,0
1290,1896,0
1279,1910,0
1268,1923,0
1261,1947,0
1256,1968,0
1256,1988,0
1262,2003,0
1274,2015,0
1293,2017,0
1314,2010,0
1339,1998,0
1361,1979,0
1381,1955,0
1396,1933,0
1408,1918,0
1409,1906,0
1411,1906,0
1409,1906,0
1408,1914,0
1407,1930,0
1406,1952,0
1405,1972,0
1403,1984,0
1401,1989,0
1403,1993,0
1402,1989,0
1399,1976,0
1394,1958,0
1392,1937,0
1399,1920,0
1409,1910,0
1419,1900,0
1432,1893,0
1453,1889,0
1478,1884,1
1888,1950,0
1888,1954,0
1887,1955,0
1890,1962,0
1896,1968,0
1904,1969,0
1912,1961,0
1928,1954,0
1937,1937,0
1947,1918,0
1956,1900,0
1960,1885,0
1956,1873,0
1949,1868,0
1937,1870,0
1923,1881,0
1904,1894,0
1892,1913,0
1880,1937,0
1868,1959,0
1865,1987,0
1870,2002,0
1879,2011,0
1893,2009,0
1914,2009,0
1936,2002,0
1959,1992,0
1978,1978,0
1995,1966,1
2046,1874,0
2042,1872,0
2045,1875,0
2043,1877,0
2046,1884,0
2050,1900,0
2053,1916,0
2060,1931,0
2072,1943,0
2088,1956,0
2104,1966,0
2117,1973,0
2130,1978,0
2145,1988,0
2154,1993,0
2154,1992,0
2159,1995,1
2073,1997,0
2070,1994,0
2073,1997,0
2077,1994,0
2083,1983,0
2099,1973,0
2116,1954,0
2135,1934,0
2160,1918,0
2180,1901,0
2200,1889,0
2210,1877,0
2219,1871,1
2213,1885,0
2210,1901,0
2205,1923,0
2200,1950,0
2198,1985,0
2193,2015,0
2188,2041,0
2190,2068,0
2185,2090,0
2182,2110,0
2179,2121,0
2176,2123,0
2174,2119,0
2176,2108,0
2176,2082,0
2185,2053,0
2193,2016,0
2210,1981,0
2234,1948,0
2254,1915,0
2281,1892,0
2304,1881,0
2322,1878,0
2336,1882,0
2353,1895,0
2362,1908,0
2369,1927,0
2373,1949,0
2360,1963,0
2351,1979,0
2336,1990,0
2311,1992,0
2292,1995,0
2273,1990,0
2261,1987,0
2251,1975,1
2405,1704,0
2405,1704,0
2408,1708,0
2409,1722,0
2405,1741,0
2398,1763,0
2390,1790,0
2382,1822,0
2379,1855,0
2379,1885,0
2384,1911,0
2396,1932,0
2407,1944,0
2423,1956,0
2442,1963,0
2467,1964,0
2488,1958,1
2616,1860,0
2614,1845,0
2606,1836,0
2599,1831,0
2590,1835,0
2577,1846,0
2561,1861,0
2549,1882,0
2538,1906,0
2525,1928,0
2517,1950,0
2518,1965,0
2519,1968,0
2533,1973,0
2545,1963,0
2564,1952,0
2584,1936,0
2600,1917,0
2609,1898,0
2619,1884,0
2624,1874,0
2628,1876,0
2624,1874,0
2626,1884,0
2622,1898,0
2622,1918,0
2629,1939,0
2633,1952,0
2647,1961,0
2662,1958,0
2684,1949,0
2711,1936,0
2730,1913,0
2752,1891,0
2770,1868,0
2779,1842,0
2789,1825,0
2794,1815,0
2795,1814,0
2798,1816,0
2793,1821,0
2794,1839,0
2794,1862,0
2789,1883,0
2791,1903,0
2791,1921,0
2796,1937,0
2795,1944,0
2803,1952,1
2807,1731,0
2808,1730,0
2812,1732,0
2815,1734,0
2818,1742,1
2889,1848,0
2889,1848,0
2888,1849,0
2888,1850,0
2881,1850,0
2883,1862,0
2881,1874,0
2878,1889,0
2879,1905,0
2875,1915,0
2877,1925,0
2878,1930,0
2881,1932,0
2882,1932,0
2888,1925,0
2897,1909,0
2913,1894,0
2924,1875,0
2943,1860,0
2960,1848,0
2974,1838,0
2989,1833,0
3005,1833,0
3010,1833,0
3018,1842,0
3022,1850,0
3026,1864,0
3027,1880,0
3027,1899,0
3025,1913,0
3030,1925,0
3033,1933,0
3045,1938,0
3062,1939,0
3083,1932,0
3108,1922,0
3127,1906,0
3147,1889,0
3166,1871,0
3177,1852,0
3185,1835,0
3190,1821,0
3188,1812,0
3183,1804,0
3176,1802,0
3170,1802,0
3157,1805,0
3145,1814,0
3135,1827,0
3128,1843,0
3122,1856,0
3121,1870,0
3127,1881,0
3136,1889,0
3152,1895,0
3175,1899,0
3195,1899,0
3221,1898,0
3245,1894,0
3269,1890,0
3288,1885,1
3450,1820,0
3449,1814,0
3447,1811,0
3443,1809,0
3435,1807,0
3420,1808,0
3410,1814,0
3401,1820,0
3389,1831,0
3382,1847,0
3372,1860,0
3370,1876,0
3372,1887,0
3379,1897,0
3382,1901,0
3390,1903,0
3405,1902,0
3416,1894,0
3436,1882,0
3454,1863,0
3474,1842,0
3486,1817,0
3499,1791,0
3508,1763,0
3512,1734,0
3515,1709,0
3521,1691,0
3520,1677,0
3519,1671,0
3515,1670,0
3518,1674,0
3511,1684,0
3503,1704,0
3501,1730,0
3494,1755,0
3492,1780,0
3494,1804,0
3501,1830,0
3501,1851,0
3510,1873,0
3515,1889,0
3521,1899,0
3526,1907,0
3532,1913,0
3535,1915,1
4014,1766,0
4008,1761,0
4000,1760,0
3990,1761,0
3970,1764,0
3956,1773,0
3947,1787,0
3938,1804,0
3928,1821,0
3925,1841,0
3924,1860,0
3925,1873,0
3932,1886,0
3942,1891,0
3959,1896,0
3972,1889,0
3987,1879,0
4005,1865,0
4014,1848,0
4029,1831,0
4029,1814,0
4035,1802,0
4031,1794,0
4025,1788,0
4024,1789,0
4020,1789,0
4024,1800,0
4019,1816,0
4014,1833,0
4017,1851,0
4024,1865,0
4028,1872,0
4044,1877,0
4063,1876,0
4082,1867,0
4104,1853,0
4123,1833,0
4143,1813,0
4164,1792,0
4187,1782,0
4200,1773,0
4208,1768,0
4220,1772,0
4229,1780,0
4235,1793,0
4240,1809,0
4244,1829,0
4250,1843,0
4249,1853,0
4246,1859,0
4245,1861,0
4235,1862,0
4222,1862,0
4209,1859,0
4206,1857,0
4206,1857,0
4204,1853,1
4626,1613,0
4631,1611,0
4631,1611,0
4630,1614,0
4630,1624,0
4627,1642,0
4627,1664,0
4624,1691,0
4616,1720,0
4615,1750,0
4612,1777,0
4609,1802,0
4609,1822,0
4606,1836,0
4606,1846,0
4604,1850,0
4608,1852,1
4554,1768,0
4554,1770,0
4560,1773,0
4567,1779,0
4577,1785,0
4589,1789,0
4608,1795,0
4624,1797,0
4644,1795,0
4668,1789,0
4683,1775,0
4702,1761,0
4720,1741,0
4734,1717,0
4748,1693,0
4759,1669,0
4758,1648,0
4757,1631,0
4753,1619,0
4747,1614,0
4750,1615,0
4749,1617,0
4744,1629,0
4745,1650,0
4739,1674,0
4737,1700,0
4737,1730,0
4735,1756,0
4734,1780,0
4735,1795,0
4743,1809,0
4744,1814,0
4751,1819,0
4756,1818,0
4766,1814,0
4780,1804,0
4798,1793,0
4813,1778,0
4828,1765,0
4844,1757,0
4854,1753,0
4863,1752,0
4862,1753,0
4868,1760,0
4868,1771,0
4866,1785,0
4868,1802,0
4871,1816,0
4870,1827,0
4883,1836,0
4894,1841,0
4908,1840,0
4935,1838,0
4953,1826,0
4977,1811,0
5006,1793,0
5028,1773,0
5040,1752,0
5051,1737,0
5050,1725,0
5053,1719,0
5047,1714,0
5043,1714,0
5028,1718,0
5014,1730,0
5004,1746,0
4992,1764,0
4985,1783,0
4981,1802,0
4987,1817,0
4992,1827,0
5002,1833,0
5022,1838,0
5042,1832,0
5063,1824,0
5085,1810,0
5110,1794,0
5134,1775,0
5145,1757,0
5156,1740,0
5165,1730,0
5163,1723,0
5167,1724,0
5163,1724,0
5159,1733,0
5153,1749,0
5144,1771,0
5135,1794,0
5134,1817,0
5137,1833,0
5142,1841,0
5157,1845,0
5173,1840,0
5191,1826,0
5208,1804,0
5231,1782,0
5243,1758,0
5260,1739,0
5265,1725,0
5267,1717,0
5272,1716,0
5267,1717,0
5265,1725,0
5262,1742,0
5256,1771,0
5248,1803,0
5238,1841,0
5223,1877,0
5207,1913,0
5192,1940,0
5172,1965,0
5155,1983,0
5132,1995,0
5108,1999,0
5092,1997,0
5086,1990,0
5080,1983,1
5696,1693,0
5693,1690,0
5686,1686,0
5682,1684,0
5677,1684,0
5664,1686,0
5653,1693,0
5645,1705,0
5632,1718,0
5618,1735,0
5607,1756,0
5595,1778,0
5587,1800,0
5584,1819,0
5587,1834,0
5600,1845,0
5616,1849,0
5636,1850,0
5660,1844,0
5684,1838,0
5705,1826,1
5815,1741,0
5810,1730,0
5813,1721,0
5807,1715,0
5799,1713,0
5795,1711,0
5790,1715,0
5779,1723,0
5773,1739,0
5762,1758,0
5755,1778,0
5745,1797,0
5743,1814,0
5747,1825,0
5750,1831,0
5762,1833,0
5768,1829,0
5783,1821,0
5793,1805,0
5807,1790,0
5812,1771,0
5822,1757,0
5825,1747,0
5830,1744,0
5826,1744,0
5826,1745,0
5827,1755,0
5827,1770,0
5826,1783,0
5834,1796,0
5840,1802,0
5849,1802,0
5863,1798,0
5884,1788,0
5897,1773,0
5911,1754,0
5931,1735,0
5940,1718,0
5948,1705,0
5955,1697,0
5955,1698,0
5955,1697,0
5953,1703,0
5953,1717,0
5946,1738,0
5943,1761,0
5944,1783,0
5948,1797,0
5950,1803,0
5955,1803,0
5964,1799,0
5973,1783,0
5989,1760,0
6010,1737,0
6029,1715,0
6046,1701,0
6057,1693,0
6071,1690,0
6074,1691,0
6080,1697,0
6085,1709,0
6085,1722,0
6090,1736,0
6090,1746,0
6092,1753,0
6097,1753,0
6106,1751,0
6121,1741,0
6139,1725,0
6153,1708,0
6172,1697,0
6186,1695,0
6197,1698,0
6200,1703,0
6205,1715,0
6199,1732,0
6197,1754,0
6203,1775,0
6206,1790,0
6215,1801,0
6235,1807,0
6256,1804,0
6281,1795,0
6306,1781,0
6332,1763,0
6350,1745,0
6364,1727,0
6368,1712,0
6363,1703,0
6364,1699,0
6352,1698,0
6342,1703,0
6326,1714,0
6313,1729,0
6299,1749,0
6293,1768,0
6301,1785,0
6306,1795,0
6324,1804,0
6348,1807,0
6378,1804,1