ambitious, eager to try their wings in
673
1211,1607,0
1204,1611,0
1190,1609,0
1175,1614,0
1160,1631,0
1145,1651,0
1130,1684,0
1120,1732,0
1109,1768,0
1106,1800,0
1107,1817,0
1115,1821,0
1127,1812,0
1145,1800,0
1161,1779,0
1175,1750,0
1183,1713,0
1190,1681,0
1196,1660,0
1202,1652,0
1207,1651,0
1213,1659,0
1224,1682,0
1237,1717,0
1247,1744,0
1256,1763,0
1268,1778,0
1276,1780,0
1285,1780,1
1329,1672,0
1325,1677,0
1324,1698,0
1325,1725,0
1329,1757,0
1328,1773,0
1329,1781,0
1329,1781,0
1333,1781,0
1337,1768,0
1346,1751,0
1356,1724,0
1365,1690,0
1373,1660,0
1381,1651,0
1382,1647,0
1389,1657,0
1397,1684,0
1404,1708,0
1412,1722,0
1423,1732,0
1435,1733,0
1445,1722,0
1460,1715,0
1471,1699,0
1486,1688,0
1493,1686,0
1496,1689,0
1505,1711,0
1513,1734,0
1526,1751,0
1539,1760,0
1551,1761,1
1684,1538,0
1684,1538,0
1688,1549,0
1686,1568,0
1691,1600,0
1696,1638,0
1690,1666,0
1686,1688,0
1683,1707,0
1681,1720,0
1678,1722,0
1683,1724,0
1690,1721,0
1697,1701,0
1709,1679,0
1723,1661,0
1736,1647,0
1755,1642,0
1775,1642,0
1789,1643,0
1801,1651,0
1812,1664,0
1812,1672,0
1812,1686,0
1809,1701,0
1802,1713,0
1788,1719,0
1778,1728,0
1762,1731,0
1750,1736,0
1738,1737,0
1729,1736,0
1722,1734,1
1885,1676,0
1886,1689,0
1887,1710,0
1883,1726,0
1885,1744,1
1900,1558,0
1900,1558,0
1901,1556,0
1901,1556,0
1903,1561,1
2007,1551,0
2004,1563,0
2007,1590,0
2005,1620,0
2002,1650,0
1996,1672,0
1993,1689,0
1993,1702,0
1990,1703,1
1995,1654,0
1995,1653,0
2005,1662,0
2016,1669,0
2031,1674,0
2041,1673,0
2055,1672,0
2069,1669,1
2125,1679,0
2128,1696,0
2123,1710,0
2122,1725,0
2124,1738,1
2141,1574,0
2144,1577,0
2140,1574,0
2141,1584,0
2137,1592,1
2253,1639,0
2248,1643,0
2239,1650,0
2230,1662,0
2223,1681,0
2217,1701,0
2220,1720,0
2222,1727,0
2234,1734,0
2246,1734,0
2265,1730,0
2277,1717,0
2291,1705,0
2303,1691,0
2303,1671,0
2304,1655,0
2299,1643,0
2289,1635,0
2285,1633,0
2282,1635,0
2275,1636,1
2382,1634,0
2381,1640,0
2377,1649,0
2379,1669,0
2384,1692,0
2384,1708,0
2391,1722,0
2398,1725,0
2415,1727,0
2426,1719,0
2444,1708,0
2456,1691,0
2471,1672,0
2488,1651,0
2498,1635,0
2501,1633,0
2501,1633,0
2498,1641,0
2500,1662,0
2503,1681,0
2504,1696,1
2661,1619,0
2657,1616,0
2652,1616,0
2647,1616,0
2642,1621,0
2637,1633,0
2637,1650,0
2637,1666,0
2643,1683,0
2652,1698,0
2659,1708,0
2670,1720,0
2676,1725,0
2675,1725,0
2674,1727,0
2664,1725,0
2646,1721,0
2633,1717,0
2613,1708,0
2604,1706,0
2596,1703,1
2848,1756,0
2843,1768,0
2833,1791,0
2826,1816,0
2819,1841,0
2820,1864,0
2815,1879,0
2811,1884,0
2815,1886,1
3049,1703,0
3049,1703,0
3057,1701,0
3067,1694,0
3083,1685,0
3103,1672,0
3124,1657,0
3141,1640,0
3157,1626,0
3163,1610,0
3164,1602,0
3167,1597,0
3156,1593,0
3139,1596,0
3118,1604,0
3098,1619,0
3076,1641,0
3064,1670,0
3061,1695,0
3066,1714,0
3081,1729,0
3098,1738,0
3122,1740,0
3144,1738,0
3157,1727,1
3279,1624,0
3275,1615,0
3274,1611,0
3274,1611,0
3267,1613,0
3254,1625,0
3243,1648,0
3240,1674,0
3235,1687,0
3243,1696,0
3252,1699,0
3259,1696,0
3269,1687,0
3281,1677,0
3296,1664,0
3306,1648,0
3310,1642,0
3317,1647,0
3321,1662,0
3327,1682,0
3335,1698,1
3426,1631,0
3427,1630,0
3428,1628,0
3425,1626,0
3425,1626,0
3417,1630,0
3409,1643,0
3404,1659,0
3402,1669,0
3402,1671,0
3407,1670,0
3419,1664,0
3435,1655,0
3445,1645,0
3447,1635,0
3449,1633,0
3448,1634,0
3450,1646,0
3447,1667,0
3448,1686,0
3451,1712,0
3447,1733,0
3439,1751,0
3428,1767,0
3418,1776,0
3400,1780,0
3387,1784,0
3379,1790,0
3365,1788,0
3361,1786,0
3358,1778,0
3356,1766,0
3364,1755,0
3378,1743,0
3400,1730,0
3424,1716,0
3452,1702,0
3477,1686,0
3506,1669,0
3522,1650,0
3537,1634,0
3542,1619,0
3540,1613,0
3536,1613,0
3536,1620,0
3525,1639,0
3510,1663,0
3511,1684,0
3515,1693,0
3530,1700,0
3545,1698,0
3563,1691,0
3583,1682,0
3595,1669,0
3605,1652,0
3612,1633,0
3612,1616,0
3614,1605,0
3605,1596,0
3605,1589,0
3609,1582,1
3829,1459,0
3829,1459,0
3829,1460,0
3834,1469,0
3837,1490,0
3836,1517,0
3839,1549,0
3840,1573,0
3839,1593,0
3836,1609,0
3833,1621,0
3828,1632,0
3824,1637,1
3798,1594,0
3800,1591,0
3814,1587,0
3831,1582,0
3854,1580,0
3878,1578,0
3897,1575,0
3917,1573,1
3977,1568,0
3974,1574,0
3971,1590,0
3971,1608,0
3975,1626,0
3986,1641,0
3998,1651,0
4018,1657,0
4036,1655,0
4056,1651,0
4077,1644,0
4089,1630,0
4104,1616,0
4109,1597,0
4100,1579,0
4088,1566,0
4087,1561,0
4068,1555,0
4063,1554,0
4051,1551,0
4050,1554,1
4271,1433,0
4276,1434,0
4275,1435,0
4278,1451,0
4277,1474,0
4287,1501,0
4282,1524,0
4289,1549,0
4288,1570,0
4293,1590,0
4296,1602,0
4293,1608,0
4292,1609,1
4282,1544,0
4275,1541,0
4283,1544,0
4298,1548,0
4310,1550,0
4331,1550,0
4354,1550,0
4372,1547,0
4386,1543,1
4440,1549,0
4435,1562,0
4436,1581,0
4429,1597,0
4429,1608,0
4427,1612,0
4430,1614,0
4428,1610,0
4431,1603,0
4440,1591,0
4449,1573,0
4459,1549,0
4471,1528,0
4481,1513,0
4492,1505,0
4507,1503,0
4523,1505,0
4538,1510,0
4548,1517,0
4567,1523,0
4579,1526,1
4631,1515,0
4624,1520,0
4629,1541,0
4630,1560,0
4640,1578,0
4652,1592,0
4670,1602,0
4682,1604,0
4700,1603,1
4777,1544,0
4775,1553,0
4764,1568,0
4755,1592,0
4733,1615,0
4717,1643,0
4705,1674,0
4681,1699,0
4673,1729,1
4961,1377,0
4961,1377,0
4961,1378,0
4958,1387,0
4964,1408,0
4965,1433,0
4972,1464,0
4972,1499,0
4977,1535,0
4978,1565,0
4978,1589,0
4980,1609,0
4982,1623,1
4934,1545,0
4932,1542,0
4932,1541,0
4936,1540,0
4950,1539,0
4968,1537,0
4986,1532,0
5002,1522,0
5011,1508,1
5083,1378,0
5076,1383,0
5081,1395,0
5074,1416,0
5074,1445,0
5074,1472,0
5076,1504,0
5070,1534,0
5071,1556,0
5070,1570,0
5072,1575,0
5081,1577,0
5087,1569,0
5096,1558,0
5105,1541,0
5110,1527,0
5118,1528,0
5118,1529,0
5130,1543,0
5142,1560,0
5157,1574,0
5171,1585,0
5184,1594,0
5192,1597,0
5209,1595,1
5248,1597,0
5247,1597,0
5259,1598,0
5270,1592,0
5289,1583,0
5303,1570,0
5315,1557,0
5325,1542,0
5322,1524,0
5322,1511,0
5316,1501,0
5309,1498,0
5301,1498,0
5290,1505,0
5277,1519,0
5263,1536,0
5255,1561,0
5251,1583,0
5258,1602,0
5262,1615,0
5281,1623,0
5301,1626,0
5324,1621,0
5353,1609,0
5377,1599,0
5399,1582,0
5417,1566,0
5426,1554,0
5430,1551,0
5426,1553,0
5429,1555,0
5429,1568,0
5427,1585,0
5430,1602,0
5431,1614,0
5434,1618,0
5434,1618,1
5430,1471,0
5434,1471,0
5434,1471,0
5438,1472,0
5438,1474,1
5521,1570,0
5521,1583,0
5520,1587,0
5523,1590,0
5519,1590,0
5524,1587,0
5527,1578,0
5540,1563,0
5547,1541,0
5558,1517,0
5571,1502,0
5583,1492,0
5599,1493,0
5607,1493,0
5630,1501,0
5648,1510,0
5659,1515,1
5851,1486,0
5858,1486,0
5857,1491,0
5854,1505,0
5848,1527,0
5846,1545,0
5851,1557,0
5857,1564,0
5869,1569,0
5880,1574,0
5891,1577,0
5894,1580,0
5904,1587,0
5916,1592,0
5923,1595,0
5937,1592,0
5952,1582,0
5964,1569,0
5974,1552,0
5979,1532,0
5984,1513,0
5984,1500,0
5982,1490,0
5979,1486,0
5980,1482,0
5976,1480,0
5976,1479,0
5977,1479,0
5976,1482,1
6035,1523,0
6033,1532,0
6032,1552,0
6030,1574,0
6037,1592,0
6038,1604,0
6044,1610,0
6048,1611,0
6045,1607,1
6059,1450,0
6059,1448,0
6063,1448,0
6063,1447,0
6068,1450,1
6121,1527,0
6116,1546,0
6116,1563,0
6113,1574,0
6107,1582,0
6102,1582,0
6102,1582,0
6102,1580,0
6109,1574,0
6116,1559,0
6126,1538,0
6142,1512,0
6155,1493,0
6162,1484,0
6176,1479,0
6188,1481,0
6194,1491,0
6201,1509,0
6208,1529,0
6215,1546,0
6224,1561,1
6338,1506,0
6335,1500,0
6332,1496,0
6328,1495,0
6319,1496,0
6312,1508,0
6294,1530,0
6283,1555,0
6280,1571,0
6285,1580,0
6298,1578,0
6313,1570,0
6331,1563,0
6338,1551,0
6350,1539,0
6357,1528,0
6360,1532,0
6360,1534,0
6359,1550,0
6358,1574,0
6342,1598,0
6335,1623,0
6326,1640,0
6314,1655,0
6307,1666,0
6297,1670,0
6285,1671,0
6277,1670,0
6262,1662,0
6252,1651,0
6239,1640,0
6237,1634,0
6235,1628,1
6446,1504,0
6445,1505,0
6442,1503,0
6440,1509,0
6434,1517,0
6430,1529,0
6435,1546,0
6440,1558,0
6445,1570,0
6459,1578,0
6465,1588,0
6467,1596,0
6471,1599,0
6465,1604,0
6456,1606,0
6444,1605,0
6432,1601,0
6421,1597,0
6415,1592,0
6408,1586,0
6404,1584,1
6634,1474,0
6637,1477,0
6635,1486,0
6639,1503,0
6643,1522,0
6649,1547,0
6652,1567,0
6652,1583,0
6658,1594,1
6630,1422,0
6629,1423,0
6630,1422,0
6629,1421,0
6629,1423,1
6750,1521,0
6746,1537,0
6749,1559,0
6749,1577,0
6750,1586,0
6745,1591,0
6745,1591,0
6750,1589,0
6756,1580,0
6768,1567,0
6781,1548,0
6799,1523,0
6811,1505,0
6821,1498,0
6836,1503,0
6845,1516,0
6852,1539,0
6861,1574,0
6871,1601,0
6876,1625,0
6881,1638,1