All the way home that
475
713,1420,0
725,1445,0
726,1424,0
731,1392,0
738,1336,0
757,1266,0
781,1174,0
810,1069,0
851,982,0
885,904,0
943,861,0
971,841,0
991,840,0
1008,859,0
1011,907,0
991,981,0
994,1081,0
995,1177,0
992,1254,0
992,1317,0
989,1357,0
984,1377,0
976,1385,0
957,1375,0
933,1356,1
729,1288,0
710,1286,0
711,1282,0
733,1281,0
765,1269,0
807,1268,0
846,1256,0
892,1245,1
1087,950,0
1085,942,0
1086,942,0
1083,941,0
1091,970,0
1094,1018,0
1091,1085,0
1095,1177,0
1094,1261,0
1105,1333,0
1119,1372,0
1130,1380,0
1143,1375,0
1157,1346,0
1167,1298,0
1178,1232,0
1214,1160,1
1245,891,0
1247,845,0
1242,825,0
1245,837,0
1233,881,0
1245,948,0
1201,1033,0
1220,1124,0
1228,1219,0
1238,1302,0
1237,1358,0
1269,1382,0
1310,1392,0
1380,1384,0
1416,1384,0
1462,1362,1
1725,757,0
1733,766,0
1737,803,0
1734,872,0
1726,970,0
1710,1071,0
1703,1181,0
1692,1298,0
1684,1414,0
1678,1505,0
1690,1566,0
1705,1585,0
1733,1586,0
1756,1561,0
1770,1520,0
1778,1474,0
1778,1424,1
1602,1272,0
1602,1272,0
1620,1276,0
1650,1279,0
1683,1271,0
1716,1252,0
1756,1228,0
1785,1194,0
1812,1155,0
1828,1108,0
1845,1053,0
1845,982,1
1853,841,0
1850,839,0
1851,843,0
1865,871,0
1871,922,0
1883,1001,0
1889,1094,0
1882,1188,0
1879,1264,0
1884,1311,0
1895,1332,0
1903,1337,0
1909,1332,0
1921,1309,0
1952,1254,0
1966,1227,0
1980,1220,0
1988,1225,0
1993,1247,0
1999,1274,0
2008,1297,0
2021,1328,0
2040,1358,0
2058,1375,0
2081,1381,0
2119,1370,0
2159,1339,0
2188,1312,0
2219,1264,0
2242,1223,0
2251,1194,0
2242,1175,0
2218,1165,0
2188,1180,0
2148,1218,0
2133,1255,0
2124,1301,0
2137,1322,0
2159,1346,0
2186,1364,0
2240,1358,0
2297,1351,0
2355,1348,0
2399,1347,1
2754,1126,0
2754,1119,0
2758,1120,0
2759,1127,0
2755,1158,0
2750,1211,0
2741,1269,0
2744,1316,0
2752,1339,0
2772,1345,0
2798,1329,0
2832,1290,0
2862,1236,0
2888,1182,0
2914,1143,0
2919,1134,0
2918,1135,0
2921,1165,0
2919,1216,0
2929,1272,0
2938,1317,0
2956,1343,0
2981,1348,0
3013,1334,0
3037,1300,0
3061,1249,0
3076,1189,0
3083,1138,0
3074,1101,0
3055,1074,0
3040,1060,0
3030,1053,0
3026,1051,1
3219,1149,0
3219,1149,0
3212,1145,0
3202,1140,0
3188,1139,0
3175,1150,0
3155,1174,0
3151,1209,0
3146,1245,0
3146,1277,0
3159,1295,0
3174,1302,0
3200,1295,0
3219,1276,0
3238,1247,0
3256,1211,0
3262,1171,0
3259,1147,0
3255,1137,0
3247,1136,0
3242,1146,0
3240,1179,0
3235,1218,0
3242,1258,0
3256,1293,0
3281,1313,0
3310,1318,0
3339,1313,0
3363,1302,1
3399,1136,0
3390,1148,0
3389,1170,0
3389,1201,0
3399,1237,0
3413,1272,0
3436,1299,0
3457,1312,0
3484,1310,0
3510,1293,0
3539,1257,0
3564,1210,0
3580,1160,0
3593,1126,0
3600,1109,0
3600,1107,0
3600,1109,0
3604,1131,0
3622,1184,0
3627,1256,0
3602,1342,0
3584,1442,0
3551,1538,0
3506,1625,0
3451,1705,0
3392,1771,0
3329,1809,0
3279,1825,0
3232,1821,0
3193,1799,0
3176,1762,0
3168,1705,0
3180,1641,1
4009,730,0
4008,731,0
4022,743,0
4039,782,0
4048,849,0
4046,940,0
4044,1042,0
4034,1137,0
4029,1227,0
4023,1301,0
4011,1353,0
4006,1375,0
4005,1377,0
4007,1374,0
4013,1346,0
4031,1292,0
4063,1240,0
4102,1199,0
4144,1175,0
4179,1172,0
4203,1189,0
4214,1230,0
4215,1288,0
4205,1349,0
4200,1395,0
4201,1416,0
4205,1418,0
4214,1406,0
4233,1378,1
4346,1200,0
4345,1215,0
4344,1245,0
4343,1286,0
4350,1337,0
4360,1380,0
4386,1405,0
4418,1411,0
4443,1399,0
4472,1367,0
4492,1320,0
4501,1267,0
4488,1230,0
4456,1208,0
4421,1203,0
4377,1209,0
4340,1220,0
4326,1226,0
4325,1228,0
4343,1235,1
4622,1187,0
4628,1208,0
4631,1239,0
4641,1277,0
4642,1311,0
4648,1332,0
4650,1340,0
4647,1338,0
4649,1328,0
4651,1297,0
4663,1258,0
4676,1216,0
4693,1185,0
4713,1174,0
4728,1177,0
4741,1192,0
4750,1219,0
4753,1252,0
4755,1286,0
4752,1310,0
4753,1319,0
4754,1317,0
4758,1303,0
4783,1264,0
4809,1217,0
4835,1180,0
4857,1163,0
4865,1163,0
4874,1174,0
4881,1199,0
4888,1229,0
4895,1263,0
4902,1298,0
4906,1324,0
4910,1341,0
4915,1351,0
4926,1357,0
4933,1360,0
4937,1361,0
4937,1360,0
4938,1358,0
4934,1356,0
4935,1353,0
4936,1353,0
4936,1351,0
4936,1350,0
4940,1351,0
4940,1351,0
4940,1353,0
4939,1353,0
4939,1354,0
4936,1351,0
4938,1345,1
5024,1321,0
5037,1322,0
5055,1316,0
5084,1301,0
5116,1277,0
5149,1244,0
5180,1208,0
5189,1172,0
5187,1147,0
5166,1130,0
5137,1130,0
5099,1148,0
5057,1188,0
5014,1240,0
4987,1295,0
4981,1339,0
5006,1369,0
5061,1382,0
5132,1378,0
5215,1368,0
5292,1358,1
5793,788,0
5790,781,0
5790,784,0
5795,805,0
5797,848,0
5800,907,0
5795,981,0
5785,1065,0
5782,1157,0
5788,1242,0
5812,1313,0
5842,1361,0
5873,1387,0
5904,1394,0
5926,1389,0
5937,1375,0
5931,1356,1
5680,1249,0
5676,1250,0
5689,1249,0
5721,1248,0
5762,1246,0
5806,1239,0
5846,1225,0
5888,1199,0
5925,1163,0
5952,1124,0
5969,1082,0
5977,1037,0
5973,987,1
5951,841,0
5955,837,0
5955,839,0
5961,856,0
5971,900,0
5977,963,0
5984,1038,0
5987,1116,0
5993,1184,0
5993,1242,0
6002,1279,0
6017,1298,0
6034,1299,0
6054,1284,0
6085,1254,0
6120,1223,0
6149,1204,0
6166,1200,0
6176,1208,0
6179,1233,0
6174,1275,0
6162,1313,0
6162,1348,0
6174,1369,0
6193,1375,0
6216,1363,0
6240,1346,0
6266,1323,0
6283,1299,0
6297,1275,0
6307,1250,0
6312,1224,0
6316,1204,0
6311,1188,0
6304,1182,0
6283,1182,0
6264,1196,0
6234,1224,0
6210,1261,0
6197,1303,0
6192,1344,0
6198,1368,0
6213,1380,0
6230,1375,0
6253,1363,0
6276,1335,0
6297,1295,0
6315,1249,0
6321,1220,0
6321,1214,0
6318,1215,0
6317,1220,0
6307,1250,0
6302,1288,0
6307,1327,0
6320,1356,0
6346,1370,0
6366,1370,0
6394,1358,0
6416,1335,0
6439,1299,0
6466,1248,0
6486,1184,0
6508,1111,1
6530,919,0
6526,887,0
6527,885,0
6529,901,0
6522,953,0
6512,1038,0
6500,1130,0
6498,1213,0
6502,1290,0
6504,1343,0
6507,1379,0
6513,1394,0
6508,1395,0
6492,1379,0
6472,1356,0
6448,1336,0
6434,1324,0
6435,1318,0
6441,1310,0
6464,1297,0
6513,1277,0
6584,1268,0
6647,1262,0
6698,1274,1