usual for the bride&apos;s parents
453
1172,5072,0
1164,5084,0
1160,5099,0
1157,5132,0
1154,5164,0
1160,5199,0
1167,5227,0
1176,5251,0
1185,5267,0
1196,5267,0
1212,5250,0
1230,5222,0
1254,5177,0
1281,5132,0
1306,5091,0
1330,5062,0
1347,5049,0
1353,5049,0
1355,5057,0
1356,5084,0
1353,5117,0
1351,5157,0
1351,5193,0
1355,5216,0
1359,5221,1
1540,5018,0
1532,5016,0
1518,5016,0
1494,5035,0
1480,5060,0
1470,5073,0
1471,5088,0
1477,5100,0
1495,5119,0
1514,5134,0
1537,5156,0
1546,5175,0
1548,5203,0
1537,5228,0
1520,5253,0
1501,5271,0
1480,5272,1
1640,5040,0
1636,5057,0
1638,5093,0
1639,5125,0
1643,5156,0
1650,5184,0
1664,5194,0
1686,5192,0
1713,5173,0
1746,5148,0
1772,5112,0
1800,5084,0
1817,5061,0
1827,5059,0
1829,5067,0
1827,5084,0
1825,5108,0
1824,5137,0
1824,5165,0
1827,5181,0
1836,5191,1
2017,5092,0
2018,5088,0
2017,5079,0
2010,5073,0
1997,5067,0
1978,5071,0
1955,5087,0
1930,5108,0
1909,5127,0
1899,5149,0
1896,5170,0
1905,5177,0
1932,5180,0
1960,5171,0
1990,5158,0
2019,5141,0
2043,5132,0
2063,5132,0
2077,5141,0
2085,5156,0
2089,5171,1
2184,4889,0
2183,4893,0
2181,4919,0
2178,4964,0
2173,5011,0
2164,5062,0
2157,5113,0
2152,5158,0
2153,5199,0
2159,5226,0
2174,5248,0
2186,5245,0
2207,5240,1
2613,4978,0
2613,4961,0
2615,4939,0
2613,4920,0
2606,4905,0
2591,4900,0
2573,4915,0
2552,4946,0
2537,4985,0
2529,5033,0
2528,5088,0
2533,5149,0
2538,5201,0
2543,5250,0
2548,5273,0
2547,5286,0
2550,5272,1
2511,5113,0
2514,5113,0
2522,5110,0
2538,5105,0
2560,5103,0
2589,5098,0
2620,5093,0
2647,5084,0
2678,5079,1
2771,5077,0
2751,5080,0
2731,5086,0
2707,5099,0
2686,5118,0
2672,5139,0
2671,5161,0
2683,5170,0
2709,5178,0
2740,5172,0
2772,5161,0
2799,5144,0
2825,5126,0
2843,5103,0
2858,5089,0
2859,5079,1
2916,5187,0
2918,5186,0
2918,5186,0
2923,5175,0
2919,5147,0
2925,5132,0
2925,5111,0
2931,5096,0
2937,5081,0
2946,5069,0
2958,5060,0
2973,5055,0
2992,5059,1
3287,4920,0
3286,4917,0
3286,4922,0
3285,4931,0
3281,4954,0
3277,4991,0
3272,5028,0
3264,5063,0
3262,5100,0
3259,5127,0
3253,5146,0
3247,5158,0
3235,5155,1
3119,5100,0
3124,5102,0
3141,5103,0
3165,5101,0
3201,5096,0
3233,5086,0
3267,5070,0
3298,5052,1
3405,4904,0
3407,4907,0
3409,4920,0
3410,4951,0
3408,4987,0
3409,5035,0
3398,5072,0
3385,5105,0
3374,5127,0
3370,5142,0
3375,5144,0
3389,5138,0
3409,5124,0
3433,5108,0
3463,5108,0
3488,5108,0
3508,5121,0
3520,5133,0
3532,5149,0
3545,5166,0
3556,5168,0
3573,5169,0
3586,5158,0
3598,5144,0
3609,5125,0
3612,5100,0
3607,5086,0
3604,5091,0
3592,5097,0
3580,5116,0
3578,5144,0
3584,5173,0
3601,5200,0
3627,5218,0
3661,5232,0
3696,5237,0
3727,5230,1
3971,4876,0
3968,4887,0
3963,4917,0
3959,4958,0
3947,5006,0
3937,5055,0
3928,5096,0
3921,5123,0
3927,5143,0
3946,5151,0
3970,5151,0
4006,5157,0
4036,5158,0
4067,5173,0
4084,5185,0
4090,5196,0
4090,5210,0
4079,5221,0
4061,5232,0
4034,5233,0
4007,5226,0
3985,5216,0
3969,5192,0
3966,5172,0
3979,5154,1
4172,5231,0
4172,5236,0
4170,5236,0
4169,5227,0
4170,5204,0
4176,5173,0
4188,5150,0
4199,5134,0
4214,5129,0
4231,5133,0
4248,5142,0
4258,5144,0
4269,5156,1
4299,5198,0
4299,5218,0
4301,5236,0
4303,5248,1
4319,5028,0
4309,5016,0
4302,5006,0
4302,5006,0
4299,5007,1
4418,5183,0
4406,5191,0
4398,5200,0
4384,5211,0
4374,5231,0
4363,5253,0
4362,5272,0
4364,5280,0
4377,5281,0
4396,5269,0
4425,5245,0
4454,5207,0
4477,5153,1
4538,4968,0
4533,4953,0
4530,4950,0
4523,4950,0
4514,4965,0
4505,4992,0
4488,5019,0
4485,5060,0
4480,5097,0
4480,5132,0
4486,5170,0
4493,5204,0
4509,5232,0
4528,5253,0
4552,5266,0
4576,5269,0
4601,5266,0
4620,5253,0
4635,5238,0
4647,5225,0
4640,5214,0
4633,5210,0
4620,5209,0
4606,5209,0
4591,5216,0
4580,5228,0
4573,5242,0
4577,5260,0
4584,5278,0
4593,5291,0
4607,5301,0
4628,5311,0
4647,5312,0
4662,5311,0
4671,5306,0
4682,5298,1
4835,5107,0
4833,5108,0
4831,5110,0
4825,5115,0
4816,5127,0
4801,5147,0
4785,5164,0
4784,5185,0
4782,5191,1
4939,5173,0
4926,5168,0
4913,5168,0
4902,5172,0
4896,5180,1
4899,5254,0
4896,5271,0
4887,5283,0
4870,5296,0
4855,5306,0
4842,5311,0
4831,5309,0
4825,5303,1
5201,5201,0
5203,5209,0
5210,5228,0
5218,5274,0
5223,5322,0
5227,5380,0
5223,5439,0
5213,5503,0
5200,5562,0
5193,5609,0
5187,5633,0
5187,5637,0
5190,5631,1
5217,5172,0
5236,5156,0
5269,5144,0
5319,5138,0
5377,5146,0
5424,5169,0
5446,5198,0
5453,5234,0
5444,5263,0
5420,5283,0
5394,5301,0
5368,5311,0
5347,5314,1
5562,5255,0
5561,5251,0
5549,5246,0
5529,5248,0
5496,5260,0
5469,5278,0
5461,5290,0
5470,5298,0
5493,5310,0
5520,5308,0
5552,5306,0
5588,5307,0
5614,5305,0
5636,5313,0
5650,5322,0
5663,5337,0
5670,5353,0
5672,5366,0
5668,5371,0
5665,5373,0
5663,5370,0
5665,5361,0
5665,5340,0
5669,5315,0
5677,5282,0
5687,5251,0
5701,5233,0
5709,5226,0
5713,5233,0
5723,5245,0
5734,5267,0
5745,5285,0
5766,5303,0
5785,5314,0
5811,5322,0
5836,5321,0
5862,5313,0
5885,5303,0
5901,5283,0
5905,5267,0
5899,5262,0
5877,5266,0
5846,5279,0
5820,5297,0
5810,5318,0
5810,5339,0
5820,5357,0
5841,5371,0
5871,5376,0
5904,5373,0
5941,5366,0
5974,5351,0
6009,5335,0
6039,5327,0
6056,5332,0
6073,5346,0
6081,5364,0
6090,5384,0
6094,5402,0
6099,5414,0
6102,5417,1
6202,5109,0
6205,5099,0
6208,5101,0
6208,5120,0
6213,5161,0
6209,5204,0
6207,5247,0
6203,5290,0
6195,5327,0
6188,5355,0
6185,5375,0
6180,5380,0
6179,5369,1
6090,5272,0
6095,5272,0
6109,5276,0
6134,5280,1
6381,5234,0
6377,5233,0
6364,5234,0
6343,5243,0
6327,5261,0
6311,5277,0
6311,5294,0
6323,5316,0
6343,5342,0
6365,5370,0
6392,5400,0
6414,5430,0
6428,5455,0
6444,5479,0
6449,5496,0
6447,5516,0
6437,5526,0
6418,5534,0
6393,5536,0
6371,5535,0
6350,5527,1