He shivered. Taking with her the
614
1220,3173,0
1216,3169,0
1217,3170,0
1216,3173,0
1218,3177,0
1223,3206,0
1229,3241,0
1233,3277,0
1237,3317,0
1238,3352,0
1240,3381,0
1242,3397,0
1240,3401,0
1239,3397,0
1237,3385,0
1236,3357,0
1240,3328,1
1281,3162,0
1281,3166,0
1283,3170,0
1288,3185,0
1297,3221,0
1304,3257,0
1308,3292,0
1312,3328,0
1313,3352,0
1317,3371,0
1320,3383,0
1319,3380,0
1319,3380,1
1201,3302,0
1202,3302,0
1211,3302,0
1232,3300,0
1261,3300,0
1286,3294,0
1306,3288,0
1319,3284,0
1333,3283,1
1385,3338,0
1387,3342,0
1393,3346,0
1401,3344,0
1414,3343,0
1427,3341,0
1434,3333,0
1439,3328,0
1440,3320,0
1436,3313,0
1431,3309,0
1421,3306,0
1408,3307,0
1394,3317,0
1383,3334,0
1378,3355,0
1381,3370,0
1394,3385,0
1416,3399,0
1442,3409,0
1469,3405,1
1838,3323,0
1839,3322,0
1837,3319,0
1830,3312,0
1816,3311,0
1802,3315,0
1783,3315,0
1771,3317,0
1765,3319,0
1765,3323,0
1773,3337,0
1785,3347,0
1798,3361,0
1813,3374,0
1819,3380,0
1820,3384,0
1814,3385,0
1802,3393,0
1785,3392,0
1774,3395,0
1766,3393,0
1763,3393,0
1761,3385,0
1766,3375,0
1783,3364,1
1862,3168,0
1862,3177,0
1862,3193,0
1867,3216,0
1876,3247,0
1882,3279,0
1890,3310,0
1896,3333,0
1898,3344,0
1903,3356,0
1903,3356,0
1903,3356,0
1903,3352,0
1901,3344,0
1894,3325,0
1894,3313,0
1895,3300,0
1903,3294,0
1912,3288,0
1924,3284,0
1940,3288,0
1954,3296,0
1964,3306,0
1974,3325,0
1977,3340,0
1978,3356,0
1976,3370,0
1972,3375,0
1971,3375,0
1973,3374,0
1979,3369,0
1985,3354,0
1995,3339,1
2030,3308,0
2031,3315,0
2031,3324,0
2034,3340,1
2009,3256,0
2010,3255,0
2010,3255,0
2010,3256,0
2010,3251,1
2101,3315,0
2101,3315,0
2101,3324,0
2102,3335,0
2104,3347,0
2109,3359,0
2115,3365,0
2117,3364,0
2121,3363,0
2125,3361,0
2131,3347,0
2135,3329,0
2139,3320,0
2137,3307,0
2139,3298,0
2141,3293,0
2144,3288,1
2210,3303,0
2213,3302,0
2218,3296,0
2226,3293,0
2230,3288,0
2233,3282,0
2233,3278,0
2231,3274,0
2227,3271,0
2217,3275,0
2204,3280,0
2190,3289,0
2180,3301,0
2178,3319,0
2182,3334,0
2191,3344,0
2210,3354,1
2323,3346,0
2324,3349,0
2330,3356,0
2332,3356,0
2330,3352,0
2330,3352,0
2327,3345,0
2323,3333,0
2323,3325,0
2320,3313,0
2320,3304,0
2323,3299,0
2333,3295,0
2345,3290,0
2362,3287,0
2376,3286,0
2385,3287,1
2440,3315,0
2443,3318,0
2457,3325,0
2470,3324,0
2488,3325,0
2500,3319,0
2510,3315,0
2516,3308,0
2514,3299,0
2509,3293,0
2497,3290,0
2481,3293,0
2463,3305,0
2450,3324,0
2442,3340,0
2445,3357,0
2457,3369,0
2478,3378,0
2502,3380,0
2523,3379,0
2548,3377,1
2616,3336,0
2615,3332,0
2616,3332,0
2609,3330,0
2596,3332,0
2584,3338,0
2579,3349,0
2579,3362,0
2585,3373,0
2599,3380,0
2615,3376,0
2632,3368,0
2644,3354,0
2648,3329,0
2646,3303,0
2637,3277,0
2630,3253,1
2610,3182,0
2605,3172,0
2606,3171,0
2607,3175,0
2613,3194,0
2619,3218,0
2630,3253,0
2638,3284,0
2640,3306,0
2646,3326,0
2650,3337,0
2655,3344,0
2658,3346,0
2656,3347,0
2655,3348,0
2651,3340,1
2833,3386,0
2833,3386,0
2837,3384,0
2838,3384,0
2833,3372,1
3221,3157,0
3221,3157,0
3225,3160,0
3228,3167,0
3231,3185,0
3234,3217,0
3236,3249,0
3233,3281,0
3230,3308,0
3230,3331,0
3231,3344,0
3230,3350,0
3233,3354,0
3231,3350,0
3227,3333,0
3229,3313,0
3229,3288,1
3151,3158,0
3136,3153,0
3129,3153,0
3122,3148,0
3121,3149,0
3119,3146,0
3120,3144,0
3131,3142,0
3148,3141,0
3175,3140,0
3212,3144,0
3248,3148,0
3281,3148,0
3312,3151,0
3335,3147,0
3350,3146,0
3351,3145,0
3348,3148,0
3340,3153,0
3329,3158,0
3322,3163,1
3355,3322,0
3346,3323,0
3338,3329,0
3331,3339,0
3327,3356,0
3325,3368,0
3332,3378,0
3341,3380,0
3355,3380,0
3366,3368,0
3376,3356,0
3380,3334,0
3379,3314,0
3376,3307,0
3370,3301,0
3365,3300,0
3363,3302,0
3364,3310,0
3371,3325,0
3384,3336,0
3402,3348,0
3422,3357,0
3437,3356,0
3456,3357,0
3470,3346,1
3493,3177,0
3493,3181,0
3495,3195,0
3497,3220,0
3500,3252,0
3503,3286,0
3510,3316,0
3515,3338,0
3517,3346,0
3522,3352,0
3526,3354,0
3528,3353,0
3530,3341,0
3535,3322,0
3544,3305,0
3550,3290,0
3559,3278,0
3564,3269,0
3575,3265,0
3578,3262,0
3580,3260,1
3548,3306,0
3552,3313,0
3556,3320,0
3570,3329,0
3582,3336,0
3597,3344,0
3605,3348,0
3609,3349,0
3616,3354,1
3652,3290,0
3654,3293,0
3654,3298,0
3658,3311,0
3658,3321,0
3659,3335,0
3658,3346,0
3656,3348,0
3660,3350,1
3623,3220,0
3620,3217,0
3621,3216,0
3621,3216,0
3626,3218,1
3731,3344,0
3729,3346,0
3733,3353,0
3733,3357,0
3737,3364,0
3735,3361,0
3740,3362,0
3737,3358,0
3735,3346,0
3735,3335,0
3735,3324,0
3732,3312,0
3733,3305,0
3734,3298,0
3740,3294,0
3751,3296,0
3763,3296,0
3774,3302,0
3781,3306,0
3790,3320,0
3799,3334,0
3803,3345,0
3807,3352,0
3814,3357,0
3814,3356,1
3904,3311,0
3905,3310,0
3899,3304,0
3892,3300,0
3881,3298,0
3874,3305,0
3864,3314,0
3853,3323,0
3851,3336,0
3853,3345,0
3862,3353,0
3873,3354,0
3882,3345,0
3896,3333,0
3905,3320,0
3910,3305,0
3912,3297,0
3911,3294,0
3909,3295,0
3906,3303,0
3906,3324,0
3912,3351,0
3915,3380,0
3924,3415,0
3931,3446,0
3938,3472,0
3937,3489,0
3933,3502,0
3918,3505,0
3902,3503,0
3882,3493,0
3870,3484,0
3872,3429,1
4140,3308,0
4139,3309,0
4143,3317,0
4147,3329,0
4152,3341,0
4150,3354,0
4155,3366,0
4163,3375,0
4170,3374,0
4182,3373,0
4195,3366,0
4201,3354,0
4204,3347,0
4202,3344,0
4205,3346,0
4208,3349,0
4213,3355,0
4222,3363,0
4236,3366,0
4246,3367,0
4254,3365,0
4258,3361,0
4263,3350,0
4261,3336,0
4249,3320,0
4240,3311,0
4222,3301,0
4217,3300,1
4333,3341,0
4329,3339,0
4333,3347,0
4335,3356,0
4334,3364,0
4336,3373,0
4337,3378,0
4335,3375,0
4338,3372,1
4311,3278,0
4307,3276,0
4308,3276,0
4309,3274,1
4395,3165,0
4393,3167,0
4393,3180,0
4394,3202,0
4394,3231,0
4396,3264,0
4395,3295,0
4400,3324,0
4402,3346,0
4405,3360,0
4409,3367,0
4407,3363,0
4410,3355,1
4365,3233,0
4369,3235,0
4381,3245,0
4396,3252,0
4411,3253,1
4437,3143,0
4434,3151,0
4435,3174,0
4432,3201,0
4439,3235,0
4442,3268,0
4443,3296,0
4447,3321,0
4449,3337,0
4456,3347,0
4456,3346,0
4459,3344,0
4463,3339,0
4463,3327,0
4471,3320,0
4473,3310,0
4483,3305,0
4495,3303,0
4507,3303,0
4521,3311,0
4533,3322,0
4536,3337,0
4543,3370,0
4540,3379,1
4782,3117,0
4784,3126,0
4784,3146,0
4784,3172,0
4783,3205,0
4781,3238,0
4783,3273,0
4785,3302,0
4790,3327,0
4796,3344,0
4804,3354,0
4809,3355,0
4814,3354,0
4814,3342,0
4821,3329,0
4818,3313,0
4818,3300,0
4824,3293,0
4827,3283,0
4835,3279,0
4854,3281,0
4864,3288,0
4876,3298,0
4888,3316,0
4895,3332,0
4894,3346,0
4897,3361,0
4894,3371,0
4898,3379,0
4918,3356,1
4942,3326,0
4947,3325,0
4958,3326,0
4966,3322,0
4975,3317,0
4979,3312,0
4982,3309,0
4976,3303,0
4968,3300,0
4961,3303,0
4946,3308,0
4938,3319,0
4931,3333,0
4928,3349,0
4937,3363,0
4951,3373,0
4967,3378,0
4988,3376,0
5002,3367,0
5027,3329,0
5027,3316,0
5024,3306,0
5021,3298,0
5024,3295,0
5021,3291,0
5026,3291,0
5050,3318,0
5062,3337,0
5067,3356,0
5067,3370,0
5075,3384,0
5088,3394,0
5105,3397,1
5418,3116,0
5417,3117,0
5422,3123,0
5423,3136,0
5426,3160,0
5426,3189,0
5421,3223,0
5421,3259,0
5412,3291,0
5412,3326,0
5417,3353,0
5426,3374,0
5429,3383,0
5429,3383,0
5431,3375,0
5437,3358,0
5432,3339,1
5403,3235,0
5407,3235,0
5424,3240,0
5446,3243,0
5461,3243,1
5503,3139,0
5502,3142,0
5500,3158,0
5499,3182,0
5493,3212,0
5493,3247,0
5490,3279,0
5494,3308,0
5501,3333,0
5505,3347,0
5508,3356,0
5513,3358,0
5515,3354,0
5520,3346,0
5528,3336,0
5530,3326,0
5534,3321,0
5537,3316,0
5547,3317,0
5563,3322,0
5573,3327,0
5598,3361,0
5600,3367,1
5672,3333,0
5670,3329,0
5675,3328,0
5682,3325,0
5694,3322,0
5706,3318,0
5716,3312,0
5720,3305,0
5718,3300,0
5715,3298,0
5706,3298,0
5688,3301,0
5670,3313,0
5651,3327,0
5651,3343,0
5660,3356,0
5676,3368,0
5706,3375,0
5738,3378,0
5762,3378,0
5778,3375,1