mockingly: &quot;No human being
721
422,4907,0
417,4906,0
428,4896,0
431,4888,0
441,4865,0
455,4842,0
470,4812,0
487,4782,0
501,4756,0
514,4738,0
524,4727,0
529,4731,0
532,4740,0
533,4764,0
534,4800,0
529,4845,0
525,4895,0
522,4928,0
523,4948,0
526,4961,0
528,4957,0
530,4953,0
533,4937,0
538,4901,0
548,4862,0
561,4816,0
577,4785,0
590,4758,0
602,4752,0
607,4748,0
615,4760,0
622,4782,0
622,4814,0
619,4854,0
617,4894,0
615,4926,0
617,4942,0
620,4943,0
623,4939,0
629,4927,0
639,4900,0
649,4860,0
666,4822,0
678,4787,0
692,4764,0
697,4760,0
699,4760,0
702,4769,0
703,4785,0
704,4821,0
702,4853,0
706,4881,0
711,4898,0
721,4907,0
731,4907,0
745,4900,0
763,4882,0
791,4856,0
819,4825,0
850,4795,0
878,4768,0
900,4753,0
918,4741,0
928,4742,0
933,4742,0
934,4742,0
933,4746,0
933,4742,0
930,4742,0
927,4742,0
923,4746,0
916,4746,0
909,4761,0
901,4781,0
897,4817,0
897,4857,0
904,4885,0
914,4898,0
926,4906,0
939,4898,0
951,4886,0
960,4867,0
967,4843,0
967,4815,0
965,4795,0
957,4791,0
949,4791,0
945,4790,0
945,4786,0
949,4791,0
962,4782,0
984,4775,0
1014,4760,0
1047,4744,0
1080,4732,0
1109,4729,0
1129,4728,0
1144,4736,0
1151,4736,0
1153,4740,0
1151,4740,0
1146,4736,0
1135,4736,0
1119,4744,0
1102,4757,0
1085,4777,0
1073,4804,0
1066,4836,0
1066,4876,0
1073,4900,0
1088,4912,0
1107,4908,0
1132,4892,0
1158,4864,0
1184,4827,0
1207,4775,0
1230,4722,0
1248,4677,0
1261,4628,0
1269,4596,0
1273,4580,0
1271,4580,0
1272,4584,0
1271,4600,0
1273,4637,0
1273,4685,0
1272,4732,0
1274,4772,0
1276,4809,0
1276,4832,0
1276,4840,0
1277,4845,0
1277,4845,0
1277,4836,0
1278,4828,0
1282,4809,0
1293,4775,0
1308,4743,0
1327,4717,0
1346,4701,0
1361,4695,0
1372,4699,0
1377,4711,0
1378,4731,0
1369,4751,0
1355,4772,0
1339,4785,0
1327,4794,0
1319,4790,0
1315,4782,0
1314,4778,0
1316,4770,0
1317,4766,0
1324,4774,0
1332,4785,0
1341,4801,0
1352,4825,0
1364,4844,0
1380,4851,0
1399,4853,0
1418,4848,0
1438,4835,0
1455,4809,0
1472,4780,0
1487,4751,0
1497,4729,0
1501,4725,0
1501,4725,0
1500,4725,0
1499,4737,0
1496,4761,0
1497,4793,0
1500,4818,0
1510,4837,0
1523,4847,0
1538,4850,0
1556,4845,0
1574,4826,0
1595,4804,0
1614,4773,0
1631,4743,0
1642,4722,0
1652,4713,0
1655,4704,0
1657,4708,0
1657,4712,0
1660,4728,0
1663,4755,0
1664,4784,0
1668,4807,0
1670,4819,0
1676,4826,0
1679,4825,0
1684,4825,0
1689,4809,0
1699,4783,0
1711,4753,0
1724,4723,0
1738,4705,0
1751,4690,0
1761,4681,0
1770,4684,0
1779,4695,0
1785,4714,0
1787,4738,0
1789,4770,0
1791,4790,0
1794,4801,0
1800,4809,0
1806,4808,0
1819,4802,0
1833,4787,0
1853,4764,0
1874,4740,0
1899,4719,0
1928,4705,0
1959,4696,0
1986,4690,0
2010,4685,0
2030,4685,0
2045,4682,0
2046,4682,0
2046,4686,0
2039,4688,0
2019,4692,0
1991,4702,0
1958,4717,0
1931,4738,0
1916,4761,0
1909,4778,0
1915,4789,0
1925,4792,0
1945,4784,0
1965,4768,0
1989,4751,0
2007,4727,0
2017,4712,0
2023,4704,0
2022,4700,0
2021,4703,0
2021,4716,0
2024,4740,0
2029,4775,0
2037,4823,0
2043,4879,0
2050,4934,0
2055,4982,0
2048,5016,0
2043,5030,0
2033,5036,0
2017,5027,0
1990,5003,0
1973,4974,0
1966,4943,0
1970,4901,0
1986,4854,0
2012,4804,0
2046,4755,0
2090,4713,0
2140,4669,0
2186,4630,0
2222,4591,0
2246,4565,0
2256,4558,0
2253,4554,0
2244,4560,0
2227,4582,0
2209,4620,0
2193,4664,0
2187,4702,0
2191,4727,0
2202,4740,0
2226,4747,0
2251,4749,0
2282,4740,0
2313,4719,0
2342,4700,0
2361,4683,0
2368,4667,0
2367,4667,0
2367,4672,0
2365,4681,0
2362,4702,0
2367,4731,0
2374,4745,0
2391,4756,0
2414,4763,0
2438,4755,0
2463,4740,0
2486,4720,0
2510,4696,0
2531,4681,0
2546,4680,0
2552,4687,0
2552,4707,0
2545,4739,0
2533,4794,0
2509,4859,0
2478,4931,0
2449,4997,0
2425,5050,0
2403,5074,0
2388,5085,0
2376,5084,0
2369,5062,1
1537,4537,0
1532,4537,0
1532,4546,0
1532,4565,0
1532,4589,1
2786,4642,0
2784,4642,0
2789,4645,0
2786,4642,0
2788,4642,0
2786,4642,0
2789,4645,0
2788,4646,0
2786,4646,1
2780,4747,0
2781,4746,0
2784,4754,0
2782,4746,0
2781,4751,0
2782,4746,0
2784,4750,0
2784,4746,0
2785,4741,1
2999,4397,0
2999,4406,0
3001,4427,0
3001,4454,0
3000,4485,0
2998,4517,0
2998,4538,0
2999,4550,0
3002,4549,1
3042,4422,0
3042,4421,0
3042,4422,0
3048,4432,0
3053,4447,0
3057,4467,0
3058,4489,0
3061,4510,1
3137,4721,0
3139,4720,0
3147,4717,0
3156,4703,0
3168,4676,0
3185,4642,0
3202,4607,0
3223,4570,0
3238,4527,0
3257,4495,0
3273,4469,0
3286,4449,0
3291,4442,0
3297,4444,0
3298,4456,0
3297,4485,0
3291,4528,0
3284,4589,0
3276,4660,0
3269,4730,0
3263,4790,0
3262,4840,0
3264,4870,0
3264,4874,0
3266,4874,0
3267,4859,0
3275,4825,0
3284,4768,0
3298,4703,0
3312,4634,0
3329,4575,0
3343,4519,0
3357,4480,0
3369,4455,0
3378,4450,0
3385,4456,0
3395,4483,0
3400,4530,0
3397,4590,0
3397,4666,0
3396,4735,0
3397,4788,0
3404,4829,0
3415,4850,0
3428,4862,0
3442,4854,0
3465,4834,0
3491,4794,0
3528,4751,0
3568,4702,0
3609,4666,0
3642,4643,0
3667,4628,0
3681,4620,0
3683,4619,0
3682,4620,0
3672,4625,0
3650,4637,0
3622,4659,0
3591,4690,0
3566,4726,0
3551,4758,0
3546,4792,0
3548,4818,0
3561,4838,0
3578,4833,0
3604,4824,0
3627,4798,0
3650,4766,0
3667,4730,0
3678,4696,0
3684,4669,0
3679,4658,0
3677,4659,0
3672,4663,0
3672,4667,0
3674,4671,0
3687,4682,0
3703,4681,0
3730,4675,0
3767,4658,0
3806,4635,0
3841,4617,0
3870,4599,0
3892,4589,1
3905,4799,0
3911,4799,0
3928,4789,0
3957,4771,0
3996,4737,0
4044,4697,0
4089,4643,0
4133,4593,0
4198,4479,0
4216,4427,0
4225,4390,0
4216,4366,0
4205,4360,0
4190,4371,0
4169,4406,0
4146,4467,0
4122,4548,0
4097,4724,0
4092,4789,0
4090,4834,0
4087,4859,0
4092,4866,0
4094,4864,0
4103,4850,0
4112,4819,0
4126,4772,0
4147,4729,0
4162,4685,0
4198,4635,0
4198,4641,0
4198,4655,0
4199,4722,0
4198,4753,0
4198,4771,0
4207,4785,0
4215,4780,0
4226,4772,0
4245,4750,0
4264,4721,0
4285,4688,0
4305,4663,0
4318,4644,0
4328,4641,0
4328,4652,0
4328,4671,0
4324,4699,0
4322,4729,0
4317,4748,0
4321,4764,0
4332,4772,0
4338,4768,0
4352,4758,0
4368,4741,0
4383,4711,0
4406,4683,0
4422,4661,0
4438,4654,0
4442,4652,0
4447,4658,0
4446,4669,0
4444,4695,0
4442,4727,0
4435,4752,0
4438,4769,0
4442,4776,0
4447,4772,0
4459,4764,0
4495,4718,0
4516,4687,0
4533,4663,0
4550,4656,0
4558,4665,0
4559,4683,0
4555,4711,0
4550,4746,0
4546,4768,0
4550,4782,0
4554,4777,0
4562,4767,0
4572,4743,0
4593,4713,0
4612,4683,0
4622,4666,0
4630,4659,0
4635,4665,0
4635,4670,0
4637,4689,0
4628,4716,0
4625,4743,0
4622,4762,0
4624,4770,0
4631,4770,0
4644,4765,0
4661,4751,0
4681,4731,0
4705,4707,0
4732,4690,0
4753,4683,0
4771,4679,0
4789,4679,0
4807,4676,0
4821,4674,0
4828,4673,0
4830,4671,0
4824,4671,0
4814,4669,0
4801,4674,0
4778,4683,0
4756,4707,0
4741,4729,0
4731,4747,0
4732,4762,0
4739,4767,0
4750,4763,0
4768,4753,0
4785,4734,0
4803,4710,0
4818,4688,0
4825,4671,0
4830,4671,0
4829,4678,0
4825,4691,0
4823,4714,0
4824,4734,0
4829,4746,0
4840,4752,0
4852,4746,0
4874,4729,0
4898,4709,0
4922,4683,0
4941,4657,0
4962,4644,0
4971,4640,0
4973,4644,0
4976,4664,0
4974,4685,0
4968,4707,0
4963,4727,0
4968,4743,0
4971,4746,0
4978,4741,0
4988,4727,0
5005,4701,0
5026,4673,0
5045,4645,0
5064,4639,0
5070,4639,0
5075,4645,0
5076,4660,0
5076,4686,0
5075,4709,0
5083,4729,0
5092,4737,0
5103,4737,0
5122,4731,0
5139,4717,1
5377,4704,0
5392,4690,0
5419,4664,0
5447,4631,0
5476,4592,0
5529,4509,0
5551,4476,0
5565,4449,0
5571,4437,0
5571,4432,0
5571,4437,0
5566,4449,0
5554,4485,0
5539,4545,0
5517,4613,0
5503,4683,0
5505,4726,0
5514,4756,0
5530,4774,0
5551,4776,0
5576,4756,0
5586,4726,0
5595,4700,0
5588,4678,0
5583,4666,0
5573,4659,0
5566,4655,0
5569,4657,0
5574,4658,0
5593,4661,0
5616,4656,0
5649,4649,0
5685,4642,0
5712,4632,0
5728,4620,0
5731,4617,0
5726,4616,0
5720,4617,0
5689,4644,0
5672,4666,0
5663,4694,0
5663,4716,0
5675,4732,0
5699,4743,0
5725,4745,0
5749,4736,0
5774,4723,0
5800,4700,0
5832,4673,0
5864,4616,0
5865,4608,0
5865,4608,0
5863,4611,0
5865,4644,0
5864,4669,0
5865,4691,0
5875,4709,0
5893,4725,0
5903,4721,0
5917,4718,0
5929,4699,0
5946,4675,0
5960,4649,0
5969,4627,0
5981,4613,0
5986,4601,0
5990,4597,0
5996,4603,0
5998,4612,0
6001,4628,0
6001,4650,0
6003,4678,0
6001,4698,0
6001,4710,0
6001,4722,0
6003,4725,0
6005,4724,0
6005,4717,0
6013,4702,0
6021,4676,0
6042,4653,0
6056,4631,0
6073,4613,0
6086,4610,0
6089,4613,0
6094,4619,0
6102,4639,0
6105,4660,0
6112,4683,0
6121,4696,0
6137,4703,0
6162,4705,0
6191,4696,0
6230,4688,0
6261,4671,0
6294,4651,0
6316,4632,0
6328,4618,0
6328,4611,0
6317,4607,0
6292,4611,0
6261,4622,0
6239,4640,0
6230,4659,0
6230,4669,0
6237,4674,0
6257,4675,0
6280,4673,0
6305,4663,0
6329,4654,0
6338,4642,0
6342,4638,0
6336,4638,0
6338,4642,0
6339,4661,0
6336,4688,0
6334,4727,0
6334,4777,0
6329,4829,0
6322,4880,0
6309,4924,0
6289,4957,0
6270,4979,0
6250,4994,0
6232,4996,0
6213,4992,0
6196,4981,0
6174,4958,0
6155,4936,0
6134,4901,1
5843,4480,0
5844,4484,0
5839,4489,0
5842,4505,0
5844,4514,1