that well enough.&quot; Love.
605
993,2371,0
992,2371,0
995,2367,0
1003,2355,0
1020,2336,0
1040,2304,0
1068,2265,0
1104,2221,0
1138,2168,0
1175,2118,0
1209,2072,0
1240,2030,0
1263,2000,0
1274,1982,0
1276,1982,0
1275,1982,0
1271,2011,0
1257,2053,0
1240,2106,0
1218,2164,0
1192,2218,0
1166,2255,0
1150,2284,0
1142,2292,0
1141,2292,0
1140,2288,0
1139,2268,0
1138,2244,0
1136,2224,0
1132,2212,0
1132,2212,0
1131,2212,0
1131,2220,0
1129,2236,0
1131,2268,0
1138,2296,0
1150,2311,0
1171,2315,0
1199,2314,0
1228,2292,0
1261,2257,0
1295,2210,0
1327,2157,0
1355,2106,0
1376,2062,0
1388,2036,0
1390,2026,0
1387,2024,0
1379,2034,0
1363,2059,0
1344,2099,0
1324,2149,0
1303,2196,0
1287,2230,0
1281,2251,0
1280,2256,0
1282,2255,0
1289,2251,0
1300,2229,0
1315,2211,0
1328,2202,0
1336,2200,0
1343,2208,0
1351,2227,0
1356,2250,0
1363,2266,0
1373,2277,0
1389,2282,0
1404,2272,0
1427,2260,0
1451,2231,0
1481,2202,0
1512,2178,0
1541,2169,0
1566,2175,0
1580,2183,0
1592,2193,0
1602,2198,0
1605,2198,0
1604,2198,0
1599,2190,0
1592,2185,0
1578,2176,0
1558,2172,0
1536,2178,0
1512,2195,0
1488,2220,0
1469,2248,0
1459,2271,0
1460,2279,0
1464,2277,0
1476,2271,0
1494,2256,0
1515,2235,0
1535,2207,0
1551,2186,0
1561,2184,0
1564,2188,0
1566,2200,0
1564,2224,0
1565,2253,0
1570,2268,0
1581,2274,0
1597,2270,0
1620,2256,0
1650,2231,0
1684,2193,0
1718,2144,0
1745,2093,0
1769,2059,0
1783,2041,0
1785,2036,0
1787,2036,0
1786,2045,0
1782,2076,0
1769,2114,0
1759,2152,0
1745,2178,0
1737,2198,0
1735,2210,0
1735,2210,0
1732,2207,0
1732,2198,0
1728,2179,0
1722,2164,0
1718,2166,0
1710,2168,0
1699,2180,0
1693,2206,0
1689,2233,0
1695,2256,0
1709,2269,0
1726,2268,0
1754,2263,0
1780,2246,0
1806,2224,0
1833,2202,0
1850,2174,0
1866,2163,0
1877,2163,0
1888,2168,1
2035,2248,0
2036,2243,0
2047,2229,0
2060,2205,0
2081,2173,0
2108,2137,0
2140,2106,0
2161,2080,0
2169,2076,0
2172,2083,0
2170,2104,0
2164,2133,0
2157,2161,0
2153,2176,0
2159,2186,0
2162,2185,0
2169,2181,0
2178,2171,0
2195,2153,0
2215,2128,0
2233,2108,0
2241,2103,0
2244,2106,0
2244,2121,0
2241,2146,0
2237,2171,0
2241,2183,0
2251,2190,0
2259,2190,0
2274,2186,0
2283,2171,0
2294,2150,0
2305,2125,0
2311,2103,0
2312,2093,0
2309,2089,0
2313,2092,0
2310,2094,0
2311,2103,0
2317,2113,0
2333,2121,0
2356,2125,0
2383,2123,0
2415,2116,0
2446,2104,0
2474,2088,0
2494,2074,0
2502,2063,0
2499,2060,0
2493,2059,0
2478,2060,0
2463,2077,0
2444,2099,0
2426,2128,0
2415,2154,0
2412,2176,0
2422,2193,0
2434,2199,0
2456,2199,0
2485,2188,0
2516,2166,0
2550,2136,0
2582,2097,0
2613,2058,0
2639,2020,0
2659,1988,0
2668,1964,0
2666,1949,0
2666,1949,0
2655,1954,0
2642,1976,0
2621,2009,0
2605,2053,0
2591,2096,0
2581,2134,0
2586,2165,0
2604,2186,0
2623,2192,0
2649,2187,0
2682,2171,0
2716,2143,0
2748,2106,0
2778,2064,0
2804,2018,0
2823,1983,0
2830,1961,0
2826,1948,0
2818,1944,0
2803,1947,0
2784,1966,0
2765,2000,0
2748,2048,0
2730,2095,0
2728,2134,0
2738,2162,0
2759,2181,0
2783,2186,0
2812,2183,0
2834,2169,0
2861,2151,0
2879,2128,1
3223,2217,1
3233,2207,0
3246,2198,0
3265,2183,0
3298,2166,0
3327,2145,0
3350,2118,0
3374,2090,0
3395,2065,0
3404,2042,0
3409,2028,0
3403,2017,0
3396,2013,0
3381,2012,0
3370,2026,0
3354,2052,0
3334,2087,0
3318,2130,0
3313,2167,0
3311,2187,0
3315,2194,0
3325,2196,0
3339,2191,0
3364,2175,0
3395,2147,0
3431,2115,0
3466,2092,0
3491,2079,0
3502,2078,0
3510,2089,0
3510,2107,0
3502,2130,0
3500,2152,0
3496,2163,0
3501,2169,0
3506,2169,0
3515,2164,0
3531,2151,0
3554,2130,0
3575,2108,0
3593,2099,0
3606,2101,0
3608,2112,0
3607,2133,0
3602,2159,0
3601,2180,0
3609,2188,0
3623,2190,0
3643,2184,0
3666,2167,0
3698,2147,0
3723,2118,0
3747,2093,0
3761,2079,0
3761,2079,0
3760,2089,0
3750,2108,0
3730,2130,0
3725,2144,0
3728,2147,0
3725,2143,0
3732,2140,0
3737,2125,0
3747,2108,0
3752,2087,0
3749,2070,0
3748,2064,0
3741,2060,0
3732,2058,0
3731,2060,0
3732,2065,0
3739,2077,0
3750,2089,0
3769,2096,0
3797,2099,0
3825,2094,0
3853,2087,0
3882,2082,0
3911,2075,0
3931,2066,0
3949,2061,0
3959,2060,0
3959,2059,0
3959,2059,0
3963,2061,0
3964,2060,0
3959,2059,0
3962,2064,0
3953,2070,0
3941,2080,0
3925,2096,0
3913,2113,0
3907,2130,0
3904,2141,0
3913,2149,0
3926,2152,0
3938,2148,0
3958,2141,0
3976,2127,0
3991,2112,0
4015,2099,0
4033,2086,0
4046,2079,0
4049,2075,0
4053,2077,0
4053,2077,0
4046,2080,0
4038,2092,0
4034,2113,0
4029,2128,0
4034,2134,0
4039,2135,0
4051,2132,0
4068,2120,0
4089,2101,0
4121,2081,0
4148,2061,0
4174,2049,0
4194,2046,0
4204,2046,0
4213,2047,0
4219,2046,0
4220,2043,0
4222,2039,0
4213,2031,0
4203,2025,0
4181,2021,0
4161,2024,0
4136,2035,0
4114,2054,0
4099,2072,0
4094,2087,0
4097,2090,0
4108,2094,0
4119,2093,0
4134,2091,0
4154,2089,0
4163,2090,0
4173,2104,0
4185,2130,0
4191,2165,0
4190,2205,0
4181,2246,0
4176,2289,0
4161,2331,0
4143,2372,0
4121,2408,0
4091,2435,0
4058,2451,0
4028,2458,0
4007,2458,0
3989,2449,0
3981,2440,0
3978,2425,0
3986,2402,0
3998,2372,0
4032,2340,0
4074,2302,0
4124,2259,0
4177,2216,0
4243,2173,0
4304,2127,0
4357,2079,0
4402,2031,0
4444,1988,0
4467,1946,0
4484,1912,0
4489,1886,0
4482,1872,0
4468,1865,0
4456,1870,0
4438,1889,0
4417,1920,0
4391,1959,0
4373,2010,0
4351,2056,0
4334,2093,0
4328,2119,0
4325,2132,0
4324,2133,0
4330,2133,0
4336,2122,0
4354,2099,0
4382,2075,0
4404,2060,0
4424,2057,0
4435,2063,0
4439,2073,0
4446,2093,0
4445,2111,0
4451,2123,0
4461,2130,0
4470,2131,0
4482,2126,0
4498,2114,0
4511,2092,0
4524,2067,0
4537,2051,0
4539,2048,0
4538,2050,0
4536,2055,1
4643,2132,0
4644,2133,0
4647,2133,0
4652,2133,0
4660,2135,0
4661,2134,0
4661,2134,0
4657,2132,0
4662,2133,0
4659,2130,0
4662,2131,0
4665,2125,0
4674,2118,1
4975,1765,0
4977,1768,0
4978,1777,0
4977,1799,0
4969,1829,0
4960,1860,0
4949,1885,0
4939,1899,0
4936,1903,1
5049,1804,0
5050,1803,0
5049,1804,0
5047,1807,0
5047,1820,0
5040,1847,0
5028,1876,0
5014,1899,0
5002,1914,1
5296,1768,0
5299,1771,0
5298,1787,0
5285,1816,0
5272,1862,0
5250,1913,0
5219,1968,0
5188,2018,0
5156,2060,0
5129,2097,0
5108,2123,0
5099,2140,0
5094,2142,0
5093,2144,0
5093,2142,0
5098,2144,0
5098,2142,0
5110,2144,0
5132,2147,0
5163,2146,0
5199,2145,0
5232,2141,0
5269,2137,0
5312,2132,0
5339,2121,0
5373,2111,0
5397,2097,0
5419,2089,0
5434,2083,0
5446,2077,0
5448,2072,0
5453,2071,0
5453,2071,0
5448,2070,0
5453,2072,0
5448,2072,0
5448,2072,0
5448,2072,0
5452,2074,0
5448,2074,0
5453,2073,0
5448,2072,0
5448,2074,0
5446,2075,0
5445,2079,0
5438,2093,0
5440,2111,0
5441,2127,0
5446,2137,0
5455,2145,0
5460,2145,0
5475,2142,0
5489,2129,0
5511,2108,0
5530,2084,0
5541,2060,0
5546,2036,0
5545,2017,0
5534,2003,0
5516,1993,0
5487,1992,0
5460,2002,0
5431,2022,0
5413,2043,0
5401,2061,1
5573,2056,0
5582,2054,0
5598,2048,0
5618,2039,0
5643,2032,0
5670,2028,0
5684,2025,0
5694,2034,0
5687,2051,0
5684,2081,0
5673,2116,0
5669,2145,0
5674,2164,0
5680,2169,0
5690,2168,0
5707,2158,0
5720,2138,0
5740,2112,0
5754,2087,0
5764,2063,0
5768,2042,0
5772,2032,0
5771,2025,0
5771,2024,0
5771,2025,0
5771,2034,0
5776,2046,0
5789,2055,0
5805,2059,0
5822,2058,0
5847,2051,0
5873,2039,0
5896,2024,0
5914,2012,0
5918,2001,0
5916,1995,0
5897,1987,0
5878,1991,0
5861,2005,0
5842,2029,0
5821,2061,0
5808,2094,0
5809,2123,0
5820,2148,0
5836,2160,0
5857,2164,0
5886,2157,0
5918,2141,0
5953,2117,0
5985,2092,0
6007,2069,0
6025,2056,0
6027,2050,1
6063,2155,0
6060,2153,0
6065,2152,0
6069,2152,0
6073,2151,0
6070,2149,0
6074,2150,0
6073,2151,0
6071,2149,0
6071,2149,0
6070,2149,0
6074,2150,0
6071,2148,1