word. Nicholas, Philip ...
629
885,3643,0
886,3639,0
890,3627,0
900,3612,0
916,3585,0
941,3550,0
971,3510,0
999,3479,0
1021,3456,0
1034,3452,0
1041,3456,0
1045,3465,0
1048,3493,0
1048,3524,0
1052,3556,0
1060,3573,0
1068,3576,0
1076,3572,0
1087,3568,0
1098,3549,0
1112,3525,0
1125,3492,0
1139,3468,0
1148,3460,0
1149,3460,0
1149,3464,0
1150,3480,0
1149,3512,0
1151,3539,0
1160,3559,0
1170,3568,0
1179,3568,0
1190,3563,0
1201,3550,0
1213,3526,0
1223,3498,0
1227,3465,0
1226,3449,0
1218,3433,0
1207,3434,0
1198,3435,0
1191,3435,0
1190,3438,0
1192,3443,0
1201,3454,0
1219,3466,0
1243,3473,0
1271,3471,0
1300,3465,0
1332,3459,0
1361,3444,0
1384,3430,0
1397,3425,0
1400,3425,0
1399,3428,0
1396,3429,0
1387,3443,0
1374,3464,0
1362,3497,0
1352,3534,0
1348,3566,0
1349,3586,0
1358,3597,0
1370,3601,0
1385,3600,0
1399,3585,0
1411,3560,0
1418,3532,0
1420,3507,0
1415,3488,0
1405,3477,0
1392,3470,0
1379,3467,0
1370,3472,0
1367,3472,0
1368,3477,0
1375,3484,0
1392,3486,0
1415,3484,0
1441,3473,0
1466,3458,0
1488,3439,0
1501,3421,0
1507,3413,0
1503,3409,0
1496,3406,0
1486,3415,0
1477,3428,0
1476,3441,0
1482,3452,0
1492,3459,0
1504,3465,0
1515,3468,0
1521,3471,0
1524,3479,0
1525,3491,0
1523,3515,0
1520,3544,0
1518,3564,0
1520,3580,0
1526,3579,0
1535,3578,0
1549,3568,0
1570,3549,0
1596,3518,0
1629,3491,0
1660,3462,0
1691,3448,0
1714,3443,0
1732,3444,0
1748,3449,0
1760,3447,0
1768,3449,0
1770,3448,0
1767,3445,0
1762,3442,0
1749,3436,0
1734,3440,0
1717,3452,0
1696,3464,0
1681,3490,0
1667,3518,0
1663,3547,0
1664,3563,0
1672,3577,0
1684,3579,0
1701,3573,0
1720,3552,0
1742,3520,0
1769,3481,0
1790,3436,0
1809,3395,0
1827,3363,0
1836,3331,0
1841,3305,0
1845,3296,0
1844,3292,0
1843,3293,0
1840,3306,0
1833,3336,0
1821,3385,0
1809,3436,0
1807,3478,0
1814,3509,0
1826,3522,0
1846,3535,0
1865,3535,0
1880,3530,0
1892,3515,0
1905,3496,0
1915,3481,0
1923,3474,0
1926,3466,1
2097,3563,0
2097,3563,0
2099,3567,0
2100,3566,0
2100,3566,0
2101,3567,0
2104,3570,0
2103,3571,0
2101,3566,0
2104,3570,0
2107,3573,0
2110,3572,0
2116,3566,1
2495,3400,0
2495,3400,0
2495,3392,0
2501,3385,0
2509,3364,0
2528,3341,0
2551,3309,0
2580,3277,0
2607,3246,0
2635,3223,0
2656,3208,0
2671,3205,0
2682,3214,0
2686,3229,0
2686,3264,0
2675,3310,0
2663,3366,0
2650,3431,0
2632,3492,0
2620,3546,0
2610,3585,0
2606,3596,0
2608,3600,0
2609,3595,0
2615,3571,0
2630,3525,0
2651,3469,0
2676,3417,0
2708,3370,0
2741,3331,0
2768,3303,0
2789,3292,0
2801,3293,0
2808,3304,0
2809,3335,0
2801,3375,0
2789,3427,0
2777,3479,0
2776,3520,0
2779,3545,0
2785,3556,0
2795,3560,0
2807,3554,0
2828,3539,0
2851,3513,0
2877,3485,0
2900,3468,0
2914,3465,0
2919,3467,0
2919,3472,0
2919,3493,0
2915,3519,0
2919,3544,0
2926,3554,0
2944,3562,0
2964,3561,0
2984,3549,0
3001,3535,0
3016,3517,0
3025,3498,0
3027,3484,1
2963,3387,0
2960,3384,0
2961,3382,0
2962,3382,0
2963,3382,0
2962,3382,0
2963,3382,0
2969,3387,0
2975,3388,1
3158,3483,0
3159,3473,0
3157,3460,0
3148,3447,0
3139,3438,0
3121,3431,0
3101,3429,0
3081,3433,0
3059,3440,0
3040,3457,0
3025,3479,0
3015,3504,0
3014,3532,0
3022,3555,0
3039,3573,0
3064,3582,0
3096,3581,0
3132,3570,0
3170,3541,0
3218,3506,0
3262,3460,0
3296,3407,0
3327,3362,0
3343,3316,0
3351,3280,0
3352,3260,0
3339,3245,0
3327,3243,0
3308,3252,0
3289,3281,0
3270,3328,0
3248,3381,0
3233,3431,0
3225,3469,0
3221,3495,0
3225,3512,0
3233,3520,0
3244,3518,0
3257,3506,0
3276,3487,0
3298,3464,0
3317,3446,0
3334,3443,0
3341,3444,0
3346,3455,0
3348,3474,0
3347,3503,0
3345,3523,0
3350,3535,0
3361,3542,0
3374,3538,0
3388,3528,0
3408,3514,0
3428,3491,0
3455,3472,0
3472,3455,0
3483,3452,0
3486,3454,0
3487,3467,0
3482,3486,0
3479,3513,0
3479,3532,0
3486,3547,0
3492,3549,0
3501,3547,0
3512,3539,0
3523,3520,0
3532,3495,0
3537,3471,0
3533,3448,0
3522,3433,0
3510,3426,0
3493,3419,0
3476,3416,0
3469,3421,0
3463,3426,0
3463,3436,0
3468,3447,0
3486,3458,0
3508,3462,0
3544,3460,0
3582,3446,0
3618,3424,0
3657,3399,0
3689,3368,0
3718,3339,0
3730,3308,0
3735,3288,0
3733,3278,0
3726,3274,0
3711,3272,0
3696,3284,0
3682,3310,0
3665,3351,0
3649,3400,0
3638,3455,0
3630,3491,0
3636,3522,0
3652,3540,0
3674,3547,0
3698,3539,0
3728,3521,0
3764,3498,0
3802,3472,0
3839,3446,0
3876,3436,0
3894,3431,0
3904,3433,0
3906,3436,0
3907,3440,0
3906,3441,0
3906,3441,0
3902,3440,0
3894,3431,0
3880,3423,0
3867,3422,0
3846,3425,0
3823,3438,0
3803,3465,0
3783,3493,0
3776,3520,0
3775,3535,0
3790,3544,0
3808,3544,0
3834,3533,0
3860,3511,0
3890,3487,0
3913,3457,0
3932,3436,0
3939,3428,0
3936,3426,0
3935,3426,0
3928,3438,0
3918,3464,0
3912,3495,0
3913,3520,0
3925,3535,0
3945,3546,0
3965,3544,0
3990,3533,0
4020,3513,0
4051,3484,0
4077,3450,0
4092,3425,0
4094,3413,0
4092,3409,0
4083,3407,0
4074,3409,0
4072,3417,0
4075,3426,0
4090,3438,0
4114,3448,0
4143,3461,0
4162,3476,0
4164,3490,0
4161,3509,0
4140,3523,0
4111,3533,0
4085,3539,0
4074,3545,0
4065,3541,0
4065,3541,0
4063,3533,0
4069,3527,0
4075,3522,1
4244,3502,0
4240,3501,0
4239,3501,0
4242,3510,0
4240,3523,0
4235,3549,0
4227,3585,0
4213,3619,0
4203,3655,0
4193,3685,0
4180,3706,0
4177,3725,0
4178,3730,1
4642,3351,0
4644,3348,0
4642,3345,0
4644,3348,0
4644,3354,0
4640,3376,0
4632,3409,0
4623,3449,0
4606,3484,0
4587,3516,0
4568,3542,0
4546,3559,0
4529,3565,0
4517,3566,0
4509,3557,0
4499,3533,0
4494,3497,0
4499,3452,0
4511,3405,0
4534,3356,0
4572,3303,0
4618,3252,0
4673,3212,0
4720,3180,0
4767,3168,0
4799,3165,0
4819,3172,0
4833,3188,0
4832,3207,0
4821,3233,0
4796,3257,0
4760,3276,0
4723,3295,0
4687,3305,0
4661,3312,0
4647,3315,0
4647,3315,1
4655,3462,0
4669,3457,0
4688,3448,0
4714,3433,0
4746,3414,0
4780,3387,0
4816,3358,0
4854,3325,0
4893,3297,0
4917,3268,0
4929,3247,0
4936,3232,0
4932,3225,0
4932,3225,0
4918,3234,0
4899,3259,0
4873,3296,0
4847,3341,0
4821,3389,0
4799,3433,0
4787,3469,0
4782,3494,0
4780,3508,0
4784,3510,0
4789,3504,0
4803,3489,0
4827,3468,0
4854,3442,0
4878,3421,0
4896,3411,0
4911,3414,0
4920,3422,0
4921,3439,0
4921,3463,0
4922,3486,0
4931,3500,0
4941,3507,0
4950,3503,0
4964,3493,0
4980,3474,0
5006,3449,0
5028,3422,0
5051,3408,0
5057,3401,0
5057,3400,0
5055,3402,0
5052,3418,0
5047,3445,0
5043,3474,0
5047,3494,0
5055,3508,0
5067,3514,0
5078,3513,0
5105,3505,0
5132,3486,0
5163,3460,0
5193,3436,0
5216,3405,0
5238,3378,0
5255,3348,0
5269,3324,0
5280,3302,0
5284,3284,0
5284,3264,0
5284,3250,0
5278,3238,0
5274,3230,0
5267,3226,0
5260,3228,0
5245,3235,0
5228,3250,0
5202,3272,0
5177,3306,0
5159,3348,0
5141,3385,0
5140,3418,0
5142,3441,0
5155,3457,0
5168,3467,0
5181,3469,0
5202,3469,0
5219,3460,0
5240,3447,0
5256,3433,0
5262,3425,1
5026,3324,0
5026,3324,0
5022,3322,0
5030,3326,0
5029,3327,1
5269,3421,0
5269,3429,0
5265,3440,0
5265,3455,0
5266,3472,0
5272,3484,0
5278,3495,0
5293,3503,0
5313,3503,0
5335,3494,0
5361,3480,0
5392,3465,0
5422,3445,0
5450,3429,0
5468,3418,0
5475,3417,0
5480,3421,0
5479,3429,0
5480,3450,0
5472,3479,0
5462,3520,0
5443,3563,0
5425,3612,0
5412,3661,0
5399,3708,0
5388,3740,0
5381,3761,0
5373,3764,0
5374,3764,0
5373,3752,0
5377,3723,0
5385,3681,0
5400,3637,0
5415,3587,0
5432,3546,0
5457,3507,0
5487,3467,0
5525,3436,0
5573,3417,0
5622,3409,0
5664,3414,0
5681,3424,0
5685,3440,0
5675,3455,0
5653,3470,0
5625,3481,0
5591,3487,0
5557,3488,0
5531,3488,0
5513,3484,0
5506,3481,0
5506,3480,0
5503,3477,1
5362,3326,0
5362,3326,0
5366,3328,0
5370,3329,0
5370,3329,0
5374,3329,0
5374,3329,0
5373,3330,0
5373,3330,1
5832,3486,0
5833,3486,0
5836,3488,0
5833,3486,0
5839,3491,0
5841,3494,0
5847,3494,0
5852,3486,1
5960,3493,0
5960,3493,0
5962,3497,0
5959,3494,0
5957,3496,0
5957,3498,0
5957,3498,0
5952,3496,0
5957,3498,1
6066,3506,0
6066,3507,0
6070,3509,0
6070,3508,0
6070,3508,0
6067,3505,0
6067,3505,0
6068,3503,0
6070,3502,1