half an hour ago.
428
216,3889,0
213,3894,0
214,3898,0
219,3906,0
224,3928,0
226,3966,0
229,4007,0
231,4053,0
231,4094,0
231,4131,0
232,4160,0
232,4180,0
236,4193,0
238,4193,0
241,4194,0
243,4195,0
245,4179,0
246,4158,0
249,4126,0
256,4099,0
267,4069,0
279,4047,0
291,4037,0
299,4035,0
306,4044,0
312,4058,0
320,4083,0
330,4110,0
340,4136,0
349,4162,0
358,4188,0
369,4202,0
381,4213,0
396,4220,0
413,4210,0
431,4196,0
448,4179,1
478,4143,0
489,4121,0
498,4102,0
502,4082,0
503,4066,0
501,4058,0
497,4057,0
488,4056,0
475,4070,0
463,4088,0
452,4107,0
443,4126,0
438,4154,0
438,4169,0
439,4178,0
444,4179,0
451,4176,0
458,4168,0
465,4157,0
472,4134,0
476,4118,0
480,4092,0
483,4083,0
482,4080,0
482,4083,0
481,4087,0
484,4104,0
491,4129,0
502,4159,0
516,4176,0
533,4188,0
549,4194,0
564,4188,0
578,4169,0
591,4151,0
600,4116,0
611,4073,0
618,4029,0
621,3989,0
622,3953,0
620,3924,0
615,3908,0
611,3907,0
608,3906,0
604,3923,0
601,3947,0
601,3986,0
604,4027,0
605,4068,0
609,4109,0
612,4138,0
617,4158,1
647,4032,0
647,4032,0
649,4036,0
656,4034,0
669,4034,0
689,4033,0
712,4031,0
736,4025,0
759,4020,0
780,4001,0
798,3990,0
813,3971,0
821,3956,0
823,3940,0
818,3919,0
808,3907,0
791,3898,0
770,3895,0
749,3898,0
732,3916,0
720,3940,0
713,3971,0
711,4011,0
713,4051,0
716,4099,0
719,4148,0
723,4193,0
728,4225,0
735,4250,0
740,4263,0
743,4263,0
743,4258,0
743,4254,0
740,4234,0
736,4206,0
732,4174,0
728,4140,0
728,4126,0
729,4121,0
731,4117,0
738,4109,1
1172,4007,0
1172,4003,0
1170,3999,0
1163,3996,0
1152,3995,0
1137,4000,0
1117,4021,0
1093,4040,0
1074,4065,0
1064,4092,0
1059,4112,0
1063,4133,0
1069,4145,0
1079,4145,0
1092,4145,0
1105,4137,0
1122,4116,0
1141,4096,0
1156,4068,0
1169,4044,0
1175,4020,0
1177,4007,0
1177,4003,0
1178,4003,0
1179,4003,0
1182,4011,0
1185,4043,0
1188,4075,0
1196,4107,0
1199,4126,0
1216,4150,0
1228,4154,0
1251,4157,0
1268,4144,0
1286,4127,0
1303,4102,0
1316,4073,0
1326,4045,0
1334,4024,0
1336,4008,0
1336,4004,0
1336,4004,0
1337,4004,0
1336,4007,0
1337,4028,0
1336,4056,0
1336,4080,0
1337,4100,0
1340,4120,0
1345,4128,0
1346,4128,0
1348,4123,0
1351,4119,0
1358,4103,0
1368,4077,0
1383,4053,0
1398,4028,0
1413,4010,0
1423,4005,0
1432,4012,0
1441,4023,0
1451,4043,0
1460,4062,0
1473,4085,0
1483,4096,1
1772,3819,0
1772,3824,0
1768,3829,0
1768,3848,0
1768,3877,0
1770,3913,0
1771,3954,0
1771,3995,0
1770,4039,0
1770,4080,0
1775,4111,0
1781,4131,0
1789,4142,0
1795,4145,0
1799,4140,0
1806,4131,0
1814,4109,0
1826,4082,0
1841,4051,0
1856,4015,0
1872,3987,0
1887,3976,0
1896,3969,0
1903,3972,0
1911,3983,0
1917,4003,0
1924,4029,0
1933,4060,0
1943,4082,0
1956,4104,0
1968,4118,0
1984,4122,0
2004,4122,1
2094,3992,0
2092,3989,0
2082,3983,0
2076,3989,0
2063,3996,0
2053,4015,0
2042,4039,0
2037,4069,0
2038,4093,0
2043,4108,0
2057,4117,0
2074,4117,0
2091,4113,0
2108,4104,0
2122,4089,0
2132,4073,0
2133,4056,0
2128,4036,0
2119,4022,0
2106,4010,0
2091,4001,0
2077,4001,0
2072,4002,0
2071,4003,0
2071,4003,0
2082,4003,0
2099,4007,0
2118,4003,0
2140,3993,0
2163,3981,0
2182,3972,0
2194,3964,0
2198,3967,0
2198,3967,0
2200,3971,0
2203,3986,0
2205,4007,0
2205,4028,0
2206,4044,0
2209,4060,0
2212,4068,0
2217,4070,0
2222,4069,0
2230,4058,0
2243,4041,0
2258,4017,0
2273,3991,0
2284,3966,0
2292,3955,0
2294,3954,0
2294,3955,0
2294,3967,0
2297,3995,0
2303,4024,0
2310,4042,0
2318,4052,0
2328,4057,0
2336,4058,0
2347,4056,0
2359,4043,0
2371,4022,0
2386,4000,0
2397,3975,0
2403,3960,0
2408,3959,0
2407,3955,0
2407,3955,0
2406,3954,0
2410,3966,0
2414,3982,0
2416,3994,0
2415,4007,0
2415,4020,0
2408,4022,0
2408,4027,0
2408,4027,0
2408,4027,0
2406,4022,0
2403,4012,0
2400,3995,0
2403,3977,0
2410,3958,0
2420,3937,0
2434,3924,0
2446,3911,0
2461,3901,0
2480,3899,0
2499,3896,0
2519,3896,1
2866,3908,0
2864,3900,0
2861,3892,0
2854,3882,0
2849,3881,0
2838,3886,0
2819,3891,0
2799,3908,0
2780,3934,0
2760,3962,0
2743,3991,0
2740,4027,0
2740,4048,0
2749,4065,0
2758,4070,0
2770,4074,0
2779,4066,0
2788,4053,0
2800,4036,0
2813,4007,0
2825,3975,0
2842,3950,0
2852,3923,0
2854,3904,0
2854,3905,0
2853,3901,0
2855,3909,0
2854,3927,0
2857,3956,0
2863,3984,0
2871,4003,0
2885,4023,0
2902,4041,0
2917,4047,0
2936,4046,0
2957,4041,0
2977,4027,0
2995,4009,0
3013,3986,0
3025,3963,0
3028,3939,0
3023,3923,0
3013,3915,0
2998,3914,0
2976,3916,0
2954,3931,0
2933,3955,0
2919,3980,0
2916,4003,0
2922,4019,0
2935,4029,0
2953,4034,0
2973,4038,0
2996,4041,0
3020,4046,0
3040,4054,0
3063,4070,0
3081,4087,0
3094,4112,0
3105,4143,0
3109,4176,0
3111,4215,0
3110,4256,0
3107,4293,0
3098,4320,0
3091,4341,0
3083,4354,0
3069,4356,0
3052,4350,0
3032,4338,0
3011,4313,0
2992,4282,0
2978,4244,0
2970,4204,0
2970,4164,0
2973,4127,0
2980,4088,1
3099,3956,0
3104,3954,0
3105,3953,0
3105,3953,0
3102,3954,0
3093,3964,0
3084,3982,0
3073,4002,0
3071,4025,0
3075,4045,0
3083,4060,0
3095,4067,0
3115,4070,0
3129,4063,0
3151,4056,0
3169,4041,0
3179,4017,0
3188,3998,0
3187,3976,0
3181,3957,0
3164,3943,0
3147,3939,0
3124,3938,0
3107,3947,0
3095,3958,1
3240,4038,0
3244,4041,0
3243,4037,0
3245,4040,0
3244,4036,0
3246,4039,0
3246,4039,0
3245,4040,0
3244,4032,1