we shall have to postpone our marriage
982
263,1964,0
264,1969,0
264,1982,0
263,2003,0
263,2025,0
265,2053,0
269,2076,0
272,2099,0
276,2118,0
280,2137,0
284,2147,0
287,2148,0
289,2149,0
291,2146,0
295,2135,0
299,2114,0
303,2090,0
307,2066,0
310,2041,0
312,2020,0
312,2012,0
312,2012,0
313,2012,0
317,2018,0
323,2038,0
332,2059,0
344,2076,0
355,2093,0
365,2101,0
371,2108,0
374,2113,0
374,2113,0
376,2109,0
378,2101,0
382,2082,0
387,2063,0
390,2042,0
393,2026,0
415,2026,0
415,2030,0
393,2018,0
400,2021,0
413,2029,0
430,2039,0
451,2047,0
475,2055,0
498,2053,0
521,2043,0
543,2034,0
564,2023,0
576,2010,0
580,2007,0
577,2001,0
567,1990,0
552,1986,0
536,1990,0
520,1997,0
505,2018,0
494,2040,0
488,2072,0
489,2096,0
497,2112,0
514,2125,0
535,2135,0
562,2134,0
592,2129,0
624,2120,0
653,2106,0
676,2087,1
879,2014,0
885,2007,0
891,1995,0
899,1992,0
903,1981,0
904,1972,0
900,1964,0
889,1959,0
873,1957,0
853,1959,0
834,1964,0
820,1974,0
811,1985,0
809,1997,0
815,2010,0
830,2024,0
850,2039,0
875,2053,0
901,2069,0
921,2082,0
939,2104,0
945,2116,0
945,2133,0
938,2144,0
922,2147,0
905,2154,0
883,2159,0
856,2157,0
828,2153,0
803,2145,0
783,2135,0
769,2116,0
764,2103,1
948,1872,1
960,1909,0
963,1933,0
967,1969,0
969,2001,0
970,2034,0
972,2070,0
975,2102,0
981,2130,0
987,2147,0
994,2155,0
997,2155,0
998,2155,0
1000,2151,0
1000,2131,0
1004,2107,0
1013,2084,0
1023,2056,0
1034,2032,0
1047,2017,0
1058,2005,0
1069,2005,0
1078,2009,0
1088,2021,0
1095,2036,0
1103,2060,0
1113,2084,0
1126,2108,0
1138,2124,0
1146,2132,0
1159,2143,0
1171,2147,0
1185,2138,1
1297,2028,0
1299,2024,0
1298,2012,0
1300,2008,0
1295,2000,0
1283,1993,0
1270,1995,0
1252,2001,0
1233,2014,0
1213,2032,0
1200,2053,0
1191,2077,0
1187,2102,0
1190,2118,0
1194,2121,0
1203,2125,0
1211,2121,0
1224,2108,0
1239,2090,0
1252,2069,0
1261,2044,0
1267,2024,0
1268,2007,0
1264,2000,0
1259,1996,0
1258,1996,0
1257,2004,0
1258,2029,0
1257,2061,0
1256,2089,0
1264,2112,0
1275,2123,0
1288,2125,0
1305,2128,0
1318,2123,0
1330,2109,0
1344,2091,0
1356,2061,0
1360,2024,0
1365,1990,0
1370,1966,0
1369,1937,0
1371,1921,0
1370,1905,0
1368,1893,0
1368,1889,0
1367,1889,0
1368,1893,0
1363,1902,0
1363,1930,0
1360,1964,0
1357,1996,0
1357,2029,0
1360,2060,0
1363,2088,0
1366,2116,0
1368,2135,1
1392,1930,0
1392,1929,0
1389,1926,0
1389,1925,0
1392,1929,0
1389,1930,0
1389,1937,0
1389,1959,0
1387,1983,0
1385,2007,0
1385,2031,0
1386,2052,0
1387,2072,0
1392,2096,0
1394,2120,0
1396,2144,0
1400,2164,1
1722,1863,0
1720,1860,0
1721,1860,0
1720,1860,0
1721,1864,0
1721,1872,0
1726,1896,0
1730,1925,0
1732,1954,0
1734,1987,0
1734,2021,0
1733,2060,0
1734,2097,0
1739,2129,0
1742,2145,0
1746,2152,0
1747,2152,0
1749,2151,0
1752,2149,0
1754,2140,0
1760,2118,0
1773,2087,0
1790,2055,0
1807,2028,0
1822,2009,0
1830,2001,0
1841,2010,0
1846,2020,0
1855,2043,0
1865,2069,0
1874,2091,0
1888,2111,0
1903,2127,0
1915,2130,0
1930,2128,0
1948,2121,0
1964,2100,0
1983,2078,0
2001,2052,0
2012,2024,0
2016,2000,0
2010,1981,0
2000,1973,0
1984,1971,0
1969,1982,0
1950,2005,0
1931,2036,0
1919,2072,0
1914,2101,0
1917,2116,0
1924,2122,0
1935,2123,0
1950,2120,0
1961,2106,0
1973,2087,0
1983,2065,0
1993,2042,0
1996,2019,0
2001,2002,0
2000,1995,0
2002,1997,0
2002,2002,0
2010,2021,0
2015,2045,0
2024,2071,0
2036,2092,0
2042,2107,0
2050,2126,0
2049,2135,1
2046,2007,1
2043,2004,0
2043,2004,0
2042,2004,0
2044,2007,0
2053,2022,0
2063,2038,0
2070,2052,0
2081,2070,0
2092,2087,0
2099,2096,0
2104,2098,0
2106,2097,0
2108,2096,0
2109,2091,0
2116,2079,0
2121,2052,0
2130,2025,0
2140,2000,0
2147,1982,0
2149,1972,0
2149,1971,0
2151,1971,0
2154,1973,0
2159,1976,1
2182,2073,0
2183,2072,0
2186,2071,0
2194,2067,0
2209,2058,0
2224,2043,0
2236,2027,0
2250,2014,0
2256,2000,0
2253,1988,0
2244,1979,0
2236,1980,0
2221,1985,0
2205,1999,0
2191,2022,0
2182,2045,0
2179,2066,0
2188,2084,0
2209,2104,0
2229,2115,0
2258,2122,1
2707,1839,0
2702,1844,0
2704,1859,0
2700,1880,0
2702,1911,0
2710,1947,0
2710,1979,0
2714,2013,0
2714,2046,0
2719,2077,0
2721,2103,0
2729,2123,0
2728,2128,1
2639,1978,0
2637,1975,0
2642,1975,0
2656,1973,0
2678,1971,0
2705,1968,0
2733,1964,0
2759,1961,0
2782,1962,0
2795,1961,0
2802,1959,0
2806,1961,0
2810,1963,0
2808,1970,0
2804,1985,0
2798,2007,0
2794,2033,0
2789,2054,0
2795,2075,0
2805,2088,0
2817,2093,0
2834,2094,0
2847,2087,0
2861,2074,0
2877,2060,0
2882,2043,0
2878,2024,0
2869,2006,0
2856,1990,0
2840,1983,0
2824,1983,0
2808,1993,0
2788,2017,1
3122,2009,0
3118,2007,0
3121,2010,0
3124,2024,0
3123,2048,0
3125,2076,0
3129,2108,0
3129,2142,0
3134,2183,0
3136,2221,0
3141,2256,0
3140,2277,0
3140,2289,1
3078,2008,0
3079,2007,0
3083,2003,0
3092,1995,0
3110,1986,0
3129,1976,0
3159,1973,0
3182,1971,0
3202,1973,0
3219,1982,0
3240,1995,0
3255,2009,0
3262,2025,0
3266,2044,0
3257,2061,0
3246,2079,0
3227,2096,0
3208,2111,0
3192,2122,0
3176,2127,0
3165,2127,1
3368,1952,1
3338,1971,0
3322,1989,0
3308,2013,0
3298,2037,0
3298,2056,0
3308,2070,0
3320,2074,0
3344,2077,0
3366,2069,0
3382,2055,0
3397,2043,0
3402,2026,0
3401,2007,0
3399,1990,0
3392,1973,0
3381,1960,0
3371,1954,0
3358,1952,0
3344,1956,0
3332,1966,1
3559,1937,0
3555,1935,0
3544,1930,0
3539,1930,0
3529,1930,1
3480,1956,0
3477,1967,0
3483,1980,0
3492,1993,0
3506,2007,0
3520,2023,0
3534,2038,0
3547,2053,0
3558,2066,0
3561,2075,0
3560,2082,0
3556,2087,0
3551,2094,0
3537,2100,0
3510,2101,0
3487,2104,0
3461,2105,0
3442,2103,0
3429,2099,0
3420,2091,1
3615,1855,0
3617,1853,0
3621,1853,0
3624,1855,0
3626,1867,0
3634,1891,0
3635,1918,0
3629,1949,0
3630,1981,0
3629,2011,0
3632,2040,0
3641,2068,0
3646,2088,1
3604,2017,0
3605,2016,0
3618,2019,0
3628,2019,0
3646,2020,0
3666,2020,0
3683,2017,0
3695,2014,0
3701,2012,0
3705,2014,0
3711,2019,0
3725,2035,0
3737,2058,0
3751,2088,0
3756,2114,0
3759,2143,0
3763,2172,0
3764,2198,0
3764,2217,0
3762,2232,0
3762,2239,1
3756,2227,0
3759,2211,0
3754,2184,0
3754,2157,0
3749,2130,0
3744,2103,0
3742,2080,0
3740,2060,0
3743,2043,0
3744,2028,0
3753,2015,0
3761,2003,0
3776,1995,0
3797,1993,0
3817,1993,0
3836,1998,0
3858,2011,0
3867,2024,0
3868,2037,0
3866,2055,0
3859,2073,0
3847,2089,0
3824,2103,0
3805,2114,0
3795,2122,0
3790,2122,0
3787,2113,0
3793,2099,1
3980,1976,0
3976,1974,0
3970,1969,0
3965,1968,0
3954,1973,0
3940,1987,0
3921,2008,0
3909,2034,0
3904,2057,0
3906,2074,0
3927,2087,0
3940,2089,0
3960,2087,0
3979,2080,0
3992,2067,0
4003,2053,0
4009,2035,0
4007,2014,0
4001,1993,0
3989,1976,0
3976,1966,0
3969,1964,0
3964,1963,0
3964,1964,0
3971,1967,0
3981,1973,0
3994,1976,0
4012,1977,0
4029,1972,0
4048,1965,0
4066,1956,0
4079,1951,0
4084,1952,0
4084,1952,0
4089,1957,0
4090,1971,0
4097,1993,0
4094,2012,0
4091,2032,0
4090,2048,0
4090,2063,0
4092,2067,0
4096,2070,0
4092,2067,0
4095,2063,0
4099,2049,0
4106,2029,0
4114,2009,0
4126,1988,0
4140,1973,0
4146,1963,0
4157,1962,0
4164,1965,0
4169,1971,0
4180,1984,0
4193,2002,0
4196,2020,0
4208,2039,0
4213,2054,0
4217,2063,0
4225,2067,0
4224,2067,0
4232,2069,0
4241,2070,0
4242,2067,0
4247,2068,0
4247,2068,0
4250,2070,0
4251,2069,0
4246,2069,0
4246,2069,0
4250,2071,0
4249,2072,0
4249,2072,0
4253,2074,0
4249,2072,0
4250,2071,0
4250,2071,0
4254,2071,0
4255,2070,0
4257,2067,0
4260,2063,0
4268,2056,0
4273,2048,0
4280,2036,0
4282,2024,0
4281,2010,0
4287,1998,0
4290,1986,0
4292,1973,0
4289,1963,0
4292,1959,0
4285,1954,0
4283,1950,0
4280,1948,0
4275,1947,0
4265,1949,0
4261,1957,0
4254,1970,0
4249,1986,0
4246,2005,0
4247,2027,0
4254,2047,0
4269,2062,0
4285,2074,0
4300,2080,0
4316,2084,0
4333,2087,0
4349,2084,1
4727,1937,0
4727,1935,0
4723,1926,0
4714,1916,0
4702,1913,0
4693,1915,0
4676,1924,0
4655,1937,0
4638,1961,0
4625,1988,0
4620,2014,0
4621,2039,0
4632,2054,0
4642,2060,0
4659,2062,0
4671,2058,0
4680,2047,0
4692,2034,0
4698,2012,0
4701,1989,0
4699,1967,0
4691,1947,0
4684,1934,0
4666,1924,0
4652,1925,0
4642,1928,0
4636,1931,0
4642,1937,0
4659,1948,0
4678,1956,0
4695,1955,0
4719,1952,0
4741,1943,0
4759,1935,0
4777,1925,0
4789,1918,0
4788,1911,0
4788,1911,0
4792,1913,0
4793,1920,0
4796,1941,0
4799,1961,0
4802,1983,0
4807,2000,0
4815,2012,0
4817,2016,0
4818,2015,0
4827,2014,0
4835,2006,0
4843,1990,0
4857,1970,0
4869,1956,0
4879,1942,0
4883,1943,0
4882,1945,0
4884,1959,0
4896,1981,0
4903,2005,0
4910,2018,0
4923,2027,0
4936,2027,0
4951,2023,0
4968,2017,0
4983,2002,0
4999,1988,0
5004,1967,0
5012,1951,0
5012,1941,0
5012,1940,0
5012,1940,0
5018,1947,0
5023,1964,0
5026,1986,0
5028,2002,0
5031,2014,0
5032,2023,0
5030,2025,0
5031,2026,0
5026,2024,0
5027,2022,0
5024,2010,0
5020,1990,0
5020,1971,0
5019,1954,0
5029,1942,0
5038,1930,0
5056,1921,0
5077,1911,0
5098,1903,1
5364,1870,0
5366,1865,0
5362,1861,0
5363,1860,0
5362,1862,0
5361,1876,0
5361,1898,0
5356,1919,0
5357,1938,0
5354,1957,0
5355,1976,0
5353,1990,0
5349,1998,0
5345,1998,0
5345,1998,0
5343,1992,0
5342,1976,0
5335,1951,0
5335,1927,0
5330,1901,0
5335,1875,0
5344,1852,0
5355,1836,0
5359,1826,0
5364,1824,0
5368,1826,0
5374,1832,0
5382,1845,0
5390,1865,0
5404,1887,0
5409,1908,0
5407,1923,0
5406,1936,0
5405,1940,0
5407,1942,0
5409,1940,0
5414,1938,0
5415,1923,0
5427,1903,0
5440,1884,0
5456,1863,0
5472,1846,0
5484,1836,0
5502,1833,0
5514,1835,0
5524,1842,0
5532,1857,0
5538,1874,0
5545,1899,0
5546,1919,0
5554,1943,0
5560,1960,0
5566,1975,1
5757,1893,0
5754,1889,0
5757,1882,0
5756,1873,0
5754,1866,0
5752,1860,0
5746,1855,0
5735,1850,0
5723,1848,0
5709,1851,0
5692,1860,0
5674,1877,0
5656,1899,0
5645,1929,0
5639,1956,0
5635,1977,0
5640,1986,0
5658,1995,0
5675,1996,0
5694,1990,0
5708,1978,0
5717,1966,0
5723,1949,0
5722,1930,0
5726,1908,0
5728,1889,0
5730,1872,0
5733,1867,0
5733,1867,0
5731,1870,0
5731,1882,0
5735,1907,0
5734,1933,0
5746,1956,0
5757,1972,0
5776,1979,0
5793,1980,0
5812,1976,0
5832,1965,0
5851,1950,0
5870,1932,0
5887,1912,0
5890,1890,0
5893,1872,0
5888,1860,0
5890,1855,0
5889,1857,0
5889,1859,0
5890,1877,0
5899,1901,0
5904,1925,0
5912,1946,0
5923,1964,0
5931,1978,0
5932,1984,0
5928,1984,0
5933,1983,0
5933,1983,0
5925,1970,0
5923,1952,0
5922,1932,0
5921,1912,0
5931,1896,0
5935,1884,0
5941,1879,0
5951,1874,0
5956,1871,0
5969,1869,0
5984,1866,0
6001,1864,0
6022,1862,0
6035,1864,0
6047,1865,0
6054,1869,0
6054,1870,0
6059,1878,0
6068,1891,0
6071,1908,0
6077,1925,0
6085,1940,0
6090,1949,0
6093,1952,0
6093,1953,0
6094,1951,0
6094,1951,0
6096,1943,0
6085,1929,0
6083,1909,0
6072,1892,0
6065,1875,0
6064,1865,0
6066,1860,0
6071,1856,0
6077,1850,0
6080,1843,0
6090,1837,0
6105,1831,0
6123,1827,0
6129,1822,0
6137,1823,0
6141,1823,0
6148,1827,0
6159,1833,0
6164,1844,0
6176,1857,0
6184,1874,0
6187,1887,0
6191,1902,0
6198,1917,0
6207,1930,0
6208,1937,0
6215,1943,0
6215,1943,1
6171,1703,0
6168,1697,0
6169,1694,0
6169,1693,0
6176,1701,0
6181,1713,0
6179,1731,0
6178,1746,0
6190,1763,1
6382,1872,0
6390,1871,0
6395,1859,0
6402,1849,0
6405,1841,0
6399,1833,0
6389,1824,0
6372,1822,0
6359,1824,0
6343,1838,0
6324,1858,0
6307,1882,0
6297,1902,0
6295,1918,0
6302,1925,0
6312,1930,0
6329,1929,0
6341,1922,0
6361,1910,0
6374,1896,0
6384,1880,0
6388,1865,0
6392,1853,0
6388,1853,0
6388,1853,0
6389,1862,0
6388,1879,0
6391,1899,0
6398,1914,0
6411,1925,0
6427,1929,0
6440,1927,0
6463,1923,0
6487,1913,0
6508,1899,0
6523,1878,0
6533,1858,0
6534,1840,0
6526,1827,0
6507,1820,0
6490,1820,0
6472,1827,0
6459,1840,0
6451,1853,0
6452,1865,0
6459,1878,0
6473,1890,0
6494,1903,0
6510,1918,0
6534,1935,0
6552,1958,0
6565,1981,0
6573,2007,0
6584,2036,0
6591,2066,0
6598,2096,0
6594,2120,0
6592,2137,0
6585,2144,0
6572,2142,0
6558,2135,0
6547,2120,0
6531,2095,0
6519,2067,0
6512,2039,0
6505,2011,0
6509,1987,0
6521,1964,0
6531,1943,0
6551,1923,0
6572,1905,0
6592,1884,0
6615,1864,0
6638,1847,0
6658,1832,0
6674,1820,0
6689,1812,0
6700,1804,0
6697,1799,0
6691,1792,0
6682,1792,0
6669,1794,0
6654,1803,0
6647,1815,0
6647,1829,0
6650,1848,0
6649,1864,0
6657,1879,0
6672,1894,0
6687,1903,0
6705,1913,0
6719,1920,0
6743,1925,0
6759,1926,0
6771,1928,0
6775,1928,0
6768,1926,1