man, discussing seafaring matters
784
1303,4571,0
1303,4563,0
1305,4550,0
1307,4534,0
1311,4522,0
1312,4514,0
1312,4510,0
1313,4506,0
1310,4502,0
1309,4510,0
1307,4526,0
1303,4555,0
1298,4591,0
1298,4627,0
1308,4651,0
1321,4658,0
1339,4661,0
1363,4652,0
1386,4638,0
1406,4612,0
1423,4587,0
1429,4558,0
1428,4535,0
1421,4515,0
1414,4512,0
1406,4508,0
1401,4512,0
1395,4533,0
1392,4562,0
1393,4593,0
1403,4613,0
1416,4624,0
1431,4627,0
1448,4621,0
1462,4608,0
1474,4591,0
1483,4570,0
1488,4553,0
1487,4541,0
1487,4546,0
1488,4549,0
1493,4569,0
1500,4592,0
1513,4620,0
1530,4630,1
1634,4589,0
1638,4586,0
1643,4581,0
1642,4565,0
1640,4557,0
1634,4546,0
1621,4535,0
1604,4529,0
1583,4527,0
1563,4542,0
1540,4556,0
1526,4586,0
1518,4615,0
1522,4631,0
1534,4633,0
1555,4628,0
1583,4616,0
1611,4597,0
1633,4578,0
1643,4556,0
1647,4544,0
1642,4536,0
1637,4537,0
1632,4538,0
1628,4546,0
1623,4563,0
1623,4583,0
1631,4603,0
1644,4620,0
1660,4623,0
1676,4617,0
1689,4611,0
1698,4601,0
1701,4589,0
1699,4577,0
1693,4566,0
1688,4562,0
1689,4566,0
1689,4570,0
1689,4582,0
1696,4601,0
1707,4617,0
1726,4622,0
1749,4614,0
1775,4602,0
1798,4587,0
1814,4572,0
1822,4558,0
1824,4562,0
1821,4562,0
1827,4582,0
1830,4606,0
1843,4620,1
1973,4599,0
1975,4599,0
1977,4599,0
1980,4606,0
1982,4626,0
1982,4654,0
1981,4688,0
1980,4716,0
1976,4737,1
2285,4632,0
2287,4636,0
2287,4628,0
2289,4623,0
2293,4613,0
2296,4601,0
2296,4588,0
2293,4572,0
2287,4558,0
2275,4548,0
2260,4540,0
2239,4533,0
2215,4535,0
2190,4553,0
2171,4567,0
2157,4591,0
2153,4612,0
2159,4632,0
2169,4637,0
2188,4641,0
2210,4636,0
2230,4618,0
2251,4596,0
2268,4570,0
2278,4539,0
2285,4512,0
2285,4488,0
2280,4472,0
2277,4468,0
2278,4473,0
2277,4485,0
2271,4512,0
2270,4553,0
2270,4591,0
2276,4611,0
2292,4623,0
2309,4621,0
2328,4616,0
2344,4603,0
2357,4579,0
2370,4563,0
2374,4553,0
2372,4554,0
2374,4562,0
2377,4586,0
2380,4614,0
2385,4642,0
2391,4648,0
2405,4649,1
2409,4451,0
2410,4451,0
2415,4453,1
2568,4542,0
2570,4546,0
2568,4542,0
2564,4539,0
2561,4541,0
2553,4534,0
2548,4532,0
2544,4533,0
2535,4533,0
2523,4536,0
2508,4546,0
2492,4555,0
2478,4563,0
2473,4569,0
2475,4577,0
2480,4575,0
2515,4581,0
2538,4586,0
2559,4592,0
2574,4599,0
2579,4601,0
2581,4613,0
2577,4628,0
2562,4637,0
2543,4647,0
2526,4654,0
2514,4653,0
2509,4650,0
2508,4646,0
2520,4634,0
2540,4628,1
2701,4559,0
2700,4559,0
2695,4556,0
2691,4558,0
2682,4553,0
2674,4556,0
2666,4559,0
2657,4562,0
2649,4569,0
2640,4584,0
2634,4603,0
2630,4623,0
2637,4641,0
2650,4649,0
2668,4642,0
2700,4640,0
2727,4626,0
2750,4608,0
2773,4600,0
2780,4584,0
2783,4579,0
2778,4572,0
2777,4572,0
2774,4570,0
2776,4577,0
2777,4589,0
2785,4603,0
2796,4612,0
2815,4618,0
2835,4614,0
2855,4607,0
2869,4601,0
2879,4597,0
2882,4591,0
2885,4589,0
2878,4579,0
2880,4584,0
2876,4581,0
2880,4592,0
2886,4603,0
2900,4619,0
2919,4628,0
2938,4624,0
2961,4614,0
2984,4614,1
3097,4590,0
3101,4593,0
3102,4592,0
3099,4589,0
3091,4584,0
3077,4582,0
3062,4588,0
3042,4589,0
3022,4597,0
3006,4609,0
2992,4615,0
2984,4618,0
2981,4620,0
2989,4625,0
3003,4628,0
3029,4634,0
3052,4632,0
3077,4630,0
3097,4634,0
3109,4642,0
3109,4646,0
3099,4650,0
3073,4662,0
3043,4675,0
3011,4676,0
2995,4683,0
2984,4674,0
2993,4680,0
3004,4670,1
3216,4587,0
3214,4584,0
3213,4584,0
3203,4584,0
3185,4584,0
3165,4589,0
3144,4591,0
3132,4596,0
3130,4596,0
3132,4600,0
3144,4603,0
3164,4608,0
3187,4614,0
3214,4619,0
3235,4628,0
3247,4634,0
3248,4642,0
3237,4648,0
3216,4662,0
3193,4673,0
3175,4677,0
3165,4677,0
3160,4667,0
3164,4660,0
3175,4642,1
3240,4607,0
3257,4607,0
3264,4608,0
3262,4605,0
3263,4609,0
3262,4609,0
3262,4613,0
3259,4620,0
3259,4632,0
3263,4644,0
3268,4651,0
3276,4647,0
3293,4647,0
3312,4638,0
3332,4632,0
3346,4625,0
3356,4616,0
3356,4602,0
3354,4599,0
3356,4606,0
3356,4607,0
3355,4612,0
3356,4629,0
3355,4635,0
3361,4644,0
3375,4652,0
3392,4647,0
3421,4645,0
3442,4634,0
3462,4623,0
3478,4611,0
3489,4605,0
3486,4597,0
3486,4601,0
3486,4616,0
3489,4632,0
3489,4640,0
3493,4643,0
3503,4629,0
3515,4613,1
3320,4477,0
3319,4473,0
3320,4472,0
3321,4472,0
3324,4479,1
3561,4624,0
3569,4624,0
3585,4625,0
3604,4623,0
3626,4620,0
3653,4618,0
3666,4611,0
3672,4608,0
3671,4603,0
3660,4591,0
3643,4582,0
3612,4572,0
3590,4571,0
3575,4574,0
3563,4586,0
3557,4599,0
3560,4611,0
3573,4622,0
3581,4622,0
3606,4631,0
3618,4629,0
3625,4625,0
3626,4624,0
3621,4618,0
3620,4618,0
3620,4618,0
3628,4637,0
3634,4661,0
3641,4693,0
3650,4726,0
3659,4762,0
3660,4789,0
3650,4818,0
3633,4836,0
3618,4844,0
3609,4840,0
3594,4811,0
3597,4782,0
3604,4733,0
3619,4678,0
3631,4626,1
4056,4661,0
4059,4653,0
4063,4646,0
4065,4644,0
4067,4644,0
4058,4640,0
4044,4630,0
4025,4628,0
4003,4633,0
3974,4637,0
3947,4645,0
3932,4654,0
3923,4661,0
3921,4666,0
3924,4673,0
3942,4686,0
3969,4698,0
4000,4707,0
4029,4715,0
4056,4727,0
4071,4736,0
4077,4747,0
4063,4751,0
4039,4767,0
3998,4773,0
3971,4786,0
3951,4789,0
3940,4786,0
3939,4773,1
4130,4721,0
4139,4720,0
4145,4715,0
4155,4705,0
4168,4695,0
4179,4683,0
4193,4673,0
4199,4654,0
4201,4648,0
4197,4647,0
4189,4647,0
4170,4651,0
4147,4657,0
4131,4668,0
4120,4680,0
4116,4692,0
4123,4706,0
4133,4714,0
4150,4722,0
4167,4725,0
4202,4731,0
4226,4724,0
4263,4722,0
4290,4704,0
4319,4693,0
4339,4683,0
4341,4676,0
4342,4676,0
4332,4673,0
4318,4674,0
4293,4676,0
4279,4692,0
4266,4701,0
4264,4717,0
4270,4727,0
4279,4736,0
4300,4740,0
4320,4731,0
4352,4733,0
4368,4722,0
4381,4722,0
4384,4724,0
4384,4729,0
4379,4747,0
4374,4766,1
4540,4678,0
4546,4664,0
4553,4648,0
4556,4630,0
4564,4609,0
4565,4588,0
4559,4567,0
4553,4556,0
4544,4548,0
4535,4550,0
4517,4555,0
4502,4570,0
4489,4591,0
4483,4616,0
4478,4645,0
4482,4677,0
4488,4712,0
4499,4749,0
4504,4785,0
4507,4818,0
4513,4848,0
4512,4869,0
4512,4889,0
4511,4894,0
4512,4893,0
4509,4890,0
4511,4874,0
4517,4850,0
4514,4823,1
4470,4761,0
4459,4753,0
4456,4751,0
4455,4746,0
4457,4746,0
4465,4739,0
4489,4736,0
4519,4729,0
4548,4727,0
4571,4725,0
4578,4725,0
4577,4724,0
4577,4725,0
4573,4723,0
4572,4724,0
4572,4724,0
4573,4723,0
4577,4725,0
4574,4722,0
4579,4724,1
4705,4721,0
4709,4719,0
4714,4714,0
4712,4702,0
4705,4685,0
4696,4678,0
4683,4673,0
4668,4669,0
4660,4676,0
4649,4690,0
4645,4707,0
4649,4725,0
4663,4739,0
4682,4746,0
4696,4739,0
4718,4736,0
4732,4731,0
4736,4717,0
4739,4716,0
4730,4707,0
4727,4705,0
4727,4709,0
4727,4709,0
4743,4723,0
4758,4736,0
4780,4749,0
4804,4761,0
4828,4772,0
4839,4778,0
4839,4778,0
4838,4779,0
4837,4780,0
4829,4765,0
4826,4753,0
4822,4730,0
4823,4713,0
4828,4710,0
4829,4703,0
4833,4695,0
4853,4689,0
4879,4683,1
4956,4718,0
4955,4707,0
4958,4700,0
4961,4702,0
4960,4704,0
4956,4702,0
4956,4712,0
4962,4727,0
4967,4734,0
4980,4744,0
4997,4746,0
5016,4745,0
5033,4746,0
5046,4735,0
5059,4729,0
5060,4717,0
5061,4712,0
5062,4714,0
5058,4713,0
5060,4717,0
5064,4729,0
5070,4741,0
5084,4749,0
5112,4751,0
5149,4746,0
5183,4731,0
5208,4719,0
5225,4709,0
5230,4705,0
5226,4703,0
5226,4707,0
5219,4720,0
5224,4737,1
5017,4600,0
5012,4594,0
5015,4596,0
5013,4593,0
5015,4596,1
5295,4738,0
5303,4741,0
5308,4741,0
5319,4742,0
5327,4739,0
5345,4729,0
5364,4717,0
5380,4707,0
5392,4696,0
5391,4691,0
5386,4685,0
5374,4680,0
5347,4678,0
5318,4683,0
5297,4692,0
5281,4701,0
5279,4709,0
5285,4719,0
5294,4722,0
5312,4722,0
5332,4719,0
5349,4715,0
5353,4717,0
5352,4717,0
5349,4719,0
5346,4734,0
5346,4756,0
5348,4787,0
5353,4814,0
5360,4841,0
5366,4862,0
5366,4883,0
5362,4898,0
5350,4909,0
5332,4909,0
5313,4905,0
5296,4888,1
5646,4761,0
5648,4748,0
5648,4736,0
5653,4726,0
5654,4714,0
5656,4706,0
5658,4705,0
5656,4706,0
5656,4712,0
5654,4725,0
5643,4753,0
5641,4783,0
5643,4799,0
5650,4813,0
5663,4818,0
5680,4813,0
5700,4798,0
5715,4783,0
5731,4761,0
5737,4737,0
5742,4727,0
5738,4719,0
5737,4720,0
5734,4717,0
5734,4723,0
5739,4741,0
5747,4755,0
5760,4765,0
5771,4771,0
5784,4769,0
5790,4763,0
5794,4759,0
5794,4753,0
5797,4739,0
5801,4729,0
5800,4719,0
5798,4721,0
5798,4727,0
5800,4748,0
5796,4774,0
5805,4799,0
5816,4822,0
5841,4830,0
5872,4828,0
5906,4823,1
6009,4772,0
6011,4757,0
6013,4744,0
6013,4733,0
5995,4722,0
5972,4717,0
5944,4724,0
5910,4742,0
5879,4769,0
5862,4787,0
5863,4803,0
5877,4812,0
5898,4813,0
5929,4809,0
5958,4796,0
5985,4786,0
6002,4773,0
6001,4768,0
6001,4768,0
5997,4767,0
6001,4769,0
5994,4781,0
6002,4797,0
6014,4813,0
6034,4825,1
6114,4625,0
6110,4618,0
6110,4618,0
6107,4621,0
6102,4640,0
6097,4670,0
6090,4700,0
6088,4734,0
6087,4765,0
6086,4788,0
6091,4813,0
6092,4823,0
6097,4824,1
6147,4662,0
6147,4655,0
6148,4654,0
6150,4658,0
6141,4673,0
6135,4700,0
6128,4730,0
6118,4759,0
6119,4782,0
6121,4804,0
6123,4813,0
6126,4816,0
6128,4809,1
6075,4730,0
6074,4731,0
6075,4730,0
6077,4734,0
6091,4735,0
6110,4739,0
6131,4739,0
6150,4742,1
6210,4759,0
6216,4758,0
6218,4749,0
6233,4739,0
6249,4732,0
6269,4717,0
6273,4700,0
6277,4689,0
6275,4685,0
6260,4678,0
6235,4683,0
6208,4694,0
6191,4709,0
6177,4724,0
6177,4742,0
6186,4755,0
6206,4770,0
6228,4775,0
6259,4782,0
6286,4787,0
6305,4792,0
6319,4793,0
6324,4793,0
6324,4794,0
6315,4791,0
6317,4784,0
6312,4777,0
6303,4762,0
6295,4755,0
6300,4748,0
6297,4745,0
6299,4743,0
6303,4738,0
6317,4735,0
6339,4733,0
6360,4728,0
6384,4724,1
6497,4715,0
6505,4712,0
6509,4707,0
6511,4704,0
6515,4705,0
6517,4703,0
6517,4698,0
6514,4695,0
6501,4691,0
6483,4688,0
6460,4690,0
6437,4693,0
6418,4697,0
6410,4700,0
6406,4704,0
6408,4707,0
6423,4710,0
6446,4719,0
6475,4729,0
6502,4740,0
6523,4753,0
6531,4762,0
6529,4771,0
6512,4778,0
6484,4786,0
6453,4786,0
6425,4787,0
6406,4785,0
6401,4784,1