by your , #.
295
690,6448,0
690,6452,0
690,6456,0
690,6461,0
691,6484,0
692,6512,0
696,6548,0
701,6589,0
708,6626,0
711,6666,0
716,6698,0
719,6722,0
722,6743,0
722,6754,0
722,6754,0
718,6750,0
710,6734,0
705,6713,0
704,6689,0
705,6669,0
711,6646,0
721,6626,0
739,6607,0
761,6592,0
791,6586,0
816,6587,0
842,6596,0
859,6616,0
867,6636,0
866,6664,0
853,6693,0
828,6723,0
796,6754,0
767,6777,0
745,6783,0
729,6791,0
719,6787,1
910,6586,0
910,6586,0
914,6590,0
917,6599,0
920,6614,0
919,6642,0
921,6670,0
924,6694,0
928,6706,0
931,6715,0
939,6718,0
948,6715,0
960,6703,0
975,6688,0
989,6664,0
1002,6644,0
1017,6632,0
1022,6624,0
1035,6628,0
1047,6632,0
1061,6644,0
1077,6668,0
1091,6700,0
1101,6736,0
1113,6772,0
1121,6812,0
1123,6848,0
1121,6880,0
1112,6908,0
1100,6928,0
1082,6940,0
1059,6939,0
1030,6939,0
1000,6932,0
970,6923,0
942,6906,0
921,6895,1
1340,6507,0
1341,6510,0
1340,6511,0
1343,6522,0
1345,6543,0
1352,6567,0
1363,6590,0
1376,6605,0
1392,6616,0
1404,6616,0
1418,6615,0
1435,6611,0
1451,6594,0
1465,6577,0
1478,6560,0
1491,6543,0
1500,6526,0
1510,6517,0
1518,6517,0
1526,6524,0
1533,6536,0
1541,6560,0
1550,6591,0
1562,6634,0
1569,6674,0
1577,6721,0
1581,6769,0
1580,6805,0
1580,6841,0
1573,6866,0
1562,6879,0
1550,6884,0
1534,6881,1
1651,6527,0
1650,6522,0
1648,6527,0
1645,6527,0
1638,6527,0
1623,6541,0
1607,6558,0
1592,6580,0
1583,6609,0
1586,6633,0
1597,6647,0
1616,6654,0
1638,6656,0
1658,6642,0
1677,6633,0
1686,6611,0
1696,6591,0
1691,6567,0
1684,6548,0
1673,6524,0
1664,6513,0
1657,6502,0
1652,6494,0
1659,6489,0
1677,6488,0
1694,6486,0
1716,6493,0
1738,6498,0
1759,6512,0
1774,6522,0
1784,6541,0
1791,6565,0
1794,6589,0
1797,6616,0
1797,6641,0
1802,6656,0
1812,6667,0
1819,6671,0
1829,6669,0
1843,6659,0
1857,6642,0
1870,6611,0
1880,6586,0
1891,6565,0
1894,6541,0
1898,6527,0
1897,6519,0
1899,6523,0
1903,6527,0
1908,6547,0
1913,6570,0
1918,6594,0
1927,6616,0
1941,6627,0
1956,6638,0
1973,6639,0
1987,6633,0
2002,6622,0
2012,6605,0
2025,6591,0
2031,6574,0
2039,6564,0
2041,6556,0
2042,6556,0
2046,6563,0
2047,6579,0
2048,6596,0
2053,6611,0
2056,6626,0
2058,6635,0
2056,6635,0
2057,6638,0
2055,6631,0
2051,6616,0
2047,6596,0
2044,6572,0
2039,6544,0
2038,6517,0
2041,6495,0
2047,6478,0
2060,6464,1
2371,6441,0
2385,6519,0
2390,6547,0
2395,6570,0
2400,6585,0
2403,6593,0
2401,6589,0
2405,6589,0
2404,6568,0
2405,6543,1
2527,6468,0
2543,6497,0
2548,6520,0
2556,6552,0
2563,6579,1
2701,6488,0
2689,6474,0
2683,6475,0
2668,6475,0
2656,6495,0
2635,6508,0
2623,6531,0
2610,6547,0
2608,6568,0
2611,6580,0
2625,6584,0
2641,6589,0
2660,6584,0
2677,6564,0
2693,6548,0
2702,6516,0
2712,6497,1
2719,6454,0
2721,6437,0
2726,6431,0
2734,6425,0
2750,6425,0
2762,6426,0
2772,6431,0
2779,6442,0
2786,6452,0
2789,6473,0
2789,6497,0
2789,6522,0
2792,6551,0
2799,6573,0
2810,6591,0
2826,6603,0
2846,6606,0
2864,6601,0
2880,6589,0
2895,6568,0
2910,6551,0
2920,6527,0
2930,6507,0
2937,6489,0
2941,6479,0
2946,6473,0
2947,6473,0
2950,6481,0
2954,6492,0
2960,6519,0
2963,6543,0
2968,6567,0
2976,6586,0
2988,6604,0
3004,6615,0
3020,6610,1
3168,6438,0
3157,6437,0
3148,6440,0
3133,6445,0
3119,6454,1
3098,6494,0
3114,6506,0
3137,6519,1
3230,6615,0
3202,6620,0
3171,6621,0
3140,6623,0
3114,6615,1
3237,6490,0
3255,6488,0
3274,6477,0
3296,6461,0
3318,6449,0
3344,6440,0
3364,6432,0
3382,6426,0
3391,6423,0
3393,6422,0
3388,6424,0
3374,6424,0
3351,6437,0
3324,6452,0
3300,6473,0
3283,6495,0
3276,6519,0
3278,6536,0
3292,6556,0
3315,6570,0
3342,6576,1
3513,6527,0
3503,6525,0
3505,6529,0
3498,6524,0
3506,6538,1