drink and suggested they returned
798
1142,5607,0
1117,5592,0
1094,5576,0
1072,5556,0
1048,5540,0
1020,5532,0
989,5524,0
955,5527,0
920,5538,0
886,5557,0
849,5591,0
817,5634,0
798,5673,0
789,5705,0
791,5728,0
796,5750,0
810,5754,0
830,5742,0
859,5716,0
890,5677,0
923,5626,0
949,5567,0
971,5507,0
989,5456,0
1003,5407,0
1011,5380,0
1012,5364,0
1010,5372,0
1006,5388,0
995,5432,0
984,5483,0
972,5552,0
961,5619,0
959,5683,0
963,5723,0
977,5743,0
994,5747,0
1013,5732,0
1036,5704,0
1059,5660,0
1085,5624,0
1107,5588,0
1123,5569,0
1127,5564,0
1131,5581,0
1130,5604,0
1124,5632,0
1117,5665,0
1109,5692,0
1102,5716,0
1101,5716,0
1101,5716,0
1107,5692,0
1118,5664,0
1134,5620,0
1150,5580,0
1165,5548,0
1182,5527,0
1190,5520,0
1198,5523,0
1209,5523,0
1224,5534,0
1237,5534,0
1249,5538,0
1261,5545,0
1267,5545,0
1273,5557,0
1276,5569,0
1271,5601,0
1258,5637,0
1237,5666,0
1219,5699,0
1206,5727,0
1203,5739,0
1207,5735,0
1220,5714,0
1240,5674,1
1298,5440,0
1289,5460,0
1289,5472,0
1291,5479,0
1294,5484,1
1377,5516,0
1368,5548,0
1363,5589,0
1351,5617,0
1339,5638,0
1335,5662,0
1339,5662,0
1351,5653,0
1372,5640,0
1396,5611,0
1421,5589,0
1437,5564,0
1450,5571,0
1457,5571,0
1454,5604,0
1445,5624,0
1438,5648,0
1437,5673,0
1440,5668,0
1450,5668,0
1469,5651,0
1490,5620,0
1517,5586,0
1549,5532,0
1577,5477,0
1604,5429,0
1627,5395,0
1639,5371,0
1644,5361,0
1639,5358,0
1645,5369,0
1637,5383,0
1625,5420,0
1607,5462,0
1583,5508,0
1570,5554,0
1563,5583,0
1562,5595,0
1568,5602,0
1578,5602,0
1594,5580,0
1608,5554,0
1624,5528,0
1640,5507,0
1647,5503,0
1643,5502,0
1634,5511,0
1619,5537,0
1603,5566,0
1584,5597,0
1577,5638,0
1572,5654,0
1579,5670,0
1595,5680,0
1616,5678,0
1645,5675,0
1684,5663,1
2080,5536,0
2087,5527,0
2087,5514,0
2086,5502,0
2084,5490,0
2081,5487,0
2078,5491,0
2068,5506,0
2056,5536,0
2043,5563,0
2036,5593,0
2034,5617,0
2043,5631,0
2060,5637,0
2084,5624,0
2114,5598,0
2145,5564,0
2172,5526,0
2194,5493,0
2207,5474,0
2207,5470,0
2206,5474,0
2198,5492,0
2179,5516,0
2169,5543,0
2169,5559,0
2176,5562,0
2193,5554,0
2221,5537,0
2251,5509,0
2277,5491,0
2297,5478,0
2304,5481,0
2308,5496,0
2301,5523,0
2289,5554,0
2280,5581,0
2282,5597,0
2289,5591,0
2308,5574,0
2332,5545,0
2357,5518,0
2375,5497,0
2384,5487,0
2386,5491,0
2385,5503,0
2381,5528,0
2373,5552,0
2371,5576,0
2371,5593,0
2379,5599,0
2396,5595,0
2416,5582,1
2567,5501,0
2567,5501,0
2562,5490,0
2554,5479,0
2545,5469,0
2533,5465,0
2522,5472,0
2507,5484,0
2491,5504,0
2476,5537,0
2467,5569,0
2465,5594,0
2473,5608,0
2485,5610,0
2503,5597,0
2524,5574,0
2548,5539,0
2572,5496,0
2593,5447,0
2613,5405,0
2627,5367,0
2634,5349,0
2634,5348,0
2631,5357,0
2622,5385,0
2606,5427,0
2591,5477,0
2579,5527,0
2577,5572,0
2586,5607,0
2606,5622,0
2634,5619,1
3044,5370,0
3047,5360,0
3042,5353,0
3035,5352,0
3020,5353,0
3006,5359,0
2990,5364,0
2987,5373,0
2986,5383,0
2994,5397,0
3006,5413,0
3018,5422,0
3034,5442,0
3048,5470,0
3056,5494,0
3061,5521,0
3058,5548,0
3054,5566,0
3042,5575,0
3035,5583,0
3020,5575,0
3006,5566,0
2999,5552,0
2999,5531,0
3009,5506,1
3144,5388,0
3160,5367,0
3175,5371,0
3177,5370,0
3180,5385,0
3172,5402,0
3166,5434,0
3155,5455,0
3156,5481,0
3156,5490,0
3168,5502,0
3179,5498,0
3195,5483,0
3213,5467,0
3223,5446,0
3230,5438,0
3230,5434,0
3230,5447,0
3223,5458,0
3219,5473,0
3218,5474,0
3229,5477,0
3248,5470,0
3277,5458,1
3450,5397,0
3448,5392,0
3448,5393,0
3440,5388,0
3426,5380,0
3419,5376,0
3405,5372,0
3392,5378,0
3375,5390,0
3361,5400,0
3355,5412,0
3355,5421,0
3358,5424,0
3363,5426,0
3372,5422,0
3385,5416,0
3399,5402,0
3415,5386,0
3428,5371,0
3437,5367,0
3436,5367,0
3437,5380,0
3434,5408,0
3426,5442,0
3421,5488,0
3410,5541,0
3376,5647,0
3366,5702,0
3355,5742,0
3342,5769,0
3328,5787,0
3315,5788,0
3298,5777,0
3284,5762,0
3274,5740,0
3270,5715,0
3267,5682,0
3276,5653,0
3293,5620,0
3323,5586,1
3644,5429,0
3651,5426,0
3653,5419,0
3655,5414,0
3651,5403,0
3642,5390,0
3636,5379,0
3629,5369,0
3621,5364,0
3614,5368,0
3604,5373,0
3598,5384,0
3597,5397,0
3597,5412,0
3604,5426,0
3614,5434,0
3629,5441,0
3643,5438,0
3658,5426,0
3677,5421,0
3689,5415,0
3696,5421,0
3701,5441,0
3701,5467,0
3696,5501,0
3693,5542,0
3684,5587,0
3667,5630,0
3654,5672,0
3642,5708,0
3631,5736,0
3615,5747,0
3605,5752,0
3597,5747,0
3589,5728,0
3585,5704,0
3585,5673,0
3595,5638,0
3615,5606,0
3645,5570,0
3679,5532,0
3719,5503,0
3755,5476,0
3790,5454,0
3816,5441,0
3831,5428,0
3835,5421,0
3829,5416,0
3818,5417,0
3799,5422,0
3783,5431,0
3777,5443,0
3771,5450,0
3776,5457,0
3785,5465,0
3801,5471,0
3818,5467,0
3843,5462,0
3868,5449,0
3894,5436,0
3916,5428,0
3930,5426,0
3935,5431,0
3938,5448,0
3930,5467,0
3920,5485,0
3906,5506,0
3895,5521,0
3888,5530,0
3880,5529,0
3878,5525,0
3876,5518,0
3874,5506,0
3875,5487,0
3878,5472,0
3883,5455,0
3888,5435,1
4057,5243,0
4059,5247,0
4058,5257,0
4052,5279,0
4036,5306,0
4022,5342,0
4004,5376,0
3992,5414,0
3981,5453,0
3971,5485,0
3964,5516,0
3963,5540,0
3961,5554,0
3963,5558,0
3962,5554,0
3962,5545,0
3964,5530,1
3944,5491,0
3947,5494,0
3950,5491,0
3961,5495,0
3976,5491,0
3991,5487,0
4014,5484,0
4039,5471,0
4068,5463,0
4096,5452,0
4118,5439,0
4138,5423,0
4150,5412,0
4154,5400,0
4152,5392,0
4145,5391,0
4132,5399,0
4113,5415,0
4094,5439,0
4081,5465,0
4074,5488,0
4075,5510,0
4083,5524,0
4099,5537,0
4125,5542,0
4147,5537,0
4179,5533,0
4208,5517,0
4234,5501,0
4252,5477,0
4267,5459,0
4279,5451,0
4285,5438,0
4286,5429,0
4285,5434,0
4278,5447,0
4268,5472,0
4260,5496,0
4254,5513,0
4250,5520,0
4258,5524,0
4268,5523,0
4284,5514,0
4296,5492,0
4316,5470,0
4328,5440,0
4339,5414,0
4348,5385,0
4354,5362,0
4359,5336,0
4362,5310,0
4366,5294,0
4367,5279,0
4368,5273,0
4367,5274,0
4367,5279,0
4361,5291,0
4357,5318,0
4349,5347,0
4342,5384,0
4327,5421,0
4316,5456,0
4308,5494,0
4302,5522,0
4297,5548,0
4299,5565,0
4304,5571,0
4311,5572,1
4787,5297,0
4786,5308,0
4793,5327,0
4796,5350,0
4792,5377,0
4784,5407,0
4771,5441,0
4753,5477,0
4739,5516,0
4724,5550,0
4714,5582,0
4710,5609,0
4706,5621,1
4711,5516,0
4714,5519,0
4717,5517,0
4729,5518,0
4748,5516,0
4772,5508,0
4799,5494,0
4833,5479,0
4867,5455,0
4900,5426,0
4937,5400,0
4961,5363,0
4977,5330,0
4982,5301,0
4975,5281,0
4962,5272,0
4944,5276,0
4925,5290,0
4902,5312,0
4888,5347,0
4876,5380,0
4869,5415,0
4869,5450,0
4877,5488,0
4883,5513,0
4893,5531,0
4903,5538,0
4917,5533,0
4930,5514,0
4945,5494,0
4963,5475,0
4972,5460,0
4975,5456,0
4975,5462,0
4974,5477,0
4973,5498,0
4967,5517,0
4976,5545,0
4987,5562,0
5005,5573,0
5024,5570,0
5045,5559,0
5064,5540,0
5086,5523,0
5099,5499,0
5101,5477,0
5098,5465,0
5090,5456,0
5081,5462,0
5068,5472,0
5057,5490,0
5059,5508,0
5059,5519,0
5069,5526,0
5094,5532,0
5120,5528,0
5150,5516,0
5175,5496,0
5201,5471,0
5219,5441,0
5236,5419,0
5242,5403,0
5242,5399,0
5243,5402,0
5240,5410,0
5244,5428,0
5245,5442,0
5260,5460,0
5279,5466,0
5306,5465,0
5337,5460,0
5363,5450,0
5381,5441,0
5395,5440,0
5392,5436,0
5385,5437,0
5371,5464,0
5348,5503,0
5318,5552,0
5284,5614,0
5248,5683,0
5219,5754,0
5192,5814,0
5173,5866,0
5156,5898,1
5607,5376,0
5609,5380,0
5610,5389,0
5605,5404,0
5598,5426,0
5587,5451,0
5576,5476,0
5568,5499,0
5564,5518,0
5555,5525,0
5561,5531,0
5561,5525,0
5563,5508,0
5565,5486,0
5572,5469,0
5580,5451,0
5583,5438,0
5587,5430,0
5590,5427,0
5596,5428,0
5607,5428,0
5629,5426,0
5652,5421,0
5674,5412,0
5701,5405,0
5717,5396,0
5725,5390,0
5723,5385,0
5713,5388,0
5701,5400,0
5684,5421,0
5669,5444,0
5658,5470,0
5655,5494,0
5656,5513,0
5672,5532,0
5689,5542,0
5713,5542,0
5742,5539,0
5770,5520,0
5796,5492,1
5885,5274,0
5890,5272,0
5888,5273,0
5885,5280,0
5887,5306,0
5882,5332,0
5875,5361,0
5860,5397,0
5850,5433,0
5840,5474,0
5824,5504,0
5812,5532,0
5803,5549,0
5796,5561,0
5795,5562,0
5794,5552,1
5800,5462,0
5805,5453,0
5818,5445,0
5834,5436,0
5858,5430,0
5884,5419,0
5911,5410,0
5933,5400,0
5958,5392,0
5972,5386,0
5976,5388,0
5970,5393,0
5959,5403,0
5945,5421,0
5925,5440,0
5904,5465,0
5888,5485,0
5887,5508,0
5887,5513,0
5904,5513,0
5921,5514,0
5935,5501,0
5957,5492,0
5974,5477,0
5985,5460,0
5993,5453,0
5993,5453,0
5993,5454,0
5987,5460,0
5984,5467,0
5982,5480,0
5974,5483,0
5976,5486,0
5981,5487,0
5989,5484,0
6002,5473,0
6014,5455,0
6030,5441,0
6049,5429,0
6061,5417,0
6070,5414,0
6076,5414,0
6079,5417,0
6077,5429,0
6071,5436,0
6071,5458,0
6064,5469,0
6063,5476,0
6066,5484,0
6061,5484,0
6059,5479,0
6060,5467,0
6058,5458,0
6055,5434,0
6063,5421,0
6061,5395,0
6066,5385,0
6062,5372,0
6063,5366,0
6062,5361,0
6063,5359,0
6064,5359,0
6066,5363,0
6066,5362,0
6072,5368,0
6078,5367,0
6091,5366,0
6109,5366,0
6121,5360,0
6136,5356,0
6152,5357,0
6159,5356,0
6167,5359,0
6169,5363,0
6167,5370,0
6167,5388,0
6160,5405,0
6155,5428,0
6144,5448,0
6138,5465,0
6136,5483,0
6136,5495,0
6137,5505,0
6138,5509,0
6140,5508,0
6141,5506,0
6143,5499,0
6145,5491,0
6155,5483,0
6160,5472,0
6168,5464,0
6177,5455,0
6187,5452,0
6194,5446,0
6194,5439,0
6196,5437,0
6194,5439,0
6197,5448,0
6197,5453,0
6198,5458,0
6198,5470,0
6193,5479,0
6189,5488,0
6187,5501,0
6189,5511,0
6191,5520,0
6195,5528,0
6198,5535,0
6206,5540,0
6215,5547,0
6225,5549,0
6236,5549,0
6249,5547,0
6261,5540,0
6278,5537,0
6295,5531,0
6310,5516,0
6324,5501,0
6336,5486,0
6341,5470,0
6348,5457,0
6348,5446,0
6348,5440,0
6342,5434,0
6334,5437,0
6324,5447,0
6312,5464,0
6302,5484,0
6294,5509,0
6293,5539,0
6296,5569,0
6302,5590,0
6314,5612,0
6338,5627,0
6358,5631,0
6383,5629,0
6407,5622,0
6430,5605,0
6445,5586,0
6456,5564,0
6454,5548,0
6452,5533,0
6447,5528,0
6437,5526,0
6424,5533,0
6414,5543,0
6416,5553,0
6420,5554,0
6428,5552,0
6444,5536,0
6464,5511,0
6481,5470,0
6503,5419,0
6527,5360,0
6550,5294,0
6576,5237,0
6594,5188,0
6603,5154,0
6610,5139,0
6611,5139,0
6604,5152,0
6585,5180,0
6565,5225,0
6535,5281,0
6507,5339,0
6492,5402,0
6482,5462,0
6477,5520,1