the island. Loose tongues
761
465,2047,0
458,2049,0
456,2052,0
455,2061,0
457,2062,0
462,2067,0
471,2066,0
480,2060,0
494,2053,0
507,2031,0
528,2000,0
550,1969,0
571,1929,0
591,1893,0
605,1868,0
615,1858,0
619,1855,0
622,1860,0
624,1869,0
627,1894,0
626,1935,0
617,1983,0
607,2046,0
595,2109,0
585,2173,0
581,2234,0
579,2278,0
577,2298,0
577,2306,1
557,2141,0
556,2145,0
557,2145,0
559,2145,0
567,2152,0
579,2159,0
593,2162,0
610,2162,0
629,2154,0
649,2138,0
673,2111,0
694,2075,0
715,2026,0
733,1981,0
749,1938,0
760,1899,0
767,1881,0
768,1877,0
768,1881,0
768,1889,0
767,1917,0
763,1956,0
757,2009,0
752,2065,0
746,2125,0
741,2172,0
739,2208,0
740,2229,0
742,2229,0
746,2229,0
755,2219,0
768,2193,0
788,2159,0
811,2119,0
837,2094,0
857,2076,0
874,2070,0
887,2075,0
897,2089,0
904,2113,0
908,2145,0
912,2178,0
920,2203,0
930,2215,0
945,2220,0
962,2214,0
982,2198,0
1005,2176,0
1026,2140,0
1049,2108,0
1066,2065,0
1083,2037,0
1088,2012,0
1090,2013,0
1089,2017,0
1083,2017,0
1075,2036,0
1061,2068,0
1052,2116,0
1046,2169,0
1045,2205,0
1054,2224,0
1073,2236,0
1099,2237,0
1129,2217,1
1394,2164,0
1385,2169,0
1376,2179,0
1370,2188,0
1370,2193,0
1370,2188,0
1377,2183,0
1387,2162,0
1400,2127,0
1421,2090,0
1442,2054,0
1459,2018,0
1478,1994,0
1488,1983,0
1488,1983,0
1486,1984,0
1486,2004,0
1480,2043,0
1469,2086,0
1458,2137,0
1450,2183,0
1448,2212,0
1452,2223,0
1457,2215,0
1464,2193,1
1506,1855,0
1507,1856,0
1508,1855,0
1508,1855,0
1504,1852,1
1487,2176,0
1483,2185,0
1479,2189,0
1478,2186,0
1481,2186,0
1485,2181,0
1493,2166,0
1507,2143,0
1522,2111,0
1543,2082,0
1565,2051,0
1590,2024,0
1614,2001,0
1640,1989,0
1660,1982,0
1675,1986,0
1688,2003,0
1696,2029,0
1691,2057,0
1686,2096,0
1674,2133,0
1665,2164,0
1655,2180,0
1651,2190,0
1650,2190,0
1651,2190,0
1651,2181,0
1655,2176,0
1667,2159,0
1682,2135,0
1705,2110,0
1732,2081,0
1759,2046,0
1787,2010,0
1812,1969,0
1841,1932,0
1862,1887,0
1876,1850,0
1885,1829,0
1881,1817,0
1874,1815,0
1865,1821,0
1849,1841,0
1829,1876,0
1806,1925,0
1789,1983,0
1772,2032,0
1767,2077,0
1763,2104,0
1773,2126,0
1784,2135,0
1797,2135,0
1813,2124,0
1832,2104,0
1856,2077,0
1881,2041,0
1909,2011,0
1934,1978,0
1960,1947,0
1990,1923,0
2019,1903,0
2048,1892,0
2066,1882,0
2084,1880,0
2100,1885,0
2101,1884,0
2101,1884,0
2103,1888,0
2098,1886,0
2099,1890,0
2094,1888,0
2093,1889,0
2084,1889,0
2075,1895,0
2062,1912,0
2046,1934,0
2030,1961,0
2016,1990,0
2002,2019,0
1996,2050,0
1995,2072,0
1996,2081,0
2005,2090,0
2014,2090,0
2022,2082,0
2036,2065,0
2056,2042,0
2075,2010,0
2090,1974,0
2109,1949,0
2122,1932,0
2125,1926,0
2125,1926,0
2123,1927,0
2123,1936,0
2116,1964,0
2103,1998,0
2094,2039,0
2089,2070,0
2093,2090,0
2099,2096,0
2114,2097,0
2133,2087,0
2159,2064,0
2186,2030,0
2218,1996,0
2242,1956,0
2269,1924,0
2294,1898,0
2309,1877,0
2316,1867,0
2322,1868,0
2319,1870,0
2314,1879,0
2305,1909,0
2287,1945,0
2268,1988,0
2249,2029,0
2234,2060,0
2230,2082,0
2227,2084,0
2232,2085,0
2243,2079,0
2260,2055,0
2279,2014,0
2308,1976,0
2339,1939,0
2366,1905,0
2394,1884,0
2415,1872,0
2433,1873,0
2444,1880,0
2450,1896,0
2449,1922,0
2453,1959,0
2452,1995,0
2451,2026,0
2453,2043,0
2466,2055,0
2480,2053,0
2500,2043,0
2523,2022,0
2546,1993,0
2571,1963,0
2596,1936,0
2620,1910,0
2644,1889,0
2667,1872,0
2688,1864,0
2704,1859,0
2721,1860,0
2729,1862,0
2734,1865,0
2733,1865,0
2731,1866,0
2734,1869,0
2729,1868,0
2721,1865,0
2714,1867,0
2704,1870,0
2692,1877,0
2675,1886,0
2661,1905,0
2654,1934,0
2644,1964,0
2640,1993,0
2642,2012,0
2651,2025,0
2664,2031,0
2682,2031,0
2699,2022,0
2716,2002,0
2734,1973,0
2753,1941,0
2771,1906,0
2785,1865,0
2800,1826,0
2814,1795,0
2823,1767,0
2831,1745,0
2835,1730,0
2835,1725,0
2835,1725,0
2837,1727,0
2834,1731,0
2826,1751,0
2817,1785,0
2806,1826,0
2794,1872,0
2784,1916,0
2780,1953,0
2781,1979,0
2794,2000,0
2806,2011,0
2828,2019,0
2850,2019,0
2878,2014,1
3122,1947,0
3127,1949,0
3124,1945,0
3128,1947,0
3127,1948,0
3127,1948,0
3127,1948,0
3127,1949,0
3122,1947,0
3122,1948,0
3122,1948,0
3118,1947,0
3121,1949,0
3118,1947,0
3118,1947,0
3118,1947,0
3118,1947,1
3397,1927,0
3392,1928,0
3390,1930,0
3391,1929,0
3395,1930,0
3409,1930,0
3426,1922,0
3446,1901,0
3473,1871,0
3498,1834,0
3525,1796,0
3551,1754,0
3580,1710,0
3606,1667,0
3628,1630,0
3640,1601,0
3656,1587,0
3658,1582,0
3655,1582,0
3658,1585,0
3653,1594,0
3642,1621,0
3631,1664,0
3611,1713,0
3595,1769,0
3580,1827,0
3565,1879,0
3554,1923,0
3541,1954,0
3525,1976,0
3506,1990,0
3489,1997,0
3469,1997,0
3457,1993,0
3447,1981,0
3448,1965,0
3451,1942,0
3458,1918,0
3472,1900,0
3486,1888,0
3503,1885,0
3516,1886,0
3534,1896,0
3547,1911,0
3561,1933,0
3573,1951,0
3588,1964,0
3601,1968,0
3612,1966,0
3620,1960,0
3636,1952,0
3645,1932,0
3659,1904,0
3672,1870,0
3695,1836,0
3715,1802,0
3742,1775,0
3765,1751,0
3790,1734,0
3814,1722,0
3827,1716,0
3838,1714,0
3842,1714,0
3845,1717,0
3840,1718,0
3834,1720,0
3826,1726,0
3810,1737,0
3791,1755,0
3768,1778,0
3754,1809,0
3742,1843,0
3740,1877,0
3739,1908,0
3744,1928,0
3759,1936,0
3773,1935,0
3789,1925,0
3806,1907,0
3820,1876,0
3832,1841,0
3842,1810,0
3852,1785,0
3858,1766,0
3863,1751,0
3867,1743,0
3880,1737,0
3894,1729,0
3913,1725,0
3940,1720,0
3962,1712,0
3983,1704,0
4005,1698,0
4020,1694,0
4022,1691,0
4022,1692,0
4020,1694,0
4015,1697,0
3999,1710,0
3972,1734,0
3948,1769,0
3923,1806,0
3906,1844,0
3898,1880,0
3896,1904,0
3906,1920,0
3922,1925,0
3943,1921,0
3970,1907,0
3998,1885,0
4023,1857,0
4048,1829,0
4059,1800,0
4063,1775,0
4067,1762,0
4058,1751,0
4053,1744,0
4054,1742,0
4054,1742,0
4054,1742,0
4059,1742,0
4078,1739,0
4095,1732,0
4127,1725,0
4150,1713,0
4182,1703,0
4205,1691,0
4227,1684,0
4237,1683,0
4236,1684,0
4238,1690,0
4234,1705,0
4230,1733,0
4213,1768,0
4198,1813,0
4183,1857,0
4172,1895,0
4165,1923,0
4157,1937,0
4155,1942,0
4155,1942,0
4155,1940,0
4155,1932,0
4159,1925,0
4159,1917,0
4163,1909,0
4172,1903,0
4179,1898,0
4198,1896,0
4227,1895,0
4254,1886,0
4292,1875,0
4327,1860,0
4359,1842,0
4392,1820,0
4425,1797,0
4456,1772,0
4473,1745,0
4488,1723,0
4486,1705,0
4486,1696,0
4479,1692,0
4470,1693,0
4457,1703,0
4434,1725,0
4415,1756,0
4398,1790,0
4388,1829,0
4386,1867,0
4394,1896,0
4410,1915,0
4439,1922,0
4473,1916,1
4800,1818,0
4795,1819,0
4799,1819,0
4800,1816,0
4806,1814,0
4815,1803,0
4828,1781,0
4847,1746,0
4870,1703,0
4902,1655,0
4928,1609,0
4955,1560,0
4980,1515,0
4994,1482,0
5005,1464,0
5006,1461,0
5006,1462,0
5007,1468,0
5001,1488,0
4990,1522,0
4981,1570,0
4970,1623,0
4965,1679,0
4961,1737,0
4958,1786,0
4958,1826,0
4959,1853,0
4958,1865,0
4963,1873,1
4870,1796,0
4865,1797,0
4866,1797,0
4866,1797,0
4866,1796,0
4870,1796,0
4883,1797,0
4896,1795,0
4917,1789,0
4943,1778,0
4973,1760,0
5003,1738,0
5033,1715,0
5067,1697,0
5096,1684,0
5126,1673,0
5151,1664,0
5170,1657,0
5180,1652,0
5190,1652,0
5190,1650,0
5186,1651,0
5186,1651,0
5182,1651,0
5173,1651,0
5154,1656,0
5142,1667,0
5122,1684,0
5110,1706,0
5093,1738,0
5082,1776,0
5075,1814,0
5076,1835,0
5089,1843,0
5098,1843,0
5118,1835,0
5143,1817,0
5163,1789,0
5183,1759,0
5202,1732,0
5204,1703,0
5205,1690,0
5199,1683,0
5192,1679,0
5193,1677,0
5197,1679,0
5197,1678,0
5209,1681,0
5229,1681,0
5253,1676,0
5287,1663,0
5323,1646,0
5351,1628,0
5373,1611,0
5385,1602,0
5389,1602,0
5384,1603,0
5386,1609,0
5371,1631,0
5351,1663,0
5332,1703,0
5315,1753,0
5296,1790,0
5292,1811,0
5296,1813,0
5292,1809,0
5298,1804,0
5306,1788,0
5319,1751,0
5337,1715,0
5351,1672,0
5376,1640,0
5396,1616,0
5417,1606,0
5430,1604,0
5441,1609,0
5454,1622,0
5456,1640,0
5455,1668,0
5456,1703,0
5455,1729,0
5462,1745,0
5474,1748,0
5491,1746,0
5510,1730,0
5531,1706,0
5559,1674,0
5586,1643,0
5612,1612,0
5632,1591,0
5657,1578,0
5672,1571,0
5686,1567,0
5694,1566,0
5698,1568,0
5701,1568,0
5697,1568,0
5701,1570,0
5697,1570,0
5693,1570,0
5685,1569,0
5675,1574,0
5656,1583,0
5637,1600,0
5617,1626,0
5598,1660,0
5587,1691,0
5578,1716,0
5576,1733,0
5586,1742,0
5603,1743,0
5626,1737,0
5650,1718,0
5679,1694,0
5704,1669,0
5720,1645,0
5733,1628,0
5735,1624,0
5738,1628,0
5733,1628,0
5728,1645,0
5720,1684,0
5709,1730,0
5699,1785,0
5689,1836,0
5676,1882,0
5670,1920,0
5662,1953,0
5648,1977,0
5632,1994,0
5615,2004,0
5606,2007,0
5590,2000,0
5580,1987,0
5574,1967,0
5572,1941,0
5580,1911,0
5593,1878,0
5613,1843,0
5638,1812,0
5667,1777,0
5704,1742,0
5742,1706,0
5782,1673,0
5817,1642,0
5846,1618,0
5873,1598,0
5886,1580,0
5898,1568,0
5903,1566,0
5902,1569,0
5897,1570,0
5900,1576,0
5892,1589,0
5890,1609,0
5885,1636,0
5885,1667,0
5885,1695,0
5895,1713,0
5905,1722,0
5921,1723,0
5936,1717,0
5954,1699,0
5974,1674,0
5988,1645,0
6008,1619,0
6020,1594,0
6024,1578,0
6025,1573,0
6025,1574,0
6029,1576,0
6027,1582,0
6027,1599,0
6019,1624,0
6024,1650,0
6026,1671,0
6038,1686,0
6053,1691,0
6078,1691,0
6101,1684,0
6127,1669,0
6157,1651,0
6180,1628,0
6203,1609,0
6216,1588,0
6225,1571,0
6232,1559,0
6235,1551,0
6232,1547,0
6224,1545,0
6220,1546,0
6206,1553,0
6195,1574,0
6183,1604,0
6170,1635,0
6160,1667,0
6162,1692,0
6177,1709,0
6191,1718,0
6220,1718,0
6249,1707,0
6280,1689,0
6309,1660,0
6344,1635,0
6373,1607,0
6400,1582,0
6426,1563,0
6442,1550,0
6464,1546,0
6472,1546,0
6483,1553,0
6487,1569,0
6484,1593,0
6481,1621,0
6469,1650,0
6457,1679,0
6429,1706,0
6401,1727,0
6379,1744,0
6350,1758,0
6319,1763,1