&quot;Ah, yes. You propose to sail
518
1098,777,0
1106,785,0
1103,793,0
1102,813,0
1103,842,0
1104,869,0
1106,881,0
1112,873,0
1122,856,1
1152,745,0
1156,760,0
1163,788,0
1165,824,0
1161,853,1
1497,838,0
1500,836,0
1503,835,0
1502,834,0
1500,837,0
1488,834,0
1473,830,0
1460,832,0
1442,842,0
1426,864,0
1396,891,0
1377,934,0
1368,993,0
1361,1046,0
1367,1085,0
1387,1117,0
1407,1131,0
1433,1139,0
1456,1135,0
1479,1112,0
1505,1070,0
1517,1011,0
1527,960,0
1522,907,0
1520,866,0
1516,840,0
1511,830,0
1505,832,0
1498,861,0
1502,909,0
1506,957,0
1523,1003,0
1542,1043,0
1568,1074,0
1587,1086,0
1615,1089,0
1633,1074,1
1639,769,0
1650,793,0
1654,815,0
1655,836,0
1649,861,0
1645,895,0
1645,940,0
1652,990,0
1662,1041,0
1676,1085,0
1691,1107,0
1709,1111,0
1727,1089,0
1742,1043,0
1751,1001,0
1751,970,0
1755,956,0
1754,957,0
1763,975,0
1766,1014,0
1780,1059,0
1793,1089,0
1808,1108,0
1831,1117,0
1848,1108,1
1926,1038,0
1930,1055,0
1928,1085,0
1916,1123,0
1907,1167,1
2037,953,0
2039,962,0
2046,985,0
2043,1008,0
2043,1032,0
2050,1053,0
2056,1064,0
2072,1071,0
2089,1076,0
2102,1073,0
2125,1060,0
2136,1027,0
2147,989,0
2154,958,0
2152,934,0
2157,928,0
2155,929,0
2156,943,0
2159,972,0
2157,1013,0
2159,1068,0
2164,1130,0
2165,1188,0
2169,1242,0
2165,1286,0
2153,1313,0
2142,1328,0
2127,1321,0
2111,1291,0
2104,1244,0
2096,1196,0
2102,1167,0
2113,1143,1
2243,1032,0
2257,1041,0
2268,1039,0
2282,1027,0
2293,1005,0
2298,976,0
2305,949,0
2305,928,0
2301,917,0
2299,921,0
2287,933,0
2273,954,0
2263,986,0
2252,1020,0
2256,1049,0
2268,1067,0
2291,1075,0
2314,1072,0
2342,1066,0
2364,1056,0
2383,1049,1
2513,935,0
2523,933,0
2519,933,0
2514,932,0
2504,933,0
2495,936,0
2488,940,0
2481,944,0
2478,949,0
2483,956,0
2492,964,0
2505,975,0
2517,993,0
2526,1018,0
2535,1050,0
2540,1080,0
2536,1102,0
2526,1117,0
2510,1119,0
2486,1105,0
2459,1072,1
2712,1105,0
2717,1104,0
2719,1099,0
2724,1091,0
2721,1081,1
2842,644,0
2849,653,0
2861,664,0
2871,676,0
2884,690,0
2896,704,0
2911,725,0
2933,748,0
2957,778,0
2977,804,0
3001,821,0
3016,830,0
3036,830,1
3122,667,0
3120,688,0
3119,723,0
3110,758,0
3103,796,0
3094,847,0
3081,908,0
3066,968,0
3048,1022,0
3040,1071,0
3042,1111,0
3052,1136,0
3065,1146,1
3260,906,0
3254,900,0
3247,894,0
3226,892,0
3211,900,0
3193,915,0
3175,940,0
3161,1032,0
3181,1046,0
3202,1049,0
3227,1041,0
3252,1020,0
3259,990,0
3262,959,0
3255,933,1
3370,928,0
3373,933,0
3373,936,0
3370,943,0
3364,960,0
3364,986,0
3368,1020,0
3375,1058,0
3392,1090,0
3419,1110,0
3443,1115,0
3465,1101,0
3481,1071,0
3496,1032,0
3504,996,0
3507,960,0
3508,934,0
3503,920,0
3504,916,0
3507,922,0
3508,947,0
3517,983,0
3530,1018,0
3558,1049,0
3574,1073,0
3599,1088,0
3614,1094,0
3626,1094,0
3641,1089,1
3782,981,0
3789,1001,0
3788,1030,0
3791,1059,0
3787,1095,0
3789,1138,0
3793,1187,0
3799,1237,0
3806,1283,0
3813,1319,0
3815,1335,0
3823,1336,0
3820,1313,0
3822,1266,0
3819,1205,0
3819,1138,0
3811,1073,0
3809,1018,0
3811,967,0
3807,921,0
3812,888,0
3833,873,0
3853,874,0
3877,892,0
3897,928,0
3908,978,0
3910,1028,0
3896,1070,0
3880,1095,0
3857,1101,0
3835,1090,0
3826,1066,0
3826,1041,1
3962,978,0
3969,997,0
3977,1012,0
3978,1020,0
3972,1028,0
3964,1040,0
3959,1056,0
3960,1067,0
3960,1068,0
3964,1058,0
3974,1036,0
3978,1008,0
3983,979,0
3992,959,0
4004,945,0
4022,941,0
4042,944,1
4166,1004,0
4179,1004,0
4184,998,0
4186,991,0
4181,979,0
4175,972,0
4162,972,0
4150,984,0
4136,1006,0
4125,1035,0
4124,1066,0
4129,1090,0
4149,1109,0
4164,1115,0
4186,1109,0
4209,1088,0
4213,1060,0
4210,1028,0
4201,997,0
4183,974,0
4169,960,1
4261,1005,0
4271,1016,0
4280,1030,0
4287,1050,0
4286,1081,0
4288,1118,0
4283,1160,0
4283,1199,0
4289,1235,0
4293,1260,0
4297,1271,0
4298,1269,0
4304,1252,0
4307,1218,0
4308,1175,0
4308,1119,0
4311,1062,0
4313,1013,0
4324,972,0
4327,941,0
4336,921,0
4345,914,0
4353,914,0
4367,931,0
4376,960,0
4391,996,0
4398,1035,0
4401,1071,0
4394,1095,0
4384,1102,0
4367,1090,0
4345,1059,0
4343,1025,1
4531,998,0
4536,993,0
4545,976,0
4542,953,0
4531,929,0
4514,910,0
4500,902,0
4491,904,0
4476,919,0
4473,948,0
4473,986,0
4480,1024,0
4495,1058,0
4514,1080,0
4534,1083,0
4555,1064,0
4565,1026,0
4568,982,0
4557,943,0
4537,916,0
4524,900,1
4697,937,0
4693,937,0
4683,944,0
4675,945,0
4665,950,0
4651,959,0
4647,974,0
4652,994,0
4659,1014,0
4674,1036,0
4691,1052,0
4712,1066,0
4721,1080,0
4729,1097,0
4725,1112,0
4714,1124,0
4704,1132,0
4682,1134,0
4668,1124,0
4650,1100,0
4638,1065,1
4816,1029,0
4830,1037,0
4838,1037,0
4845,1028,0
4850,1008,0
4853,989,0
4845,972,0
4838,965,0
4826,963,0
4818,966,0
4807,975,0
4798,998,0
4784,1025,0
4790,1050,0
4803,1067,0
4825,1076,0
4850,1076,0
4883,1073,0
4912,1069,0
4936,1075,0
4951,1063,1
5179,636,0
5179,637,0
5178,650,0
5171,673,0
5169,714,0
5169,774,0
5173,852,0
5173,941,0
5181,1024,0
5199,1109,0
5210,1167,0
5221,1192,0
5221,1192,1
5219,916,0
5219,916,0
5205,921,0
5176,924,0
5139,926,0
5103,926,0
5072,920,0
5059,920,0
5075,922,1
5339,1008,0
5336,1005,0
5334,994,0
5325,981,0
5314,970,0
5298,971,0
5279,981,0
5263,1003,0
5253,1033,0
5253,1074,0
5255,1114,0
5273,1146,0
5291,1159,0
5321,1153,0
5347,1126,0
5363,1091,0
5363,1053,0
5352,1023,0
5340,1008,0
5328,1004,0
5319,1008,1
5694,940,0
5693,939,0
5689,938,0
5682,934,0
5667,930,0
5655,925,0
5644,921,0
5631,920,0
5623,924,0
5622,934,0
5619,948,0
5631,967,0
5648,988,0
5672,1012,0
5700,1038,0
5727,1068,0
5745,1105,0
5757,1143,0
5754,1173,0
5742,1194,0
5723,1204,0
5695,1200,0
5670,1184,0
5651,1159,0
5638,1126,1
5925,987,0
5921,986,0
5918,982,0
5902,977,0
5881,982,0
5854,996,0
5837,1024,0
5832,1055,0
5832,1093,0
5842,1126,0
5857,1150,0
5868,1154,0
5895,1146,0
5917,1115,0
5937,1078,0
5943,1044,0
5947,1020,0
5937,1009,0
5938,1006,0
5936,1015,0
5935,1044,0
5943,1083,0
5957,1123,0
5977,1161,0
5992,1190,1
6055,955,0
6056,972,0
6061,998,0
6060,1027,0
6057,1064,0
6059,1097,0
6070,1128,0
6081,1155,0
6097,1175,1
6069,735,0
6074,733,0
6077,740,0
6080,753,0
6090,767,1
6197,779,0
6204,784,0
6203,792,0
6201,808,0
6194,834,0
6197,878,0
6201,933,0
6210,1000,0
6212,1059,0
6221,1102,0
6235,1140,0
6242,1165,0
6247,1160,1