grief. We had hoped for sons to
618
767,1767,0
743,1766,0
730,1768,0
716,1763,0
702,1777,0
685,1802,0
675,1849,0
674,1882,0
680,1903,0
695,1907,0
715,1907,0
735,1899,0
750,1882,0
760,1867,0
764,1852,0
766,1836,0
766,1819,0
767,1820,0
766,1819,0
768,1829,0
774,1854,0
780,1887,0
791,1922,0
808,1964,0
825,2007,0
842,2054,0
850,2092,0
849,2128,0
841,2150,0
828,2173,0
806,2178,0
782,2183,0
757,2176,0
738,2147,0
727,2108,0
730,2069,0
741,2022,0
764,1970,0
789,1929,0
810,1892,0
827,1862,1
948,1867,0
954,1880,0
963,1894,0
967,1901,0
968,1910,0
968,1917,0
967,1918,0
965,1918,0
955,1904,0
947,1891,0
942,1871,0
942,1851,0
948,1832,0
958,1812,0
969,1793,0
979,1785,0
989,1778,0
1006,1779,0
1022,1780,0
1039,1785,0
1054,1797,0
1064,1804,0
1074,1821,0
1082,1833,0
1093,1845,0
1101,1849,0
1107,1853,0
1112,1860,0
1113,1861,0
1114,1860,0
1117,1865,0
1117,1860,0
1117,1860,1
1042,1669,0
1043,1668,0
1049,1664,0
1062,1664,0
1075,1664,1
1163,1819,0
1167,1814,0
1184,1814,0
1208,1812,0
1235,1793,1
1281,1720,0
1270,1725,0
1254,1735,0
1233,1749,0
1211,1763,0
1197,1788,0
1192,1816,0
1199,1845,0
1220,1867,0
1251,1880,0
1285,1880,0
1316,1869,1
1430,1656,0
1431,1628,0
1427,1591,0
1422,1559,0
1419,1535,0
1410,1513,0
1397,1500,0
1385,1499,0
1369,1502,0
1360,1520,0
1351,1546,0
1353,1590,0
1358,1635,0
1368,1678,0
1382,1720,0
1401,1768,0
1413,1812,0
1421,1854,0
1422,1891,0
1418,1920,0
1416,1945,0
1414,1957,0
1409,1959,0
1401,1960,0
1388,1951,0
1375,1937,0
1365,1918,0
1358,1894,0
1358,1870,0
1368,1848,0
1383,1821,0
1412,1800,0
1439,1777,1
1568,1848,0
1568,1852,0
1572,1859,0
1576,1874,0
1587,1892,1
2039,1495,0
2036,1512,0
2031,1529,0
2030,1569,0
2034,1620,0
2038,1669,0
2044,1713,0
2051,1742,0
2061,1754,0
2071,1757,0
2077,1754,0
2084,1749,0
2090,1745,0
2092,1744,0
2092,1744,0
2103,1756,0
2111,1775,0
2119,1788,0
2128,1792,0
2136,1787,0
2151,1778,0
2157,1754,0
2163,1720,0
2161,1679,0
2152,1635,0
2135,1592,0
2125,1566,0
2117,1547,0
2111,1531,1
2213,1710,0
2219,1715,0
2229,1718,0
2247,1720,0
2263,1713,0
2275,1698,0
2287,1678,0
2297,1655,0
2303,1634,0
2304,1623,0
2294,1620,0
2282,1625,0
2272,1644,0
2258,1670,0
2248,1703,0
2246,1730,0
2256,1757,0
2273,1774,0
2304,1785,0
2342,1787,0
2379,1783,1
2589,1440,0
2593,1442,0
2590,1445,0
2598,1467,0
2608,1509,0
2615,1561,0
2614,1610,0
2612,1652,0
2614,1685,0
2612,1704,0
2615,1713,0
2615,1712,0
2613,1703,0
2614,1685,0
2616,1653,0
2622,1624,0
2643,1602,0
2663,1585,0
2685,1573,0
2709,1570,0
2733,1578,0
2751,1594,0
2770,1623,0
2775,1652,0
2776,1681,1
2955,1590,0
2958,1585,0
2953,1579,0
2946,1575,0
2932,1573,0
2910,1577,0
2887,1593,0
2864,1616,0
2849,1645,0
2848,1672,0
2858,1691,0
2880,1702,0
2907,1702,1
2969,1624,0
2966,1609,0
2969,1599,0
2965,1597,0
2963,1599,0
2960,1616,0
2964,1650,0
2967,1684,0
2982,1711,0
2992,1724,0
3009,1728,0
3025,1720,1
3179,1587,0
3179,1578,0
3179,1566,0
3173,1553,0
3156,1540,0
3144,1532,0
3126,1529,0
3103,1534,0
3083,1550,0
3059,1576,0
3051,1616,0
3047,1654,0
3055,1682,0
3074,1704,0
3091,1715,0
3110,1717,0
3122,1708,0
3140,1691,0
3148,1658,0
3155,1614,0
3170,1565,0
3175,1511,0
3178,1462,0
3180,1422,0
3176,1387,0
3164,1361,0
3156,1342,0
3152,1334,0
3151,1334,0
3156,1343,0
3158,1371,0
3160,1415,0
3165,1468,0
3173,1522,0
3190,1577,0
3204,1628,0
3221,1674,1
3543,1324,0
3547,1327,0
3554,1339,0
3566,1370,0
3578,1410,0
3592,1452,0
3597,1495,0
3599,1534,0
3598,1569,0
3596,1597,0
3596,1612,0
3595,1613,0
3597,1609,0
3602,1595,0
3612,1568,0
3621,1533,0
3636,1508,0
3648,1491,0
3671,1482,0
3690,1480,0
3715,1485,0
3735,1497,0
3754,1522,0
3761,1551,0
3764,1582,1
3947,1519,0
3941,1512,0
3935,1506,0
3920,1502,0
3903,1500,0
3882,1507,0
3863,1520,0
3840,1538,0
3830,1558,0
3829,1578,0
3843,1594,0
3861,1603,0
3887,1604,0
3909,1596,0
3931,1580,0
3942,1558,0
3937,1530,0
3939,1508,0
3934,1491,0
3925,1481,0
3916,1482,1
3998,1485,0
4002,1486,0
4005,1489,0
4012,1501,0
4015,1524,0
4018,1556,0
4018,1592,0
4015,1626,0
4019,1663,0
4022,1692,0
4026,1711,0
4026,1720,0
4022,1718,1
3984,1607,0
3981,1568,0
3978,1537,0
3983,1508,0
3991,1481,0
4003,1454,0
4023,1428,0
4047,1413,0
4066,1406,0
4081,1414,0
4094,1433,0
4097,1459,0
4097,1488,0
4086,1512,0
4073,1534,0
4056,1551,0
4041,1563,0
4032,1564,0
4044,1566,0
4046,1561,0
4061,1557,0
4076,1553,0
4099,1552,0
4126,1550,0
4159,1546,0
4185,1537,0
4208,1524,0
4224,1506,0
4240,1490,0
4249,1469,0
4253,1447,0
4257,1428,0
4257,1416,0
4246,1411,0
4227,1415,0
4213,1430,0
4207,1454,0
4209,1481,0
4224,1509,0
4239,1533,0
4267,1548,0
4295,1553,0
4319,1550,0
4345,1539,1
4473,1469,0
4473,1456,0
4475,1440,0
4467,1426,0
4459,1414,0
4449,1406,0
4429,1403,0
4406,1409,0
4374,1423,0
4353,1446,0
4338,1473,0
4339,1501,0
4341,1517,0
4355,1528,0
4374,1532,0
4389,1526,0
4409,1510,0
4426,1488,0
4442,1459,0
4444,1421,0
4442,1377,0
4436,1335,0
4426,1303,0
4420,1283,0
4415,1273,0
4411,1271,0
4420,1271,0
4418,1276,0
4424,1296,0
4426,1328,0
4433,1368,0
4438,1412,0
4447,1459,0
4454,1505,0
4449,1549,0
4442,1578,1
4871,1276,0
4870,1250,0
4874,1219,0
4874,1193,0
4871,1170,0
4875,1156,0
4869,1147,0
4861,1148,0
4845,1158,0
4838,1186,0
4835,1229,0
4840,1280,0
4838,1327,0
4854,1370,0
4854,1410,0
4863,1448,0
4862,1486,0
4856,1516,0
4843,1540,0
4838,1556,0
4827,1561,0
4821,1553,0
4811,1544,0
4809,1529,0
4809,1518,0
4802,1499,0
4809,1483,0
4818,1466,0
4829,1447,1
4999,1363,0
4997,1358,0
4990,1353,0
4970,1350,0
4951,1356,0
4934,1370,0
4911,1390,0
4898,1419,0
4900,1451,0
4905,1472,0
4927,1482,0
4955,1488,0
4984,1477,0
5011,1457,0
5026,1436,0
5034,1414,0
5031,1398,0
5027,1382,0
5010,1369,0
5003,1365,0
4982,1365,1
5126,1387,0
5132,1392,0
5138,1401,0
5146,1414,0
5148,1425,0
5144,1434,0
5140,1437,0
5132,1435,0
5122,1427,0
5117,1415,0
5123,1396,0
5126,1372,0
5141,1348,0
5164,1327,0
5190,1307,0
5219,1295,0
5238,1285,1
5623,1312,0
5622,1301,0
5617,1288,0
5608,1274,0
5593,1266,0
5573,1264,0
5548,1269,0
5532,1284,0
5503,1297,0
5492,1311,0
5492,1325,0
5509,1338,0
5532,1348,0
5559,1353,0
5586,1360,0
5600,1370,0
5609,1382,0
5606,1394,0
5586,1407,0
5572,1426,0
5531,1440,0
5503,1450,0
5482,1452,0
5480,1443,0
5480,1428,1
5764,1307,0
5774,1302,0
5780,1295,0
5781,1291,0
5774,1287,0
5753,1288,0
5726,1296,0
5689,1314,0
5658,1339,0
5643,1362,0
5654,1384,0
5658,1399,0
5693,1410,0
5714,1409,0
5742,1399,0
5769,1387,0
5783,1368,0
5795,1350,0
5793,1325,0
5791,1303,0
5786,1289,0
5775,1283,0
5762,1286,0
5747,1297,0
5747,1310,1
5873,1303,0
5876,1306,0
5882,1315,0
5883,1327,0
5884,1342,0
5885,1357,0
5885,1368,0
5885,1372,0
5885,1372,0
5882,1368,0
5875,1359,0
5875,1347,0
5880,1327,0
5892,1305,0
5909,1289,0
5928,1276,0
5955,1270,0
5986,1271,0
6010,1278,0
6035,1294,0
6047,1312,1
6241,1249,0
6239,1240,0
6229,1229,0
6223,1223,0
6198,1220,0
6164,1230,0
6131,1246,0
6109,1257,0
6107,1261,0
6123,1266,0
6148,1265,0
6181,1264,0
6213,1268,0
6236,1274,0
6242,1283,0
6235,1298,0
6215,1314,0
6191,1327,0
6164,1341,0
6133,1351,0
6107,1356,1
6605,989,0
6609,991,0
6612,994,0
6621,1015,0
6628,1052,0
6632,1097,0
6633,1142,0
6622,1178,0
6620,1211,0
6607,1235,0
6595,1253,0
6587,1257,0
6571,1252,0
6565,1239,0
6557,1219,0
6553,1199,0
6557,1177,0
6568,1158,0
6587,1145,0
6617,1135,0
6652,1126,0
6693,1118,0
6732,1109,0
6756,1106,0
6769,1105,1
6795,1091,0
6792,1088,0
6788,1085,0
6785,1085,0
6776,1085,0
6768,1089,0
6749,1099,0
6726,1118,0
6706,1139,0
6693,1167,0
6697,1191,0
6698,1210,0
6715,1225,0
6738,1233,0
6766,1233,0
6788,1224,0
6812,1206,0
6823,1191,0
6827,1167,0
6827,1143,0
6819,1123,0
6801,1105,0
6774,1100,0
6734,1114,1