he cut her short. &quot;We will
600
850,4647,0
849,4647,0
849,4642,0
848,4643,0
847,4647,0
845,4650,0
840,4662,0
834,4685,0
830,4717,0
832,4765,0
830,4813,0
828,4878,0
821,4937,0
813,4997,0
804,5045,0
796,5072,0
794,5076,0
792,5072,0
792,5068,0
796,5045,0
808,5001,0
825,4957,0
841,4910,0
856,4871,0
873,4852,0
885,4845,0
895,4845,0
900,4850,0
906,4869,0
909,4902,0
913,4941,0
919,4986,0
932,5034,0
947,5079,0
967,5115,0
991,5144,0
1015,5156,0
1035,5148,0
1057,5137,0
1080,5104,0
1098,5064,0
1109,5016,0
1111,4964,0
1105,4924,0
1093,4893,0
1078,4872,0
1068,4873,0
1056,4880,0
1050,4905,0
1048,4932,0
1054,4976,0
1064,5020,0
1080,5064,0
1102,5104,0
1126,5136,0
1155,5156,0
1184,5168,0
1213,5170,0
1249,5169,0
1286,5156,0
1319,5143,1
1556,4993,0
1561,4977,0
1568,4956,0
1568,4944,0
1561,4928,0
1550,4917,0
1534,4910,0
1517,4916,0
1501,4926,0
1484,4947,0
1473,4977,0
1466,5014,0
1466,5053,0
1474,5101,0
1487,5148,0
1507,5190,0
1529,5216,0
1551,5226,0
1571,5225,0
1594,5202,0
1614,5168,0
1631,5117,0
1640,5064,0
1647,5011,0
1648,4970,0
1647,4947,0
1647,4943,0
1647,4947,0
1646,4963,0
1650,4999,0
1657,5046,0
1667,5093,0
1683,5144,0
1700,5178,0
1718,5200,0
1728,5202,0
1739,5190,0
1754,5163,0
1763,5121,0
1769,5076,0
1770,5032,0
1770,4991,0
1766,4963,0
1768,4963,0
1768,4967,0
1770,4980,0
1775,5015,0
1785,5058,0
1797,5113,0
1816,5166,0
1842,5223,0
1867,5264,0
1893,5288,1
1966,4838,0
1961,4777,0
1957,4729,0
1954,4697,0
1957,4696,0
1957,4700,0
1958,4708,0
1962,4756,0
1967,4812,0
1976,4880,0
1990,4963,0
2003,5042,0
2007,5118,0
2007,5187,0
2003,5233,0
1996,5258,0
1981,5257,0
1959,5245,0
1940,5220,0
1924,5186,0
1911,5144,0
1907,5111,0
1914,5086,0
1927,5071,0
1956,5050,0
1985,5045,0
2026,5033,0
2058,5035,0
2090,5024,0
2111,5020,0
2124,5009,0
2127,5000,0
2121,4985,1
2396,4776,0
2397,4780,0
2397,4796,0
2399,4825,0
2403,4865,0
2412,4921,0
2420,4982,0
2425,5054,0
2425,5125,0
2420,5200,0
2414,5260,0
2408,5308,0
2408,5337,0
2412,5335,0
2410,5327,0
2423,5295,0
2438,5246,0
2455,5195,0
2470,5138,0
2487,5095,0
2504,5069,0
2516,5062,0
2531,5062,0
2547,5078,0
2565,5106,0
2579,5139,0
2598,5184,0
2615,5224,0
2634,5252,0
2655,5267,0
2675,5273,0
2696,5267,0
2716,5243,0
2731,5204,0
2742,5163,0
2743,5117,0
2737,5076,0
2725,5043,0
2715,5028,0
2704,5028,0
2692,5035,0
2684,5059,0
2680,5095,0
2684,5144,0
2691,5197,0
2709,5254,0
2729,5298,0
2750,5324,0
2767,5331,0
2789,5329,0
2809,5309,0
2828,5273,0
2844,5230,0
2856,5183,0
2861,5139,0
2863,5108,0
2865,5103,0
2865,5103,0
2865,5108,0
2867,5137,0
2866,5175,0
2864,5223,0
2861,5270,0
2861,5308,0
2859,5330,0
2856,5331,0
2856,5327,0
2859,5326,0
2865,5303,0
2878,5273,0
2893,5238,0
2914,5204,0
2936,5175,0
2967,5156,0
2993,5141,0
3021,5134,0
3046,5137,0
3067,5142,0
3090,5154,0
3104,5161,0
3115,5166,1
3514,5109,0
3515,5105,0
3514,5096,0
3504,5088,0
3489,5081,0
3469,5077,0
3448,5079,0
3424,5081,0
3403,5087,0
3384,5096,0
3368,5099,0
3363,5106,0
3363,5106,0
3365,5105,0
3380,5115,0
3408,5129,0
3440,5154,0
3480,5184,0
3516,5210,0
3551,5247,0
3580,5286,0
3600,5326,0
3607,5363,0
3613,5403,0
3607,5434,0
3591,5463,0
3569,5482,0
3539,5491,0
3508,5492,0
3481,5492,0
3458,5484,0
3439,5475,0
3426,5455,0
3421,5427,0
3426,5394,0
3437,5344,0
3460,5291,1
3671,4838,0
3674,4836,0
3672,4837,0
3672,4846,0
3674,4877,0
3676,4922,0
3677,4980,0
3679,5052,0
3680,5137,0
3683,5226,0
3686,5319,0
3685,5395,0
3685,5457,0
3682,5486,0
3682,5486,0
3682,5482,0
3682,5450,0
3689,5402,0
3700,5347,0
3711,5288,0
3728,5239,0
3744,5203,0
3759,5186,0
3779,5185,0
3797,5188,0
3815,5201,0
3827,5231,0
3839,5274,0
3840,5315,0
3846,5361,0
3847,5397,0
3848,5428,0
3848,5446,0
3847,5452,0
3851,5454,0
3853,5438,0
3857,5409,1
3928,5152,0
3939,5145,0
3964,5146,0
3989,5144,0
4017,5161,0
4036,5187,0
4056,5226,0
4063,5273,0
4063,5323,0
4056,5373,0
4041,5423,0
4019,5458,0
3993,5482,0
3969,5491,0
3945,5482,0
3927,5468,0
3911,5436,0
3906,5397,0
3906,5343,0
3915,5292,0
3928,5239,0
3945,5197,0
3959,5162,0
3979,5146,0
3996,5136,1
4121,5429,0
4116,5421,0
4113,5401,0
4107,5367,0
4105,5331,0
4103,5291,0
4108,5260,0
4116,5236,0
4131,5224,0
4148,5213,0
4169,5209,0
4192,5209,0
4215,5214,0
4237,5223,0
4259,5238,0
4276,5246,0
4290,5252,1
4309,4841,0
4321,4852,0
4329,4871,0
4338,4905,0
4347,4951,0
4356,5012,0
4364,5079,0
4374,5160,0
4374,5240,0
4375,5321,0
4366,5388,0
4354,5438,0
4336,5464,0
4318,5470,0
4299,5458,0
4280,5436,0
4269,5406,0
4262,5368,0
4269,5331,0
4281,5299,0
4299,5274,0
4325,5258,0
4352,5245,0
4382,5240,0
4410,5241,0
4426,5240,0
4439,5246,0
4449,5258,0
4450,5272,1
4533,5496,0
4533,5489,0
4536,5493,0
4535,5494,0
4534,5494,0
4532,5495,0
4532,5495,0
4531,5496,0
4533,5499,0
4533,5499,0
4531,5496,0
4536,5499,0
4537,5497,0
4538,5496,0
4540,5496,0
4538,5491,0
4536,5489,1
4733,4963,0
4731,4965,0
4729,4971,0
4727,4984,0
4726,4999,0
4729,5021,0
4730,5041,0
4731,5060,0
4739,5079,0
4743,5086,0
4746,5084,0
4751,5070,0
4763,5050,1
4793,4933,0
4793,4937,0
4796,4955,0
4799,4977,0
4801,5006,0
4809,5042,0
4815,5076,0
4824,5110,1
4940,4999,0
4936,4997,0
4938,5007,0
4938,5033,0
4941,5071,0
4941,5121,0
4944,5189,0
4951,5265,0
4959,5354,0
4965,5434,0
4976,5505,0
4983,5550,0
4989,5566,0
4995,5561,0
5007,5532,0
5019,5479,0
5026,5414,0
5031,5350,0
5035,5301,0
5038,5273,0
5041,5276,0
5053,5292,0
5068,5337,0
5080,5398,0
5093,5463,0
5104,5525,0
5116,5571,0
5125,5590,0
5131,5590,0
5146,5574,0
5166,5528,0
5184,5470,0
5201,5395,0
5218,5315,0
5234,5240,0
5243,5170,0
5251,5122,0
5260,5094,0
5265,5085,0
5269,5086,0
5272,5100,1
5259,5508,0
5278,5513,0
5303,5498,0
5328,5478,0
5353,5448,0
5375,5420,0
5385,5390,0
5386,5364,0
5385,5344,0
5378,5330,0
5366,5323,0
5347,5323,0
5331,5337,0
5315,5356,0
5299,5383,0
5291,5421,0
5286,5460,0
5286,5502,0
5289,5540,0
5299,5572,0
5315,5596,0
5338,5618,0
5363,5629,0
5390,5633,0
5416,5634,0
5442,5627,0
5467,5618,0
5489,5605,0
5506,5592,1
5728,5344,0
5730,5342,0
5732,5346,0
5730,5347,0
5732,5361,0
5732,5394,0
5728,5435,0
5730,5487,0
5736,5549,0
5741,5604,0
5750,5648,0
5757,5674,0
5764,5679,0
5774,5665,0
5785,5629,0
5795,5583,0
5796,5535,0
5798,5491,0
5798,5464,0
5800,5462,0
5803,5465,0
5807,5487,0
5815,5528,0
5823,5580,0
5833,5629,0
5846,5666,0
5855,5685,0
5861,5691,0
5869,5678,0
5879,5653,0
5892,5616,0
5897,5568,0
5908,5520,0
5914,5472,0
5921,5438,0
5926,5417,0
5930,5408,1
5936,5645,0
5944,5644,0
5957,5632,0
5973,5607,0
5991,5575,0
6005,5541,0
6015,5509,0
6024,5491,0
6029,5486,0
6031,5489,0
6039,5504,0
6042,5534,0
6050,5575,0
6056,5618,0
6068,5656,0
6083,5687,0
6103,5706,0
6120,5706,0
6143,5696,0
6165,5665,0
6185,5625,0
6204,5573,0
6215,5513,0
6227,5446,0
6229,5383,0
6227,5329,0
6220,5290,0
6213,5264,0
6200,5260,0
6197,5268,0
6182,5294,0
6169,5340,0
6165,5401,0
6168,5470,0
6173,5542,0
6182,5611,0
6201,5665,0
6222,5700,0
6244,5712,0
6269,5711,0
6293,5682,0
6317,5632,0
6332,5567,0
6344,5494,0
6352,5424,0
6347,5354,0
6339,5306,0
6324,5265,0
6316,5255,0
6302,5257,0
6297,5286,0
6291,5332,0
6286,5394,0
6290,5462,0
6299,5532,0
6309,5606,0
6327,5667,0
6345,5710,0
6366,5751,0
6387,5781,0
6405,5803,0
6418,5807,0
6421,5798,0
6424,5778,0
6419,5745,1
6015,5240,0
6016,5238,0
6012,5237,0
6013,5236,0
6016,5238,0
6015,5240,0
6014,5240,0
6013,5242,0
6014,5240,0
6016,5244,0
6013,5242,0
6012,5243,0
6013,5241,0
6009,5245,0
6005,5243,0
6002,5241,0
6001,5231,1