you obviously are. &quot;&quot; But how
701
448,2330,0
451,2348,0
458,2371,0
468,2395,0
480,2422,0
494,2439,0
511,2443,0
528,2431,0
546,2427,0
566,2403,0
583,2374,0
598,2348,0
607,2318,0
612,2290,0
614,2270,0
613,2262,0
613,2266,0
612,2277,0
610,2310,0
614,2356,0
624,2407,0
640,2467,0
660,2523,0
677,2576,0
686,2618,0
689,2654,0
683,2685,0
668,2703,0
644,2712,0
614,2702,0
586,2677,0
571,2649,0
562,2627,0
561,2598,0
567,2562,0
584,2526,0
610,2482,0
634,2446,0
655,2417,0
674,2388,0
692,2359,0
705,2337,0
715,2314,0
719,2306,0
717,2306,0
707,2313,0
693,2335,0
682,2361,0
678,2393,0
680,2418,0
689,2435,0
702,2441,0
716,2432,0
733,2418,0
745,2396,0
754,2369,0
756,2345,0
752,2316,0
747,2295,0
745,2291,0
745,2291,0
745,2295,0
748,2307,0
755,2321,0
767,2323,0
782,2325,0
797,2314,0
812,2304,0
823,2289,0
832,2279,0
836,2271,0
837,2271,0
837,2275,0
834,2295,0
831,2323,0
832,2355,0
836,2380,0
845,2396,0
858,2398,0
873,2391,0
889,2376,0
901,2353,0
911,2330,0
915,2302,0
919,2275,0
922,2263,0
923,2263,0
925,2271,0
931,2296,0
939,2321,0
950,2340,0
966,2357,0
985,2367,1
1421,2265,0
1415,2258,0
1414,2258,0
1409,2255,0
1404,2252,0
1399,2257,0
1389,2270,0
1382,2304,0
1377,2349,0
1379,2388,0
1388,2416,0
1405,2422,0
1426,2410,0
1443,2388,0
1455,2360,0
1462,2331,0
1465,2302,0
1466,2277,0
1464,2265,0
1457,2263,0
1452,2264,0
1453,2268,0
1453,2268,0
1452,2264,0
1456,2268,0
1462,2274,0
1471,2281,0
1481,2283,0
1494,2285,0
1510,2286,0
1524,2279,0
1541,2271,0
1559,2255,0
1607,2222,0
1595,2205,0
1605,2169,0
1609,2126,0
1607,2094,0
1604,2087,0
1597,2092,0
1582,2113,0
1568,2150,0
1555,2203,0
1547,2265,0
1547,2330,0
1549,2379,0
1556,2407,0
1565,2417,0
1575,2415,0
1585,2400,0
1595,2369,0
1600,2327,0
1620,2289,0
1635,2310,0
1643,2316,0
1652,2318,0
1660,2316,0
1669,2309,0
1682,2301,0
1693,2286,0
1708,2269,0
1722,2252,0
1736,2239,0
1748,2227,0
1756,2220,0
1761,2215,0
1765,2217,0
1761,2214,0
1763,2227,0
1759,2241,0
1751,2256,0
1744,2279,0
1737,2301,0
1736,2327,0
1736,2348,0
1742,2367,0
1751,2377,0
1761,2378,0
1775,2374,0
1788,2362,0
1800,2345,0
1809,2321,0
1814,2289,0
1821,2261,0
1823,2240,0
1824,2235,0
1824,2235,0
1826,2239,0
1824,2239,0
1830,2250,0
1834,2257,0
1841,2263,0
1848,2264,0
1857,2261,0
1864,2254,0
1872,2246,0
1878,2236,0
1886,2229,0
1894,2221,0
1902,2213,0
1906,2207,0
1909,2206,0
1913,2210,0
1913,2213,0
1911,2219,0
1911,2231,0
1910,2249,0
1908,2268,0
1906,2286,0
1908,2306,0
1912,2322,0
1915,2329,0
1921,2335,0
1929,2340,0
1934,2338,0
1942,2335,0
1949,2324,0
1961,2311,0
1975,2292,0
1990,2272,0
2006,2252,0
2022,2236,0
2034,2222,0
2038,2211,0
2043,2213,0
2043,2214,0
2040,2224,0
2032,2244,0
2022,2271,0
2018,2304,0
2017,2326,0
2026,2335,0
2041,2333,0
2058,2316,0
2074,2296,0
2084,2278,0
2086,2260,0
2079,2236,0
2071,2218,0
2067,2215,0
2065,2217,0
2067,2219,0
2065,2221,0
2075,2229,0
2089,2235,0
2104,2233,0
2122,2228,0
2139,2215,0
2153,2198,0
2176,2190,0
2185,2178,0
2190,2170,0
2190,2169,0
2191,2174,0
2188,2189,0
2180,2211,0
2176,2241,0
2173,2269,0
2176,2290,0
2180,2297,0
2190,2301,0
2200,2292,0
2213,2280,0
2222,2262,0
2231,2243,0
2238,2221,0
2242,2200,0
2246,2193,0
2246,2193,0
2248,2197,0
2251,2210,0
2253,2226,0
2256,2248,0
2261,2267,0
2270,2281,0
2280,2289,0
2289,2289,0
2299,2287,0
2305,2280,0
2316,2277,0
2322,2270,0
2326,2263,0
2337,2260,0
2340,2254,0
2342,2248,0
2350,2248,0
2352,2242,0
2359,2238,0
2362,2227,0
2371,2217,0
2373,2196,0
2377,2179,0
2381,2167,0
2380,2162,0
2379,2163,0
2377,2165,0
2379,2174,0
2377,2183,0
2384,2198,0
2391,2208,0
2401,2220,0
2410,2229,0
2422,2241,0
2427,2247,0
2427,2251,0
2427,2260,0
2421,2270,0
2408,2273,0
2399,2279,0
2386,2277,0
2383,2280,0
2378,2277,0
2378,2277,0
2379,2277,0
2381,2275,0
2390,2275,0
2405,2275,0
2417,2262,0
2436,2251,0
2448,2233,0
2461,2215,0
2473,2196,0
2485,2178,0
2497,2156,0
2505,2135,0
2511,2116,0
2519,2105,0
2525,2095,0
2527,2084,0
2525,2075,0
2521,2068,0
2514,2063,0
2507,2063,0
2500,2065,0
2497,2072,0
2495,2082,0
2489,2093,0
2489,2113,0
2485,2130,0
2478,2149,0
2480,2172,0
2481,2191,0
2482,2210,0
2481,2221,0
2487,2231,0
2490,2233,0
2499,2236,0
2510,2234,0
2521,2227,0
2534,2217,0
2543,2202,0
2552,2186,0
2556,2167,0
2568,2158,0
2571,2151,0
2574,2154,0
2573,2154,0
2572,2165,0
2570,2181,0
2569,2198,0
2571,2210,0
2572,2220,0
2581,2228,0
2593,2229,0
2606,2224,0
2624,2217,0
2634,2198,0
2650,2186,0
2654,2172,0
2667,2162,0
2671,2150,0
2672,2149,0
2671,2150,0
2674,2162,0
2680,2183,0
2683,2202,0
2691,2230,0
2703,2266,0
2715,2302,0
2729,2342,0
2741,2374,0
2740,2395,0
2731,2411,0
2714,2418,0
2698,2420,0
2688,2413,0
2682,2398,0
2686,2379,0
2700,2355,0
2721,2328,0
2746,2299,0
2776,2275,0
2801,2254,1
1889,2085,0
1879,2081,0
1879,2084,0
1881,2089,0
1888,2094,1
3164,2169,0
3164,2157,0
3159,2145,0
3160,2139,0
3152,2130,0
3148,2128,0
3139,2132,0
3122,2143,0
3105,2166,0
3090,2193,0
3088,2223,0
3091,2241,0
3103,2253,0
3119,2258,0
3134,2256,0
3154,2248,0
3175,2232,0
3192,2214,0
3206,2195,0
3216,2172,0
3228,2154,0
3233,2147,0
3234,2147,0
3239,2153,0
3243,2166,0
3250,2177,0
3260,2183,0
3267,2182,0
3281,2178,0
3297,2167,0
3306,2151,0
3317,2138,0
3320,2123,0
3325,2117,0
3328,2119,0
3332,2134,0
3336,2159,0
3340,2185,0
3348,2205,0
3354,2217,0
3364,2224,0
3372,2221,0
3378,2215,0
3383,2203,0
3384,2183,0
3394,2172,0
3398,2166,0
3399,2166,0
3408,2174,0
3421,2188,0
3438,2200,0
3456,2205,0
3482,2204,0
3503,2191,0
3527,2174,0
3551,2159,0
3561,2139,0
3568,2118,0
3576,2108,0
3572,2106,0
3569,2110,0
3554,2122,0
3545,2147,0
3538,2175,0
3535,2198,0
3541,2215,0
3562,2227,0
3584,2232,0
3610,2239,1
3742,2253,0
3737,2252,0
3737,2252,0
3741,2253,0
3745,2255,1
4134,1889,0
4133,1914,0
4131,1943,0
4135,1974,0
4140,1997,1
4204,1836,0
4208,1838,0
4204,1843,0
4204,1868,0
4202,1906,0
4205,1957,0
4203,2009,0
4205,2046,0
4214,2069,1
4410,1829,0
4410,1837,0
4408,1870,0
4403,1913,0
4403,1963,1
4447,1828,0
4444,1831,0
4440,1848,0
4437,1883,0
4437,1935,1
4730,1920,0
4730,1911,0
4735,1910,0
4739,1911,0
4742,1914,0
4749,1928,0
4758,1955,0
4765,1994,0
4772,2044,0
4775,2097,0
4779,2152,0
4780,2191,0
4782,2219,0
4788,2234,0
4792,2234,0
4796,2226,0
4792,2202,1
4731,1930,0
4737,1916,0
4756,1903,0
4769,1886,0
4807,1879,0
4829,1870,0
4852,1866,0
4870,1877,0
4875,1894,0
4868,1920,0
4867,1950,0
4856,1973,0
4866,1997,0
4880,2015,0
4894,2031,0
4918,2046,0
4942,2060,0
4963,2072,0
4975,2084,0
4980,2100,0
4980,2121,0
4965,2141,0
4944,2164,0
4914,2179,0
4885,2190,0
4862,2200,0
4841,2204,0
4831,2207,0
4829,2209,0
4834,2208,0
4842,2210,0
4856,2210,0
4875,2210,0
4898,2207,0
4922,2198,0
4953,2189,0
4984,2174,0
5008,2153,0
5035,2135,0
5062,2116,0
5086,2095,0
5103,2078,0
5114,2072,0
5113,2073,0
5113,2083,0
5103,2106,0
5100,2130,0
5098,2152,0
5104,2167,0
5114,2174,0
5120,2169,0
5126,2158,0
5154,2149,0
5167,2130,0
5169,2106,0
5175,2092,0
5187,2087,0
5191,2089,0
5195,2099,0
5193,2121,0
5208,2145,0
5216,2157,0
5235,2164,0
5254,2160,0
5273,2148,0
5289,2124,0
5305,2098,0
5315,2066,0
5326,2023,0
5337,1978,0
5347,1943,0
5358,1927,0
5364,1923,0
5368,1925,0
5370,1938,0
5369,1973,0
5368,2015,0
5364,2055,0
5369,2092,0
5367,2116,0
5372,2134,1
5347,2102,0
5347,2102,0
5351,2104,0
5359,2106,0
5379,2108,0
5392,2101,0
5420,2096,0
5434,2083,0
5455,2075,1
5546,2138,0
5546,2138,0
5551,2136,0
5561,2133,0
5568,2118,0
5585,2099,0
5600,2075,0
5614,2048,0
5628,2017,0
5638,1981,0
5643,1944,0
5643,1911,0
5646,1881,0
5648,1865,0
5641,1861,0
5643,1867,0
5639,1888,0
5635,1923,0
5636,1965,0
5641,2005,0
5654,2037,0
5663,2056,0
5677,2067,0
5685,2067,0
5690,2065,0
5695,2053,0
5697,2036,0
5701,2028,0
5709,2027,0
5713,2029,0
5728,2036,0
5744,2038,0
5766,2037,0
5791,2029,0
5808,2018,0
5824,2012,0
5834,2006,0
5832,2002,0
5835,2003,0
5830,2005,0
5830,2026,0
5829,2052,0
5829,2075,0
5836,2087,0
5852,2091,0
5870,2088,0
5879,2078,0
5892,2065,0
5899,2049,0
5899,2026,0
5898,2007,0
5896,2000,0
5892,2002,0
5886,2005,0
5881,2007,0
5884,2011,0
5891,2015,0
5898,2018,0
5915,2018,0
5926,2013,0
5941,2006,0
5954,1995,0
5970,1985,0
5981,1977,0
5988,1972,0
5992,1972,0
5996,1974,0
5996,1983,0
5991,1997,0
5985,2014,0
5978,2033,0
5975,2053,0
5973,2069,0
5973,2079,0
5980,2084,0
5992,2087,0
6005,2085,0
6010,2075,0
6022,2063,0
6037,2046,0
6054,2026,0
6066,2005,0
6077,1986,0
6083,1980,0
6080,1978,0
6075,1978,0
6076,1988,0
6077,2009,0
6074,2029,0
6078,2051,0
6080,2067,0
6094,2077,0
6106,2079,0
6116,2076,0
6122,2070,0
6131,2060,0
6133,2041,0
6136,2022,0
6140,2011,0
6150,2006,0
6165,2001,0
6183,1999,0
6208,1996,0
6239,1993,0
6268,1986,1