silence. Julia had already realised
652
1440,2881,0
1441,2885,0
1441,2889,0
1441,2905,0
1437,2917,0
1436,2938,0
1433,2954,0
1431,2963,0
1435,2975,0
1437,2978,0
1440,2982,0
1443,2973,0
1447,2957,1
1473,2767,0
1466,2760,0
1464,2760,0
1462,2761,0
1462,2765,1
1568,2767,0
1568,2772,0
1567,2772,0
1566,2780,0
1563,2796,0
1559,2818,0
1553,2847,0
1546,2885,0
1537,2919,0
1532,2948,0
1532,2964,0
1535,2972,0
1544,2978,0
1558,2984,0
1575,2982,0
1595,2974,0
1616,2965,1
1648,2935,0
1643,2936,0
1647,2939,0
1649,2938,0
1655,2933,0
1667,2931,0
1681,2924,0
1691,2914,0
1697,2912,0
1696,2912,0
1689,2906,0
1676,2905,0
1658,2908,0
1642,2920,0
1634,2942,0
1629,2955,0
1631,2967,0
1638,2974,0
1650,2975,0
1670,2971,0
1693,2963,1
1746,2896,0
1746,2896,0
1746,2897,0
1746,2897,0
1749,2908,0
1751,2920,0
1757,2939,0
1760,2951,0
1762,2958,0
1764,2962,0
1768,2965,0
1768,2965,0
1771,2960,0
1779,2954,0
1791,2939,0
1806,2923,0
1822,2910,0
1836,2902,0
1848,2902,0
1851,2897,0
1857,2905,0
1861,2916,0
1860,2929,0
1859,2949,0
1855,2963,0
1853,2972,0
1851,2977,0
1857,2984,0
1861,2978,1
1965,2910,0
1959,2907,0
1954,2913,0
1941,2917,0
1926,2926,0
1912,2938,0
1907,2956,0
1906,2970,0
1913,2980,0
1925,2984,0
1942,2983,0
1965,2980,0
1983,2975,1
2034,2924,0
2034,2929,0
2032,2924,0
2031,2921,0
2039,2923,0
2051,2922,0
2065,2922,0
2075,2914,0
2085,2905,0
2097,2902,0
2102,2895,0
2100,2888,0
2094,2881,0
2084,2881,0
2070,2886,0
2051,2897,0
2036,2915,0
2027,2931,0
2032,2946,0
2041,2955,0
2054,2959,0
2077,2965,0
2092,2959,0
2106,2954,0
2119,2949,1
2256,2972,0
2254,2972,0
2254,2972,0
2254,2972,0
2257,2975,0
2256,2976,0
2254,2977,0
2251,2978,0
2249,2979,0
2248,2980,0
2248,2984,0
2246,2980,0
2246,2981,0
2245,2980,0
2245,2980,0
2246,2980,0
2251,2978,1
2526,2811,0
2526,2811,0
2523,2808,0
2523,2808,0
2521,2808,0
2523,2813,0
2524,2821,0
2525,2835,0
2531,2859,0
2536,2883,0
2538,2910,0
2535,2934,0
2531,2953,0
2528,2973,0
2521,2985,0
2512,2990,0
2501,2992,0
2489,2992,0
2477,2990,0
2467,2986,0
2460,2972,1
2600,2894,0
2596,2895,0
2591,2903,0
2586,2910,0
2588,2927,0
2583,2939,0
2584,2952,0
2589,2963,0
2593,2966,0
2596,2964,0
2608,2962,0
2624,2953,0
2636,2937,0
2649,2926,0
2657,2916,0
2665,2917,0
2661,2914,0
2663,2917,0
2661,2928,0
2661,2941,0
2660,2951,0
2663,2964,0
2664,2972,0
2670,2978,0
2678,2979,1
2753,2817,0
2748,2830,0
2738,2844,0
2738,2873,0
2735,2903,0
2736,2930,0
2738,2948,0
2740,2956,0
2743,2958,0
2754,2962,0
2767,2963,0
2782,2959,0
2799,2958,1
2834,2907,0
2833,2908,0
2834,2912,0
2837,2924,0
2835,2935,0
2836,2949,0
2836,2958,0
2837,2963,0
2839,2966,1
2849,2801,0
2850,2796,0
2851,2796,0
2850,2796,0
2847,2794,1
2941,2885,0
2936,2883,0
2928,2878,0
2917,2877,0
2907,2884,0
2898,2894,0
2895,2910,0
2893,2926,0
2894,2935,0
2900,2940,0
2912,2943,0
2924,2939,0
2938,2934,0
2951,2926,0
2954,2914,0
2957,2903,0
2962,2894,0
2963,2894,0
2958,2892,0
2960,2900,0
2963,2919,0
2967,2940,0
2965,2951,0
2973,2965,0
2977,2971,1
3223,2767,0
3223,2767,0
3222,2768,0
3225,2781,0
3224,2797,0
3226,2822,0
3226,2853,0
3223,2890,0
3223,2922,0
3225,2945,0
3228,2963,0
3227,2968,0
3230,2971,0
3230,2971,0
3232,2970,0
3234,2963,0
3240,2948,0
3253,2934,0
3272,2917,0
3295,2900,0
3322,2888,0
3342,2877,0
3360,2878,0
3374,2886,0
3380,2897,0
3382,2911,0
3381,2927,0
3379,2945,0
3378,2962,0
3378,2977,0
3375,2984,0
3375,2989,0
3380,2990,1
3502,2929,0
3499,2926,0
3497,2929,0
3489,2920,0
3476,2920,0
3459,2924,0
3443,2937,0
3432,2953,0
3427,2967,0
3428,2976,0
3436,2980,0
3445,2978,0
3462,2974,0
3480,2964,0
3495,2951,0
3507,2941,0
3509,2928,0
3516,2922,0
3517,2922,0
3514,2924,0
3510,2926,0
3511,2947,0
3507,2967,0
3506,2980,0
3513,2989,1
3669,2924,0
3673,2925,0
3670,2922,0
3665,2917,0
3656,2914,0
3641,2911,0
3625,2915,0
3612,2927,0
3600,2943,0
3590,2963,0
3591,2979,0
3595,2987,0
3600,2987,0
3616,2988,0
3633,2983,0
3649,2969,0
3664,2955,0
3679,2942,0
3688,2922,0
3698,2902,0
3699,2878,0
3702,2858,0
3703,2846,0
3701,2843,0
3699,2844,0
3698,2856,0
3690,2881,0
3684,2919,0
3683,2959,0
3681,2978,0
3687,2994,0
3690,3001,0
3693,3004,1
4046,2919,1
4017,2913,0
4001,2919,0
3990,2936,0
3978,2955,0
3976,2975,0
3975,2981,0
3978,2983,0
3989,2984,0
4003,2982,0
4011,2972,0
4027,2967,0
4038,2951,0
4052,2941,0
4063,2929,0
4063,2917,0
4066,2914,0
4069,2917,0
4068,2918,0
4068,2929,0
4067,2943,0
4061,2954,0
4062,2965,0
4068,2977,0
4069,2982,1
4186,2795,0
4189,2798,0
4186,2808,0
4182,2832,0
4176,2869,0
4172,2910,0
4167,2946,0
4159,2966,0
4162,2980,0
4167,2989,0
4181,2996,0
4200,2994,0
4222,2987,1
4345,2917,1
4334,2912,0
4335,2918,0
4333,2932,0
4334,2955,0
4333,2970,0
4332,2976,0
4332,2976,0
4333,2975,0
4331,2972,0
4336,2972,0
4339,2967,0
4346,2953,0
4362,2935,0
4389,2922,0
4408,2911,0
4423,2905,1
4449,2957,1
4497,2936,0
4510,2932,0
4521,2924,0
4532,2917,0
4533,2910,0
4531,2905,0
4522,2897,0
4505,2894,0
4488,2902,0
4466,2923,0
4448,2956,0
4439,2992,0
4437,3007,0
4446,3016,0
4463,3021,0
4488,3021,1
4674,2949,0
4674,2949,0
4673,2945,0
4671,2941,0
4664,2936,0
4657,2939,0
4640,2941,0
4627,2958,0
4615,2980,0
4606,2998,0
4607,3002,0
4613,3007,0
4624,3006,0
4639,3001,0
4655,2994,0
4667,2984,0
4678,2976,0
4687,2966,0
4688,2958,0
4693,2958,0
4690,2956,0
4686,2960,0
4685,2975,0
4684,2996,0
4685,3007,1
4811,2948,0
4808,2946,0
4790,2942,0
4776,2941,0
4761,2947,0
4750,2963,0
4737,2985,0
4732,3006,0
4732,3018,0
4735,3021,0
4750,3028,0
4759,3023,0
4774,3016,0
4792,3007,0
4806,2994,0
4821,2975,0
4829,2950,0
4838,2925,0
4846,2900,0
4856,2881,0
4854,2868,0
4858,2870,0
4858,2870,0
4855,2874,0
4850,2895,0
4840,2936,0
4835,2976,0
4831,3001,0
4831,3014,0
4827,3020,0
4833,3025,0
4833,3025,0
4835,3023,1
4946,2941,0
4953,2943,0
4953,2951,0
4946,2967,0
4936,2994,0
4920,3016,0
4903,3038,0
4889,3057,0
4879,3069,1
4888,2966,0
4893,2965,0
4891,2969,0
4901,2981,0
4904,2996,1
5332,2986,0
5331,2987,0
5333,2992,0
5333,2999,0
5329,3011,0
5327,3028,0
5327,3043,0
5327,3057,0
5325,3067,0
5327,3073,0
5329,3076,0
5329,3076,0
5329,3076,0
5332,3071,0
5339,3060,0
5351,3045,0
5370,3030,0
5385,3013,0
5407,3003,0
5428,3000,0
5434,2998,1
5491,3043,0
5491,3050,0
5492,3054,0
5495,3057,0
5501,3055,0
5513,3052,0
5530,3041,0
5549,3033,0
5562,3028,0
5561,3023,0
5559,3019,0
5548,3013,0
5535,3012,0
5523,3016,0
5501,3027,0
5486,3049,0
5479,3075,0
5476,3095,0
5475,3103,0
5486,3109,0
5503,3111,0
5526,3105,0
5556,3097,0
5578,3085,1
5691,3018,0
5682,3018,0
5672,3018,0
5661,3021,0
5648,3028,0
5636,3038,0
5627,3052,0
5622,3068,0
5617,3077,0
5622,3083,0
5643,3079,0
5654,3069,0
5671,3058,0
5682,3047,0
5689,3035,0
5697,3030,0
5694,3028,0
5697,3033,0
5694,3043,0
5689,3059,0
5688,3075,0
5689,3089,0
5689,3096,0
5692,3100,1
5797,2943,1
5784,2958,0
5777,2976,0
5767,3001,0
5767,3031,0
5762,3054,0
5764,3075,0
5766,3087,0
5768,3091,0
5780,3095,0
5792,3091,0
5810,3084,0
5824,3078,1
5880,3039,0
5874,3040,0
5874,3049,0
5868,3057,0
5869,3072,0
5864,3080,0
5862,3091,0
5862,3099,0
5862,3106,1
5897,2953,0
5897,2953,0
5894,2951,0
5894,2953,0
5893,2953,1
6009,3057,0
6013,3057,0
6015,3053,0
6013,3048,0
6019,3047,0
6018,3047,0
6014,3047,0
6013,3050,0
6003,3052,0
5990,3057,0
5986,3064,0
5984,3068,0
5984,3074,0
5990,3081,0
5995,3088,0
6007,3098,0
6016,3107,0
6019,3117,0
6014,3125,0
6007,3138,0
5998,3146,0
5988,3152,0
5980,3152,0
5979,3153,0
5980,3151,1
6111,3081,0
6106,3081,0
6100,3081,0
6100,3081,0
6104,3083,0
6104,3083,0
6110,3081,0
6126,3077,0
6143,3073,0
6159,3068,0
6171,3064,0
6172,3062,0
6169,3059,0
6160,3052,0
6143,3048,0
6128,3051,0
6112,3063,0
6092,3079,0
6081,3099,0
6076,3115,0
6074,3127,0
6083,3134,0
6091,3137,0
6113,3139,0
6133,3137,1
6278,3086,0
6280,3082,0
6271,3075,0
6272,3071,0
6265,3068,0
6259,3070,0
6242,3076,0
6226,3088,0
6215,3100,0
6210,3107,0
6215,3115,0
6218,3119,0
6230,3122,0
6244,3121,0
6260,3117,0
6280,3106,0
6293,3091,1
6317,3049,0
6322,3022,0
6327,2996,0
6336,2978,0
6336,2963,0
6336,2963,0
6336,2963,0
6331,2972,0
6321,2992,0
6309,3029,0
6300,3069,0
6297,3099,0
6296,3119,0
6297,3132,0
6310,3141,0
6313,3146,1