behaving in that high-handed
755
539,2773,0
537,2777,0
538,2798,0
540,2822,0
540,2859,0
540,2896,0
542,2941,0
544,2990,0
543,3039,0
539,3091,0
532,3131,0
524,3157,0
516,3168,0
516,3173,0
514,3168,0
514,3160,0
518,3136,0
528,3105,0
538,3075,0
550,3049,0
563,3022,0
575,3000,0
588,2987,0
603,2981,0
617,2979,0
632,2981,0
644,2999,0
649,3016,0
648,3036,0
639,3071,0
625,3105,0
606,3136,0
581,3163,0
552,3183,0
526,3198,0
507,3204,0
500,3198,1
699,3088,0
702,3093,0
710,3090,0
721,3083,0
735,3069,0
752,3050,0
769,3036,0
784,3018,0
792,3002,0
796,2990,0
791,2982,0
786,2977,0
769,2976,0
750,2986,0
728,3004,0
706,3025,0
687,3046,0
676,3077,0
673,3100,0
677,3126,0
690,3144,0
712,3158,0
740,3161,0
771,3160,0
802,3152,0
833,3138,0
861,3120,0
883,3102,0
903,3079,1
909,2779,0
907,2791,0
909,2815,0
910,2847,0
911,2888,0
911,2927,0
910,2972,0
908,3004,0
906,3031,0
904,3052,0
905,3052,0
907,3047,0
913,3040,0
921,3016,0
932,2985,0
947,2958,0
962,2934,0
977,2911,0
993,2903,0
1006,2900,0
1018,2908,0
1026,2928,0
1029,2952,0
1029,2989,0
1025,3024,0
1018,3056,0
1012,3083,0
1006,3096,0
1009,3103,0
1015,3107,0
1025,3100,0
1038,3093,0
1053,3072,1
1127,3064,0
1119,3068,0
1112,3069,0
1103,3069,0
1096,3073,0
1088,3069,0
1078,3057,0
1074,3048,0
1073,3040,0
1077,3028,0
1085,3008,0
1102,2988,0
1122,2968,0
1141,2960,0
1160,2951,0
1179,2955,0
1194,2966,0
1202,2978,0
1205,2998,0
1200,3018,0
1189,3047,0
1171,3071,0
1150,3088,0
1132,3105,0
1117,3116,0
1106,3112,0
1101,3109,0
1100,3097,0
1105,3081,1
1194,3010,0
1192,3027,0
1195,3050,0
1199,3070,0
1209,3094,0
1218,3113,0
1228,3129,0
1236,3136,0
1245,3144,1
1251,2959,0
1249,2967,0
1252,2980,0
1258,2999,0
1266,3018,0
1278,3042,0
1290,3069,0
1301,3093,0
1312,3107,0
1324,3119,0
1339,3122,0
1355,3115,0
1372,3103,0
1389,3084,0
1401,3059,0
1416,3037,0
1428,3011,0
1434,2991,0
1439,2973,0
1440,2962,0
1440,2953,1
1516,2975,0
1517,2992,0
1520,3006,0
1521,3023,0
1522,3047,0
1524,3067,0
1526,3083,0
1525,3095,0
1527,3107,1
1541,2897,0
1534,2890,0
1527,2876,0
1522,2869,0
1520,2865,1
1608,2971,0
1612,2995,0
1615,3011,0
1620,3038,0
1621,3066,0
1621,3087,0
1620,3099,0
1617,3107,0
1620,3107,0
1619,3099,0
1622,3087,0
1630,3061,0
1645,3042,0
1658,3018,0
1675,2999,0
1693,2987,0
1708,2975,0
1725,2980,0
1739,2989,0
1751,3006,0
1756,3021,0
1760,3045,0
1763,3074,0
1759,3091,0
1759,3111,0
1759,3124,0
1759,3123,0
1759,3119,0
1766,3114,1
1837,3134,0
1831,3135,0
1821,3129,0
1810,3119,0
1802,3109,0
1796,3090,0
1795,3070,0
1800,3052,0
1807,3030,0
1818,3010,0
1833,2998,0
1854,2996,0
1871,2988,0
1890,2990,0
1907,2994,0
1922,3002,0
1930,3012,0
1935,3028,0
1931,3045,0
1922,3069,0
1906,3086,0
1891,3106,0
1875,3119,0
1862,3132,0
1853,3138,0
1847,3135,0
1847,3131,0
1848,3122,0
1855,3112,1
1896,3072,0
1900,3079,0
1908,3090,0
1916,3104,0
1925,3122,0
1933,3141,0
1938,3164,0
1936,3186,0
1927,3209,0
1911,3233,0
1886,3261,0
1856,3290,0
1820,3315,0
1786,3339,0
1754,3354,0
1733,3358,0
1720,3366,1
2411,3004,0
2410,3008,0
2412,3021,0
2415,3037,0
2415,3055,0
2419,3079,0
2422,3105,0
2421,3127,0
2420,3149,0
2419,3171,0
2417,3185,0
2415,3186,0
2417,3181,1
2416,2877,0
2413,2874,0
2412,2869,0
2413,2870,0
2413,2870,0
2412,2870,0
2412,2870,0
2411,2871,0
2413,2874,1
2486,2963,0
2488,2966,0
2488,2966,0
2490,2974,0
2494,2986,0
2500,3005,0
2503,3030,0
2506,3060,0
2504,3088,0
2506,3118,0
2502,3137,0
2496,3149,0
2496,3153,0
2497,3148,0
2497,3136,0
2504,3110,0
2514,3078,0
2533,3051,0
2552,3023,0
2576,3007,0
2597,3000,0
2617,2999,0
2634,3006,0
2650,3026,0
2660,3052,0
2668,3088,0
2674,3127,0
2671,3151,0
2664,3172,0
2662,3187,0
2661,3187,0
2663,3182,0
2675,3167,1
2965,2818,0
2963,2825,0
2965,2835,0
2967,2852,0
2965,2869,0
2962,2894,0
2960,2930,0
2955,2971,0
2945,3011,0
2939,3058,0
2934,3105,0
2928,3146,0
2923,3177,0
2922,3197,0
2924,3205,0
2926,3204,0
2930,3192,1
2898,2922,0
2905,2932,0
2919,2933,0
2935,2936,0
2955,2938,0
2977,2937,0
2996,2934,0
3017,2929,0
3031,2919,1
3051,2796,0
3052,2810,0
3057,2831,0
3062,2858,0
3067,2893,0
3071,2931,0
3078,2975,0
3076,3014,0
3073,3052,0
3066,3075,1
3068,3093,0
3067,3094,0
3068,3093,0
3070,3087,0
3073,3070,0
3082,3049,0
3088,3026,0
3101,3006,0
3117,2991,0
3134,2978,0
3150,2972,0
3166,2974,0
3184,2986,0
3193,2999,0
3202,3023,0
3204,3047,0
3194,3067,0
3193,3094,0
3189,3111,0
3186,3118,0
3192,3124,0
3201,3123,0
3213,3114,1
3307,3103,0
3293,3104,0
3281,3098,0
3268,3093,0
3256,3082,0
3250,3071,0
3247,3054,0
3247,3038,0
3257,3022,0
3266,3004,0
3281,2992,0
3294,2987,0
3310,2989,0
3326,2998,0
3337,3009,0
3345,3024,0
3350,3045,0
3346,3064,0
3336,3081,0
3322,3098,0
3305,3105,0
3291,3111,0
3279,3110,0
3274,3104,0
3274,3093,1
3354,3083,0
3358,3095,0
3366,3109,0
3377,3131,0
3384,3145,0
3392,3159,0
3397,3165,0
3406,3170,1
3474,2787,0
3472,2789,0
3476,2797,0
3475,2813,0
3473,2837,0
3469,2867,0
3469,2904,0
3465,2946,0
3460,2991,0
3459,3035,0
3455,3074,0
3451,3107,0
3455,3131,0
3459,3142,0
3462,3144,0
3468,3140,0
3473,3127,1
3414,2888,0
3422,2888,0
3433,2878,0
3465,2876,0
3498,2874,0
3525,2865,0
3561,2866,0
3592,2864,0
3620,2865,1
4101,2749,0
4097,2747,0
4097,2747,0
4099,2750,0
4102,2765,0
4106,2792,0
4110,2829,0
4110,2871,0
4109,2921,0
4104,2967,0
4099,3013,0
4090,3058,0
4079,3098,0
4071,3129,0
4063,3143,0
4066,3146,0
4067,3145,0
4068,3133,0
4068,3105,0
4077,3071,0
4085,3035,0
4100,3001,0
4118,2975,0
4135,2951,0
4152,2938,0
4167,2934,0
4184,2939,0
4194,2951,0
4206,2975,0
4207,2996,0
4208,3025,0
4205,3057,0
4196,3086,0
4186,3108,0
4179,3127,0
4179,3139,0
4179,3139,1
4273,2971,0
4276,2985,0
4276,2998,0
4277,3016,0
4277,3033,0
4274,3048,0
4273,3060,0
4270,3070,0
4273,3078,1
4291,2852,0
4283,2848,0
4285,2846,0
4285,2846,0
4285,2847,0
4292,2851,0
4296,2852,0
4304,2854,0
4316,2859,1
4365,3084,0
4356,3082,0
4346,3069,0
4336,3051,0
4333,3030,0
4340,3011,0
4345,2985,0
4365,2969,0
4378,2954,0
4399,2947,0
4415,2946,0
4433,2955,0
4445,2973,0
4451,2992,0
4448,3007,0
4430,3022,0
4415,3040,0
4398,3053,0
4391,3061,0
4393,3065,0
4400,3069,0
4414,3078,0
4433,3086,0
4446,3095,0
4463,3117,0
4483,3144,0
4488,3175,0
4484,3210,0
4470,3243,0
4449,3272,0
4425,3298,0
4390,3311,0
4361,3319,0
4336,3316,0
4318,3305,0
4311,3290,0
4310,3268,1
4507,2832,0
4500,2847,0
4503,2870,0
4509,2900,0
4513,2934,0
4516,2969,0
4516,3000,0
4512,3024,0
4511,3045,0
4510,3051,0
4509,3047,0
4512,3042,0
4523,3030,0
4540,3008,0
4559,2992,0
4579,2986,0
4601,2984,0
4615,2993,0
4625,3006,0
4625,3025,0
4623,3047,0
4616,3068,0
4613,3083,0
4609,3088,0
4611,3086,1
4709,3062,0
4714,3066,0
4719,3067,0
4727,3071,0
4743,3075,0
4753,3075,0
4765,3073,0
4782,3071,0
4803,3065,1
4977,2819,0
4975,2830,0
4970,2842,0
4973,2866,0
4975,2899,0
4978,2936,0
4980,2974,0
4985,3014,0
4982,3053,0
4969,3084,0
4966,3114,0
4959,3129,0
4961,3134,0
4962,3134,0
4966,3128,0
4976,3108,0
4988,3079,0
5011,3053,0
5028,3023,0
5055,3000,0
5079,2980,0
5101,2963,0
5125,2956,0
5148,2958,0
5166,2967,0
5185,2989,0
5197,3013,0
5197,3043,0
5189,3075,0
5174,3103,0
5166,3127,0
5161,3141,0
5156,3148,1
5265,3098,0
5251,3098,0
5243,3094,0
5236,3085,0
5227,3069,0
5228,3052,0
5233,3032,0
5255,3015,0
5270,2999,0
5287,2988,0
5308,2985,0
5320,2982,0
5339,2990,0
5346,3001,0
5349,3018,0
5346,3037,0
5338,3056,0
5320,3074,0
5305,3089,0
5287,3101,0
5274,3106,1
5334,3026,0
5332,3043,0
5340,3059,0
5356,3079,0
5369,3095,0
5381,3106,0
5392,3117,0
5400,3121,0
5400,3121,1
5431,2965,0
5433,2978,0
5440,2996,0
5443,3021,0
5446,3046,0
5448,3065,0
5442,3074,0
5443,3078,0
5445,3076,0
5445,3069,0
5450,3054,0
5460,3032,0
5474,3011,0
5490,2992,0
5512,2981,0
5530,2974,0
5549,2973,0
5564,2980,0
5575,2993,0
5588,3016,0
5593,3040,0
5595,3066,0
5594,3090,0
5593,3105,0
5591,3115,0
5599,3119,0
5608,3118,0
5619,3110,0
5639,3102,1
5725,3137,0
5720,3138,0
5717,3134,0
5709,3124,0
5700,3110,0
5685,3088,0
5676,3064,0
5670,3037,0
5676,3012,0
5685,2990,0
5697,2970,0
5717,2960,0
5741,2960,0
5763,2960,0
5784,2972,0
5804,2986,0
5815,3006,0
5816,3028,0
5810,3054,0
5796,3076,0
5779,3098,0
5753,3116,0
5725,3129,0
5703,3134,0
5689,3134,0
5678,3129,0
5676,3117,0
5683,3098,0
5699,3074,1
5798,2854,0
5792,2865,0
5796,2882,0
5799,2900,0
5805,2923,0
5812,2948,0
5815,2977,0
5815,3007,0
5810,3037,0
5800,3062,0
5793,3082,0
5793,3098,0
5795,3107,1
5883,3048,0
5888,3049,0
5899,3045,0
5909,3037,0
5916,3023,0
5934,3010,0
5943,2996,0
5950,2982,0
5954,2967,0
5956,2964,0
5949,2960,0
5943,2963,0
5921,2968,0
5905,2988,0
5888,3009,0
5873,3034,0
5867,3060,0
5865,3086,0
5876,3107,0
5892,3125,0
5909,3136,0
5932,3145,0
5952,3143,0
5977,3141,0
5997,3131,0
6016,3122,0
6037,3110,0
6048,3093,0
6054,3076,1
6121,3117,0
6116,3117,0
6114,3121,0
6111,3120,0
6103,3117,0
6101,3113,0
6089,3103,0
6073,3089,0
6061,3070,0
6055,3056,0
6056,3039,0
6058,3018,0
6074,2999,0
6094,2980,0
6125,2966,0
6155,2960,0
6177,2962,0
6194,2967,0
6202,2982,0
6204,3004,0
6199,3030,0
6189,3056,0
6172,3078,0
6148,3095,0
6131,3109,0
6114,3114,0
6097,3112,0
6087,3106,0
6078,3097,1
6237,2781,0
6239,2784,0
6241,2782,0
6238,2786,0
6242,2799,0
6244,2819,0
6244,2846,0
6243,2882,0
6232,2920,0
6218,2963,0
6206,3001,0
6192,3035,0
6184,3064,0
6178,3084,0
6183,3099,0
6188,3107,0
6196,3108,1