enjoying the climate and the
709
535,5002,0
530,4997,0
535,4994,0
537,4998,0
549,4987,0
560,4985,0
580,4966,0
600,4953,0
624,4922,0
643,4900,0
658,4874,0
666,4850,0
669,4835,0
665,4826,0
656,4821,0
639,4828,0
619,4845,0
598,4876,0
577,4910,0
563,4945,0
559,4973,0
562,5001,0
571,5014,0
586,5019,0
608,5014,0
637,5000,0
668,4971,0
702,4937,0
735,4904,0
760,4865,0
777,4838,0
788,4823,0
789,4823,0
784,4827,0
776,4842,0
762,4874,0
745,4913,0
728,4947,0
717,4983,0
713,4999,0
714,5002,0
722,5004,0
740,4993,0
761,4966,0
787,4927,0
817,4893,0
848,4851,0
875,4832,0
892,4825,0
899,4828,0
902,4837,0
900,4865,0
890,4896,0
880,4936,0
873,4964,0
876,4980,0
883,4985,1
1037,4848,0
1037,4848,0
1036,4848,0
1035,4852,0
1035,4864,0
1034,4888,0
1030,4912,0
1024,4952,0
1014,4992,0
998,5043,0
982,5091,0
965,5139,0
952,5183,0
937,5210,0
931,5218,0
928,5218,0
926,5206,0
924,5178,0
927,5138,0
937,5098,0
949,5062,1
1224,4838,0
1223,4834,0
1219,4826,0
1210,4818,0
1198,4815,0
1183,4820,0
1166,4824,0
1147,4836,0
1129,4852,0
1114,4868,0
1107,4893,0
1104,4916,0
1109,4936,0
1117,4952,0
1130,4961,0
1146,4964,0
1163,4960,0
1182,4947,0
1204,4927,0
1223,4902,0
1236,4874,0
1247,4850,0
1253,4833,0
1255,4825,0
1253,4813,0
1252,4813,0
1247,4813,0
1244,4810,0
1242,4813,0
1243,4813,0
1243,4813,0
1243,4818,0
1242,4813,0
1247,4821,0
1251,4825,0
1256,4829,0
1264,4837,0
1276,4845,0
1288,4847,0
1304,4847,0
1322,4838,0
1337,4830,0
1352,4821,0
1362,4808,0
1368,4795,0
1371,4787,0
1373,4775,0
1372,4771,0
1372,4771,0
1370,4775,0
1370,4775,0
1370,4775,0
1371,4779,0
1370,4775,0
1372,4775,0
1374,4779,0
1374,4775,0
1375,4775,0
1375,4775,0
1375,4779,0
1375,4775,0
1375,4775,0
1375,4779,0
1374,4779,0
1374,4779,0
1372,4787,0
1370,4799,0
1368,4816,0
1365,4836,0
1362,4856,0
1361,4872,0
1365,4888,0
1372,4895,0
1385,4903,0
1401,4902,0
1418,4888,0
1438,4871,0
1456,4850,0
1471,4824,0
1484,4803,0
1494,4786,0
1498,4778,0
1497,4777,0
1494,4782,0
1488,4794,0
1480,4820,0
1472,4860,0
1459,4909,0
1442,4966,0
1422,5028,0
1399,5090,0
1375,5148,0
1350,5197,0
1325,5235,0
1305,5255,0
1291,5260,0
1283,5253,0
1276,5224,0
1275,5185,0
1281,5144,0
1298,5104,1
1585,4748,0
1580,4749,0
1580,4769,0
1574,4798,0
1568,4827,0
1557,4856,0
1549,4881,0
1541,4898,0
1540,4910,1
1606,4666,0
1599,4654,1
1688,4752,0
1686,4752,0
1686,4753,0
1684,4757,0
1681,4773,0
1675,4799,0
1667,4828,0
1660,4857,0
1651,4878,0
1648,4891,0
1648,4890,0
1649,4890,0
1655,4877,0
1661,4844,0
1674,4815,0
1694,4780,0
1718,4753,0
1742,4736,0
1757,4731,0
1769,4733,0
1780,4743,0
1787,4762,0
1791,4786,0
1790,4810,0
1791,4838,0
1794,4862,0
1802,4877,0
1816,4879,0
1833,4872,1
1938,4797,0
1943,4788,0
1941,4776,0
1935,4762,0
1925,4763,0
1907,4751,0
1891,4757,0
1873,4773,0
1857,4792,0
1846,4817,0
1841,4847,0
1845,4871,0
1857,4884,0
1873,4886,0
1895,4874,0
1916,4854,0
1935,4830,0
1947,4804,0
1954,4782,0
1958,4777,0
1956,4777,0
1953,4787,0
1949,4811,0
1945,4850,0
1938,4899,0
1927,4958,0
1918,5024,0
1902,5084,0
1883,5135,0
1862,5171,0
1843,5199,0
1824,5209,0
1804,5204,0
1786,5187,0
1771,5161,0
1756,5130,1
1071,4669,0
1062,4672,0
1058,4676,0
1056,4680,0
1057,4684,1
2455,4613,0
2451,4613,0
2451,4614,0
2449,4623,0
2444,4645,0
2438,4676,0
2428,4713,0
2417,4753,0
2404,4791,0
2394,4830,0
2381,4859,0
2377,4886,0
2374,4894,1
2347,4740,0
2347,4744,0
2350,4748,0
2354,4751,0
2362,4757,0
2372,4758,0
2386,4754,0
2408,4752,0
2431,4729,0
2463,4707,0
2490,4673,0
2519,4638,0
2543,4601,0
2562,4565,0
2572,4536,0
2576,4514,0
2576,4510,0
2573,4510,0
2563,4519,0
2549,4544,0
2532,4584,0
2516,4631,0
2502,4681,0
2493,4730,0
2487,4775,0
2481,4806,0
2482,4825,0
2489,4832,0
2499,4829,0
2519,4819,0
2536,4789,0
2557,4752,0
2580,4711,0
2606,4677,0
2627,4657,0
2644,4647,0
2654,4652,0
2663,4666,0
2664,4695,0
2663,4738,0
2656,4778,0
2651,4814,0
2651,4843,0
2661,4857,0
2677,4860,0
2703,4851,0
2735,4832,0
2762,4800,0
2787,4761,0
2817,4724,0
2832,4684,0
2844,4671,0
2842,4668,0
2831,4668,0
2811,4679,0
2792,4712,0
2774,4748,0
2763,4787,0
2760,4822,0
2769,4853,0
2788,4872,0
2817,4879,0
2853,4874,0
2893,4854,0
2933,4825,1
3189,4697,0
3189,4693,0
3185,4682,0
3175,4673,0
3169,4676,0
3154,4678,0
3138,4690,0
3110,4702,0
3088,4726,0
3063,4750,0
3055,4783,0
3051,4816,0
3052,4842,0
3059,4864,0
3072,4872,0
3090,4873,0
3112,4867,0
3139,4852,0
3167,4817,0
3191,4780,0
3225,4738,0
3248,4692,0
3264,4639,0
3281,4604,0
3286,4570,0
3288,4555,0
3284,4549,0
3275,4553,0
3261,4565,0
3241,4589,0
3221,4616,0
3206,4663,0
3197,4711,0
3189,4755,0
3186,4791,0
3189,4824,0
3202,4837,0
3218,4847,0
3243,4840,0
3271,4831,0
3298,4805,0
3330,4781,0
3355,4742,0
3383,4718,0
3402,4700,0
3412,4690,0
3411,4686,0
3414,4699,0
3407,4719,0
3400,4751,0
3389,4787,0
3380,4819,0
3370,4846,0
3363,4854,0
3367,4856,0
3366,4835,0
3376,4803,1
3450,4581,0
3448,4582,0
3450,4585,0
3447,4591,0
3451,4602,1
3486,4687,0
3484,4694,0
3482,4712,0
3476,4734,0
3478,4765,0
3476,4788,0
3477,4805,0
3481,4817,0
3484,4820,0
3491,4821,0
3501,4811,0
3513,4787,0
3528,4765,0
3543,4735,0
3556,4713,0
3565,4705,0
3567,4698,0
3564,4700,0
3563,4710,0
3561,4734,0
3563,4768,0
3562,4788,0
3564,4804,0
3571,4810,0
3580,4809,0
3590,4795,0
3608,4776,0
3624,4745,0
3643,4720,0
3660,4702,0
3669,4697,0
3675,4702,0
3673,4708,0
3676,4734,0
3677,4761,0
3677,4789,0
3679,4810,0
3682,4818,0
3687,4820,0
3694,4811,0
3709,4794,1
3834,4706,0
3831,4703,0
3833,4702,0
3829,4695,0
3822,4685,0
3811,4682,0
3795,4683,0
3777,4689,0
3762,4702,0
3749,4719,0
3736,4741,0
3726,4770,0
3724,4794,0
3722,4813,0
3734,4830,0
3744,4824,0
3763,4813,0
3783,4792,0
3805,4766,0
3820,4734,0
3839,4703,0
3848,4688,0
3851,4686,0
3851,4691,0
3851,4719,0
3849,4748,0
3846,4782,0
3847,4806,0
3852,4816,0
3861,4816,0
3880,4809,0
3898,4784,0
3919,4748,0
3940,4702,0
3966,4661,0
3984,4616,0
4010,4590,0
4015,4557,0
4023,4542,0
4024,4533,0
4019,4531,0
4018,4531,0
4013,4539,0
4010,4557,0
4000,4582,0
4003,4618,0
3993,4649,0
3990,4688,0
3986,4724,0
3981,4751,0
3981,4775,0
3981,4789,0
3982,4794,0
3982,4794,0
3981,4789,0
3978,4777,0
3970,4749,1
3952,4703,0
3952,4703,0
3952,4703,0
3954,4711,0
3962,4716,0
3971,4720,0
3983,4726,0
4001,4729,0
4020,4731,0
4041,4722,0
4067,4710,0
4092,4694,0
4111,4676,0
4128,4655,0
4135,4640,0
4136,4630,0
4133,4627,0
4123,4624,0
4111,4628,0
4094,4635,0
4077,4646,0
4065,4664,0
4057,4683,0
4053,4700,0
4061,4719,0
4077,4733,0
4096,4743,0
4124,4749,0
4149,4747,0
4178,4746,0
4198,4743,0
4209,4735,0
4213,4738,0
4215,4736,0
4211,4739,0
4213,4743,1
4565,4654,0
4562,4651,0
4559,4644,0
4553,4633,0
4543,4625,0
4533,4618,0
4518,4610,0
4502,4611,0
4481,4617,0
4462,4632,0
4442,4652,0
4428,4683,0
4417,4711,0
4418,4739,0
4424,4755,0
4435,4767,0
4451,4765,0
4471,4760,0
4495,4742,0
4522,4717,0
4546,4684,0
4568,4656,0
4583,4630,0
4587,4616,0
4587,4616,0
4585,4623,0
4575,4640,0
4569,4671,0
4564,4700,0
4567,4728,0
4574,4748,0
4590,4755,0
4606,4753,0
4631,4744,0
4652,4717,0
4677,4688,0
4693,4654,0
4714,4628,0
4727,4612,0
4730,4608,0
4733,4611,0
4735,4626,0
4731,4654,0
4725,4685,0
4719,4716,0
4714,4741,0
4712,4753,0
4717,4743,0
4723,4723,0
4739,4690,0
4755,4655,0
4777,4632,0
4799,4614,0
4818,4608,0
4835,4610,0
4845,4623,0
4852,4648,0
4857,4676,0
4857,4707,0
4858,4727,1
5053,4611,0
5047,4606,0
5047,4606,0
5037,4599,0
5028,4596,0
5016,4596,0
5000,4600,0
4982,4609,0
4949,4649,0
4946,4668,0
4937,4685,0
4937,4707,0
4940,4725,0
4946,4736,0
4960,4745,0
4977,4746,0
4997,4746,0
5021,4730,0
5034,4698,0
5057,4666,0
5078,4627,0
5092,4587,0
5103,4550,0
5108,4518,0
5109,4495,0
5106,4487,0
5108,4491,0
5103,4495,0
5097,4512,0
5092,4538,0
5088,4579,0
5087,4623,0
5086,4669,0
5081,4704,0
5079,4733,0
5079,4748,0
5077,4755,0
5084,4755,0
5107,4735,1
5410,4483,0
5406,4492,0
5402,4514,0
5401,4543,0
5396,4580,0
5388,4622,0
5384,4659,0
5378,4698,0
5371,4727,0
5368,4745,0
5368,4751,0
5361,4746,0
5354,4726,1
5330,4616,0
5332,4620,0
5332,4620,0
5340,4623,0
5351,4624,0
5369,4624,0
5384,4615,0
5408,4602,0
5431,4586,0
5453,4559,0
5473,4533,0
5491,4502,0
5504,4472,0
5511,4449,0
5517,4437,0
5516,4437,0
5513,4440,0
5501,4447,0
5491,4473,0
5483,4512,0
5478,4562,0
5472,4613,0
5469,4660,0
5463,4705,0
5455,4735,0
5454,4753,0
5456,4756,0
5459,4753,0
5463,4738,0
5478,4713,0
5484,4668,0
5499,4631,0
5521,4603,0
5541,4584,0
5559,4577,0
5572,4579,0
5581,4594,0
5586,4618,0
5588,4644,0
5584,4671,0
5586,4692,0
5588,4712,0
5594,4723,0
5610,4730,0
5627,4729,0
5651,4722,0
5677,4707,0
5703,4686,0
5730,4659,0
5754,4628,0
5771,4603,0
5782,4587,0
5777,4574,0
5768,4573,0
5756,4579,0
5742,4595,0
5713,4653,0
5711,4689,0
5713,4721,0
5738,4753,0
5764,4760,0
5800,4758,0
5832,4743,1