at Julia directly as he spoke.
614
1135,4400,0
1112,4401,0
1089,4401,0
1066,4413,0
1037,4432,0
1009,4468,0
988,4503,0
976,4539,0
975,4567,0
982,4587,0
993,4591,0
1013,4588,0
1038,4576,0
1061,4553,0
1083,4524,0
1099,4492,0
1117,4452,0
1128,4420,0
1136,4384,0
1142,4360,0
1146,4352,0
1144,4348,0
1145,4356,0
1146,4384,0
1145,4424,0
1147,4460,0
1149,4496,0
1155,4531,0
1160,4555,0
1168,4576,0
1177,4583,0
1185,4579,0
1199,4558,1
1276,4128,0
1276,4155,0
1278,4191,0
1282,4236,0
1286,4279,0
1288,4331,0
1290,4379,0
1291,4423,0
1293,4467,0
1290,4495,0
1288,4512,0
1286,4516,0
1281,4512,1
1211,4370,0
1211,4370,0
1221,4370,0
1240,4369,0
1264,4368,0
1293,4367,0
1322,4366,0
1347,4360,0
1372,4354,0
1396,4352,0
1416,4350,0
1435,4345,0
1455,4348,1
1877,4031,0
1879,4035,0
1883,4051,0
1892,4081,0
1903,4116,0
1914,4150,0
1927,4193,0
1943,4238,0
1958,4284,0
1969,4331,0
1971,4371,0
1969,4413,0
1964,4454,0
1948,4482,0
1932,4514,0
1911,4538,0
1883,4555,0
1854,4569,0
1820,4570,0
1787,4568,0
1756,4560,1
2031,4370,0
2031,4399,0
2036,4430,0
2043,4457,0
2055,4475,0
2068,4485,0
2084,4489,0
2100,4485,0
2117,4477,0
2135,4461,0
2149,4440,0
2158,4413,0
2165,4395,0
2168,4374,0
2171,4365,0
2173,4369,0
2174,4372,0
2174,4385,0
2179,4412,0
2188,4447,0
2196,4478,0
2205,4509,0
2214,4531,0
2219,4546,0
2224,4554,1
2266,4106,0
2269,4109,0
2277,4127,0
2286,4162,0
2295,4201,0
2306,4244,0
2315,4283,0
2323,4322,0
2335,4369,0
2340,4401,0
2348,4435,0
2355,4463,0
2359,4483,1
2519,4365,0
2526,4379,0
2535,4397,0
2541,4420,0
2546,4448,0
2554,4478,0
2557,4503,0
2559,4524,0
2559,4537,1
2516,4192,0
2521,4199,0
2519,4195,0
2526,4210,0
2528,4221,0
2536,4244,0
2540,4259,0
2545,4271,0
2554,4285,1
2725,4331,0
2716,4331,0
2707,4343,0
2688,4354,0
2671,4374,0
2649,4390,0
2638,4415,0
2631,4439,0
2627,4449,0
2633,4460,0
2642,4465,0
2657,4468,0
2671,4463,0
2685,4449,0
2701,4439,0
2712,4418,0
2721,4401,0
2725,4382,0
2729,4368,0
2728,4355,0
2729,4355,0
2728,4355,0
2727,4356,0
2724,4357,0
2730,4376,0
2742,4402,0
2755,4427,0
2772,4450,0
2789,4470,0
2802,4482,0
2820,4495,0
2828,4492,0
2852,4508,1
3259,4386,0
3254,4385,0
3240,4383,0
3219,4376,0
3197,4379,0
3169,4388,0
3139,4411,0
3114,4442,0
3098,4475,0
3094,4517,0
3101,4553,0
3112,4570,0
3133,4574,0
3160,4569,0
3187,4552,0
3211,4519,0
3235,4480,0
3257,4429,0
3274,4375,0
3292,4324,0
3304,4268,0
3313,4217,0
3315,4175,0
3314,4144,0
3313,4131,0
3313,4131,0
3309,4133,0
3305,4148,0
3302,4173,0
3302,4210,0
3303,4255,0
3309,4306,0
3310,4355,0
3313,4404,0
3313,4453,0
3317,4497,0
3320,4531,0
3322,4552,0
3324,4565,0
3325,4565,0
3332,4560,1
3447,4413,0
3455,4422,0
3462,4437,0
3471,4463,0
3481,4495,0
3487,4524,0
3493,4548,0
3496,4569,0
3498,4581,1
3439,4285,0
3433,4274,0
3431,4275,0
3434,4278,0
3432,4283,0
3438,4303,0
3442,4324,0
3448,4343,0
3460,4360,1
3610,4546,0
3619,4564,0
3620,4567,0
3623,4570,0
3620,4567,0
3616,4552,0
3603,4526,0
3588,4490,0
3571,4449,0
3566,4427,0
3571,4420,0
3568,4413,0
3568,4413,0
3580,4420,0
3596,4425,0
3624,4436,0
3649,4439,0
3670,4446,1
3773,4438,0
3793,4440,0
3810,4439,0
3821,4432,0
3830,4421,0
3838,4410,0
3841,4398,0
3846,4396,0
3844,4393,0
3834,4385,0
3819,4385,0
3799,4389,0
3779,4406,0
3761,4422,0
3753,4446,0
3751,4471,0
3758,4495,0
3774,4512,0
3800,4525,0
3829,4531,0
3858,4526,0
3883,4519,0
3910,4507,0
3933,4488,0
3961,4468,1
4065,4377,0
4054,4385,0
4032,4396,0
4010,4416,0
3991,4429,0
3981,4455,0
3971,4471,0
3974,4489,0
3983,4497,0
4004,4507,0
4025,4507,0
4049,4506,0
4068,4497,0
4091,4481,0
4115,4470,0
4133,4452,1
4202,4141,0
4200,4142,0
4196,4140,0
4199,4158,0
4193,4179,0
4200,4217,0
4200,4259,0
4203,4302,0
4213,4353,0
4217,4400,0
4229,4452,0
4236,4496,0
4244,4529,0
4246,4558,0
4248,4566,0
4251,4569,0
4250,4565,1
4147,4456,0
4146,4453,0
4156,4450,0
4179,4439,0
4211,4430,0
4246,4423,0
4280,4413,0
4310,4406,1
4404,4157,0
4403,4163,0
4406,4176,0
4413,4207,0
4425,4244,0
4430,4281,0
4435,4318,0
4444,4362,0
4449,4398,0
4455,4435,0
4454,4456,0
4456,4479,0
4455,4486,1
4683,4314,0
4678,4319,0
4672,4334,0
4664,4356,0
4633,4408,0
4623,4443,0
4611,4479,0
4595,4513,0
4586,4546,0
4574,4574,0
4564,4599,0
4556,4625,0
4549,4641,0
4543,4646,0
4541,4647,0
4541,4642,1
4492,4390,0
4488,4388,0
4490,4391,0
4488,4394,0
4493,4410,0
4504,4437,0
4514,4460,0
4529,4484,0
4543,4503,1
5174,4389,0
5174,4378,0
5164,4365,0
5140,4355,0
5106,4350,0
5068,4364,0
5032,4381,0
5010,4412,0
4994,4437,0
4987,4460,0
4994,4471,0
5008,4479,0
5034,4483,0
5058,4477,0
5086,4462,0
5112,4443,0
5137,4425,0
5150,4396,0
5168,4379,0
5168,4362,0
5167,4362,0
5170,4371,0
5164,4388,0
5161,4418,0
5154,4448,0
5157,4473,0
5159,4492,0
5162,4506,0
5166,4507,1
5366,4333,0
5362,4337,0
5353,4346,0
5332,4362,0
5313,4381,0
5299,4401,0
5289,4418,0
5291,4432,0
5294,4446,0
5306,4456,0
5327,4470,0
5342,4477,0
5349,4487,0
5352,4490,0
5351,4497,0
5336,4505,0
5319,4521,0
5294,4530,0
5272,4533,0
5265,4535,0
5265,4535,1
5535,4129,0
5536,4133,0
5540,4147,0
5546,4181,0
5553,4228,0
5554,4280,0
5555,4332,0
5552,4377,0
5550,4413,0
5550,4436,0
5553,4450,0
5552,4446,0
5557,4446,0
5558,4428,0
5561,4401,0
5567,4371,0
5581,4352,0
5589,4336,0
5602,4334,0
5606,4336,0
5608,4345,0
5614,4373,0
5620,4420,0
5621,4460,0
5624,4498,0
5626,4524,0
5624,4544,0
5629,4557,0
5634,4557,1
5744,4463,0
5747,4454,0
5755,4444,0
5764,4430,0
5771,4415,0
5779,4401,0
5776,4387,0
5768,4378,0
5755,4379,0
5735,4384,0
5713,4401,0
5700,4429,0
5690,4457,0
5692,4497,0
5697,4531,0
5710,4558,0
5728,4574,0
5746,4584,0
5769,4584,0
5795,4578,0
5815,4562,1
6066,4344,0
6060,4346,0
6043,4348,0
6020,4356,0
5999,4369,0
5979,4386,0
5964,4402,0
5954,4415,0
5960,4427,0
5970,4433,0
5992,4444,0
6020,4454,0
6041,4461,0
6056,4474,0
6064,4489,0
6065,4507,0
6056,4523,0
6039,4542,0
6020,4565,0
5996,4584,0
5977,4600,0
5959,4601,0
5955,4599,0
5954,4589,0
5971,4577,1
6143,4532,0
6138,4569,0
6136,4614,0
6128,4647,0
6122,4677,0
6116,4696,0
6112,4707,0
6112,4712,0
6113,4712,0
6111,4708,0
6112,4694,0
6111,4666,0
6109,4627,0
6108,4585,0
6108,4543,0
6112,4495,0
6116,4447,0
6125,4400,0
6135,4363,0
6145,4337,0
6161,4324,0
6177,4318,0
6192,4319,0
6206,4326,0
6219,4341,0
6232,4364,0
6238,4389,0
6235,4410,0
6231,4435,0
6218,4462,0
6205,4484,0
6187,4499,0
6169,4514,0
6151,4522,0
6132,4527,0
6119,4529,0
6113,4525,1
6389,4379,0
6389,4379,0
6379,4379,0
6370,4379,0
6355,4377,0
6335,4384,0
6318,4398,0
6300,4413,0
6288,4435,0
6278,4459,0
6271,4480,0
6272,4497,0
6285,4519,0
6300,4533,0
6312,4543,0
6336,4552,0
6354,4550,0
6375,4543,0
6391,4535,0
6406,4525,0
6416,4507,0
6421,4487,0
6420,4468,0
6413,4446,0
6399,4431,0
6385,4422,0
6373,4419,0
6363,4418,0
6364,4424,1
6525,4181,0
6524,4188,0
6517,4205,0
6515,4237,0
6509,4276,0
6506,4320,0
6496,4367,0
6490,4420,0
6483,4466,0
6486,4509,0
6493,4537,0
6504,4550,0
6518,4564,0
6534,4563,0
6554,4558,0
6573,4546,0
6592,4529,0
6616,4511,0
6638,4491,0
6654,4468,0
6668,4451,1
6612,4535,0
6617,4568,0
6621,4589,0
6623,4606,0
6634,4618,0
6642,4627,0
6652,4634,0
6659,4636,0
6668,4633,1
6693,4562,0
6697,4570,0
6704,4580,0
6717,4590,0
6738,4596,0
6761,4598,0
6784,4595,0
6810,4594,0
6830,4589,0
6850,4581,0
6864,4570,0
6874,4558,0
6872,4545,0
6868,4532,0
6855,4523,0
6835,4516,0
6807,4512,0
6777,4513,0
6749,4523,0
6727,4544,0
6708,4574,0
6695,4605,0
6697,4641,0
6708,4672,0
6725,4695,0
6754,4717,0
6783,4726,0
6807,4722,0
6839,4719,1
6948,4657,0
6956,4661,0
6952,4659,0
6956,4661,0
6952,4659,0
6949,4657,0
6954,4662,0
6950,4661,0
6951,4666,0
6954,4675,0
6951,4674,0
6945,4674,0
6948,4677,0
6951,4659,1