wag here just as they do
742
513,2780,0
508,2779,0
503,2782,0
501,2782,0
501,2778,0
502,2777,0
503,2778,0
504,2774,0
509,2767,0
515,2756,0
524,2733,0
535,2711,0
546,2681,0
558,2659,0
568,2645,0
573,2633,0
574,2634,0
574,2634,0
574,2638,0
571,2649,0
564,2673,0
554,2707,0
545,2746,0
537,2794,0
530,2832,0
527,2869,0
526,2885,0
526,2893,0
528,2893,0
530,2890,0
535,2874,0
543,2848,0
555,2809,0
568,2767,0
582,2729,0
593,2703,0
600,2696,0
600,2692,0
600,2696,0
601,2712,0
601,2745,0
603,2777,0
606,2815,0
613,2844,0
626,2859,0
641,2865,0
658,2864,0
675,2854,0
693,2832,0
709,2803,0
721,2768,0
729,2733,0
733,2702,0
733,2677,0
727,2656,0
720,2647,0
715,2634,0
713,2630,0
712,2625,0
715,2625,0
723,2619,0
738,2618,0
760,2604,0
785,2595,0
813,2590,0
837,2584,0
858,2579,0
874,2572,0
883,2569,0
883,2573,0
881,2572,0
877,2572,0
868,2575,0
857,2582,0
842,2601,0
825,2624,0
808,2649,0
796,2677,0
789,2709,0
785,2736,0
786,2764,0
792,2782,0
801,2786,0
814,2784,0
830,2773,0
849,2750,0
868,2719,0
889,2682,0
907,2647,0
923,2620,0
933,2601,0
936,2593,0
934,2593,0
932,2596,0
928,2603,0
918,2627,0
905,2663,0
895,2698,0
890,2730,0
892,2746,0
903,2762,0
916,2763,0
937,2761,0
957,2738,0
983,2711,0
1011,2680,0
1040,2648,0
1068,2617,0
1092,2585,0
1114,2561,0
1136,2548,0
1151,2540,0
1161,2536,0
1166,2535,0
1167,2535,0
1169,2539,0
1169,2539,0
1167,2539,0
1166,2539,0
1166,2543,0
1161,2540,0
1155,2539,0
1146,2543,0
1133,2552,0
1116,2572,0
1099,2601,0
1085,2637,0
1075,2677,0
1070,2709,0
1074,2733,0
1085,2741,0
1100,2736,0
1123,2732,0
1146,2704,0
1169,2675,0
1188,2639,0
1205,2613,0
1211,2589,0
1212,2585,0
1210,2586,0
1207,2590,0
1201,2601,0
1196,2634,0
1193,2682,0
1192,2738,0
1193,2798,0
1194,2850,0
1193,2902,0
1185,2947,0
1168,2980,0
1146,3012,0
1112,3033,0
1076,3049,0
1044,3052,0
1018,3044,0
998,3028,0
988,2999,1
1394,2625,0
1394,2629,0
1396,2629,0
1399,2628,0
1407,2623,0
1415,2610,0
1430,2596,0
1446,2569,0
1466,2538,0
1488,2505,0
1509,2469,0
1529,2432,0
1545,2396,0
1561,2373,0
1570,2355,0
1568,2347,0
1568,2350,0
1566,2355,0
1558,2369,0
1550,2404,0
1537,2443,0
1528,2498,0
1517,2548,0
1509,2595,0
1508,2636,0
1508,2668,0
1508,2685,0
1511,2692,0
1514,2692,0
1515,2688,0
1517,2671,0
1525,2645,0
1539,2606,0
1562,2569,0
1584,2536,0
1602,2511,0
1617,2499,0
1629,2504,0
1636,2511,0
1639,2527,0
1641,2560,0
1641,2597,0
1642,2625,0
1650,2647,0
1663,2657,0
1678,2654,0
1698,2641,0
1724,2622,0
1747,2586,0
1773,2554,0
1795,2522,0
1811,2497,0
1815,2474,0
1813,2462,0
1806,2456,0
1795,2456,0
1780,2460,0
1763,2478,0
1744,2504,0
1727,2534,0
1719,2564,0
1720,2598,0
1730,2624,0
1743,2637,0
1768,2651,0
1796,2647,0
1828,2634,0
1858,2608,0
1890,2580,0
1915,2546,0
1935,2514,0
1951,2491,0
1957,2472,0
1960,2462,0
1961,2461,0
1959,2461,0
1959,2466,0
1956,2485,0
1951,2512,0
1947,2543,0
1937,2564,0
1937,2589,0
1941,2601,0
1944,2604,0
1944,2600,0
1947,2594,0
1950,2572,0
1958,2543,0
1964,2511,0
1968,2484,0
1971,2466,0
1968,2454,0
1971,2457,0
1971,2458,0
1972,2457,0
1979,2463,0
1991,2470,0
2006,2474,0
2030,2477,0
2053,2467,0
2084,2458,0
2112,2441,0
2141,2428,0
2157,2408,0
2170,2396,0
2173,2391,0
2170,2388,0
2165,2390,0
2152,2392,0
2137,2403,0
2120,2420,0
2103,2441,0
2087,2461,0
2076,2483,0
2072,2507,0
2069,2526,0
2077,2549,0
2092,2567,0
2113,2581,0
2137,2588,0
2162,2586,0
2191,2586,0
2217,2583,0
2239,2581,0
2255,2577,0
2268,2576,0
2273,2573,0
2278,2575,0
2275,2572,0
2275,2572,0
2274,2572,0
2273,2573,0
2272,2573,0
2271,2574,0
2271,2574,0
2271,2574,0
2268,2571,1
2543,2504,0
2545,2508,0
2548,2507,0
2552,2499,0
2568,2489,0
2589,2470,0
2609,2442,0
2632,2418,0
2653,2398,0
2666,2384,0
2674,2379,0
2671,2375,0
2674,2383,0
2673,2403,0
2668,2437,0
2667,2480,0
2668,2533,0
2666,2588,0
2668,2643,0
2673,2692,0
2671,2731,0
2666,2758,0
2656,2773,0
2645,2784,0
2626,2786,0
2606,2784,0
2579,2772,0
2557,2758,0
2540,2735,1
2712,2254,0
2709,2251,0
2710,2251,0
2709,2251,0
2706,2249,1
2712,2504,0
2714,2507,0
2712,2504,0
2718,2504,0
2723,2495,0
2734,2482,0
2743,2457,0
2758,2431,0
2771,2400,0
2791,2375,0
2806,2355,0
2818,2343,0
2825,2344,0
2823,2345,0
2827,2363,0
2823,2386,0
2820,2419,0
2815,2453,0
2814,2489,0
2815,2513,0
2821,2528,0
2832,2535,0
2846,2535,0
2864,2526,0
2883,2507,0
2907,2482,0
2927,2451,0
2947,2420,0
2960,2392,0
2972,2378,0
2973,2371,0
2976,2374,0
2972,2372,0
2972,2378,0
2967,2398,0
2964,2431,0
2960,2466,0
2960,2492,0
2970,2514,0
2985,2523,0
3004,2522,0
3023,2508,0
3049,2490,0
3076,2461,0
3103,2427,0
3131,2391,0
3156,2358,0
3180,2334,0
3197,2318,0
3204,2305,0
3211,2304,0
3209,2306,0
3211,2316,0
3209,2340,0
3205,2371,0
3203,2407,0
3196,2441,0
3191,2473,0
3186,2493,0
3185,2504,0
3183,2506,0
3183,2506,0
3181,2502,0
3185,2500,0
3186,2493,0
3191,2478,0
3199,2459,0
3216,2443,0
3240,2420,0
3269,2393,0
3298,2364,0
3333,2333,0
3361,2299,0
3392,2265,0
3419,2229,0
3438,2195,0
3448,2171,0
3452,2159,0
3450,2156,0
3448,2158,0
3448,2163,0
3443,2169,0
3441,2203,0
3431,2246,0
3421,2298,0
3415,2352,0
3413,2400,0
3416,2443,0
3424,2476,0
3430,2498,0
3436,2509,0
3440,2516,0
3442,2514,1
3365,2444,0
3361,2442,0
3366,2444,0
3368,2441,0
3382,2439,0
3402,2434,0
3431,2428,0
3462,2417,0
3500,2407,1
3866,2321,0
3872,2321,0
3871,2314,0
3876,2308,0
3878,2299,0
3881,2294,0
3881,2289,0
3878,2279,0
3877,2273,0
3871,2268,0
3868,2265,0
3861,2262,0
3855,2263,0
3847,2266,0
3839,2279,0
3824,2298,0
3810,2322,0
3798,2350,0
3793,2381,0
3788,2406,0
3787,2432,0
3793,2451,0
3807,2465,0
3823,2470,0
3842,2466,0
3867,2453,0
3892,2436,0
3919,2415,0
3935,2388,0
3954,2369,0
3963,2352,0
3967,2340,0
3966,2335,0
3963,2333,0
3962,2334,0
3964,2338,0
3963,2345,0
3962,2366,0
3964,2391,0
3967,2413,0
3977,2432,0
3988,2443,0
4005,2449,0
4027,2447,0
4054,2437,0
4083,2419,0
4111,2396,0
4135,2369,0
4161,2345,0
4177,2323,0
4195,2304,0
4203,2287,0
4211,2274,0
4217,2265,0
4218,2263,0
4218,2263,0
4221,2265,0
4221,2273,0
4220,2289,0
4217,2313,0
4220,2344,0
4219,2375,0
4222,2405,0
4223,2430,0
4217,2451,0
4211,2468,0
4205,2482,0
4191,2488,0
4176,2489,0
4165,2490,0
4157,2486,0
4150,2476,0
4144,2458,1
4492,2398,0
4497,2400,0
4497,2399,0
4500,2395,0
4514,2388,0
4527,2367,0
4546,2331,0
4572,2288,0
4601,2241,0
4628,2192,0
4656,2150,0
4676,2115,0
4691,2094,0
4700,2088,0
4700,2088,0
4702,2093,0
4698,2106,0
4683,2136,0
4672,2179,0
4666,2230,0
4657,2287,0
4647,2342,0
4648,2393,0
4647,2432,0
4651,2455,0
4656,2470,0
4661,2477,0
4662,2475,0
4660,2464,1
4566,2380,0
4566,2380,0
4571,2381,0
4580,2380,0
4605,2379,0
4629,2362,0
4659,2336,0
4693,2302,0
4724,2259,0
4748,2215,0
4777,2170,0
4800,2129,0
4818,2092,0
4825,2072,0
4834,2072,0
4829,2072,0
4828,2082,0
4823,2110,0
4809,2147,0
4794,2198,0
4782,2261,0
4770,2323,0
4765,2370,0
4764,2403,0
4768,2420,0
4772,2422,0
4774,2417,0
4791,2405,0
4805,2374,0
4822,2336,0
4848,2299,0
4868,2272,0
4881,2258,0
4883,2253,0
4886,2256,0
4889,2266,0
4888,2293,0
4886,2328,0
4889,2364,0
4898,2389,0
4908,2403,0
4933,2409,0
4959,2403,0
4987,2386,0
5020,2360,0
5048,2326,0
5071,2292,0
5087,2262,0
5095,2237,0
5098,2222,0
5088,2215,0
5081,2212,0
5067,2215,0
5053,2231,0
5031,2257,0
5016,2293,0
5004,2330,0
5001,2362,0
5014,2387,0
5026,2398,0
5048,2401,0
5079,2394,0
5114,2374,0
5151,2345,0
5182,2313,0
5203,2280,0
5217,2253,0
5228,2233,0
5230,2219,0
5224,2213,0
5224,2213,0
5214,2215,0
5206,2231,0
5191,2261,0
5178,2295,0
5170,2328,0
5174,2355,0
5178,2372,0
5190,2382,0
5211,2387,0
5229,2377,0
5253,2359,0
5274,2335,0
5295,2303,0
5309,2275,0
5325,2251,0
5337,2239,0
5332,2236,0
5333,2236,0
5335,2241,0
5330,2253,0
5321,2287,0
5318,2330,0
5317,2374,0
5316,2436,0
5309,2499,0
5300,2555,0
5287,2603,0
5273,2643,0
5258,2675,0
5240,2697,0
5214,2711,0
5190,2718,0
5164,2715,0
5144,2709,0
5125,2693,0
5116,2670,0
5120,2640,0
5129,2603,1
5827,2204,0
5827,2204,0
5831,2204,0
5832,2203,0
5828,2200,0
5827,2195,0
5822,2185,0
5822,2174,0
5814,2162,0
5806,2151,0
5796,2144,0
5779,2142,0
5760,2147,0
5732,2162,0
5708,2187,0
5685,2218,0
5665,2254,0
5653,2290,0
5651,2321,0
5657,2347,0
5669,2359,0
5684,2365,0
5704,2361,0
5727,2347,0
5752,2323,0
5779,2291,0
5805,2254,0
5831,2215,0
5849,2172,0
5870,2132,0
5887,2090,0
5905,2056,0
5916,2027,0
5917,2013,0
5915,2007,0
5915,2007,0
5915,2008,0
5909,2024,0
5895,2059,0
5873,2104,0
5852,2154,0
5839,2205,0
5827,2253,0
5823,2292,0
5829,2318,0
5841,2331,0
5861,2335,0
5886,2328,0
5911,2311,0
5939,2287,0
5965,2258,0
5991,2226,0
6014,2192,0
6038,2165,0
6063,2146,0
6080,2134,0
6092,2125,0
6107,2123,0
6111,2123,0
6114,2124,0
6114,2124,0
6118,2126,0
6114,2124,0
6110,2125,0
6110,2124,0
6109,2125,0
6102,2122,0
6092,2127,0
6081,2133,0
6066,2148,0
6050,2167,0
6035,2193,0
6019,2222,0
6007,2251,0
6003,2279,0
6010,2304,0
6017,2317,0
6039,2328,0
6060,2331,0
6083,2326,0
6107,2313,0
6136,2297,0
6161,2277,0
6178,2256,0
6189,2231,0
6193,2210,0
6190,2193,0
6182,2181,0
6170,2169,0
6160,2164,0
6148,2158,0
6148,2158,0
6153,2159,0
6157,2159,0
6161,2159,0
6169,2159,0
6188,2155,0
6213,2147,0
6239,2133,0
6262,2119,0
6281,2101,1