and shutting of a drawer and her
564
852,4803,0
850,4806,0
844,4803,0
834,4802,0
824,4801,0
804,4800,0
789,4811,0
776,4823,0
767,4834,0
764,4842,0
766,4854,0
770,4858,0
779,4863,0
789,4863,0
806,4860,0
830,4850,0
846,4835,0
859,4815,0
866,4804,0
868,4800,0
867,4804,0
862,4807,0
855,4823,0
854,4840,0
854,4854,0
861,4871,0
868,4876,0
879,4872,0
884,4864,1
943,4802,0
937,4818,0
936,4838,0
933,4850,0
933,4854,0
933,4850,0
937,4842,0
947,4823,0
961,4807,0
978,4796,0
998,4796,0
1015,4796,0
1027,4800,0
1036,4809,0
1039,4824,0
1039,4840,0
1040,4844,1
1138,4788,0
1132,4800,0
1123,4808,0
1111,4820,0
1103,4836,0
1100,4844,0
1102,4844,0
1112,4848,0
1127,4840,0
1141,4820,0
1155,4804,0
1165,4780,0
1171,4751,0
1172,4727,0
1172,4700,0
1172,4683,0
1170,4671,0
1172,4671,0
1172,4675,0
1171,4683,0
1172,4711,0
1173,4743,0
1175,4767,0
1181,4799,0
1188,4819,0
1194,4831,0
1204,4839,0
1208,4838,0
1213,4835,1
1701,4739,0
1691,4736,0
1687,4736,0
1677,4738,0
1665,4743,0
1657,4752,0
1652,4765,0
1653,4772,0
1660,4776,0
1671,4783,0
1685,4793,0
1696,4804,0
1700,4815,0
1698,4828,0
1686,4838,0
1667,4847,0
1644,4851,0
1626,4849,0
1619,4845,0
1620,4833,0
1630,4820,1
1755,4682,0
1755,4714,0
1751,4788,0
1754,4796,0
1760,4790,0
1774,4784,0
1790,4770,0
1805,4763,0
1851,4796,0
1849,4813,0
1850,4825,0
1964,4784,0
1968,4771,0
1975,4758,0
1983,4744,0
1982,4741,0
1984,4744,0
1989,4763,0
1988,4776,0
1988,4787,0
1993,4804,0
1997,4806,0
2005,4805,0
2014,4799,0
2026,4793,1
2104,4587,0
2108,4595,0
2111,4602,0
2111,4614,0
2112,4639,0
2111,4664,0
2109,4693,0
2109,4721,0
2108,4742,0
2108,4754,0
2109,4762,0
2110,4763,0
2112,4758,1
2166,4544,0
2170,4547,0
2171,4554,0
2171,4588,0
2168,4634,0
2166,4679,0
2164,4712,0
2167,4753,0
2169,4781,0
2169,4798,0
2171,4810,0
2171,4805,0
2166,4790,1
2079,4667,0
2079,4666,0
2086,4665,0
2106,4669,0
2128,4668,0
2151,4671,0
2169,4662,0
2190,4665,0
2212,4669,1
2270,4724,0
2272,4731,0
2279,4745,0
2280,4763,0
2277,4775,0
2273,4784,0
2273,4785,0
2269,4773,0
2268,4748,1
2258,4570,0
2258,4573,0
2258,4570,0
2260,4573,0
2260,4577,0
2265,4588,0
2267,4596,0
2270,4603,1
2314,4753,0
2315,4761,0
2315,4757,0
2319,4760,0
2322,4751,0
2330,4741,0
2340,4725,0
2355,4713,0
2369,4700,0
2383,4696,0
2398,4701,0
2408,4706,0
2417,4719,0
2421,4736,0
2422,4760,0
2419,4782,0
2415,4791,0
2415,4799,0
2415,4795,0
2421,4789,0
2431,4774,1
2536,4746,0
2538,4750,0
2537,4750,0
2526,4749,0
2511,4754,0
2502,4770,0
2492,4777,0
2493,4781,0
2496,4780,0
2504,4777,0
2514,4770,0
2526,4766,0
2536,4759,0
2548,4759,0
2555,4758,0
2561,4760,0
2566,4758,0
2572,4760,0
2582,4770,0
2593,4782,0
2602,4792,0
2608,4803,0
2615,4818,0
2619,4838,0
2622,4862,0
2620,4879,0
2619,4904,0
2613,4924,0
2604,4939,0
2594,4954,0
2587,4965,0
2577,4964,0
2571,4962,1
2992,4714,0
2987,4721,0
2980,4728,0
2974,4740,0
2966,4752,0
2966,4773,0
2964,4782,0
2972,4796,0
2980,4797,0
2994,4800,0
3006,4795,0
3018,4794,0
3024,4787,0
3028,4782,0
3026,4765,0
3027,4756,0
3020,4742,0
3018,4739,0
3011,4733,0
3004,4727,0
3002,4719,1
3264,4527,0
3256,4527,0
3245,4533,0
3224,4543,0
3206,4565,0
3191,4591,0
3177,4615,0
3170,4649,0
3165,4681,0
3167,4717,0
3168,4751,0
3170,4786,0
3175,4823,0
3177,4844,0
3181,4855,0
3186,4862,0
3184,4854,1
3099,4712,0
3100,4711,0
3111,4716,0
3124,4710,0
3142,4706,0
3160,4706,0
3178,4702,0
3201,4705,0
3228,4705,1
3674,4707,0
3662,4719,0
3652,4725,0
3643,4734,0
3641,4740,0
3644,4747,0
3650,4753,0
3659,4758,0
3668,4761,0
3679,4760,0
3690,4753,0
3701,4742,0
3713,4727,0
3720,4714,0
3729,4703,0
3735,4700,0
3735,4700,0
3735,4705,0
3732,4719,0
3730,4740,0
3730,4754,0
3732,4762,0
3738,4768,0
3740,4761,0
3751,4760,1
4156,4709,0
4145,4711,0
4135,4712,0
4125,4720,0
4112,4729,0
4106,4741,0
4104,4748,0
4106,4752,0
4111,4753,0
4120,4752,0
4133,4743,0
4151,4727,0
4169,4705,0
4186,4683,0
4195,4657,0
4205,4632,0
4210,4618,0
4210,4608,0
4210,4608,0
4209,4609,0
4208,4614,0
4205,4621,0
4203,4642,0
4205,4669,0
4205,4700,0
4206,4728,0
4208,4750,0
4215,4760,0
4222,4760,1
4268,4768,0
4272,4770,0
4277,4762,0
4287,4755,0
4295,4743,0
4309,4739,0
4320,4726,0
4334,4716,0
4353,4707,1
4446,4709,0
4441,4708,0
4434,4708,0
4419,4709,0
4405,4719,0
4391,4729,0
4384,4739,0
4385,4748,0
4388,4747,0
4396,4746,0
4412,4734,0
4430,4720,0
4443,4706,0
4456,4701,0
4461,4702,0
4461,4707,0
4455,4722,0
4447,4743,0
4444,4754,0
4447,4753,0
4460,4743,1
4551,4715,0
4553,4719,0
4556,4726,0
4560,4739,0
4567,4758,0
4572,4769,0
4578,4775,0
4587,4779,0
4591,4775,0
4595,4768,0
4598,4755,0
4603,4746,0
4605,4739,0
4603,4741,0
4607,4747,0
4611,4760,0
4616,4767,0
4626,4763,0
4644,4750,0
4666,4731,0
4688,4714,0
4704,4697,0
4719,4685,0
4724,4676,0
4729,4677,1
4859,4652,0
4854,4651,0
4853,4652,0
4844,4650,0
4832,4655,0
4823,4667,0
4818,4681,0
4816,4688,0
4818,4691,0
4828,4695,0
4831,4691,0
4833,4690,0
4834,4690,0
4833,4689,0
4834,4690,0
4837,4693,0
4834,4690,0
4838,4691,0
4838,4686,0
4837,4677,0
4833,4669,1
4843,4676,0
4847,4678,0
4855,4677,0
4862,4671,0
4869,4665,0
4873,4662,0
4869,4655,0
4866,4652,0
4859,4647,0
4844,4644,0
4829,4652,0
4815,4669,0
4800,4691,0
4788,4716,0
4787,4743,0
4798,4755,0
4820,4758,0
4858,4752,0
4895,4742,0
4932,4727,0
4956,4707,1
4993,4733,0
4994,4742,0
4993,4743,0
4996,4741,0
5005,4734,0
5028,4719,0
5051,4703,0
5078,4690,0
5105,4677,0
5127,4673,0
5141,4673,0
5151,4674,0
5154,4676,1
5612,4666,0
5612,4671,0
5606,4666,0
5607,4671,0
5596,4670,0
5586,4680,0
5576,4695,0
5572,4711,0
5571,4717,0
5576,4718,0
5590,4715,0
5607,4704,0
5614,4691,0
5621,4685,0
5623,4683,0
5619,4681,0
5621,4685,0
5616,4695,0
5607,4710,0
5608,4720,0
5618,4722,1
5688,4656,0
5689,4660,0
5693,4673,0
5692,4691,0
5688,4708,0
5686,4722,0
5684,4723,0
5685,4722,0
5687,4720,0
5698,4715,0
5706,4705,0
5718,4699,0
5731,4692,0
5746,4688,0
5758,4688,0
5769,4688,0
5782,4690,0
5793,4697,0
5796,4705,0
5803,4722,0
5804,4738,0
5807,4752,0
5807,4752,0
5810,4748,0
5814,4734,1
5937,4691,0
5929,4693,0
5921,4701,0
5909,4714,0
5900,4729,0
5893,4743,0
5895,4753,0
5899,4755,0
5905,4754,0
5916,4753,0
5922,4741,0
5928,4723,0
5938,4702,0
5936,4673,0
5941,4644,0
5951,4622,0
5956,4604,0
5958,4591,0
5960,4589,0
5958,4591,0
5957,4598,0
5953,4614,0
5954,4637,0
5957,4668,0
5963,4703,0
5967,4729,0
5974,4745,0
5985,4756,0
5994,4758,1
6410,4545,0
6405,4550,0
6408,4559,0
6408,4578,0
6406,4605,0
6401,4637,0
6396,4661,0
6400,4681,0
6399,4688,0
6404,4689,0
6413,4685,0
6425,4669,0
6443,4654,0
6466,4640,0
6485,4630,0
6502,4633,0
6515,4643,0
6517,4659,0
6519,4689,0
6511,4711,0
6510,4724,1
6577,4669,0
6581,4671,0
6592,4676,0
6594,4673,0
6597,4671,0
6595,4665,0
6593,4656,0
6588,4648,0
6584,4641,0
6579,4642,0
6563,4647,0
6545,4664,0
6534,4683,0
6532,4704,0
6540,4720,0
6550,4726,0
6569,4729,1
6666,4681,0
6661,4693,0
6651,4704,0
6650,4719,0
6647,4722,0
6646,4717,0
6659,4714,0
6677,4698,0
6704,4676,0
6732,4661,0
6754,4646,0
6775,4640,0
6790,4640,1