Pauline stooped and began dabbing at the
889
802,2657,1
797,2689,0
793,2721,0
791,2760,0
792,2821,0
795,2882,0
797,2955,0
796,3014,0
789,3074,0
775,3117,0
757,3144,0
743,3162,0
731,3160,1
735,2774,0
726,2765,0
720,2752,0
716,2731,0
719,2707,0
728,2680,0
744,2654,0
770,2634,0
798,2617,0
826,2627,0
851,2659,0
877,2692,0
891,2738,0
904,2795,0
904,2843,0
887,2878,0
861,2900,0
833,2902,0
814,2900,0
797,2878,0
793,2870,1
906,2963,1
840,2926,0
828,2953,0
825,2989,0
829,3026,0
839,3059,0
854,3083,0
871,3093,0
890,3095,0
905,3076,0
917,3052,0
925,3021,0
926,2980,0
924,2953,0
920,2936,0
919,2936,0
916,2948,0
915,2975,0
915,3012,0
920,3048,0
928,3077,0
937,3085,0
947,3082,0
961,3066,0
978,3035,0
992,2996,0
996,2959,0
993,2936,0
989,2931,0
987,2931,0
984,2938,0
982,2967,0
982,2999,0
988,3035,0
998,3056,0
1012,3068,0
1025,3064,0
1040,3048,0
1056,3016,0
1068,2980,0
1072,2953,0
1068,2933,0
1065,2924,0
1065,2929,0
1062,2944,0
1059,2977,0
1060,3013,0
1065,3049,0
1075,3073,0
1086,3077,0
1102,3073,0
1122,3048,0
1146,3008,0
1167,2955,0
1181,2899,0
1188,2842,0
1190,2786,0
1192,2746,0
1190,2710,0
1188,2694,0
1189,2698,0
1189,2706,0
1187,2738,0
1182,2791,0
1175,2855,0
1170,2924,0
1169,2987,0
1171,3039,0
1179,3078,0
1194,3094,0
1211,3090,0
1230,3073,0
1251,3044,0
1262,3003,0
1269,2958,0
1270,2926,0
1269,2902,0
1269,2898,0
1271,2902,0
1274,2922,0
1277,2954,0
1278,2994,0
1282,3025,0
1288,3045,0
1297,3049,0
1311,3043,0
1330,3025,0
1345,2992,0
1359,2963,0
1368,2934,0
1372,2913,0
1375,2909,0
1373,2909,0
1379,2924,0
1382,2948,0
1382,2980,0
1385,3016,0
1382,3037,0
1382,3045,0
1383,3045,0
1387,3036,0
1399,3011,0
1414,2981,0
1430,2951,0
1442,2925,0
1450,2919,0
1453,2924,0
1461,2943,0
1466,2970,0
1469,3002,0
1475,3037,0
1486,3064,0
1503,3078,0
1524,3078,0
1551,3066,0
1575,3038,0
1592,3003,0
1593,2966,0
1587,2938,0
1573,2917,0
1559,2907,0
1548,2905,0
1541,2914,0
1538,2935,0
1537,2964,0
1540,2991,0
1553,3021,0
1573,3042,0
1596,3051,1
1360,2750,0
1362,2749,0
1362,2749,0
1361,2745,0
1362,2745,0
1365,2748,0
1370,2752,0
1377,2752,0
1388,2750,1
1856,3017,1
1881,2968,0
1899,2946,0
1922,2923,0
1948,2907,0
1966,2900,0
1978,2910,0
1986,2936,0
1985,2970,0
1984,3008,0
1977,3045,0
1964,3069,0
1950,3086,0
1940,3080,0
1940,3076,0
1940,3068,0
1944,3058,0
1955,3055,0
1976,3053,0
1999,3041,0
2024,3021,0
2053,2994,0
2075,2952,0
2087,2892,0
2103,2831,0
2107,2769,0
2107,2722,0
2106,2692,0
2106,2688,0
2103,2698,0
2099,2743,0
2086,2803,0
2075,2884,0
2069,2963,0
2058,3021,0
2048,3054,0
2043,3060,0
2036,3046,0
2030,3018,0
2025,2987,0
2017,2951,1
2024,2919,0
2036,2919,0
2053,2922,0
2080,2924,0
2118,2924,0
2142,2914,0
2164,2910,0
2169,2904,0
2174,2893,0
2173,2885,0
2167,2883,0
2157,2879,0
2114,2977,0
2121,3008,0
2130,3030,0
2149,3040,0
2164,3035,0
2180,3016,0
2190,2986,0
2182,2954,0
2169,2929,0
2157,2913,0
2149,2907,0
2149,2912,0
2152,2924,0
2159,2942,0
2178,2957,0
2199,2970,0
2222,2973,0
2244,2972,0
2265,2968,0
2277,2958,0
2283,2943,0
2290,2926,0
2286,2911,0
2278,2902,0
2267,2897,0
2252,2900,0
2236,2916,0
2231,2939,0
2227,2967,0
2236,2997,0
2244,3025,0
2261,3039,0
2285,3046,0
2305,3033,0
2320,3018,0
2323,2992,0
2315,2964,0
2307,2932,0
2297,2915,0
2296,2911,0
2296,2911,0
2304,2921,0
2316,2934,0
2339,2944,0
2362,2951,0
2381,2952,0
2394,2946,0
2407,2930,0
2417,2908,0
2420,2888,0
2422,2874,0
2422,2874,0
2421,2883,0
2415,3023,0
2411,3101,0
2405,3182,0
2402,3253,0
2388,3315,0
2386,3303,0
2382,3274,0
2376,3226,0
2381,3162,0
2395,3086,0
2410,3013,0
2426,2948,0
2444,2899,0
2462,2868,0
2480,2863,0
2493,2878,0
2502,2910,0
2500,2947,0
2493,2977,0
2482,2996,0
2474,3004,0
2458,2999,0
2449,2986,0
2442,2971,0
2446,2955,0
2460,2941,0
2482,2938,0
2513,2940,0
2548,2944,0
2574,2940,0
2595,2937,0
2616,2930,0
2619,2906,0
2623,2881,0
2621,2859,0
2608,2843,0
2592,2838,0
2581,2845,0
2571,2864,0
2565,2895,0
2567,2929,0
2574,2958,0
2592,2975,0
2615,2981,0
2644,2978,1
2737,2850,0
2737,2854,0
2736,2855,0
2722,2855,0
2700,2859,0
2680,2866,0
2666,2879,0
2654,2899,0
2653,2923,0
2655,2945,0
2660,2961,0
2674,2971,0
2690,2971,0
2706,2958,0
2723,2929,0
2736,2884,0
2750,2833,0
2755,2777,0
2759,2732,0
2761,2702,0
2760,2683,0
2758,2695,0
2755,2725,0
2753,2774,0
2755,2825,0
2755,2876,0
2769,2920,0
2779,2951,0
2795,2975,0
2815,2976,0
2840,2965,0
2876,2952,1
3126,2860,0
3132,2849,0
3136,2842,0
3131,2831,0
3119,2819,0
3100,2808,0
3075,2808,0
3049,2823,0
3032,2845,0
3021,2878,0
3023,2920,0
3026,2957,0
3045,2987,0
3066,2997,0
3095,2992,0
3120,2973,0
3141,2938,0
3156,2897,0
3161,2853,0
3161,2818,0
3158,2800,0
3153,2803,0
3153,2818,0
3156,2847,0
3158,2885,0
3168,2922,0
3187,2949,0
3204,2951,0
3231,2946,0
3252,2924,0
3276,2899,0
3288,2869,0
3299,2845,0
3300,2839,0
3300,2839,0
3302,2858,0
3298,2887,0
3298,2919,0
3298,2944,0
3307,2956,0
3314,2956,0
3333,2946,0
3355,2918,0
3381,2881,0
3399,2854,0
3401,2848,0
3398,2849,0
3397,2871,0
3398,2903,0
3401,2937,0
3404,2965,0
3417,2986,0
3443,2996,1
3520,2876,0
3512,2877,0
3498,2885,0
3474,2895,0
3458,2910,0
3453,2924,0
3452,2941,0
3459,2955,0
3473,2965,0
3496,2967,0
3520,2951,0
3539,2918,0
3554,2871,0
3567,2816,0
3576,2758,0
3579,2705,0
3577,2662,0
3576,2641,0
3572,2639,0
3573,2655,0
3567,2695,0
3560,2757,0
3559,2824,0
3568,2891,1
3703,2935,0
3701,2937,0
3713,2936,0
3726,2930,0
3747,2904,0
3769,2861,0
3793,2813,0
3826,2660,0
3822,2630,0
3815,2619,0
3802,2628,0
3789,2661,0
3769,2705,0
3760,2766,0
3761,2829,0
3770,2888,0
3785,2928,0
3807,2946,0
3839,2948,0
3865,2929,0
3878,2897,0
3880,2861,0
3870,2832,0
3862,2817,0
3854,2808,0
3857,2811,0
3864,2820,0
3881,2837,0
3904,2853,0
3931,2865,0
3962,2868,0
3975,2865,0
3990,2856,0
3993,2834,0
3995,2808,0
3990,2789,0
3983,2774,0
3967,2774,0
3953,2789,0
3948,2824,0
3944,2864,0
3961,2909,0
3978,2943,0
4000,2967,0
4034,2982,0
4059,2980,0
4088,2967,1
4121,2859,0
4119,2849,0
4111,2840,0
4100,2835,0
4080,2833,0
4065,2837,0
4047,2852,0
4039,2873,0
4038,2897,0
4034,2919,0
4049,2938,0
4060,2944,0
4073,2941,0
4079,2924,0
4087,2903,0
4088,2883,0
4089,2877,0
4086,2880,0
4092,2904,0
4095,2947,0
4089,3001,0
4092,3074,0
4089,3151,0
4083,3225,0
4073,3279,0
4053,3303,0
4043,3308,0
4036,3286,0
4037,3247,0
4048,3187,0
4060,3118,0
4087,3055,1
4210,2786,0
4217,2777,0
4223,2771,0
4225,2762,0
4222,2760,0
4215,2761,0
4197,2770,0
4182,2795,0
4169,2828,0
4167,2867,0
4174,2902,0
4181,2925,0
4193,2935,0
4200,2926,0
4218,2906,0
4232,2872,0
4237,2835,0
4239,2802,0
4240,2781,0
4242,2772,0
4241,2773,0
4248,2797,0
4254,2828,0
4259,2858,0
4270,2889,0
4287,2906,0
4299,2905,0
4317,2889,0
4329,2861,0
4338,2832,0
4342,2802,0
4345,2786,0
4343,2782,0
4345,2786,0
4346,2803,0
4351,2830,0
4359,2864,0
4362,2890,0
4371,2912,0
4378,2916,0
4388,2910,0
4402,2893,0
4418,2867,0
4426,2838,0
4430,2814,0
4429,2803,0
4431,2806,0
4432,2818,0
4435,2839,0
4437,2863,0
4446,2890,0
4452,2914,0
4466,2929,0
4477,2934,0
4490,2924,0
4506,2905,0
4517,2879,0
4524,2849,0
4525,2823,0
4521,2801,0
4513,2792,0
4506,2795,0
4500,2808,0
4492,2831,0
4495,2861,0
4502,2896,0
4520,2932,0
4541,2957,0
4569,2967,0
4600,2954,0
4637,2920,0
4658,2892,1
4917,2864,0
4919,2853,0
4922,2836,0
4923,2812,0
4910,2782,0
4896,2760,0
4878,2744,0
4854,2744,0
4836,2762,0
4825,2793,0
4811,2832,0
4811,2881,0
4811,2921,0
4814,2943,0
4821,2948,0
4833,2932,0
4853,2890,0
4872,2829,0
4888,2756,0
4897,2687,0
4902,2628,0
4896,2591,0
4898,2583,0
4898,2588,0
4891,2615,0
4891,2666,0
4887,2731,0
4886,2803,0
4893,2869,0
4898,2917,0
4919,2951,0
4942,2958,0
4979,2948,1
5034,2769,0
5017,2780,0
4999,2799,0
4982,2825,0
4977,2854,0
4969,2886,0
4973,2915,0
4982,2936,0
4997,2945,0
5014,2942,0
5026,2924,0
5033,2900,0
5035,2876,0
5037,2858,0
5031,2852,0
5034,2862,0
5039,2884,0
5042,2908,0
5049,2932,0
5061,2950,0
5079,2958,0
5093,2946,0
5117,2918,0
5127,2873,0
5145,2819,0
5153,2755,0
5159,2692,0
5164,2639,0
5166,2605,0
5158,2594,0
5158,2603,0
5149,2631,0
5144,2686,0
5137,2758,0
5132,2831,0
5134,2892,0
5149,2935,0
5158,2951,0
5166,2946,0
5174,2919,0
5177,2879,0
5178,2841,0
5170,2810,0
5163,2791,0
5163,2791,0
5165,2795,0
5173,2805,0
5187,2813,0
5206,2813,0
5223,2801,0
5236,2772,0
5249,2729,0
5257,2678,0
5259,2627,0
5259,2588,0
5255,2564,0
5255,2562,0
5249,2572,0
5243,2607,0
5225,2660,0
5222,2728,0
5216,2798,0
5216,2864,0
5215,2923,0
5226,2964,0
5240,2985,0
5249,2981,0
5264,2959,0
5277,2924,0
5276,2882,0
5277,2850,0
5276,2830,0
5277,2820,0
5277,2820,0
5280,2831,0
5282,2849,0
5286,2866,0
5294,2877,0
5309,2881,0
5327,2876,0
5342,2860,0
5349,2842,0
5353,2828,0
5351,2822,0
5349,2825,0
5344,2842,0
5336,2869,0
5330,2901,0
5332,2934,0
5340,2959,0
5351,2971,0
5366,2970,0
5394,2958,0
5412,2928,0
5426,2898,0
5433,2865,0
5435,2839,0
5437,2821,0
5439,2818,0
5437,2820,0
5443,2840,0
5441,2869,0
5437,2903,0
5433,2933,0
5438,2954,0
5440,2958,0
5446,2949,0
5460,2920,0
5481,2886,0
5494,2850,0
5510,2823,0
5516,2813,0
5518,2816,0
5519,2831,0
5522,2858,0
5521,2890,0
5530,2922,0
5544,2945,0
5564,2957,0
5585,2953,0
5605,2936,1
5590,2837,0
5579,2849,0
5574,2872,0
5566,2893,0
5573,2912,0
5591,2920,0
5598,2909,0
5610,2890,0
5611,2865,0
5607,2840,0
5604,2823,0
5601,2818,0
5598,2825,0
5593,2848,0
5588,2888,0
5582,2943,0
5578,3010,0
5564,3083,0
5553,3159,0
5539,3223,0
5528,3267,0
5517,3288,0
5507,3290,0
5495,3271,0
5480,3238,0
5482,3192,0
5492,3135,1
5310,2658,1
5721,2834,1
5663,2856,0
5651,2884,0
5644,2918,0
5651,2954,0
5656,2976,0
5672,2988,0
5683,2985,0
5705,2972,0
5725,2946,0
5738,2916,0
5750,2897,0
5747,2885,0
5751,2886,0
5747,2894,0
5745,2913,0
5746,2943,0
5744,2970,0
5750,2990,0
5764,2999,0
5784,2996,0
5809,2970,0
5841,2931,0
5860,2883,0
5875,2830,0
5891,2777,0
5898,2729,0
5906,2689,0
5911,2663,0
5914,2657,0
5914,2655,0
5913,2668,0
5915,2697,0
5903,2747,0
5896,2809,0
5882,2877,0
5870,2928,0
5870,2960,0
5868,2964,0
5864,2954,0
5857,2927,0
5846,2892,0
5834,2854,0
5832,2827,0
5831,2812,0
5827,2811,0
5827,2812,0
5836,2818,0
5847,2824,1
6052,2858,0
6058,2861,0
6075,2864,0
6089,2856,0
6107,2840,0
6130,2814,0
6153,2777,0
6179,2736,0
6194,2697,0
6204,2668,0
6207,2651,0
6208,2650,0
6209,2657,0
6214,2683,0
6207,2724,0
6186,2800,0
6168,2886,0
6143,2958,0
6126,2996,0
6119,3002,0
6116,2982,0
6116,2940,0
6115,2884,0
6113,2828,0
6116,2789,0
6115,2772,0
6119,2772,0
6131,2786,0
6155,2809,0
6173,2835,0
6203,2864,0
6232,2876,0
6271,2871,0
6302,2845,0
6335,2800,0
6354,2743,0
6361,2692,0
6364,2658,0
6359,2639,0
6363,2642,0
6359,2657,0
6351,2693,0
6339,2745,0
6326,2817,0
6311,2890,0
6302,2951,0
6302,2982,0
6305,2963,0
6332,2927,0
6361,2881,0
6381,2842,0
6392,2828,0
6402,2826,0
6406,2843,0
6408,2875,0
6408,2910,0
6406,2941,0
6414,2968,0
6429,2983,0
6478,2958,0
6519,2922,0
6538,2885,0
6548,2854,0
6542,2832,0
6538,2820,0
6527,2817,0
6514,2825,0
6503,2848,0
6491,2870,0
6492,2896,0
6496,2923,0
6515,2948,0
6539,2955,0
6574,2957,0
6609,2939,1