asked. &quot;I &apos;ll fetch my things and be
610
823,1325,0
830,1339,0
825,1334,0
814,1327,0
795,1327,0
766,1336,0
729,1358,0
694,1390,0
678,1418,0
680,1440,0
695,1453,0
721,1456,0
750,1447,0
779,1434,0
803,1415,0
820,1389,0
832,1368,0
832,1351,0
831,1356,0
823,1362,0
806,1379,0
804,1411,0
814,1429,0
837,1442,0
867,1444,1
1033,1324,0
1026,1312,0
1026,1312,0
1010,1307,0
988,1313,0
965,1323,0
946,1334,0
939,1349,0
941,1361,0
957,1375,0
977,1377,0
1003,1382,0
1023,1387,0
1030,1396,0
1027,1400,0
1013,1407,0
984,1417,0
951,1426,0
931,1428,0
918,1423,0
916,1414,1
1112,1181,0
1114,1184,0
1107,1192,0
1104,1224,0
1090,1264,0
1076,1309,0
1075,1349,0
1074,1365,0
1080,1377,1
1179,1281,0
1167,1277,0
1152,1286,0
1121,1296,0
1091,1317,0
1070,1337,0
1061,1357,0
1064,1373,0
1076,1380,0
1107,1388,0
1147,1387,0
1192,1376,0
1237,1367,0
1264,1351,0
1281,1327,0
1289,1306,0
1286,1290,0
1271,1281,0
1242,1281,0
1205,1294,0
1179,1317,0
1168,1338,0
1177,1361,0
1200,1375,0
1238,1387,0
1278,1389,0
1318,1386,0
1358,1382,0
1389,1370,1
1427,1335,0
1419,1333,0
1405,1333,0
1379,1339,0
1353,1350,0
1341,1364,0
1341,1381,0
1348,1387,0
1368,1395,0
1393,1393,0
1419,1382,0
1442,1363,0
1463,1336,0
1481,1305,0
1491,1262,0
1499,1229,0
1494,1218,0
1486,1218,0
1476,1234,0
1466,1264,0
1455,1301,0
1455,1339,0
1459,1366,0
1472,1396,1
1596,1432,0
1590,1426,0
1591,1426,0
1587,1423,0
1591,1426,0
1591,1426,0
1592,1429,0
1603,1438,0
1617,1445,1
1981,1056,0
1978,1054,0
1978,1054,0
1978,1054,0
1973,1070,0
1961,1092,0
1954,1117,0
1948,1132,0
1950,1136,1
2038,1030,0
2024,1033,0
2009,1050,0
1990,1076,0
1976,1112,0
1964,1145,0
1966,1163,0
1970,1177,0
1981,1188,1
2162,1096,0
2157,1095,0
2158,1095,0
2161,1097,0
2157,1114,0
2149,1151,0
2134,1204,0
2112,1258,0
2094,1307,0
2080,1341,0
2073,1362,0
2067,1372,0
2070,1375,0
2070,1375,0
2075,1371,0
2082,1365,0
2090,1363,1
2306,1122,0
2300,1109,0
2306,1102,0
2308,1099,0
2308,1099,0
2304,1119,0
2299,1155,0
2287,1189,0
2289,1218,1
2421,1107,0
2420,1108,0
2416,1115,0
2410,1129,0
2405,1158,0
2390,1196,0
2369,1242,0
2350,1287,0
2337,1320,0
2330,1340,0
2328,1347,0
2330,1345,0
2339,1329,1
2470,1129,0
2466,1126,0
2463,1131,0
2458,1153,0
2439,1192,0
2416,1247,0
2393,1300,0
2379,1339,0
2376,1360,1
2651,1167,0
2654,1148,0
2658,1132,0
2655,1129,0
2650,1130,0
2637,1150,0
2622,1196,0
2601,1254,0
2581,1315,0
2566,1360,0
2560,1387,0
2552,1401,0
2549,1406,0
2551,1410,0
2541,1403,0
2534,1386,0
2523,1363,1
2512,1339,0
2510,1334,0
2507,1331,0
2508,1330,0
2525,1329,0
2549,1324,0
2579,1318,0
2614,1312,0
2649,1305,0
2672,1293,0
2698,1283,0
2713,1268,0
2731,1256,0
2733,1246,0
2726,1242,0
2708,1240,0
2692,1249,0
2677,1264,0
2663,1286,0
2657,1307,0
2668,1326,0
2683,1339,0
2700,1344,0
2721,1340,1
2832,1167,0
2830,1164,0
2832,1169,0
2829,1182,0
2828,1206,0
2819,1244,0
2801,1287,0
2793,1322,0
2785,1340,0
2782,1352,0
2779,1356,0
2772,1346,0
2768,1329,1
2747,1268,0
2748,1267,0
2754,1265,0
2768,1265,0
2792,1265,0
2820,1266,0
2847,1266,0
2873,1264,1
2929,1240,0
2921,1238,0
2910,1240,0
2887,1248,0
2862,1266,0
2847,1283,0
2846,1300,0
2847,1312,0
2860,1322,0
2882,1325,0
2904,1320,0
2926,1307,1
3007,1146,0
3008,1145,0
3003,1146,0
2998,1157,0
2994,1180,0
2984,1208,0
2974,1243,0
2963,1276,0
2956,1296,0
2958,1308,0
2956,1312,0
2957,1311,0
2967,1303,0
2987,1284,0
3009,1261,0
3028,1244,0
3033,1242,0
3037,1245,0
3036,1254,0
3033,1268,0
3033,1283,0
3044,1296,0
3057,1307,0
3080,1314,1
3359,1275,1
3365,1254,0
3366,1242,0
3376,1238,0
3376,1238,0
3373,1244,0
3369,1262,0
3360,1291,0
3351,1319,0
3343,1334,0
3346,1336,0
3346,1336,0
3348,1331,0
3357,1314,0
3369,1290,0
3382,1261,0
3397,1232,0
3412,1216,0
3419,1214,0
3428,1222,0
3428,1240,0
3428,1268,0
3424,1296,0
3429,1314,0
3426,1320,0
3428,1323,0
3425,1322,0
3428,1315,0
3447,1295,0
3460,1268,0
3479,1245,0
3492,1235,0
3489,1233,0
3487,1236,0
3483,1256,0
3478,1285,0
3480,1310,0
3491,1323,0
3501,1328,0
3516,1326,0
3530,1316,0
3550,1300,0
3568,1279,0
3580,1254,0
3585,1242,0
3580,1242,0
3578,1249,0
3569,1269,0
3560,1289,0
3562,1304,0
3567,1312,0
3583,1316,0
3602,1312,0
3621,1300,0
3643,1280,0
3663,1251,0
3674,1228,0
3676,1221,0
3671,1222,0
3662,1234,0
3652,1258,0
3647,1290,0
3643,1319,0
3642,1350,0
3641,1380,0
3638,1404,0
3634,1421,0
3619,1434,0
3583,1442,0
3551,1444,0
3542,1438,0
3537,1421,0
3556,1399,0
3581,1375,0
3614,1353,0
3664,1331,0
3706,1314,1
4109,1129,0
4106,1123,0
4106,1123,0
4099,1130,0
4090,1159,0
4072,1201,0
4053,1254,0
4039,1304,0
4029,1329,0
4027,1334,0
4027,1336,0
4024,1329,0
4020,1308,1
4034,1214,0
4032,1207,0
4035,1210,0
4035,1223,0
4050,1240,0
4070,1254,0
4098,1259,0
4134,1252,0
4161,1240,0
4184,1220,0
4201,1192,0
4214,1155,0
4219,1124,0
4219,1111,0
4210,1113,0
4191,1133,0
4172,1166,0
4161,1213,0
4150,1257,0
4152,1287,0
4151,1302,0
4156,1310,0
4161,1310,0
4172,1300,0
4189,1279,0
4205,1256,0
4215,1239,0
4215,1239,0
4215,1242,0
4209,1258,0
4206,1278,0
4208,1296,0
4218,1304,0
4234,1308,0
4248,1303,0
4264,1293,0
4283,1277,0
4300,1252,0
4319,1233,0
4316,1229,0
4320,1229,0
4317,1237,0
4316,1256,0
4304,1278,0
4301,1298,0
4302,1310,0
4308,1313,0
4314,1307,1
4360,1167,0
4355,1160,0
4351,1157,0
4355,1157,1
4390,1234,0
4391,1233,0
4393,1237,0
4392,1252,0
4384,1275,0
4380,1300,0
4377,1314,0
4379,1319,0
4379,1319,0
4378,1318,0
4382,1310,0
4397,1290,0
4414,1265,0
4435,1237,0
4453,1222,0
4461,1222,0
4467,1229,0
4478,1246,0
4476,1267,0
4468,1292,0
4466,1311,0
4472,1317,0
4480,1316,0
4501,1307,0
4526,1293,1
4599,1237,0
4591,1235,0
4576,1243,0
4550,1259,0
4531,1276,0
4532,1287,0
4543,1293,0
4557,1290,0
4575,1283,0
4589,1268,0
4608,1248,0
4613,1230,0
4613,1230,0
4603,1235,0
4592,1258,0
4579,1288,0
4568,1320,0
4571,1350,0
4566,1376,0
4565,1402,0
4559,1418,0
4551,1430,0
4535,1438,0
4508,1442,0
4476,1438,0
4459,1426,0
4462,1406,0
4476,1380,1
4796,1199,0
4789,1196,0
4772,1200,0
4743,1213,0
4711,1223,0
4687,1234,0
4677,1240,0
4683,1248,0
4697,1257,0
4717,1259,0
4744,1267,0
4755,1271,0
4765,1280,0
4760,1284,0
4746,1288,0
4720,1291,0
4685,1293,0
4649,1292,0
4625,1289,0
4616,1286,0
4622,1283,1
5389,1174,0
5382,1170,0
5374,1169,0
5352,1174,0
5320,1191,0
5285,1216,0
5257,1244,0
5256,1263,0
5262,1274,0
5277,1279,0
5303,1276,0
5322,1264,0
5339,1248,0
5347,1228,0
5357,1206,0
5361,1191,0
5361,1191,0
5356,1196,0
5347,1216,0
5344,1243,0
5347,1264,0
5356,1276,0
5372,1280,0
5388,1279,0
5402,1272,0
5414,1261,0
5427,1240,0
5436,1217,0
5444,1205,0
5439,1206,0
5439,1207,0
5437,1216,0
5424,1235,0
5420,1253,0
5420,1267,0
5419,1272,0
5423,1273,0
5427,1273,0
5442,1264,0
5458,1246,0
5485,1223,0
5506,1207,0
5518,1205,0
5520,1211,0
5523,1221,0
5518,1239,0
5517,1261,0
5520,1278,0
5540,1285,1
5655,1216,0
5663,1199,0
5665,1192,0
5649,1187,0
5624,1189,0
5600,1201,0
5587,1223,0
5586,1247,0
5591,1260,0
5606,1266,0
5627,1262,0
5647,1251,0
5668,1232,0
5687,1204,0
5706,1170,0
5725,1138,0
5733,1122,0
5728,1123,0
5713,1136,0
5699,1166,0
5683,1199,0
5667,1234,0
5668,1262,0
5664,1281,1
6022,1282,0
6022,1282,0
6026,1278,0
6033,1265,0
6054,1245,0
6076,1219,0
6099,1188,0
6121,1154,0
6128,1124,0
6136,1100,0
6134,1090,0
6130,1089,0
6112,1100,0
6089,1136,0
6059,1182,0
6046,1225,0
6056,1257,0
6076,1276,0
6093,1288,0
6105,1290,0
6123,1287,0
6130,1273,0
6142,1257,0
6150,1237,0
6152,1225,0
6153,1226,0
6144,1226,0
6147,1230,0
6153,1241,0
6168,1247,0
6189,1249,0
6213,1248,0
6238,1247,0
6252,1235,0
6271,1220,0
6283,1208,0
6283,1205,0
6271,1204,0
6263,1283,0
6290,1288,1