thing had been said. They
460
562,1590,0
558,1606,0
558,1644,0
559,1691,0
562,1746,0
605,1822,0
608,1889,0
566,1940,0
566,1994,0
566,2035,0
564,2060,0
559,2071,0
552,2069,1
591,1881,0
596,1878,0
624,1890,0
646,1891,0
622,1877,1
709,1677,0
711,1689,0
719,1720,0
728,1763,0
739,1818,0
748,1869,0
754,1927,0
755,1971,0
755,2005,0
757,2025,0
757,2021,0
762,2010,0
770,1975,0
784,1937,0
805,1899,0
828,1874,0
850,1857,0
869,1856,0
880,1857,0
892,1886,0
897,1919,0
897,1955,0
897,1988,0
898,2012,0
899,2020,1
992,1870,0
996,1882,0
1003,1915,0
1004,1947,0
1006,1983,0
1008,2012,0
1006,2027,0
1010,2043,0
1010,2039,1
1020,1780,0
1018,1763,0
1019,1760,0
1020,1759,1
1087,1845,0
1083,1857,0
1087,1877,0
1089,1901,0
1092,1925,0
1096,1949,0
1099,1964,0
1102,1973,0
1102,1968,0
1105,1964,0
1109,1940,0
1117,1912,0
1129,1880,0
1146,1860,0
1160,1847,0
1172,1847,0
1184,1854,0
1196,1877,0
1205,1905,0
1211,1932,0
1216,1959,0
1220,1979,0
1225,1995,0
1232,2002,0
1239,2002,1
1389,1861,0
1375,1867,0
1363,1886,0
1353,1899,0
1307,1930,0
1301,1952,0
1299,1968,0
1303,1979,0
1309,1982,0
1316,1978,0
1327,1964,0
1343,1945,0
1355,1915,0
1368,1889,0
1377,1863,0
1387,1853,0
1414,1843,0
1418,1843,0
1421,1855,0
1395,1880,0
1397,1908,0
1401,1944,0
1404,1980,0
1408,2016,0
1409,2044,0
1407,2065,0
1403,2082,0
1397,2091,0
1385,2097,0
1367,2095,0
1349,2099,0
1330,2101,0
1310,2099,0
1290,2098,0
1276,2099,0
1266,2104,0
1261,2108,0
1257,2108,0
1254,2105,0
1255,2109,0
1261,2116,1
1787,1662,0
1787,1667,0
1788,1684,0
1792,1722,0
1802,1771,0
1807,1816,0
1814,1865,0
1818,1907,0
1819,1937,0
1821,1949,0
1831,1954,0
1841,1940,0
1859,1911,0
1882,1874,0
1909,1838,0
1939,1810,0
1961,1790,0
1985,1790,0
1999,1795,0
2010,1812,0
2018,1836,0
2022,1861,0
2026,1885,0
2030,1901,0
2035,1908,1
2149,1807,0
2140,1808,0
2125,1814,0
2115,1829,0
2098,1849,0
2091,1882,0
2083,1909,0
2087,1934,0
2091,1941,0
2102,1940,0
2118,1925,0
2138,1899,0
2157,1864,0
2168,1829,0
2177,1808,0
2179,1806,0
2181,1810,0
2182,1824,0
2182,1853,0
2182,1881,0
2188,1911,1
2364,1831,0
2354,1833,0
2333,1844,0
2320,1869,0
2303,1896,0
2294,1927,0
2293,1952,0
2295,1964,0
2306,1967,0
2320,1958,0
2337,1931,0
2365,1896,0
2388,1843,0
2409,1785,0
2429,1737,0
2449,1703,0
2461,1687,0
2465,1689,0
2467,1698,0
2471,1732,0
2476,1786,0
2473,1842,0
2482,1901,0
2492,1944,0
2505,1975,1
2962,1660,0
2959,1662,0
2965,1681,0
2971,1718,0
2974,1765,0
2975,1814,0
2972,1859,0
2963,1897,0
2956,1923,0
2958,1934,0
2958,1932,0
2969,1921,0
2985,1891,0
3009,1853,0
3038,1819,0
3066,1797,0
3093,1790,0
3108,1790,0
3119,1802,0
3119,1822,0
3110,1851,0
3093,1884,0
3072,1914,0
3052,1937,0
3042,1954,0
3028,1956,0
3020,1954,0
3021,1947,0
3028,1935,1
3142,1906,0
3163,1906,0
3188,1901,0
3217,1891,0
3246,1874,0
3267,1853,0
3286,1834,0
3299,1817,0
3299,1804,0
3287,1800,0
3273,1807,0
3245,1823,0
3225,1849,0
3207,1878,0
3197,1903,0
3196,1923,0
3206,1935,0
3234,1946,0
3256,1944,0
3288,1937,1
3440,1849,0
3445,1848,0
3452,1838,0
3462,1824,0
3472,1810,0
3467,1795,0
3455,1785,0
3437,1783,0
3411,1791,0
3385,1807,0
3367,1833,0
3356,1862,0
3349,1890,0
3357,1913,0
3374,1930,0
3395,1937,0
3427,1941,0
3460,1937,0
3488,1925,0
3515,1910,0
3534,1888,1
3586,1797,0
3582,1803,0
3586,1827,0
3584,1852,0
3588,1874,0
3595,1891,0
3606,1898,0
3616,1896,0
3637,1886,0
3661,1865,0
3697,1839,0
3725,1809,0
3759,1792,0
3781,1786,0
3802,1791,0
3812,1806,0
3819,1831,0
3821,1861,0
3813,1889,0
3809,1917,0
3808,1940,0
3811,1957,0
3812,1964,0
3817,1964,1
4348,1773,0
4330,1765,0
4314,1759,0
4301,1760,0
4294,1767,0
4287,1779,0
4294,1802,0
4296,1824,0
4311,1848,0
4327,1867,0
4342,1883,0
4350,1893,0
4355,1901,0
4356,1907,0
4348,1913,0
4335,1921,0
4309,1927,0
4292,1933,0
4275,1940,0
4268,1944,0
4268,1944,1
4529,1804,0
4517,1802,0
4496,1798,0
4475,1807,0
4452,1824,0
4435,1849,0
4425,1877,0
4422,1901,0
4431,1920,0
4440,1927,0
4462,1928,0
4485,1919,0
4509,1900,0
4535,1874,0
4550,1843,0
4561,1819,0
4569,1803,0
4562,1800,0
4564,1804,0
4565,1811,0
4560,1831,0
4550,1861,0
4548,1892,0
4553,1918,0
4562,1935,1
4692,1824,0
4694,1828,0
4692,1834,0
4686,1855,0
4685,1876,0
4684,1896,0
4683,1908,0
4686,1911,0
4688,1906,1
4721,1749,0
4719,1744,0
4714,1742,0
4714,1742,1
4828,1833,0
4818,1833,0
4809,1838,0
4795,1848,0
4774,1865,0
4764,1886,0
4760,1906,0
4755,1922,0
4764,1933,0
4780,1937,0
4799,1933,0
4828,1920,0
4856,1898,0
4876,1872,0
4905,1836,0
4916,1791,0
4929,1750,0
4931,1722,0
4937,1708,0
4934,1703,0
4934,1705,0
4927,1713,0
4925,1738,0
4914,1776,0
4908,1820,0
4900,1856,0
4898,1891,0
4897,1923,0
4900,1946,0
4896,1962,0
4898,1976,0
4896,1981,0
4899,1983,1
4997,1955,0
4995,1958,0
4996,1956,0
4997,1955,0
5010,1954,1
5520,1700,0
5521,1710,0
5520,1737,0
5521,1781,0
5521,1826,0
5520,1866,0
5523,1901,0
5527,1925,0
5524,1941,1
5461,1676,0
5461,1674,0
5470,1674,0
5496,1683,0
5531,1693,1
5685,1661,0
5682,1672,0
5677,1697,0
5676,1741,0
5672,1788,0
5674,1829,0
5676,1858,0
5682,1877,0
5691,1887,0
5701,1884,0
5710,1870,0
5736,1846,0
5764,1815,0
5791,1788,0
5820,1775,0
5838,1771,0
5851,1774,0
5861,1792,0
5870,1816,0
5873,1842,0
5876,1870,0
5876,1893,0
5879,1908,0
5885,1915,1
5964,1845,0
5976,1838,0
5998,1825,0
6015,1811,0
6028,1797,0
6038,1780,0
6024,1769,0
6008,1768,0
5979,1777,0
5957,1795,0
5941,1818,0
5929,1840,0
5929,1864,0
5936,1879,0
5956,1896,0
6003,1906,0
6030,1903,0
6051,1891,0
6064,1877,1
6086,1813,0
6085,1817,0
6098,1838,0
6120,1862,0
6141,1875,0
6181,1895,0
6197,1897,0
6213,1889,1
6292,1785,0
6290,1790,0
6282,1805,0
6271,1838,0
6256,1870,0
6237,1906,0
6168,1993,0
6162,2008,0
6158,2019,0
6158,2019,0
6159,2017,1