white skirt of some silky material
698
1249,4317,0
1247,4317,0
1247,4317,0
1248,4325,0
1249,4345,0
1247,4381,0
1245,4418,0
1240,4449,0
1238,4473,0
1240,4485,0
1244,4485,0
1252,4485,0
1261,4476,0
1266,4456,0
1270,4436,0
1277,4416,0
1283,4396,0
1289,4387,0
1292,4383,0
1296,4391,0
1305,4407,0
1314,4422,0
1327,4433,0
1341,4452,0
1355,4464,0
1365,4467,0
1372,4466,0
1380,4466,0
1385,4457,0
1389,4430,0
1397,4396,0
1402,4356,0
1405,4324,0
1401,4312,0
1393,4304,0
1384,4305,0
1375,4302,1
1474,4246,0
1470,4246,0
1471,4250,0
1471,4246,0
1477,4261,0
1481,4285,0
1483,4321,0
1482,4361,0
1476,4398,0
1471,4442,0
1465,4476,0
1460,4496,0
1462,4512,0
1463,4512,0
1470,4507,0
1481,4485,0
1492,4449,0
1507,4407,0
1521,4381,0
1528,4360,0
1530,4352,0
1531,4352,0
1531,4356,0
1529,4372,0
1524,4397,0
1520,4426,0
1522,4446,0
1529,4461,0
1541,4468,0
1555,4466,0
1573,4460,0
1588,4439,0
1604,4416,0
1618,4386,0
1628,4369,0
1631,4352,0
1631,4352,0
1629,4352,0
1628,4352,0
1628,4357,0
1631,4384,0
1630,4417,0
1628,4441,0
1629,4466,0
1633,4477,1
1643,4266,0
1635,4267,0
1635,4267,0
1637,4267,0
1643,4270,1
1720,4230,0
1717,4235,0
1715,4244,0
1715,4263,0
1715,4296,0
1716,4332,0
1713,4373,0
1710,4418,0
1705,4455,0
1701,4476,0
1703,4484,0
1711,4487,0
1715,4474,1
1686,4397,0
1684,4394,0
1688,4397,0
1691,4396,0
1708,4398,0
1729,4394,0
1750,4387,0
1773,4379,0
1798,4372,0
1816,4365,0
1825,4355,0
1826,4350,0
1821,4351,0
1802,4355,0
1780,4367,0
1761,4398,0
1752,4427,0
1751,4444,0
1764,4454,0
1786,4454,0
1816,4442,0
1853,4422,0
1886,4408,0
1919,4394,1
2207,4276,0
2203,4278,0
2190,4281,0
2175,4289,0
2159,4298,0
2146,4309,0
2139,4319,0
2137,4328,0
2145,4343,0
2157,4356,0
2175,4368,0
2191,4380,0
2207,4393,0
2215,4403,0
2222,4413,0
2225,4430,0
2218,4435,0
2209,4446,0
2195,4454,0
2178,4450,0
2164,4445,0
2155,4439,0
2148,4420,0
2149,4399,0
2157,4377,1
2254,4193,0
2254,4193,0
2255,4200,0
2253,4222,0
2250,4252,0
2245,4287,0
2239,4326,0
2235,4369,0
2229,4399,0
2226,4420,0
2226,4429,0
2229,4432,0
2234,4427,1
2331,4319,0
2324,4314,0
2314,4316,0
2296,4318,0
2275,4328,0
2255,4346,0
2238,4367,0
2230,4391,0
2229,4407,0
2241,4421,0
2260,4432,0
2280,4431,0
2306,4432,0
2329,4420,0
2351,4410,0
2369,4388,0
2384,4362,0
2395,4342,0
2399,4332,0
2398,4329,0
2401,4340,0
2398,4337,0
2400,4362,0
2403,4394,0
2403,4419,0
2398,4433,0
2400,4445,0
2403,4448,0
2410,4447,1
2426,4257,0
2427,4261,0
2427,4256,0
2427,4252,0
2432,4250,1
2490,4294,0
2490,4311,0
2491,4332,0
2490,4349,0
2492,4374,0
2494,4394,0
2498,4414,0
2500,4426,0
2506,4440,0
2511,4443,0
2514,4437,0
2519,4427,0
2522,4410,0
2521,4385,0
2516,4357,0
2512,4350,0
2507,4343,0
2502,4337,0
2502,4336,0
2502,4336,0
2506,4336,0
2521,4343,0
2537,4341,0
2555,4335,0
2574,4324,1
2630,4188,0
2622,4186,0
2618,4188,0
2618,4210,0
2613,4242,0
2612,4285,0
2612,4331,0
2610,4374,0
2610,4404,0
2614,4432,0
2618,4448,0
2620,4448,1
2581,4351,0
2581,4346,0
2592,4347,0
2612,4340,0
2639,4325,0
2668,4315,0
2695,4308,0
2719,4303,1
3052,4307,0
3051,4302,0
3055,4305,0
3049,4295,0
3043,4293,0
3030,4295,0
3016,4310,0
2999,4336,0
2984,4365,0
2981,4392,0
2984,4417,0
2993,4431,0
3011,4444,0
3028,4442,0
3038,4428,0
3047,4419,0
3053,4399,0
3056,4375,0
3059,4348,0
3059,4325,0
3062,4311,1
3187,4172,0
3182,4166,0
3174,4161,0
3167,4159,0
3160,4163,0
3153,4181,0
3148,4215,0
3139,4255,0
3138,4309,0
3135,4360,0
3143,4418,0
3141,4459,0
3143,4497,0
3144,4520,0
3148,4526,0
3150,4521,0
3153,4507,1
3126,4373,0
3126,4369,0
3129,4367,0
3144,4365,0
3168,4361,0
3194,4352,0
3228,4353,0
3259,4346,1
3548,4252,0
3549,4252,0
3551,4250,0
3552,4251,0
3549,4247,0
3541,4248,0
3529,4250,0
3515,4263,0
3496,4275,0
3481,4287,0
3477,4304,0
3486,4321,0
3495,4331,0
3515,4341,0
3542,4355,0
3564,4365,0
3581,4381,0
3592,4394,0
3597,4405,0
3595,4411,0
3590,4424,0
3572,4425,0
3553,4427,0
3537,4427,0
3522,4421,0
3511,4413,0
3501,4401,0
3503,4391,0
3509,4373,1
3649,4294,0
3645,4292,0
3639,4291,0
3628,4292,0
3612,4298,0
3606,4311,0
3600,4325,0
3598,4343,0
3604,4364,0
3612,4378,0
3623,4395,0
3629,4400,0
3638,4403,0
3643,4401,0
3645,4396,0
3649,4383,0
3650,4360,0
3645,4339,0
3641,4328,0
3633,4318,0
3629,4311,1
3687,4284,0
3691,4286,0
3688,4283,0
3692,4290,0
3691,4301,0
3692,4319,0
3695,4341,0
3694,4361,0
3696,4373,0
3698,4381,0
3702,4384,0
3708,4385,0
3715,4381,0
3723,4366,0
3732,4340,0
3744,4314,0
3759,4296,0
3766,4285,0
3766,4281,0
3769,4285,0
3769,4285,0
3769,4303,0
3767,4323,0
3764,4340,0
3767,4357,0
3769,4365,0
3775,4370,0
3783,4370,0
3797,4361,0
3812,4347,0
3828,4321,0
3841,4294,0
3853,4276,0
3858,4273,0
3860,4271,0
3858,4273,0
3857,4278,0
3860,4300,0
3858,4321,0
3859,4340,0
3863,4355,0
3874,4373,0
3885,4380,0
3902,4383,0
3917,4378,0
3937,4369,0
3957,4351,0
3973,4329,0
3986,4306,0
3987,4295,0
3984,4292,0
3974,4290,0
3959,4291,0
3947,4304,0
3937,4316,0
3935,4336,0
3942,4355,0
3960,4373,0
3981,4382,0
4007,4384,0
4034,4374,1
4471,4242,0
4472,4242,0
4472,4242,0
4459,4237,0
4449,4239,0
4432,4244,0
4415,4252,0
4403,4261,0
4395,4273,0
4392,4286,0
4395,4299,0
4408,4314,0
4420,4324,0
4437,4337,0
4454,4348,0
4468,4362,0
4473,4374,0
4479,4386,0
4479,4396,0
4478,4401,0
4471,4403,0
4463,4409,0
4444,4408,0
4430,4410,0
4411,4408,0
4401,4406,0
4389,4401,0
4385,4394,0
4385,4384,1
4526,4273,0
4523,4277,0
4522,4293,0
4519,4316,0
4511,4334,0
4509,4356,0
4508,4372,0
4507,4384,0
4511,4391,0
4510,4391,0
4515,4386,0
4520,4373,0
4525,4348,1
4541,4198,0
4542,4197,0
4543,4197,0
4544,4196,1
4625,4174,0
4621,4181,0
4616,4192,0
4612,4206,0
4608,4229,0
4605,4254,0
4605,4281,0
4603,4308,0
4601,4331,0
4601,4348,0
4601,4357,0
4606,4364,0
4611,4364,1
4679,4188,0
4683,4191,0
4681,4188,0
4678,4189,0
4679,4200,0
4681,4231,0
4680,4263,0
4680,4295,0
4679,4323,0
4676,4352,0
4676,4373,0
4675,4389,0
4678,4398,0
4677,4398,0
4678,4398,0
4679,4396,0
4678,4381,0
4686,4358,0
4702,4340,0
4712,4319,0
4727,4302,0
4739,4292,0
4745,4285,0
4751,4287,0
4748,4287,0
4748,4288,0
4741,4295,0
4734,4312,0
4723,4327,0
4709,4338,0
4702,4355,0
4695,4362,0
4693,4362,0
4698,4369,0
4703,4375,0
4717,4385,0
4731,4394,0
4741,4401,0
4752,4407,0
4763,4408,0
4777,4408,1
4811,4297,0
4808,4295,0
4811,4297,0
4816,4303,0
4824,4316,0
4837,4332,0
4847,4344,0
4862,4358,0
4867,4364,1
4948,4290,0
4946,4292,0
4946,4292,0
4944,4295,0
4941,4313,0
4928,4341,0
4912,4377,0
4888,4421,0
4868,4465,1
5280,4238,0
5277,4235,0
5277,4235,0
5281,4237,0
5279,4239,0
5281,4243,0
5281,4254,0
5282,4275,0
5284,4304,0
5283,4333,0
5280,4358,0
5279,4382,0
5278,4394,0
5281,4397,0
5281,4396,0
5284,4394,0
5286,4374,0
5292,4346,0
5298,4311,0
5307,4285,0
5318,4268,0
5321,4254,0
5325,4256,0
5321,4254,0
5323,4263,0
5324,4285,0
5321,4310,0
5320,4334,0
5320,4358,0
5322,4373,0
5327,4379,0
5335,4377,0
5344,4368,0
5360,4350,0
5378,4321,0
5402,4295,0
5418,4273,0
5429,4261,0
5433,4263,0
5432,4264,0
5431,4270,0
5431,4295,0
5424,4324,0
5426,4352,0
5419,4377,0
5421,4391,0
5432,4403,0
5444,4402,0
5462,4395,1
5560,4292,0
5554,4292,0
5545,4290,0
5535,4295,0
5522,4309,0
5516,4333,0
5507,4359,0
5501,4384,0
5495,4401,0
5503,4415,0
5514,4415,0
5531,4410,0
5550,4395,0
5574,4375,0
5587,4344,0
5600,4319,0
5612,4305,0
5613,4304,0
5610,4302,0
5607,4304,0
5605,4319,0
5607,4346,0
5606,4372,0
5606,4400,0
5604,4420,0
5610,4437,0
5615,4437,0
5626,4432,1
5675,4175,0
5672,4178,0
5672,4178,0
5668,4189,0
5671,4222,0
5668,4256,0
5666,4293,0
5663,4333,0
5658,4362,0
5659,4384,0
5660,4395,0
5663,4398,0
5668,4392,1
5651,4328,0
5647,4326,0
5651,4328,0
5658,4327,0
5674,4326,0
5692,4324,0
5706,4314,0
5723,4309,0
5730,4299,0
5732,4298,0
5732,4298,0
5727,4297,0
5717,4303,0
5709,4319,0
5706,4345,0
5704,4371,0
5709,4394,0
5715,4406,0
5731,4412,0
5741,4408,1
5817,4304,0
5815,4307,0
5812,4309,0
5810,4325,0
5807,4346,0
5805,4367,0
5803,4380,0
5805,4390,0
5808,4394,0
5809,4392,0
5811,4389,0
5818,4376,0
5822,4352,0
5833,4328,0
5851,4314,0
5861,4296,0
5870,4292,0
5874,4293,0
5873,4295,0
5880,4311,0
5879,4331,0
5875,4347,0
5882,4368,0
5882,4376,0
5887,4382,1
5899,4207,0
5890,4214,0
5886,4212,0
5886,4212,0
5894,4214,1
5990,4273,0
5989,4275,0
5990,4275,0
5985,4274,0
5974,4274,0
5964,4286,0
5948,4298,0
5941,4319,0
5931,4343,0
5931,4357,0
5934,4365,0
5942,4368,0
5953,4367,0
5969,4353,0
5981,4340,0
5991,4321,0
6005,4307,0
6015,4287,0
6023,4284,0
6023,4284,0
6024,4283,0
6021,4299,0
6022,4323,0
6020,4351,0
6023,4377,0
6025,4394,0
6032,4404,0
6041,4406,0
6055,4402,1
6097,4129,0
6092,4129,0
6092,4131,0
6094,4147,0
6095,4184,0
6094,4229,0
6085,4271,0
6077,4319,0
6074,4360,0
6078,4394,0
6080,4422,0
6081,4445,0
6090,4465,1