the water, more clear and blue
574
806,2762,0
801,2770,0
791,2784,0
774,2815,0
752,2845,0
732,2887,0
720,2913,0
723,2934,0
731,2939,0
748,2941,0
772,2931,0
807,2911,0
844,2878,0
876,2849,0
902,2815,0
916,2780,0
921,2756,0
918,2743,0
911,2739,0
902,2743,0
884,2758,0
865,2792,0
842,2830,0
824,2873,0
814,2912,0
813,2932,0
814,2948,0
817,2952,0
822,2953,0
836,2950,0
859,2928,0
879,2910,0
894,2886,0
898,2886,0
898,2886,0
897,2899,0
894,2914,0
896,2931,0
909,2943,0
929,2948,0
957,2946,0
986,2939,0
1010,2931,0
1026,2921,0
1037,2896,0
1045,2872,0
1038,2861,0
1020,2856,0
986,2867,0
967,2886,0
960,2906,0
962,2918,0
980,2938,0
1011,2948,0
1050,2956,0
1088,2960,0
1124,2965,1
1745,2831,0
1747,2822,0
1751,2817,0
1753,2812,0
1752,2813,0
1747,2822,0
1735,2858,0
1711,2896,0
1700,2936,0
1706,2955,0
1715,2957,0
1730,2950,0
1748,2933,0
1768,2920,0
1780,2883,0
1776,2881,0
1777,2888,0
1774,2910,0
1778,2925,0
1788,2931,0
1805,2939,0
1824,2938,0
1844,2937,0
1860,2932,0
1871,2922,0
1877,2903,0
1874,2887,0
1868,2876,0
1857,2867,0
1852,2864,0
1852,2864,0
1856,2867,1
2036,2864,0
2036,2859,0
2033,2857,0
2019,2853,0
1993,2853,0
1962,2869,0
1929,2888,0
1907,2907,0
1906,2919,0
1914,2929,0
1932,2932,0
1962,2935,0
1993,2926,0
2018,2913,0
2040,2897,0
2052,2871,0
2058,2860,0
2055,2861,0
2052,2862,0
2042,2879,0
2035,2899,0
2036,2919,0
2046,2937,0
2057,2938,0
2075,2935,0
2095,2924,0
2111,2900,0
2134,2875,1
2198,2740,0
2190,2748,0
2173,2764,0
2160,2795,0
2140,2830,0
2128,2868,0
2123,2888,0
2125,2904,1
2085,2867,0
2084,2868,0
2082,2864,0
2084,2864,0
2094,2868,0
2116,2873,0
2141,2872,0
2171,2869,0
2203,2869,0
2225,2859,0
2244,2852,0
2254,2847,0
2251,2844,0
2239,2840,0
2212,2843,0
2192,2855,0
2181,2878,0
2176,2893,0
2180,2904,0
2196,2919,0
2215,2924,0
2243,2930,0
2265,2929,0
2282,2930,0
2283,2925,0
2285,2929,0
2284,2926,0
2285,2925,0
2285,2920,0
2290,2914,0
2293,2900,0
2299,2884,0
2309,2871,0
2319,2856,0
2330,2852,0
2342,2851,1
2524,2930,0
2520,2927,0
2520,2931,0
2512,2941,0
2501,2973,0
2492,3009,0
2492,3036,0
2501,3054,0
2516,3064,1
2955,2845,0
2948,2835,0
2952,2833,0
2951,2834,0
2951,2835,0
2946,2847,0
2938,2876,0
2926,2909,0
2917,2943,0
2907,2964,0
2909,2968,0
2909,2968,0
2907,2964,0
2910,2953,0
2922,2926,0
2937,2897,0
2955,2856,0
2977,2830,0
2991,2825,0
2993,2829,0
2994,2842,0
2994,2868,0
2984,2899,0
2977,2933,0
2968,2948,0
2968,2953,0
2968,2953,0
2970,2953,0
2979,2941,0
2994,2912,0
3016,2885,0
3039,2859,0
3059,2840,0
3074,2839,0
3077,2841,0
3080,2854,0
3078,2881,0
3059,2909,0
3047,2941,0
3045,2953,0
3051,2959,0
3066,2958,0
3092,2949,0
3126,2935,0
3162,2913,1
3223,2865,0
3223,2865,0
3215,2861,0
3198,2864,0
3168,2877,0
3140,2894,0
3124,2915,0
3126,2929,0
3141,2943,0
3164,2951,0
3190,2951,0
3216,2947,0
3235,2938,0
3247,2922,0
3257,2904,0
3259,2883,0
3252,2868,0
3243,2859,0
3239,2857,0
3243,2859,0
3243,2864,0
3258,2878,0
3279,2883,0
3302,2883,0
3327,2884,0
3337,2881,0
3341,2883,0
3339,2890,0
3331,2907,0
3317,2933,0
3310,2955,0
3308,2967,0
3308,2971,0
3309,2971,0
3309,2965,0
3310,2948,0
3315,2924,0
3325,2895,0
3337,2875,0
3337,2866,0
3337,2865,0
3341,2866,0
3349,2871,0
3366,2883,0
3382,2889,0
3411,2902,0
3436,2907,0
3457,2905,0
3481,2899,0
3498,2885,0
3507,2871,0
3509,2864,0
3496,2859,0
3469,2862,0
3443,2870,0
3428,2893,0
3419,2911,0
3424,2933,0
3431,2948,0
3452,2966,0
3479,2975,0
3510,2981,0
3537,2977,0
3570,2970,1
4036,2870,0
4036,2864,0
4035,2859,0
4035,2859,0
4031,2857,0
4020,2869,0
3992,2893,0
3957,2925,0
3935,2953,0
3933,2972,0
3943,2984,0
3961,2989,0
3988,2979,0
4033,2967,0
4079,2946,0
4122,2919,0
4157,2885,0
4183,2855,0
4193,2825,0
4198,2801,0
4191,2785,0
4184,2779,0
4178,2775,0
4176,2777,0
4179,2779,0
4176,2777,0
4179,2779,0
4179,2779,0
4179,2780,0
4174,2779,0
4169,2785,0
4159,2797,0
4145,2813,0
4131,2835,0
4118,2861,0
4112,2886,0
4109,2914,0
4102,2941,0
4088,2961,0
4085,2975,0
4082,2980,0
4084,2984,0
4084,2984,0
4083,2984,0
4083,2984,0
4082,2986,0
4082,2986,0
4082,2991,0
4084,2995,0
4087,2998,0
4095,3001,0
4109,3003,0
4128,3001,0
4147,2996,0
4174,2986,0
4206,2975,0
4233,2956,0
4257,2941,0
4270,2919,0
4283,2905,0
4281,2894,0
4273,2885,0
4261,2881,0
4244,2883,0
4220,2891,0
4204,2910,0
4194,2933,0
4192,2953,0
4197,2972,0
4203,2983,0
4218,2991,0
4239,2996,0
4258,2994,0
4283,2990,0
4304,2979,0
4325,2972,0
4335,2967,1
4431,2915,0
4432,2907,0
4426,2902,0
4418,2899,0
4399,2903,0
4372,2911,0
4351,2929,0
4337,2946,0
4330,2961,0
4335,2973,0
4343,2982,0
4360,2987,0
4379,2983,0
4401,2977,0
4420,2966,0
4439,2948,0
4456,2928,0
4462,2914,0
4462,2915,0
4457,2914,0
4442,2926,0
4438,2943,0
4444,2962,0
4454,2974,0
4477,2985,0
4499,2990,0
4524,2996,0
4544,2992,0
4560,2984,0
4566,2971,0
4572,2964,0
4569,2954,0
4565,2946,0
4561,2938,0
4558,2930,0
4560,2921,0
4577,2912,0
4596,2900,0
4625,2895,0
4654,2897,0
4693,2900,1
5302,2893,0
5308,2884,0
5301,2872,0
5294,2869,0
5281,2866,0
5258,2873,0
5232,2890,0
5195,2917,0
5178,2943,0
5176,2959,0
5187,2972,0
5207,2977,0
5230,2973,0
5255,2963,0
5284,2951,0
5301,2932,0
5314,2910,0
5319,2895,0
5317,2892,0
5311,2893,0
5297,2907,0
5292,2929,0
5296,2946,0
5310,2961,0
5327,2970,0
5349,2975,0
5366,2970,0
5379,2964,0
5390,2948,0
5402,2929,0
5405,2910,0
5403,2905,0
5403,2906,0
5393,2913,0
5388,2929,0
5383,2944,0
5382,2960,0
5383,2965,0
5383,2965,0
5383,2965,0
5384,2965,0
5393,2950,0
5406,2930,0
5424,2909,0
5441,2890,0
5450,2883,0
5462,2886,0
5470,2889,0
5477,2900,0
5478,2913,0
5479,2934,0
5481,2954,0
5490,2963,0
5514,2969,0
5539,2967,0
5571,2961,0
5602,2949,0
5629,2936,0
5642,2922,0
5648,2913,0
5641,2907,0
5630,2902,0
5604,2900,0
5581,2908,0
5562,2922,0
5552,2939,0
5558,2952,0
5575,2963,0
5595,2969,0
5617,2963,0
5641,2953,0
5666,2936,0
5686,2910,0
5709,2881,0
5722,2850,0
5736,2825,0
5732,2816,0
5736,2818,0
5730,2820,0
5719,2837,0
5705,2871,0
5694,2905,0
5694,2929,0
5696,2948,0
5697,2961,1
6054,2980,0
6054,2978,0
6054,2980,0
6051,2975,0
6056,2974,0
6078,2951,0
6102,2926,0
6127,2896,0
6149,2863,0
6166,2830,0
6172,2810,0
6167,2794,0
6162,2788,0
6153,2786,0
6131,2793,0
6104,2812,0
6075,2840,0
6060,2877,0
6048,2914,0
6056,2951,0
6068,2976,0
6075,2989,0
6095,2994,0
6108,2987,0
6124,2976,0
6136,2955,0
6143,2941,0
6139,2932,0
6136,2930,0
6139,2932,0
6138,2933,0
6151,2943,0
6163,2946,0
6186,2948,0
6204,2946,0
6229,2934,0
6249,2914,0
6277,2886,0
6297,2848,0
6320,2819,0
6317,2801,0
6306,2794,0
6283,2795,0
6268,2809,0
6250,2834,0
6242,2868,0
6242,2908,0
6249,2940,0
6255,2962,0
6268,2980,0
6283,2984,0
6300,2980,0
6319,2968,0
6338,2949,0
6361,2932,0
6379,2916,0
6377,2910,0
6378,2908,0
6375,2914,0
6373,2927,0
6365,2942,0
6371,2956,0
6378,2969,0
6395,2980,0
6413,2979,0
6428,2977,0
6451,2968,0
6474,2958,0
6484,2946,0
6486,2943,0
6489,2946,0
6485,2946,0
6478,2959,0
6473,2967,0
6478,2976,0
6488,2982,0
6513,2987,0
6536,2987,0
6565,2982,0
6592,2975,0
6621,2961,0
6633,2946,0
6635,2932,0
6630,2924,0
6617,2924,0
6598,2926,0
6585,2934,0
6574,2965,0
6584,2981,0
6599,2994,0
6622,3004,0
6647,3006,1