on the purchase of several
646
938,4006,0
935,4002,0
931,4001,0
924,4005,0
907,4012,0
888,4027,0
863,4063,0
817,4136,0
813,4164,0
819,4180,0
835,4189,0
856,4186,0
880,4180,0
902,4169,0
925,4157,0
937,4130,0
948,4102,0
953,4070,0
954,4046,0
955,4023,0
950,4010,0
948,4003,0
948,4003,0
969,4043,0
984,4048,0
1005,4052,0
1029,4048,0
1052,4044,0
1076,4044,0
1096,4029,0
1116,4029,0
1129,4016,0
1135,4008,0
1138,4012,0
1134,4016,0
1125,4036,0
1102,4056,0
1083,4088,0
1069,4116,0
1061,4120,0
1061,4121,0
1061,4128,0
1063,4124,0
1070,4117,0
1085,4097,0
1104,4072,0
1129,4053,0
1159,4039,0
1185,4023,0
1207,4022,0
1218,4034,0
1220,4050,0
1209,4063,0
1202,4091,0
1195,4102,0
1194,4123,0
1196,4139,0
1206,4143,1
1601,3884,0
1600,3884,0
1600,3888,0
1599,3896,0
1590,3922,0
1571,3957,0
1547,3992,0
1524,4027,0
1505,4061,0
1486,4096,0
1467,4121,0
1456,4151,0
1445,4168,1
1481,4032,0
1481,4039,0
1481,4039,0
1486,4051,0
1496,4058,0
1516,4064,0
1543,4065,0
1575,4057,0
1608,4048,1
1753,3860,0
1751,3860,0
1749,3860,0
1739,3870,0
1720,3902,0
1697,3938,0
1670,3983,0
1643,4020,0
1621,4058,0
1597,4086,0
1582,4105,0
1578,4109,0
1579,4109,0
1584,4108,0
1600,4086,0
1622,4058,0
1647,4039,0
1668,4028,0
1684,4022,0
1691,4024,0
1691,4036,0
1685,4062,0
1680,4087,0
1674,4104,0
1677,4120,0
1682,4127,0
1695,4128,0
1718,4117,0
1747,4104,0
1786,4085,0
1820,4058,0
1850,4036,0
1864,4013,0
1870,4004,0
1863,3997,0
1845,4013,0
1814,4027,0
1797,4047,0
1800,4071,0
1808,4082,0
1821,4087,1
2152,4022,0
2151,4019,0
2152,4022,0
2149,4027,0
2147,4048,0
2137,4085,0
2118,4118,0
2097,4164,0
2072,4204,0
2049,4238,0
2034,4275,0
2022,4295,0
2012,4297,0
2010,4301,0
2010,4293,0
2014,4276,0
2019,4246,0
2031,4205,0
2046,4162,0
2074,4130,0
2100,4089,0
2130,4058,0
2164,4027,0
2199,4013,0
2231,4007,0
2263,4019,0
2286,4036,0
2297,4050,0
2298,4063,0
2288,4074,0
2272,4092,0
2244,4104,0
2212,4122,0
2175,4132,0
2140,4142,0
2115,4152,0
2096,4157,0
2090,4159,0
2093,4162,0
2104,4176,0
2116,4172,0
2139,4171,0
2163,4164,0
2195,4159,0
2227,4143,0
2258,4121,0
2288,4099,0
2318,4077,0
2345,4052,0
2364,4037,0
2379,4028,0
2384,4027,0
2380,4027,0
2373,4043,0
2355,4061,0
2337,4092,0
2324,4113,0
2321,4131,0
2324,4143,0
2331,4144,0
2347,4139,0
2367,4133,0
2389,4113,0
2415,4096,0
2437,4071,0
2458,4056,0
2470,4039,0
2480,4035,0
2482,4038,0
2484,4051,0
2473,4068,0
2466,4091,0
2461,4105,0
2460,4114,0
2466,4125,0
2471,4123,0
2480,4119,0
2499,4114,0
2518,4097,0
2540,4076,0
2564,4055,0
2588,4041,0
2600,4028,0
2607,4025,0
2605,4022,0
2608,4037,0
2598,4059,0
2585,4085,0
2573,4107,0
2567,4126,0
2561,4129,0
2557,4122,0
2560,4121,0
2560,4099,0
2567,4075,0
2577,4041,0
2594,4012,0
2615,4000,0
2632,3993,0
2649,3995,0
2664,3998,0
2679,3995,0
2700,4000,0
2715,3998,0
2729,3996,0
2746,4002,0
2756,3998,0
2766,3998,0
2774,3994,0
2778,3997,0
2780,4000,0
2771,4000,0
2750,4010,0
2728,4032,0
2708,4057,0
2690,4082,0
2680,4107,0
2686,4127,0
2700,4138,0
2714,4129,0
2743,4126,0
2768,4106,0
2801,4087,0
2829,4058,0
2864,4032,0
2895,4000,0
2920,3966,0
2944,3941,0
2960,3916,0
2970,3893,0
2975,3876,0
2970,3856,0
2964,3846,0
2959,3844,0
2948,3849,0
2932,3871,0
2910,3904,0
2886,3942,0
2864,3979,0
2845,4019,0
2832,4056,0
2816,4076,0
2811,4096,0
2808,4106,0
2807,4106,0
2812,4104,0
2825,4089,0
2848,4061,0
2876,4036,0
2905,4017,0
2931,4005,0
2948,4001,0
2957,4006,0
2961,4022,0
2960,4044,0
2953,4065,0
2947,4081,0
2945,4092,0
2950,4102,0
2959,4111,0
2968,4112,1
3165,4012,0
3161,4014,0
3156,4016,0
3144,4019,0
3129,4026,0
3111,4040,0
3089,4056,0
3068,4085,0
3054,4109,0
3052,4129,0
3054,4136,0
3063,4136,0
3086,4143,0
3103,4135,0
3122,4124,0
3138,4112,0
3152,4095,0
3163,4076,0
3168,4059,0
3172,4048,0
3172,4053,0
3168,4059,0
3160,4082,0
3146,4094,0
3141,4111,0
3144,4127,0
3149,4138,0
3157,4143,0
3171,4144,1
3319,4022,0
3315,4018,0
3310,4012,0
3300,4010,0
3292,4013,0
3275,4019,0
3260,4032,0
3242,4038,0
3247,4057,0
3250,4069,0
3262,4082,0
3272,4094,0
3284,4106,0
3285,4109,0
3291,4121,0
3288,4126,0
3284,4133,0
3230,4144,0
3233,4143,0
3245,4141,0
3267,4138,0
3291,4128,0
3320,4117,0
3354,4106,0
3383,4090,0
3407,4071,0
3427,4055,0
3428,4031,0
3430,4025,0
3424,4024,0
3409,4028,0
3378,4037,0
3363,4065,0
3350,4077,0
3354,4094,0
3361,4108,0
3370,4116,0
3386,4126,0
3407,4128,0
3433,4131,1
3777,4047,0
3771,4042,0
3775,4048,0
3769,4048,0
3755,4048,0
3742,4057,0
3728,4076,0
3710,4097,0
3703,4121,0
3700,4138,0
3701,4141,0
3713,4144,0
3731,4141,0
3749,4129,0
3764,4114,0
3778,4104,0
3785,4089,0
3788,4073,0
3785,4056,0
3783,4052,0
3777,4047,0
3777,4057,0
3785,4070,0
3799,4076,0
3824,4078,0
3850,4075,0
3879,4068,0
3904,4054,0
3933,4039,0
3961,4023,0
3985,3995,0
4006,3969,0
4023,3941,0
4036,3920,0
4036,3899,0
4035,3891,0
4024,3883,0
4011,3889,0
3986,3909,0
3954,3944,0
3925,3989,0
3906,4034,0
3901,4077,0
3893,4112,0
3885,4147,0
3872,4171,0
3869,4197,0
3865,4210,0
3865,4215,1
3834,4138,0
3839,4141,0
3854,4134,0
3886,4132,0
3915,4126,0
3940,4123,0
3962,4116,0
3989,4112,0
4018,4100,1
4345,4039,0
4335,4032,0
4333,4034,0
4322,4032,0
4307,4030,0
4292,4036,0
4274,4046,0
4256,4067,0
4238,4087,0
4219,4102,0
4227,4126,0
4235,4145,0
4246,4157,0
4254,4166,0
4258,4172,0
4262,4180,0
4261,4186,0
4249,4185,0
4231,4184,0
4210,4186,0
4188,4187,0
4169,4187,0
4155,4192,0
4145,4195,0
4145,4195,0
4156,4201,0
4174,4198,0
4195,4186,0
4229,4180,0
4260,4167,0
4291,4147,0
4326,4128,0
4359,4106,0
4388,4082,0
4410,4058,0
4420,4039,0
4425,4029,0
4419,4024,0
4407,4029,0
4388,4046,0
4365,4070,0
4346,4096,0
4337,4119,0
4335,4137,0
4336,4151,0
4345,4159,0
4359,4164,0
4378,4163,0
4405,4162,0
4428,4143,0
4457,4123,0
4493,4103,0
4527,4089,0
4549,4070,0
4568,4058,0
4584,4049,0
4589,4044,0
4587,4040,0
4586,4041,0
4584,4043,0
4573,4048,0
4558,4061,0
4537,4075,0
4520,4100,0
4504,4119,0
4497,4135,0
4495,4147,0
4502,4158,0
4509,4162,0
4522,4162,0
4536,4155,0
4554,4145,0
4576,4136,0
4592,4121,0
4606,4099,0
4616,4079,0
4621,4064,0
4623,4056,0
4627,4058,0
4625,4060,0
4628,4068,0
4629,4068,0
4643,4070,0
4664,4068,0
4690,4065,0
4712,4061,0
4734,4057,0
4751,4048,0
4765,4039,0
4768,4030,0
4770,4029,0
4760,4027,0
4743,4039,0
4722,4058,0
4697,4076,0
4678,4094,0
4671,4110,0
4673,4119,0
4680,4124,0
4692,4129,0
4707,4126,0
4724,4121,0
4748,4115,0
4770,4106,0
4792,4097,0
4809,4086,0
4822,4078,0
4832,4075,0
4836,4071,0
4837,4070,0
4837,4070,0
4833,4069,0
4830,4066,0
4833,4068,0
4833,4068,0
4833,4069,0
4833,4069,0
4833,4069,0
4833,4069,0
4833,4068,0
4834,4068,0
4835,4067,0
4836,4065,0
4838,4064,0
4840,4067,0
4841,4066,0
4838,4064,0
4841,4066,0
4840,4067,0
4842,4065,0
4842,4065,0
4846,4067,0
4845,4068,0
4846,4067,0
4844,4063,0
4847,4066,0
4845,4068,0
4847,4066,0
4847,4065,0
4845,4062,0
4845,4063,0
4850,4063,0
4850,4063,0
4850,4063,0
4849,4064,0
4847,4060,0
4850,4063,0
4851,4062,0
4850,4063,0
4852,4061,0
4852,4061,0
4851,4062,0
4850,4063,0
4851,4062,0
4851,4062,0
4851,4062,0
4850,4063,0
4850,4058,0
4855,4058,0
4858,4055,0
4857,4050,0
4859,4042,0
4859,4036,0
4865,4036,0
4864,4032,0
4864,4026,0
4866,4024,0
4869,4022,0
4867,4019,0
4868,4022,0
4866,4024,0
4863,4033,0
4854,4053,0
4840,4073,0
4825,4092,0
4816,4106,0
4813,4115,0
4810,4117,0
4808,4114,0
4813,4116,0
4813,4104,0
4818,4088,0
4828,4073,0
4841,4055,0
4855,4041,0
4876,4031,0
4894,4026,0
4915,4022,0
4943,4022,0
4969,4019,0
4997,4012,0
5024,4007,0
5047,4007,0
5060,4005,0
5062,4004,0
5064,4007,0
5060,4005,0
5045,4009,0
5026,4023,0
4994,4044,0
4963,4070,0
4942,4091,0
4931,4101,0
4932,4105,0
4941,4108,0
4951,4099,0
4970,4085,0
4986,4070,0
5004,4052,0
5017,4039,0
5021,4034,0
5021,4039,0
5023,4056,0
5022,4073,0
5021,4086,0
5026,4092,0
5031,4092,0
5049,4092,0
5068,4077,0
5099,4063,0
5137,4041,0
5183,4010,0
5229,3978,0
5275,3950,0
5304,3918,0
5323,3896,0
5327,3880,0
5322,3874,0
5307,3879,0
5271,3901,0
5230,3935,0
5199,3963,0
5192,3994,0
5187,4017,0
5195,4037,0
5211,4056,0
5230,4070,1