unique, inasmuch as there it
471
1140,2752,0
1132,2748,0
1140,2776,0
1145,2808,0
1151,2835,0
1160,2864,0
1168,2883,0
1175,2895,0
1181,2895,0
1187,2890,0
1193,2870,0
1200,2846,0
1206,2814,0
1213,2785,0
1218,2761,0
1221,2753,0
1221,2753,0
1223,2757,0
1227,2777,0
1230,2801,0
1235,2825,0
1242,2844,0
1247,2859,0
1249,2859,0
1252,2855,1
1267,2762,0
1266,2758,0
1271,2774,0
1277,2797,0
1283,2816,0
1288,2828,0
1292,2836,0
1293,2840,0
1298,2832,0
1305,2818,0
1315,2802,0
1326,2781,0
1334,2764,0
1342,2763,0
1349,2770,0
1355,2782,0
1363,2806,0
1370,2829,0
1374,2844,0
1382,2859,1
1464,2780,0
1465,2784,0
1471,2808,0
1476,2835,0
1477,2852,1
1477,2656,0
1476,2653,0
1477,2649,0
1478,2640,0
1486,2644,1
1651,2771,0
1650,2771,0
1648,2767,0
1638,2765,0
1626,2768,0
1609,2771,0
1592,2783,0
1583,2805,0
1580,2830,0
1586,2857,0
1597,2876,0
1612,2885,0
1630,2890,0
1648,2886,0
1660,2871,0
1669,2853,0
1677,2830,0
1679,2806,0
1680,2793,0
1679,2789,0
1680,2793,0
1677,2794,0
1678,2822,0
1680,2862,0
1688,2914,0
1691,2958,0
1699,3010,0
1701,3046,0
1708,3078,1
1737,2795,0
1738,2796,0
1739,2799,0
1744,2823,0
1751,2850,0
1761,2876,0
1771,2890,0
1782,2896,0
1795,2897,0
1809,2885,0
1820,2861,0
1833,2836,0
1843,2812,0
1850,2806,0
1852,2806,0
1855,2809,0
1860,2812,0
1872,2825,0
1884,2834,0
1900,2846,0
1919,2848,0
1940,2846,0
1958,2836,0
1973,2818,0
1985,2801,0
1990,2779,0
1988,2758,0
1981,2748,0
1966,2741,0
1956,2753,0
1944,2769,0
1939,2796,0
1938,2826,0
1952,2863,0
1973,2886,0
1999,2898,0
2029,2896,1
2160,2894,0
2159,2907,0
2157,2934,0
2153,2970,0
2147,2994,1
2533,2780,0
2533,2784,0
2535,2784,0
2536,2796,0
2543,2825,0
2549,2849,0
2555,2869,0
2556,2881,0
2562,2891,1
2553,2644,0
2552,2644,0
2549,2641,0
2552,2644,0
2560,2654,1
2612,2772,0
2614,2775,0
2616,2779,0
2622,2803,0
2623,2825,0
2630,2844,0
2634,2856,0
2634,2856,0
2642,2861,0
2640,2852,0
2651,2846,0
2662,2830,0
2673,2809,0
2690,2794,0
2704,2785,0
2716,2784,0
2726,2791,0
2731,2797,0
2736,2813,0
2740,2835,0
2738,2849,1
2881,2745,0
2871,2743,0
2857,2743,0
2847,2750,0
2832,2755,0
2820,2772,0
2813,2802,0
2803,2822,0
2806,2845,0
2810,2861,0
2816,2871,0
2825,2876,0
2830,2871,0
2842,2864,0
2854,2847,0
2865,2820,0
2881,2800,0
2885,2782,0
2885,2777,0
2888,2779,0
2886,2782,0
2887,2801,0
2890,2828,0
2890,2847,0
2892,2859,1
3028,2727,0
3017,2726,0
3003,2727,0
2992,2735,0
2980,2744,0
2977,2762,0
2975,2778,0
2979,2795,0
2989,2812,0
3004,2831,0
3013,2844,0
3024,2856,0
3027,2863,0
3026,2869,0
3021,2878,0
3011,2884,0
2999,2888,1
3132,2718,0
3129,2720,0
3133,2743,0
3136,2776,0
3138,2800,0
3137,2820,0
3143,2842,0
3143,2852,0
3143,2852,0
3145,2849,0
3147,2833,0
3158,2809,0
3164,2779,0
3175,2760,0
3182,2749,0
3190,2748,0
3193,2745,0
3202,2754,0
3207,2770,0
3211,2793,0
3213,2811,0
3214,2821,0
3220,2827,0
3219,2822,0
3228,2820,0
3236,2808,0
3246,2789,0
3261,2772,0
3271,2759,0
3281,2760,0
3281,2760,0
3290,2774,0
3290,2795,0
3291,2815,0
3298,2830,0
3297,2830,0
3301,2828,1
3359,2724,0
3360,2729,0
3358,2746,0
3358,2774,0
3366,2804,0
3370,2826,0
3378,2841,0
3385,2845,0
3399,2849,0
3409,2840,0
3418,2823,0
3430,2801,0
3438,2771,0
3443,2745,0
3448,2742,0
3448,2742,0
3450,2745,0
3451,2750,0
3457,2771,0
3463,2793,0
3470,2813,1
3622,2736,0
3619,2733,0
3609,2732,0
3592,2732,0
3576,2746,0
3559,2770,0
3551,2803,0
3551,2831,0
3557,2847,0
3573,2859,0
3593,2858,0
3616,2847,0
3636,2828,1
3669,2607,0
3670,2611,0
3667,2620,0
3671,2651,0
3669,2688,0
3673,2730,0
3682,2772,0
3688,2800,0
3691,2819,0
3699,2829,0
3708,2831,0
3721,2823,0
3739,2800,0
3760,2777,0
3777,2766,0
3795,2770,0
3805,2778,0
3816,2795,0
3821,2813,0
3828,2834,0
3831,2847,1
4419,2698,0
4407,2693,0
4403,2692,0
4386,2687,0
4374,2691,0
4360,2702,0
4345,2728,0
4337,2765,0
4333,2801,0
4334,2824,0
4343,2840,0
4355,2844,0
4365,2844,0
4373,2833,0
4385,2818,0
4396,2794,0
4403,2763,0
4412,2739,0
4414,2724,0
4420,2723,0
4416,2721,0
4415,2721,0
4418,2731,0
4423,2758,0
4425,2782,0
4433,2810,0
4435,2826,0
4443,2835,0
4450,2834,1
4558,2697,0
4547,2693,0
4534,2690,0
4518,2691,0
4506,2695,0
4493,2699,0
4490,2709,0
4495,2723,0
4502,2740,0
4517,2760,0
4534,2777,0
4555,2796,0
4565,2810,0
4571,2822,0
4577,2833,0
4576,2841,0
4574,2844,1
4858,2502,0
4865,2505,0
4871,2519,0
4869,2552,0
4868,2591,0
4875,2632,0
4874,2672,0
4876,2710,0
4878,2737,0
4882,2760,0
4880,2769,0
4886,2774,0
4884,2770,1
4833,2695,0
4829,2694,0
4841,2697,0
4850,2698,0
4875,2697,1
4970,2526,0
4970,2526,0
4974,2543,0
4982,2577,0
4986,2615,0
4997,2657,0
5000,2697,0
5004,2733,0
5006,2760,0
5011,2782,0
5013,2794,0
5014,2799,0
5020,2797,1
5070,2736,0
5068,2732,0
5068,2732,0
5072,2733,0
5071,2735,0
5076,2741,0
5076,2748,0
5079,2758,0
5085,2772,0
5079,2781,0
5085,2794,0
5088,2803,1
5150,2736,0
5158,2740,0
5170,2741,0
5191,2739,0
5212,2737,0
5228,2725,0
5248,2717,0
5257,2702,0
5264,2689,0
5261,2678,0
5255,2666,0
5247,2655,0
5231,2651,0
5207,2653,0
5192,2669,0
5169,2690,0
5154,2722,0
5146,2750,0
5154,2777,0
5167,2793,0
5187,2799,1
5296,2684,0
5298,2687,0
5296,2689,0
5300,2707,0
5306,2728,0
5315,2753,0
5313,2770,0
5319,2784,0
5320,2789,0
5324,2791,0
5322,2786,0
5323,2784,0
5325,2760,0
5332,2724,0
5344,2703,0
5355,2685,0
5365,2668,1
5441,2752,0
5456,2750,0
5477,2744,0
5503,2732,0
5522,2717,0
5537,2698,0
5546,2683,0
5548,2669,0
5543,2663,0
5535,2659,0
5523,2656,0
5513,2659,0
5494,2668,0
5478,2681,0
5461,2702,0
5454,2729,0
5451,2758,0
5457,2780,0
5478,2800,0
5502,2806,0
5533,2807,1
5947,2634,0
5947,2635,0
5953,2642,0
5960,2661,0
5964,2688,0
5969,2717,0
5965,2740,0
5966,2756,0
5969,2767,1
5962,2533,0
5950,2522,0
5953,2514,0
5955,2513,0
5960,2510,1
6072,2526,0
6083,2530,0
6083,2542,0
6087,2577,0
6089,2612,0
6080,2639,0
6078,2669,0
6078,2696,0
6075,2719,1
6070,2668,0
6070,2668,0
6091,2671,0
6109,2670,0
6131,2671,1