Why will Jones make a better
708
1163,3484,0
1164,3487,0
1165,3487,0
1167,3487,0
1169,3495,0
1170,3503,0
1168,3515,0
1162,3540,0
1153,3572,0
1141,3612,0
1126,3656,0
1115,3708,0
1118,3761,0
1119,3780,0
1122,3800,0
1129,3812,0
1136,3812,0
1141,3808,0
1152,3792,0
1165,3764,0
1182,3731,0
1196,3707,0
1205,3691,0
1208,3686,0
1208,3687,0
1211,3706,0
1216,3734,0
1219,3770,0
1226,3805,0
1237,3841,0
1247,3865,0
1262,3884,0
1277,3887,0
1292,3882,0
1305,3874,0
1319,3848,0
1329,3812,0
1339,3767,0
1343,3723,0
1343,3683,0
1340,3639,0
1335,3599,0
1331,3559,0
1327,3527,0
1324,3503,0
1323,3492,0
1322,3484,0
1323,3488,0
1330,3495,0
1340,3510,0
1349,3525,0
1362,3549,0
1373,3572,0
1387,3595,0
1402,3609,0
1415,3612,0
1432,3615,0
1445,3605,0
1457,3592,0
1465,3571,0
1471,3546,0
1478,3521,0
1481,3493,0
1481,3476,0
1479,3469,0
1476,3469,0
1473,3474,0
1469,3498,0
1464,3530,0
1460,3571,0
1458,3616,0
1455,3660,0
1451,3713,0
1444,3754,0
1438,3795,0
1435,3824,0
1435,3835,0
1438,3835,0
1441,3835,0
1444,3822,0
1455,3797,0
1470,3768,0
1488,3742,0
1503,3728,0
1511,3718,0
1517,3722,0
1520,3730,0
1524,3753,0
1529,3781,0
1533,3808,0
1539,3832,0
1549,3851,0
1563,3857,0
1581,3851,0
1604,3831,0
1620,3800,0
1633,3762,1
1664,3643,0
1665,3643,0
1667,3643,0
1667,3643,0
1669,3651,0
1672,3663,0
1672,3679,0
1672,3703,0
1668,3732,0
1664,3765,0
1662,3798,0
1663,3818,0
1669,3834,0
1677,3836,0
1687,3831,0
1698,3812,0
1711,3785,0
1725,3755,0
1735,3725,0
1744,3699,0
1749,3682,0
1750,3673,0
1749,3673,0
1747,3682,0
1743,3699,0
1739,3732,0
1736,3769,0
1737,3817,0
1739,3866,0
1747,3918,0
1754,3969,0
1754,4014,0
1743,4056,0
1724,4088,0
1700,4104,0
1684,4102,0
1669,4088,0
1653,4063,0
1643,4020,0
1634,3984,0
1632,3952,1
2056,3604,0
2058,3609,0
2060,3616,0
2063,3628,0
2062,3644,0
2063,3669,0
2061,3699,0
2056,3729,0
2053,3764,0
2052,3788,0
2059,3802,0
2072,3803,0
2094,3793,0
2116,3770,0
2134,3749,0
2146,3728,0
2154,3725,0
2155,3722,0
2157,3725,0
2158,3737,0
2159,3758,0
2163,3786,0
2168,3810,0
2174,3824,0
2187,3829,0
2203,3824,0
2219,3806,0
2236,3776,0
2247,3739,0
2251,3699,0
2251,3674,0
2247,3654,0
2243,3647,0
2238,3645,0
2234,3641,0
2236,3645,0
2238,3653,0
2247,3667,0
2259,3672,0
2276,3666,0
2300,3658,0
2321,3645,0
2338,3636,0
2348,3636,0
2353,3643,0
2356,3654,0
2357,3671,0
2355,3694,0
2351,3720,0
2347,3751,0
2345,3778,0
2347,3793,0
2350,3797,0
2362,3800,0
2379,3795,0
2397,3780,0
2417,3756,0
2435,3723,0
2458,3688,0
2478,3646,0
2497,3600,0
2515,3557,0
2525,3513,0
2528,3477,0
2526,3443,0
2521,3428,0
2514,3422,0
2508,3426,0
2498,3443,0
2487,3474,0
2470,3511,0
2459,3563,0
2451,3618,0
2450,3670,0
2454,3715,0
2462,3752,0
2478,3783,0
2492,3795,0
2511,3797,0
2536,3782,0
2563,3754,0
2591,3712,0
2615,3667,0
2632,3616,0
2644,3571,0
2651,3527,0
2651,3492,0
2646,3467,0
2637,3455,0
2629,3453,0
2624,3469,0
2613,3496,0
2606,3539,0
2602,3585,0
2607,3635,0
2618,3679,0
2637,3713,0
2659,3739,0
2681,3756,0
2697,3756,0
2715,3753,1
2321,3475,0
2318,3472,0
2323,3474,0
2333,3479,0
2343,3484,1
3062,3500,0
3064,3503,0
3064,3503,0
3064,3503,0
3067,3501,0
3079,3503,0
3089,3498,0
3104,3493,0
3121,3491,0
3136,3487,0
3151,3488,0
3167,3492,0
3176,3490,0
3187,3498,0
3195,3512,0
3199,3533,0
3194,3559,0
3188,3591,0
3182,3632,0
3174,3674,0
3168,3725,0
3160,3771,0
3159,3822,0
3156,3865,0
3155,3907,0
3146,3945,0
3131,3975,0
3110,3995,0
3092,4010,0
3074,4005,0
3055,3993,0
3033,3968,0
3016,3940,1
3339,3700,0
3340,3699,0
3346,3701,0
3347,3699,0
3349,3694,0
3353,3687,0
3352,3672,0
3349,3660,0
3339,3643,0
3328,3631,0
3317,3624,0
3306,3621,0
3294,3624,0
3278,3630,0
3269,3655,0
3257,3685,0
3252,3721,0
3254,3753,0
3263,3775,0
3274,3783,0
3292,3785,0
3310,3779,0
3325,3765,0
3341,3747,0
3351,3725,1
3397,3599,0
3402,3601,0
3405,3603,0
3409,3610,0
3415,3621,0
3414,3637,0
3410,3663,0
3404,3696,0
3395,3731,0
3389,3758,0
3391,3776,0
3398,3781,0
3410,3778,0
3425,3759,0
3446,3735,0
3467,3707,0
3488,3683,0
3503,3662,0
3518,3658,0
3521,3660,0
3523,3673,0
3521,3694,0
3526,3720,0
3532,3740,0
3546,3755,0
3566,3761,0
3591,3758,0
3614,3746,0
3639,3728,0
3660,3703,0
3679,3680,0
3687,3660,0
3681,3643,0
3670,3636,0
3652,3635,0
3637,3645,0
3617,3660,0
3607,3687,0
3600,3706,0
3603,3729,0
3620,3752,0
3646,3768,0
3677,3776,0
3708,3772,0
3741,3762,0
3769,3752,0
3792,3740,0
3802,3723,0
3811,3705,1
3856,3597,0
3855,3594,0
3854,3590,0
3851,3587,0
3843,3588,0
3831,3593,0
3817,3609,0
3803,3625,0
3794,3643,0
3792,3659,0
3802,3677,0
3817,3690,0
3843,3705,0
3872,3713,0
3903,3725,0
3933,3737,0
3949,3749,0
3952,3762,0
3943,3779,0
3917,3790,0
3882,3797,1
4222,3573,0
4225,3576,0
4224,3576,0
4223,3577,0
4222,3578,0
4221,3579,0
4222,3583,0
4222,3588,0
4221,3595,0
4221,3606,0
4218,3619,0
4215,3638,0
4213,3662,0
4206,3684,0
4203,3707,0
4202,3725,0
4205,3737,0
4207,3742,0
4208,3740,0
4210,3738,0
4211,3722,0
4221,3698,0
4227,3671,0
4237,3645,0
4244,3628,0
4248,3619,0
4249,3617,0
4251,3621,0
4251,3633,0
4247,3652,0
4247,3669,0
4246,3685,0
4250,3693,0
4262,3698,0
4280,3692,0
4304,3682,0
4326,3666,0
4344,3655,0
4349,3650,0
4352,3653,0
4345,3660,0
4341,3679,0
4337,3701,0
4334,3719,0
4336,3734,0
4341,3740,0
4352,3741,0
4362,3736,0
4379,3727,1
4492,3708,0
4490,3704,0
4495,3706,0
4494,3701,0
4497,3687,0
4501,3671,0
4501,3654,0
4497,3636,0
4490,3621,0
4473,3609,0
4461,3605,0
4448,3611,0
4433,3626,0
4418,3652,0
4406,3686,0
4394,3718,0
4386,3737,0
4391,3749,0
4400,3751,0
4411,3747,0
4424,3734,0
4439,3714,0
4451,3696,0
4463,3686,0
4466,3684,0
4466,3683,0
4469,3691,0
4471,3706,0
4471,3722,0
4477,3739,0
4488,3751,0
4497,3752,0
4514,3748,0
4538,3730,0
4566,3703,0
4587,3665,0
4608,3620,0
4625,3575,0
4636,3535,0
4639,3496,0
4638,3467,0
4633,3450,0
4625,3441,0
4618,3443,0
4611,3457,0
4601,3485,0
4593,3521,0
4589,3566,0
4582,3608,0
4580,3650,0
4576,3682,0
4571,3710,0
4570,3727,0
4570,3732,0
4565,3726,0
4568,3723,0
4570,3700,0
4579,3674,0
4592,3643,0
4611,3612,0
4637,3586,0
4657,3564,0
4676,3556,0
4696,3558,0
4709,3568,0
4713,3586,0
4712,3611,0
4697,3633,0
4680,3656,0
4659,3677,0
4642,3695,0
4628,3704,0
4624,3708,0
4626,3711,0
4630,3713,0
4637,3717,0
4653,3724,0
4677,3728,0
4730,3725,0
4756,3721,0
4780,3715,0
4809,3701,0
4831,3683,0
4851,3656,0
4864,3631,0
4866,3609,0
4861,3598,0
4849,3593,0
4830,3596,0
4813,3609,0
4794,3636,0
4780,3668,0
4770,3700,0
4779,3732,0
4796,3754,0
4823,3773,0
4857,3777,0
4895,3773,0
4934,3760,0
4966,3737,1
5309,3622,0
5311,3620,0
5313,3618,0
5313,3611,0
5308,3598,0
5309,3584,0
5305,3571,0
5300,3558,0
5286,3542,0
5274,3533,0
5263,3527,0
5251,3529,0
5233,3538,0
5219,3562,0
5202,3595,0
5187,3631,0
5180,3670,0
5178,3699,0
5180,3715,0
5187,3725,0
5195,3728,0
5208,3725,0
5224,3711,0
5245,3687,0
5267,3667,0
5283,3654,0
5286,3651,0
5285,3652,0
5286,3657,0
5284,3678,0
5283,3698,0
5286,3719,0
5291,3738,0
5301,3750,0
5323,3755,0
5351,3747,0
5383,3728,1
5641,3322,0
5641,3322,0
5639,3324,0
5637,3341,0
5629,3373,0
5614,3408,0
5602,3460,0
5593,3513,0
5583,3566,0
5574,3616,0
5562,3652,0
5559,3674,0
5561,3679,0
5557,3677,0
5566,3665,0
5585,3635,0
5611,3600,0
5644,3563,0
5687,3532,0
5726,3512,0
5757,3504,0
5783,3508,0
5797,3523,0
5802,3544,0
5786,3573,0
5763,3605,0
5722,3633,0
5681,3655,0
5646,3667,0
5617,3672,0
5605,3668,0
5606,3653,0
5620,3629,1
5841,3592,0
5844,3595,0
5849,3595,0
5861,3592,0
5875,3587,0
5896,3578,0
5912,3561,0
5932,3547,0
5946,3527,0
5954,3509,0
5957,3491,0
5950,3477,0
5933,3467,0
5916,3465,0
5894,3475,0
5878,3498,0
5863,3527,0
5860,3566,0
5863,3602,0
5877,3638,0
5891,3660,0
5916,3672,0
5941,3673,0
5975,3659,0
6011,3629,0
6050,3587,0
6074,3537,0
6099,3486,0
6115,3433,0
6125,3387,0
6126,3349,0
6114,3293,0
6113,3295,0
6109,3309,0
6085,3427,0
6081,3527,0
6081,3570,0
6085,3607,0
6089,3630,0
6099,3643,0
6112,3638,0
6133,3623,0
6160,3588,0
6188,3539,0
6211,3489,0
6235,3438,0
6249,3385,0
6257,3341,0
6264,3308,0
6263,3293,0
6257,3289,0
6252,3298,0
6242,3329,0
6226,3370,0
6214,3427,0
6201,3484,0
6193,3540,0
6194,3588,0
6201,3628,0
6205,3651,0
6208,3661,0
6213,3661,0
6213,3648,0
6206,3622,1
5973,3445,0
5979,3443,0
6013,3441,0
6058,3439,0
6116,3432,0
6174,3431,0
6220,3431,0
6266,3434,0
6296,3438,1
6307,3526,0
6314,3522,0
6338,3515,0
6366,3507,0
6396,3496,0
6419,3484,0
6444,3474,0
6460,3462,0
6471,3452,0
6471,3444,0
6458,3435,0
6434,3436,0
6408,3448,0
6377,3468,0
6351,3502,0
6336,3540,0
6334,3573,0
6360,3620,0
6389,3629,0
6427,3627,0
6466,3619,0
6505,3602,0
6529,3594,0
6541,3589,0
6541,3590,0
6533,3595,0
6528,3611,0
6518,3626,0
6509,3640,0
6506,3645,0
6509,3648,0
6510,3645,0
6515,3640,0
6519,3617,0
6522,3592,0
6527,3560,0
6534,3535,0
6541,3506,0
6551,3481,0
6569,3460,0
6588,3443,0
6612,3435,0
6638,3432,0
6652,3439,1