(J). Jones is very good at
513
545,3902,0
534,3905,0
520,3915,0
503,3933,0
487,3958,0
473,3993,0
463,4044,0
460,4092,0
465,4137,0
474,4187,0
494,4239,0
519,4275,0
550,4307,0
583,4336,0
613,4346,0
646,4354,0
678,4349,1
813,3911,0
812,3907,0
812,3907,0
811,3911,0
811,3919,0
815,3935,0
820,3959,0
830,3993,0
838,4021,0
849,4053,0
860,4091,0
871,4127,0
880,4164,0
887,4192,0
890,4216,0
890,4232,0
881,4239,0
868,4251,0
849,4254,0
825,4253,0
800,4243,0
776,4237,0
756,4232,0
738,4218,0
726,4213,0
720,4204,0
719,4196,0
728,4185,0
744,4174,1
919,3889,0
922,3893,0
933,3898,0
951,3915,0
974,3935,0
1001,3959,0
1030,3988,0
1055,4024,0
1077,4065,0
1094,4109,0
1101,4152,0
1093,4188,0
1079,4228,0
1059,4264,0
1035,4292,0
1013,4316,0
991,4336,0
975,4343,0
966,4351,0
964,4355,0
968,4359,1
1205,4295,0
1201,4303,0
1198,4299,0
1196,4302,0
1194,4295,0
1192,4299,0
1193,4299,0
1195,4299,0
1198,4299,1
1595,3945,0
1591,3934,0
1587,3926,0
1587,3930,0
1587,3930,0
1593,3946,0
1601,3969,0
1609,3992,0
1619,4019,0
1629,4046,0
1641,4080,0
1653,4115,0
1660,4146,0
1665,4182,0
1667,4214,0
1666,4246,0
1661,4271,0
1654,4292,0
1645,4306,0
1635,4316,0
1622,4317,0
1606,4311,0
1589,4301,0
1571,4287,0
1554,4273,0
1539,4259,0
1527,4244,0
1518,4233,0
1518,4229,1
1855,4215,0
1849,4208,0
1837,4194,0
1819,4185,0
1801,4181,0
1778,4176,0
1756,4180,0
1732,4184,0
1715,4198,0
1704,4213,0
1701,4234,0
1706,4253,0
1720,4267,0
1740,4280,0
1761,4285,0
1781,4285,0
1802,4282,0
1815,4271,0
1826,4261,0
1832,4247,0
1833,4232,1
1893,4240,0
1903,4250,0
1910,4261,0
1912,4265,0
1913,4268,0
1909,4265,0
1907,4261,0
1904,4254,0
1903,4246,0
1906,4233,0
1909,4217,0
1918,4203,0
1929,4191,0
1942,4181,0
1956,4178,0
1971,4174,0
1988,4179,0
2004,4196,0
2015,4210,0
2023,4225,0
2028,4244,0
2034,4267,0
2038,4283,0
2043,4293,0
2054,4304,1
2107,4290,0
2114,4289,0
2125,4273,0
2135,4258,0
2147,4247,0
2153,4233,0
2156,4220,0
2156,4212,0
2154,4208,0
2145,4206,0
2131,4210,0
2111,4211,0
2093,4224,0
2069,4287,0
2079,4297,0
2096,4305,0
2121,4311,1
2321,4198,0
2311,4188,0
2294,4176,0
2270,4171,0
2242,4171,0
2218,4178,0
2204,4186,0
2198,4192,0
2205,4203,0
2223,4218,0
2252,4230,0
2285,4242,0
2321,4256,0
2350,4273,0
2366,4280,0
2377,4297,0
2373,4303,0
2360,4311,0
2340,4321,0
2314,4325,0
2287,4325,0
2264,4331,0
2241,4333,0
2224,4338,0
2211,4342,1
2751,4203,0
2754,4208,0
2759,4214,0
2764,4229,0
2765,4242,0
2768,4261,0
2771,4283,0
2771,4299,0
2773,4320,0
2777,4336,0
2779,4348,0
2779,4348,0
2780,4344,1
2755,4077,0
2753,4073,0
2755,4064,0
2750,4057,0
2748,4058,1
2957,4201,0
2951,4208,0
2936,4215,0
2907,4220,0
2876,4225,0
2854,4239,0
2840,4244,0
2837,4250,0
2847,4258,0
2869,4271,0
2902,4283,0
2938,4294,0
2978,4306,0
3011,4317,0
3040,4334,0
3057,4345,0
3060,4351,0
3054,4358,0
3036,4362,0
3008,4362,0
2975,4364,0
2943,4361,0
2920,4367,0
2902,4367,0
2891,4362,1
3420,4295,0
3418,4278,0
3419,4264,0
3412,4254,0
3414,4257,0
3411,4254,0
3415,4266,0
3421,4285,0
3429,4309,0
3438,4331,0
3447,4353,0
3462,4377,0
3476,4392,0
3487,4399,0
3497,4403,0
3499,4397,0
3501,4387,0
3500,4374,0
3498,4351,0
3493,4326,0
3491,4304,0
3487,4285,0
3483,4268,0
3479,4256,0
3478,4253,1
3544,4372,0
3555,4374,0
3566,4368,0
3578,4356,0
3590,4344,0
3597,4326,0
3602,4308,0
3607,4297,0
3602,4285,0
3590,4269,0
3578,4268,0
3565,4270,0
3554,4278,0
3547,4285,0
3551,4302,0
3563,4324,0
3579,4341,0
3605,4363,0
3630,4381,0
3655,4394,0
3678,4408,0
3694,4412,0
3699,4413,0
3694,4407,0
3688,4396,0
3682,4381,0
3672,4365,0
3666,4349,0
3667,4334,0
3671,4323,0
3676,4315,0
3683,4311,0
3693,4309,0
3708,4314,0
3726,4326,0
3744,4333,0
3761,4341,1
3767,4309,0
3759,4300,0
3759,4300,0
3759,4300,0
3762,4302,0
3771,4311,0
3786,4321,0
3809,4335,0
3830,4345,0
3858,4355,0
3881,4353,0
3910,4354,1
3964,4302,0
3962,4303,0
3957,4307,0
3947,4318,0
3942,4336,0
3934,4357,0
3925,4381,0
3915,4408,0
3904,4439,0
3894,4470,0
3882,4496,0
3882,4524,0
3882,4544,0
3893,4556,0
3913,4562,0
3947,4559,1
4314,4398,0
4331,4379,0
4352,4368,0
4357,4349,0
4356,4329,0
4348,4316,0
4327,4302,0
4304,4295,0
4275,4297,0
4243,4301,0
4221,4313,0
4210,4331,0
4210,4346,0
4224,4361,0
4247,4373,0
4276,4381,0
4307,4389,0
4340,4393,0
4366,4393,0
4389,4396,0
4402,4401,0
4409,4405,0
4416,4420,0
4420,4442,0
4420,4467,0
4422,4496,0
4425,4529,0
4424,4555,0
4425,4580,0
4425,4599,0
4420,4613,0
4415,4622,0
4401,4623,0
4386,4618,0
4373,4609,0
4356,4591,0
4342,4572,0
4335,4557,0
4333,4539,0
4332,4514,0
4338,4495,0
4346,4473,0
4360,4459,0
4374,4442,0
4394,4432,1
4576,4394,0
4591,4386,0
4596,4372,0
4599,4359,0
4594,4343,0
4577,4326,0
4558,4309,0
4536,4302,0
4510,4298,0
4482,4301,0
4453,4303,0
4436,4317,0
4425,4331,0
4431,4352,0
4439,4367,0
4461,4384,0
4482,4393,0
4509,4403,0
4531,4404,0
4553,4408,0
4567,4401,0
4573,4391,0
4577,4377,0
4578,4366,1
4723,4379,0
4747,4385,0
4763,4381,0
4767,4374,0
4769,4366,0
4763,4355,0
4750,4345,0
4734,4338,0
4712,4331,0
4687,4332,0
4660,4333,0
4640,4345,0
4621,4351,0
4616,4366,0
4617,4381,0
4627,4398,0
4641,4408,0
4659,4418,0
4682,4425,0
4698,4427,0
4715,4428,1
4876,4431,0
4896,4430,0
4914,4425,0
4919,4410,0
4920,4392,0
4917,4379,0
4906,4367,0
4887,4357,0
4866,4355,0
4840,4356,0
4818,4365,0
4799,4382,0
4787,4398,0
4784,4411,0
4791,4426,0
4804,4437,0
4819,4439,0
4837,4434,0
4859,4420,0
4882,4404,0
4907,4377,0
4933,4348,0
4950,4309,0
4963,4275,0
4975,4248,0
4974,4222,0
4968,4200,0
4963,4187,0
4958,4181,0
4958,4181,0
4957,4188,0
4959,4213,0
4965,4246,0
4977,4285,0
5014,4376,0
5036,4415,0
5055,4457,0
5074,4495,0
5111,4564,1
5760,4523,0
5767,4514,0
5771,4505,0
5764,4489,0
5754,4470,0
5733,4457,0
5705,4447,0
5676,4443,0
5641,4446,0
5608,4456,0
5584,4470,0
5570,4485,0
5570,4502,0
5581,4514,0
5601,4522,0
5629,4521,0
5663,4521,0
5691,4514,0
5717,4504,0
5735,4485,0
5750,4468,0
5761,4450,0
5766,4439,0
5768,4432,0
5766,4433,0
5766,4434,0
5762,4437,0
5759,4453,0
5758,4471,0
5759,4494,0
5764,4517,0
5776,4536,0
5789,4550,1
5870,4317,0
5860,4303,0
5862,4295,0
5859,4292,0
5858,4293,0
5867,4314,0
5873,4343,0
5887,4387,0
5895,4433,0
5906,4481,0
5914,4526,0
5921,4565,0
5923,4593,1
5839,4578,0
5822,4567,0
5810,4551,0
5812,4543,0
5820,4529,0
5844,4514,0
5878,4507,0
5926,4502,0
5974,4502,0
6022,4502,0
6060,4506,0
6087,4512,1