mother! Cecil stepped
481
886,3683,0
890,3703,0
890,3732,0
887,3759,0
884,3795,0
879,3823,0
878,3855,0
878,3871,0
878,3875,0
878,3879,0
880,3875,0
885,3855,0
891,3819,0
902,3780,0
918,3744,0
930,3725,0
938,3718,0
939,3713,0
941,3718,0
943,3735,0
944,3758,0
944,3786,0
946,3818,0
950,3842,0
957,3855,0
961,3858,0
962,3858,0
962,3854,0
965,3843,0
975,3807,0
994,3767,0
1019,3728,0
1042,3696,0
1054,3692,0
1059,3696,0
1066,3708,0
1070,3732,0
1071,3760,0
1070,3789,0
1070,3816,0
1076,3832,0
1089,3845,0
1107,3853,0
1132,3848,0
1160,3831,1
1260,3708,0
1256,3701,0
1245,3693,0
1230,3693,0
1211,3694,0
1189,3711,0
1163,3735,0
1146,3768,0
1136,3800,0
1134,3829,0
1142,3844,0
1159,3851,0
1182,3843,0
1214,3822,0
1249,3789,0
1279,3755,0
1299,3730,0
1304,3709,0
1298,3694,0
1288,3687,1
1382,3543,1
1382,3555,0
1376,3568,0
1369,3592,0
1360,3626,0
1350,3658,0
1344,3695,0
1344,3731,0
1353,3762,0
1368,3785,0
1387,3795,0
1409,3798,0
1433,3799,0
1453,3785,0
1467,3768,0
1469,3747,0
1457,3725,1
1323,3704,0
1323,3704,0
1330,3704,0
1351,3702,0
1377,3688,0
1414,3665,0
1454,3640,0
1487,3608,0
1515,3581,0
1534,3558,0
1545,3544,0
1546,3540,0
1545,3540,0
1544,3545,0
1537,3566,0
1527,3600,0
1513,3637,0
1503,3684,0
1498,3724,0
1499,3760,0
1505,3792,0
1512,3811,0
1517,3822,0
1522,3826,0
1522,3826,0
1523,3814,0
1529,3793,0
1538,3759,0
1552,3721,0
1572,3694,0
1591,3679,0
1599,3670,0
1602,3670,0
1607,3677,0
1607,3694,0
1602,3722,0
1599,3747,0
1602,3779,0
1608,3794,0
1628,3812,0
1655,3812,0
1684,3798,0
1717,3777,0
1749,3751,0
1774,3721,0
1785,3691,0
1785,3670,0
1774,3652,0
1760,3646,0
1738,3655,0
1708,3677,0
1677,3707,0
1653,3743,0
1647,3776,0
1655,3803,0
1679,3824,0
1715,3834,0
1756,3835,0
1801,3830,0
1841,3814,0
1873,3799,0
1891,3783,0
1894,3766,0
1887,3742,0
1874,3725,0
1855,3708,0
1833,3697,0
1820,3688,0
1816,3680,0
1818,3680,0
1827,3674,0
1852,3669,0
1876,3663,0
1902,3657,0
1927,3655,0
1947,3655,0
1957,3660,0
1962,3659,0
1968,3665,0
1971,3665,1
2152,3517,0
2152,3513,0
2150,3513,0
2150,3518,0
2149,3522,0
2148,3544,0
2147,3573,0
2142,3604,0
2142,3633,0
2142,3658,0
2152,3677,0
2167,3693,0
2176,3699,1
2181,3769,0
2175,3766,0
2173,3771,0
2169,3771,0
2167,3768,0
2167,3768,0
2167,3764,0
2174,3761,1
2706,3488,0
2700,3477,0
2693,3462,0
2680,3452,0
2664,3450,0
2643,3456,0
2617,3472,0
2592,3497,0
2575,3531,0
2566,3566,0
2562,3598,0
2566,3631,0
2579,3660,0
2595,3679,0
2625,3693,0
2660,3695,0
2696,3687,1
2723,3639,0
2709,3638,0
2710,3641,0
2712,3641,0
2722,3631,0
2742,3613,0
2769,3590,0
2794,3569,0
2817,3544,0
2829,3525,0
2825,3513,0
2813,3506,0
2794,3520,0
2773,3544,0
2754,3571,0
2736,3602,0
2731,3631,0
2738,3654,0
2760,3666,0
2796,3671,0
2842,3666,0
2888,3651,0
2931,3633,0
2970,3612,1
2972,3529,0
2948,3524,0
2923,3524,0
2900,3532,0
2880,3547,0
2866,3568,0
2861,3592,0
2865,3613,0
2881,3633,0
2899,3637,0
2928,3639,0
2960,3631,0
2988,3616,0
3011,3598,0
3025,3577,0
3030,3551,0
3030,3532,0
3030,3523,0
3029,3524,0
3026,3525,0
3027,3539,0
3029,3565,0
3030,3588,0
3033,3609,0
3040,3627,0
3045,3633,0
3048,3638,0
3052,3639,0
3047,3629,0
3044,3612,0
3045,3588,0
3037,3551,1
3028,3417,0
3027,3413,0
3026,3409,0
3027,3409,1
3124,3405,0
3121,3407,0
3109,3414,0
3094,3433,0
3079,3457,0
3065,3488,0
3051,3520,0
3048,3554,0
3056,3582,0
3076,3602,0
3109,3617,0
3146,3621,0
3190,3623,1
3749,3458,0
3752,3455,0
3753,3450,0
3753,3450,0
3745,3445,0
3735,3445,0
3718,3448,0
3695,3456,0
3677,3465,0
3672,3473,0
3669,3477,0
3677,3485,0
3694,3493,0
3715,3501,0
3736,3510,0
3759,3522,0
3779,3537,0
3791,3548,0
3798,3558,0
3792,3563,0
3778,3574,0
3758,3580,0
3740,3588,0
3716,3592,0
3694,3598,0
3680,3598,0
3682,3597,0
3685,3585,0
3705,3565,1
3907,3334,0
3900,3330,0
3899,3336,0
3887,3347,0
3882,3373,0
3873,3401,0
3864,3436,0
3858,3477,0
3855,3521,0
3857,3561,0
3863,3592,0
3871,3612,0
3872,3621,0
3868,3624,0
3863,3624,0
3856,3609,0
3853,3580,1
3805,3485,0
3802,3481,0
3805,3485,0
3810,3486,0
3828,3491,0
3857,3493,0
3890,3487,0
3930,3484,0
3965,3480,0
3985,3474,0
3996,3469,0
3998,3467,0
4000,3467,0
3986,3462,0
3966,3463,0
3942,3474,0
3923,3501,0
3902,3529,0
3891,3554,0
3894,3572,0
3908,3581,0
3937,3588,0
3971,3585,0
4010,3574,0
4044,3556,0
4074,3534,0
4100,3510,0
4113,3488,0
4114,3471,0
4115,3465,0
4112,3462,0
4113,3467,0
4108,3481,0
4105,3511,0
4105,3549,0
4104,3592,0
4112,3638,0
4119,3681,0
4128,3720,0
4140,3752,0
4150,3775,0
4150,3780,0
4151,3779,0
4145,3769,0
4133,3742,0
4121,3710,0
4111,3666,0
4106,3618,0
4104,3572,0
4117,3533,0
4129,3500,0
4143,3482,0
4153,3479,0
4162,3481,0
4167,3493,0
4176,3517,0
4173,3541,0
4166,3575,0
4143,3601,0
4125,3627,0
4103,3646,0
4087,3655,0
4080,3656,0
4082,3649,1
4258,3438,0
4256,3435,0
4256,3436,0
4251,3440,0
4244,3453,0
4241,3477,0
4240,3506,0
4243,3542,0
4242,3576,0
4244,3612,0
4252,3648,0
4256,3677,0
4261,3699,0
4261,3711,0
4263,3714,0
4262,3709,0
4254,3695,0
4251,3677,0
4241,3647,0
4233,3611,0
4232,3573,0
4239,3535,0
4254,3498,0
4274,3468,0
4292,3444,0
4307,3436,0
4314,3435,0
4321,3445,0
4324,3465,0
4314,3496,0
4292,3528,0
4268,3557,0
4250,3580,0
4239,3595,0
4232,3601,0
4229,3597,0
4239,3590,1
4348,3513,0
4345,3515,0
4343,3518,0
4348,3524,0
4358,3525,0
4374,3522,0
4397,3510,0
4417,3496,0
4430,3478,0
4439,3462,0
4439,3445,0
4434,3433,0
4420,3424,0
4408,3425,0
4381,3436,0
4357,3454,0
4338,3479,0
4322,3505,0
4321,3523,0
4330,3537,0
4352,3542,0
4394,3547,0
4442,3545,0
4492,3540,0
4541,3530,1
4628,3460,0
4618,3448,0
4601,3437,0
4576,3429,0
4549,3428,0
4519,3436,0
4490,3450,0
4463,3471,0
4442,3489,0
4435,3506,0
4444,3520,0
4460,3527,0
4487,3528,0
4515,3521,0
4541,3507,0
4567,3490,0
4589,3462,0
4610,3428,0
4623,3390,0
4632,3356,0
4635,3329,0
4632,3313,0
4624,3305,0
4623,3305,0
4620,3322,0
4605,3349,0
4599,3392,0
4596,3438,0
4600,3479,0
4611,3514,0
4628,3542,0
4646,3564,0
4654,3578,0
4664,3586,0
4670,3591,0
4674,3592,1