front door. &quot;You &apos;re later
760
861,3774,0
863,3778,0
872,3779,0
886,3775,0
904,3768,0
926,3753,0
952,3730,0
980,3703,0
1009,3672,0
1037,3636,0
1062,3604,0
1083,3573,0
1098,3544,0
1107,3517,0
1111,3505,0
1107,3489,0
1103,3484,0
1094,3481,0
1083,3484,0
1066,3497,0
1044,3516,0
1021,3552,0
996,3588,0
972,3635,0
948,3687,0
926,3741,0
905,3797,0
888,3843,0
869,3891,0
854,3925,0
842,3945,0
832,3948,0
830,3945,1
839,3877,0
839,3860,0
838,3853,0
838,3848,0
838,3848,0
839,3845,0
844,3849,0
857,3853,0
875,3855,0
900,3848,0
928,3841,0
963,3826,0
998,3807,0
1034,3793,0
1067,3776,0
1093,3756,0
1109,3752,0
1114,3753,0
1114,3752,0
1110,3769,0
1098,3781,0
1084,3800,0
1070,3816,0
1060,3824,0
1057,3829,0
1057,3829,0
1057,3824,0
1061,3820,0
1071,3805,0
1088,3788,0
1105,3764,0
1125,3748,0
1143,3732,0
1153,3728,0
1157,3728,0
1160,3735,0
1161,3743,0
1160,3759,0
1160,3780,0
1160,3796,0
1166,3807,0
1176,3816,0
1192,3819,0
1210,3810,0
1236,3805,0
1264,3788,0
1289,3771,0
1308,3753,0
1319,3740,0
1322,3736,0
1321,3736,0
1314,3733,0
1304,3742,0
1287,3750,0
1270,3771,0
1254,3793,0
1245,3813,0
1241,3822,0
1243,3825,0
1248,3829,0
1255,3824,0
1265,3820,0
1278,3815,0
1290,3799,0
1303,3785,0
1313,3769,0
1322,3756,0
1323,3752,0
1323,3752,0
1323,3752,0
1322,3753,0
1323,3756,0
1326,3756,0
1331,3759,0
1341,3763,0
1354,3762,0
1370,3761,0
1387,3759,0
1401,3754,0
1414,3756,0
1421,3756,0
1425,3768,0
1426,3776,0
1423,3784,0
1419,3796,0
1413,3805,0
1407,3818,0
1403,3822,0
1402,3826,0
1403,3826,0
1404,3826,0
1404,3826,0
1405,3822,0
1411,3817,0
1419,3805,0
1431,3795,0
1445,3786,0
1457,3776,0
1471,3776,0
1480,3771,0
1487,3773,0
1491,3777,0
1493,3781,0
1495,3788,0
1496,3797,0
1495,3801,0
1498,3812,0
1499,3817,0
1501,3820,0
1505,3824,0
1509,3824,0
1512,3823,0
1520,3822,0
1529,3821,0
1539,3812,0
1556,3801,0
1574,3787,0
1599,3768,0
1626,3739,0
1657,3714,0
1747,3625,0
1775,3599,0
1797,3574,0
1813,3558,0
1821,3548,0
1825,3547,0
1823,3544,0
1816,3557,0
1807,3580,0
1786,3604,0
1703,3730,0
1676,3771,0
1654,3799,0
1639,3818,0
1631,3827,0
1628,3824,0
1627,3812,0
1633,3802,0
1639,3794,0
1643,3785,0
1644,3781,0
1645,3781,0
1649,3784,0
1652,3779,0
1666,3781,0
1686,3778,0
1713,3773,1
2204,3756,0
2202,3753,0
2198,3750,0
2189,3744,0
2178,3743,0
2159,3741,0
2140,3752,0
2117,3761,0
2097,3780,0
2078,3798,0
2065,3817,0
2063,3831,0
2063,3835,0
2071,3837,0
2087,3837,0
2106,3831,0
2128,3812,0
2157,3792,0
2188,3770,0
2217,3740,0
2247,3713,0
2272,3684,0
2296,3663,0
2314,3635,0
2332,3616,0
2345,3603,0
2347,3589,0
2350,3584,0
2347,3581,0
2347,3585,0
2342,3587,0
2333,3595,0
2324,3615,0
2305,3634,0
2287,3662,0
2266,3686,0
2247,3718,0
2231,3748,0
2218,3773,0
2213,3795,0
2215,3812,0
2224,3825,0
2234,3831,0
2253,3838,0
2275,3839,0
2299,3831,0
2326,3822,0
2354,3812,0
2376,3796,0
2398,3783,0
2412,3775,0
2419,3772,0
2417,3768,0
2412,3766,0
2402,3765,0
2389,3769,0
2375,3783,0
2359,3798,0
2344,3816,0
2333,3832,0
2327,3847,0
2327,3860,0
2332,3870,0
2340,3877,0
2351,3877,0
2367,3875,0
2383,3870,0
2395,3853,0
2410,3843,0
2420,3826,0
2427,3816,0
2429,3806,0
2427,3798,0
2424,3795,0
2422,3796,0
2417,3793,0
2420,3797,0
2421,3797,0
2426,3803,0
2432,3810,0
2446,3813,0
2462,3815,0
2480,3812,0
2505,3812,0
2530,3807,0
2554,3805,0
2575,3801,0
2592,3798,0
2599,3795,0
2602,3798,0
2598,3795,0
2594,3798,0
2584,3798,0
2576,3805,0
2565,3810,0
2556,3822,0
2544,3831,0
2537,3846,0
2532,3857,0
2533,3870,0
2536,3877,0
2543,3878,0
2557,3877,0
2577,3873,0
2598,3860,0
2617,3840,0
2637,3827,0
2650,3817,0
2652,3807,0
2653,3807,0
2648,3805,0
2643,3807,0
2638,3805,0
2638,3809,0
2637,3810,0
2642,3812,0
2647,3814,0
2654,3819,0
2666,3823,0
2678,3822,0
2694,3824,0
2708,3818,0
2729,3817,0
2746,3810,0
2765,3805,0
2781,3798,0
2796,3795,0
2800,3788,0
2801,3788,0
2802,3792,0
2799,3793,0
2793,3797,0
2784,3810,0
2776,3822,0
2766,3835,0
2760,3847,0
2754,3850,0
2757,3853,0
2756,3849,0
2760,3847,0
2770,3839,0
2784,3826,0
2801,3810,0
2822,3796,0
2844,3785,0
2861,3777,0
2877,3773,0
2895,3774,0
2914,3773,0
2932,3768,0
2960,3766,0
2987,3761,0
3008,3755,1
2961,3883,0
2960,3884,0
2958,3884,0
2957,3886,0
2955,3887,0
2953,3887,0
2951,3889,0
2948,3885,0
2949,3885,0
2949,3885,0
2952,3888,0
2953,3887,0
2954,3887,0
2953,3887,0
2953,3887,0
2951,3884,0
2950,3884,0
2950,3884,0
2950,3884,0
2951,3884,0
2953,3882,1
3508,3468,0
3507,3469,0
3504,3470,0
3503,3481,0
3502,3502,0
3494,3521,0
3493,3542,0
3489,3551,0
3493,3552,1
3559,3459,0
3551,3460,0
3542,3472,0
3535,3492,0
3527,3513,0
3523,3530,0
3526,3553,0
3532,3568,0
3540,3583,1
3653,3729,0
3652,3728,0
3658,3730,0
3662,3727,0
3670,3715,0
3687,3703,0
3709,3687,0
3732,3665,0
3759,3640,0
3783,3615,0
3802,3590,0
3819,3571,0
3829,3559,0
3830,3553,0
3826,3549,0
3819,3551,0
3805,3562,0
3787,3582,0
3764,3610,0
3747,3643,0
3727,3673,0
3718,3706,0
3713,3729,0
3714,3748,0
3718,3759,0
3730,3766,0
3744,3770,0
3752,3760,0
3766,3754,0
3788,3743,0
3811,3725,0
3834,3698,0
3861,3670,0
3887,3641,0
3911,3614,0
3929,3590,0
3940,3565,0
3947,3544,0
3952,3529,0
3954,3522,0
3952,3519,0
3950,3520,0
3944,3520,0
3941,3528,0
3939,3544,0
3932,3567,0
3925,3594,0
3914,3623,0
3901,3660,0
3884,3694,0
3867,3732,0
3848,3772,0
3824,3807,0
3800,3839,0
3773,3868,0
3746,3893,0
3722,3910,0
3706,3916,0
3697,3912,0
3697,3908,0
3694,3895,0
3701,3885,0
3712,3867,0
3728,3852,0
3747,3833,0
3773,3814,0
3805,3800,0
3834,3783,0
3865,3770,0
3894,3757,0
3925,3748,0
3950,3739,0
3967,3730,0
3983,3727,0
3990,3727,0
3991,3726,0
3987,3724,0
3985,3725,0
3977,3727,0
3969,3733,0
3961,3744,0
3950,3759,0
3943,3775,0
3939,3788,0
3941,3797,0
3946,3803,0
3951,3804,0
3963,3805,0
3977,3799,0
3993,3786,0
4007,3769,0
4019,3749,0
4024,3730,0
4029,3720,0
4030,3719,0
4027,3717,0
4024,3719,0
4022,3720,0
4022,3726,0
4024,3735,0
4029,3745,0
4039,3754,0
4048,3756,0
4064,3759,0
4084,3757,0
4104,3751,0
4123,3741,0
4135,3730,0
4147,3720,0
4151,3717,0
4155,3718,0
4151,3717,0
4150,3717,0
4145,3721,0
4141,3730,0
4133,3742,0
4128,3757,0
4123,3771,0
4124,3786,0
4126,3795,0
4135,3804,0
4145,3805,0
4161,3807,0
4176,3800,0
4198,3787,0
4225,3769,0
4248,3754,0
4265,3744,0
4273,3742,0
4275,3740,0
4275,3740,0
4274,3741,0
4273,3742,0
4273,3742,0
4273,3742,0
4273,3742,0
4274,3741,0
4272,3737,0
4273,3737,0
4275,3735,0
4276,3729,0
4278,3728,0
4278,3727,0
4278,3728,0
4274,3725,0
4276,3729,0
4275,3730,0
4275,3730,0
4275,3730,0
4278,3733,0
4277,3734,0
4274,3735,0
4272,3743,0
4266,3754,0
4258,3766,0
4250,3783,0
4243,3800,0
4239,3814,0
4242,3822,0
4249,3827,0
4263,3831,0
4274,3827,0
4295,3825,0
4320,3818,0
4343,3807,1
4497,3557,0
4499,3561,0
4495,3565,0
4494,3572,0
4489,3577,1
4543,3797,0
4543,3798,0
4542,3798,0
4541,3799,0
4545,3801,0
4546,3794,0
4562,3785,0
4578,3769,0
4600,3753,0
4623,3742,0
4640,3732,0
4647,3724,0
4647,3724,0
4646,3725,0
4642,3735,0
4632,3751,0
4611,3771,0
4591,3790,0
4582,3811,0
4574,3823,0
4574,3828,0
4575,3827,0
4581,3823,0
4592,3812,0
4606,3798,0
4623,3781,0
4635,3765,0
4652,3754,0
4665,3746,0
4666,3740,0
4669,3742,0
4668,3743,0
4670,3752,0
4670,3758,0
4673,3766,0
4683,3773,0
4695,3778,0
4715,3781,0
4732,3775,0
4755,3768,0
4780,3759,0
4801,3749,0
4816,3734,0
4832,3723,0
4840,3713,0
4841,3707,0
4836,3701,0
4830,3701,0
4816,3705,0
4803,3713,0
4781,3725,0
4763,3742,0
4752,3765,0
4743,3781,0
4743,3798,0
4753,3811,0
4770,3822,0
4792,3822,0
4822,3819,0
4857,3813,0
4895,3807,1
5258,3752,0
5259,3752,0
5260,3751,0
5266,3749,0
5279,3745,0
5298,3735,0
5325,3722,0
5351,3703,0
5383,3684,0
5412,3660,0
5440,3638,0
5460,3612,0
5484,3589,0
5496,3566,0
5502,3552,0
5497,3539,0
5492,3532,0
5480,3529,0
5464,3530,0
5446,3533,0
5425,3547,0
5399,3568,0
5372,3589,0
5351,3616,0
5331,3647,0
5313,3680,0
5299,3710,0
5296,3739,0
5297,3761,0
5309,3779,0
5324,3791,0
5342,3795,0
5373,3796,0
5406,3788,0
5438,3774,0
5477,3758,0
5516,3742,0
5545,3724,0
5568,3715,0
5573,3709,0
5571,3711,0
5566,3711,0
5551,3718,0
5532,3729,0
5514,3744,0
5496,3760,0
5481,3773,0
5475,3785,0
5477,3796,0
5480,3799,0
5485,3800,0
5497,3796,0
5516,3786,0
5532,3767,0
5551,3749,0
5569,3733,0
5578,3722,0
5584,3720,0
5583,3721,0
5580,3726,0
5573,3741,0
5564,3759,0
5556,3776,0
5557,3788,0
5561,3795,0
5568,3799,0
5581,3801,0
5600,3798,0
5624,3793,0
5648,3782,0
5680,3768,0
5711,3747,0
5741,3720,0
5773,3691,0
5805,3662,0
5840,3634,0
5866,3612,0
5875,3586,0
5887,3576,0
5893,3568,0
5896,3570,0
5889,3567,0
5890,3573,0
5882,3584,0
5868,3604,0
5853,3631,0
5835,3662,0
5809,3691,0
5786,3728,0
5764,3763,0
5742,3791,0
5725,3812,0
5716,3824,1
5725,3807,0
5723,3796,0
5723,3789,0
5725,3787,0
5723,3784,0
5726,3786,0
5723,3784,0
5730,3788,0
5739,3789,0
5753,3790,0
5769,3788,0
5791,3787,0
5812,3780,0
5842,3772,0
5862,3759,0
5887,3747,0
5903,3731,0
5916,3721,0
5921,3715,0
5918,3711,0
5911,3707,0
5904,3711,0
5887,3718,0
5866,3727,0
5851,3741,0
5840,3756,0
5832,3767,0
5827,3780,0
5824,3790,0
5832,3800,0
5836,3806,0
5853,3812,0
5870,3814,0
5889,3810,0
5913,3805,0
5935,3797,0
5965,3789,0
5987,3778,0
6009,3769,0
6018,3763,0
6021,3760,0
6021,3760,0
6018,3764,0
6008,3772,0
5998,3785,0
5985,3795,0
5976,3800,0
5979,3803,0
5979,3803,0
5985,3796,0
5998,3784,0
6013,3771,0
6033,3756,0
6046,3744,0
6056,3737,0
6063,3735,0
6063,3735,0
6065,3740,0
6070,3747,0
6072,3750,0
6085,3754,0
6106,3759,0
6123,3754,0
6155,3752,1