step there, sir! Your briefcase is
758
783,3379,0
791,3356,0
801,3332,0
811,3317,0
820,3314,0
828,3322,0
835,3339,0
838,3368,0
834,3404,0
830,3435,0
823,3455,0
813,3470,0
803,3481,0
798,3485,0
800,3489,0
805,3489,0
820,3491,0
838,3479,0
859,3465,0
876,3438,0
895,3404,0
912,3360,0
926,3309,0
941,3258,0
950,3198,0
957,3138,0
968,3091,0
975,3051,0
979,3035,0
981,3035,0
984,3043,0
989,3067,0
994,3112,0
998,3163,0
1005,3223,0
1010,3284,0
1014,3340,0
1017,3388,0
1019,3424,0
1021,3452,0
1023,3468,1
1007,3408,0
1010,3419,0
1024,3428,0
1047,3432,0
1066,3425,0
1087,3409,0
1105,3389,0
1117,3368,0
1124,3352,0
1122,3341,0
1117,3336,0
1111,3337,0
1102,3344,0
1095,3368,0
1097,3397,0
1109,3433,0
1125,3444,0
1142,3444,0
1161,3439,0
1179,3419,0
1198,3398,0
1213,3373,0
1221,3349,0
1227,3325,0
1231,3321,0
1233,3325,0
1238,3341,0
1243,3377,0
1248,3424,0
1251,3468,0
1257,3515,0
1262,3556,0
1266,3588,0
1269,3607,0
1269,3615,0
1269,3615,0
1269,3611,0
1264,3595,0
1257,3556,0
1254,3512,0
1255,3472,0
1261,3436,0
1271,3395,0
1287,3366,0
1304,3344,0
1319,3332,0
1335,3330,0
1346,3334,0
1353,3344,0
1356,3361,0
1351,3381,0
1338,3402,0
1320,3420,0
1302,3437,0
1285,3450,0
1276,3463,0
1271,3459,1
1617,3396,0
1615,3405,0
1619,3416,0
1628,3427,0
1644,3428,0
1663,3408,0
1683,3368,0
1705,3323,0
1723,3274,0
1734,3219,0
1746,3164,0
1755,3108,0
1761,3057,0
1764,3020,0
1766,2994,0
1766,2991,0
1766,2990,0
1772,3013,0
1779,3053,0
1788,3109,0
1799,3172,0
1805,3232,0
1812,3288,0
1818,3344,0
1817,3390,0
1814,3426,0
1812,3452,0
1808,3457,0
1807,3449,1
1819,3373,0
1824,3363,0
1838,3335,0
1854,3298,0
1863,3259,0
1870,3216,0
1874,3165,0
1876,3115,0
1880,3081,0
1882,3055,0
1883,3042,0
1884,3042,0
1886,3050,0
1896,3080,0
1907,3127,0
1919,3186,0
1928,3242,0
1932,3286,0
1935,3327,0
1937,3363,0
1937,3380,0
1938,3385,0
1941,3383,0
1947,3369,0
1957,3354,0
1968,3346,0
1985,3354,0
2007,3373,0
2030,3392,0
2053,3397,0
2074,3395,0
2094,3388,0
2113,3374,0
2122,3355,0
2126,3337,0
2120,3313,0
2111,3296,0
2101,3290,0
2092,3297,0
2079,3314,0
2074,3345,0
2077,3381,0
2090,3411,0
2103,3419,0
2120,3422,0
2136,3413,0
2153,3399,0
2168,3381,0
2181,3364,0
2190,3352,0
2193,3352,0
2195,3363,0
2203,3386,0
2209,3405,0
2215,3412,0
2220,3414,0
2224,3413,0
2229,3411,0
2230,3398,0
2230,3381,0
2229,3359,0
2235,3354,0
2239,3352,0
2250,3357,0
2265,3364,0
2284,3366,0
2304,3358,0
2328,3344,0
2347,3327,0
2363,3317,0
2368,3303,0
2366,3295,0
2355,3290,0
2342,3296,0
2319,3309,0
2305,3340,0
2301,3367,0
2311,3390,0
2336,3401,0
2366,3394,0
2400,3388,1
2630,3369,0
2631,3363,0
2632,3363,0
2634,3371,0
2633,3394,0
2625,3428,0
2616,3465,0
2613,3492,0
2611,3502,1
2750,3303,0
2750,3299,0
2758,3286,0
2772,3265,0
2788,3238,0
2803,3215,0
2813,3205,0
2822,3209,0
2829,3223,0
2833,3249,0
2839,3287,0
2842,3322,0
2843,3344,0
2840,3356,0
2837,3361,0
2835,3362,0
2831,3360,0
2828,3357,0
2832,3359,0
2837,3357,0
2845,3347,0
2864,3337,0
2885,3316,0
2907,3294,0
2922,3271,0
2935,3255,0
2942,3240,0
2946,3243,0
2951,3254,0
2955,3279,0
2959,3310,0
2968,3332,0
2975,3337,0
2980,3339,0
2985,3340,0
2988,3334,0
2993,3317,1
2930,3050,0
2927,3052,0
2934,3066,0
2943,3094,0
2948,3124,1
2983,3351,0
2988,3343,0
2996,3329,0
3006,3310,0
3016,3284,0
3024,3256,0
3032,3237,0
3030,3233,0
3030,3233,0
3035,3253,0
3036,3281,0
3036,3305,0
3042,3315,0
3040,3316,0
3047,3322,0
3047,3316,0
3052,3304,0
3064,3283,0
3073,3258,0
3080,3244,0
3092,3240,0
3112,3242,0
3129,3240,0
3157,3240,0
3187,3239,1
3278,3351,0
3280,3355,0
3281,3354,0
3281,3354,0
3280,3351,0
3278,3351,0
3275,3349,0
3280,3341,0
3291,3319,1
3255,2963,0
3255,2963,0
3253,2963,0
3255,2973,0
3253,2994,0
3255,3028,0
3255,3063,0
3257,3096,0
3258,3125,0
3259,3153,0
3262,3182,0
3259,3203,0
3259,3219,0
3259,3233,0
3258,3244,0
3260,3252,0
3264,3250,1
3527,3246,0
3520,3252,0
3525,3249,0
3533,3232,0
3550,3198,0
3571,3155,0
3592,3105,0
3614,3059,0
3629,3014,0
3640,2982,0
3646,2966,0
3645,2962,0
3645,2967,0
3636,2992,0
3628,3042,0
3613,3108,0
3611,3178,0
3618,3229,0
3635,3262,0
3653,3279,0
3672,3284,0
3688,3275,0
3700,3249,0
3719,3211,0
3734,3157,0
3746,3103,0
3753,3053,0
3759,3015,0
3761,2989,0
3765,2987,0
3765,2987,0
3769,3005,0
3776,3043,0
3784,3100,0
3789,3161,0
3795,3230,0
3803,3298,0
3814,3368,0
3815,3425,0
3820,3482,0
3814,3529,0
3812,3573,0
3794,3596,0
3778,3619,0
3754,3623,0
3732,3620,0
3715,3607,0
3708,3593,0
3705,3569,0
3715,3542,0
3731,3503,0
3759,3466,0
3791,3424,0
3818,3385,0
3852,3351,0
3884,3318,0
3907,3286,0
3923,3261,0
3932,3242,0
3934,3240,0
3935,3245,0
3930,3259,0
3929,3287,0
3939,3317,0
3952,3337,0
3968,3344,0
3983,3346,0
3991,3339,0
3998,3333,0
3997,3322,0
3993,3310,0
3980,3290,0
3965,3271,0
3954,3253,0
3953,3249,0
3951,3245,0
3959,3243,0
3974,3235,0
3998,3228,0
4018,3215,0
4034,3204,0
4048,3197,0
4060,3197,0
4066,3202,0
4070,3216,0
4073,3240,0
4076,3264,0
4090,3284,0
4099,3293,0
4108,3295,0
4122,3292,0
4134,3286,0
4143,3273,0
4148,3256,0
4156,3237,0
4157,3214,0
4161,3209,0
4157,3207,0
4162,3214,0
4170,3228,0
4179,3253,0
4193,3273,0
4207,3282,0
4218,3282,0
4232,3280,0
4242,3270,0
4252,3258,0
4261,3244,0
4266,3227,0
4267,3215,0
4271,3216,0
4270,3217,0
4275,3223,0
4282,3234,0
4292,3247,0
4297,3253,0
4306,3261,0
4310,3262,0
4314,3264,0
4317,3267,0
4320,3269,0
4317,3267,0
4319,3265,0
4326,3256,0
4332,3245,0
4343,3234,0
4354,3227,0
4371,3221,0
4392,3216,1
4691,3252,0
4695,3253,0
4699,3243,0
4712,3216,0
4729,3176,0
4741,3130,0
4752,3083,0
4760,3034,0
4767,2987,0
4768,2946,0
4763,2913,0
4753,2893,0
4738,2885,0
4725,2890,0
4712,2907,0
4702,2940,0
4693,2984,0
4694,3041,0
4697,3102,0
4705,3162,0
4716,3217,0
4728,3257,0
4750,3293,0
4775,3314,0
4796,3319,0
4823,3314,0
4847,3297,0
4874,3276,0
4891,3248,0
4907,3222,0
4921,3206,0
4929,3202,0
4929,3202,0
4932,3205,0
4936,3218,0
4941,3231,0
4944,3240,0
4950,3246,0
4953,3249,0
4956,3251,0
4954,3247,0
4955,3240,0
4959,3221,0
4964,3208,0
4975,3202,0
4987,3192,0
5004,3189,0
5019,3189,0
5028,3192,0
5033,3198,0
5040,3209,0
5046,3226,0
5057,3245,0
5065,3261,0
5076,3272,0
5087,3279,0
5095,3282,1
5049,2987,0
5052,2991,0
5056,2999,0
5069,3023,0
5069,3049,1
5144,3277,0
5146,3273,0
5161,3261,0
5175,3243,0
5188,3218,0
5185,3189,0
5185,3162,0
5180,3142,0
5175,3134,0
5168,3136,0
5157,3146,0
5150,3169,0
5143,3199,0
5150,3230,0
5161,3249,0
5176,3260,0
5192,3259,0
5209,3250,0
5227,3226,0
5245,3194,0
5259,3148,0
5271,3096,0
5276,3040,0
5279,2992,0
5282,2952,0
5284,2928,0
5279,2913,0
5279,2912,0
5281,2918,0
5284,2943,0
5291,2990,0
5301,3053,0
5306,3117,0
5311,3172,0
5321,3226,0
5323,3277,0
5332,3321,0
5330,3349,0
5338,3371,0
5339,3383,0
5343,3385,1
5323,3230,0
5328,3230,0
5335,3228,0
5350,3226,0
5364,3221,0
5385,3213,0
5402,3208,0
5417,3202,0
5434,3199,0
5448,3192,0
5460,3188,0
5469,3182,0
5475,3181,0
5476,3180,0
5475,3180,0
5475,3181,0
5470,3182,0
5462,3186,0
5449,3191,0
5442,3201,0
5434,3211,0
5435,3225,0
5433,3235,0
5440,3245,0
5446,3252,0
5453,3255,0
5470,3259,0
5490,3257,0
5512,3254,0
5532,3247,0
5556,3240,0
5579,3228,0
5605,3218,0
5623,3205,0
5643,3198,0
5655,3193,0
5661,3191,0
5666,3192,0
5669,3194,0
5665,3193,0
5665,3193,0
5660,3192,0
5664,3194,0
5665,3193,0
5668,3195,0
5664,3194,0
5663,3194,0
5668,3196,0
5664,3194,0
5667,3197,0
5663,3196,0
5658,3195,0
5651,3198,0
5639,3204,0
5628,3211,0
5625,3224,0
5618,3234,0
5620,3245,0
5629,3255,0
5636,3257,0
5653,3261,0
5672,3255,0
5696,3247,0
5719,3235,0
5740,3223,0
5753,3211,0
5767,3205,0
5779,3202,0
5779,3200,0
5779,3201,0
5778,3203,0
5777,3204,0
5777,3204,0
5777,3204,0
5777,3204,0
5778,3203,0
5778,3203,0
5777,3204,0
5780,3206,0
5776,3204,0
5781,3205,0
5776,3204,0
5776,3204,0
5773,3202,0
5775,3200,1
5674,3201,0
5672,3202,0
5669,3202,0
5667,3205,0
5660,3208,0
5653,3217,0
5650,3229,0
5646,3243,0
5648,3255,0
5651,3264,0
5658,3268,0
5666,3269,0
5673,3267,0
5682,3261,0
5684,3250,0
5691,3240,0
5694,3228,0
5692,3216,0
5687,3202,0
5684,3193,0
5682,3189,0
5680,3192,0
5679,3193,0
5684,3208,0
5692,3226,0
5698,3236,0
5710,3241,0
5722,3245,0
5725,3238,0
5735,3232,0
5745,3223,0
5754,3210,0
5764,3194,0
5772,3182,0
5779,3172,0
5781,3168,0
5783,3165,0
5785,3169,0
5781,3168,0
5782,3175,0
5786,3184,0
5787,3197,0
5787,3204,0
5789,3216,0
5787,3225,0
5784,3238,0
5776,3242,0
5776,3250,0
5770,3250,0
5769,3252,0
5770,3252,0
5777,3255,0
5788,3253,0
5801,3247,0
5822,3238,0
5841,3230,0
5860,3216,0
5880,3205,0
5890,3189,0
5894,3177,0
5895,3166,0
5886,3158,0
5878,3156,0
5858,3158,0
5845,3173,0
5834,3189,0
5832,3209,0
5837,3228,0
5849,3239,0
5873,3246,0
5892,3247,0
5922,3251,0
5949,3255,1
6206,3226,0
6206,3226,0
6207,3225,0
6207,3225,0
6207,3223,0
6204,3222,0
6208,3222,0
6208,3223,0
6208,3223,0
6208,3223,0
6210,3219,0
6224,3212,0
6232,3197,0
6244,3185,0
6254,3175,0
6256,3164,0
6260,3158,0
6261,3157,0
6257,3155,0
6259,3160,0
6252,3172,0
6247,3197,0
6249,3223,0
6259,3245,0
6273,3255,0
6286,3256,0
6307,3250,0
6320,3236,0
6336,3219,0
6342,3199,0
6348,3181,0
6348,3164,0
6352,3149,0
6353,3146,0
6353,3148,0
6355,3153,0
6355,3160,0
6360,3177,0
6360,3192,0
6364,3209,0
6363,3227,0
6357,3245,0
6349,3258,0
6343,3269,0
6342,3271,0
6341,3271,0
6349,3274,0
6360,3273,0
6373,3274,0
6390,3276,0
6402,3280,0
6413,3284,0
6423,3284,1
6252,2951,0
6252,2951,0
6254,2956,0
6253,2972,0
6245,2996,1