yourself a drink. &quot;&quot; Don&apos;t fuss,
670
839,3035,0
834,3035,0
832,3030,0
831,3034,0
829,3050,0
827,3078,0
826,3110,0
826,3142,0
833,3170,0
845,3184,0
905,3168,0
916,3148,0
921,3120,0
924,3085,0
926,3057,0
923,3037,0
917,3024,0
914,3020,0
914,3024,0
915,3040,0
915,3071,0
985,3499,0
953,3506,0
916,3505,0
881,3498,0
854,3477,0
839,3448,0
840,3408,0
856,3361,0
886,3318,1
1122,3076,0
1122,3076,0
1119,3072,0
1112,3068,0
1102,3064,0
1087,3061,0
1069,3060,0
1052,3064,0
1036,3076,0
1021,3093,0
1009,3112,0
999,3136,0
997,3163,0
1003,3183,0
1013,3192,0
1025,3196,0
1037,3192,0
1052,3180,0
1071,3156,0
1093,3125,0
1116,3088,0
1131,3064,0
1136,3056,0
1134,3048,0
1134,3052,0
1133,3056,0
1127,3080,0
1119,3108,0
1114,3136,0
1119,3156,0
1131,3172,0
1148,3180,0
1165,3180,0
1181,3175,0
1198,3162,0
1216,3137,0
1234,3109,0
1247,3080,0
1257,3059,0
1259,3047,0
1257,3043,0
1257,3043,0
1257,3047,0
1254,3064,0
1248,3088,0
1249,3119,0
1254,3144,0
1266,3163,0
1288,3177,0
1313,3180,0
1339,3177,0
1360,3163,0
1380,3150,0
1391,3133,0
1395,3107,0
1393,3080,0
1385,3057,0
1370,3030,0
1359,3015,0
1351,3004,0
1351,3004,0
1354,3003,0
1368,3006,0
1394,3011,0
1429,3016,1
1549,3018,0
1541,3016,0
1527,3010,0
1508,3008,0
1488,3011,0
1469,3013,0
1459,3019,0
1459,3035,0
1461,3043,0
1471,3059,0
1487,3072,0
1509,3081,0
1534,3094,0
1558,3102,0
1575,3111,0
1581,3118,0
1582,3127,0
1573,3128,0
1556,3139,0
1532,3138,0
1508,3142,0
1486,3141,0
1479,3134,0
1483,3126,1
1618,3076,0
1619,3079,0
1619,3079,0
1626,3082,0
1638,3071,0
1660,3055,0
1684,3034,0
1707,3012,0
1720,2993,0
1725,2980,0
1721,2968,0
1712,2962,0
1698,2965,0
1677,2978,0
1655,3003,0
1634,3035,0
1620,3066,0
1622,3091,0
1635,3105,0
1663,3115,0
1697,3108,0
1736,3092,0
1773,3076,0
1806,3050,0
1833,3023,0
1851,2989,0
1860,2953,0
1861,2920,0
1853,2897,0
1848,2887,0
1845,2883,0
1843,2883,0
1841,2896,0
1834,2923,0
1829,2962,0
1824,3001,0
1826,3033,0
1831,3061,0
1841,3078,0
1855,3091,0
1875,3098,1
2060,2914,0
2067,2904,0
2064,2884,0
2060,2872,0
2047,2852,0
2034,2840,0
2014,2834,0
1996,2832,0
1977,2838,0
1960,2852,0
1947,2878,0
1938,2910,0
1935,2944,0
1935,2978,0
1944,3013,0
1955,3042,0
1970,3076,0
1983,3105,0
1992,3123,0
1995,3131,0
1998,3134,0
1994,3131,0
1983,3122,0
1965,3106,0
1942,3083,1
1882,3009,0
1882,2997,0
1884,2992,0
1886,2988,0
1897,2989,0
1914,2992,0
1940,2992,0
1977,2994,1
2323,2978,0
2329,2967,0
2333,2955,0
2339,2944,0
2332,2930,0
2320,2926,0
2304,2929,0
2284,2943,0
2263,2969,0
2238,2993,0
2212,3020,0
2198,3042,0
2198,3055,0
2210,3064,0
2228,3057,0
2258,3045,0
2283,3021,0
2315,3004,0
2333,2978,0
2339,2953,0
2339,2940,0
2334,2934,0
2326,2933,0
2318,2945,0
2310,2970,0
2302,3001,0
2302,3030,0
2306,3051,0
2324,3069,0
2354,3078,0
2396,3077,0
2442,3069,0
2481,3049,1
2842,2958,0
2844,2958,0
2840,2951,0
2841,2950,0
2832,2942,0
2825,2942,0
2808,2937,0
2788,2941,0
2769,2957,0
2747,2975,0
2733,2993,0
2726,3016,0
2722,3026,0
2726,3037,0
2736,3042,0
2749,3043,0
2764,3034,0
2779,3016,0
2801,2989,0
2822,2958,0
2837,2920,0
2845,2886,0
2850,2859,0
2849,2836,0
2847,2823,0
2844,2819,0
2844,2820,0
2842,2831,0
2837,2858,0
2828,2893,0
2824,2933,0
2824,2970,0
2831,3004,0
2846,3027,0
2861,3037,0
2884,3041,0
2908,3035,0
2928,3018,0
2946,2996,0
2963,2976,0
2973,2959,0
2975,2953,0
2975,2953,0
2973,2955,0
2970,2962,0
2969,2976,0
2972,2994,0
2973,3007,0
2977,3014,0
2980,3017,0
2979,3013,0
2977,3004,0
2976,2992,0
2972,2975,0
2961,2953,0
2953,2934,0
2943,2917,0
2937,2906,0
2941,2904,0
2942,2904,0
2957,2903,0
2973,2901,0
2996,2905,0
3020,2908,0
3041,2907,0
3065,2910,0
3080,2909,0
3090,2912,0
3090,2912,0
3091,2916,0
3089,2922,0
3086,2934,0
3081,2953,0
3074,2967,0
3073,2978,0
3078,2989,0
3082,2992,1
3124,2856,0
3119,2849,0
3117,2846,0
3114,2844,0
3111,2841,1
3204,2870,0
3207,2872,0
3205,2874,0
3206,2883,0
3202,2897,0
3198,2915,0
3197,2936,0
3194,2953,0
3192,2965,0
3193,2974,0
3192,2980,0
3187,2978,0
3187,2978,0
3185,2970,0
3185,2955,0
3196,2931,0
3211,2900,0
3238,2874,0
3262,2854,0
3276,2849,0
3280,2850,0
3286,2861,0
3284,2878,0
3287,2901,0
3295,2926,0
3300,2942,0
3311,2953,0
3325,2958,0
3340,2955,0
3355,2943,0
3368,2918,0
3385,2888,0
3399,2848,0
3413,2811,0
3421,2781,0
3424,2757,0
3425,2741,0
3425,2735,0
3424,2736,0
3424,2741,0
3417,2764,0
3414,2798,0
3412,2832,0
3413,2869,0
3421,2905,0
3423,2929,0
3425,2948,0
3425,2958,0
3424,2960,0
3424,2959,0
3427,2952,0
3429,2934,0
3438,2910,0
3454,2881,0
3481,2856,0
3513,2833,0
3541,2818,0
3560,2812,0
3568,2815,0
3571,2818,0
3563,2825,0
3543,2839,0
3515,2859,0
3480,2885,0
3442,2907,0
3421,2925,0
3412,2933,0
3418,2943,0
3431,2948,0
3457,2948,0
3494,2941,0
3539,2934,0
3584,2931,1
3803,2949,0
3803,2949,0
3807,2951,0
3814,2951,0
3819,2951,1
4210,2577,0
4209,2577,0
4206,2580,0
4196,2593,0
4185,2614,0
4179,2629,0
4185,2639,0
4197,2644,0
4205,2633,1
4261,2567,0
4261,2567,0
4260,2570,0
4254,2585,0
4239,2603,0
4229,2622,0
4229,2642,0
4234,2649,1
4394,2610,0
4394,2610,0
4394,2610,0
4389,2616,0
4386,2627,0
4377,2640,0
4370,2655,0
4371,2668,0
4371,2674,1
4454,2610,0
4450,2608,0
4451,2613,0
4445,2622,0
4439,2637,1
4760,2645,0
4759,2641,0
4760,2639,0
4756,2638,0
4758,2642,0
4758,2658,0
4759,2683,0
4757,2715,0
4755,2752,0
4755,2788,0
4753,2816,0
4761,2840,0
4768,2852,0
4765,2856,0
4765,2855,0
4765,2849,0
4761,2827,0
4762,2792,0
4764,2746,0
4780,2704,0
4795,2659,0
4813,2616,0
4837,2589,0
4858,2577,0
4869,2577,0
4888,2589,0
4904,2616,0
4918,2654,0
4923,2697,0
4920,2745,0
4912,2786,0
4905,2818,0
4893,2842,0
4874,2861,0
4854,2870,0
4837,2871,0
4825,2868,0
4818,2858,0
4821,2846,0
4833,2830,0
4852,2809,1
5098,2683,0
5078,2678,0
5056,2676,0
5033,2682,0
5012,2693,0
4994,2712,0
4985,2741,0
4977,2767,0
4978,2795,0
4987,2811,0
4999,2821,0
5018,2823,0
5027,2815,0
5048,2799,0
5072,2769,0
5104,2734,0
5129,2702,0
5147,2681,0
5153,2671,0
5155,2669,0
5154,2671,0
5150,2677,0
5142,2704,0
5127,2736,0
5116,2760,0
5109,2779,0
5111,2789,0
5113,2794,0
5117,2796,0
5116,2790,0
5125,2775,0
5151,2743,0
5183,2708,0
5220,2676,0
5250,2657,0
5274,2649,0
5279,2648,0
5285,2654,0
5286,2675,0
5281,2707,0
5280,2739,0
5286,2760,0
5295,2777,0
5314,2783,0
5327,2785,0
5344,2781,0
5359,2764,0
5378,2741,0
5391,2703,1
5437,2533,0
5440,2517,0
5436,2509,0
5436,2508,0
5436,2509,0
5434,2513,0
5434,2537,0
5426,2568,0
5422,2608,0
5415,2652,0
5410,2701,0
5409,2741,0
5419,2766,0
5436,2775,0
5453,2778,0
5473,2768,0
5493,2751,0
5510,2729,0
5517,2700,0
5516,2678,1
5374,2628,0
5371,2625,0
5377,2624,0
5392,2620,0
5420,2612,0
5468,2599,0
5514,2581,0
5559,2568,0
5588,2555,1
5359,2475,0
5356,2462,0
5358,2459,0
5359,2465,0
5354,2482,1
5952,2527,0
5945,2512,0
5935,2497,0
5928,2484,0
5916,2472,0
5898,2463,0
5881,2462,0
5860,2470,0
5833,2487,0
5818,2518,0
5805,2553,0
5798,2595,0
5800,2640,0
5809,2685,0
5822,2728,0
5834,2765,0
5849,2796,0
5859,2819,0
5866,2830,0
5870,2832,0
5865,2825,1
5680,2637,0
5670,2629,0
5672,2627,0
5689,2629,0
5701,2623,0
5728,2617,0
5763,2608,0
5795,2598,0
5831,2591,0
5853,2582,0
5874,2577,0
5889,2573,0
5890,2570,0
5890,2571,0
5890,2572,0
5888,2574,0
5881,2579,1
5943,2599,0
5933,2591,0
5934,2590,0
5933,2592,0
5930,2598,0
5928,2620,0
5926,2649,0
5927,2675,0
5933,2699,0
5942,2715,0
5957,2721,0
5980,2721,0
6000,2708,0
6022,2690,0
6042,2661,0
6063,2627,0
6082,2598,0
6091,2579,0
6095,2572,0
6091,2569,0
6091,2569,0
6089,2575,0
6080,2603,0
6064,2634,0
6061,2660,0
6061,2675,0
6071,2684,0
6092,2685,0
6125,2673,1
6210,2543,0
6194,2538,0
6176,2540,0
6145,2548,0
6134,2564,0
6127,2578,0
6128,2594,0
6145,2615,0
6165,2627,0
6198,2642,0
6229,2651,0
6250,2664,0
6259,2674,0
6258,2683,0
6241,2692,0
6223,2701,0
6203,2706,0
6182,2712,0
6165,2710,0
6162,2707,1
6373,2571,0
6363,2564,0
6343,2560,0
6313,2557,0
6280,2560,0
6251,2567,0
6235,2575,0
6232,2579,0
6242,2587,0
6265,2594,0
6301,2602,0
6340,2606,0
6383,2616,0
6409,2625,0
6423,2636,0
6414,2644,0
6396,2656,0
6367,2668,0
6326,2682,0
6284,2694,0
6247,2705,0
6218,2712,0
6199,2714,0
6195,2714,0
6194,2714,0
6198,2714,0
6203,2714,0
6215,2716,0
6230,2706,1
6495,2620,0
6510,2618,0
6529,2615,0
6551,2615,0
6570,2621,0
6581,2634,0
6582,2653,0
6576,2675,0
6560,2699,0
6537,2721,0
6506,2741,0
6486,2755,0
6476,2766,1