a way of keeping on the
736
1509,4591,0
1505,4588,0
1503,4580,0
1498,4573,0
1492,4565,0
1486,4558,0
1478,4546,0
1467,4539,0
1451,4532,0
1436,4534,0
1412,4536,0
1386,4542,0
1360,4548,0
1342,4565,0
1327,4582,0
1313,4598,0
1307,4623,0
1300,4643,0
1301,4671,0
1310,4690,0
1322,4714,0
1336,4725,0
1356,4736,0
1377,4739,0
1396,4737,0
1415,4732,0
1431,4719,0
1442,4698,0
1447,4681,0
1450,4657,0
1447,4633,0
1447,4613,0
1446,4585,0
1443,4565,0
1442,4554,0
1439,4546,0
1438,4542,0
1440,4546,0
1441,4545,0
1442,4558,0
1449,4570,0
1455,4581,0
1462,4596,0
1471,4615,0
1480,4630,0
1486,4646,0
1493,4661,0
1497,4673,0
1500,4676,0
1504,4680,0
1507,4680,0
1510,4676,0
1512,4676,1
1854,4491,0
1851,4488,0
1852,4492,0
1851,4488,0
1850,4488,0
1854,4495,0
1857,4504,0
1860,4511,0
1867,4530,0
1873,4546,0
1884,4567,0
1890,4587,0
1903,4605,0
1908,4616,0
1915,4623,0
1922,4630,0
1920,4625,0
1921,4622,0
1921,4613,0
1918,4598,0
1915,4582,0
1915,4566,0
1913,4554,0
1914,4550,0
1914,4546,0
1915,4546,0
1914,4546,0
1918,4558,0
1925,4576,0
1931,4595,0
1946,4617,0
1961,4626,0
1978,4639,0
1992,4640,0
2001,4642,0
2006,4637,0
2011,4632,0
2016,4615,0
2022,4594,0
2026,4560,0
2032,4538,0
2038,4512,0
2038,4488,0
2040,4471,0
2039,4459,0
2037,4447,0
2036,4443,0
2038,4446,0
2037,4447,1
2193,4582,0
2196,4573,0
2199,4556,0
2204,4547,0
2203,4531,0
2203,4518,0
2199,4507,0
2194,4499,0
2188,4492,0
2176,4487,0
2162,4483,0
2149,4490,0
2133,4494,0
2118,4505,0
2108,4521,0
2103,4538,0
2101,4560,0
2101,4584,0
2104,4603,0
2115,4622,0
2127,4635,0
2144,4644,0
2161,4644,0
2178,4640,0
2193,4631,0
2204,4616,0
2213,4601,0
2217,4584,0
2217,4563,0
2218,4551,0
2217,4538,0
2214,4531,0
2210,4524,0
2210,4524,0
2211,4529,0
2210,4532,0
2214,4548,0
2220,4563,0
2229,4582,0
2237,4596,0
2246,4606,0
2254,4616,0
2262,4622,0
2266,4625,0
2271,4620,1
2291,4490,0
2286,4483,0
2288,4487,0
2289,4490,0
2289,4498,0
2291,4511,0
2296,4530,0
2304,4548,0
2316,4566,0
2332,4586,0
2350,4602,0
2367,4618,0
2383,4634,0
2396,4642,0
2405,4648,0
2411,4651,0
2413,4646,1
2533,4503,0
2534,4498,0
2536,4497,0
2538,4502,0
2536,4502,0
2531,4504,0
2524,4509,0
2514,4522,0
2500,4543,0
2482,4566,0
2461,4594,0
2434,4628,0
2410,4664,0
2388,4695,0
2374,4728,0
2364,4765,0
2355,4796,0
2347,4823,0
2347,4848,0
2340,4858,0
2341,4862,1
2907,4538,0
2905,4534,0
2904,4530,0
2900,4528,0
2890,4523,0
2874,4517,0
2856,4512,0
2838,4509,0
2819,4509,0
2798,4509,0
2779,4516,0
2758,4525,0
2740,4536,0
2729,4548,0
2726,4570,0
2726,4587,0
2733,4611,0
2743,4628,0
2760,4643,0
2784,4660,0
2808,4664,0
2832,4658,0
2859,4653,0
2881,4644,0
2897,4629,0
2909,4616,0
2919,4606,0
2919,4589,0
2916,4573,0
2907,4555,0
2895,4539,0
2882,4531,0
2866,4516,1
3221,4393,0
3221,4379,0
3221,4362,0
3218,4345,0
3209,4323,0
3197,4306,0
3182,4291,0
3164,4278,0
3143,4271,0
3119,4265,0
3095,4264,0
3066,4264,0
3045,4278,0
3021,4290,0
3004,4311,0
2988,4333,0
2982,4362,0
2977,4390,0
2980,4423,0
2983,4452,0
2988,4477,0
3001,4510,0
3013,4531,0
3028,4551,0
3042,4562,0
3050,4567,0
3057,4574,0
3057,4573,0
3054,4570,1
2914,4513,0
2910,4511,0
2911,4510,0
2913,4509,0
2914,4508,0
2924,4513,0
2938,4516,0
2956,4517,0
2975,4518,0
2996,4517,0
3021,4519,0
3045,4521,0
3066,4520,0
3090,4524,0
3107,4524,0
3119,4522,0
3129,4522,1
3574,4345,0
3567,4339,0
3569,4343,0
3568,4338,0
3568,4338,0
3570,4342,0
3569,4343,0
3568,4343,0
3576,4353,0
3577,4362,0
3577,4370,0
3581,4387,0
3583,4404,0
3584,4422,0
3587,4448,0
3592,4473,0
3593,4495,0
3597,4521,0
3600,4542,0
3605,4562,0
3608,4579,0
3612,4591,0
3614,4599,0
3617,4606,0
3615,4608,0
3616,4607,0
3617,4611,0
3615,4608,0
3616,4607,0
3617,4602,0
3618,4601,0
3614,4589,0
3616,4584,0
3614,4571,0
3615,4561,0
3617,4551,0
3619,4541,0
3621,4530,0
3627,4522,0
3636,4512,0
3646,4502,0
3662,4492,0
3676,4479,0
3686,4463,0
3699,4460,0
3704,4452,0
3704,4448,0
3707,4447,0
3706,4442,0
3708,4446,0
3707,4447,0
3703,4444,0
3704,4448,0
3701,4454,0
3694,4463,0
3686,4473,0
3675,4484,0
3664,4491,0
3654,4501,0
3649,4514,0
3643,4521,0
3641,4528,0
3643,4531,0
3648,4538,0
3658,4541,0
3668,4545,0
3680,4547,0
3694,4548,0
3713,4555,0
3731,4562,0
3748,4571,0
3766,4578,0
3783,4583,0
3800,4591,0
3812,4594,0
3815,4591,0
3816,4591,1
3819,4532,0
3822,4535,0
3828,4531,0
3844,4526,0
3856,4514,0
3872,4504,0
3884,4490,0
3893,4476,0
3906,4467,0
3911,4454,0
3911,4439,0
3911,4430,0
3909,4427,0
3901,4422,0
3887,4422,0
3867,4425,0
3839,4434,0
3812,4451,0
3790,4470,0
3769,4488,0
3754,4507,0
3751,4527,0
3755,4548,0
3764,4566,0
3780,4584,0
3801,4594,0
3829,4606,0
3855,4608,0
3890,4610,0
3918,4601,0
3945,4599,0
3965,4596,0
3976,4588,1
4003,4536,0
4003,4536,0
4005,4530,0
4019,4531,0
4027,4530,0
4034,4526,0
4044,4519,0
4052,4509,0
4069,4502,0
4080,4489,0
4086,4471,0
4090,4458,0
4088,4444,0
4084,4437,0
4073,4431,0
4058,4427,0
4038,4431,0
4011,4435,0
3988,4450,0
3970,4468,0
3957,4490,0
3948,4507,0
3949,4524,0
3950,4539,0
3965,4558,0
3983,4570,0
4003,4575,0
4029,4582,0
4061,4585,0
4087,4582,0
4114,4577,0
4138,4565,0
4155,4548,1
4172,4425,0
4170,4425,0
4170,4425,0
4169,4425,0
4170,4430,0
4172,4439,0
4178,4454,0
4182,4471,0
4189,4490,0
4197,4514,0
4204,4539,0
4216,4570,0
4226,4602,0
4234,4630,0
4244,4657,0
4256,4683,0
4263,4698,0
4267,4705,0
4267,4705,0
4265,4702,0
4262,4699,0
4257,4687,0
4249,4669,0
4239,4647,0
4229,4618,0
4225,4598,0
4216,4570,0
4210,4544,0
4205,4518,0
4204,4494,0
4205,4474,0
4205,4454,0
4212,4439,0
4219,4430,0
4227,4418,0
4240,4408,0
4264,4406,0
4289,4402,0
4315,4397,0
4341,4402,0
4366,4408,0
4386,4418,0
4404,4430,0
4417,4445,0
4423,4454,0
4428,4466,0
4428,4472,0
4424,4475,0
4422,4480,0
4416,4485,0
4401,4483,0
4385,4484,0
4368,4487,0
4355,4492,0
4339,4489,0
4330,4491,0
4326,4490,1
4500,4430,0
4503,4432,0
4500,4430,0
4503,4432,0
4503,4432,0
4502,4433,0
4503,4438,0
4505,4446,0
4507,4456,0
4511,4473,0
4517,4488,0
4517,4503,0
4526,4526,0
4526,4536,0
4529,4546,0
4531,4549,0
4531,4548,1
4511,4214,0
4509,4210,0
4512,4207,0
4512,4207,0
4514,4205,1
4592,4432,0
4593,4432,0
4592,4432,0
4591,4433,0
4596,4440,0
4599,4447,0
4605,4463,0
4611,4478,0
4616,4495,0
4623,4517,0
4625,4530,0
4628,4542,0
4632,4550,0
4635,4552,0
4635,4552,0
4633,4548,0
4630,4536,0
4629,4521,0
4624,4500,0
4627,4481,0
4630,4464,0
4632,4446,0
4637,4432,0
4641,4418,0
4649,4410,0
4661,4406,0
4674,4406,0
4683,4408,0
4695,4420,0
4700,4431,0
4704,4448,0
4705,4468,0
4707,4488,0
4707,4503,0
4713,4519,0
4714,4528,0
4720,4533,1
4907,4468,0
4914,4467,0
4916,4461,0
4918,4453,0
4912,4442,0
4911,4437,0
4903,4428,0
4894,4420,0
4880,4412,0
4871,4410,0
4852,4405,0
4837,4407,0
4816,4409,0
4799,4419,0
4779,4427,0
4768,4441,0
4761,4457,0
4758,4476,0
4758,4492,0
4768,4509,0
4781,4525,0
4795,4533,0
4809,4538,0
4825,4540,0
4838,4534,0
4854,4531,0
4863,4522,0
4871,4516,0
4876,4507,0
4880,4497,0
4880,4487,0
4882,4479,0
4885,4478,0
4881,4471,0
4877,4468,0
4875,4469,0
4873,4471,0
4873,4477,0
4872,4483,0
4876,4495,0
4880,4508,0
4891,4526,0
4895,4536,0
4907,4553,0
4916,4567,0
4929,4582,0
4939,4595,0
4949,4608,0
4957,4616,0
4961,4623,0
4967,4629,0
4968,4633,0
4966,4634,0
4962,4638,0
4951,4637,0
4936,4640,0
4920,4643,0
4898,4645,0
4876,4649,0
4850,4650,0
4821,4648,0
4796,4652,0
4770,4654,0
4742,4656,0
4715,4657,0
4688,4659,0
4663,4663,0
4640,4666,0
4621,4671,0
4608,4671,0
4602,4670,0
4603,4670,0
4611,4669,1
5380,4439,0
5376,4432,0
5372,4425,0
5359,4415,0
5346,4406,0
5330,4398,0
5309,4391,0
5285,4387,0
5261,4383,0
5237,4384,0
5211,4386,0
5186,4394,0
5163,4406,0
5149,4418,0
5139,4434,0
5135,4449,0
5138,4468,0
5148,4486,0
5163,4505,0
5181,4515,0
5204,4526,0
5296,4505,0
5314,4492,0
5323,4480,0
5327,4463,0
5327,4447,0
5320,4431,0
5314,4415,0
5304,4402,1
5418,4406,0
5417,4406,0
5417,4406,0
5414,4403,0
5418,4406,0
5419,4410,0
5421,4414,0
5424,4422,0
5429,4434,0
5433,4447,0
5436,4462,0
5436,4479,0
5440,4492,0
5442,4502,0
5446,4509,0
5454,4512,0
5453,4502,0
5542,4433,0
5545,4452,0
5549,4473,0
5550,4488,0
5549,4500,0
5552,4509,0
5553,4514,0
5552,4515,1
5757,4022,0
5759,4021,0
5763,4028,0
5761,4036,0
5761,4048,0
5763,4065,0
5765,4081,0
5811,4413,0
5815,4432,0
5821,4449,0
5832,4463,0
5836,4470,0
5833,4467,0
5834,4466,1
5733,4316,0
5731,4317,0
5731,4317,0
5735,4319,0
5744,4320,0
5756,4319,0
5767,4318,0
5783,4319,0
5800,4318,0
5817,4316,0
5831,4318,0
5840,4314,0
5847,4306,1
5854,4092,0
5854,4094,0
5853,4094,0
5854,4099,0
5856,4111,0
5856,4123,0
5858,4140,0
5859,4157,0
5864,4176,0
5864,4200,0
5868,4226,0
5870,4255,0
5873,4283,0
5881,4310,0
5892,4333,0
5902,4358,0
5921,4416,0
5922,4427,0
5928,4425,0
5928,4420,0
5929,4406,0
5935,4358,0
5940,4339,0
5949,4323,0
5956,4309,0
5962,4296,0
5969,4287,0
5976,4285,0
5984,4287,0
5991,4290,0
6001,4298,0
6015,4311,0
6140,4474,0
6150,4462,0
6160,4451,0
6172,4436,0
6182,4420,0
6181,4395,0
6182,4374,0
6177,4355,0
6174,4340,0
6164,4321,0
6131,4311,0
6130,4319,0
6125,4331,0
6119,4343,0
6122,4365,0
6124,4383,0
6134,4408,0
6150,4419,0
6167,4436,0
6189,4448,0
6213,4456,0
6239,4457,0
6283,4453,0
6324,4441,0
6344,4430,0
6368,4411,0
6375,4410,1