chains. They said no, all
792
1455,2851,0
1454,2851,0
1451,2851,0
1447,2852,0
1443,2849,0
1440,2849,0
1435,2845,0
1430,2846,0
1421,2847,0
1409,2844,0
1396,2847,0
1382,2852,0
1363,2858,0
1339,2869,0
1318,2886,0
1298,2900,0
1279,2918,0
1266,2942,0
1255,2959,0
1249,2983,0
1249,3004,0
1254,3023,0
1264,3038,0
1279,3054,0
1298,3064,0
1324,3070,0
1355,3076,0
1391,3072,0
1430,3064,0
1474,3054,0
1515,3044,0
1552,3038,0
1582,3033,1
1750,2908,0
1749,2904,0
1746,2901,0
1739,2890,0
1736,2887,0
1727,2876,0
1718,2870,0
1705,2866,0
1690,2861,0
1674,2864,0
1654,2864,0
1635,2872,0
1614,2881,0
1594,2893,0
1578,2903,0
1568,2917,0
1561,2931,0
1556,2943,0
1556,2960,0
1561,2980,0
1569,2999,0
1576,3006,0
1587,3012,0
1599,3013,0
1611,3011,0
1621,3006,0
1628,3004,0
1631,3004,0
1631,3004,0
1630,3004,0
1631,3008,0
1628,3004,0
1628,3004,0
1629,3008,0
1629,3008,0
1627,3004,0
1629,3008,0
1627,3004,0
1629,3008,0
1629,3008,0
1628,3008,0
1628,3008,0
1631,3012,0
1628,3008,0
1630,3011,0
1628,3008,0
1628,3008,0
1629,3008,0
1629,3008,0
1629,3008,0
1629,3008,0
1631,3012,0
1628,3008,0
1627,3008,0
1627,3008,0
1628,3013,0
1628,3012,0
1627,3008,0
1627,3008,0
1629,3012,0
1627,3008,0
1627,3008,0
1627,3008,0
1627,3008,0
1626,3008,0
1628,3012,0
1626,3008,0
1626,3008,0
1626,3008,0
1627,3008,0
1626,3008,0
1628,3012,0
1626,3008,0
1626,3008,0
1626,3012,0
1624,3008,0
1623,3009,0
1623,3009,0
1623,3009,0
1624,3013,0
1620,3010,0
1616,3006,0
1614,3007,0
1611,3004,0
1607,3000,0
1603,2997,0
1602,2997,0
1599,2993,0
1598,2994,0
1596,2990,0
1596,2990,0
1597,2989,0
1596,2986,1
1763,2905,0
1761,2901,0
1761,2902,0
1760,2901,0
1759,2902,0
1758,2902,0
1754,2898,0
1750,2895,0
1744,2893,0
1738,2890,0
1730,2888,0
1718,2883,0
1705,2881,0
1688,2877,0
1673,2881,0
1659,2883,0
1646,2886,0
1635,2888,0
1627,2894,0
1619,2904,0
1610,2918,0
1602,2936,0
1596,2958,0
1592,2975,0
1590,2991,0
1592,3011,0
1596,3027,0
1602,3037,0
1610,3044,0
1619,3046,0
1633,3047,0
1650,3045,0
1671,3037,0
1691,3023,0
1708,3004,0
1720,2989,0
1728,2967,0
1734,2948,0
1738,2931,0
1742,2918,0
1739,2902,0
1734,2891,0
1729,2888,0
1722,2886,0
1720,2890,0
1718,2895,0
1715,2900,0
1713,2912,0
1716,2932,0
1721,2955,0
1727,2979,0
1736,3001,0
1744,3021,0
1754,3038,0
1763,3049,0
1770,3055,0
1778,3062,0
1780,3061,0
1781,3057,0
1781,3048,0
1785,3043,1
1870,2888,0
1867,2885,0
1864,2882,0
1861,2878,0
1862,2882,0
1862,2883,0
1862,2886,0
1865,2894,0
1871,2913,0
1876,2932,0
1884,2959,0
1893,2986,0
1899,3009,0
1903,3024,0
1911,3039,0
1913,3042,0
1915,3046,0
1913,3038,0
1913,3034,0
1911,3018,0
1906,2994,0
1903,2970,0
1905,2948,0
1906,2927,0
1909,2906,0
1915,2891,0
1923,2881,0
1929,2866,0
1942,2862,0
1958,2861,0
1977,2864,0
1998,2873,0
2018,2888,0
2036,2911,0
2044,2934,0
2049,2961,0
2053,2985,0
2058,3004,0
2066,3019,0
2073,3029,0
2082,3038,0
2089,3045,0
2094,3052,0
2093,3056,1
2260,3022,0
2254,3021,0
2255,3020,0
2255,3020,0
2252,3017,0
2251,3017,0
2250,3018,0
2249,3018,0
2249,3018,0
2247,3015,0
2249,3018,0
2249,3018,0
2249,3018,0
2248,3018,0
2246,3015,0
2247,3019,0
2245,3016,1
2639,2618,0
2639,2618,0
2639,2618,0
2636,2616,0
2634,2618,0
2634,2618,0
2632,2618,0
2632,2618,0
2632,2619,0
2631,2620,0
2635,2627,0
2634,2632,0
2636,2644,0
2637,2663,0
2638,2690,0
2645,2729,0
2648,2768,0
2651,2808,0
2654,2848,0
2663,2890,0
2669,2924,0
2675,2952,0
2680,2972,0
2680,2982,0
2678,2983,0
2677,2984,0
2668,2975,0
2658,2962,0
2647,2940,1
2523,2610,0
2523,2610,0
2521,2607,0
2524,2609,0
2528,2613,0
2530,2610,0
2536,2611,0
2545,2610,0
2562,2610,0
2586,2610,0
2609,2605,0
2642,2603,0
2673,2598,0
2706,2594,0
2741,2595,0
2770,2594,0
2791,2599,1
2835,2603,0
2835,2603,0
2834,2603,0
2837,2606,0
2836,2607,0
2835,2607,0
2834,2608,0
2832,2609,0
2835,2613,0
2834,2613,0
2835,2617,0
2838,2625,0
2844,2635,0
2847,2643,0
2850,2651,0
2847,2652,0
2852,2659,0
2850,2665,0
2855,2677,0
2856,2690,0
2862,2711,0
2868,2736,0
2871,2762,0
2871,2787,0
2876,2813,0
2877,2832,0
2878,2844,0
2882,2856,0
2885,2865,0
2885,2869,0
2885,2869,0
2883,2865,0
2883,2856,0
2885,2844,0
2886,2825,0
2890,2803,0
2895,2779,0
2905,2759,0
2915,2741,0
2927,2728,0
2938,2719,0
2947,2714,0
2958,2715,0
2966,2720,0
2972,2729,0
2982,2748,0
2991,2766,0
3000,2789,0
3009,2817,0
3017,2846,0
3023,2876,0
3028,2897,0
3039,2919,0
3054,2932,0
3069,2937,0
3081,2933,0
3095,2927,0
3108,2917,0
3117,2901,0
3133,2884,0
3144,2860,0
3159,2840,0
3174,2818,0
3183,2794,0
3192,2777,0
3199,2767,0
3198,2757,0
3195,2754,0
3185,2752,0
3169,2749,0
3160,2757,0
3149,2766,0
3139,2779,0
3127,2798,0
3115,2823,0
3112,2855,0
3112,2880,0
3116,2897,0
3135,2913,0
3157,2921,0
3183,2922,0
3220,2923,0
3252,2919,0
3286,2918,0
3312,2912,0
3333,2905,0
3351,2905,0
3359,2898,0
3368,2896,1
3300,2740,0
3293,2734,0
3290,2731,0
3289,2732,0
3288,2733,0
3295,2743,0
3301,2754,0
3310,2768,0
3322,2784,0
3329,2799,0
3340,2815,0
3358,2837,0
3375,2854,0
3392,2871,0
3407,2884,0
3415,2893,0
3420,2900,0
3422,2903,0
3420,2905,0
3412,2900,0
3414,2895,1
3544,2744,0
3552,2731,0
3563,2720,0
3563,2708,0
3568,2705,0
3568,2704,0
3568,2705,0
3566,2707,0
3560,2706,0
3558,2708,0
3554,2712,0
3547,2719,0
3537,2729,0
3526,2740,0
3513,2757,0
3496,2778,0
3476,2803,0
3451,2830,0
3429,2865,0
3409,2898,0
3392,2934,0
3372,2972,0
3345,3008,0
3322,3041,0
3310,3066,0
3305,3079,0
3303,3082,0
3303,3082,0
3306,3084,1
4147,2675,0
4144,2672,0
4146,2670,0
4140,2665,0
4137,2662,0
4128,2659,0
4120,2656,0
4106,2654,0
4091,2654,0
4073,2657,0
4053,2663,0
4032,2668,0
4016,2675,0
3998,2684,0
3988,2695,0
3982,2708,0
3983,2720,0
3981,2728,0
3993,2738,0
4011,2748,0
4037,2755,0
4068,2762,0
4094,2768,0
4119,2776,0
4138,2785,0
4151,2794,0
4160,2801,0
4164,2809,0
4160,2814,0
4159,2821,0
4150,2826,0
4127,2828,0
4104,2831,0
4078,2835,0
4046,2835,0
4012,2836,0
3974,2838,0
3940,2844,0
3909,2847,0
3889,2852,0
3877,2852,0
3877,2853,0
3877,2852,0
3884,2852,0
3901,2850,1
4355,2696,0
4352,2692,0
4350,2689,0
4348,2685,0
4342,2679,0
4336,2674,0
4336,2674,0
4326,2667,0
4315,2662,0
4305,2662,0
4290,2662,0
4271,2666,0
4252,2678,0
4232,2690,0
4215,2704,0
4203,2719,0
4192,2738,0
4183,2756,0
4179,2774,0
4181,2789,0
4186,2802,0
4199,2811,0
4217,2813,0
4240,2813,0
4266,2808,0
4292,2800,0
4311,2789,0
4328,2780,0
4341,2772,0
4345,2759,0
4345,2746,0
4343,2730,0
4343,2718,0
4339,2709,0
4336,2707,0
4336,2708,0
4338,2712,0
4336,2713,0
4336,2720,0
4333,2730,0
4338,2750,0
4343,2768,0
4343,2782,0
4349,2794,0
4356,2803,0
4362,2809,0
4365,2811,0
4367,2810,0
4369,2807,1
4438,2679,0
4431,2675,0
4433,2673,0
4432,2673,0
4433,2673,0
4430,2675,0
4431,2682,0
4432,2694,0
4431,2709,0
4433,2732,0
4435,2755,0
4434,2777,0
4437,2791,0
4442,2800,0
4447,2804,0
4448,2803,0
4451,2801,1
4420,2499,0
4420,2492,0
4418,2487,0
4419,2486,0
4422,2488,1
4637,2712,0
4638,2709,0
4640,2707,0
4638,2702,0
4634,2695,0
4632,2692,0
4627,2685,0
4620,2680,0
4609,2675,0
4598,2671,0
4586,2667,0
4570,2668,0
4552,2673,0
4539,2683,0
4520,2696,0
4507,2714,0
4502,2740,0
4496,2761,0
4499,2784,0
4505,2801,0
4517,2814,0
4531,2821,0
4550,2823,0
4570,2816,0
4596,2808,0
4613,2792,0
4634,2770,0
4644,2743,0
4657,2719,0
4655,2692,0
4659,2666,0
4653,2634,0
4648,2605,0
4645,2581,0
4638,2555,0
4634,2533,0
4631,2516,0
4622,2501,0
4620,2496,0
4620,2495,0
4620,2495,0
4623,2499,0
4625,2510,0
4632,2529,0
4634,2554,0
4641,2588,0
4644,2625,0
4646,2663,0
4651,2700,0
4654,2729,0
4666,2754,0
4668,2772,0
4673,2784,0
4676,2794,0
4683,2799,0
4686,2800,0
4691,2794,1
4951,2588,0
4947,2586,0
4946,2586,0
4943,2586,0
4946,2589,0
4944,2590,0
4945,2598,0
4947,2608,0
4949,2621,0
4946,2639,0
4952,2660,0
4950,2679,0
4953,2695,0
4956,2706,0
4956,2712,0
4956,2712,0
4957,2712,0
4958,2711,0
4961,2707,0
4956,2690,0
4963,2673,0
4968,2651,0
4977,2630,0
4980,2610,0
4996,2599,0
5006,2590,0
5016,2587,0
5022,2586,0
5029,2590,0
5038,2600,0
5050,2618,0
5047,2637,0
5055,2663,0
5057,2683,0
5059,2702,0
5057,2712,0
5058,2718,0
5057,2719,0
5065,2721,0
5059,2715,0
5067,2710,1
5238,2654,0
5243,2648,0
5245,2642,0
5247,2632,0
5248,2623,0
5244,2614,0
5235,2605,0
5219,2593,0
5204,2586,0
5183,2584,0
5156,2580,0
5135,2586,0
5115,2596,0
5105,2611,0
5091,2634,0
5087,2665,0
5091,2688,0
5100,2704,0
5119,2718,0
5148,2724,0
5172,2724,0
5200,2717,0
5224,2709,0
5246,2695,0
5260,2680,0
5265,2666,0
5268,2651,0
5272,2637,0
5262,2621,0
5252,2608,0
5240,2595,0
5219,2584,0
5208,2579,1
5383,2709,0
5383,2709,0
5379,2707,0
5379,2707,0
5378,2707,0
5377,2710,0
5380,2721,0
5379,2739,0
5381,2758,0
5383,2779,0
5391,2796,0
5395,2812,0
5402,2824,0
5406,2832,0
5408,2836,0
5412,2840,0
5405,2835,1
5791,2598,0
5788,2588,0
5783,2579,0
5779,2569,0
5771,2560,0
5754,2548,0
5735,2542,0
5710,2537,0
5686,2540,0
5662,2544,0
5639,2552,0
5619,2564,0
5607,2577,0
5598,2596,0
5595,2618,0
5600,2642,0
5604,2660,0
5623,2676,0
5646,2685,0
5672,2685,0
5707,2680,0
5723,2666,0
5744,2653,0
5758,2636,0
5765,2613,0
5771,2593,0
5767,2574,0
5764,2563,0
5766,2560,0
5762,2558,0
5762,2559,0
5758,2565,0
5761,2586,0
5757,2610,0
5757,2637,0
5759,2659,0
5760,2673,0
5765,2681,0
5771,2686,0
5771,2686,0
5776,2679,1
5896,2345,0
5897,2342,0
5897,2343,0
5900,2344,0
5896,2344,0
5895,2346,0
5898,2349,0
5902,2352,0
5897,2362,0
5902,2372,0
5904,2386,0
5901,2401,0
5904,2422,0
5902,2447,0
5899,2470,0
5902,2500,0
5908,2527,0
5910,2549,0
5909,2568,0
5919,2585,0
5922,2596,0
5923,2602,0
5927,2606,0
5932,2612,0
5933,2611,1
5986,2329,0
5991,2328,0
5988,2326,0
5987,2326,0
5987,2328,0
5984,2334,0
5984,2345,0
5981,2359,0
5985,2371,0
5983,2386,0
5984,2403,0
5979,2424,0
5976,2447,0
5981,2475,0
5982,2501,0
5984,2525,0
5986,2546,0
5990,2567,0
5998,2587,0
6003,2605,0
6008,2621,0
6010,2634,0
6013,2647,0
6015,2652,0
6016,2658,0
6020,2660,0
6019,2662,0
6022,2663,0
6019,2662,1