very simple. He wanted me to act. The
761
499,2374,0
492,2380,0
489,2380,0
489,2380,0
492,2392,0
497,2410,0
504,2441,0
512,2480,0
521,2520,0
524,2553,0
527,2570,0
528,2570,0
530,2570,0
531,2550,0
535,2519,0
538,2478,0
542,2438,0
545,2410,0
549,2383,0
549,2370,0
547,2374,1
582,2501,0
583,2500,0
592,2511,0
603,2504,0
614,2499,0
626,2477,0
636,2458,0
644,2435,0
647,2408,0
646,2391,0
643,2378,0
637,2376,0
629,2379,0
619,2398,0
610,2429,0
608,2465,0
613,2502,0
623,2533,0
637,2552,0
648,2550,0
659,2544,0
670,2517,0
679,2486,0
686,2455,0
690,2424,0
692,2412,0
694,2416,0
696,2432,0
699,2466,0
702,2495,0
706,2511,0
713,2528,0
717,2528,0
723,2522,0
731,2503,0
738,2471,0
745,2437,0
754,2401,0
763,2382,0
769,2376,0
776,2388,1
809,2384,0
807,2372,0
808,2376,0
808,2376,0
808,2380,0
813,2409,0
816,2438,0
825,2470,0
835,2492,1
912,2359,0
913,2358,0
914,2367,0
913,2386,0
907,2418,0
897,2450,0
886,2492,0
872,2543,0
856,2603,0
843,2657,0
832,2701,0
829,2717,0
834,2717,1
1180,2318,0
1172,2318,0
1160,2319,0
1146,2328,0
1125,2344,0
1105,2360,0
1085,2373,0
1069,2388,0
1060,2405,0
1061,2417,0
1070,2429,0
1088,2441,0
1105,2453,0
1121,2464,0
1134,2473,0
1145,2484,0
1148,2492,0
1148,2495,0
1140,2500,0
1129,2509,0
1114,2516,0
1100,2525,0
1087,2529,0
1079,2533,0
1076,2528,1
1211,2349,0
1202,2362,0
1197,2393,0
1192,2417,0
1186,2434,0
1184,2454,0
1183,2463,0
1184,2462,0
1184,2458,1
1184,2251,0
1183,2251,0
1181,2250,0
1180,2251,0
1180,2255,1
1261,2341,0
1259,2345,0
1256,2362,0
1258,2393,0
1257,2422,0
1257,2450,0
1258,2474,0
1261,2485,0
1264,2485,1
1301,2377,0
1313,2368,0
1317,2360,0
1325,2367,0
1332,2379,0
1340,2402,0
1345,2425,0
1348,2441,0
1353,2453,0
1360,2456,0
1369,2451,0
1380,2433,1
1409,2372,0
1414,2376,0
1415,2375,0
1418,2391,0
1421,2419,0
1422,2443,0
1423,2456,0
1431,2470,1
1478,2360,0
1478,2364,0
1480,2389,0
1486,2420,0
1488,2449,0
1494,2484,0
1496,2512,0
1499,2540,0
1500,2560,0
1502,2572,0
1504,2576,0
1503,2572,0
1503,2567,0
1498,2548,0
1492,2513,0
1487,2473,0
1486,2433,0
1492,2403,0
1498,2369,0
1510,2359,0
1520,2353,0
1537,2357,0
1552,2362,0
1559,2369,0
1564,2388,0
1562,2409,0
1558,2435,0
1553,2456,0
1545,2470,0
1538,2480,0
1534,2485,0
1532,2477,0
1537,2460,1
1636,2227,0
1635,2231,0
1635,2252,0
1635,2285,0
1636,2326,0
1635,2368,0
1631,2410,0
1626,2444,0
1626,2469,0
1629,2476,0
1637,2478,0
1645,2473,0
1657,2461,1
1689,2399,0
1686,2408,0
1686,2420,0
1690,2437,0
1695,2443,0
1705,2444,0
1718,2441,0
1734,2432,0
1751,2419,0
1765,2398,0
1778,2377,0
1790,2360,0
1798,2341,0
1795,2326,0
1789,2323,0
1780,2330,0
1761,2340,0
1740,2368,0
1722,2393,0
1713,2413,0
1718,2428,0
1740,2439,0
1778,2436,0
1823,2412,0
1867,2398,1
1978,2437,0
1981,2441,0
1983,2440,0
1979,2433,0
1981,2437,0
1979,2433,0
1979,2433,0
1981,2436,0
1977,2434,1
2182,2138,0
2176,2137,0
2174,2137,0
2174,2138,0
2174,2142,0
2174,2152,0
2177,2173,0
2180,2207,0
2187,2253,0
2188,2297,0
2196,2347,0
2195,2388,0
2198,2432,0
2198,2468,0
2199,2493,0
2200,2506,0
2203,2504,1
2260,2157,0
2251,2153,0
2249,2154,0
2248,2156,0
2248,2159,0
2249,2169,0
2252,2194,0
2258,2233,0
2263,2271,0
2268,2314,0
2269,2354,0
2272,2393,0
2275,2428,0
2278,2449,0
2275,2451,0
2276,2450,0
2269,2432,1
2180,2311,0
2181,2314,0
2180,2311,0
2188,2311,0
2206,2311,0
2231,2307,0
2258,2305,0
2278,2304,0
2295,2308,1
2323,2374,0
2323,2374,0
2335,2377,0
2354,2381,0
2369,2371,0
2389,2359,0
2402,2338,0
2414,2316,0
2418,2295,0
2416,2282,0
2407,2278,0
2388,2281,0
2369,2297,0
2348,2318,0
2339,2352,0
2339,2388,0
2346,2421,0
2367,2442,0
2395,2444,0
2421,2434,0
2448,2418,1
2649,2292,0
2651,2291,0
2651,2292,0
2649,2292,0
2651,2296,0
2649,2312,0
2651,2340,0
2656,2367,0
2661,2387,0
2675,2407,0
2685,2410,0
2697,2406,0
2707,2393,0
2721,2379,0
2729,2358,0
2735,2343,0
2737,2341,0
2737,2341,0
2747,2359,0
2753,2384,0
2767,2409,0
2775,2417,0
2786,2420,0
2802,2417,0
2814,2403,0
2828,2381,0
2836,2350,0
2844,2313,0
2847,2274,0
2842,2252,0
2835,2253,0
2823,2258,0
2812,2277,1
2957,2280,0
2956,2275,0
2950,2264,0
2944,2258,0
2932,2259,0
2914,2269,0
2897,2294,0
2888,2329,0
2883,2363,0
2885,2388,0
2893,2397,0
2907,2396,0
2920,2384,0
2936,2362,0
2947,2330,0
2960,2303,0
2968,2280,0
2972,2272,0
2970,2273,0
2974,2280,0
2976,2306,0
2976,2342,0
2980,2376,0
2982,2396,0
2988,2411,1
3056,2270,0
3052,2285,0
3053,2316,0
3052,2350,0
3057,2377,0
3059,2386,0
3059,2386,0
3063,2383,0
3070,2371,0
3074,2346,0
3082,2317,0
3092,2297,0
3100,2289,0
3112,2289,0
3122,2289,0
3134,2294,0
3143,2303,0
3152,2322,0
3156,2347,0
3157,2372,0
3160,2392,0
3162,2401,0
3168,2400,0
3180,2389,0
3192,2362,1
3195,2101,0
3194,2102,0
3195,2106,0
3199,2125,0
3204,2156,0
3209,2198,0
3209,2248,0
3213,2297,0
3218,2337,0
3217,2359,0
3221,2371,0
3226,2373,0
3233,2367,1
3204,2322,0
3197,2329,0
3204,2340,0
3214,2351,0
3233,2361,0
3252,2365,0
3276,2369,0
3295,2362,0
3318,2348,0
3339,2328,0
3355,2304,0
3372,2280,0
3382,2257,0
3383,2238,0
3380,2235,0
3368,2237,0
3347,2248,0
3325,2272,0
3306,2298,0
3298,2328,0
3301,2355,0
3313,2366,0
3336,2364,0
3360,2357,0
3381,2347,1
3491,2273,0
3493,2271,0
3492,2260,0
3486,2250,0
3478,2246,0
3473,2246,0
3460,2248,0
3443,2256,0
3426,2274,0
3419,2294,0
3421,2316,0
3424,2330,0
3434,2337,0
3445,2338,0
3459,2333,0
3472,2325,0
3486,2309,0
3502,2286,0
3513,2253,0
3527,2218,0
3535,2185,0
3536,2164,0
3539,2162,0
3536,2159,0
3537,2151,0
3539,2147,0
3536,2145,0
3539,2147,0
3539,2148,0
3537,2150,0
3537,2151,0
3536,2152,0
3539,2154,0
3539,2154,0
3539,2154,0
3535,2152,0
3535,2152,0
3539,2154,0
3539,2154,0
3539,2154,0
3539,2154,0
3538,2155,0
3539,2159,0
3535,2178,0
3535,2204,0
3536,2239,0
3535,2278,0
3539,2310,0
3547,2338,0
3551,2357,0
3561,2376,0
3562,2387,0
3560,2389,1
3813,2219,0
3816,2215,0
3813,2205,0
3814,2205,0
3812,2207,0
3802,2213,0
3796,2235,0
3790,2268,0
3788,2304,0
3782,2331,0
3783,2348,0
3785,2352,0
3785,2352,0
3785,2347,0
3790,2333,0
3797,2305,0
3805,2269,0
3817,2241,0
3824,2224,0
3834,2224,0
3844,2231,0
3853,2246,0
3859,2278,0
3863,2312,0
3864,2337,0
3870,2348,0
3875,2349,0
3882,2346,0
3895,2328,0
3911,2296,0
3925,2261,0
3939,2238,0
3946,2234,0
3945,2236,0
3946,2255,0
3940,2289,0
3937,2328,0
3940,2350,0
3954,2364,0
3966,2368,0
3984,2364,0
4004,2351,0
4024,2330,0
4044,2304,0
4065,2274,0
4080,2245,0
4091,2222,0
4093,2212,0
4092,2214,0
4082,2215,0
4066,2222,0
4055,2246,0
4041,2273,0
4034,2304,0
4035,2335,0
4047,2353,0
4082,2359,0
4128,2350,0
4176,2331,0
4215,2317,0
4248,2305,1
4358,2083,0
4358,2083,0
4359,2082,0
4358,2084,0
4363,2092,0
4365,2112,0
4369,2144,0
4369,2183,0
4373,2222,0
4377,2260,0
4379,2287,0
4381,2306,0
4390,2321,0
4391,2328,0
4397,2333,0
4393,2333,0
4385,2329,1
4310,2247,0
4303,2243,0
4301,2239,0
4302,2236,0
4310,2231,0
4325,2222,0
4352,2216,0
4377,2209,0
4408,2205,0
4435,2204,0
4460,2202,0
4485,2200,0
4505,2198,0
4517,2193,0
4529,2188,0
4545,2185,0
4553,2178,0
4557,2173,0
4553,2169,0
4551,2166,0
4541,2161,0
4527,2159,0
4508,2159,0
4490,2167,0
4476,2183,0
4457,2207,0
4446,2233,0
4439,2259,0
4446,2278,0
4461,2293,0
4483,2302,0
4506,2303,0
4533,2297,0
4562,2288,0
4585,2273,0
4608,2259,0
4619,2239,0
4620,2222,0
4607,2205,0
4582,2193,0
4560,2191,0
4534,2194,0
4536,2201,0
4542,2205,1
4871,2191,1
4845,2154,0
4829,2149,0
4809,2154,0
4782,2170,0
4759,2195,0
4739,2222,0
4735,2246,0
4735,2263,0
4742,2273,0
4754,2277,0
4768,2270,0
4791,2261,0
4815,2244,0
4832,2222,0
4849,2198,0
4859,2179,0
4867,2174,0
4862,2174,0
4862,2174,0
4861,2176,0
4864,2188,0
4866,2215,0
4869,2246,0
4874,2277,0
4883,2295,0
4891,2305,0
4898,2310,0
4910,2312,1
5049,2169,0
5044,2162,0
5043,2153,0
5033,2148,0
5020,2147,0
4999,2153,0
4981,2170,0
4960,2194,0
4942,2219,0
4941,2246,0
4946,2271,0
4961,2285,0
4977,2288,0
4998,2285,0
5025,2276,0
5051,2261,0
5072,2247,1
5175,2036,0
5172,2034,0
5175,2035,0
5175,2036,0
5175,2047,0
5171,2073,0
5168,2107,0
5164,2144,0
5156,2177,0
5161,2205,0
5165,2224,0
5176,2238,0
5181,2246,0
5187,2251,0
5190,2253,0
5187,2251,0
5180,2245,1
5110,2154,0
5116,2152,0
5136,2147,0
5157,2140,0
5181,2137,1
5289,2253,0
5288,2255,0
5289,2254,0
5293,2254,0
5289,2252,0
5285,2251,0
5286,2250,0
5283,2247,0
5274,2246,1
5585,1993,1
5590,1983,0
5589,1983,0
5590,1983,0
5588,1988,0
5589,2005,0
5591,2031,0
5595,2064,0
5590,2105,0
5593,2151,0
5587,2192,0
5588,2230,0
5581,2265,0
5580,2294,0
5576,2310,0
5574,2315,0
5574,2315,1
5512,2004,0
5512,2002,0
5512,2002,0
5513,2000,0
5521,2002,0
5535,2002,0
5552,2000,0
5571,1995,0
5598,1994,0
5627,1988,0
5655,1981,0
5680,1973,0
5703,1967,0
5722,1964,0
5730,1964,0
5734,1966,0
5729,1968,1
5742,1920,0
5746,1923,0
5745,1923,0
5746,1934,0
5748,1952,0
5747,1976,0
5747,2010,0
5744,2051,0
5735,2090,0
5733,2130,0
5731,2164,0
5732,2191,0
5734,2206,0
5734,2207,0
5735,2205,0
5740,2191,0
5752,2166,0
5769,2135,0
5790,2105,0
5819,2079,0
5849,2056,0
5869,2047,0
5887,2046,0
5906,2053,0
5911,2062,0
5916,2082,0
5914,2110,0
5909,2143,0
5902,2181,0
5894,2209,0
5891,2226,0
5896,2236,0
5900,2236,1
5907,2198,0
5907,2200,0
5916,2209,0
5927,2214,0
5948,2214,0
5969,2207,0
5987,2195,0
6006,2178,0
6024,2158,0
6046,2133,0
6057,2106,0
6064,2087,0
6063,2077,0
6056,2075,0
6039,2073,0
6018,2086,0
5997,2106,0
5979,2129,0
5968,2156,0
5967,2183,0
5976,2202,0
5993,2222,0
6008,2238,0
6037,2251,0
6081,2249,1