succeeded in forgetting
601
1206,3398,0
1199,3395,0
1192,3391,0
1179,3387,0
1163,3388,0
1142,3400,0
1090,3477,0
1103,3484,0
1125,3496,0
1153,3500,0
1182,3507,0
1209,3522,0
1230,3533,0
1232,3554,0
1227,3581,0
1211,3607,0
1186,3631,0
1153,3652,0
1120,3668,0
1090,3673,0
1066,3672,0
1050,3660,0
1042,3644,0
1045,3629,0
1059,3608,1
1331,3419,0
1330,3427,0
1327,3436,0
1325,3452,0
1324,3476,0
1324,3504,0
1327,3535,0
1331,3563,0
1337,3587,0
1348,3610,0
1359,3626,0
1371,3632,0
1387,3635,0
1402,3629,0
1418,3616,0
1434,3595,0
1449,3568,0
1464,3539,0
1479,3505,0
1493,3474,0
1501,3454,0
1503,3445,0
1503,3450,0
1501,3450,0
1499,3462,0
1496,3486,0
1487,3516,0
1485,3552,0
1486,3585,0
1491,3608,0
1498,3624,0
1507,3635,0
1512,3633,1
1813,3452,0
1809,3448,0
1805,3450,0
1791,3444,0
1774,3448,0
1748,3453,0
1722,3471,0
1715,3638,0
1748,3637,0
1782,3630,0
1815,3619,0
1845,3600,1
2042,3467,0
2044,3458,0
2040,3451,0
2032,3449,0
2018,3449,0
1996,3451,0
1973,3466,0
1946,3486,0
1923,3512,0
1908,3541,0
1896,3563,0
1899,3588,0
1908,3610,0
1921,3619,0
1946,3634,0
1973,3639,0
2006,3639,0
2040,3638,0
2067,3630,0
2089,3624,0
2103,3620,1
2170,3544,0
2176,3547,0
2190,3547,0
2210,3540,0
2294,3510,0
2321,3497,0
2340,3485,0
2351,3472,0
2356,3466,0
2353,3459,0
2342,3450,0
2326,3452,0
2301,3457,0
2270,3468,0
2239,3484,0
2207,3503,0
2147,3564,0
2143,3578,0
2155,3596,0
2175,3610,0
2206,3621,0
2244,3626,0
2282,3626,0
2322,3624,0
2356,3616,0
2387,3609,0
2415,3602,1
2444,3560,0
2448,3563,0
2458,3568,0
2470,3567,0
2490,3564,0
2514,3554,0
2540,3538,0
2564,3523,0
2586,3509,0
2602,3497,0
2610,3485,0
2608,3472,0
2601,3463,0
2585,3456,0
2562,3454,0
2536,3461,0
2507,3474,0
2481,3493,0
2456,3513,0
2439,3537,0
2430,3561,0
2433,3583,0
2444,3600,0
2468,3616,0
2495,3622,0
2527,3621,0
2566,3622,0
2603,3615,0
2642,3611,1
2860,3485,0
2855,3474,0
2848,3465,0
2839,3460,0
2827,3457,0
2807,3455,0
2784,3462,0
2760,3479,0
2732,3501,0
2712,3534,0
2695,3560,0
2690,3592,0
2694,3617,0
2705,3638,0
2725,3651,0
2747,3655,0
2773,3651,0
2798,3639,0
2822,3622,0
2845,3602,0
2861,3571,0
2873,3537,0
2881,3506,0
2882,3473,0
2881,3447,0
2879,3425,0
2878,3412,0
2876,3404,0
2873,3401,0
2874,3404,0
2873,3414,0
2871,3438,0
2871,3470,0
2871,3502,0
2874,3532,0
2877,3557,0
2883,3582,0
2888,3597,0
2895,3607,0
2908,3614,0
2919,3608,1
2975,3531,0
2980,3534,0
2980,3529,0
2993,3530,0
3011,3525,0
3035,3515,0
3059,3501,0
3082,3488,0
3103,3479,0
3117,3471,0
3120,3460,0
3122,3454,0
3115,3449,0
3100,3444,0
3078,3443,0
3057,3451,0
3031,3462,0
3006,3472,0
2988,3487,0
2979,3506,0
2973,3523,0
2976,3544,0
2982,3559,0
2999,3578,0
3021,3592,0
3045,3597,0
3076,3602,0
3107,3599,0
3138,3589,1
3340,3465,0
3331,3461,0
3323,3456,0
3315,3457,0
3301,3457,0
3284,3459,0
3261,3465,0
3241,3477,0
3216,3489,0
3202,3513,0
3185,3532,0
3180,3554,0
3177,3575,0
3184,3594,0
3196,3606,0
3216,3617,0
3238,3617,0
3262,3612,0
3288,3604,0
3311,3590,0
3331,3571,0
3342,3544,0
3356,3520,0
3362,3492,0
3368,3469,0
3370,3443,0
3368,3416,0
3373,3398,0
3369,3376,0
3368,3362,0
3369,3356,0
3366,3354,0
3367,3357,0
3364,3364,0
3366,3388,0
3362,3414,0
3361,3445,0
3361,3474,0
3361,3503,0
3363,3530,0
3370,3555,0
3377,3575,0
3387,3592,0
3394,3602,0
3403,3609,1
3757,3457,0
3756,3448,0
3759,3450,0
3760,3455,0
3762,3468,0
3765,3496,0
3766,3532,0
3769,3571,0
3770,3600,0
3774,3623,0
3771,3624,0
3769,3621,0
3770,3610,1
3785,3361,0
3783,3353,0
3781,3349,0
3781,3349,0
3779,3351,0
3778,3351,0
3778,3351,0
3786,3361,0
3799,3370,1
3874,3458,0
3867,3469,0
3865,3486,0
3862,3506,0
3863,3530,0
3863,3556,0
3867,3579,0
3867,3589,0
3869,3593,0
3869,3593,0
3870,3592,0
3868,3583,0
3866,3563,0
3864,3540,0
3868,3516,0
3871,3488,0
3882,3467,0
3894,3447,0
3913,3436,0
3930,3426,0
3952,3422,0
3972,3426,0
3989,3438,0
4006,3460,0
4015,3484,0
4019,3513,0
4022,3542,0
4020,3566,0
4022,3590,0
4019,3603,0
4023,3616,0
4026,3619,0
4032,3613,1
4506,3433,0
4502,3466,0
4497,3500,0
4500,3537,0
4498,3573,0
4505,3612,0
4505,3645,0
4507,3670,0
4505,3684,0
4508,3692,0
4503,3686,1
4437,3510,0
4436,3511,0
4444,3514,0
4459,3516,0
4476,3516,0
4498,3515,0
4522,3508,0
4558,3507,0
4587,3499,1
4702,3439,0
4690,3440,0
4678,3447,0
4663,3458,0
4646,3482,0
4628,3507,0
4620,3539,0
4614,3569,0
4619,3598,0
4631,3609,0
4655,3613,0
4681,3603,0
4717,3588,0
4753,3573,0
4778,3547,0
4798,3524,0
4802,3496,0
4798,3476,0
4790,3467,0
4768,3462,0
4742,3461,0
4717,3470,0
4681,3498,0
4671,3503,1
4877,3483,0
4874,3487,0
4869,3498,0
4859,3509,0
4856,3531,0
4854,3551,0
4850,3568,0
4852,3583,0
4854,3588,0
4857,3591,0
4858,3590,0
4856,3585,0
4854,3570,0
4855,3550,0
4853,3522,0
4852,3499,0
4853,3480,0
4854,3466,0
4854,3455,0
4856,3453,0
4857,3452,0
4865,3454,0
4871,3454,0
4881,3455,0
4895,3456,0
4907,3454,0
4927,3456,0
4937,3457,0
4946,3457,0
4946,3457,0
4951,3459,0
4952,3463,0
4947,3464,1
5194,3453,0
5195,3452,0
5190,3445,0
5184,3440,0
5171,3436,0
5156,3438,0
5139,3445,0
5117,3459,0
5095,3474,0
5079,3498,0
5073,3519,0
5069,3536,0
5076,3553,0
5086,3560,0
5098,3563,0
5116,3561,0
5134,3551,0
5145,3539,0
5158,3523,0
5168,3505,0
5173,3486,0
5180,3477,0
5180,3471,0
5183,3473,0
5180,3477,0
5178,3499,0
5173,3531,0
5164,3566,0
5163,3612,0
5165,3665,0
5164,3713,0
5159,3756,0
5154,3793,0
5146,3819,0
5137,3836,0
5124,3837,0
5113,3833,0
5098,3817,0
5084,3792,0
5075,3766,0
5069,3737,0
5067,3708,0
5065,3675,0
5076,3645,0
5096,3617,1
5286,3486,0
5276,3491,0
5277,3498,0
5277,3503,0
5289,3506,0
5308,3501,0
5330,3489,0
5351,3473,0
5376,3460,0
5390,3449,0
5395,3436,0
5388,3426,0
5373,3419,0
5354,3423,0
5327,3431,0
5303,3450,0
5281,3472,0
5263,3501,0
5255,3531,0
5254,3557,0
5272,3580,0
5291,3593,0
5326,3601,0
5356,3597,0
5392,3588,0
5426,3571,0
5460,3548,0
5489,3523,0
5509,3490,1
5572,3363,0
5571,3364,0
5569,3368,0
5564,3382,0
5559,3409,0
5558,3451,0
5553,3491,0
5549,3530,0
5549,3563,0
5554,3589,0
5558,3598,0
5560,3595,1
5632,3390,0
5636,3378,0
5643,3374,0
5636,3370,0
5634,3380,0
5619,3402,0
5612,3438,0
5602,3472,0
5598,3505,0
5600,3535,0
5602,3552,0
5602,3560,0
5606,3561,1
5505,3469,0
5498,3472,0
5499,3471,0
5505,3469,0
5528,3465,0
5553,3457,0
5595,3448,0
5638,3436,0
5676,3424,0
5709,3412,0
5741,3408,0
5753,3406,0
5762,3405,0
5765,3409,0
5764,3418,0
5764,3438,0
5760,3464,0
5759,3493,0
5755,3520,0
5761,3547,0
5766,3567,0
5767,3578,0
5771,3580,0
5776,3579,0
5779,3569,1
5813,3339,0
5808,3333,0
5810,3329,0
5804,3322,0
5807,3325,1
5884,3412,0
5874,3412,0
5878,3428,0
5870,3445,0
5869,3469,0
5859,3491,0
5866,3515,0
5870,3530,0
5872,3536,0
5868,3534,0
5872,3535,0
5865,3525,0
5872,3515,0
5868,3491,0
5875,3467,0
5876,3438,0
5892,3421,0
5905,3402,0
5928,3389,0
5940,3377,0
5965,3378,0
5986,3387,0
6003,3406,0
6014,3433,0
6018,3463,0
6018,3500,0
6016,3530,0
6014,3555,0
6013,3570,1
6217,3428,0
6212,3422,0
6206,3417,0
6195,3411,0
6181,3411,0
6160,3413,0
6139,3426,0
6113,3443,0
6092,3469,0
6076,3491,0
6066,3514,0
6061,3529,0
6071,3542,0
6085,3550,0
6103,3552,0
6123,3545,0
6140,3532,0
6157,3515,0
6174,3496,0
6185,3472,0
6191,3454,0
6199,3442,0
6196,3432,0
6194,3429,0
6196,3432,0
6191,3433,0
6189,3444,0
6183,3460,0
6179,3481,0
6182,3506,0
6182,3535,0
6183,3563,0
6185,3595,0
6184,3625,0
6185,3660,0
6177,3692,0
6167,3720,0
6156,3744,0
6143,3761,0
6128,3769,0
6112,3771,0
6097,3763,0
6085,3753,0
6069,3735,0
6065,3719,0
6055,3699,0
6056,3684,0
6061,3670,0
6066,3662,1