tractable and nourishing
489
1043,4572,0
1041,4576,0
1040,4572,0
1040,4572,0
1042,4572,0
1043,4581,0
1045,4600,0
1048,4628,0
1049,4657,0
1054,4692,0
1061,4736,0
1069,4772,0
1074,4809,0
1073,4833,0
1073,4844,0
1073,4852,0
1074,4848,1
1029,4688,0
1031,4688,0
1039,4684,0
1055,4681,0
1078,4676,1
1160,4656,0
1164,4664,0
1165,4676,0
1165,4699,0
1166,4724,0
1171,4755,0
1177,4780,0
1182,4799,0
1187,4811,0
1188,4811,0
1189,4807,0
1188,4799,0
1185,4775,0
1187,4747,0
1192,4715,0
1199,4699,0
1209,4690,0
1219,4686,0
1233,4685,0
1252,4693,0
1269,4697,0
1284,4696,0
1296,4691,0
1303,4686,1
1319,4630,0
1332,4621,0
1353,4620,0
1375,4618,0
1392,4625,0
1409,4637,0
1419,4647,0
1421,4663,0
1410,4676,0
1396,4698,0
1377,4711,0
1358,4719,0
1345,4724,0
1343,4725,0
1347,4717,0
1363,4707,0
1381,4694,0
1399,4698,0
1410,4700,0
1414,4712,0
1416,4728,0
1416,4740,0
1416,4744,0
1420,4751,0
1427,4747,1
1549,4620,0
1545,4616,0
1541,4617,0
1537,4618,0
1533,4625,0
1529,4634,0
1527,4658,0
1527,4683,0
1532,4705,0
1544,4721,0
1561,4731,0
1579,4729,0
1597,4727,1
1661,4521,0
1661,4521,0
1661,4521,0
1664,4533,0
1667,4553,0
1667,4582,0
1669,4609,0
1672,4645,0
1674,4669,0
1677,4693,0
1679,4705,0
1680,4709,0
1680,4709,1
1648,4616,0
1650,4612,0
1659,4607,0
1679,4603,0
1708,4596,0
1736,4592,0
1761,4588,0
1786,4584,1
1804,4589,0
1804,4598,0
1807,4601,0
1815,4599,0
1835,4601,0
1860,4591,0
1890,4587,0
1917,4578,0
1939,4573,0
1953,4579,0
1954,4587,0
1942,4597,0
1921,4613,0
1892,4635,0
1863,4660,0
1838,4677,0
1824,4692,0
1826,4695,0
1837,4689,0
1856,4674,0
1880,4657,0
1903,4649,0
1918,4651,0
1923,4654,0
1924,4661,0
1921,4674,0
1918,4683,0
1916,4688,1
1975,4476,0
1977,4492,0
1984,4519,0
1992,4558,0
1997,4590,0
2005,4622,0
2014,4640,0
2023,4646,0
2036,4647,0
2049,4641,0
2067,4632,0
2083,4617,0
2101,4605,0
2113,4606,0
2117,4608,0
2119,4620,0
2114,4634,0
2104,4653,0
2087,4669,0
2070,4685,0
2052,4693,0
2039,4692,0
2031,4681,0
2027,4661,0
2028,4632,1
2142,4455,0
2142,4467,0
2144,4487,0
2149,4519,0
2156,4550,0
2169,4576,0
2184,4592,0
2205,4608,0
2228,4615,0
2253,4616,0
2277,4610,0
2296,4596,0
2314,4583,0
2321,4564,0
2320,4544,0
2314,4533,0
2299,4525,0
2285,4529,0
2274,4541,0
2270,4558,0
2276,4572,0
2292,4584,0
2320,4589,0
2353,4593,0
2388,4595,0
2414,4591,0
2432,4590,0
2439,4596,0
2441,4591,0
2440,4596,0
2442,4596,0
2441,4599,0
2439,4601,1
2664,4533,0
2666,4533,0
2673,4518,0
2687,4504,0
2709,4495,0
2738,4493,0
2766,4495,0
2789,4507,0
2803,4524,0
2804,4541,0
2795,4557,0
2785,4578,0
2769,4589,0
2755,4589,0
2748,4584,0
2742,4560,0
2747,4541,0
2757,4524,0
2768,4520,0
2777,4521,0
2785,4536,0
2792,4554,0
2800,4577,0
2801,4593,0
2803,4605,1
2858,4480,0
2859,4485,0
2859,4493,0
2863,4517,0
2862,4539,0
2864,4569,0
2863,4587,0
2864,4598,0
2866,4598,0
2866,4593,0
2869,4579,0
2878,4559,0
2891,4531,0
2902,4500,0
2917,4486,0
2930,4484,0
2944,4491,0
2955,4504,0
2965,4517,0
2975,4544,0
2980,4558,1
3093,4538,0
3093,4535,0
3095,4534,0
3091,4523,0
3084,4508,0
3074,4495,0
3059,4480,0
3046,4473,0
3033,4474,0
3028,4485,0
3022,4501,0
3020,4524,0
3019,4550,0
3024,4570,0
3030,4576,0
3040,4577,0
3050,4572,0
3059,4554,0
3070,4532,0
3078,4502,0
3084,4468,0
3090,4439,0
3096,4418,0
3101,4412,0
3103,4415,0
3109,4425,0
3119,4452,0
3130,4486,0
3141,4525,1
3448,4421,0
3448,4421,0
3450,4425,0
3455,4436,0
3462,4456,0
3468,4479,0
3475,4507,0
3481,4526,0
3486,4538,0
3489,4541,0
3489,4536,0
3489,4522,0
3490,4504,0
3490,4476,0
3491,4444,0
3500,4420,0
3508,4401,0
3519,4396,0
3531,4398,0
3544,4409,0
3556,4425,0
3568,4450,0
3576,4478,0
3582,4507,0
3585,4519,1
3757,4471,0
3756,4468,0
3747,4455,0
3734,4439,0
3717,4421,0
3698,4409,0
3677,4408,0
3658,4420,0
3643,4439,0
3636,4465,0
3635,4495,0
3641,4519,0
3653,4530,0
3668,4531,0
3689,4523,0
3710,4506,0
3728,4485,0
3739,4454,0
3745,4427,0
3747,4402,0
3747,4388,0
3747,4389,0
3747,4393,0
3748,4407,0
3756,4435,0
3768,4465,0
3783,4493,0
3798,4507,0
3812,4512,0
3827,4507,0
3838,4497,0
3844,4478,0
3850,4455,0
3851,4421,0
3851,4393,0
3853,4372,0
3858,4369,0
3857,4370,0
3863,4380,0
3872,4403,0
3883,4429,0
3896,4459,0
3908,4485,0
3917,4498,0
3924,4502,1
3950,4370,0
3947,4367,0
3950,4369,0
3949,4376,0
3954,4396,0
3959,4417,0
3965,4442,0
3969,4463,0
3972,4476,0
3974,4479,0
3978,4480,0
3978,4476,0
3977,4462,0
3977,4438,0
3983,4415,0
3991,4390,0
4005,4376,0
4018,4366,0
4036,4368,0
4050,4368,0
4058,4367,1
4127,4357,0
4128,4362,0
4131,4375,0
4133,4393,0
4135,4415,0
4130,4430,0
4132,4447,0
4128,4455,0
4126,4457,1
4153,4319,0
4150,4316,0
4153,4319,0
4156,4321,0
4164,4330,1
4278,4374,0
4274,4373,0
4268,4372,0
4260,4369,0
4245,4365,1
4227,4374,0
4227,4378,0
4226,4379,0
4241,4394,0
4249,4402,0
4263,4416,0
4271,4430,0
4278,4445,0
4277,4461,0
4272,4480,0
4262,4497,0
4251,4505,1
4306,4237,0
4306,4237,0
4309,4245,0
4319,4273,0
4324,4299,0
4332,4333,0
4337,4365,0
4340,4393,0
4343,4415,0
4352,4430,0
4356,4431,0
4367,4427,0
4378,4409,0
4406,4357,0
4425,4342,0
4435,4334,0
4445,4340,0
4451,4351,0
4458,4372,0
4463,4394,0
4464,4418,0
4466,4437,0
4470,4449,0
4477,4453,1
4551,4342,0
4552,4341,0
4553,4345,0
4557,4357,0
4559,4377,0
4560,4396,0
4558,4408,0
4555,4416,1
4556,4275,0
4558,4263,0
4557,4258,0
4557,4258,0
4559,4262,1
4599,4301,0
4603,4308,0
4614,4326,0
4623,4343,0
4630,4365,0
4639,4389,0
4644,4404,0
4652,4414,0
4656,4415,0
4660,4413,0
4665,4398,0
4670,4377,0
4679,4354,0
4688,4331,0
4701,4314,0
4710,4306,0
4724,4309,0
4736,4321,0
4748,4336,0
4760,4358,0
4769,4377,0
4780,4394,0
4789,4401,0
4795,4396,1
4912,4312,0
4906,4307,0
4908,4304,0
4905,4297,0
4896,4290,0
4879,4283,0
4863,4282,0
4844,4283,0
4828,4291,0
4815,4303,0
4811,4324,0
4810,4346,0
4819,4369,0
4832,4379,0
4849,4386,0
4864,4383,0
4879,4380,0
4891,4376,0
4891,4369,0
4891,4369,0
4890,4371,0
4886,4379,0
4886,4401,0
4888,4427,0
4889,4458,0
4894,4495,0
4898,4535,0
4906,4575,0
4906,4608,0
4903,4637,0
4893,4660,0
4882,4676,0
4869,4685,0
4860,4683,0
4854,4672,0
4852,4647,0
4857,4613,0
4876,4576,0
4898,4536,0
4922,4497,1