son, &quot;we shall also need a
468
1020,4591,0
1000,4596,0
981,4608,0
962,4627,0
945,4647,0
936,4666,0
935,4690,0
943,4707,0
958,4727,0
977,4748,0
996,4771,0
1013,4788,0
1027,4804,0
1035,4820,0
1034,4836,0
1025,4852,0
1008,4876,0
982,4891,0
950,4907,0
927,4910,0
912,4910,1
1159,4719,0
1150,4724,0
1142,4732,0
1131,4744,0
1123,4768,0
1117,4792,0
1117,4820,0
1122,4852,0
1134,4868,0
1150,4876,0
1165,4871,0
1177,4855,0
1187,4835,0
1190,4803,0
1189,4771,0
1182,4736,0
1174,4703,0
1170,4683,0
1167,4680,0
1166,4680,0
1167,4679,0
1174,4692,0
1185,4703,0
1202,4723,0
1225,4730,0
1247,4729,0
1271,4720,0
1294,4707,0
1313,4694,0
1328,4678,0
1339,4677,0
1345,4681,0
1351,4696,0
1355,4716,0
1358,4744,0
1360,4768,0
1366,4780,0
1377,4782,0
1392,4774,0
1409,4760,0
1430,4746,0
1449,4734,0
1466,4732,0
1482,4743,0
1494,4758,0
1506,4781,0
1517,4804,0
1528,4823,0
1538,4834,1
1675,4907,0
1676,4911,0
1676,4911,0
1677,4919,0
1674,4932,0
1666,4961,0
1653,4990,0
1642,5028,0
1634,5049,1
1899,4430,0
1901,4442,0
1902,4459,0
1902,4483,0
1902,4511,0
1901,4540,0
1901,4568,0
1906,4579,0
1911,4579,1
2011,4444,0
2013,4452,0
2014,4464,0
2015,4492,0
2011,4518,0
2009,4543,0
2012,4567,0
2012,4579,0
2012,4583,1
2174,4801,0
2174,4800,0
2175,4805,0
2176,4816,0
2177,4837,0
2178,4865,0
2179,4890,0
2182,4922,0
2185,4942,0
2190,4945,0
2198,4939,0
2210,4932,0
2222,4913,0
2236,4889,0
2250,4869,0
2262,4854,0
2273,4846,0
2279,4850,0
2284,4864,0
2289,4883,0
2293,4907,0
2297,4915,0
2306,4917,0
2316,4910,0
2330,4898,0
2345,4869,0
2362,4844,0
2378,4814,0
2388,4787,1
2412,4900,0
2418,4907,0
2432,4907,0
2448,4898,0
2466,4888,0
2481,4872,0
2490,4852,0
2497,4833,0
2498,4817,0
2493,4802,0
2483,4792,0
2475,4799,0
2461,4807,0
2446,4824,0
2437,4856,0
2429,4883,0
2430,4916,0
2438,4944,0
2453,4960,0
2473,4963,0
2499,4951,1
2906,4775,0
2897,4775,0
2883,4780,0
2868,4791,0
2853,4809,0
2840,4827,0
2836,4854,0
2838,4870,0
2846,4885,0
2863,4899,0
2880,4910,0
2899,4924,0
2908,4929,0
2916,4944,0
2915,4957,0
2902,4970,0
2880,4987,0
2854,5001,0
2832,5013,0
2814,5007,0
2802,4985,1
2961,4624,0
2975,4592,0
2984,4574,0
2989,4568,0
2989,4572,0
2988,4577,0
2987,4599,0
2985,4631,0
2977,4677,0
2972,4732,0
2962,4787,0
2960,4845,0
2958,4893,0
2960,4934,0
2962,4956,0
2970,4965,0
2981,4965,0
2994,4952,0
3008,4934,0
3021,4906,0
3036,4887,1
3059,4877,0
3066,4888,0
3069,4899,0
3074,4923,0
3077,4952,0
3083,4972,0
3091,4981,0
3098,4978,1
3203,4876,0
3203,4876,0
3200,4873,0
3192,4871,0
3180,4873,0
3172,4886,0
3166,4905,0
3163,4924,0
3163,4946,0
3171,4973,0
3180,4987,0
3190,4986,0
3205,4975,0
3221,4955,0
3237,4927,0
3249,4899,0
3255,4874,0
3261,4863,0
3262,4862,0
3265,4874,0
3264,4892,0
3268,4925,0
3274,4957,0
3282,4976,0
3294,4984,0
3308,4977,0
3324,4953,0
3342,4917,0
3360,4877,1
3419,4610,0
3419,4628,0
3419,4656,0
3421,4694,0
3418,4737,0
3418,4787,0
3416,4841,0
3416,4891,0
3416,4930,0
3419,4951,0
3428,4961,0
3433,4949,0
3440,4927,1
3511,4661,0
3514,4664,0
3518,4671,0
3519,4693,0
3519,4725,0
3513,4764,0
3511,4815,0
3512,4868,0
3514,4921,1
4029,4886,0
4034,4879,0
4030,4871,0
4022,4862,0
4008,4862,0
3991,4863,0
3967,4874,0
3944,4887,0
3923,4910,0
3908,4941,0
3899,4970,0
3896,4994,0
3901,5006,0
3916,5006,0
3930,4994,0
3948,4973,0
3969,4946,0
3988,4916,0
4005,4896,0
4016,4880,0
4021,4878,0
4026,4888,0
4026,4912,0
4024,4941,0
4026,4973,0
4034,4992,0
4051,4995,0
4072,4987,0
4088,4968,1
4279,4573,0
4277,4585,0
4272,4608,0
4265,4642,0
4251,4692,0
4233,4748,0
4220,4811,0
4207,4867,0
4200,4920,0
4202,4961,0
4210,4990,0
4222,5000,0
4240,4998,1
4399,4846,0
4395,4845,0
4396,4850,0
4384,4853,0
4369,4868,0
4355,4888,0
4350,4910,0
4352,4928,0
4364,4939,0
4381,4947,0
4399,4953,0
4417,4961,0
4426,4969,0
4427,4978,0
4420,4988,0
4404,4999,0
4384,5013,0
4357,5021,0
4335,5022,0
4323,5016,0
4325,5009,1
4519,4888,0
4514,4897,0
4512,4909,0
4500,4922,0
4491,4944,0
4480,4965,0
4473,4986,0
4478,5011,0
4485,5026,0
4499,5031,0
4519,5032,0
4536,5018,0
4553,4992,0
4567,4962,0
4567,4932,0
4558,4909,0
4544,4895,0
4532,4894,0
4517,4900,0
4508,4917,0
4500,4932,1
4861,4997,0
4855,5005,0
4854,5006,0
4854,5002,0
4858,4994,0
4864,4974,0
4876,4949,0
4889,4917,0
4907,4893,0
4921,4871,0
4939,4862,0
4949,4864,0
4955,4874,0
4958,4898,0
4962,4936,0
4960,4968,0
4965,4990,0
4969,4992,0
4982,4992,0
4994,4977,0
5013,4956,0
5029,4927,0
5050,4905,0
5067,4885,0
5082,4873,0
5089,4871,0
5091,4876,0
5096,4892,0
5093,4916,0
5090,4944,0
5086,4963,0
5088,4971,0
5100,4978,1
5157,4951,0
5164,4949,0
5174,4946,0
5185,4937,0
5196,4927,0
5203,4910,0
5209,4895,0
5206,4882,0
5204,4879,0
5187,4876,0
5170,4881,0
5151,4897,0
5139,4924,0
5129,4948,0
5125,4973,0
5126,4993,0
5138,5014,0
5151,5019,0
5178,5022,0
5202,5012,0
5232,4997,1
5285,4956,0
5287,4959,0
5296,4963,0
5308,4962,0
5325,4958,0
5338,4946,0
5357,4934,0
5366,4916,0
5370,4902,0
5368,4892,0
5358,4886,0
5343,4883,0
5325,4895,0
5306,4917,0
5291,4945,0
5279,4977,0
5277,5006,0
5280,5030,0
5297,5047,0
5321,5047,0
5351,5037,1
5465,4940,0
5461,4944,0
5453,4944,0
5450,4947,0
5450,4948,0
5449,4949,0
5450,4947,0
5450,4947,0
5452,4946,0
5450,4942,0
5446,4941,0
5440,4941,0
5436,4945,0
5429,4956,0
5420,4969,0
5416,4990,0
5418,5009,0
5428,5028,0
5437,5030,0
5455,5024,0
5474,5002,0
5492,4969,0
5508,4927,0
5520,4883,0
5530,4835,0
5537,4789,0
5542,4751,0
5542,4728,0
5538,4721,0
5534,4725,0
5529,4741,0
5521,4772,0
5514,4817,0
5511,4869,0
5515,4927,0
5523,4973,1
5927,4920,0
5926,4921,0
5919,4917,0
5912,4918,0
5897,4924,0
5883,4937,0
5864,4956,0
5849,4983,0
5836,5016,0
5832,5050,0
5836,5067,0
5846,5069,0
5863,5057,0
5885,5038,0
5900,5005,0
5918,4976,0
5931,4946,0
5944,4920,0
5955,4910,0
5956,4908,0
5960,4921,0
5957,4947,0
5957,4982,0
5956,5011,0
5969,5032,1