Pierre&apos;s bar again and again.
665
945,4162,0
944,4158,0
944,4158,0
947,4167,0
951,4186,0
957,4222,0
961,4263,0
958,4302,0
953,4334,0
951,4363,0
951,4374,0
952,4382,0
951,4383,0
950,4379,0
948,4374,0
942,4362,0
936,4338,0
930,4305,0
927,4274,0
926,4234,0
930,4193,0
937,4158,0
948,4131,0
960,4107,0
974,4094,0
991,4092,0
1008,4096,0
1025,4116,0
1037,4136,0
1038,4160,0
1032,4184,0
1018,4204,0
999,4232,0
982,4247,0
969,4255,0
961,4254,0
955,4251,1
1126,4188,0
1129,4208,0
1134,4237,0
1138,4273,0
1140,4300,0
1141,4320,0
1143,4336,0
1146,4348,0
1146,4352,1
1143,4120,0
1138,4108,0
1136,4100,0
1135,4096,0
1134,4092,0
1136,4088,0
1142,4087,0
1150,4088,0
1160,4099,1
1246,4265,0
1250,4269,0
1257,4265,0
1266,4260,0
1281,4244,0
1295,4227,0
1305,4202,0
1312,4181,0
1312,4162,0
1310,4154,0
1305,4146,0
1298,4147,0
1288,4151,0
1281,4155,0
1270,4172,0
1264,4205,0
1257,4233,0
1261,4264,0
1270,4296,0
1283,4311,0
1298,4323,0
1315,4326,0
1333,4321,0
1351,4311,0
1370,4295,1
1413,4187,0
1414,4215,0
1415,4239,0
1415,4263,0
1420,4290,0
1421,4302,0
1421,4314,0
1423,4314,0
1423,4310,0
1426,4310,0
1423,4298,0
1421,4274,0
1420,4246,0
1420,4218,0
1418,4191,0
1417,4166,0
1418,4150,0
1420,4142,0
1422,4134,0
1427,4129,0
1436,4128,1
1529,4131,0
1525,4135,0
1527,4156,0
1529,4175,0
1534,4203,0
1538,4223,0
1539,4246,0
1538,4267,0
1536,4283,0
1536,4296,0
1537,4299,0
1538,4299,0
1537,4295,0
1536,4283,0
1534,4268,0
1533,4244,0
1532,4215,0
1534,4195,0
1536,4170,0
1537,4150,0
1540,4138,0
1544,4129,0
1551,4124,0
1559,4120,0
1573,4118,0
1587,4112,0
1606,4110,0
1619,4108,0
1629,4102,1
1692,4182,0
1696,4189,0
1709,4199,0
1722,4201,0
1742,4202,0
1764,4199,0
1785,4187,0
1805,4179,0
1817,4173,0
1822,4168,0
1821,4164,0
1819,4164,0
1809,4155,0
1797,4152,0
1785,4159,0
1769,4166,0
1757,4188,0
1750,4213,0
1746,4242,0
1749,4266,0
1760,4288,0
1776,4306,0
1797,4315,0
1821,4319,0
1845,4314,1
1924,4058,0
1925,4058,0
1925,4053,0
1927,4058,0
1927,4061,0
1930,4077,0
1933,4097,0
1936,4121,0
1939,4140,1
2151,4118,0
2147,4114,0
2142,4116,0
2130,4116,0
2119,4118,0
2105,4121,0
2093,4133,0
2087,4143,0
2088,4155,0
2094,4162,0
2110,4174,0
2128,4181,0
2147,4185,0
2169,4196,0
2185,4204,0
2199,4217,0
2210,4230,0
2217,4244,0
2214,4254,0
2205,4264,0
2191,4277,0
2171,4282,0
2149,4287,0
2128,4285,0
2109,4281,0
2094,4273,0
2086,4266,0
2079,4256,0
2077,4244,1
2572,3983,0
2573,3983,0
2574,3982,0
2575,3986,0
2579,3998,0
2589,4028,0
2597,4068,0
2601,4109,0
2603,4147,0
2603,4181,0
2602,4198,0
2606,4206,0
2611,4203,0
2626,4203,0
2638,4185,0
2657,4169,0
2674,4149,0
2690,4138,0
2709,4143,0
2725,4155,0
2738,4171,0
2741,4182,0
2743,4203,0
2735,4224,0
2724,4245,0
2708,4261,0
2690,4271,0
2675,4278,0
2662,4278,0
2650,4275,0
2639,4261,0
2635,4246,0
2636,4224,1
2864,4094,0
2861,4095,0
2861,4099,0
2856,4102,0
2850,4109,0
2844,4129,0
2835,4155,0
2830,4187,0
2826,4212,0
2826,4225,0
2828,4233,0
2835,4239,0
2841,4239,0
2847,4237,0
2856,4233,0
2863,4217,0
2874,4203,0
2884,4182,0
2893,4160,0
2901,4143,0
2902,4128,0
2903,4119,0
2900,4116,0
2902,4121,0
2900,4121,0
2900,4125,0
2898,4131,0
2905,4155,0
2913,4181,0
2921,4205,0
2932,4230,0
2939,4244,0
2949,4257,1
3045,4185,0
3045,4212,0
3044,4230,0
3047,4251,0
3047,4255,0
3052,4262,0
3051,4258,0
3052,4258,0
3047,4246,0
3043,4231,0
3042,4213,0
3042,4196,0
3040,4179,0
3039,4162,0
3042,4147,0
3042,4129,0
3046,4118,0
3051,4111,0
3063,4109,0
3078,4107,0
3098,4106,1
3407,4048,0
3399,4048,0
3385,4048,0
3375,4058,0
3369,4080,0
3361,4108,0
3360,4140,0
3362,4162,0
3369,4176,0
3376,4182,0
3385,4186,0
3394,4181,0
3404,4175,0
3412,4162,0
3419,4144,0
3424,4122,0
3428,4101,0
3433,4084,0
3436,4073,0
3435,4064,0
3438,4067,0
3435,4064,0
3435,4068,0
3438,4076,0
3443,4097,0
3450,4120,0
3459,4147,0
3466,4162,0
3473,4172,1
3559,4082,0
3551,4086,0
3542,4097,0
3532,4116,0
3530,4133,0
3533,4140,0
3538,4142,0
3539,4137,0
3547,4131,0
3561,4123,0
3571,4102,0
3585,4083,0
3599,4070,0
3609,4068,0
3617,4073,0
3624,4087,0
3630,4112,0
3631,4139,0
3631,4168,0
3633,4205,0
3631,4239,0
3629,4269,0
3626,4295,0
3619,4316,0
3612,4336,0
3601,4352,0
3590,4367,0
3573,4372,0
3558,4372,0
3544,4372,0
3529,4362,0
3523,4356,0
3515,4333,1
3793,4065,0
3775,4068,0
3756,4071,0
3740,4082,0
3726,4101,0
3718,4131,0
3709,4156,0
3708,4175,0
3711,4184,0
3718,4188,0
3729,4186,0
3742,4177,0
3756,4163,0
3771,4148,0
3778,4124,0
3787,4104,0
3793,4085,0
3796,4068,0
3797,4067,0
3795,4068,0
3795,4082,0
3798,4106,0
3802,4132,0
3810,4146,0
3819,4159,0
3829,4162,0
3836,4162,0
3846,4155,0
3858,4147,0
3872,4131,0
3882,4110,0
3892,4093,0
3899,4077,0
3904,4074,0
3904,4075,0
3908,4082,0
3917,4105,0
3925,4128,0
3924,4149,0
3932,4172,0
3934,4186,0
3937,4193,0
3941,4196,0
3944,4194,0
3945,4184,1
3865,4005,0
3860,4002,0
3865,4005,0
3867,4003,0
3877,4001,1
3978,4059,0
3978,4070,0
3981,4082,0
3988,4107,0
3993,4123,0
4000,4143,0
4005,4155,0
4007,4164,0
4011,4169,0
4018,4175,0
4022,4172,0
4032,4169,0
4041,4158,0
4050,4146,0
4059,4130,0
4067,4114,0
4080,4104,0
4087,4097,0
4097,4097,0
4102,4097,0
4105,4099,0
4114,4117,0
4118,4135,0
4121,4152,0
4126,4169,0
4129,4181,0
4130,4191,0
4128,4198,0
4128,4202,1
4584,4022,0
4582,4024,0
4573,4020,0
4559,4017,0
4547,4022,0
4530,4032,0
4514,4058,0
4495,4089,0
4483,4128,0
4473,4157,0
4472,4174,0
4483,4186,0
4498,4193,0
4512,4191,0
4530,4186,0
4546,4174,0
4562,4158,0
4578,4140,0
4594,4121,0
4603,4102,0
4611,4085,0
4616,4074,0
4611,4062,0
4612,4061,0
4611,4061,0
4610,4063,0
4611,4067,0
4613,4082,0
4621,4112,0
4626,4140,0
4636,4164,0
4647,4179,0
4655,4184,0
4666,4184,0
4678,4179,0
4688,4165,0
4698,4145,1
4708,4070,0
4710,4069,0
4709,4070,0
4714,4081,0
4717,4101,0
4721,4118,0
4728,4134,0
4735,4138,0
4740,4139,0
4744,4135,0
4752,4128,0
4761,4114,0
4771,4099,0
4780,4080,0
4791,4064,0
4800,4055,0
4803,4052,0
4809,4058,0
4821,4073,0
4828,4095,0
4837,4120,0
4840,4140,0
4845,4156,0
4852,4166,1
4988,4107,0
4988,4102,0
4984,4094,0
4978,4089,0
4968,4088,0
4961,4101,0
4947,4124,0
4936,4152,0
4935,4170,0
4941,4181,0
4951,4188,0
4959,4186,0
4972,4179,0
4985,4165,0
5002,4150,0
5012,4123,0
5021,4092,0
5027,4063,0
5033,4039,0
5035,4020,0
5031,4001,0
5028,3992,0
5023,3986,0
5023,3986,0
5028,3992,0
5032,4011,0
5037,4040,0
5046,4072,0
5057,4101,0
5067,4125,0
5073,4147,0
5086,4167,0
5103,4185,1
5579,4083,0
5578,4078,0
5584,4073,0
5580,4064,0
5578,4061,0
5573,4060,0
5564,4059,0
5556,4068,0
5538,4082,0
5525,4109,0
5504,4133,0
5499,4157,0
5500,4174,0
5503,4187,0
5517,4196,0
5528,4196,0
5543,4191,0
5562,4182,0
5581,4167,0
5598,4148,0
5606,4126,0
5610,4104,0
5609,4086,0
5607,4076,0
5610,4079,0
5606,4077,0
5609,4080,0
5607,4094,0
5606,4114,0
5614,4135,0
5613,4148,0
5620,4164,0
5627,4175,1
5736,4085,0
5734,4081,0
5729,4075,0
5720,4073,0
5706,4077,0
5698,4093,0
5689,4109,0
5690,4121,0
5694,4128,0
5702,4131,0
5717,4132,0
5732,4127,0
5747,4116,0
5765,4106,0
5776,4092,0
5789,4084,0
5794,4085,0
5795,4089,0
5795,4102,0
5798,4123,0
5795,4151,0
5796,4181,0
5802,4218,0
5799,4251,0
5797,4278,0
5792,4302,0
5782,4320,0
5767,4336,0
5750,4350,0
5726,4357,0
5704,4364,0
5680,4367,0
5664,4367,0
5648,4361,0
5637,4349,0
5629,4335,0
5629,4316,1
5934,4070,0
5936,4068,0
5938,4067,0
5935,4064,0
5928,4065,0
5917,4073,0
5898,4097,0
5875,4123,0
5861,4147,0
5863,4164,0
5863,4170,0
5874,4176,0
5886,4174,0
5899,4170,0
5913,4159,0
5926,4143,0
5938,4123,0
5945,4102,0
5952,4086,0
5957,4075,0
5954,4072,0
5951,4075,0
5952,4087,0
5952,4106,0
5955,4121,0
5963,4131,0
5978,4137,0
5993,4139,0
6010,4135,0
6029,4126,0
6048,4114,0
6066,4098,0
6076,4078,0
6091,4066,0
6097,4058,0
6098,4056,0
6097,4059,0
6099,4068,0
6104,4088,0
6108,4103,0
6121,4118,0
6128,4128,0
6136,4131,0
6145,4134,0
6151,4132,1
6077,3998,0
6074,3995,0
6073,3991,0
6073,3991,0
6075,3988,1
6182,4053,0
6179,4070,0
6179,4082,0
6186,4099,0
6195,4108,0
6209,4116,0
6217,4118,0
6227,4118,0
6235,4114,0
6249,4110,0
6259,4097,0
6274,4084,0
6289,4070,0
6305,4063,0
6308,4058,0
6311,4061,0
6312,4065,0
6318,4078,0
6327,4100,0
6332,4119,0
6338,4132,0
6345,4142,0
6350,4150,0
6360,4157,0
6363,4158,1
6461,4159,0
6464,4164,0
6464,4162,0
6468,4164,0
6469,4164,1