Catherine stared at him,
467
799,3718,0
777,3724,0
743,3741,0
700,3777,0
652,3815,0
607,3866,0
567,3918,0
535,3981,0
518,4048,0
515,4116,0
525,4166,0
550,4206,0
588,4223,1
859,4014,0
859,4015,0
846,4018,0
820,4036,0
793,4074,0
766,4116,0
746,4162,0
744,4187,0
751,4191,0
767,4180,0
789,4146,0
811,4103,0
830,4056,0
844,4017,0
854,3994,0
856,3994,0
857,4002,0
854,4030,0
852,4070,0
857,4111,0
873,4139,0
893,4144,0
928,4126,0
967,4083,1
1089,3696,0
1080,3732,0
1068,3788,0
1055,3869,0
1044,3949,0
1034,4012,0
1023,4064,0
1012,4100,0
1001,4111,0
987,4108,0
974,4099,0
966,4067,0
964,4031,0
970,4003,0
982,3979,0
996,3967,0
1017,3972,0
1045,3981,0
1081,3988,0
1122,3992,0
1165,3979,0
1205,3947,0
1243,3893,0
1277,3839,0
1300,3770,0
1317,3696,0
1325,3640,0
1327,3620,0
1322,3616,0
1314,3633,0
1301,3678,0
1289,3738,0
1279,3819,0
1269,3899,0
1259,3960,0
1261,4000,0
1262,4004,0
1276,4003,0
1287,3979,0
1297,3942,0
1312,3913,0
1325,3909,0
1334,3916,0
1341,3943,0
1348,3979,0
1356,4015,0
1372,4041,0
1393,4056,0
1421,4058,0
1446,4039,0
1474,4020,0
1497,3981,0
1521,3935,0
1540,3896,0
1548,3871,0
1544,3859,0
1527,3858,0
1505,3877,0
1483,3903,0
1465,3933,0
1457,3966,0
1462,3990,0
1481,4007,0
1515,4016,0
1551,4023,0
1589,4035,0
1621,4046,0
1642,4064,0
1650,4070,0
1650,4071,0
1652,4075,0
1645,4056,0
1639,4024,0
1644,3987,0
1657,3957,0
1674,3930,0
1697,3910,0
1717,3894,0
1737,3887,0
1754,3884,0
1769,3882,0
1788,3889,0
1804,3886,0
1822,3895,0
1834,3901,0
1841,3904,0
1846,3911,0
1849,3926,0
1848,3947,0
1843,3985,0
1837,4027,0
1833,4068,0
1838,4084,0
1850,4081,0
1862,4058,0
1878,4015,1
1913,3696,0
1902,3685,0
1901,3678,0
1899,3670,0
1903,3673,1
1956,3834,0
1942,3870,0
1940,3915,0
1940,3952,0
1941,3973,0
1946,3988,0
1952,3991,0
1958,3984,0
1972,3977,0
1990,3961,0
2006,3945,0
2017,3942,0
2026,3947,0
2031,3959,0
2038,3982,0
2043,4005,0
2052,4032,0
2065,4045,0
2089,4047,0
2119,4035,0
2149,4015,0
2177,3994,0
2202,3962,0
2230,3933,0
2252,3913,0
2267,3904,0
2269,3899,0
2270,3904,0
2270,3904,0
2265,3909,0
2250,3923,0
2234,3948,0
2221,3977,0
2215,4008,0
2222,4039,0
2239,4068,0
2265,4093,1
2758,3883,0
2719,3887,0
2679,3905,0
2642,3921,0
2622,3928,0
2626,3940,0
2647,3949,0
2686,3963,0
2726,3971,0
2766,3989,0
2798,4010,0
2815,4029,0
2818,4049,0
2801,4070,0
2765,4094,0
2715,4115,0
2663,4131,0
2625,4143,0
2605,4142,0
2603,4133,0
2622,4109,1
2976,3663,0
2977,3640,0
2978,3640,0
2981,3647,0
2969,3676,0
2957,3737,0
2942,3807,0
2926,3879,0
2907,3937,0
2895,3983,0
2883,4015,0
2871,4034,0
2864,4046,1
2860,4048,0
2864,4046,0
2876,4045,0
2899,4039,0
2935,4025,0
2982,4007,0
3030,3983,0
3072,3956,0
3104,3925,0
3134,3899,0
3152,3876,0
3155,3856,0
3147,3847,0
3124,3842,0
3093,3850,0
3059,3873,0
3019,3899,0
2992,3935,0
2975,3962,0
2967,3974,0
2973,3984,0
2985,3988,0
3002,3983,0
3021,3960,0
3047,3929,0
3074,3892,0
3100,3860,0
3114,3829,0
3116,3810,0
3113,3807,0
3111,3808,0
3107,3810,0
3105,3830,0
3098,3852,0
3101,3873,0
3111,3886,0
3132,3892,0
3163,3894,0
3195,3889,0
3222,3892,0
3241,3900,0
3249,3909,0
3254,3930,0
3245,3939,0
3238,3953,0
3227,3954,0
3223,3952,0
3218,3941,0
3223,3920,0
3236,3894,0
3251,3866,0
3276,3847,0
3300,3836,0
3323,3828,0
3344,3820,0
3365,3816,0
3387,3812,0
3402,3802,0
3413,3795,0
3424,3798,0
3431,3798,0
3433,3801,0
3426,3795,0
3424,3798,0
3425,3801,0
3424,3802,0
3424,3802,0
3424,3802,0
3422,3798,0
3422,3798,0
3424,3798,0
3423,3798,0
3427,3800,0
3427,3800,0
3425,3797,0
3428,3795,1
3451,3799,0
3450,3790,0
3451,3779,0
3450,3771,0
3443,3756,0
3435,3752,0
3421,3747,0
3402,3750,0
3381,3759,0
3360,3777,0
3344,3801,0
3333,3826,0
3332,3860,0
3332,3888,0
3344,3923,0
3356,3944,0
3387,3966,0
3417,3971,0
3460,3969,0
3507,3962,0
3549,3945,0
3581,3919,0
3604,3894,0
3618,3875,0
3615,3853,0
3610,3842,0
3600,3834,0
3576,3831,0
3553,3847,0
3527,3878,0
3499,3915,0
3484,3954,0
3489,3983,0
3493,3995,0
3511,3998,0
3535,3983,0
3563,3946,0
3592,3892,0
3618,3817,0
3644,3744,0
3658,3680,0
3662,3638,0
3656,3612,0
3650,3607,0
3641,3603,0
3634,3623,0
3620,3668,0
3604,3728,0
3592,3801,0
3588,3872,0
3592,3940,0
3602,3996,0
3619,4038,1
4123,3871,0
4110,3850,0
4100,3837,0
4076,3826,0
4039,3826,0
3998,3849,0
3954,3882,0
3921,3923,0
3903,3957,0
3905,3974,0
3918,3979,0
3945,3969,0
3978,3945,0
4013,3923,0
4041,3891,0
4061,3865,0
4069,3853,0
4068,3854,0
4068,3863,0
4062,3899,0
4057,3940,0
4061,3966,0
4063,3965,0
4081,3961,0
4111,3933,0
4141,3877,0
4178,3820,0
4215,3751,0
4251,3676,0
4285,3612,0
4306,3565,0
4316,3544,0
4318,3543,0
4313,3548,0
4305,3594,0
4285,3666,0
4261,3752,0
4239,3836,0
4218,3890,0
4207,3921,0
4202,3930,1
4195,3889,0
4198,3892,0
4201,3894,0
4217,3907,0
4242,3923,0
4273,3933,0
4303,3923,0
4346,3902,1
4594,3525,0
4589,3532,0
4584,3565,0
4573,3623,0
4560,3687,0
4551,3751,0
4540,3800,0
4539,3839,0
4550,3863,0
4565,3870,0
4594,3860,0
4629,3837,0
4661,3806,0
4691,3788,0
4713,3788,0
4724,3795,0
4730,3811,0
4734,3841,0
4732,3871,0
4735,3889,0
4751,3897,0
4778,3887,0
4816,3861,0
4849,3832,0
4885,3800,0
4914,3776,0
4932,3769,0
4946,3778,0
4954,3803,0
4956,3843,0
4956,3884,0
4960,3913,0
4969,3916,1
5043,3579,0
5031,3573,0
5033,3572,0
5034,3571,0
5045,3576,1
5133,3719,0
5112,3761,0
5100,3805,0
5103,3837,0
5106,3851,0
5122,3858,0
5133,3851,0
5146,3843,0
5164,3829,0
5177,3814,0
5187,3814,0
5191,3817,0
5192,3826,0
5193,3844,0
5187,3863,0
5190,3879,0
5197,3881,0
5214,3874,0
5238,3855,0
5258,3831,0
5272,3804,0
5291,3775,0
5309,3754,0
5320,3752,0
5327,3757,0
5330,3772,0
5336,3796,0
5342,3826,0
5345,3853,0
5352,3869,0
5361,3877,0
5380,3880,0
5396,3873,1
5624,3876,0
5617,3877,0
5607,3896,0
5590,3935,0
5575,3984,0
5571,4021,0
5574,4040,0
5587,4050,0
5598,4050,1