What do you expect for
451
944,1538,0
928,1541,0
921,1539,0
915,1527,0
913,1507,0
914,1479,0
919,1439,0
928,1392,0
941,1344,0
960,1315,0
977,1300,0
989,1305,0
998,1342,0
1003,1411,0
997,1486,0
995,1570,0
999,1643,0
1004,1683,0
1015,1696,0
1030,1684,0
1051,1656,0
1075,1621,0
1100,1605,0
1123,1612,0
1140,1639,0
1154,1687,0
1167,1742,0
1172,1786,0
1175,1802,0
1176,1798,0
1179,1773,0
1178,1705,0
1177,1621,0
1179,1537,0
1187,1476,0
1195,1440,0
1201,1411,1
1333,1313,0
1330,1330,0
1333,1367,0
1336,1411,0
1338,1464,0
1338,1524,0
1334,1578,0
1331,1615,0
1331,1632,0
1334,1631,0
1337,1614,0
1347,1576,0
1358,1529,0
1376,1505,0
1386,1498,0
1391,1510,0
1391,1542,0
1390,1591,0
1391,1640,0
1396,1672,0
1406,1686,0
1422,1686,0
1435,1667,0
1450,1639,0
1462,1607,0
1469,1589,0
1475,1595,0
1476,1611,0
1479,1644,0
1490,1678,0
1506,1703,0
1524,1705,0
1554,1697,0
1581,1659,0
1609,1611,0
1621,1559,0
1619,1518,0
1594,1493,0
1565,1496,0
1540,1517,0
1521,1544,1
1517,1608,0
1535,1623,0
1551,1631,0
1577,1648,0
1594,1667,0
1611,1695,0
1623,1716,0
1640,1727,0
1660,1720,0
1691,1691,0
1720,1635,0
1751,1568,0
1773,1495,0
1789,1427,0
1791,1371,0
1794,1341,0
1788,1330,0
1788,1335,0
1782,1362,0
1771,1414,0
1761,1479,0
1759,1547,0
1765,1615,0
1779,1670,0
1802,1704,0
1829,1718,0
1860,1711,0
1883,1681,1
1713,1555,0
1722,1556,0
1757,1548,0
1824,1540,0
1896,1527,1
2353,1536,0
2352,1527,0
2352,1515,0
2344,1496,0
2329,1476,0
2309,1469,0
2286,1479,0
2260,1507,0
2241,1551,0
2226,1599,0
2222,1648,0
2231,1686,0
2249,1702,0
2278,1700,0
2313,1672,0
2353,1622,0
2393,1559,0
2427,1493,0
2448,1430,0
2456,1380,0
2458,1359,0
2461,1362,0
2453,1376,0
2441,1425,0
2426,1488,0
2418,1563,0
2408,1632,0
2414,1686,0
2427,1712,0
2447,1716,0
2471,1699,0
2502,1666,0
2533,1625,0
2558,1592,0
2569,1575,0
2574,1577,0
2574,1582,0
2575,1609,0
2573,1641,0
2579,1669,0
2595,1687,0
2614,1691,0
2641,1679,0
2666,1647,0
2692,1607,0
2700,1563,0
2693,1521,0
2674,1493,0
2645,1484,0
2608,1492,0
2572,1513,0
2542,1541,0
2521,1573,1
3013,1742,0
3003,1743,0
2994,1735,0
2985,1720,0
2984,1690,0
2992,1654,0
3008,1611,0
3028,1572,0
3053,1544,0
3075,1532,0
3091,1538,0
3099,1562,0
3103,1605,0
3105,1656,0
3110,1704,0
3123,1739,0
3139,1751,0
3166,1742,0
3202,1707,0
3245,1654,0
3281,1591,0
3309,1539,0
3325,1515,0
3320,1513,0
3320,1522,0
3308,1556,0
3306,1611,0
3302,1676,0
3305,1749,0
3305,1823,0
3309,1903,0
3304,1981,0
3298,2051,0
3282,2106,0
3265,2148,0
3242,2167,0
3232,2173,0
3211,2154,0
3197,2110,0
3190,2052,0
3202,1991,0
3220,1925,0
3250,1862,0
3286,1802,0
3319,1749,0
3346,1703,0
3373,1670,0
3391,1650,0
3404,1645,0
3402,1646,0
3402,1662,0
3397,1693,0
3401,1722,0
3411,1742,0
3428,1746,0
3446,1734,0
3468,1699,0
3489,1653,0
3503,1611,0
3498,1575,0
3484,1558,0
3461,1559,0
3432,1575,0
3404,1599,0
3394,1622,0
3393,1631,0
3401,1633,0
3421,1625,0
3451,1606,0
3482,1585,0
3509,1570,0
3530,1568,0
3540,1580,0
3543,1607,0
3542,1641,0
3546,1682,0
3542,1710,0
3548,1722,0
3559,1722,0
3579,1703,0
3603,1664,0
3628,1621,0
3645,1590,0
3654,1575,0
3657,1578,0
3656,1587,0
3651,1621,0
3650,1655,0
3658,1689,0
3677,1713,0
3707,1723,0
3745,1713,0
3785,1692,1
4175,1699,0
4176,1696,0
4186,1687,0
4205,1664,0
4227,1627,0
4256,1586,0
4272,1549,0
4279,1520,0
4269,1503,0
4249,1499,0
4220,1506,0
4192,1531,0
4173,1574,0
4158,1624,0
4164,1676,0
4181,1714,0
4215,1744,0
4257,1759,0
4304,1756,0
4353,1734,0
4395,1694,1
4449,1540,0
4446,1546,0
4462,1580,0
4487,1615,0
4524,1650,0
4555,1688,0
4581,1719,0
4598,1742,1
4406,1754,0
4408,1742,0
4430,1705,0
4482,1655,0
4556,1604,1
4780,1537,0
4775,1527,0
4769,1521,0
4768,1522,0
4770,1528,0
4767,1561,0
4761,1619,0
4750,1691,0
4740,1775,0
4731,1853,0
4727,1918,0
4726,1957,0
4724,1968,0
4727,1965,0
4727,1937,0
4727,1872,0
4735,1795,0
4762,1723,0
4798,1659,0
4835,1606,0
4866,1569,0
4889,1552,0
4901,1554,0
4907,1572,0
4907,1611,0
4904,1660,0
4907,1708,0
4912,1748,0
4924,1771,0
4947,1778,0
4975,1765,0
5010,1730,0
5054,1684,0
5085,1635,0
5108,1595,0
5122,1568,0
5113,1556,0
5095,1560,0
5071,1580,0
5044,1619,0
5026,1665,0
5026,1710,0
5034,1746,0
5062,1772,0
5103,1776,1
5339,1587,0
5323,1573,0
5308,1564,0
5291,1566,0
5273,1584,0
5248,1619,0
5224,1663,0
5213,1716,0
5209,1758,0
5233,1783,0
5274,1789,0
5335,1768,0
5402,1722,0
5465,1664,0
5528,1600,0
5571,1530,0
5598,1469,0
5612,1435,0
5606,1422,0
5594,1423,0
5571,1441,0
5552,1485,0
5522,1541,0
5502,1602,0
5494,1665,0
5493,1718,0
5497,1766,0
5518,1801,0
5545,1819,0
5579,1819,0
5620,1802,0
5653,1769,0
5669,1734,1
5413,1667,0
5414,1667,0
5423,1663,0
5456,1651,0
5513,1635,0
5572,1623,0
5612,1612,0
5648,1607,0
5665,1607,1
6232,1578,0
6232,1564,0
6226,1536,0
6221,1510,0
6213,1491,0
6203,1481,0
6192,1479,0
6176,1493,0
6154,1530,0
6130,1587,0
6116,1664,0
6097,1765,0
6083,1870,0
6073,1971,0
6065,2053,0
6046,2123,0
6036,2170,0
6023,2191,0
6015,2189,0
6010,2172,0
5995,2122,0
5993,2061,0
6002,2003,0
6028,1944,0
6061,1886,0
6096,1834,0
6130,1793,0
6162,1772,0
6181,1766,0
6186,1773,0
6190,1802,0
6186,1840,0
6187,1876,0
6200,1901,0
6226,1911,0
6259,1901,0
6292,1865,0
6323,1819,0
6342,1773,0
6341,1734,0
6322,1713,0
6283,1716,0
6249,1733,0
6215,1761,0
6195,1788,0
6191,1798,0
6203,1801,0
6227,1792,0
6269,1766,0
6314,1740,0
6357,1723,0
6385,1725,0
6410,1742,0
6420,1775,0
6425,1814,0
6423,1849,0
6420,1869,0
6419,1873,0
6421,1870,0
6425,1855,0
6430,1813,0
6435,1769,0
6445,1734,0
6457,1720,0
6470,1722,0
6487,1734,0
6512,1749,0
6554,1762,0
6609,1761,0
6663,1759,0
6700,1746,0
6702,1725,0
6685,1695,1