to appear. But the proceedings
442
1161,3399,0
1161,3399,0
1161,3404,0
1156,3424,0
1147,3476,0
1141,3532,0
1138,3588,0
1134,3640,0
1131,3648,0
1131,3656,0
1131,3652,0
1132,3648,1
1118,3560,0
1119,3560,0
1126,3560,0
1141,3564,0
1158,3568,0
1179,3567,1
1192,3611,0
1197,3622,0
1211,3626,0
1225,3609,0
1235,3578,0
1235,3561,0
1230,3549,0
1213,3562,1
1643,3521,0
1639,3518,0
1631,3515,0
1617,3522,0
1598,3532,0
1585,3559,0
1661,3535,0
1664,3522,0
1665,3526,0
1664,3539,0
1658,3571,0
1655,3604,1
1735,3558,0
1733,3554,0
1734,3558,0
1732,3595,0
1726,3649,1
1734,3558,0
1749,3555,0
1756,3546,0
1762,3544,0
1772,3551,0
1780,3565,0
1783,3577,0
1785,3593,1
1848,3554,0
1847,3551,0
1848,3554,0
1848,3591,1
1844,3555,0
1853,3549,0
1865,3543,0
1879,3539,0
1895,3544,0
1906,3549,0
1913,3556,0
1911,3569,0
1898,3583,0
1885,3603,0
1868,3612,0
1854,3619,1
1994,3563,0
2000,3575,0
2010,3580,0
2027,3580,0
2051,3573,0
2072,3554,0
2096,3535,0
2109,3526,0
2108,3514,0
2094,3510,0
2082,3506,0
2057,3509,0
2031,3524,0
2010,3547,0
1998,3566,0
2000,3587,0
2009,3601,0
2024,3609,0
2047,3615,0
2075,3616,0
2103,3607,1
1998,3604,0
2183,3574,0
2184,3595,0
2193,3604,0
2206,3600,0
2225,3585,0
2250,3565,0
2263,3535,0
2270,3527,0
2270,3527,0
2273,3540,0
2270,3562,0
2270,3579,0
2277,3593,0
2289,3602,0
2294,3600,1
2341,3519,0
2341,3523,0
2345,3543,0
2345,3568,0
2347,3590,0
2352,3588,0
2363,3575,0
2379,3543,0
2394,3520,0
2400,3513,0
2403,3512,0
2409,3519,0
2414,3525,1
2475,3556,0
2470,3554,0
2467,3551,0
2463,3548,0
2466,3551,0
2465,3548,0
2468,3551,0
2475,3552,0
2482,3554,1
2838,3292,0
2844,3298,0
2843,3321,0
2842,3382,0
2838,3452,0
2840,3500,0
2847,3520,0
2853,3520,0
2856,3510,1
2824,3350,0
2818,3334,0
2830,3329,0
2851,3322,0
2881,3322,0
2907,3327,0
2927,3337,0
2945,3351,0
2954,3358,0
2956,3372,0
2946,3397,0
2920,3425,0
2901,3444,0
2890,3450,0
2880,3451,0
2881,3456,0
2879,3456,0
2886,3466,0
2896,3479,0
2910,3490,0
2926,3503,0
2940,3510,0
2947,3520,0
2948,3537,0
2938,3561,0
2930,3583,0
2926,3581,0
2924,3583,0
2913,3575,0
2895,3558,0
2870,3543,0
2852,3544,1
3058,3474,0
3052,3469,0
3050,3469,0
3047,3480,0
3049,3516,0
3057,3540,0
3075,3553,0
3093,3542,0
3108,3518,0
3118,3498,0
3115,3486,0
3118,3480,0
3119,3469,1
3175,3334,0
3174,3335,0
3171,3337,0
3174,3359,0
3172,3394,0
3173,3436,0
3173,3488,0
3167,3543,0
3168,3595,0
3167,3614,0
3165,3609,0
3163,3588,0
3165,3559,1
3160,3501,0
3159,3497,0
3160,3501,0
3158,3497,0
3163,3498,0
3173,3493,0
3188,3492,0
3197,3491,1
3593,3337,0
3593,3337,0
3594,3337,0
3600,3332,0
3596,3330,0
3597,3419,0
3585,3486,0
3587,3544,0
3586,3569,0
3591,3580,0
3592,3575,0
3597,3566,1
3568,3467,0
3564,3465,0
3568,3467,0
3571,3466,0
3582,3473,0
3600,3479,0
3619,3480,0
3638,3474,1
3641,3325,0
3641,3360,0
3647,3407,0
3655,3440,0
3675,3450,0
3694,3446,0
3711,3443,0
3723,3444,0
3725,3451,0
3723,3463,0
3719,3483,0
3718,3504,0
3715,3521,0
3717,3535,0
3717,3540,1
3766,3475,0
3766,3486,0
3780,3496,0
3798,3496,0
3816,3486,0
3834,3472,0
3848,3454,0
3850,3443,0
3846,3436,0
3834,3434,0
3810,3438,0
3783,3461,0
3769,3484,0
3771,3502,0
3789,3513,0
3815,3518,0
3842,3517,1
4126,3433,0
4123,3441,0
4131,3460,0
4131,3498,0
4130,3559,0
4129,3613,0
4134,3656,0
4134,3667,0
4139,3668,1
4108,3438,0
4111,3425,0
4137,3406,0
4162,3414,0
4174,3431,0
4196,3449,0
4198,3458,0
4193,3474,0
4175,3496,0
4142,3521,0
4114,3541,0
4099,3544,1
4254,3455,0
4256,3481,0
4258,3489,0
4268,3491,0
4278,3481,0
4285,3457,0
4301,3443,0
4312,3437,0
4317,3432,0
4331,3429,0
4331,3429,0
4335,3437,0
4331,3446,1
4376,3430,0
4380,3426,0
4379,3421,0
4377,3423,0
4375,3425,0
4359,3441,0
4352,3465,0
4348,3486,0
4352,3503,0
4374,3505,0
4394,3486,0
4413,3460,0
4422,3439,0
4422,3433,0
4412,3426,0
4401,3426,0
4396,3432,1
4507,3443,0
4496,3467,0
4504,3498,0
4521,3503,0
4539,3497,0
4570,3488,0
4581,3482,0
4590,3490,1
4640,3477,0
4659,3475,0
4669,3469,0
4692,3463,0
4707,3447,0
4719,3433,0
4717,3422,0
4709,3419,0
4695,3423,0
4669,3433,0
4644,3456,0
4638,3503,0
4655,3503,0
4670,3498,0
4698,3498,1
4820,3469,0
4843,3455,0
4859,3438,0
4869,3426,0
4868,3414,0
4858,3407,0
4846,3409,0
4825,3420,0
4804,3445,0
4792,3470,0
4792,3489,0
4804,3494,0
4821,3492,0
4849,3486,0
4880,3480,0
4921,3469,0
4953,3456,1
5042,3375,0
5040,3376,0
5031,3374,0
5019,3389,0
5027,3411,0
5017,3436,0
5026,3468,0
5040,3477,0
5060,3465,0
5077,3426,0
5098,3381,0
5101,3339,0
5098,3303,0
5092,3272,0
5089,3257,0
5086,3259,0
5086,3274,1
5188,3397,0
5187,3397,0
5187,3397,0
5191,3405,0
5196,3426,0
5194,3446,0
5199,3460,0
5205,3472,0
5203,3468,1
5196,3327,0
5194,3323,0
5190,3322,0
5194,3323,0
5202,3332,1
5255,3420,0
5259,3442,0
5265,3467,0
5277,3471,0
5289,3461,0
5310,3441,0
5333,3419,0
5348,3405,0
5351,3408,0
5347,3413,0
5347,3433,0
5338,3450,0
5339,3469,0
5339,3482,0
5342,3491,0
5350,3493,0
5361,3494,1
5487,3452,0
5486,3448,0
5483,3445,0
5474,3445,0
5458,3452,0
5441,3468,0
5423,3486,0
5422,3499,0
5423,3504,0
5436,3506,0
5450,3496,0
5464,3477,0
5484,3470,0
5491,3467,0
5496,3474,0
5498,3493,0
5499,3530,0
5493,3571,0
5482,3604,0
5473,3629,0
5469,3648,0
5461,3657,0
5455,3659,0
5448,3655,0
5437,3643,0
5426,3624,0
5424,3595,0
5426,3571,0
5443,3558,1
5616,3419,0
5618,3409,0
5618,3402,0
5612,3397,0
5607,3398,0
5594,3402,0
5580,3408,0
5578,3417,0
5577,3425,0
5585,3436,0
5594,3443,0
5603,3450,0
5617,3458,0
5621,3460,0
5623,3464,0
5626,3467,0
5617,3471,0
5602,3479,0
5583,3484,0
5567,3486,0
5562,3486,1