flickers between &quot;on&quot; and &quot;off&quot; you &apos;ll
547
624,3069,0
623,3061,0
619,3057,0
615,3051,0
608,3050,0
601,3062,0
591,3080,0
581,3107,0
571,3142,0
565,3177,0
564,3214,0
565,3242,0
566,3271,1
542,3222,0
554,3228,0
572,3230,0
595,3235,0
619,3226,1
737,3097,0
728,3119,0
721,3147,0
716,3179,0
714,3206,0
715,3230,0
721,3248,0
731,3257,0
745,3259,1
849,3172,0
846,3188,0
845,3208,0
844,3228,0
844,3247,1
849,3067,0
848,3068,0
849,3064,0
853,3067,0
863,3069,1
1032,3160,0
1031,3160,0
1024,3160,0
1015,3164,0
1089,3204,1
1150,3088,0
1148,3108,0
1146,3132,0
1142,3156,0
1140,3180,0
1138,3200,0
1141,3216,0
1140,3224,0
1139,3232,1
1208,3158,0
1196,3170,0
1187,3187,0
1181,3203,0
1180,3215,0
1185,3227,0
1197,3235,0
1216,3233,0
1237,3224,1
1380,3126,0
1382,3121,0
1380,3113,0
1376,3114,0
1368,3110,0
1355,3115,0
1338,3125,0
1323,3143,0
1312,3163,0
1309,3184,0
1309,3199,0
1315,3211,0
1329,3223,0
1348,3225,0
1372,3223,0
1390,3209,0
1498,3171,0
1513,3153,0
1526,3135,0
1539,3125,1
1708,3119,0
1704,3115,0
1698,3117,0
1688,3115,0
1679,3120,0
1671,3126,0
1664,3132,0
1660,3141,0
1659,3145,0
1663,3152,0
1674,3162,0
1684,3168,0
1694,3179,0
1702,3189,0
1705,3197,0
1703,3202,0
1701,3214,0
1692,3223,0
1677,3231,0
1664,3242,0
1650,3248,1
1932,3087,0
2082,3141,0
2076,3163,0
2072,3181,0
2072,3198,0
2075,3206,0
2075,3206,0
2074,3202,0
2077,3197,0
2084,3182,0
2089,3158,0
2095,3132,0
2127,3100,0
2203,3101,0
2200,3136,0
2192,3160,0
2178,3183,0
2160,3202,0
2138,3210,0
2123,3220,0
2108,3220,0
2098,3215,0
2094,3191,1
2315,3112,0
2321,3101,0
2328,3098,0
2324,3086,0
2324,3086,0
2321,3088,0
2309,3088,0
2266,3188,0
2275,3197,0
2292,3204,0
2308,3202,0
2329,3193,1
2444,3015,0
2444,3037,0
2441,3056,0
2441,3083,0
2439,3105,0
2444,3129,0
2444,3143,0
2447,3154,0
2449,3162,1
2399,3049,0
2400,3048,0
2412,3048,0
2429,3048,0
2449,3047,0
2475,3045,0
2502,3045,0
2521,3040,0
2540,3038,1
2566,3088,0
2569,3100,0
2569,3114,0
2574,3129,0
2578,3141,0
2584,3146,0
2586,3146,0
2596,3150,0
2601,3147,0
2608,3134,0
2618,3120,0
2630,3105,0
2643,3093,0
2654,3088,0
2654,3078,0
2660,3084,0
2661,3093,0
2663,3109,0
2662,3129,0
2665,3150,0
2665,3158,0
2676,3165,0
2688,3160,0
2708,3149,0
2727,3129,0
2747,3109,0
2758,3080,0
2774,3066,0
2782,3047,1
2817,3124,0
2840,3124,0
2859,3113,0
2873,3100,0
2885,3088,0
2894,3078,0
2902,3072,0
2902,3063,0
2902,3058,0
2899,3056,0
2889,3052,0
2879,3059,0
2861,3069,0
2844,3089,0
2830,3107,0
2826,3123,0
2826,3137,0
2834,3146,0
2850,3156,0
2873,3160,0
2899,3159,0
2927,3156,0
2956,3147,0
2982,3136,0
3004,3121,1
3039,3103,0
3049,3097,0
3060,3088,0
3073,3080,0
3077,3067,0
3084,3057,0
3083,3048,0
3077,3039,0
3073,3036,0
3062,3034,0
3053,3040,0
3042,3053,0
3024,3069,0
3008,3089,0
3003,3107,0
3010,3127,0
3023,3142,0
3040,3150,0
3063,3155,0
3088,3152,0
3115,3144,1
3202,3053,0
3202,3073,0
3198,3091,0
3202,3112,0
3204,3125,0
3206,3129,0
3217,3135,0
3223,3131,0
3235,3117,0
3254,3104,0
3269,3087,0
3286,3075,0
3298,3065,0
3310,3061,0
3317,3061,0
3322,3066,0
3326,3074,0
3323,3087,0
3325,3105,0
3334,3129,0
3337,3141,1
3590,2860,0
3588,2879,0
3585,2897,0
3583,2916,0
3578,2931,1
3674,2808,0
3672,2810,0
3672,2820,0
3671,2838,0
3666,2860,0
3659,2883,0
3658,2912,0
3656,2935,0
3658,2956,1
3792,3033,0
3788,3030,0
3780,3028,0
3773,3034,0
3764,3047,0
3752,3064,0
3751,3088,0
3749,3105,0
3754,3117,0
3764,3124,0
3779,3126,0
3797,3121,0
3815,3110,0
3824,3091,0
3836,3074,0
3846,3059,0
3843,3045,0
3843,3045,0
3839,3043,0
3838,3050,0
3836,3057,1
3912,3066,0
3913,3088,0
3914,3104,0
3917,3117,0
3921,3125,0
3924,3128,0
3929,3129,0
3937,3126,0
3950,3119,0
3958,3105,0
3971,3093,0
3984,3081,0
3992,3073,0
3998,3072,0
4003,3074,0
4005,3077,0
4007,3086,0
4011,3099,0
4005,3105,0
4008,3113,0
4014,3124,1
4141,2860,0
4140,2874,0
4141,2890,0
4141,2908,0
4139,2917,1
4213,2863,0
4210,2885,0
4207,2907,0
4207,2931,0
4212,2949,1
4476,2992,0
4462,3003,0
4446,3016,0
4430,3035,0
4420,3052,0
4420,3065,0
4427,3069,0
4440,3071,0
4456,3066,0
4468,3057,0
4486,3048,0
4500,3038,0
4516,3025,0
4524,3011,0
4537,3000,0
4542,2994,0
4543,2993,0
4544,2997,0
4539,3004,0
4536,3019,0
4533,3036,0
4531,3057,0
4530,3078,0
4533,3091,0
4540,3096,1
4631,3023,0
4633,3040,0
4629,3051,0
4633,3065,0
4637,3072,0
4641,3074,0
4644,3071,0
4651,3063,0
4661,3050,0
4675,3039,0
4688,3028,0
4706,3019,0
4720,3015,0
4728,3011,0
4739,3016,0
4743,3025,0
4743,3037,0
4748,3050,0
4753,3062,0
4759,3068,0
4770,3074,1
4895,3009,0
4890,3009,0
4881,3008,0
4873,3012,0
4867,3019,0
4857,3026,0
4854,3037,0
4851,3048,0
4854,3058,0
4859,3062,0
4870,3063,0
4883,3058,0
4895,3042,0
4908,3025,0
4927,3006,0
4936,2980,0
4961,2960,1
4992,2903,0
4998,2901,0
4993,2900,0
4990,2905,0
4990,2919,0
4982,2944,0
4974,2976,0
4965,3008,0
4960,3037,0
4961,3061,0
4965,3076,0
4972,3080,1
5205,2828,0
5209,2845,0
5204,2860,0
5199,2874,0
5190,2888,1
5285,2794,0
5284,2809,0
5274,2826,0
5271,2852,0
5265,2878,1
5407,2966,0
5402,2973,0
5388,2981,0
5375,2994,0
5366,3014,0
5361,3035,0
5360,3051,0
5371,3064,0
5377,3069,0
5399,3073,0
5409,3064,0
5430,3056,0
5436,3038,0
5453,3020,0
5462,2998,0
5473,2982,0
5478,2974,1
5576,2876,0
5570,2895,0
5561,2917,0
5556,2947,0
5552,2977,0
5552,3006,0
5548,3027,0
5554,3047,0
5556,3053,1
5538,2990,0
5539,2989,0
5545,2988,0
5559,2989,0
5576,2991,1
5727,2872,0
5716,2891,0
5710,2917,0
5701,2947,0
5698,2976,0
5699,3006,0
5701,3032,0
5704,3051,0
5704,3058,1
5636,2985,0
5636,2985,0
5653,2989,0
5670,2991,0
5692,2994,1
5868,2835,0
5869,2850,0
5874,2866,0
5870,2880,0
5873,2900,1
5929,2815,0
5929,2815,0
5928,2825,0
5925,2840,0
5919,2858,1
6195,2963,0
6197,2967,0
6199,2972,0
6207,2982,0
6216,2991,0
6223,3004,0
6232,3018,0
6236,3030,0
6242,3042,1
6315,2984,0
6305,3002,0
6290,3030,0
6271,3064,0
6254,3096,0
6241,3126,0
6229,3148,0
6230,3161,0
6234,3163,1
6435,2980,0
6432,2977,0
6429,2975,0
6424,2975,0
6411,2982,0
6401,2992,0
6394,3007,0
6390,3022,0
6389,3033,0
6389,3041,0
6400,3046,0
6410,3045,0
6424,3036,0
6439,3024,0
6447,3008,0
6454,2996,0
6457,2982,0
6457,2974,0
6457,2972,0
6458,2971,0
6454,2971,1
6509,2960,0
6500,2968,0
6493,2981,0
6489,2998,0
6486,3013,0
6494,3031,0
6498,3041,0
6505,3046,0
6518,3047,0
6534,3042,0
6551,3033,0
6564,3019,0
6586,3003,0
6600,2983,0
6618,2966,0
6628,2955,0
6627,2948,0
6634,2952,0
6628,2955,0
6623,2972,0
6609,2993,0
6604,3018,0
6594,3040,0
6587,3061,0
6581,3073,1
6708,2809,0
6704,2808,0
6707,2811,0
6703,2821,0
6691,2834,0
6692,2853,0
6688,2868,0
6692,2878,0
6693,2879,1
6807,2936,0
6800,2968,0
6792,2994,0
6791,3023,0
6788,3047,0
6795,3068,0
6811,3081,0
6827,3084,0
6850,3084,1
6899,2938,0
6890,2966,0
6878,2991,0
6876,3022,0
6877,3047,0
6883,3062,0
6903,3076,0
6923,3080,0
6942,3078,1