throttle. Again twenty-seven
535
1257,2089,0
1261,2088,0
1275,2095,0
1295,2096,0
1320,2094,0
1349,2090,0
1380,2089,0
1405,2085,0
1425,2082,1
1338,2011,0
1339,2011,0
1343,2014,0
1348,2026,0
1351,2037,0
1357,2061,0
1359,2089,0
1358,2121,0
1354,2154,0
1352,2186,0
1350,2211,0
1353,2231,0
1360,2242,1
1494,1999,0
1496,2022,0
1496,2059,0
1493,2101,0
1494,2146,0
1496,2182,0
1503,2210,0
1512,2228,0
1524,2233,0
1542,2234,0
1564,2224,0
1590,2210,0
1616,2200,0
1635,2190,0
1648,2182,0
1657,2184,0
1667,2193,0
1670,2196,0
1675,2204,0
1677,2203,0
1684,2205,1
1720,2123,0
1720,2123,0
1722,2126,0
1722,2135,0
1723,2152,0
1722,2168,0
1720,2182,0
1716,2191,0
1716,2200,0
1714,2196,0
1713,2192,0
1714,2183,0
1716,2166,0
1722,2152,0
1726,2137,0
1732,2135,0
1737,2134,0
1742,2133,0
1750,2133,0
1758,2135,0
1766,2137,1
1910,2180,0
1915,2178,0
1917,2173,0
1921,2167,0
1925,2160,0
1924,2153,0
1918,2147,0
1908,2142,0
1892,2140,0
1878,2145,0
1865,2159,0
1851,2174,0
1844,2193,0
1844,2206,0
1849,2208,0
1869,2210,0
1894,2200,0
1917,2181,0
1940,2168,0
1956,2157,0
1964,2149,1
1978,2129,0
1983,2131,0
1993,2130,0
2015,2130,0
2041,2121,0
2067,2117,0
2092,2113,0
2109,2109,0
2126,2109,1
2079,2052,0
2079,2053,0
2079,2053,0
2082,2060,0
2083,2073,0
2081,2092,0
2077,2121,0
2069,2152,0
2067,2184,1
2147,2106,0
2152,2108,0
2161,2108,0
2176,2105,0
2201,2099,1
2236,2022,0
2230,2021,0
2229,2022,0
2229,2026,0
2229,2036,0
2229,2051,0
2223,2067,0
2220,2093,0
2214,2119,0
2213,2148,0
2210,2168,0
2209,2182,0
2209,2192,1
2285,2043,0
2289,2041,0
2289,2041,0
2289,2041,0
2287,2041,0
2285,2048,0
2287,2065,0
2285,2090,0
2281,2117,0
2277,2138,0
2277,2156,0
2283,2167,0
2286,2170,1
2329,2152,0
2332,2151,0
2336,2148,0
2347,2141,0
2362,2127,0
2381,2115,0
2394,2100,0
2406,2088,0
2411,2079,0
2414,2077,0
2411,2075,0
2404,2075,0
2395,2081,0
2379,2096,0
2362,2117,0
2345,2142,0
2333,2164,0
2333,2183,0
2340,2193,0
2359,2200,0
2379,2197,1
2562,2168,0
2567,2169,0
2571,2171,0
2574,2169,0
2581,2169,1
2897,2209,0
2899,2202,0
2910,2187,0
2929,2164,0
2953,2131,0
2986,2099,0
3015,2065,0
3042,2036,0
3064,2012,0
3090,2002,0
3100,1997,0
3105,1997,0
3108,2005,0
3110,2022,0
3108,2048,0
3107,2077,0
3105,2108,0
3102,2135,0
3101,2154,0
3100,2166,0
3098,2174,1
3020,2122,0
3024,2123,0
3033,2121,0
3049,2115,0
3075,2105,0
3107,2096,0
3136,2087,0
3164,2081,0
3188,2078,1
3308,2099,0
3305,2096,0
3308,2094,0
3310,2087,0
3310,2074,0
3308,2063,0
3298,2055,0
3282,2056,0
3257,2062,0
3241,2079,0
3223,2099,0
3209,2116,0
3204,2125,0
3208,2128,0
3218,2128,0
3228,2123,0
3245,2112,0
3259,2095,0
3277,2081,0
3295,2073,0
3306,2072,0
3314,2075,0
3316,2084,0
3324,2106,0
3325,2135,0
3323,2168,0
3325,2207,0
3318,2245,0
3310,2277,0
3301,2303,0
3290,2320,0
3274,2326,0
3252,2320,0
3231,2306,0
3216,2288,0
3209,2273,0
3202,2256,1
3491,2074,0
3495,2068,0
3503,2064,0
3506,2055,0
3508,2046,0
3504,2038,0
3496,2034,0
3484,2036,0
3463,2043,0
3442,2058,0
3426,2078,0
3411,2096,0
3407,2107,0
3412,2113,0
3419,2111,0
3438,2107,0
3457,2096,0
3479,2083,0
3498,2070,0
3508,2058,0
3522,2059,0
3522,2059,0
3522,2066,0
3527,2080,0
3531,2107,0
3536,2113,0
3544,2116,0
3559,2116,0
3574,2109,0
3592,2099,0
3604,2085,0
3621,2075,0
3629,2064,0
3631,2055,0
3636,2056,0
3638,2058,0
3636,2061,0
3636,2069,0
3633,2078,0
3631,2087,1
3630,2029,0
3626,2028,0
3626,2028,0
3627,2026,0
3629,2025,1
3729,2035,0
3729,2036,0
3731,2040,0
3731,2046,0
3730,2055,0
3730,2067,0
3728,2079,0
3727,2087,0
3732,2092,0
3737,2094,0
3743,2092,0
3755,2088,0
3766,2080,0
3779,2075,0
3791,2072,0
3804,2075,0
3807,2077,0
3818,2083,0
3821,2086,0
3828,2090,0
3828,2090,1
4258,2049,0
4257,2050,0
4265,2053,0
4270,2052,0
4300,2056,0
4320,2053,0
4348,2053,0
4372,2052,0
4393,2047,1
4333,1959,0
4334,1957,0
4333,1956,0
4332,1959,0
4338,1966,0
4335,1979,0
4332,2000,0
4326,2027,0
4322,2058,0
4317,2083,0
4317,2106,0
4320,2125,0
4322,2136,1
4427,2037,0
4430,2038,0
4434,2040,0
4432,2045,0
4437,2059,0
4432,2075,0
4434,2096,0
4429,2113,0
4430,2128,0
4435,2135,0
4437,2138,0
4442,2137,0
4451,2132,0
4462,2121,0
4470,2107,0
4481,2096,0
4490,2089,0
4491,2086,0
4491,2086,0
4498,2090,0
4500,2094,0
4509,2102,0
4519,2111,0
4529,2116,0
4536,2121,0
4545,2121,0
4553,2121,0
4560,2118,0
4564,2111,0
4572,2104,0
4575,2098,0
4570,2090,0
4572,2087,1
4625,2091,0
4631,2096,0
4644,2097,0
4654,2096,0
4672,2096,0
4685,2096,0
4701,2092,0
4711,2092,0
4720,2092,0
4727,2088,0
4731,2088,0
4731,2087,0
4731,2088,0
4722,2087,0
4711,2091,0
4698,2099,0
4680,2106,0
4669,2119,0
4662,2131,0
4663,2139,0
4664,2145,0
4676,2147,0
4691,2146,0
4707,2140,0
4726,2131,0
4743,2125,0
4761,2116,0
4769,2111,0
4779,2109,0
4782,2110,0
4784,2116,0
4781,2121,0
4778,2127,0
4782,2137,0
4789,2142,0
4792,2142,0
4805,2144,0
4815,2142,0
4835,2137,0
4847,2135,0
4861,2132,0
4865,2133,0
4872,2136,0
4876,2137,0
4883,2142,1
4917,2121,0
4924,2123,0
4938,2124,0
4956,2123,0
4980,2118,1
4999,2045,0
4998,2046,0
4999,2046,0
5004,2054,0
5003,2065,0
5004,2081,0
5004,2099,0
5000,2114,0
4998,2128,1
5086,2122,0
5085,2123,0
5094,2123,0
5110,2127,0
5134,2133,1
5240,2162,0
5236,2170,0
5224,2186,0
5209,2208,0
5185,2236,0
5162,2265,0
5134,2292,0
5111,2318,0
5096,2340,1
5397,2109,0
5392,2109,0
5392,2109,0
5392,2109,0
5400,2110,0
5409,2113,0
5421,2113,0
5438,2114,0
5458,2111,1
5677,2077,0
5673,2073,0
5680,2070,0
5679,2060,0
5678,2051,1
5651,2043,0
5636,2050,0
5619,2058,0
5610,2070,0
5608,2086,0
5606,2101,0
5612,2116,0
5615,2130,0
5622,2142,0
5624,2149,0
5619,2149,0
5619,2152,0
5603,2147,0
5592,2142,0
5582,2136,0
5572,2128,1
5635,2103,0
5644,2102,0
5661,2104,0
5684,2101,0
5707,2096,0
5730,2094,0
5757,2093,0
5775,2090,0
5793,2087,0
5807,2087,0
5812,2084,0
5812,2082,0
5808,2082,0
5798,2085,0
5784,2088,0
5767,2098,0
5754,2109,0
5750,2119,0
5751,2127,0
5757,2133,0
5772,2137,1
5878,2080,0
5882,2082,0
5882,2082,0
5883,2088,0
5893,2096,0
5897,2108,0
5900,2121,0
5904,2133,0
5918,2141,0
5925,2147,0
5938,2147,0
5952,2144,0
5964,2135,0
5977,2124,0
5983,2110,0
5991,2099,0
5998,2090,1
6023,2126,0
6027,2126,0
6040,2128,0
6054,2125,0
6072,2121,0
6087,2116,0
6102,2111,0
6117,2107,0
6126,2104,0
6131,2101,0
6133,2100,0
6129,2098,0
6128,2099,0
6125,2098,0
6114,2101,0
6099,2108,0
6090,2120,0
6081,2132,0
6076,2145,0
6083,2159,0
6092,2171,0
6106,2178,0
6126,2182,0
6152,2181,0
6172,2174,1
6273,2112,0
6277,2113,0
6276,2116,0
6276,2126,0
6272,2136,0
6270,2144,0
6272,2149,0
6275,2152,0
6292,2153,0
6305,2151,0
6325,2145,0
6346,2144,0
6360,2143,0
6366,2148,0
6373,2154,0
6375,2161,0
6381,2167,0
6379,2172,0
6382,2175,0
6386,2176,0
6386,2176,1