oil in. Soon the spring caps
546
632,5453,0
624,5465,0
616,5484,0
613,5520,0
617,5549,0
625,5581,0
641,5602,0
659,5604,0
682,5594,0
699,5571,0
714,5535,0
723,5496,0
726,5456,0
714,5424,0
691,5418,0
661,5436,0
620,5468,0
598,5514,0
593,5551,0
600,5571,0
620,5577,0
649,5559,0
687,5530,0
728,5489,0
768,5451,0
803,5421,0
829,5410,0
846,5419,0
852,5439,0
855,5487,0
851,5531,0
852,5575,0
861,5600,0
872,5605,0
891,5601,0
914,5574,0
934,5523,1
880,5320,0
883,5317,0
887,5309,0
899,5289,0
910,5269,1
992,5264,0
997,5296,0
997,5344,0
998,5400,0
996,5467,0
1003,5528,0
1013,5580,0
1028,5600,0
1047,5604,0
1073,5588,0
1095,5557,0
1117,5508,1
1297,5464,0
1300,5460,0
1305,5448,0
1315,5431,0
1329,5418,0
1342,5417,0
1356,5429,0
1363,5457,0
1369,5492,0
1374,5528,0
1382,5552,0
1394,5571,0
1410,5574,0
1429,5565,0
1446,5535,0
1463,5494,0
1471,5446,1
1394,5339,0
1395,5335,0
1399,5323,0
1411,5309,1
1503,5375,0
1510,5398,0
1517,5422,0
1524,5457,0
1531,5493,0
1536,5533,0
1541,5569,0
1546,5584,0
1549,5583,0
1550,5580,0
1554,5552,0
1556,5511,0
1566,5470,0
1580,5429,0
1602,5397,0
1624,5376,0
1641,5370,0
1648,5373,0
1650,5397,0
1646,5434,0
1636,5479,0
1633,5520,0
1632,5556,0
1640,5575,0
1650,5578,0
1668,5572,0
1687,5550,0
1706,5520,0
1723,5490,1
1867,5563,0
1865,5567,0
1863,5564,0
1862,5559,0
1861,5560,0
1865,5564,0
1860,5552,0
1863,5544,0
1877,5537,1
2357,5238,0
2357,5234,0
2350,5223,0
2332,5219,0
2306,5226,0
2276,5241,0
2251,5272,0
2236,5308,0
2234,5341,0
2246,5379,0
2273,5422,0
2306,5464,0
2338,5502,0
2356,5535,0
2361,5562,0
2356,5580,0
2343,5591,0
2318,5593,0
2289,5578,0
2263,5556,0
2250,5530,0
2248,5502,0
2259,5475,0
2282,5453,0
2312,5434,0
2338,5429,0
2362,5434,0
2375,5448,0
2386,5474,0
2394,5509,0
2407,5539,0
2424,5559,0
2445,5566,0
2470,5556,0
2502,5527,0
2531,5486,0
2548,5439,0
2555,5408,0
2543,5383,0
2517,5373,0
2477,5384,0
2446,5417,0
2425,5460,0
2422,5494,0
2431,5516,0
2456,5535,0
2486,5535,0
2521,5525,0
2554,5520,0
2579,5522,0
2597,5538,0
2615,5558,0
2634,5582,0
2654,5592,0
2675,5590,0
2700,5574,0
2723,5538,0
2742,5499,0
2748,5451,0
2738,5421,0
2718,5406,0
2687,5407,0
2647,5427,0
2622,5455,0
2610,5489,1
2774,5477,0
2791,5450,0
2811,5431,0
2832,5411,0
2850,5405,0
2866,5408,0
2881,5424,0
2891,5450,0
2895,5482,0
2896,5516,0
2893,5542,0
2892,5556,0
2890,5552,0
2888,5540,0
2891,5514,0
2897,5477,0
2914,5451,0
2929,5412,0
2948,5397,0
2966,5398,0
2977,5412,0
2985,5438,0
2985,5477,0
2986,5523,0
2989,5564,0
3000,5590,0
3016,5598,0
3038,5598,0
3065,5571,0
3091,5532,0
3119,5491,0
3136,5450,0
3149,5414,1
3581,5187,0
3578,5190,0
3576,5195,0
3573,5227,0
3571,5269,0
3574,5329,0
3573,5397,0
3578,5474,0
3577,5535,0
3576,5585,0
3577,5606,0
3577,5606,0
3576,5598,1
3525,5450,0
3522,5442,0
3526,5445,0
3535,5445,0
3559,5451,0
3586,5438,0
3612,5408,0
3644,5362,0
3674,5315,0
3700,5267,0
3722,5228,0
3732,5209,0
3739,5215,0
3742,5240,0
3742,5294,0
3732,5353,0
3721,5412,0
3715,5473,0
3709,5508,0
3707,5518,0
3711,5520,0
3716,5505,0
3728,5467,0
3751,5438,0
3772,5414,0
3794,5407,0
3807,5414,0
3817,5440,0
3818,5479,0
3821,5528,0
3832,5571,0
3851,5602,0
3874,5609,0
3906,5601,0
3940,5569,0
3977,5527,0
4006,5475,0
4017,5428,0
4017,5390,0
4005,5371,0
3986,5367,0
3960,5377,0
3937,5403,0
3923,5443,0
3921,5489,0
3929,5535,0
3943,5572,0
3970,5595,0
4006,5602,0
4047,5594,0
4084,5569,0
4118,5535,1
4616,5367,0
4616,5363,0
4616,5354,0
4610,5348,0
4601,5344,0
4581,5343,0
4562,5356,0
4546,5371,0
4534,5398,0
4530,5425,0
4535,5451,0
4554,5476,0
4583,5501,0
4612,5520,0
4640,5544,0
4657,5566,0
4657,5591,0
4644,5613,0
4622,5633,0
4587,5646,0
4551,5650,0
4521,5641,0
4495,5614,0
4490,5570,0
4499,5521,1
4729,5401,0
4726,5433,0
4727,5476,0
4724,5537,0
4722,5605,0
4719,5679,0
4718,5756,0
4719,5823,0
4722,5868,0
4720,5884,0
4722,5882,0
4713,5864,0
4702,5814,0
4693,5740,0
4693,5668,0
4700,5586,0
4717,5517,0
4742,5460,0
4775,5423,0
4806,5401,0
4827,5401,0
4837,5424,0
4833,5460,0
4814,5503,0
4791,5539,0
4772,5566,0
4758,5576,0
4751,5571,0
4754,5550,1
4876,5543,0
4879,5545,0
4881,5540,0
4881,5519,0
4893,5482,0
4913,5452,0
4938,5430,0
4962,5431,0
4978,5445,0
4982,5472,0
4981,5507,0
4980,5538,0
4972,5543,0
4975,5545,0
4980,5532,0
4993,5498,0
5011,5455,0
5027,5429,0
5041,5407,0
5046,5404,0
5049,5407,0
5048,5417,0
5051,5430,0
5055,5437,0
5074,5438,0
5093,5434,0
5114,5422,0
5133,5417,0
5147,5417,0
5152,5424,0
5156,5445,0
5156,5476,0
5158,5504,0
5166,5533,0
5177,5550,0
5197,5555,0
5225,5539,1
5227,5333,0
5226,5335,0
5224,5330,0
5230,5326,0
5242,5317,1
5313,5383,0
5315,5417,0
5317,5461,0
5320,5504,0
5320,5546,0
5318,5573,0
5317,5584,0
5318,5583,0
5323,5573,0
5333,5541,0
5354,5499,0
5380,5461,0
5409,5428,0
5435,5412,0
5450,5410,0
5458,5423,0
5454,5453,0
5446,5491,0
5440,5532,0
5443,5566,0
5452,5579,0
5475,5586,0
5503,5578,0
5532,5559,0
5560,5542,0
5583,5532,0
5588,5533,0
5586,5535,0
5588,5561,0
5586,5583,0
5596,5600,0
5608,5605,0
5634,5599,0
5668,5571,0
5701,5532,0
5726,5490,0
5737,5443,0
5735,5407,0
5718,5385,0
5684,5382,0
5646,5401,0
5603,5426,0
5573,5458,0
5557,5477,1
5669,5465,0
5667,5467,0
5666,5484,0
5665,5510,0
5663,5540,0
5664,5579,0
5666,5625,0
5670,5684,0
5673,5744,0
5674,5805,0
5674,5856,0
5673,5909,0
5663,5947,0
5651,5973,0
5640,5986,0
5624,5984,0
5606,5972,0
5582,5950,0
5557,5919,0
5543,5894,0
5538,5868,0
5547,5846,0
5567,5809,0
5601,5766,0
5648,5723,0
5697,5678,0
5749,5639,0
5793,5601,1
6202,5465,0
6194,5457,0
6181,5441,0
6167,5432,0
6143,5432,0
6115,5449,0
6083,5489,0
6056,5542,0
6038,5597,0
6033,5634,0
6045,5651,0
6073,5657,0
6102,5641,0
6135,5612,0
6169,5585,0
6189,5566,0
6191,5558,0
6191,5564,0
6189,5577,0
6183,5605,0
6183,5637,0
6191,5663,0
6217,5677,0
6252,5677,0
6288,5654,0
6321,5622,0
6347,5581,0
6358,5542,0
6348,5508,0
6332,5495,0
6295,5491,0
6263,5506,0
6235,5528,0
6226,5547,0
6230,5566,0
6247,5578,0
6271,5587,0
6293,5599,0
6307,5613,0
6318,5636,0
6333,5667,0
6345,5683,0
6364,5692,0
6388,5691,0
6416,5670,0
6447,5634,0
6471,5594,0
6488,5554,0
6500,5520,0
6503,5509,0
6502,5511,0
6497,5523,0
6483,5559,0
6467,5614,0
6454,5689,0
6440,5764,0
6435,5829,0
6435,5878,0
6433,5907,0
6435,5911,0
6433,5902,0
6431,5865,0
6429,5812,0
6430,5750,0
6444,5693,0
6459,5644,0
6483,5604,0
6519,5573,0
6552,5551,0
6582,5544,0
6603,5551,0
6609,5567,0
6606,5598,0
6585,5632,0
6559,5658,0
6537,5675,0
6527,5680,1
6736,5581,0
6754,5572,0
6761,5559,0
6765,5550,0
6759,5539,0
6741,5528,0
6713,5528,0
6690,5536,0
6679,5547,0
6676,5561,0
6687,5578,0
6711,5594,0
6743,5613,0
6768,5633,0
6781,5654,0
6781,5677,0
6762,5692,0
6736,5706,0
6703,5711,0
6663,5713,0
6621,5704,0
6583,5685,0
6556,5662,0
6546,5637,0
6541,5602,1