that should have come with my
758
486,1143,0
493,1156,0
493,1152,0
493,1152,0
492,1151,0
490,1150,0
487,1167,0
477,1184,0
464,1205,0
450,1229,0
432,1255,0
415,1291,0
396,1322,0
380,1350,0
371,1377,0
373,1397,0
384,1422,0
401,1430,0
424,1429,0
446,1418,0
462,1416,1
367,1300,0
369,1296,0
378,1298,0
397,1295,0
427,1289,0
463,1282,0
505,1269,0
542,1242,0
579,1233,1
604,1165,0
596,1158,0
598,1163,0
598,1163,0
600,1172,0
602,1200,0
598,1233,0
589,1274,0
578,1312,0
569,1339,0
567,1356,0
569,1369,0
571,1370,0
572,1371,0
576,1363,0
584,1345,0
596,1324,0
612,1301,0
632,1278,0
653,1269,0
664,1261,0
668,1262,0
668,1271,0
662,1294,0
653,1316,0
649,1336,0
652,1346,0
665,1359,1
834,1295,0
831,1286,0
827,1281,0
820,1271,0
813,1265,0
803,1259,0
794,1257,0
784,1258,0
772,1262,0
758,1276,0
747,1293,0
746,1322,0
748,1335,0
756,1341,0
769,1345,0
787,1341,0
805,1334,0
821,1324,0
828,1306,0
834,1291,0
831,1265,0
832,1257,0
826,1247,0
828,1252,0
828,1261,0
827,1277,0
830,1298,0
833,1311,0
840,1317,0
851,1319,0
870,1322,0
884,1308,0
902,1295,0
920,1274,0
939,1247,0
956,1218,0
971,1187,0
986,1160,0
1001,1134,0
1011,1107,0
1020,1087,0
1023,1076,0
1020,1071,0
1022,1076,0
1015,1078,0
1011,1107,0
1001,1138,0
991,1173,0
985,1208,0
985,1237,0
993,1257,0
1009,1275,0
1030,1288,0
1054,1296,0
1066,1293,0
1073,1289,0
1073,1281,1
912,1155,0
904,1149,0
907,1150,0
914,1151,0
932,1146,0
962,1146,0
989,1136,0
1020,1135,0
1044,1136,1
1348,1149,0
1354,1143,0
1350,1136,0
1346,1134,0
1337,1132,0
1322,1132,0
1304,1136,0
1289,1143,0
1277,1150,0
1276,1158,0
1279,1166,0
1295,1179,0
1319,1194,0
1344,1208,0
1380,1228,0
1409,1240,0
1426,1247,0
1436,1257,0
1435,1261,0
1414,1267,0
1381,1269,0
1341,1271,0
1300,1271,0
1276,1279,0
1273,1280,1
1517,1001,0
1517,997,0
1517,998,0
1515,998,0
1517,1006,0
1520,1023,0
1524,1052,0
1522,1085,0
1517,1122,0
1515,1154,0
1510,1173,0
1514,1189,0
1513,1194,0
1515,1197,0
1516,1196,0
1519,1195,0
1526,1184,0
1535,1162,0
1551,1141,0
1580,1131,0
1598,1122,0
1610,1124,0
1615,1136,0
1611,1151,0
1604,1168,0
1601,1184,0
1602,1192,0
1611,1201,0
1626,1206,1
1775,1148,0
1771,1141,0
1766,1135,0
1756,1126,0
1753,1124,0
1744,1121,0
1738,1120,0
1727,1122,0
1718,1133,0
1710,1148,0
1704,1167,0
1705,1184,0
1714,1198,0
1726,1204,0
1744,1207,0
1768,1206,0
1788,1201,0
1802,1192,0
1806,1179,0
1807,1165,0
1803,1147,0
1794,1129,0
1783,1118,0
1775,1112,0
1775,1112,0
1780,1115,0
1780,1119,0
1790,1128,0
1802,1133,0
1821,1138,0
1836,1136,0
1855,1132,0
1874,1127,0
1887,1121,0
1891,1119,0
1890,1119,0
1888,1120,0
1884,1124,0
1873,1138,0
1875,1163,0
1872,1179,0
1878,1191,0
1891,1200,0
1909,1202,0
1932,1199,0
1953,1191,0
1972,1180,0
1988,1166,0
2000,1149,0
2002,1130,0
2002,1120,0
2003,1119,0
1997,1118,0
1997,1124,0
1997,1141,0
1998,1157,0
2006,1172,0
2017,1183,0
2033,1190,0
2049,1191,0
2070,1189,0
2089,1180,0
2113,1166,0
2135,1145,0
2151,1114,0
2173,1083,0
2187,1046,0
2198,1012,0
2209,984,0
2214,964,0
2213,952,0
2214,950,0
2207,952,0
2193,966,0
2183,993,0
2169,1025,0
2161,1059,0
2160,1091,0
2164,1118,0
2186,1141,0
2210,1156,0
2235,1165,0
2270,1167,0
2302,1158,0
2330,1143,1
2384,1090,0
2380,1082,0
2377,1079,0
2368,1078,0
2353,1085,0
2338,1098,0
2326,1117,0
2316,1135,0
2313,1152,0
2310,1162,0
2318,1170,0
2327,1173,0
2331,1167,0
2349,1158,0
2362,1141,0
2374,1118,0
2391,1093,0
2403,1063,0
2415,1030,0
2422,996,0
2427,965,0
2431,943,0
2430,928,0
2429,921,0
2429,921,0
2428,924,0
2418,941,0
2411,969,0
2402,999,0
2401,1030,0
2401,1058,0
2408,1085,0
2416,1108,0
2427,1126,0
2441,1141,0
2446,1142,1
2693,933,0
2699,931,0
2694,931,0
2695,931,0
2697,934,0
2690,948,0
2691,974,0
2688,1016,0
2678,1067,0
2668,1117,0
2666,1143,0
2666,1156,0
2668,1161,0
2673,1161,0
2676,1156,0
2687,1138,0
2705,1116,0
2721,1087,0
2745,1060,0
2775,1039,0
2794,1020,0
2815,1011,0
2825,1010,0
2830,1018,0
2828,1032,0
2827,1052,0
2818,1068,0
2816,1080,0
2816,1088,0
2826,1097,0
2836,1102,0
2849,1103,0
2865,1100,1
2985,1025,0
2980,1018,0
2974,1013,0
2972,1008,0
2969,1003,0
2963,998,0
2955,996,0
2951,996,0
2939,1001,0
2931,1010,0
2920,1024,0
2907,1041,0
2903,1059,0
2902,1072,0
2914,1083,0
2924,1090,0
2936,1092,0
2959,1091,0
2971,1083,0
2982,1071,0
2989,1056,0
2993,1039,0
2992,1020,0
2989,1006,0
2988,1000,0
2987,1001,0
2987,1003,0
2989,1018,0
2992,1040,0
3004,1062,0
3022,1081,0
3043,1092,0
3067,1096,0
3094,1095,0
3124,1088,0
3148,1075,0
3159,1058,0
3171,1039,0
3175,1020,0
3172,1006,0
3170,1001,0
3165,1001,0
3165,1003,0
3167,1018,0
3172,1037,0
3182,1054,0
3198,1068,0
3216,1077,0
3240,1080,0
3256,1076,0
3269,1065,0
3279,1049,0
3287,1030,0
3291,1010,0
3292,994,0
3296,984,0
3293,979,0
3293,979,0
3293,980,0
3298,990,0
3310,1003,0
3322,1016,0
3349,1027,0
3378,1030,0
3408,1028,0
3444,1022,0
3477,1011,0
3512,999,0
3528,986,0
3540,975,0
3543,968,0
3536,962,0
3525,960,0
3508,961,0
3488,970,0
3470,983,0
3460,1001,0
3449,1020,0
3446,1038,0
3453,1055,0
3473,1071,0
3499,1080,0
3532,1085,0
3565,1088,0
3598,1090,0
3624,1090,0
3636,1090,0
3648,1092,0
3648,1094,0
3648,1095,0
3646,1098,0
3640,1103,0
3635,1105,1
3956,970,0
3957,964,0
3959,960,0
3959,956,0
3956,955,0
3947,955,0
3942,957,0
3928,965,0
3908,978,0
3891,994,0
3877,1012,0
3867,1030,0
3867,1046,0
3874,1061,0
3887,1074,0
3913,1081,0
3952,1083,0
3995,1076,0
4045,1064,0
4095,1049,0
4145,1037,0
4182,1023,0
4206,1009,0
4214,997,0
4212,989,0
4201,983,0
4185,981,0
4172,982,0
4159,984,0
4150,989,0
4139,997,0
4132,1008,0
4128,1023,0
4128,1037,0
4129,1048,0
4138,1057,0
4154,1063,0
4170,1065,0
4187,1064,0
4201,1058,0
4220,1051,0
4231,1041,0
4234,1027,0
4234,1015,0
4229,1001,0
4220,986,0
4210,977,0
4196,972,0
4188,971,0
4187,972,0
4187,973,0
4186,977,0
4193,984,0
4199,989,0
4215,992,0
4240,991,0
4263,985,0
4290,977,0
4312,968,0
4330,963,0
4331,961,0
4329,964,0
4325,968,0
4317,982,0
4308,999,0
4299,1018,0
4299,1033,0
4301,1042,0
4308,1047,0
4320,1048,0
4333,1044,0
4349,1035,0
4374,1018,0
4400,998,0
4425,980,0
4439,971,0
4456,967,0
4464,969,0
4466,978,0
4471,995,0
4466,1011,0
4467,1025,0
4468,1034,0
4476,1037,0
4492,1037,0
4511,1028,0
4536,1015,0
4561,995,0
4586,974,0
4605,962,0
4618,959,0
4631,959,0
4633,965,0
4633,982,0
4633,1001,0
4633,1019,0
4641,1038,0
4657,1042,0
4685,1042,0
4715,1035,0
4743,1023,0
4780,1008,0
4804,989,0
4820,972,0
4828,955,0
4830,941,0
4825,929,0
4818,923,0
4798,922,0
4780,930,0
4760,944,0
4748,963,0
4741,981,0
4748,997,0
4763,1010,0
4789,1020,0
4833,1027,0
4872,1032,0
4912,1037,0
4944,1039,0
4968,1043,0
4976,1044,0
4980,1046,0
4983,1048,0
4980,1047,0
4975,1050,0
4974,1056,0
4970,1068,1
5325,956,0
5326,951,0
5327,948,0
5327,948,0
5326,948,0
5327,965,0
5321,997,0
5310,1035,0
5306,1068,0
5308,1085,0
5322,1094,0
5338,1093,0
5356,1083,0
5385,1068,0
5397,1047,0
5406,1021,0
5410,1001,0
5408,991,0
5404,991,0
5404,992,0
5401,1006,0
5409,1026,0
5418,1044,0
5429,1054,0
5448,1057,0
5465,1057,0
5482,1050,0
5492,1041,0
5499,1025,0
5503,1001,0
5503,982,0
5502,966,0
5503,956,0
5506,947,0
5515,939,0
5532,933,0
5554,928,0
5573,927,0
5586,928,0
5589,931,0
5588,938,0
5583,946,0
5576,965,0
5568,986,0
5564,1006,0
5565,1022,0
5571,1031,0
5587,1035,0
5603,1035,0
5621,1028,0
5643,1015,0
5663,994,0
5689,966,0
5711,934,0
5732,903,0
5752,873,0
5774,839,0
5791,805,0
5807,774,0
5814,752,0
5811,736,0
5816,733,0
5812,733,0
5808,738,0
5788,759,0
5773,789,0
5756,822,0
5738,860,0
5729,897,0
5727,935,0
5733,968,0
5745,992,0
5762,1007,0
5782,1015,0
5807,1011,0
5828,1006,0
5838,996,1
5690,885,0
5691,879,0
5699,879,0
5711,875,0
5745,871,0
5783,861,0
5828,852,0
5875,835,0
5918,819,0
5948,801,0
5979,786,0
5997,772,0
6006,760,0
6006,759,0
6003,760,0
5998,763,0
5983,786,0
5971,820,0
5948,859,0
5931,898,0
5910,957,0
5903,972,0
5909,982,0
5914,984,0
5926,981,0
5948,968,0
5979,950,0
6006,933,0
6054,912,0
6062,911,0
6066,914,0
6064,924,0
6058,938,0
6055,957,0
6056,978,0
6058,991,0
6077,1002,0
6095,1012,0
6114,1015,1
5598,796,0
5582,798,0
5576,807,0
5570,823,0
5568,837,1
6420,839,0
6416,835,0
6416,834,0
6411,840,0
6404,861,0
6401,892,0
6392,923,0
6384,951,0
6378,965,0
6381,975,0
6380,977,0
6380,976,0
6384,972,0
6391,955,0
6408,927,0
6424,894,0
6448,863,0
6468,837,0
6482,823,0
6495,819,0
6498,822,0
6504,841,0
6497,869,0
6492,901,0
6485,926,0
6490,943,0
6498,949,0
6509,950,0
6518,945,0
6541,928,0
6564,907,0
6584,878,0
6599,854,0
6604,844,0
6604,845,0
6604,847,0
6602,861,0
6595,885,0
6588,908,0
6594,924,0
6596,938,0
6608,941,0
6621,936,0
6633,928,0
6655,916,0
6667,892,0
6677,871,0
6683,863,0
6682,865,0
6679,864,0
6677,877,0
6674,903,0
6674,925,0
6676,937,0
6687,946,0
6703,951,0
6732,951,0
6756,942,0
6784,926,0
6803,898,0
6819,866,0
6821,846,0
6819,831,0
6820,825,0
6820,825,0
6819,831,0
6816,859,0
6819,900,0
6818,940,0
6828,1037,0
6823,1096,0
6814,1152,0
6797,1201,0
6773,1247,0
6741,1284,0
6708,1301,0
6674,1310,0
6642,1303,0
6626,1284,0
6625,1250,0
6662,1201,0
6724,1148,0
6806,1097,0
6894,1056,1