mot mower). We welcome
558
243,1640,0
242,1649,0
237,1660,0
231,1693,0
227,1727,0
224,1771,0
221,1810,0
218,1836,0
219,1845,0
221,1846,0
221,1846,0
224,1835,0
227,1809,0
231,1784,0
237,1747,0
248,1707,0
261,1682,0
277,1668,0
292,1662,0
306,1665,0
316,1689,0
320,1721,0
316,1760,0
311,1788,0
307,1813,0
309,1822,0
311,1828,0
313,1824,0
324,1807,0
341,1780,0
367,1739,0
396,1696,0
427,1669,0
452,1654,0
468,1657,0
475,1659,0
476,1677,0
469,1705,0
459,1739,0
451,1766,0
449,1787,0
456,1798,0
471,1807,0
492,1807,0
514,1802,1
586,1720,0
581,1711,0
572,1703,0
561,1708,0
550,1718,0
540,1730,0
533,1749,0
531,1774,0
538,1793,0
552,1807,0
577,1814,0
607,1810,0
635,1802,0
657,1787,0
673,1770,0
679,1755,0
674,1737,0
661,1721,0
641,1713,0
620,1705,0
603,1705,0
596,1703,0
597,1703,0
603,1709,0
617,1709,0
646,1705,0
680,1690,0
720,1670,0
760,1643,0
803,1619,0
841,1585,0
873,1553,0
899,1525,0
913,1503,0
919,1491,0
917,1487,0
917,1491,0
914,1498,0
904,1517,0
892,1549,0
876,1586,0
861,1628,0
846,1667,0
842,1703,0
844,1727,0
854,1745,0
872,1756,0
895,1759,0
919,1752,0
943,1746,0
956,1732,0
960,1720,1
1510,1577,1
1932,1528,0
1927,1522,0
1926,1523,0
1927,1526,0
1930,1539,0
1928,1559,0
1921,1586,0
1919,1621,0
1911,1643,0
1906,1655,0
1908,1659,0
1909,1657,0
1906,1650,0
1915,1632,0
1924,1603,0
1942,1569,0
1961,1533,0
1984,1509,0
1996,1496,0
2010,1496,0
2020,1508,0
2025,1529,0
2022,1551,0
2023,1575,0
2026,1592,0
2031,1602,0
2035,1605,0
2041,1605,0
2044,1599,0
2058,1584,0
2075,1562,0
2094,1533,0
2121,1513,0
2134,1498,0
2144,1495,0
2148,1498,0
2149,1507,0
2147,1528,0
2140,1554,0
2135,1579,0
2137,1602,0
2152,1616,0
2178,1626,0
2204,1626,0
2226,1619,1
2277,1524,0
2260,1518,0
2246,1520,0
2237,1527,0
2229,1539,0
2227,1557,0
2231,1575,0
2242,1590,0
2268,1606,0
2294,1611,0
2325,1611,0
2355,1605,0
2383,1597,0
2393,1576,0
2402,1556,0
2398,1532,0
2384,1508,0
2363,1489,0
2336,1475,0
2321,1473,0
2310,1473,0
2309,1474,0
2318,1482,0
2333,1489,0
2359,1491,0
2396,1491,0
2437,1489,0
2472,1486,0
2498,1487,0
2510,1492,0
2514,1507,0
2516,1532,0
2511,1555,0
2509,1575,0
2508,1587,0
2513,1594,0
2523,1594,0
2537,1585,0
2558,1570,0
2579,1547,0
2601,1522,0
2619,1502,0
2625,1496,0
2626,1495,0
2622,1498,0
2625,1520,0
2627,1541,0
2632,1561,0
2645,1576,0
2661,1583,0
2682,1583,0
2703,1570,0
2724,1552,0
2745,1527,0
2757,1500,0
2763,1479,0
2763,1465,0
2758,1459,0
2758,1459,0
2758,1459,0
2767,1474,0
2782,1488,0
2810,1503,0
2848,1513,0
2890,1516,0
2933,1512,0
2978,1505,0
3011,1492,0
3035,1479,0
3035,1463,0
3025,1449,0
3007,1440,0
2979,1439,0
2954,1447,0
2923,1458,0
2909,1478,0
2899,1498,0
2902,1522,0
2922,1546,0
2953,1567,0
2996,1582,0
3045,1590,0
3093,1591,0
3139,1589,0
3173,1581,0
3192,1567,0
3203,1550,0
3202,1529,0
3197,1508,0
3192,1486,0
3186,1465,0
3196,1448,0
3206,1433,0
3226,1422,0
3243,1415,0
3259,1414,0
3270,1416,0
3273,1421,0
3275,1424,0
3276,1430,0
3274,1434,0
3274,1442,0
3269,1450,0
3268,1452,1
3354,1274,0
3363,1265,0
3367,1259,0
3367,1257,0
3367,1257,0
3363,1257,0
3368,1264,0
3370,1278,0
3377,1303,0
3385,1340,0
3392,1386,0
3396,1438,0
3392,1493,0
3387,1549,0
3375,1599,0
3363,1641,0
3353,1679,0
3334,1708,0
3319,1728,0
3304,1736,0
3301,1726,1
3506,1545,0
3501,1545,0
3499,1548,0
3491,1546,0
3496,1546,0
3501,1546,0
3503,1549,0
3505,1562,0
3508,1573,1
3725,1299,0
3718,1297,0
3714,1296,0
3712,1300,0
3711,1314,0
3703,1339,0
3703,1379,0
3707,1426,0
3711,1475,0
3710,1512,0
3715,1529,0
3725,1535,0
3733,1536,0
3735,1524,0
3744,1507,0
3759,1486,0
3771,1462,0
3772,1440,0
3770,1434,0
3770,1434,0
3772,1439,0
3773,1457,0
3781,1477,0
3785,1496,0
3795,1510,0
3805,1519,0
3820,1524,0
3830,1522,0
3838,1516,0
3846,1498,0
3855,1469,0
3858,1427,0
3865,1380,0
3863,1334,0
3859,1301,0
3860,1278,0
3855,1259,0
3858,1250,0
3859,1247,0
3869,1254,0
3871,1271,1
3906,1475,0
3905,1476,0
3917,1479,0
3926,1479,0
3945,1475,0
3966,1467,0
3988,1456,0
4011,1445,0
4022,1430,0
4032,1418,0
4028,1406,0
4022,1398,0
4007,1394,0
3989,1396,0
3971,1405,0
3952,1420,0
3939,1440,0
3930,1461,0
3935,1479,0
3950,1495,0
3976,1505,0
4017,1511,0
4065,1512,0
4117,1512,0
4162,1508,0
4203,1505,0
4230,1504,0
4248,1503,0
4260,1504,0
4263,1506,0
4261,1513,0
4254,1520,0
4247,1524,1
4505,1393,0
4512,1383,0
4516,1375,0
4512,1373,0
4512,1373,0
4511,1376,0
4505,1394,0
4497,1426,0
4492,1463,0
4488,1497,0
4495,1520,0
4507,1534,0
4526,1541,0
4548,1540,0
4572,1532,0
4590,1520,0
4608,1505,0
4630,1469,0
4632,1464,0
4632,1466,0
4631,1468,0
4630,1482,0
4634,1505,0
4649,1535,0
4667,1544,0
4691,1546,0
4717,1544,0
4741,1537,0
4780,1479,0
4781,1452,0
4780,1430,0
4776,1418,0
4775,1409,0
4775,1408,0
4775,1408,0
4781,1414,0
4797,1429,0
4818,1444,0
4848,1453,0
4885,1457,0
4924,1454,0
4961,1444,0
4990,1431,0
5016,1416,0
5031,1397,0
5032,1378,0
5028,1365,0
5017,1358,0
5002,1355,0
4984,1360,0
4966,1375,0
4948,1393,0
4932,1418,0
4920,1442,0
4919,1469,0
4932,1494,0
4943,1510,0
4965,1522,0
4993,1524,0
5029,1517,0
5069,1500,0
5111,1473,0
5147,1441,0
5175,1403,0
5204,1362,0
5221,1317,0
5232,1278,0
5233,1241,0
5228,1213,0
5219,1199,0
5209,1192,0
5191,1196,0
5170,1211,0
5146,1238,0
5125,1274,0
5114,1315,0
5105,1357,0
5106,1396,0
5117,1430,0
5137,1457,0
5168,1478,0
5210,1491,0
5250,1500,0
5291,1504,0
5324,1503,1
5405,1385,0
5402,1383,0
5398,1381,0
5390,1380,0
5380,1386,0
5371,1390,0
5356,1398,0
5347,1412,0
5343,1429,0
5336,1439,0
5340,1450,0
5345,1462,0
5358,1475,0
5381,1481,0
5409,1483,0
5443,1483,0
5486,1479,0
5530,1471,0
5566,1460,0
5604,1447,0
5628,1435,1
5640,1388,0
5627,1377,0
5618,1380,0
5604,1387,0
5595,1389,0
5583,1404,0
5573,1422,0
5568,1442,0
5571,1460,0
5574,1478,0
5588,1491,0
5601,1500,0
5624,1508,0
5649,1508,0
5676,1499,0
5690,1496,0
5709,1475,0
5710,1455,0
5710,1438,0
5701,1426,0
5688,1415,0
5673,1406,0
5664,1395,0
5659,1396,0
5658,1399,0
5658,1402,0
5665,1406,0
5672,1411,0
5680,1413,0
5694,1420,0
5723,1404,0
5754,1399,0
5781,1389,0
5813,1379,0
5839,1372,0
5857,1369,0
5864,1373,0
5866,1381,0
5870,1397,0
5865,1418,0
5859,1440,0
5856,1463,0
5852,1480,0
5856,1494,0
5858,1500,0
5866,1504,0
5875,1500,0
5892,1488,0
5914,1468,0
5946,1438,0
5972,1418,0
5998,1399,0
6027,1382,0
6040,1375,0
6049,1372,0
6055,1383,0
6051,1398,0
6043,1415,0
6035,1430,0
6035,1447,0
6037,1455,0
6039,1462,0
6051,1462,0
6066,1452,0
6095,1436,0
6121,1416,0
6147,1396,0
6174,1384,0
6201,1374,0
6211,1368,0
6215,1370,0
6214,1372,0
6215,1387,0
6210,1472,0
6232,1483,0
6252,1486,0
6278,1479,0
6311,1464,0
6349,1444,0
6387,1421,0
6418,1395,0
6440,1370,0
6452,1353,0
6459,1341,0
6457,1332,0
6450,1327,0
6428,1331,0
6405,1346,0
6384,1365,0
6363,1385,0
6358,1406,0
6361,1428,0
6381,1447,0
6415,1460,0
6461,1471,0
6518,1477,0
6581,1488,0
6634,1507,0
6682,1531,0
6720,1561,0
6731,1597,1