At ordinary walking pace it will
558
685,924,0
711,955,0
711,956,0
711,964,0
705,988,0
688,1011,0
667,1040,0
646,1079,0
627,1119,0
609,1155,0
599,1190,0
588,1207,0
586,1228,1
704,974,0
701,964,0
711,972,0
718,985,0
718,998,0
728,1032,0
729,1059,0
734,1090,0
739,1118,0
748,1147,0
756,1170,0
762,1189,0
765,1202,1
639,1138,0
636,1136,0
638,1137,0
649,1134,0
668,1134,0
694,1131,0
717,1123,0
743,1123,0
760,1121,1
935,956,0
936,952,0
940,953,0
951,971,0
953,996,0
953,1027,0
948,1064,0
938,1098,0
933,1134,0
928,1161,0
927,1186,0
926,1202,0
924,1213,1
878,1148,0
878,1144,0
888,1138,0
919,1132,0
957,1129,0
983,1120,0
1005,1118,0
1023,1116,0
1032,1104,1
1381,1052,0
1370,1043,0
1366,1039,0
1362,1037,0
1364,1040,0
1353,1044,0
1346,1063,0
1333,1087,0
1330,1117,0
1332,1141,0
1342,1155,0
1360,1167,0
1381,1169,0
1401,1163,0
1421,1152,0
1432,1135,0
1437,1116,0
1435,1096,0
1426,1073,0
1414,1056,0
1407,1051,0
1401,1048,0
1401,1049,0
1402,1053,0
1406,1051,1
1488,1056,0
1488,1064,0
1495,1079,0
1503,1097,0
1508,1113,0
1507,1122,0
1508,1126,0
1512,1128,0
1510,1121,0
1508,1104,0
1515,1083,0
1523,1056,0
1534,1033,0
1547,1017,0
1563,1008,0
1585,1005,0
1600,1005,1
1746,1066,0
1755,1058,0
1759,1046,0
1759,1035,0
1751,1026,0
1739,1020,0
1715,1018,0
1700,1024,0
1687,1034,0
1681,1052,0
1678,1074,0
1681,1091,0
1692,1102,0
1708,1107,0
1729,1102,0
1749,1088,0
1763,1067,0
1780,1044,0
1792,1013,0
1803,977,0
1813,941,0
1823,909,0
1833,892,0
1833,887,0
1831,888,0
1838,906,0
1841,937,0
1836,968,0
1836,1001,0
1837,1027,0
1837,1048,0
1841,1071,0
1836,1086,1
1939,997,0
1937,991,0
1937,991,0
1942,999,0
1947,1017,0
1948,1039,0
1945,1059,0
1942,1077,0
1943,1093,1
1948,914,0
1942,897,0
1950,894,0
1962,899,0
1971,907,1
2046,961,0
2047,965,0
2046,979,0
2052,1003,0
2052,1027,0
2062,1047,0
2063,1052,0
2067,1052,0
2080,1044,0
2096,1025,0
2109,1003,0
2125,983,0
2138,973,0
2139,972,0
2145,983,0
2149,1005,0
2149,1030,1
2263,1005,0
2265,994,0
2268,985,0
2263,977,0
2262,972,0
2251,973,0
2230,982,0
2212,1001,0
2198,1026,0
2193,1046,0
2199,1056,0
2205,1056,0
2223,1047,0
2246,1029,0
2263,1012,0
2269,1003,0
2274,1004,0
2279,1011,0
2280,1022,0
2285,1037,0
2288,1047,1
2347,996,0
2353,993,0
2359,991,0
2367,995,0
2370,1004,0
2376,1016,0
2382,1029,0
2383,1035,0
2379,1035,0
2379,1035,0
2376,1025,0
2379,1013,0
2380,997,0
2381,986,0
2386,979,0
2394,973,0
2405,970,1
2523,967,0
2527,967,0
2533,972,0
2540,984,0
2550,999,0
2562,1012,0
2575,1021,0
2586,1026,0
2593,1021,1
2692,936,0
2687,938,0
2673,955,0
2647,990,0
2618,1027,0
2592,1064,0
2567,1097,0
2552,1127,0
2541,1151,1
3049,936,0
3049,926,0
3073,885,0
3083,892,0
3100,905,0
3110,924,0
3123,944,0
3129,962,0
3132,977,0
3137,985,0
3141,987,0
3146,984,0
3158,974,0
3170,955,0
3182,935,0
3191,923,0
3195,921,0
3198,926,0
3205,943,0
3211,961,0
3217,979,0
3222,986,0
3230,988,0
3235,977,0
3251,955,0
3267,925,0
3277,895,0
3285,868,0
3288,859,0
3293,858,0
3296,862,0
3294,866,0
3300,876,1
3399,906,0
3398,895,0
3409,887,0
3407,879,0
3406,872,1
3380,872,0
3368,887,0
3351,912,0
3343,935,0
3343,948,0
3346,950,0
3356,945,0
3380,926,0
3399,904,0
3409,887,0
3412,878,0
3412,878,0
3411,881,0
3410,896,0
3409,914,0
3413,928,0
3417,941,0
3421,953,0
3419,961,0
3416,970,1
3509,784,0
3512,773,0
3513,769,0
3516,773,0
3515,791,0
3510,824,0
3504,861,0
3503,893,0
3513,916,0
3530,930,0
3553,937,0
3578,934,0
3605,928,1
3668,757,0
3670,748,0
3665,747,0
3672,752,0
3681,772,0
3682,803,0
3687,830,0
3694,853,0
3693,869,0
3697,886,0
3698,897,0
3705,902,0
3710,900,1
3751,838,0
3749,827,0
3744,817,0
3729,809,0
3709,806,0
3691,813,0
3684,825,0
3680,841,0
3684,855,0
3689,868,0
3699,875,0
3711,881,0
3730,885,0
3750,888,0
3767,888,0
3785,885,1
3833,824,0
3834,818,0
3834,818,0
3836,825,0
3841,843,0
3843,863,0
3843,880,0
3840,893,0
3846,902,1
3822,744,0
3825,731,0
3825,728,0
3829,732,0
3831,739,1
3910,793,0
3912,800,0
3917,815,0
3917,830,0
3918,844,0
3921,850,0
3925,852,0
3933,848,0
3953,834,0
3974,817,0
3989,802,0
3999,793,0
4007,793,0
4014,801,0
4015,817,0
4015,834,0
4015,849,1
4122,812,0
4120,805,0
4121,802,0
4113,800,0
4101,798,0
4089,798,0
4080,801,0
4070,807,0
4068,817,0
4073,832,0
4090,845,0
4113,855,0
4140,861,0
4158,871,0
4167,887,0
4167,906,0
4157,930,0
4140,946,0
4117,955,0
4096,958,0
4075,959,1
4529,801,0
4525,796,0
4529,796,0
4535,806,0
4548,827,0
4554,855,0
4555,887,0
4548,921,0
4550,953,0
4548,975,0
4546,988,0
4553,995,0
4552,996,0
4552,996,0
4549,991,0
4548,978,0
4541,957,0
4538,931,0
4532,904,0
4529,877,0
4531,850,0
4544,824,0
4565,799,0
4596,780,0
4631,768,0
4659,768,0
4680,772,0
4690,781,0
4692,795,0
4681,808,0
4666,827,0
4642,840,0
4624,851,0
4606,861,0
4585,865,0
4572,866,0
4565,863,1
4819,760,0
4825,752,0
4830,746,0
4830,740,0
4828,734,1
4812,728,0
4795,733,0
4777,742,0
4765,762,0
4754,786,0
4751,803,0
4758,813,0
4770,815,0
4788,802,0
4811,788,0
4825,772,0
4831,763,0
4831,763,0
4830,764,0
4833,776,0
4833,793,1
5006,731,0
5003,720,0
5004,714,0
5000,711,0
4988,712,0
4966,720,0
4939,740,0
4916,762,0
4900,789,0
4901,806,0
4915,821,0
4938,827,0
4967,824,1
5098,764,0
5103,751,0
5117,735,0
5125,720,0
5123,700,0
5115,691,0
5096,691,0
5078,706,0
5071,726,0
5067,752,0
5076,771,0
5097,793,0
5116,805,0
5148,808,0
5175,810,0
5199,809,0
5225,802,1
5528,680,0
5529,678,0
5535,688,0
5545,711,0
5545,739,0
5547,757,0
5552,779,0
5550,792,0
5552,808,1
5526,580,0
5524,567,0
5524,561,0
5524,565,0
5523,570,1
5661,555,0
5661,557,0
5664,574,0
5665,607,0
5669,648,0
5669,682,0
5670,707,0
5676,728,0
5673,747,1
5619,729,0
5624,724,0
5644,719,0
5678,711,0
5715,705,0
5743,704,0
5755,702,0
5763,704,0
5771,702,1
6101,663,0
6106,659,0
6105,658,0
6113,668,0
6115,687,0
6116,714,0
6114,735,0
6116,752,0
6117,771,0
6120,781,0
6128,787,0
6132,780,0
6142,767,0
6172,711,0
6173,704,0
6177,707,0
6182,707,0
6188,719,0
6194,732,0
6201,746,0
6216,750,0
6224,752,0
6237,744,0
6251,731,0
6265,708,0
6280,683,0
6294,662,0
6299,653,0
6300,651,0
6299,653,1
6386,669,0
6391,661,0
6399,659,0
6406,665,0
6409,678,0
6411,694,0
6410,711,0
6408,730,0
6403,741,0
6406,749,0
6405,756,0
6408,758,0
6411,748,1
6408,548,0
6413,535,0
6413,531,1
6506,521,0
6510,520,0
6510,521,0
6508,545,0
6503,570,0
6500,603,0
6498,628,0
6506,669,0
6513,685,0
6536,693,0
6564,699,0
6588,696,1
6667,523,0
6671,516,0
6675,518,0
6674,534,0
6676,566,0
6681,593,0
6691,620,0
6714,642,0
6744,661,1