present, I threw a sprinkle
632
452,2647,0
451,2642,0
462,2628,0
482,2605,0
509,2574,0
543,2541,0
578,2508,0
607,2493,0
623,2488,0
629,2497,0
631,2519,0
625,2554,0
615,2601,0
598,2651,0
577,2712,0
557,2769,0
542,2811,0
536,2830,0
536,2834,0
536,2834,0
537,2826,0
538,2798,0
547,2746,0
563,2697,0
587,2644,0
615,2601,0
646,2558,0
676,2523,0
704,2507,0
725,2494,0
745,2497,0
760,2499,0
768,2504,0
772,2513,0
771,2524,0
762,2539,0
743,2557,0
721,2578,0
700,2584,0
687,2589,0
685,2589,0
686,2593,0
689,2593,0
697,2594,0
711,2593,0
730,2584,0
754,2571,0
781,2550,0
813,2517,0
845,2492,0
874,2472,0
897,2461,0
913,2458,0
921,2459,0
928,2476,0
929,2492,0
926,2516,0
920,2543,0
909,2562,0
901,2582,0
897,2586,0
898,2586,0
900,2586,0
907,2579,0
926,2567,0
953,2542,0
984,2502,0
1018,2472,0
1044,2441,0
1059,2417,0
1064,2413,0
1065,2408,0
1065,2408,0
1065,2412,0
1059,2416,0
1050,2444,0
1042,2476,0
1037,2501,0
1039,2512,0
1049,2525,0
1063,2529,0
1081,2521,0
1107,2504,0
1141,2484,0
1179,2463,0
1216,2445,0
1243,2431,0
1260,2429,0
1273,2437,0
1278,2440,0
1282,2451,0
1281,2468,0
1273,2480,0
1258,2498,0
1237,2511,0
1220,2525,0
1205,2526,0
1197,2526,0
1196,2526,0
1197,2526,0
1199,2526,0
1208,2529,0
1225,2528,0
1251,2526,0
1281,2512,0
1316,2497,0
1349,2473,0
1382,2453,0
1407,2429,0
1421,2407,0
1430,2397,0
1433,2397,0
1430,2393,0
1423,2391,0
1416,2399,0
1402,2417,0
1387,2449,0
1375,2478,0
1372,2503,0
1375,2514,0
1381,2522,0
1391,2521,0
1408,2518,0
1432,2502,0
1464,2477,0
1498,2450,0
1527,2433,0
1544,2429,0
1552,2432,0
1556,2439,0
1556,2452,0
1553,2468,0
1549,2485,0
1542,2495,0
1543,2503,0
1541,2499,0
1542,2499,0
1544,2495,0
1559,2488,0
1578,2467,0
1602,2454,0
1621,2446,0
1636,2449,0
1645,2456,0
1652,2462,0
1664,2480,0
1673,2490,0
1681,2496,0
1695,2501,0
1708,2502,0
1724,2489,0
1751,2469,0
1780,2435,0
1814,2395,0
1844,2346,0
1870,2299,0
1891,2265,0
1906,2238,0
1915,2222,0
1918,2215,0
1918,2212,0
1918,2212,0
1918,2216,0
1917,2234,0
1909,2263,0
1891,2299,0
1872,2345,0
1855,2389,0
1843,2427,0
1844,2461,0
1843,2474,0
1843,2478,0
1846,2481,1
1840,2432,0
1836,2438,0
1845,2451,0
1859,2460,0
1882,2461,0
1916,2452,0
1956,2433,0
1988,2407,0
2012,2385,1
2301,2446,0
2296,2444,0
2299,2447,0
2302,2459,0
2305,2480,0
2297,2499,0
2290,2523,0
2286,2553,0
2273,2569,1
2680,2203,0
2676,2201,0
2679,2210,0
2678,2230,0
2675,2257,0
2673,2285,0
2662,2313,0
2652,2340,0
2644,2365,1
2507,2521,0
2496,2528,0
2499,2531,0
2504,2533,0
2521,2532,0
2548,2531,0
2575,2523,0
2603,2514,0
2630,2507,0
2651,2496,0
2675,2480,0
2689,2456,0
2701,2428,1
2630,2157,0
2630,2157,0
2641,2157,0
2658,2154,0
2679,2147,0
2705,2137,0
2736,2128,0
2765,2118,0
2794,2109,1
2998,2371,0
3000,2369,0
3010,2355,0
3026,2330,0
3057,2297,0
3090,2248,0
3128,2200,0
3160,2155,0
3182,2115,0
3199,2090,0
3203,2080,0
3208,2081,0
3207,2082,0
3199,2084,0
3193,2108,0
3182,2149,0
3165,2190,0
3151,2240,0
3130,2287,0
3112,2333,0
3097,2369,0
3078,2390,0
3065,2402,0
3055,2406,0
3047,2403,1
3070,2345,0
3086,2325,0
3107,2304,0
3131,2281,0
3154,2259,0
3178,2235,0
3203,2209,0
3226,2184,0
3242,2156,0
3259,2132,0
3268,2110,0
3271,2094,0
3271,2087,0
3267,2085,0
3270,2088,0
3264,2089,0
3262,2110,0
3250,2140,0
3238,2178,0
3218,2216,0
3202,2251,0
3192,2283,0
3182,2305,0
3174,2323,0
3171,2337,0
3168,2340,0
3169,2339,0
3174,2340,0
3176,2332,0
3185,2308,0
3206,2287,0
3228,2263,0
3256,2241,0
3279,2222,0
3295,2210,0
3304,2207,0
3310,2207,0
3310,2206,0
3313,2209,0
3313,2215,0
3314,2231,0
3310,2253,0
3305,2277,0
3296,2297,0
3293,2317,0
3290,2333,0
3295,2345,0
3298,2347,0
3311,2351,0
3322,2344,0
3343,2329,0
3364,2301,0
3387,2270,0
3410,2238,0
3431,2215,0
3440,2203,0
3442,2202,0
3442,2202,0
3443,2206,0
3444,2224,0
3438,2250,0
3422,2280,0
3404,2310,0
3389,2333,0
3373,2337,0
3373,2338,0
3373,2338,0
3374,2330,0
3385,2314,0
3399,2298,0
3421,2287,0
3445,2277,0
3470,2267,0
3501,2256,0
3527,2244,0
3550,2222,0
3575,2205,0
3590,2186,0
3601,2173,0
3600,2162,0
3596,2154,0
3593,2151,0
3583,2151,0
3571,2159,0
3554,2186,0
3535,2222,0
3522,2262,0
3512,2292,0
3510,2311,0
3513,2321,0
3524,2328,0
3534,2328,0
3551,2320,0
3580,2299,0
3619,2265,0
3667,2236,0
3705,2216,0
3735,2210,0
3742,2207,0
3744,2210,0
3743,2219,0
3737,2231,0
3730,2249,0
3707,2265,0
3694,2288,0
3669,2299,0
3669,2306,0
3666,2303,0
3672,2301,0
3678,2281,0
3702,2258,0
3725,2241,0
3742,2232,0
3749,2229,0
3751,2234,0
3754,2250,0
3758,2270,0
3758,2285,0
3766,2294,0
3776,2300,0
3787,2299,0
3797,2292,0
3808,2278,0
3824,2258,0
3833,2227,0
3836,2193,0
3839,2176,0
3836,2174,0
3837,2173,0
3841,2175,0
3841,2175,0
3845,2176,0
3864,2183,0
3891,2181,0
3928,2169,0
3986,2149,1
4582,2143,0
4483,2147,0
4459,2189,0
4444,2221,0
4440,2236,0
4443,2237,0
4445,2235,0
4459,2227,0
4478,2204,0
4499,2176,0
4517,2145,0
4538,2125,0
4537,2126,0
4535,2147,0
4526,2176,0
4519,2214,0
4515,2250,0
4524,2267,0
4538,2273,0
4570,2269,0
4612,2244,0
4664,2210,0
4708,2171,0
4741,2137,0
4769,2118,1
4968,2212,0
4983,2192,0
5016,2164,0
5050,2130,0
5096,2100,0
5131,2075,0
5162,2064,0
5178,2060,0
5197,2066,0
5206,2074,0
5212,2091,0
5208,2108,0
5211,2130,0
5203,2146,0
5197,2159,0
5180,2166,0
5170,2178,0
5148,2187,0
5132,2191,0
5120,2190,0
5117,2186,0
5108,2176,0
5111,2171,0
5111,2171,0
5112,2169,0
5108,2169,0
5115,2172,0
5117,2177,0
5133,2181,0
5140,2175,0
5161,2168,0
5178,2152,0
5212,2137,0
5237,2112,0
5277,2092,0
5296,2070,0
5322,2061,0
5325,2055,0
5337,2057,0
5339,2060,0
5336,2078,0
5332,2108,0
5320,2142,0
5296,2183,0
5274,2229,0
5240,2270,0
5216,2306,0
5204,2338,0
5192,2354,0
5191,2356,0
5192,2355,0
5190,2348,0
5195,2322,0
5210,2285,0
5244,2245,0
5271,2207,0
5307,2171,0
5332,2134,0
5368,2104,0
5394,2077,0
5434,2065,0
5451,2055,0
5468,2055,0
5474,2063,0
5477,2075,0
5477,2095,0
5469,2113,0
5458,2128,0
5453,2140,0
5429,2145,0
5418,2150,0
5392,2147,0
5389,2145,0
5385,2143,0
5386,2142,0
5386,2142,0
5389,2145,0
5392,2148,0
5403,2152,0
5412,2154,0
5432,2157,0
5439,2152,0
5464,2144,0
5484,2129,0
5510,2111,0
5523,2089,0
5549,2072,0
5576,2057,0
5595,2044,0
5612,2034,0
5622,2031,0
5624,2036,0
5606,2081,0
5581,2106,0
5563,2130,0
5547,2144,0
5534,2145,0
5542,2147,0
5540,2143,0
5551,2128,0
5567,2100,0
5585,2078,0
5603,2067,0
5624,2058,0
5643,2052,0
5664,2046,0
5688,2038,0
5708,2031,0
5723,2026,0
5754,2024,0
5725,2064,0
5730,2092,0
5740,2093,0
5753,2089,0
5776,2077,0
5805,2059,0
5835,2036,0
5870,2013,0
5895,1993,0
5914,1986,0
5919,1985,0
5925,2004,0
5923,2022,0
5912,2048,0
5897,2077,0
5855,2105,0
5855,2105,0
5856,2104,0
5953,2021,0
5994,2002,0
6018,1994,0
6030,1996,0
6042,2058,0
6049,2072,0
6056,2077,0
6067,2079,0
6083,2072,0
6112,2053,0
6145,2020,0
6189,1980,0
6235,1934,0
6273,1884,0
6304,1840,0
6326,1809,0
6345,1792,0
6352,1782,0
6353,1778,0
6353,1780,0
6351,1784,0
6350,1802,0
6336,1831,0
6317,1867,0
6290,1908,0
6262,1952,0
6235,1994,0
6209,2032,0
6189,2064,0
6174,2089,0
6169,2095,0
6172,2096,0
6173,2094,0
6177,2082,0
6190,2047,0
6218,2006,0
6267,1976,0
6305,1950,0
6344,1937,0
6367,1929,0
6376,1927,0
6377,1927,0
6377,1928,0
6376,1930,0
6367,1942,0
6350,1967,0
6324,1995,0
6306,2020,0
6300,2038,0
6297,2046,0
6300,2050,0
6312,2053,0
6326,2048,0
6358,2030,0
6401,2002,0
6452,1966,0
6494,1927,0
6529,1886,0
6550,1845,0
6568,1814,0
6573,1795,0
6577,1781,0
6574,1779,0
6574,1779,0
6564,1785,0
6539,1811,0
6516,1848,0
6494,1889,0
6478,1926,0
6469,1954,0
6478,1978,0
6490,1993,0
6517,2010,0
6554,2015,0
6593,2010,0
6640,1996,0
6676,1973,0
6696,1952,0
6699,1930,0
6699,1917,0
6691,1916,0
6679,1916,0
6658,1930,0
6633,1956,0
6606,1984,0
6597,2012,0
6609,2027,0
6642,2043,0
6693,2041,0
6763,2019,1
5766,1867,0
5763,1866,0
5763,1865,0
5764,1862,0
5762,1867,0
5762,1868,1