emotion apart from
561
636,4240,0
639,4237,0
649,4225,0
665,4207,0
685,4181,0
710,4152,0
733,4126,0
750,4099,0
755,4087,0
748,4087,0
731,4097,0
707,4127,0
684,4165,0
665,4203,0
653,4246,0
651,4282,0
656,4303,0
670,4316,0
689,4314,0
713,4304,0
741,4283,0
775,4249,0
810,4215,0
844,4186,0
868,4167,0
878,4167,0
880,4167,0
876,4184,0
865,4210,0
846,4242,0
827,4273,0
808,4299,0
797,4311,0
796,4311,0
798,4307,0
810,4284,0
835,4242,0
875,4199,0
919,4161,0
960,4135,0
997,4119,0
1020,4124,0
1035,4140,0
1039,4164,0
1036,4192,0
1027,4224,0
1014,4252,0
1002,4275,0
996,4283,0
995,4280,0
996,4280,0
1006,4260,0
1030,4232,0
1062,4200,0
1102,4164,0
1143,4135,0
1178,4123,0
1200,4123,0
1211,4126,0
1216,4146,0
1216,4174,0
1208,4210,0
1196,4246,0
1183,4275,0
1171,4296,0
1170,4303,0
1170,4299,0
1173,4299,0
1182,4279,0
1202,4246,0
1230,4214,0
1266,4184,0
1301,4150,0
1337,4124,0
1370,4110,0
1398,4100,0
1420,4094,0
1440,4092,0
1454,4095,0
1460,4094,0
1462,4094,0
1462,4094,0
1461,4094,0
1461,4098,0
1456,4090,0
1446,4087,0
1432,4089,0
1411,4098,0
1386,4121,0
1363,4146,0
1346,4184,0
1335,4217,0
1334,4237,0
1343,4249,0
1356,4256,0
1371,4250,0
1392,4241,0
1414,4215,0
1436,4185,0
1454,4155,0
1466,4134,0
1466,4130,0
1466,4130,0
1468,4133,0
1467,4130,0
1472,4133,0
1486,4128,0
1511,4117,0
1545,4093,0
1585,4051,0
1630,4010,0
1675,3966,0
1717,3918,0
1751,3877,0
1778,3843,0
1790,3824,0
1792,3824,0
1790,3824,0
1785,3829,0
1771,3856,0
1749,3901,0
1718,3951,0
1686,4009,0
1655,4074,0
1625,4143,0
1597,4200,0
1574,4251,0
1558,4280,0
1552,4298,0
1551,4294,0
1552,4294,0
1554,4273,0
1559,4240,1
1587,4140,0
1585,4136,0
1588,4140,0
1592,4140,0
1602,4138,0
1619,4132,0
1644,4120,0
1673,4099,0
1706,4079,0
1742,4056,0
1773,4035,0
1797,4014,0
1811,4011,0
1812,4015,0
1809,4012,0
1797,4026,0
1775,4063,0
1745,4097,0
1719,4141,0
1700,4184,0
1691,4222,0
1691,4247,0
1701,4261,0
1715,4272,0
1732,4265,0
1754,4257,0
1780,4233,0
1811,4199,0
1841,4165,0
1868,4135,0
1890,4110,0
1907,4090,0
1923,4074,0
1938,4059,0
1951,4048,0
1961,4041,0
1971,4039,0
1978,4034,0
1988,4035,0
1998,4033,0
2007,4035,0
2014,4033,0
2021,4036,0
2027,4038,0
2030,4038,0
2033,4041,0
2033,4041,0
2035,4044,0
2033,4041,0
2029,4041,0
2016,4036,0
2000,4045,0
1977,4063,0
1950,4089,0
1927,4123,0
1908,4155,0
1897,4182,0
1899,4202,0
1904,4209,0
1915,4211,0
1928,4205,0
1943,4193,0
1959,4169,0
1979,4144,0
2000,4115,0
2020,4093,0
2037,4073,0
2056,4056,0
2077,4041,0
2095,4029,0
2111,4025,0
2120,4027,0
2123,4034,0
2122,4055,0
2112,4083,0
2096,4112,0
2079,4140,0
2067,4164,0
2063,4174,0
2063,4174,0
2065,4176,0
2072,4167,0
2094,4150,0
2128,4120,0
2170,4079,0
2219,4048,0
2263,4032,0
2293,4022,0
2309,4021,0
2315,4027,0
2319,4047,0
2315,4074,0
2303,4107,0
2292,4148,0
2287,4170,0
2292,4181,0
2299,4187,0
2319,4181,0
2343,4166,0
2373,4135,1
1923,3870,0
1924,3870,0
1925,3870,0
1926,3869,0
1926,3869,0
1927,3873,0
1925,3870,0
1926,3873,0
1925,3873,0
1923,3873,0
1923,3874,0
1923,3878,0
1925,3886,1
3016,4016,0
3008,3993,0
2999,3976,0
2980,3963,0
2960,3964,0
2930,3975,0
2893,4001,0
2856,4044,0
2825,4099,0
2803,4147,0
2795,4176,0
2799,4188,0
2809,4192,0
2825,4186,0
2847,4163,0
2871,4130,0
2898,4087,0
2924,4044,0
2943,4017,0
2952,4008,0
2955,4007,0
2954,4007,0
2949,4018,0
2941,4041,0
2929,4068,0
2922,4098,0
2920,4121,0
2924,4132,0
2932,4133,0
2946,4131,0
2965,4123,0
2986,4099,0
3011,4064,0
3040,4036,0
3062,4012,0
3074,4000,0
3078,3994,0
3078,3994,0
3080,3998,0
3080,4006,0
3076,4031,0
3064,4060,0
3044,4102,0
3023,4152,0
3001,4202,0
2980,4248,0
2960,4292,0
2944,4334,0
2925,4365,0
2917,4381,0
2914,4387,0
2914,4382,0
2917,4381,0
2922,4349,0
2940,4314,0
2963,4256,0
2999,4203,0
3035,4141,0
3076,4094,0
3115,4048,0
3155,4012,0
3187,3985,0
3218,3977,0
3234,3974,0
3247,3979,0
3250,3987,0
3250,4001,0
3240,4016,0
3221,4031,0
3201,4046,0
3185,4056,0
3173,4058,0
3168,4060,0
3167,4061,0
3170,4063,0
3168,4060,0
3168,4060,0
3170,4063,0
3175,4065,0
3183,4070,0
3192,4070,0
3207,4070,0
3226,4065,0
3245,4049,0
3267,4032,0
3294,4017,0
3321,4001,0
3346,3981,0
3376,3973,0
3395,3962,0
3412,3961,0
3421,3960,0
3433,3967,0
3434,3966,0
3440,3971,0
3440,3971,0
3440,3971,0
3442,3975,0
3439,3972,0
3436,3969,0
3428,3964,0
3420,3966,0
3408,3972,0
3390,3989,0
3370,4015,0
3355,4042,0
3346,4065,0
3346,4079,0
3351,4086,0
3358,4086,0
3370,4083,0
3385,4070,0
3400,4048,0
3420,4027,0
3436,4007,0
3443,3998,0
3445,3997,0
3446,3996,0
3448,4009,0
3443,4027,0
3438,4048,0
3435,4068,0
3438,4081,0
3440,4084,0
3452,4086,0
3467,4073,0
3491,4049,0
3522,4019,0
3550,3983,0
3580,3963,0
3592,3954,0
3599,3955,0
3604,3966,0
3601,3983,0
3593,4007,0
3577,4032,0
3563,4061,0
3549,4083,0
3536,4092,0
3536,4096,0
3537,4095,0
3537,4090,0
3541,4084,0
3551,4072,0
3568,4056,0
3585,4036,0
3604,4023,0
3619,4014,0
3629,4007,0
3640,4005,0
3650,3998,0
3660,3987,0
3673,3969,0
3694,3950,0
3712,3921,0
3732,3893,0
3762,3867,0
3787,3834,0
3809,3798,0
3832,3764,0
3851,3740,0
3863,3725,0
3865,3724,0
3866,3723,0
3866,3728,0
3858,3744,0
3842,3787,0
3816,3837,0
3781,3897,0
3752,3958,0
3717,4005,0
3696,4048,0
3687,4075,0
3684,4081,0
3689,4083,0
3694,4075,0
3704,4053,1
3724,3971,0
3721,3969,0
3724,3971,0
3727,3974,0
3735,3974,0
3752,3971,0
3775,3960,0
3800,3937,1
4061,3906,0
4076,3888,0
4109,3866,0
4142,3829,0
4177,3788,0
4211,3749,0
4238,3709,0
4270,3679,0
4283,3658,0
4289,3653,0
4292,3655,0
4288,3658,0
4280,3677,0
4263,3719,0
4236,3775,0
4207,3842,0
4166,3918,0
4131,4003,0
4099,4089,0
4071,4166,0
4046,4233,0
4032,4279,0
4025,4302,0
4027,4307,0
4033,4297,1
4123,4019,0
4124,4018,0
4126,4017,0
4127,4011,0
4137,4004,0
4158,3991,0
4186,3969,0
4222,3945,0
4254,3918,0
4292,3901,0
4320,3882,0
4346,3875,0
4359,3870,0
4367,3872,0
4372,3884,0
4370,3902,0
4351,3924,0
4336,3964,0
4304,3995,0
4285,4027,0
4269,4046,0
4261,4046,0
4264,4049,0
4263,4040,0
4279,4022,0
4298,3995,0
4328,3965,0
4372,3943,0
4405,3914,0
4441,3892,0
4472,3875,0
4507,3865,0
4536,3859,0
4563,3856,0
4578,3853,0
4593,3855,0
4596,3857,0
4607,3863,0
4607,3863,0
4607,3863,0
4608,3863,0
4600,3859,0
4594,3860,0
4579,3863,0
4558,3872,0
4538,3895,0
4515,3911,0
4506,3930,0
4497,3944,0
4498,3959,0
4502,3967,0
4507,3967,0
4521,3965,0
4546,3954,0
4575,3932,0
4613,3908,0
4655,3884,0
4688,3868,0
4713,3866,0
4720,3872,0
4724,3877,0
4722,3892,0
4715,3909,0
4700,3936,0
4682,3958,0
4666,3972,0
4659,3974,0
4663,3976,0
4667,3971,0
4674,3960,0
4700,3941,0
4736,3917,0
4781,3896,0
4825,3880,0
4856,3870,0
4876,3872,0
4888,3878,0
4893,3884,0
4894,3894,0
4894,3906,0
4889,3911,0
4889,3918,0
4890,3917,0
4891,3916,0
4898,3913,0
4916,3906,0
4946,3888,0
4989,3866,0
5028,3847,0
5071,3842,0
5100,3840,0
5115,3842,0
5121,3847,0
5128,3857,0
5136,3872,0
5139,3893,0
5137,3912,0
5138,3935,0
5140,3950,0
5149,3963,0
5166,3969,0
5193,3969,0
5227,3956,0
5279,3941,0
5316,3916,1