In most cases it is consigned to the
535
1006,894,0
1001,914,0
993,941,0
991,981,0
989,1024,0
986,1064,0
991,1105,0
996,1133,0
995,1149,1
922,1209,0
905,1206,0
948,1205,0
962,1203,0
999,1190,0
1030,1172,0
1050,1152,0
1067,1141,0
1070,1121,1
911,911,0
909,894,0
941,885,0
986,868,0
1030,851,1
1131,967,0
1130,967,0
1129,968,0
1135,984,0
1140,1007,0
1140,1039,0
1134,1072,0
1132,1104,0
1130,1124,0
1129,1128,0
1135,1128,0
1146,1111,0
1173,1081,0
1199,1046,0
1218,1018,0
1232,1004,0
1239,1003,0
1241,1006,0
1251,1029,0
1259,1064,0
1266,1103,1
1539,981,0
1538,981,0
1545,995,0
1553,1023,0
1553,1054,0
1554,1082,0
1556,1098,0
1558,1102,0
1559,1101,0
1566,1093,0
1578,1064,0
1597,1035,0
1608,1010,0
1618,998,0
1618,998,0
1616,999,0
1616,1019,0
1612,1049,0
1618,1073,0
1624,1078,0
1645,1076,0
1674,1056,0
1700,1034,0
1710,1022,0
1710,1022,0
1710,1026,0
1713,1049,0
1709,1077,0
1715,1107,1
1814,1010,0
1799,1018,0
1790,1036,0
1785,1061,0
1790,1087,0
1805,1105,0
1823,1112,0
1843,1106,0
1870,1094,0
1891,1076,0
1901,1056,0
1898,1037,0
1879,1022,0
1852,1019,0
1815,1025,0
1793,1038,0
1785,1044,1
1966,973,0
1960,967,0
1954,962,0
1945,961,0
1936,965,0
1933,973,0
1935,988,0
1950,1008,0
1967,1031,0
1977,1049,0
1982,1061,0
1977,1072,0
1960,1082,0
1940,1090,0
1927,1092,0
1929,1085,0
1946,1064,1
2075,834,0
2075,834,0
2077,838,0
2072,860,0
2081,902,0
2090,956,0
2096,1007,0
2096,1044,0
2098,1060,1
2075,975,0
2075,975,0
2084,977,0
2104,983,0
2136,988,0
2169,985,0
2197,974,0
2224,963,1
2404,949,0
2371,965,0
2347,996,0
2332,1025,0
2333,1046,1
2543,947,0
2534,946,0
2527,952,0
2519,966,0
2504,992,0
2484,1018,0
2487,1037,0
2488,1042,0
2495,1039,0
2511,1027,0
2533,1005,0
2551,983,0
2559,968,0
2561,965,0
2561,965,0
2559,968,0
2560,983,0
2571,1004,0
2575,1021,0
2593,1028,0
2612,1021,1
2700,939,0
2684,935,0
2675,936,0
2667,941,0
2662,953,0
2663,969,0
2673,991,0
2690,1013,0
2691,1027,0
2692,1039,0
2683,1049,0
2678,1058,0
2674,1065,0
2679,1066,0
2692,1067,0
2717,1061,0
2741,1052,0
2764,1042,0
2786,1033,0
2805,1023,0
2810,1013,0
2819,1003,0
2817,990,0
2813,979,0
2800,969,0
2784,966,0
2774,968,0
2770,976,0
2766,994,0
2777,1016,0
2799,1036,0
2825,1045,0
2849,1044,0
2887,1037,0
2921,1023,0
2943,1003,0
2957,982,1
2975,971,0
2959,977,0
2963,959,0
2955,967,0
2946,965,0
2942,974,0
2963,947,0
2980,967,0
2993,988,0
3008,1006,0
3007,1016,0
3002,1028,0
2984,1039,0
2950,1045,0
2928,1046,0
2929,1042,0
2935,1030,1
3348,896,0
3347,897,0
3355,900,0
3356,909,0
3362,930,0
3369,958,0
3367,989,0
3367,1011,0
3363,1022,1
3346,831,0
3334,818,0
3331,814,0
3331,814,0
3334,818,0
3339,828,0
3349,837,0
3354,833,0
3367,819,1
3444,709,0
3444,711,0
3446,720,0
3451,750,0
3451,798,0
3443,857,0
3443,912,0
3444,960,1
3408,919,0
3399,916,0
3404,916,0
3419,922,0
3460,926,1
3682,866,0
3689,885,0
3697,914,0
3701,943,0
3706,969,0
3715,983,0
3715,983,0
3714,971,1
3690,784,0
3685,772,0
3681,769,0
3677,769,0
3684,774,1
3865,859,0
3854,855,0
3837,856,0
3823,862,0
3820,872,0
3839,960,0
3833,978,0
3816,992,0
3797,1001,0
3778,1006,1
4290,854,0
4272,842,0
4248,839,0
4230,844,0
4207,857,0
4197,881,0
4188,915,0
4181,947,0
4193,967,1
4321,894,0
4317,895,0
4316,899,0
4317,911,0
4323,924,0
4316,935,0
4323,942,0
4343,945,0
4365,938,0
4384,924,0
4396,907,0
4404,892,0
4402,881,0
4391,872,0
4377,868,0
4363,871,0
4345,882,0
4332,902,0
4324,915,0
4337,916,0
4360,905,1
4471,842,0
4471,842,0
4471,845,0
4472,859,0
4471,881,0
4475,904,0
4475,921,0
4486,927,0
4495,923,0
4514,909,0
4534,893,0
4546,874,0
4559,871,0
4555,871,0
4558,878,0
4559,892,0
4571,914,0
4577,921,0
4599,917,0
4618,902,1
4700,820,0
4688,815,0
4680,815,0
4675,817,0
4677,828,0
4691,842,0
4709,857,0
4719,871,0
4721,880,0
4710,888,0
4697,897,0
4671,903,0
4653,910,0
4641,912,0
4649,913,0
4659,904,0
4685,894,1
4761,837,0
4779,830,0
4783,830,0
4790,834,0
4788,849,0
4787,872,0
4782,898,0
4782,915,0
4791,918,0
4792,909,0
4797,885,0
4807,855,1
4764,748,0
4753,738,0
4753,739,0
4758,739,1
4878,824,0
4857,827,0
4846,840,0
4830,860,0
4823,882,0
4823,897,0
4835,900,0
4853,891,0
4873,870,0
4889,848,0
4900,836,0
4909,831,0
4917,832,0
4918,843,0
4922,869,0
4923,906,0
4919,950,0
4910,991,0
4887,1021,0
4862,1044,0
4836,1064,0
4817,1074,0
4806,1071,0
4803,1049,0
4811,1009,1
4975,802,0
4970,801,0
4973,808,0
4974,830,0
4977,858,0
4972,887,0
4973,898,0
4974,899,0
4979,892,0
4999,874,0
5027,851,0
5042,832,0
5052,825,0
5052,825,0
5055,829,0
5053,841,0
5055,854,0
5061,866,0
5068,873,0
5088,874,0
5114,866,0
5132,856,0
5142,846,0
5143,836,0
5139,831,0
5132,828,0
5124,830,0
5107,837,0
5096,849,0
5098,862,0
5103,877,0
5122,890,0
5152,900,0
5181,901,0
5206,897,0
5228,888,0
5249,880,1
5341,816,0
5330,812,0
5313,815,0
5294,827,0
5271,846,0
5263,868,0
5264,887,0
5275,896,0
5291,895,0
5318,885,0
5337,865,0
5354,839,0
5358,809,0
5358,779,0
5362,751,0
5361,728,0
5351,711,0
5356,702,0
5360,707,0
5362,721,0
5377,756,0
5394,810,0
5405,871,0
5412,921,1
5722,633,0
5719,624,0
5716,625,0
5718,638,0
5719,661,0
5728,692,0
5744,726,0
5752,758,0
5762,784,0
5771,808,0
5779,829,0
5786,844,0
5781,844,1
5689,774,0
5672,761,0
5676,758,0
5684,760,0
5699,760,0
5724,755,0
5750,744,0
5765,724,1
5818,640,0
5822,641,0
5825,653,0
5827,677,0
5823,711,0
5817,755,0
5804,797,0
5804,825,0
5811,831,0
5820,827,0
5834,810,0
5858,789,0
5880,769,0
5894,757,0
5899,753,0
5902,757,0
5909,764,0
5911,785,0
5911,810,0
5920,834,1
5878,782,0
5862,783,0
5844,797,0
5822,808,0
5812,827,0
5810,844,0
5820,858,0
5838,868,0
5866,873,0
5891,867,0
5921,852,0
5945,832,0
5960,808,0
5959,785,0
5948,767,0
5927,750,0
5902,748,0
5881,758,0
5863,776,0
5860,799,0
5882,816,1
6203,594,0
6201,590,0
6199,596,0
6197,626,0
6193,673,0
6191,729,0
6188,785,0
6194,831,0
6208,848,1
6167,730,0
6162,728,0
6166,733,0
6189,741,1
6290,616,0
6286,616,0
6290,628,0
6295,661,0
6297,711,0
6296,760,0
6291,803,0
6292,825,0
6292,831,0
6300,829,0
6314,815,0
6336,793,0
6350,776,0
6355,770,0
6359,769,0
6367,772,0
6382,781,0
6405,793,0
6432,799,0
6461,799,0
6490,790,0
6504,776,0
6505,759,0
6502,743,0
6492,735,0
6471,739,0
6453,756,0
6442,782,0
6448,805,0
6478,825,0
6536,838,0
6589,836,0
6623,822,1