everyone else. That was one of the turning
1064
564,4369,0
572,4366,0
578,4359,0
582,4355,0
587,4355,0
594,4352,0
595,4345,0
591,4332,0
584,4323,0
575,4314,0
561,4308,0
545,4302,0
529,4300,0
511,4309,0
494,4327,0
480,4350,0
470,4385,0
464,4412,0
464,4444,0
464,4464,0
471,4485,0
482,4495,0
499,4502,0
518,4505,0
539,4502,1
658,4307,0
657,4307,0
656,4307,0
656,4307,0
652,4319,0
649,4331,0
649,4342,0
646,4362,0
649,4386,0
650,4407,0
656,4423,0
663,4444,0
670,4456,0
679,4466,0
690,4475,0
699,4468,0
712,4461,0
723,4442,0
733,4418,0
737,4391,0
743,4367,0
743,4347,0
742,4335,0
738,4331,0
732,4326,0
726,4330,0
722,4333,0
720,4337,0
719,4337,0
721,4341,0
728,4346,0
736,4346,0
748,4351,0
763,4360,0
781,4362,0
800,4363,0
818,4365,0
836,4361,0
852,4355,0
868,4347,0
878,4340,0
885,4336,0
889,4332,0
888,4328,0
883,4328,0
875,4324,0
863,4323,0
849,4326,0
837,4333,0
826,4341,0
818,4352,0
814,4369,0
817,4389,0
824,4413,0
839,4442,0
854,4466,0
875,4488,0
897,4497,0
919,4501,0
939,4494,0
961,4471,0
979,4451,0
992,4428,0
1002,4400,0
1006,4384,0
1011,4367,0
1010,4360,0
1008,4348,0
1006,4344,0
1003,4340,0
998,4336,0
995,4339,0
989,4339,0
986,4348,0
984,4355,0
985,4367,0
988,4376,0
992,4387,0
996,4396,0
1002,4400,0
1007,4396,0
1014,4392,0
1020,4384,0
1029,4380,0
1035,4372,0
1042,4360,0
1049,4344,0
1055,4328,0
1061,4316,0
1066,4304,0
1069,4296,0
1071,4297,0
1070,4297,0
1069,4304,0
1067,4316,0
1064,4337,0
1059,4364,0
1052,4392,0
1044,4428,0
1033,4472,0
1025,4520,0
1014,4572,0
1005,4616,0
996,4655,0
986,4683,0
976,4699,0
970,4707,0
967,4707,0
964,4707,0
963,4699,0
965,4687,0
969,4679,0
975,4667,0
979,4659,0
984,4652,0
989,4640,0
996,4628,0
1001,4604,0
1011,4579,0
1020,4552,0
1032,4524,0
1045,4497,0
1061,4464,0
1078,4437,0
1095,4401,0
1114,4372,0
1131,4344,0
1148,4320,0
1165,4303,0
1183,4299,0
1197,4295,0
1213,4298,0
1223,4306,0
1233,4314,0
1237,4325,0
1238,4338,0
1236,4354,0
1230,4365,0
1222,4378,0
1213,4391,0
1201,4398,0
1188,4403,0
1177,4412,0
1165,4412,0
1158,4416,0
1154,4412,0
1152,4404,0
1153,4388,0
1160,4372,0
1172,4351,0
1187,4328,0
1204,4302,0
1224,4283,0
1242,4269,0
1260,4261,0
1276,4260,0
1292,4263,0
1307,4278,0
1319,4290,0
1327,4305,0
1333,4321,0
1335,4337,0
1334,4348,0
1330,4369,0
1324,4385,0
1317,4394,0
1309,4403,0
1303,4406,0
1298,4407,0
1295,4410,0
1293,4407,0
1295,4403,0
1301,4391,0
1312,4370,0
1324,4353,0
1339,4328,0
1356,4311,0
1370,4295,0
1382,4281,0
1391,4277,0
1397,4280,0
1399,4288,0
1402,4308,0
1401,4328,0
1399,4352,0
1397,4372,0
1397,4389,0
1396,4401,0
1398,4413,0
1401,4420,0
1408,4424,0
1417,4423,0
1429,4418,0
1443,4408,0
1460,4396,0
1476,4382,0
1491,4365,0
1503,4347,0
1515,4330,0
1520,4309,0
1520,4289,0
1517,4273,0
1512,4266,0
1505,4262,0
1498,4271,0
1493,4288,0
1488,4316,0
1486,4345,0
1486,4377,0
1489,4409,0
1498,4436,0
1507,4455,0
1520,4470,0
1536,4468,0
1555,4462,0
1575,4440,0
1593,4414,1
1726,4335,0
1730,4338,0
1734,4341,0
1739,4345,0
1742,4344,0
1745,4340,0
1752,4343,0
1759,4338,0
1768,4336,0
1778,4331,0
1789,4324,0
1800,4311,0
1812,4300,0
1819,4283,0
1826,4273,0
1827,4261,0
1823,4249,0
1819,4250,0
1809,4251,0
1796,4258,0
1783,4273,0
1771,4291,0
1761,4309,0
1754,4326,0
1753,4346,0
1755,4362,0
1761,4381,0
1769,4396,0
1780,4415,0
1792,4425,0
1807,4431,0
1821,4432,0
1836,4430,0
1853,4423,0
1868,4412,0
1884,4401,0
1899,4390,0
1914,4374,0
1930,4355,0
1946,4331,0
1963,4303,0
1978,4271,0
1990,4240,0
1999,4205,0
2005,4174,0
2010,4145,0
2011,4121,0
2008,4097,0
2005,4085,0
2000,4082,0
1992,4079,0
1983,4089,0
1971,4105,0
1961,4136,0
1949,4167,0
1938,4206,0
1933,4252,0
1931,4298,0
1930,4338,0
1932,4375,0
1939,4410,0
1944,4430,0
1951,4437,0
1959,4439,0
1971,4436,0
1983,4421,0
1999,4401,0
2012,4382,0
2029,4362,0
2047,4346,0
2065,4330,0
2079,4314,0
2092,4298,0
2103,4287,0
2110,4278,0
2113,4273,0
2116,4272,0
2114,4276,0
2113,4276,0
2109,4277,0
2102,4275,0
2094,4277,0
2087,4278,0
2080,4280,0
2077,4281,0
2075,4282,0
2077,4290,0
2081,4305,0
2090,4323,0
2104,4349,0
2116,4371,0
2128,4396,0
2136,4411,0
2141,4426,0
2145,4438,0
2143,4447,0
2138,4447,0
2128,4450,0
2113,4449,0
2099,4453,0
2084,4456,0
2071,4459,0
2063,4457,0
2061,4454,0
2065,4449,0
2075,4442,0
2093,4430,0
2116,4420,0
2142,4401,0
2171,4386,0
2199,4365,0
2224,4350,0
2242,4308,0
2230,4316,0
2220,4327,0
2211,4333,0
2207,4343,0
2208,4359,0
2215,4374,0
2227,4396,0
2243,4412,0
2337,4406,1
2429,4478,0
2427,4475,1
2744,4094,0
2745,4098,0
2741,4096,0
2742,4099,0
2736,4102,0
2733,4116,0
2728,4132,0
2725,4155,0
2727,4188,1
2562,4034,0
2564,4038,0
2569,4036,0
2577,4033,0
2591,4032,0
2610,4032,0
2630,4029,0
2656,4027,0
2687,4027,0
2719,4022,0
2755,4024,0
2784,4020,0
2814,4020,0
2842,4021,0
2860,4017,0
2878,4012,0
2887,4004,1
2883,3992,0
2887,3995,0
2887,3995,0
2887,4000,0
2880,4017,0
2879,4039,0
2877,4066,0
2873,4094,0
2875,4128,0
2876,4164,0
2876,4203,0
2873,4239,1
3161,4230,0
3164,4225,0
3162,4217,0
3153,4207,0
3147,4206,0
3132,4205,0
3119,4212,0
3105,4218,0
3094,4228,0
3081,4235,0
3073,4248,0
3065,4260,0
3097,4347,0
3107,4342,0
3119,4328,0
3127,4306,0
3133,4285,0
3138,4269,0
3141,4263,0
3141,4263,0
3139,4263,0
3141,4281,0
3140,4304,0
3143,4333,0
3146,4358,0
3153,4378,0
3158,4384,0
3166,4385,0
3175,4371,0
3189,4351,0
3203,4317,0
3216,4274,0
3228,4223,0
3240,4176,0
3247,4126,0
3250,4087,0
3256,4062,0
3254,4044,0
3254,4040,0
3253,4041,0
3252,4051,0
3253,4077,0
3252,4105,0
3256,4144,0
3263,4191,0
3266,4234,0
3273,4280,0
3276,4319,0
3275,4351,0
3275,4374,0
3271,4381,0
3266,4383,0
3257,4379,0
3252,4373,0
3242,4360,0
3237,4348,0
3230,4333,0
3228,4322,0
3230,4307,0
3235,4291,0
3242,4270,0
3253,4254,0
3271,4249,0
3289,4249,0
3306,4258,1
3560,4213,0
3552,4213,0
3551,4214,0
3544,4218,0
3538,4239,0
3528,4265,0
3526,4298,0
3520,4329,0
3522,4362,0
3520,4381,0
3528,4399,0
3532,4401,0
3540,4401,0
3551,4394,0
3561,4380,0
3570,4360,0
3576,4338,0
3583,4325,0
3581,4312,0
3583,4316,0
3583,4316,0
3588,4331,0
3592,4352,0
3600,4372,0
3612,4391,0
3627,4401,0
3643,4406,0
3662,4404,0
3681,4401,0
3699,4395,0
3711,4382,0
3724,4374,0
3734,4369,0
3740,4360,0
3741,4355,0
3740,4346,0
3731,4332,0
3722,4319,0
3710,4302,0
3701,4290,0
3692,4272,0
3687,4256,0
3689,4245,0
3696,4235,0
3711,4230,0
3732,4232,0
3755,4236,0
3779,4239,0
3803,4247,0
3826,4255,0
3840,4256,0
3858,4263,0
3867,4266,0
3874,4267,0
3876,4270,0
3876,4270,0
3868,4266,0
3857,4254,0
3842,4245,0
3827,4236,0
3806,4226,0
3793,4225,0
3776,4232,0
3766,4248,0
3756,4273,0
3749,4307,0
3746,4341,0
3748,4379,0
3755,4411,0
3764,4425,0
3774,4433,0
3786,4430,0
3798,4413,0
3810,4386,0
3820,4360,0
3825,4333,0
3824,4309,0
3824,4300,0
3825,4304,0
3826,4304,0
3824,4324,0
3824,4344,0
3825,4362,0
3827,4370,0
3831,4372,0
3838,4368,0
3851,4355,0
3865,4331,0
3883,4304,0
3896,4270,0
3913,4249,0
3928,4229,0
3940,4216,0
3954,4210,0
3963,4205,0
3976,4210,0
3985,4218,0
3993,4227,0
4003,4245,0
4012,4268,0
4026,4292,0
4037,4319,0
4046,4347,0
4056,4384,0
4056,4418,0
4055,4448,0
4048,4472,0
4038,4479,0
4025,4478,0
4009,4466,0
3995,4446,0
3981,4425,0
3973,4407,0
3966,4393,0
3966,4389,1
4270,4240,0
4283,4229,0
4291,4223,0
4295,4221,0
4302,4225,0
4314,4231,0
4327,4241,0
4339,4251,0
4351,4262,0
4360,4281,0
4364,4303,0
4361,4326,0
4347,4347,0
4338,4369,0
4322,4381,0
4304,4386,0
4284,4380,0
4270,4371,0
4259,4354,0
4251,4329,0
4246,4299,0
4251,4270,0
4262,4241,0
4282,4210,0
4302,4189,0
4326,4180,0
4349,4182,0
4369,4192,0
4391,4215,0
4402,4237,0
4414,4263,0
4420,4284,0
4416,4297,0
4416,4307,0
4413,4310,0
4410,4308,0
4408,4304,0
4413,4295,0
4420,4279,0
4429,4261,0
4445,4247,0
4460,4235,0
4475,4229,0
4488,4228,0
4500,4233,0
4506,4239,0
4511,4251,0
4512,4265,0
4515,4283,0
4511,4297,0
4509,4309,0
4515,4320,0
4521,4326,0
4526,4326,0
4532,4321,0
4546,4314,0
4561,4302,0
4574,4286,0
4591,4267,0
4609,4250,0
4628,4234,0
4639,4215,0
4649,4200,0
4652,4186,0
4651,4177,0
4650,4172,0
4644,4173,0
4635,4175,0
4625,4183,0
4613,4193,0
4611,4212,0
4611,4233,0
4616,4261,0
4625,4289,0
4637,4316,0
4657,4341,0
4670,4356,0
4688,4362,0
4706,4357,0
4718,4342,0
4732,4324,1
4902,4179,0
4921,4172,0
4932,4167,0
4940,4165,0
4949,4167,0
4958,4169,0
4973,4177,0
4985,4182,0
4999,4191,0
5010,4203,0
5016,4219,0
5016,4242,0
5009,4270,0
5002,4299,0
4996,4327,0
4982,4345,0
4975,4357,0
4971,4356,0
4966,4350,0
4963,4336,0
4958,4314,0
4963,4287,0
4972,4256,0
4985,4216,0
5006,4173,0
5030,4128,0
5055,4080,0
5078,4039,0
5093,4000,0
5104,3970,0
5110,3947,0
5111,3933,0
5115,3930,0
5115,3929,0
5113,3938,0
5099,3958,0
5099,3993,0
5091,4042,0
5090,4094,0
5089,4164,0
5084,4237,0
5082,4300,0
5076,4350,0
5074,4391,0
5074,4419,0
5072,4436,0
5057,4440,0
5054,4437,0
5047,4427,0
5050,4409,0
5046,4384,0
5047,4361,0
5055,4337,0
5060,4315,0
5074,4297,0
5091,4280,0
5106,4265,0
5125,4253,0
5148,4247,0
5165,4242,0
5180,4243,0
5193,4247,0
5202,4250,0
5210,4258,1
5392,3921,0
5400,3912,0
5402,3909,0
5399,3913,0
5393,3925,0
5390,3947,0
5389,3974,0
5388,3999,0
5384,4027,0
5380,4054,0
5382,4089,0
5378,4128,0
5373,4174,0
5365,4218,0
5360,4258,0
5349,4288,0
5346,4308,0
5338,4310,0
5335,4308,0
5332,4304,0
5328,4297,0
5330,4290,0
5333,4287,0
5335,4280,0
5350,4275,0
5363,4261,0
5378,4240,0
5402,4215,0
5420,4183,0
5441,4150,0
5461,4115,0
5477,4073,0
5489,4029,0
5503,3983,0
5511,3937,0
5516,3899,0
5518,3872,0
5514,3864,0
5511,3867,0
5503,3889,0
5499,3925,0
5499,3976,0
5498,4032,0
5493,4085,0
5495,4149,0
5498,4205,0
5498,4252,0
5499,4297,0
5505,4297,0
5513,4283,0
5521,4257,0
5527,4226,0
5545,4177,0
5554,4166,0
5564,4162,0
5572,4164,0
5581,4173,0
5588,4189,0
5596,4209,0
5616,4247,0
5624,4245,0
5641,4232,0
5658,4207,0
5674,4182,0
5690,4157,0
5698,4135,0
5706,4114,0
5714,4098,0
5712,4082,0
5712,4076,0
5710,4073,0
5707,4075,0
5699,4085,0
5691,4107,0
5689,4134,0
5687,4167,0
5694,4202,0
5697,4241,0
5706,4273,0
5719,4294,0
5734,4307,0
5748,4310,0
5759,4303,0
5771,4290,0
5783,4270,1
5977,3819,0
5980,3815,0
5981,3822,0
5973,3838,0
5969,3865,0
5964,3896,0
5962,3932,0
5963,3969,0
5968,4008,0
5969,4053,0
5969,4105,0
5965,4159,0
5955,4204,0
5951,4239,0
5946,4263,0
5936,4269,0
5929,4265,0
5921,4256,0
5916,4239,0
5903,4216,0
5898,4197,0
5897,4185,0
5896,4175,0
5899,4171,0
5905,4170,0
5912,4167,0
5926,4169,0
5938,4167,0
5954,4167,0
5967,4158,0
5980,4147,0
6003,4126,0
6018,4101,0
6037,4077,0
6050,4053,0
6063,4036,0
6068,4029,0
6073,4030,0
6072,4032,0
6069,4048,0
6061,4072,0
6049,4099,0
6044,4131,0
6039,4163,0
6037,4192,0
6037,4218,0
6039,4234,0
6050,4246,0
6055,4252,0
6070,4246,0
6085,4241,0
6098,4225,0
6112,4207,0
6121,4183,0
6130,4159,0
6136,4132,0
6141,4105,0
6145,4087,0
6145,4074,0
6150,4075,0
6150,4075,0
6150,4094,0
6148,4122,0
6150,4152,0
6160,4180,0
6172,4203,0
6179,4218,0
6191,4230,0
6203,4234,0
6211,4237,0
6221,4237,0
6230,4233,0
6236,4224,0
6242,4210,0
6249,4195,0
6254,4174,0
6263,4152,0
6269,4130,0
6275,4109,0
6280,4089,0
6285,4075,0
6295,4063,0
6298,4051,0
6302,4046,0
6301,4041,0
6300,4042,0
6303,4045,0
6304,4043,0
6299,4044,0
6298,4044,0
6297,4046,0
6297,4047,0
6296,4048,0
6295,4049,0
6295,4049,0
6293,4051,0
6290,4048,0
6293,4051,0
6289,4044,0
6290,4036,0
6290,4029,0
6290,4023,0
6290,4023,0
6293,4019,0
6305,4010,0
6317,4006,0
6330,4008,0
6348,4010,0
6358,4010,0
6369,4009,0
6382,4011,0
6389,4009,0
6394,4008,0
6399,4008,0
6404,4010,0
6403,4017,0
6399,4029,0
6390,4041,0
6384,4056,0
6377,4073,0
6367,4093,0
6360,4116,0
6358,4146,0
6355,4181,0
6353,4211,0
6361,4240,0
6369,4256,0
6372,4259,0
6372,4259,0
6380,4255,0
6381,4233,0
6387,4213,0
6392,4186,0
6401,4161,0
6407,4132,0
6416,4107,0
6426,4087,0
6435,4069,0
6442,4059,0
6446,4052,0
6456,4053,0
6462,4058,0
6464,4070,0
6468,4084,0
6472,4105,0
6473,4123,0
6474,4150,0
6473,4172,0
6476,4195,0
6477,4206,0
6478,4211,0
6486,4215,0
6493,4211,0
6501,4200,0
6511,4181,0
6526,4160,0
6536,4138,0
6547,4118,0
6560,4094,0
6571,4077,0
6579,4066,0
6587,4062,0
6592,4061,0
6598,4067,0
6600,4085,0
6602,4102,0
6609,4128,0
6615,4153,0
6620,4174,0
6626,4186,0
6633,4191,0
6633,4191,0
6632,4184,0
6635,4181,0
6632,4170,1
6584,3932,0
6595,3924,0
6602,3927,0
6607,3935,0
6607,3956,1
6673,4085,0
6686,4080,0
6688,4072,0
6692,4066,0
6691,4058,0
6688,4057,0
6688,4058,0
6688,4063,0
6689,4069,0
6691,4081,0
6694,4098,0
6695,4123,0
6697,4149,0
6702,4176,0
6704,4194,0
6709,4200,0
6705,4198,0
6712,4188,0
6715,4165,0
6718,4133,0
6720,4102,0
6725,4080,0
6737,4063,0
6738,4054,0
6752,4056,0
6761,4064,0
6769,4081,0
6778,4104,0
6787,4126,0
6794,4149,0
6802,4167,0
6804,4171,0
6815,4169,0
6821,4161,0
6828,4142,0
6840,4118,0
6844,4091,0
6855,4067,0
6870,4045,0
6877,4028,0
6884,4010,0
6885,3986,0
6880,3964,0
6875,3944,0
6863,3926,0
6857,3919,0
6850,3917,0
6843,3926,0
6841,3944,0
6843,3970,0
6845,4048,0
6852,4065,0
6861,4074,0
6864,4076,0
6866,4073,0
6867,4063,0
6869,4062,0
6871,4065,0
6869,4069,0
6867,4093,0
6868,4128,0
6862,4170,0
6863,4226,0
6860,4286,0
6852,4338,0
6837,4379,0
6817,4406,0
6798,4424,0
6774,4430,0
6749,4430,1