He had reddish hair
441
764,610,0
844,656,0
851,669,0
851,669,0
850,690,0
806,696,0
812,734,0
807,772,0
809,819,0
805,866,0
802,915,0
801,974,0
792,1027,0
791,1081,0
791,1131,0
793,1177,0
793,1210,0
795,1223,0
805,1218,0
827,1190,0
854,1143,1
1093,637,0
1095,638,0
1094,637,0
1099,653,0
1101,690,0
1094,738,0
1088,798,0
1082,866,0
1072,938,0
1062,1010,0
1054,1081,0
1044,1148,0
1028,1204,0
1006,1242,0
981,1265,0
960,1274,0
938,1260,1
818,1114,0
821,1107,0
842,1100,0
863,1088,0
889,1077,0
922,1072,0
962,1069,0
1007,1071,0
1049,1061,0
1096,1049,0
1143,1035,0
1182,1015,0
1211,991,0
1244,977,0
1254,955,0
1248,931,0
1235,921,0
1218,921,0
1191,929,0
1163,957,0
1133,1000,0
1106,1049,0
1095,1101,0
1107,1145,0
1126,1164,0
1160,1178,0
1194,1179,0
1231,1175,0
1264,1169,0
1298,1170,0
1326,1167,0
1349,1170,0
1367,1173,1
1806,570,0
1797,569,0
1796,570,0
1799,581,0
1802,608,0
1810,648,0
1810,697,0
1819,757,0
1822,822,0
1825,890,0
1822,948,0
1822,998,0
1830,1038,0
1832,1059,0
1833,1062,0
1833,1058,0
1850,1042,0
1865,1007,0
1890,967,0
1921,927,0
1948,896,0
1971,882,0
1989,885,0
2006,902,0
2012,933,0
2016,978,0
2015,1027,0
2022,1071,0
2026,1102,0
2039,1117,0
2048,1120,0
2067,1117,0
2084,1100,1
2330,886,0
2333,873,0
2338,864,0
2326,860,0
2305,866,0
2267,883,0
2224,914,0
2178,952,0
2155,996,0
2151,1034,0
2162,1058,0
2188,1065,0
2212,1053,0
2237,1027,0
2265,994,0
2286,957,0
2306,918,0
2325,887,0
2331,875,0
2335,876,0
2335,885,0
2337,913,0
2334,950,0
2335,984,0
2346,1018,0
2356,1047,0
2371,1066,0
2386,1073,0
2412,1071,1
2656,927,0
2658,924,0
2654,922,0
2646,922,0
2616,928,0
2580,945,0
2544,970,0
2520,997,0
2508,1025,0
2507,1049,0
2517,1064,0
2533,1061,0
2552,1044,0
2577,1011,0
2596,967,0
2614,913,0
2622,848,0
2654,782,0
2661,718,0
2657,666,0
2659,632,0
2656,612,0
2654,605,0
2646,605,0
2642,621,0
2638,660,0
2644,719,0
2649,785,0
2628,691,0
2632,749,0
2642,801,0
2652,851,0
2642,1033,1
3100,1020,0
3098,1007,0
3097,989,0
3064,1025,0
3059,995,0
3055,975,0
3083,880,0
3092,854,0
3105,839,0
3123,835,0
3146,843,0
3171,858,0
3199,873,0
3226,882,0
3259,885,0
3281,880,0
3300,871,0
3317,862,0
3320,849,0
3320,834,0
3311,824,0
3300,820,0
3281,827,0
3267,847,0
3243,881,0
3233,923,0
3243,966,0
3257,995,0
3282,1010,0
3319,1014,0
3354,1011,0
3391,1003,0
3426,987,1
3656,897,0
3665,883,0
3668,870,0
3663,858,0
3645,846,0
3614,839,0
3585,840,0
3554,849,0
3518,861,0
3491,880,0
3471,903,0
3466,932,0
3479,960,0
3497,979,0
3528,989,0
3558,987,0
3598,979,0
3631,967,0
3662,950,0
3686,927,0
3699,894,0
3711,849,0
3718,803,0
3717,757,0
3715,711,0
3711,669,0
3702,625,0
3704,592,0
3695,570,0
3691,564,0
3696,564,0
3696,586,0
3693,632,0
3694,692,0
3696,757,0
3702,819,0
3718,873,0
3726,915,0
3741,950,0
3752,972,0
3766,980,1
4009,877,0
4008,865,0
4007,849,0
3995,834,0
3964,822,0
3924,819,0
3882,826,0
3848,846,0
3811,875,0
3793,915,0
3786,954,0
3795,981,0
3807,997,0
3834,1001,0
3870,991,0
3909,972,0
3948,939,0
3989,891,0
4007,834,0
4017,767,0
4026,699,0
4032,642,0
4035,595,0
4032,557,0
4035,535,0
4036,532,0
4031,538,0
4034,570,0
4032,618,0
4039,672,0
4045,729,0
4049,790,0
4059,856,0
4063,911,0
4058,959,0
4068,985,0
4082,994,0
4100,989,0
4118,967,0
4132,931,0
4151,886,1
4232,796,0
4233,813,0
4237,846,0
4237,883,0
4234,918,0
4236,943,0
4242,967,0
4242,968,0
4247,965,0
4241,938,0
4240,890,0
4241,830,1
4247,661,0
4237,647,0
4239,639,0
4239,637,0
4244,637,0
4239,639,0
4241,651,0
4254,673,1
4399,774,0
4415,773,0
4432,772,0
4439,775,0
4434,781,0
4414,801,0
4389,827,0
4362,854,0
4349,880,0
4352,906,0
4362,931,0
4378,952,0
4386,970,0
4381,988,0
4372,1007,0
4352,1023,0
4323,1037,0
4301,1044,0
4287,1047,0
4288,1043,1
4568,595,0
4566,579,0
4570,576,0
4577,582,0
4582,605,0
4589,644,0
4582,699,0
4579,763,0
4577,823,0
4576,868,0
4586,900,0
4590,918,0
4594,921,0
4599,921,0
4618,906,0
4636,876,0
4661,849,0
4673,832,0
4685,833,0
4695,847,0
4706,873,0
4717,900,0
4733,921,0
4754,935,0
4773,941,1
5139,593,0
5132,585,0
5121,579,0
5117,577,0
5113,580,0
5115,600,0
5115,633,0
5126,676,0
5127,731,0
5127,781,0
5132,827,0
5130,864,0
5133,895,0
5137,914,0
5137,918,0
5145,917,0
5156,900,0
5182,871,0
5207,841,0
5227,817,0
5245,806,0
5249,808,0
5255,820,0
5260,842,0
5263,868,0
5259,892,0
5260,913,0
5269,924,0
5274,927,1
5383,803,0
5397,796,0
5392,793,0
5388,794,0
5376,797,0
5349,817,0
5320,842,0
5307,875,0
5290,902,0
5295,917,0
5320,919,0
5349,909,0
5373,892,0
5392,871,0
5404,848,0
5412,825,0
5421,817,0
5421,819,0
5417,824,0
5402,837,0
5398,858,0
5403,878,0
5421,895,0
5443,907,0
5467,914,0
5487,912,0
5513,903,0
5540,888,0
5563,870,0
5582,848,0
5598,825,0
5609,807,0
5622,799,0
5629,801,0
5643,816,0
5656,842,0
5664,871,0
5673,891,0
5684,900,0
5688,899,1
5677,647,0
5670,634,0
5670,627,0
5671,626,0
5671,624,1
5716,820,0
5726,834,0
5744,849,0
5762,861,0
5774,870,0
5776,877,0
5776,880,0
5779,881,0
5783,880,0
5781,875,0
5775,857,0
5771,830,0
5775,802,0
5791,773,0
5815,748,0
5836,735,0
5853,728,0
5876,732,0
5900,739,0
5915,750,0
5942,757,1