Cabinet Minister.
622
761,4147,0
758,4143,0
755,4139,0
751,4135,0
747,4131,0
740,4126,0
731,4125,0
721,4128,0
707,4127,0
695,4134,0
684,4137,0
672,4147,0
658,4155,0
646,4174,0
631,4191,0
618,4214,0
606,4242,0
596,4268,0
591,4295,0
586,4319,0
585,4343,0
583,4367,0
588,4388,0
593,4404,0
603,4418,0
613,4427,0
626,4432,0
639,4434,0
656,4435,0
672,4425,0
690,4415,0
710,4405,0
729,4390,0
748,4367,0
767,4349,0
785,4330,0
801,4311,0
820,4292,0
836,4278,0
852,4258,0
866,4243,0
880,4232,0
891,4224,0
900,4217,0
904,4213,0
908,4213,0
908,4213,0
908,4213,0
907,4217,0
903,4220,0
896,4216,0
888,4220,0
876,4227,0
866,4235,0
853,4242,0
839,4262,0
826,4280,0
810,4304,0
796,4331,0
784,4354,0
774,4374,0
769,4393,0
769,4406,0
772,4409,0
776,4418,0
789,4418,0
801,4415,0
816,4405,0
831,4389,0
846,4374,0
862,4355,0
873,4331,0
886,4308,0
900,4289,0
908,4265,0
918,4249,0
923,4233,0
927,4217,0
931,4205,0
933,4201,0
934,4202,0
934,4202,0
936,4202,0
934,4206,0
933,4217,0
926,4229,0
921,4250,0
913,4273,0
904,4297,0
897,4324,0
893,4356,0
885,4384,0
882,4408,0
883,4428,0
883,4444,0
890,4456,0
900,4456,0
914,4457,0
924,4454,0
941,4442,0
957,4431,0
977,4411,0
989,4391,0
1006,4364,0
1023,4344,0
1037,4316,0
1047,4288,0
1059,4260,0
1065,4232,0
1069,4213,0
1071,4192,0
1073,4172,0
1073,4161,0
1066,4148,0
1062,4149,0
1056,4144,0
1048,4145,0
1040,4152,0
1031,4164,0
1021,4176,0
1015,4200,0
1007,4224,0
1001,4251,0
998,4280,0
997,4311,0
998,4344,0
1004,4368,0
1014,4392,0
1023,4404,0
1035,4404,0
1048,4401,0
1061,4392,0
1075,4372,0
1086,4352,0
1096,4333,0
1107,4316,0
1113,4309,0
1116,4300,0
1117,4296,0
1117,4297,0
1117,4292,0
1115,4297,0
1114,4297,0
1113,4300,0
1116,4304,0
1116,4304,0
1121,4308,0
1128,4312,0
1135,4312,0
1142,4312,0
1149,4308,0
1158,4308,0
1165,4304,0
1175,4307,0
1179,4299,0
1184,4299,0
1190,4299,0
1189,4295,0
1189,4291,0
1190,4299,0
1191,4295,0
1189,4295,0
1189,4299,0
1186,4299,0
1187,4303,0
1180,4304,0
1177,4311,0
1177,4323,0
1172,4331,0
1169,4348,0
1169,4363,0
1167,4372,0
1170,4387,0
1173,4391,0
1179,4396,0
1185,4399,0
1192,4398,0
1202,4395,0
1212,4391,0
1223,4379,0
1233,4365,0
1247,4353,0
1255,4340,0
1264,4328,0
1274,4320,0
1281,4315,0
1285,4311,0
1287,4307,0
1290,4311,0
1290,4319,0
1290,4336,0
1286,4352,0
1285,4372,0
1281,4388,0
1279,4400,0
1281,4408,0
1288,4407,0
1294,4399,0
1305,4391,0
1318,4374,0
1332,4352,0
1347,4336,0
1360,4319,0
1372,4310,0
1379,4306,0
1387,4313,0
1391,4325,0
1394,4337,0
1399,4357,0
1401,4372,0
1406,4388,0
1411,4395,0
1422,4398,0
1434,4398,0
1447,4393,0
1459,4375,0
1474,4367,0
1483,4345,0
1493,4328,0
1500,4307,0
1505,4295,0
1505,4287,0
1504,4283,0
1500,4279,0
1496,4280,0
1488,4280,0
1481,4285,0
1474,4294,0
1469,4306,0
1462,4319,0
1459,4336,0
1458,4355,0
1459,4367,0
1462,4383,0
1467,4395,0
1475,4406,0
1485,4409,0
1498,4412,0
1512,4406,0
1527,4401,0
1544,4387,0
1561,4369,0
1580,4347,0
1597,4324,0
1614,4290,0
1630,4256,0
1650,4225,0
1666,4194,0
1681,4167,0
1691,4138,0
1704,4119,0
1712,4102,0
1719,4097,0
1720,4097,0
1720,4097,0
1719,4113,0
1713,4130,0
1707,4152,0
1701,4185,0
1691,4215,0
1682,4249,0
1675,4290,0
1670,4327,0
1665,4356,0
1662,4380,0
1660,4397,0
1659,4401,0
1659,4401,0
1659,4401,0
1659,4389,0
1660,4373,0
1658,4356,0
1657,4340,0
1655,4328,0
1654,4325,0
1654,4325,0
1654,4325,0
1652,4325,0
1657,4328,0
1662,4332,0
1668,4331,0
1672,4326,0
1681,4326,0
1689,4320,0
1691,4307,1
1249,4161,0
1240,4153,0
1233,4141,0
1226,4133,0
1223,4130,0
1220,4126,0
1218,4118,0
1218,4118,0
1221,4114,1
1979,4349,0
1976,4345,0
1974,4345,0
1976,4349,0
1976,4345,0
1976,4349,0
1976,4357,0
1975,4370,0
1973,4391,0
1971,4416,0
1969,4437,0
1970,4457,0
1973,4473,0
1977,4480,0
1983,4483,0
1993,4480,0
2003,4466,0
2016,4451,0
2027,4428,0
2040,4401,0
2053,4369,0
2064,4333,0
2076,4295,0
2094,4261,0
2106,4225,0
2116,4189,0
2128,4165,0
2135,4139,0
2143,4120,0
2149,4110,0
2151,4109,0
2151,4109,0
2152,4113,0
2149,4126,0
2149,4147,0
2147,4173,0
2144,4207,0
2140,4241,0
2134,4275,0
2133,4309,0
2128,4351,0
2124,4385,0
2121,4415,0
2119,4439,0
2119,4456,0
2122,4468,0
2125,4471,0
2129,4466,0
2135,4452,0
2143,4434,0
2152,4406,0
2162,4372,0
2176,4335,0
2190,4298,0
2204,4261,0
2217,4224,0
2230,4187,0
2244,4158,0
2255,4134,0
2264,4119,0
2270,4114,0
2275,4116,0
2277,4119,0
2277,4131,0
2278,4156,0
2274,4183,0
2273,4217,0
2268,4246,0
2263,4278,0
2264,4314,0
2262,4345,0
2262,4369,0
2266,4393,0
2270,4405,0
2276,4411,0
2284,4413,0
2294,4410,0
2304,4403,0
2315,4388,0
2326,4367,0
2336,4348,0
2345,4324,0
2355,4304,0
2362,4285,0
2371,4274,0
2376,4264,0
2380,4259,0
2380,4255,0
2380,4255,0
2381,4258,0
2379,4267,0
2377,4280,0
2376,4298,0
2374,4315,0
2373,4337,0
2371,4354,0
2372,4374,0
2373,4391,0
2377,4406,0
2380,4413,0
2386,4420,0
2392,4422,0
2398,4420,0
2406,4414,0
2416,4407,0
2426,4396,0
2434,4377,0
2444,4360,0
2453,4340,0
2464,4324,0
2474,4308,0
2480,4293,0
2489,4286,0
2493,4280,0
2495,4280,0
2497,4283,0
2500,4295,0
2500,4307,0
2502,4324,0
2502,4341,0
2500,4354,0
2502,4370,0
2506,4382,0
2509,4385,0
2514,4387,0
2517,4382,0
2524,4375,0
2533,4364,0
2543,4348,0
2552,4332,0
2563,4319,0
2569,4300,0
2577,4289,0
2585,4286,0
2589,4285,0
2591,4284,0
2594,4287,0
2597,4298,0
2596,4307,0
2598,4324,0
2596,4338,0
2594,4355,0
2592,4368,0
2596,4388,0
2598,4401,0
2599,4408,0
2601,4412,0
2607,4418,0
2613,4420,0
2618,4414,0
2627,4411,0
2635,4404,0
2645,4396,0
2652,4380,0
2665,4372,0
2673,4351,0
2683,4338,0
2692,4326,0
2698,4311,0
2705,4300,0
2710,4294,0
2712,4293,0
2709,4290,0
2711,4293,0
2707,4295,0
2707,4308,0
2703,4318,0
2700,4332,0
2697,4346,0
2697,4364,0
2694,4374,0
2695,4390,0
2696,4398,0
2698,4406,0
2701,4409,0
2707,4411,0
2717,4412,0
2722,4405,0
2734,4400,0
2743,4388,0
2755,4374,0
2768,4357,0
2782,4338,0
2796,4320,0
2809,4301,0
2823,4287,0
2835,4277,0
2844,4269,0
2853,4270,0
2856,4268,0
2859,4271,0
2863,4287,0
2861,4301,0
2859,4319,0
2854,4339,0
2845,4355,0
2837,4376,0
2827,4389,0
2818,4406,0
2809,4418,0
2801,4421,0
2797,4423,0
2799,4427,0
2801,4425,0
2808,4422,0
2817,4415,0
2828,4402,0
2844,4391,0
2863,4379,0
2877,4355,0
2897,4338,0
2909,4306,0
2926,4281,0
2941,4248,0
2958,4218,0
2972,4185,0
2984,4157,0
2994,4131,0
3005,4116,0
3011,4104,0
3015,4102,0
3015,4102,0
3014,4111,0
3014,4134,0
3008,4159,0
3002,4193,0
2994,4228,0
2988,4270,0
2980,4305,0
2971,4336,0
2963,4361,0
2959,4380,0
2953,4388,0
2951,4393,0
2946,4390,0
2941,4384,0
2942,4374,0
2943,4365,0
2946,4365,0
2948,4363,0
2953,4365,0
2957,4368,0
2962,4374,0
2971,4384,0
2979,4389,0
2989,4393,0
3001,4396,0
3013,4391,0
3026,4385,0
3038,4374,0
3052,4364,0
3063,4350,0
3072,4336,0
3077,4321,0
3081,4311,0
3083,4304,0
3079,4298,0
3079,4298,0
3074,4297,0
3066,4295,0
3063,4302,0
3057,4309,0
3051,4321,0
3045,4336,0
3045,4359,0
3043,4372,0
3045,4389,0
3048,4401,0
3059,4413,0
3065,4415,0
3076,4415,0
3089,4413,0
3102,4403,0
3116,4391,0
3128,4377,0
3141,4361,0
3154,4346,0
3165,4331,0
3173,4323,0
3179,4316,0
3184,4318,0
3185,4316,0
3187,4324,0
3186,4334,0
3188,4356,0
3185,4375,0
3181,4396,0
3181,4408,0
3179,4409,0
3181,4408,0
3180,4404,0
3181,4390,0
3184,4367,0
3191,4340,0
3199,4319,0
3210,4309,0
3214,4302,0
3216,4301,0
3223,4302,0
3230,4307,0
3234,4310,1
2747,4154,0
2745,4155,0
2739,4149,0
2737,4150,0
2733,4147,0
2726,4140,0
2717,4132,0
2707,4127,0
2696,4123,1
2372,4127,0
2366,4129,0
2359,4127,0
2355,4124,0
2353,4121,0
2352,4121,0
2352,4121,0
2351,4117,0
2352,4112,1
3299,4466,0
3300,4464,0
3300,4464,0
3303,4468,0
3302,4468,0
3299,4466,0
3300,4468,0
3298,4466,0
3298,4466,1