in a quiff. He wore spectacles
532
395,2044,0
386,2045,0
390,2042,0
394,2061,0
395,2091,0
396,2130,0
400,2169,0
404,2208,0
410,2239,0
414,2266,0
417,2287,0
419,2297,0
421,2285,1
442,2027,0
450,2012,0
450,2000,0
456,1997,0
456,1997,1
639,2202,0
648,2224,0
661,2239,0
582,2238,0
582,2242,0
672,2261,0
671,2258,0
596,2229,0
600,2201,0
592,2174,0
576,2142,0
593,2125,0
610,2113,0
622,2116,0
635,2131,0
646,2150,0
655,2176,0
666,2195,0
685,2219,0
712,2224,0
748,2222,1
1117,2065,0
1109,2060,0
1096,2069,0
1076,2089,0
1052,2117,0
1035,2157,0
1023,2188,0
1020,2196,0
1023,2196,0
1035,2196,0
1048,2181,0
1064,2161,0
1076,2141,0
1083,2117,0
1093,2105,0
1095,2093,0
1097,2092,0
1105,2101,0
1117,2116,0
1133,2144,0
1150,2167,0
1167,2187,0
1184,2206,0
1193,2214,0
1200,2221,1
1832,2074,0
1819,2058,0
1805,2050,0
1788,2048,0
1767,2055,0
1746,2076,0
1730,2102,0
1722,2126,0
1726,2150,0
1737,2168,0
1751,2176,0
1771,2181,0
1787,2176,0
1804,2162,0
1823,2145,0
1838,2128,0
1850,2123,0
1849,2119,0
1852,2126,0
1853,2152,0
1853,2194,0
1855,2257,0
1857,2325,0
1857,2388,0
1853,2437,0
1855,2478,0
1855,2503,0
1859,2515,0
1862,2509,1
1960,2062,0
1968,2049,0
1976,2046,0
1976,2046,0
1975,2051,0
1976,2073,0
1976,2099,0
1983,2122,0
1985,2125,0
1995,2130,0
2004,2130,0
2012,2122,0
2018,2106,0
2027,2088,0
2032,2067,0
2039,2055,0
2040,2050,0
2046,2056,0
2056,2077,0
2063,2101,0
2072,2128,0
2083,2145,0
2089,2146,0
2100,2141,0
2118,2135,1
2176,2049,0
2188,2042,0
2194,2043,0
2203,2056,0
2205,2074,0
2208,2099,0
2210,2121,0
2213,2138,0
2211,2145,0
2207,2142,0
2210,2140,0
2214,2129,1
2203,1915,0
2201,1911,0
2204,1910,0
2210,1915,0
2215,1921,1
2282,1959,0
2302,1946,0
2321,1923,0
2339,1895,0
2353,1864,0
2362,1838,0
2364,1816,0
2362,1807,0
2363,1812,0
2351,1821,0
2340,1844,0
2333,1884,0
2334,1948,0
2343,2024,0
2350,2096,0
2356,2164,0
2361,2222,0
2364,2268,0
2363,2297,0
2353,2302,1
2318,2169,0
2334,2145,0
2361,2118,0
2396,2090,0
2425,2055,0
2458,2020,0
2483,1977,0
2499,1928,0
2511,1886,0
2513,1854,0
2508,1832,0
2496,1821,0
2482,1823,0
2464,1838,0
2446,1869,0
2436,1917,0
2436,1978,0
2446,2044,0
2467,2113,0
2482,2166,0
2490,2200,0
2489,2220,0
2489,2234,0
2481,2235,1
2402,2129,0
2403,2128,0
2417,2123,0
2433,2118,0
2448,2111,0
2458,2105,0
2474,2104,0
2485,2100,1
2574,2098,0
2575,2097,0
2576,2096,0
2572,2094,0
2572,2095,0
2559,2089,0
2554,2089,0
2552,2091,1
2938,1800,0
2937,1802,0
2933,1806,0
2936,1827,0
2932,1860,0
2933,1906,0
2931,1960,0
2928,2016,0
2925,2068,0
2924,2114,0
2923,2154,0
2918,2186,0
2915,2204,1
3057,1872,0
3059,1862,0
3066,1866,0
3071,1873,0
3074,1894,0
3076,1928,0
3076,1970,0
3078,2016,0
3083,2058,0
3081,2087,0
3074,2106,0
3073,2120,0
3064,2117,1
2953,2036,0
2953,2036,0
2954,2035,0
2963,2037,0
2986,2043,0
3023,2055,0
3062,2062,0
3093,2057,0
3132,2051,0
3167,2043,0
3192,2031,0
3211,2017,0
3212,1996,0
3209,1983,0
3195,1981,0
3177,1995,0
3155,2019,0
3141,2053,0
3136,2087,0
3150,2113,0
3173,2125,0
3206,2129,0
3240,2123,0
3276,2112,1
3448,1993,0
3444,2003,0
3452,2026,0
3458,2050,0
3468,2070,0
3481,2079,0
3492,2078,0
3510,2074,0
3523,2064,0
3533,2051,0
3544,2037,0
3551,2027,0
3554,2024,0
3560,2030,0
3571,2048,0
3579,2070,0
3594,2091,0
3612,2101,0
3636,2101,0
3662,2086,0
3684,2064,0
3695,2035,0
3705,2007,0
3704,1981,0
3696,1958,0
3684,1945,0
3680,1945,0
3673,1948,0
3682,1963,1
3750,2005,0
3761,2002,0
3766,2002,0
3770,2005,0
3767,2015,0
3763,2035,0
3763,2056,0
3771,2073,0
3790,2080,0
3809,2075,0
3822,2062,0
3829,2045,0
3831,2028,0
3826,2007,0
3819,1988,0
3806,1972,0
3795,1968,0
3775,1969,0
3764,1979,0
3756,1996,1
3855,2071,0
3880,2077,0
3893,2080,0
3901,2082,0
3902,2081,0
3901,2082,0
3895,2077,0
3892,2067,0
3877,2046,0
3875,2028,0
3876,2018,0
3879,2014,0
3888,2014,0
3909,2019,0
3926,2023,0
3960,2029,0
3985,2026,0
4010,2018,0
4018,2005,0
4028,1997,0
4038,1988,0
4034,1972,0
4020,1956,0
4005,1950,0
3990,1952,0
3988,1963,0
3986,1982,0
3992,2010,0
4007,2036,0
4022,2051,0
4046,2059,0
4069,2058,0
4099,2056,0
4126,2053,0
4150,2051,0
4170,2049,1
4531,1874,0
4536,1863,0
4533,1858,0
4529,1858,0
4512,1865,0
4497,1887,0
4490,1911,0
4486,1934,0
4498,1954,0
4517,1973,0
4531,1988,0
4544,2005,0
4546,2020,0
4540,2038,0
4514,2060,0
4480,2081,0
4446,2100,0
4418,2110,0
4398,2109,0
4402,2104,0
4415,2083,1
4591,2012,0
4597,2032,0
4607,2066,0
4618,2113,0
4620,2159,0
4628,2207,0
4628,2241,0
4623,2263,0
4620,2277,0
4623,2281,0
4612,2275,0
4607,2261,0
4586,2226,0
4570,2181,0
4562,2139,0
4560,2093,0
4570,2050,0
4592,2007,0
4620,1963,0
4654,1930,0
4685,1911,0
4709,1911,0
4715,1915,0
4714,1928,0
4709,1947,0
4693,1968,0
4677,1992,0
4659,2010,0
4645,2019,0
4647,2025,0
4652,2024,0
4663,2019,1
4782,1979,0
4806,1975,0
4822,1961,0
4845,1950,0
4861,1934,0
4863,1920,0
4859,1908,0
4845,1903,0
4829,1908,0
4805,1922,0
4794,1944,0
4777,1971,0
4770,1993,0
4775,2012,0
4782,2022,0
4801,2029,0
4821,2028,0
4849,2025,0
4875,2016,0
4905,2010,1
5031,1966,0
5031,1968,0
5015,1972,0
4988,1982,0
4960,1996,0
4941,2017,0
4933,2034,0
4941,2053,0
4962,2065,0
4996,2069,0
5029,2065,0
5059,2056,0
5084,2041,0
5113,2027,0
5128,2005,0
5138,1973,1
5086,1829,0
5087,1828,0
5102,1834,0
5113,1849,0
5122,1876,0
5125,1911,0
5127,1956,0
5132,2005,0
5134,2039,0
5137,2063,0
5140,2073,0
5146,2078,1
5090,2010,0
5091,2007,0
5098,2002,0
5113,1998,0
5132,1995,0
5155,1993,0
5187,1990,0
5219,1985,1
5311,1974,0
5320,1973,0
5313,1971,0
5313,1971,0
5303,1972,0
5281,1976,0
5257,1988,0
5234,2002,0
5221,2014,0
5211,2025,0
5216,2041,0
5216,2052,0
5233,2062,0
5255,2063,0
5282,2061,0
5304,2051,0
5327,2038,0
5344,2021,0
5353,2000,0
5360,1983,0
5359,1976,0
5354,1976,0
5354,1978,0
5346,1986,0
5347,2004,0
5355,2025,0
5357,2041,0
5363,2057,0
5371,2069,0
5377,2075,0
5395,2075,0
5416,2066,1
5522,1968,0
5518,1968,0
5508,1969,0
5488,1977,0
5476,1996,0
5470,2022,0
5472,2048,0
5481,2067,0
5497,2079,0
5515,2079,0
5540,2070,0
5567,2049,1
5617,1784,0
5619,1771,0
5623,1770,0
5626,1775,0
5630,1797,0
5636,1828,0
5640,1863,0
5642,1903,0
5651,1947,0
5657,1988,0
5660,2019,0
5670,2040,0
5682,2051,1
5769,2019,0
5782,2007,0
5799,1997,0
5819,1991,0
5827,1978,0
5831,1969,0
5830,1960,0
5821,1952,0
5808,1951,0
5789,1954,0
5772,1966,0
5761,1984,0
5757,2007,0
5761,2028,0
5779,2046,0
5809,2059,0
5834,2061,0
5865,2058,0
5894,2050,0
5917,2036,1
6008,1927,0
6009,1925,0
6009,1925,0
5996,1927,0
5975,1937,0
5958,1949,0
5956,1966,0
5963,1981,0
5979,1998,0
6003,2014,0
6023,2026,0
6034,2034,0
6037,2038,0
6034,2043,0
6013,2053,0
5984,2063,1